step,best_fitness,avg_hamming,avg_l1,avg_entropy,mean,median,std,2%,5%,10%,25%,50%,75%,90%,95%,98%
60,-0.5555709600448608,63.96906280517578,4.094695091247559,88.48655128479004,0.5555710196495056,0.5554603338241577,0.0133238285779953,0.5345889329910278,0.5365021824836731,0.5395271182060242,0.5452417731285095,0.5554603338241577,0.5654611587524414,0.5726898312568665,0.5790743231773376,0.5863058567047119
120,-0.5615306496620178,63.961448669433594,4.196567058563232,88.46814155578613,0.5615307092666626,0.5603748559951782,0.011868766508996487,0.5416872501373291,0.5456502437591553,0.5478458404541016,0.5517794489860535,0.5603748559951782,0.568724513053894,0.5760342478752136,0.5856448411941528,0.5889860391616821
180,-0.5653855204582214,63.9512939453125,4.283248424530029,88.44851112365723,0.5653854608535767,0.5642802715301514,0.01287101674824953,0.544493556022644,0.5481859445571899,0.549357533454895,0.5555834770202637,0.5642802715301514,0.5735166072845459,0.5843520164489746,0.588945746421814,0.5924895405769348
240,-0.5668414831161499,63.93882751464844,4.38008451461792,88.42566299438477,0.5668414831161499,0.5659008026123047,0.012377386912703514,0.5468021631240845,0.5488539338111877,0.5514234900474548,0.5584092140197754,0.5659008026123047,0.5738059282302856,0.5855206847190857,0.588945746421814,0.5924895405769348
300,-0.5691604018211365,63.92414474487305,4.461394309997559,88.4019889831543,0.5691604614257812,0.5693029761314392,0.011658736504614353,0.5499736070632935,0.5521233677864075,0.5540919899940491,0.56012362241745,0.5693029761314392,0.5755118131637573,0.585660457611084,0.5896036624908447,0.5924895405769348
360,-0.5712519884109497,63.90773010253906,4.5404863357543945,88.37656021118164,0.5712520480155945,0.5715228319168091,0.012013795785605907,0.5514099597930908,0.552969753742218,0.5543928742408752,0.5610925555229187,0.5715228319168091,0.5791535973548889,0.5861101746559143,0.5908236503601074,0.5926938652992249
420,-0.5725514888763428,63.88823699951172,4.622382164001465,88.34811401367188,0.5725514888763428,0.5721046328544617,0.01123410277068615,0.5529954433441162,0.554149866104126,0.5575227737426758,0.5651389360427856,0.5721046328544617,0.580742597579956,0.5861101746559143,0.5908236503601074,0.5926938652992249
480,-0.5735604763031006,63.865806579589844,4.700716972351074,88.3164005279541,0.5735605359077454,0.5732163190841675,0.01086282916367054,0.5541505813598633,0.5571115016937256,0.5593737959861755,0.5652182102203369,0.5732163190841675,0.5812837481498718,0.5869218707084656,0.5908236503601074,0.5926938652992249
540,-0.5746318101882935,63.841094970703125,4.777838706970215,88.2828254699707,0.5746318101882935,0.5750853419303894,0.010553187690675259,0.5541505813598633,0.5571131706237793,0.5596926808357239,0.5668216347694397,0.5750853419303894,0.5817340612411499,0.5869969725608826,0.5908236503601074,0.5926938652992249
600,-0.57610684633255,63.814083099365234,4.843648433685303,88.24747085571289,0.57610684633255,0.5760101675987244,0.010469143278896809,0.5569162964820862,0.5584174990653992,0.5629187822341919,0.56780606508255,0.5760101675987244,0.5839581489562988,0.5895423889160156,0.5917354822158813,0.5958353877067566
660,-0.576961874961853,63.786006927490234,4.9190778732299805,88.21006774902344,0.576961874961853,0.5769336223602295,0.010425824671983719,0.5569162964820862,0.5586118698120117,0.5649065375328064,0.5693443417549133,0.5769336223602295,0.5843275189399719,0.5896008610725403,0.5924898386001587,0.5980643630027771
720,-0.5778339505195618,63.755714416503906,4.985760688781738,88.17139053344727,0.5778339505195618,0.5781370997428894,0.009992163628339767,0.558449923992157,0.5626456141471863,0.5652641654014587,0.5699256062507629,0.5781370997428894,0.585063099861145,0.5899866223335266,0.5925456881523132,0.5980643630027771
780,-0.5786806344985962,63.72126388549805,5.043078422546387,88.12912559509277,0.5786807537078857,0.5790903568267822,0.009508899413049221,0.5614337921142578,0.5636489987373352,0.5663893222808838,0.5719963312149048,0.5790903568267822,0.585063099861145,0.5899866223335266,0.5925456881523132,0.5980643630027771
840,-0.5794528722763062,63.685882568359375,5.110867500305176,88.08472442626953,0.5794528722763062,0.5805062651634216,0.009035773575305939,0.5626814365386963,0.5651445984840393,0.5673244595527649,0.573341965675354,0.5805062651634216,0.5852524638175964,0.5908246636390686,0.5934727787971497,0.5980643630027771
900,-0.5801545977592468,63.649436950683594,5.173409461975098,88.04006004333496,0.5801546573638916,0.5809988975524902,0.008979937061667442,0.5637030601501465,0.5652670860290527,0.5676244497299194,0.5734801888465881,0.5809988975524902,0.5857139229774475,0.5909015536308289,0.5941122174263,0.5980643630027771
960,-0.58124840259552,63.61100769042969,5.233448028564453,87.99381256103516,0.5812484622001648,0.581344485282898,0.00957961194217205,0.5637030601501465,0.5664072036743164,0.5676568746566772,0.5738786458969116,0.581344485282898,0.588496208190918,0.5925847887992859,0.5965614914894104,0.6033072471618652
1020,-0.5824010968208313,63.56969451904297,5.2904887199401855,87.94450950622559,0.5824010968208313,0.5821670293807983,0.010026641190052032,0.5651820302009583,0.5671914219856262,0.5688895583152771,0.5751215815544128,0.5821670293807983,0.5894602537155151,0.5955777168273926,0.6022993326187134,0.603573203086853
1080,-0.583065390586853,63.52490997314453,5.351606369018555,87.8909740447998,0.583065390586853,0.5831575393676758,0.010110226459801197,0.565200924873352,0.5673204064369202,0.569773256778717,0.5753060579299927,0.5831575393676758,0.5895467400550842,0.5970236659049988,0.6028867363929749,0.6040189266204834
1140,-0.5844721794128418,63.480064392089844,5.413053035736084,87.83730697631836,0.5844721794128418,0.5846036672592163,0.009894589893519878,0.5671465992927551,0.5686850547790527,0.5720317959785461,0.5781147480010986,0.5846036672592163,0.5896050930023193,0.5977102518081665,0.6033151149749756,0.605065643787384
1200,-0.5853560566902161,63.4337272644043,5.470783233642578,87.78271675109863,0.5853561162948608,0.5853060483932495,0.00984327495098114,0.5676330327987671,0.5690230131149292,0.5725814700126648,0.579914391040802,0.5853060483932495,0.5907042026519775,0.5982739925384521,0.6033151149749756,0.605065643787384
1260,-0.5859829783439636,63.38529586791992,5.525205135345459,87.72630500793457,0.5859830379486084,0.5860559940338135,0.009650531224906445,0.5676330327987671,0.5694009065628052,0.5734686851501465,0.5805263519287109,0.5860559940338135,0.5908277630805969,0.5982739925384521,0.6033151149749756,0.605065643787384
1320,-0.586974024772644,63.3350830078125,5.5808210372924805,87.66772270202637,0.5869740843772888,0.5869704484939575,0.010248810984194279,0.568571150302887,0.5706266164779663,0.5734686851501465,0.5806318521499634,0.5869704484939575,0.5923494100570679,0.6023215055465698,0.6035862565040588,0.609070360660553
1380,-0.5873408317565918,63.281951904296875,5.6304779052734375,87.60634231567383,0.5873408913612366,0.5871579051017761,0.010165293700993061,0.568571150302887,0.5706266164779663,0.5749884843826294,0.5806318521499634,0.5871579051017761,0.5924060940742493,0.6023215055465698,0.6035862565040588,0.609070360660553
1440,-0.5879047513008118,63.22651290893555,5.68441915512085,87.54220771789551,0.587904691696167,0.5881649851799011,0.009862909093499184,0.568571150302887,0.5709274411201477,0.5755478739738464,0.581231951713562,0.5881649851799011,0.5924863815307617,0.6023215055465698,0.6035862565040588,0.609070360660553
1500,-0.5891353487968445,63.168392181396484,5.744725227355957,87.4741325378418,0.5891353487968445,0.5894611477851868,0.009552666917443275,0.568571150302887,0.574845016002655,0.5772622227668762,0.5832335948944092,0.5894611477851868,0.5939600467681885,0.6028808951377869,0.6050488352775574,0.609070360660553
1560,-0.5895864963531494,63.1074333190918,5.7941484451293945,87.40473937988281,0.5895864367485046,0.5897734761238098,0.009392938576638699,0.5709607601165771,0.5751265287399292,0.5781275629997253,0.583566427230835,0.5897734761238098,0.5939600467681885,0.6030526757240295,0.6062895655632019,0.609070360660553
1620,-0.5900310277938843,63.04380798339844,5.852367401123047,87.3315258026123,0.5900310277938843,0.5900561809539795,0.009236973710358143,0.5710113644599915,0.5751265287399292,0.5783584117889404,0.5838561058044434,0.5900561809539795,0.5945601463317871,0.6033282279968262,0.6062895655632019,0.609070360660553
1680,-0.5914890766143799,62.97917938232422,5.90637731552124,87.25740623474121,0.5914890766143799,0.5903395414352417,0.0093967504799366,0.5748744010925293,0.5778008103370667,0.5805193185806274,0.5858360528945923,0.5903395414352417,0.5957179069519043,0.6045004725456238,0.6069043874740601,0.6113665699958801
1740,-0.5920631885528564,62.91227722167969,5.962821006774902,87.18067359924316,0.5920631885528564,0.5907769203186035,0.009153145365417004,0.5751338601112366,0.5781452655792236,0.5812360048294067,0.5862991809844971,0.5907769203186035,0.5970221757888794,0.6045004725456238,0.6069043874740601,0.6113665699958801
1800,-0.5934791564941406,62.844390869140625,6.013548851013184,87.10335922241211,0.5934792160987854,0.5923594832420349,0.008303559385240078,0.578599750995636,0.581132709980011,0.5826199650764465,0.5883890986442566,0.5923594832420349,0.5980810523033142,0.6045004725456238,0.6069043874740601,0.6113665699958801
1860,-0.5946319699287415,62.77496337890625,6.064623832702637,87.0244140625,0.5946319699287415,0.5936922430992126,0.008424275554716587,0.578599750995636,0.5812345147132874,0.5852922201156616,0.5893808603286743,0.5936922430992126,0.599127471446991,0.6051129102706909,0.6079654097557068,0.6140806078910828
1920,-0.5950824022293091,62.70794677734375,6.111962795257568,86.94851875305176,0.5950824618339539,0.5939317941665649,0.008532683365046978,0.578599750995636,0.5812345147132874,0.5852922201156616,0.589962363243103,0.5939317941665649,0.6000471115112305,0.6063134074211121,0.6091389656066895,0.6140806078910828
1980,-0.5954107642173767,62.6348876953125,6.159488677978516,86.86568260192871,0.5954107642173767,0.5942842364311218,0.008563591167330742,0.5786133408546448,0.5812345147132874,0.5859566926956177,0.5900116562843323,0.5942842364311218,0.6004252433776855,0.6067546606063843,0.609948456287384,0.6140806078910828
2040,-0.5960628986358643,62.55842590332031,6.210355758666992,86.77903175354004,0.5960628986358643,0.5950983762741089,0.008474784903228283,0.5805052518844604,0.5817126631736755,0.5876287221908569,0.590566873550415,0.5950983762741089,0.6009225249290466,0.6069508790969849,0.6113516092300415,0.6165550351142883
2100,-0.5975696444511414,62.481990814208984,6.262743949890137,86.69213485717773,0.5975696444511414,0.5969704389572144,0.008456348441541195,0.5817273259162903,0.5860190987586975,0.5887349247932434,0.5913437604904175,0.5969704389572144,0.6024184226989746,0.6090682744979858,0.6121844053268433,0.6165550351142883
2160,-0.5978814959526062,62.400482177734375,6.304332733154297,86.60146903991699,0.597881555557251,0.5974444150924683,0.008331074379384518,0.5817273259162903,0.5860190987586975,0.5893218517303467,0.5917787551879883,0.5974444150924683,0.6024184226989746,0.6090682744979858,0.6121844053268433,0.6165550351142883
2220,-0.5988448262214661,62.31848907470703,6.351737022399902,86.50900840759277,0.5988448262214661,0.5979639291763306,0.008261214941740036,0.582324206829071,0.5887084007263184,0.5901178121566772,0.5928328633308411,0.5979639291763306,0.603094220161438,0.6095156669616699,0.6140755414962769,0.6181194186210632
2280,-0.5993086695671082,62.23318099975586,6.3950700759887695,86.4134349822998,0.5993086695671082,0.5982483625411987,0.008393129333853722,0.582324206829071,0.5896201729774475,0.5901840925216675,0.5929595828056335,0.5982483625411987,0.6041110754013062,0.6099992990493774,0.61565762758255,0.6181542277336121
2340,-0.6003612279891968,62.147491455078125,6.434481620788574,86.31758117675781,0.6003612875938416,0.5992527604103088,0.008320830762386322,0.5850623250007629,0.5901279449462891,0.591322660446167,0.5943418741226196,0.5992527604103088,0.6058494448661804,0.6112016439437866,0.6171567440032959,0.6181542277336121
2400,-0.6007372140884399,62.06100082397461,6.474698066711426,86.22155570983887,0.6007372140884399,0.5995602607727051,0.008022951893508434,0.5888180732727051,0.5901858806610107,0.59148770570755,0.5951337814331055,0.5995602607727051,0.6061431765556335,0.6112016439437866,0.6171567440032959,0.6181542277336121
2460,-0.6020889282226562,61.969722747802734,6.527091979980469,86.11857223510742,0.602088987827301,0.6013091206550598,0.008436858654022217,0.5901369452476501,0.5913241505622864,0.591911256313324,0.5956422090530396,0.6013091206550598,0.6070871949195862,0.6134324073791504,0.6180962324142456,0.6202717423439026
2520,-0.6024791598320007,61.87752914428711,6.570266246795654,86.01555633544922,0.6024792194366455,0.6018418669700623,0.008459939621388912,0.5901369452476501,0.5913241505622864,0.591911256313324,0.5957147479057312,0.6018418669700623,0.6077933311462402,0.6134324073791504,0.6180962324142456,0.6202717423439026
2580,-0.6030452251434326,61.782745361328125,6.612468719482422,85.90950393676758,0.6030452251434326,0.6019183397293091,0.009054582566022873,0.5902760028839111,0.5913241505622864,0.5923135876655579,0.5957147479057312,0.6019183397293091,0.6079210042953491,0.6141521334648132,0.6182150840759277,0.6242890357971191
2640,-0.6037210822105408,61.68401336669922,6.659270763397217,85.79853820800781,0.6037211418151855,0.6028693914413452,0.008864104747772217,0.5905851721763611,0.5913702845573425,0.5925742387771606,0.5974338054656982,0.6028693914413452,0.6079696416854858,0.6156880259513855,0.6201016306877136,0.6242890357971191
2700,-0.604229211807251,61.58787536621094,6.704259395599365,85.69026184082031,0.604229211807251,0.6029965877532959,0.008794371038675308,0.5912755131721497,0.5914983153343201,0.5926086902618408,0.5978255271911621,0.6029965877532959,0.6089656352996826,0.6156880259513855,0.6201016306877136,0.6242890357971191
2760,-0.6049651503562927,61.48383331298828,6.747230052947998,85.57368087768555,0.6049651503562927,0.6037271022796631,0.0087452232837677,0.5913507342338562,0.5923788547515869,0.5938542485237122,0.5987841486930847,0.6037271022796631,0.6095371246337891,0.6171292662620544,0.6201453804969788,0.6242890357971191
2820,-0.6062002182006836,61.385169982910156,6.790948867797852,85.46288108825684,0.6062002778053284,0.6058841943740845,0.008805491030216217,0.5923430919647217,0.5936889052391052,0.5964202880859375,0.6004774570465088,0.6058841943740845,0.6114770174026489,0.6173940300941467,0.6225420832633972,0.6267164945602417
2880,-0.606634795665741,61.274871826171875,6.836360931396484,85.33935546875,0.6066348552703857,0.6062113642692566,0.008805987425148487,0.5923430919647217,0.594147801399231,0.5966142416000366,0.600564181804657,0.6062113642692566,0.611682116985321,0.6180828809738159,0.6232345700263977,0.6267164945602417
2940,-0.6072840094566345,61.17008590698242,6.878114700317383,85.2219295501709,0.6072839498519897,0.6070045232772827,0.008641921915113926,0.5923430919647217,0.5948279500007629,0.5973021388053894,0.6010919809341431,0.6070045232772827,0.6118946671485901,0.6181753873825073,0.6232345700263977,0.6267164945602417
3000,-0.608444333076477,61.0612907409668,6.920379638671875,85.10002899169922,0.6084443926811218,0.607808530330658,0.008942135609686375,0.5923430919647217,0.5948279500007629,0.597832202911377,0.6028508543968201,0.607808530330658,0.6139441132545471,0.6196664571762085,0.6242423057556152,0.6296126842498779
3060,-0.6090671420097351,60.9464225769043,6.9591169357299805,84.97205543518066,0.6090671420097351,0.6078585982322693,0.009617295116186142,0.5923793315887451,0.5961909890174866,0.5981122255325317,0.6028629541397095,0.6078585982322693,0.6139441132545471,0.6204898357391357,0.6267671585083008,0.6347920298576355
3120,-0.6099886298179626,60.834930419921875,6.99713659286499,84.84741592407227,0.6099886298179626,0.6079843640327454,0.00970806647092104,0.5937187671661377,0.5978153944015503,0.5987975597381592,0.6030057668685913,0.6079843640327454,0.6156468987464905,0.6242431998252869,0.629000723361969,0.6347920298576355
3180,-0.6110411882400513,60.71845626831055,7.039708614349365,84.7166519165039,0.6110411286354065,0.6088476181030273,0.009698414243757725,0.5962288975715637,0.5978153944015503,0.5987975597381592,0.604157030582428,0.6088476181030273,0.6169642210006714,0.6246770024299622,0.629000723361969,0.6347920298576355
3240,-0.6117864847183228,60.602134704589844,7.073139190673828,84.58694839477539,0.6117864847183228,0.610617995262146,0.00970782246440649,0.5962288975715637,0.598058819770813,0.5988730192184448,0.6052563190460205,0.610617995262146,0.6175997853279114,0.625003457069397,0.629000723361969,0.6347920298576355
3300,-0.6124078035354614,60.48429489135742,7.11439847946167,84.45413208007812,0.6124078631401062,0.6117483377456665,0.009738275781273842,0.5973737835884094,0.598114550113678,0.5989953279495239,0.6056795716285706,0.6117483377456665,0.6182680726051331,0.625489354133606,0.6296696662902832,0.6347920298576355
3360,-0.6126244068145752,60.36714172363281,7.152314186096191,84.32271003723145,0.6126244068145752,0.6123071908950806,0.009716048836708069,0.5973737835884094,0.598114550113678,0.5989953279495239,0.6056795716285706,0.6123071908950806,0.6187443137168884,0.625489354133606,0.6296696662902832,0.6347920298576355
3420,-0.6133270859718323,60.24456024169922,7.197167873382568,84.18404579162598,0.6133270859718323,0.6123071908950806,0.009994360618293285,0.5973737835884094,0.5981980562210083,0.5999106168746948,0.6070458292961121,0.6123071908950806,0.6189518570899963,0.6265909075737,0.6315807104110718,0.6355177164077759
3480,-0.6142423748970032,60.118438720703125,7.236225128173828,84.04208183288574,0.6142423748970032,0.6124996542930603,0.010313697159290314,0.5978344082832336,0.5984381437301636,0.6020228862762451,0.6072918176651001,0.6124996542930603,0.6208176016807556,0.6274714469909668,0.6336579918861389,0.6388016939163208
3540,-0.6151435971260071,59.99053192138672,7.272126197814941,83.89904594421387,0.6151435971260071,0.6140413284301758,0.010294533334672451,0.5981975793838501,0.5987372994422913,0.6023553013801575,0.6076736450195312,0.6140413284301758,0.6226170659065247,0.6274924874305725,0.6336579918861389,0.6388016939163208
3600,-0.6156997084617615,59.857078552246094,7.308422088623047,83.7495174407959,0.6156997084617615,0.6151910424232483,0.010186784900724888,0.5981975793838501,0.5987372994422913,0.6027693152427673,0.6085737943649292,0.6151910424232483,0.623744010925293,0.6274924874305725,0.6336579918861389,0.6388016939163208
3660,-0.616525411605835,59.722503662109375,7.342950344085693,83.59955215454102,0.6165254712104797,0.6160641312599182,0.010300551541149616,0.5981975793838501,0.5987372994422913,0.6040214896202087,0.6088136434555054,0.6160641312599182,0.6241008639335632,0.6289892196655273,0.6348122358322144,0.6412016749382019
3720,-0.6171466112136841,59.58984375,7.376405715942383,83.45074462890625,0.6171466708183289,0.6164640784263611,0.010277394205331802,0.5984382629394531,0.5999478101730347,0.6040786504745483,0.6094810962677002,0.6164640784263611,0.6242457628250122,0.6291993856430054,0.6355442404747009,0.6412016749382019
3780,-0.6181231141090393,59.447349548339844,7.412189483642578,83.29089164733887,0.6181231141090393,0.6171170473098755,0.01048789918422699,0.5984899997711182,0.6026959419250488,0.6053789258003235,0.6110941171646118,0.6171170473098755,0.6245507597923279,0.6316869258880615,0.6387906670570374,0.6412016749382019
3840,-0.6183995604515076,59.304969787597656,7.447526454925537,83.13031196594238,0.6183995604515076,0.6175292134284973,0.010486790910363197,0.5984998941421509,0.6026959419250488,0.6053789258003235,0.6112313866615295,0.6175292134284973,0.624765157699585,0.6316869258880615,0.6387906670570374,0.6412016749382019
3900,-0.6188688278198242,59.16794967651367,7.486361503601074,82.97506713867188,0.6188687682151794,0.6184574365615845,0.010445287451148033,0.5984998941421509,0.6026959419250488,0.6061708331108093,0.6115343570709229,0.6184574365615845,0.6260767579078674,0.6316869258880615,0.6387906670570374,0.6412016749382019
3960,-0.6194504499435425,59.021400451660156,7.518424987792969,82.81036758422852,0.6194504499435425,0.619143009185791,0.0101844547316432,0.5996254682540894,0.6041139364242554,0.607259213924408,0.6116970181465149,0.619143009185791,0.6262470483779907,0.6337170004844666,0.6387906670570374,0.6412016749382019
4020,-0.6203712224960327,58.87650680541992,7.555750846862793,82.6472396850586,0.6203712224960327,0.6200807094573975,0.010316319763660431,0.5996254682540894,0.6041803359985352,0.6073254942893982,0.6136279702186584,0.6200807094573975,0.6267889142036438,0.6348458528518677,0.6387906670570374,0.6412016749382019
4080,-0.6216762661933899,58.730430603027344,7.581225395202637,82.48276710510254,0.6216762065887451,0.6208746433258057,0.010433757677674294,0.5996254682540894,0.6041803359985352,0.608695387840271,0.6149308085441589,0.6208746433258057,0.6281899213790894,0.6372554898262024,0.6387906670570374,0.6412016749382019
4140,-0.6225295662879944,58.57416534423828,7.616203308105469,82.30607032775879,0.6225296258926392,0.6213443279266357,0.01034985575824976,0.6000035405158997,0.6067848205566406,0.6096599698066711,0.615523636341095,0.6213443279266357,0.6296539306640625,0.6373183727264404,0.6387906670570374,0.6412118673324585
4200,-0.6230373978614807,58.41611862182617,7.646270751953125,82.12758445739746,0.6230372786521912,0.6231203079223633,0.010088547132909298,0.6000035405158997,0.6077443361282349,0.6116160154342651,0.6156458854675293,0.6231203079223633,0.6296539306640625,0.6373183727264404,0.6387906670570374,0.6412118673324585
4260,-0.6238407492637634,58.26500701904297,7.675343990325928,81.9571590423584,0.6238407492637634,0.624243438243866,0.010068681091070175,0.6023691296577454,0.6092919707298279,0.611947238445282,0.6158657073974609,0.624243438243866,0.630831241607666,0.6375260353088379,0.6395442485809326,0.6415900588035583
4320,-0.6250303387641907,58.105743408203125,7.70529842376709,81.77680587768555,0.6250303387641907,0.6247271299362183,0.00984271615743637,0.6040977239608765,0.6096734404563904,0.6119930744171143,0.6188225746154785,0.6247271299362183,0.6322911381721497,0.6376388669013977,0.6404092907905579,0.6431177258491516
4380,-0.6256757974624634,57.9539909362793,7.741691589355469,81.60374641418457,0.6256757974624634,0.6257568597793579,0.009933765977621078,0.6041455864906311,0.6096734404563904,0.613679826259613,0.6189903020858765,0.6257568597793579,0.6336891055107117,0.6379647850990295,0.6411925554275513,0.6441081166267395
4440,-0.6262814402580261,57.79783630371094,7.772014617919922,81.42654991149902,0.6262813806533813,0.6263976693153381,0.010105937719345093,0.6041455864906311,0.611236572265625,0.6137186884880066,0.6189903020858765,0.6263976693153381,0.6341640949249268,0.6383432149887085,0.6416364312171936,0.6458553075790405
4500,-0.6268528699874878,57.630393981933594,7.80509090423584,81.23532104492188,0.626852810382843,0.6266207695007324,0.009928816929459572,0.6093119978904724,0.6116076707839966,0.6142870187759399,0.6190635561943054,0.6266207695007324,0.635459303855896,0.6392307877540588,0.6416364312171936,0.6458553075790405
4560,-0.6274559497833252,57.4674186706543,7.837240219116211,81.04969215393066,0.6274559497833252,0.6269353032112122,0.009751200675964355,0.6095820069313049,0.6119492053985596,0.6155723929405212,0.6200580596923828,0.6269353032112122,0.6354853510856628,0.639260470867157,0.6424089670181274,0.6458553075790405
4620,-0.628631591796875,57.30293273925781,7.865246772766113,80.86330795288086,0.6286316514015198,0.6285743713378906,0.009348015300929546,0.6112855076789856,0.6125319600105286,0.6170982718467712,0.6219397783279419,0.6285743713378906,0.636009931564331,0.6393110752105713,0.6431522965431213,0.6458642482757568
4680,-0.6292133331298828,57.132667541503906,7.89923095703125,80.66797828674316,0.629213273525238,0.6290326118469238,0.00906667672097683,0.611982524394989,0.6147753596305847,0.6174720525741577,0.6219935417175293,0.6290326118469238,0.636009931564331,0.6393656134605408,0.6432403922080994,0.6468583345413208
4740,-0.6296520233154297,56.958770751953125,7.921197414398193,80.47102737426758,0.6296519637107849,0.6291261911392212,0.008799088187515736,0.6131036281585693,0.6156256794929504,0.6188277006149292,0.6225976347923279,0.6291261911392212,0.6362286806106567,0.6395704746246338,0.6432403922080994,0.6468583345413208
4800,-0.6308113932609558,56.7901725769043,7.950121879577637,80.27871513366699,0.6308113932609558,0.6293572187423706,0.008717745542526245,0.6156452894210815,0.6194327473640442,0.6208129525184631,0.6242444515228271,0.6293572187423706,0.636384904384613,0.6404990553855896,0.6458357572555542,0.6480339169502258
4860,-0.6313937902450562,56.60918426513672,7.972203254699707,80.07259941101074,0.6313937306404114,0.6298893690109253,0.008417184464633465,0.6194515228271484,0.6201642155647278,0.6213652491569519,0.6248369216918945,0.6298893690109253,0.6367031931877136,0.6412118077278137,0.6458357572555542,0.6480339169502258
4920,-0.6322110295295715,56.43085861206055,7.997201442718506,79.86873054504395,0.6322109699249268,0.6314662098884583,0.008800175040960312,0.6194515228271484,0.6206815838813782,0.6217362284660339,0.6255979537963867,0.6314662098884583,0.6373567581176758,0.6436467170715332,0.6477895379066467,0.6525561809539795
4980,-0.6327267289161682,56.24265670776367,8.025955200195312,79.65340232849121,0.6327267289161682,0.6321378350257874,0.00874172244220972,0.6194515228271484,0.6206815838813782,0.6217870116233826,0.6266136169433594,0.6321378350257874,0.6384115815162659,0.6436467170715332,0.6477895379066467,0.6525561809539795
5040,-0.6332329511642456,56.05988693237305,8.047037124633789,79.44426155090332,0.6332328915596008,0.6323144435882568,0.00892226304858923,0.6194515228271484,0.6206815838813782,0.6220439076423645,0.6268262267112732,0.6323144435882568,0.6392805576324463,0.6454270482063293,0.6479930877685547,0.6525561809539795
5100,-0.6338600516319275,55.86949920654297,8.076955795288086,79.2254467010498,0.6338601112365723,0.6331472396850586,0.008746741339564323,0.6196560859680176,0.6217886805534363,0.6233335733413696,0.6270207166671753,0.6331472396850586,0.6393881440162659,0.6458361744880676,0.6490657329559326,0.6525561809539795
5160,-0.6347748637199402,55.682613372802734,8.102741241455078,79.01077079772949,0.6347748041152954,0.6353583931922913,0.008866948075592518,0.6196560859680176,0.6220563650131226,0.6238819360733032,0.6280657649040222,0.6353583931922913,0.6399327516555786,0.6469307541847229,0.6494399905204773,0.6525561809539795
5220,-0.6356841921806335,55.487579345703125,8.115645408630371,78.78914451599121,0.6356841921806335,0.6356081962585449,0.009577772580087185,0.6196560859680176,0.6220563650131226,0.6242103576660156,0.6285971403121948,0.6356081962585449,0.6406283974647522,0.6480090618133545,0.6525475382804871,0.6565969586372375
5280,-0.6368781328201294,55.29740524291992,8.138301849365234,78.56958770751953,0.6368780732154846,0.635981559753418,0.010221559554338455,0.6196560859680176,0.6220563650131226,0.6242103576660156,0.6286763548851013,0.635981559753418,0.6443796157836914,0.6495152711868286,0.6525607109069824,0.6580113172531128
5340,-0.637567400932312,55.10076141357422,8.172760963439941,78.3408145904541,0.6375673413276672,0.6365265846252441,0.0100470669567585,0.6196560859680176,0.6225647926330566,0.6244905591011047,0.6294861435890198,0.6365265846252441,0.6451796889305115,0.6495152711868286,0.6525607109069824,0.6580113172531128
5400,-0.63816899061203,54.90349578857422,8.195585250854492,78.1128158569336,0.63816899061203,0.6379719972610474,0.009876186959445477,0.621715784072876,0.6225994825363159,0.6264772415161133,0.6301693320274353,0.6379719972610474,0.6455504298210144,0.6495152711868286,0.6525607109069824,0.6580113172531128
5460,-0.6388155817985535,54.69981002807617,8.219587326049805,77.87762260437012,0.6388155221939087,0.6393419504165649,0.00994022935628891,0.621715784072876,0.6225994825363159,0.6266187429428101,0.6316016912460327,0.6393419504165649,0.6459432244300842,0.651002824306488,0.652848482131958,0.6580113172531128
5520,-0.63983154296875,54.493125915527344,8.236734390258789,77.64062881469727,0.6398314833641052,0.639663577079773,0.01010581012815237,0.62174391746521,0.6238301992416382,0.6266734004020691,0.6331473588943481,0.639663577079773,0.6469618082046509,0.6522338390350342,0.6556552052497864,0.6620959639549255
5580,-0.6403486728668213,54.29648971557617,8.252409934997559,77.41401100158691,0.6403486728668213,0.6401156187057495,0.010166946798563004,0.62174391746521,0.6238301992416382,0.6272134184837341,0.6334316730499268,0.6401156187057495,0.6469618082046509,0.6525478363037109,0.6564940810203552,0.663145124912262
5640,-0.6411842107772827,54.092559814453125,8.274860382080078,77.17827224731445,0.6411842107772827,0.6402754783630371,0.01100945845246315,0.62174391746521,0.6238301992416382,0.6272134184837341,0.6337035894393921,0.6402754783630371,0.6484529376029968,0.6554794907569885,0.6620867252349854,0.6651921272277832
5700,-0.6423333883285522,53.88304138183594,8.287887573242188,76.9368667602539,0.6423333883285522,0.6422151327133179,0.010773946531116962,0.6217525601387024,0.6238301992416382,0.628423810005188,0.6354331970214844,0.6422151327133179,0.6497274041175842,0.6556955575942993,0.6620867252349854,0.6651921272277832
5760,-0.6430710554122925,53.67184066772461,8.299943923950195,76.69244956970215,0.6430711150169373,0.643071174621582,0.010762893594801426,0.6217525601387024,0.6240001320838928,0.628423810005188,0.6358650922775269,0.643071174621582,0.6500864028930664,0.6564614176750183,0.6620867252349854,0.6651921272277832
5820,-0.6435059905052185,53.45660400390625,8.3204984664917,76.4427261352539,0.6435059905052185,0.6432737708091736,0.010845143347978592,0.6220658421516418,0.6240001320838928,0.6284304261207581,0.6358697414398193,0.6432737708091736,0.6505131721496582,0.6568615436553955,0.6620867252349854,0.6651921272277832
5880,-0.6442644596099854,53.24699020385742,8.343817710876465,76.19706535339355,0.6442644596099854,0.644436776638031,0.010680703446269035,0.622873067855835,0.6244772672653198,0.6284847855567932,0.6370974779129028,0.644436776638031,0.6525747776031494,0.6568615436553955,0.6620867252349854,0.6651921272277832
5940,-0.6456177234649658,53.028106689453125,8.364801406860352,75.94217681884766,0.6456178426742554,0.6460973620414734,0.010762055404484272,0.6240034699440002,0.6281468272209167,0.6291393041610718,0.638809323310852,0.6460973620414734,0.65288245677948,0.6579946279525757,0.6640025973320007,0.6661811470985413
6000,-0.6465607285499573,52.806915283203125,8.388521194458008,75.68147468566895,0.6465607285499573,0.6468329429626465,0.010447387583553791,0.6251592040061951,0.6284869909286499,0.6336677670478821,0.6396684646606445,0.6468329429626465,0.6536153554916382,0.6592907309532166,0.6644991636276245,0.6661811470985413
6060,-0.6476094126701355,52.5905876159668,8.40505599975586,75.42802047729492,0.6476094126701355,0.6475435495376587,0.010580741800367832,0.6251592040061951,0.6288108229637146,0.6345909833908081,0.6403599977493286,0.6475435495376587,0.6543303728103638,0.6620662212371826,0.6651867628097534,0.6665599346160889
6120,-0.6480699777603149,52.37278747558594,8.424407005310059,75.17129898071289,0.6480699777603149,0.6484907865524292,0.010542010888457298,0.6281307339668274,0.6288108229637146,0.6351626515388489,0.6406899690628052,0.6484907865524292,0.655064046382904,0.6620662212371826,0.6651867628097534,0.6665599346160889
6180,-0.6486704349517822,52.154197692871094,8.443157196044922,74.91395378112793,0.6486704349517822,0.6487768888473511,0.010545534081757069,0.628412663936615,0.631721556186676,0.6351626515388489,0.6410506367683411,0.6487768888473511,0.6558903455734253,0.6624376773834229,0.6655011773109436,0.6695499420166016
6240,-0.6492497324943542,51.93065643310547,8.46480941772461,74.64883804321289,0.6492496728897095,0.6491677761077881,0.010526631027460098,0.6284851431846619,0.632789134979248,0.635469913482666,0.641205370426178,0.6491677761077881,0.6568773984909058,0.6630479097366333,0.6655011773109436,0.6695499420166016
6300,-0.6501677632331848,51.70140838623047,8.48145866394043,74.3794002532959,0.6501677632331848,0.6516098976135254,0.010647255927324295,0.6318061947822571,0.6351482272148132,0.6355695128440857,0.6421746015548706,0.6516098976135254,0.6570661067962646,0.6645345687866211,0.6666831374168396,0.6697440147399902
6360,-0.650665283203125,51.46677780151367,8.50214672088623,74.1015682220459,0.6506652235984802,0.6519482135772705,0.010486195795238018,0.632750391960144,0.6353594660758972,0.6363087892532349,0.6428969502449036,0.6519482135772705,0.6570661067962646,0.665485680103302,0.6666831374168396,0.6697440147399902
6420,-0.6515184044837952,51.230064392089844,8.520461082458496,73.82073020935059,0.6515183448791504,0.6522903442382812,0.010660495609045029,0.632750391960144,0.6354759931564331,0.6364875435829163,0.6436179876327515,0.6522903442382812,0.6584454774856567,0.6661471128463745,0.6691468358039856,0.6716170907020569
6480,-0.6527442932128906,50.9981689453125,8.537229537963867,73.54422569274902,0.6527442336082458,0.6527097225189209,0.011359523981809616,0.6328256130218506,0.6354941725730896,0.6381353735923767,0.6447404623031616,0.6527097225189209,0.6592515110969543,0.6666924953460693,0.6733564734458923,0.6762598752975464
6540,-0.6540904641151428,50.752342224121094,8.548530578613281,73.25518608093262,0.6540905237197876,0.6536258459091187,0.011119932867586613,0.6354796290397644,0.6355931758880615,0.6386501789093018,0.6464303731918335,0.6536258459091187,0.6606584787368774,0.6682358980178833,0.6739736199378967,0.6775367259979248
6600,-0.6546719074249268,50.50555419921875,8.563590049743652,72.96249008178711,0.6546719074249268,0.6536258459091187,0.011202340945601463,0.6354796290397644,0.6363484859466553,0.6390000581741333,0.6469093561172485,0.6536258459091187,0.6614378690719604,0.6695626974105835,0.675015389919281,0.6775367259979248
6660,-0.6554258465766907,50.257469177246094,8.576143264770508,72.6667594909668,0.6554258465766907,0.6537972092628479,0.011408966965973377,0.6355893611907959,0.6378356218338013,0.6420766115188599,0.6473351716995239,0.6537972092628479,0.6625447869300842,0.6698940396308899,0.676274299621582,0.6808971166610718
6720,-0.656337559223175,50.01768493652344,8.5950927734375,72.37799453735352,0.656337559223175,0.6559482216835022,0.01132366992533207,0.6355893611907959,0.6380211114883423,0.6425095200538635,0.6482756733894348,0.6559482216835022,0.6650132536888123,0.6716458201408386,0.676274299621582,0.6808971166610718
6780,-0.6571612358093262,49.778839111328125,8.605578422546387,72.09230041503906,0.6571612358093262,0.6563581824302673,0.011433740146458149,0.637881338596344,0.6386894583702087,0.6425095200538635,0.6482756733894348,0.6563581824302673,0.6661517024040222,0.6723297238349915,0.676274299621582,0.6808971166610718
6840,-0.6577616930007935,49.534393310546875,8.621788024902344,71.79739952087402,0.6577616930007935,0.6564080715179443,0.011245985515415668,0.637881338596344,0.640444815158844,0.6438044309616089,0.6491970419883728,0.6564080715179443,0.6661615371704102,0.6733862161636353,0.6775361895561218,0.6808971166610718
6900,-0.6585718393325806,49.2888298034668,8.63983154296875,71.49995231628418,0.6585718393325806,0.6566517353057861,0.011108419857919216,0.637881338596344,0.640444815158844,0.6450423002243042,0.6520612835884094,0.6566517353057861,0.6662850975990295,0.6739813089370728,0.6775361895561218,0.6808971166610718
6960,-0.6591506600379944,49.03704071044922,8.647095680236816,71.19732666015625,0.6591507792472839,0.6581012010574341,0.01119934767484665,0.637881338596344,0.640444815158844,0.6450423002243042,0.6521342992782593,0.6581012010574341,0.6674598455429077,0.6739813089370728,0.6775361895561218,0.6808971166610718
7020,-0.6598513722419739,48.775840759277344,8.655118942260742,70.88422966003418,0.6598513722419739,0.6593478322029114,0.011079119518399239,0.6379940509796143,0.6404731273651123,0.6454501152038574,0.6525919437408447,0.6593478322029114,0.6686119437217712,0.6745631694793701,0.6775361895561218,0.6808971166610718
7080,-0.6607887744903564,48.509849548339844,8.659299850463867,70.56625366210938,0.6607887148857117,0.6601809859275818,0.011776111088693142,0.6392051577568054,0.6437274217605591,0.6454556584358215,0.6526881456375122,0.6601809859275818,0.6690992712974548,0.6749817728996277,0.6788496971130371,0.6838792562484741
7140,-0.6614832878112793,48.26278305053711,8.669267654418945,70.26762390136719,0.6614832282066345,0.662307858467102,0.011571603827178478,0.6392133235931396,0.6439898014068604,0.6459990739822388,0.653288722038269,0.662307858467102,0.669507622718811,0.6751755475997925,0.6788496971130371,0.6838792562484741
7200,-0.6622622609138489,47.99833679199219,8.678836822509766,69.9480972290039,0.6622622609138489,0.6631647348403931,0.011375078931450844,0.6418851017951965,0.6447246670722961,0.6479804515838623,0.653450071811676,0.6631647348403931,0.6696290969848633,0.6762623190879822,0.682274580001831,0.6838792562484741
7260,-0.6633132696151733,47.73491668701172,8.695671081542969,69.62633514404297,0.6633132696151733,0.6636276245117188,0.011867834255099297,0.6418851017951965,0.6451103687286377,0.6479804515838623,0.6542749404907227,0.6636276245117188,0.6711084246635437,0.6787490844726562,0.6827122569084167,0.6928930282592773
7320,-0.6645200848579407,47.46852111816406,8.709220886230469,69.30000877380371,0.6645202040672302,0.6647025942802429,0.012291466817259789,0.6418851017951965,0.6451103687286377,0.6481678485870361,0.6549562215805054,0.6647025942802429,0.6719904541969299,0.6809234619140625,0.6830512881278992,0.6931449174880981
7380,-0.6649285554885864,47.1873779296875,8.709280014038086,68.96173858642578,0.6649286150932312,0.6650122404098511,0.012191344983875751,0.6418851017951965,0.6451103687286377,0.6487102508544922,0.6569334268569946,0.6650122404098511,0.6720971465110779,0.6809234619140625,0.6837068796157837,0.6931449174880981
7440,-0.6658474802970886,46.918701171875,8.727066993713379,68.63100814819336,0.6658474802970886,0.6663801670074463,0.012030517682433128,0.6418851017951965,0.6454737782478333,0.6501230001449585,0.6569933295249939,0.6663801670074463,0.6736674904823303,0.6809234619140625,0.6837068796157837,0.6931449174880981
7500,-0.6667524576187134,46.64533996582031,8.743555068969727,68.29476165771484,0.6667524576187134,0.667542576789856,0.012077976949512959,0.6447180509567261,0.64675372838974,0.6505078077316284,0.6577156782150269,0.667542576789856,0.67510986328125,0.6822968125343323,0.6839783787727356,0.6931449174880981
7560,-0.6674846410751343,46.36908721923828,8.744802474975586,67.958740234375,0.6674846410751343,0.6681214570999146,0.01166795939207077,0.6451213359832764,0.6498441100120544,0.652541995048523,0.6584638953208923,0.6681214570999146,0.6754910349845886,0.6822968125343323,0.6839783787727356,0.6931449174880981
7620,-0.6682571172714233,46.10064697265625,8.752460479736328,67.62598991394043,0.6682571172714233,0.6689490079879761,0.011824260465800762,0.6468050479888916,0.6501163244247437,0.6525459885597229,0.6594971418380737,0.6689490079879761,0.6759931445121765,0.6830326318740845,0.6853756904602051,0.6931731104850769
7680,-0.6688938140869141,45.82159423828125,8.757522583007812,67.2828540802002,0.6688938140869141,0.6691780686378479,0.011698664166033268,0.6468050479888916,0.6505175828933716,0.6538071036338806,0.6606737375259399,0.6691780686378479,0.6764549612998962,0.683221697807312,0.6856571435928345,0.6931731104850769
7740,-0.6698716878890991,45.5332145690918,8.76945686340332,66.92708206176758,0.6698717474937439,0.6702635884284973,0.011644147336483002,0.6498053073883057,0.6515212059020996,0.6541329026222229,0.6616112589836121,0.6702635884284973,0.6767944097518921,0.6837263703346252,0.6875776052474976,0.6931731104850769
7800,-0.6708962321281433,45.25483322143555,8.776121139526367,66.5821762084961,0.6708962321281433,0.6714518070220947,0.011381254531443119,0.6498053073883057,0.6515212059020996,0.6549944281578064,0.6643434762954712,0.6714518070220947,0.6781811118125916,0.6841014623641968,0.6875776052474976,0.6931731104850769
7860,-0.6714020371437073,44.956478118896484,8.780071258544922,66.21323204040527,0.6714020371437073,0.6714518070220947,0.011222803965210915,0.6504416465759277,0.6524866819381714,0.6568477749824524,0.6643510460853577,0.6714518070220947,0.6802120208740234,0.6850100159645081,0.6884984374046326,0.6931731104850769
7920,-0.6723920106887817,44.667049407958984,8.787202835083008,65.85306167602539,0.6723920702934265,0.6718389987945557,0.011627212166786194,0.6504663228988647,0.6542465090751648,0.6576572060585022,0.6643510460853577,0.6718389987945557,0.6821993589401245,0.6859022378921509,0.6931724548339844,0.6950615644454956
7980,-0.6734852194786072,44.36686325073242,8.782567977905273,65.48225975036621,0.673485279083252,0.6721034646034241,0.012115315534174442,0.6504663228988647,0.6555564403533936,0.6606811881065369,0.6652231812477112,0.6721034646034241,0.6823434233665466,0.688590943813324,0.6941483020782471,0.696958065032959
8040,-0.6743808388710022,44.063262939453125,8.778924942016602,65.1053466796875,0.674380898475647,0.6738052368164062,0.012197442352771759,0.6524114012718201,0.6563672423362732,0.6611548662185669,0.6653552055358887,0.6738052368164062,0.6827549338340759,0.6916409730911255,0.6942628622055054,0.6980348229408264
8100,-0.6749286651611328,43.772483825683594,8.791271209716797,64.73898315429688,0.6749287247657776,0.674106776714325,0.01198605541139841,0.6524114012718201,0.6569938659667969,0.6616584062576294,0.6670412421226501,0.674106776714325,0.6827549338340759,0.6916409730911255,0.6942628622055054,0.6980348229408264
8160,-0.675836443901062,43.48313903808594,8.793390274047852,64.37448501586914,0.6758365035057068,0.6743475198745728,0.011927695013582706,0.6557650566101074,0.6606813073158264,0.6624656915664673,0.6674630641937256,0.6743475198745728,0.6833673715591431,0.6929132342338562,0.696124792098999,0.7019349932670593
8220,-0.6769688129425049,43.18674850463867,8.789997100830078,64.00266361236572,0.6769688129425049,0.6754542589187622,0.01157417893409729,0.6605818271636963,0.6616977453231812,0.6635289788246155,0.6680334210395813,0.6754542589187622,0.6843088865280151,0.6932003498077393,0.6966871023178101,0.7019349932670593
8280,-0.6773582100868225,42.89839172363281,8.789913177490234,63.64148998260498,0.6773582696914673,0.676353394985199,0.011424374766647816,0.6605818271636963,0.6619886755943298,0.6637578010559082,0.6682147979736328,0.676353394985199,0.6850845217704773,0.6932003498077393,0.6966871023178101,0.7019349932670593
8340,-0.6782132387161255,42.58134841918945,8.800506591796875,63.23982810974121,0.678213357925415,0.6766956448554993,0.011650443077087402,0.6614205241203308,0.662540078163147,0.6647868156433105,0.6682147979736328,0.6766956448554993,0.686612606048584,0.6937471628189087,0.69676673412323,0.7019349932670593
8400,-0.6787426471710205,42.27459716796875,8.806438446044922,62.850894927978516,0.6787426471710205,0.6774800419807434,0.011475267820060253,0.6614205241203308,0.662540078163147,0.6654194593429565,0.6684975624084473,0.6774800419807434,0.686612606048584,0.6937471628189087,0.6968659162521362,0.7019349932670593
8460,-0.6796296834945679,41.958091735839844,8.797651290893555,62.453728675842285,0.6796297430992126,0.6801564693450928,0.01143029984086752,0.661426842212677,0.662540078163147,0.6654348969459534,0.6699767112731934,0.6801564693450928,0.6882975697517395,0.6937471628189087,0.6968659162521362,0.7019349932670593
8520,-0.6805577874183655,41.636932373046875,8.801081657409668,62.04556369781494,0.6805578470230103,0.6807438731193542,0.011592354625463486,0.661426842212677,0.662540078163147,0.6664412617683411,0.6713178753852844,0.6807438731193542,0.6892675757408142,0.6944180130958557,0.6984028220176697,0.702802300453186
8580,-0.6812317371368408,41.33380126953125,8.806440353393555,61.65460205078125,0.6812318563461304,0.6810228228569031,0.011464516632258892,0.661426842212677,0.662540078163147,0.666835606098175,0.6730489134788513,0.6810228228569031,0.6901211738586426,0.6966860890388489,0.6993656754493713,0.702802300453186
8640,-0.6817308664321899,41.008323669433594,8.815103530883789,61.234145164489746,0.6817309856414795,0.6816039085388184,0.01139950379729271,0.661426842212677,0.662540078163147,0.666835606098175,0.6736010909080505,0.6816039085388184,0.6907729506492615,0.6966860890388489,0.6993656754493713,0.702802300453186
8700,-0.6827099323272705,40.69093704223633,8.811447143554688,60.82507610321045,0.6827099323272705,0.6818499565124512,0.011159178800880909,0.6617218255996704,0.6655817627906799,0.6688486933708191,0.6747936606407166,0.6818499565124512,0.6913497447967529,0.6968728303909302,0.7010558843612671,0.7071838974952698
8760,-0.6838810443878174,40.3792839050293,8.823570251464844,60.420517921447754,0.6838810443878174,0.6834961175918579,0.011603116989135742,0.6644373536109924,0.6668524146080017,0.6693525910377502,0.674924373626709,0.6834961175918579,0.6918696165084839,0.6975803971290588,0.7018243074417114,0.7078003287315369
8820,-0.6850009560585022,40.0677375793457,8.826056480407715,60.016005516052246,0.6850010752677917,0.6857407093048096,0.011531711556017399,0.6655915379524231,0.6675837635993958,0.6697913408279419,0.6762450933456421,0.6857407093048096,0.6927905082702637,0.699625551700592,0.7020271420478821,0.7078003287315369
8880,-0.685782790184021,39.74538803100586,8.831867218017578,59.59321880340576,0.685782790184021,0.6868457794189453,0.011140480637550354,0.6665140986442566,0.6688039302825928,0.6702289581298828,0.6766175031661987,0.6868457794189453,0.6929459571838379,0.699625551700592,0.7027549147605896,0.7078003287315369
8940,-0.6864252090454102,39.444664001464844,8.830646514892578,59.2032585144043,0.6864253282546997,0.6870810985565186,0.011285221204161644,0.6665140986442566,0.6688039302825928,0.6715939044952393,0.6775086522102356,0.6870810985565186,0.6934149265289307,0.7009259462356567,0.7037944793701172,0.7078003287315369
9000,-0.687034010887146,39.118255615234375,8.827075958251953,58.78106689453125,0.6870340704917908,0.6876286864280701,0.011458860710263252,0.6665140986442566,0.6688039302825928,0.6715939044952393,0.6778890490531921,0.6876286864280701,0.6942238807678223,0.7018545866012573,0.7037944793701172,0.7078003287315369
9060,-0.6879600286483765,38.78855895996094,8.82567310333252,58.35302734375,0.687960147857666,0.6877774596214294,0.01135559007525444,0.6672664284706116,0.6688894033432007,0.6738536953926086,0.680140495300293,0.6877774596214294,0.6961504220962524,0.7027507424354553,0.705365002155304,0.7078003287315369
9120,-0.6884728670120239,38.447574615478516,8.821895599365234,57.908342361450195,0.6884730458259583,0.6879419088363647,0.011609303764998913,0.6672664284706116,0.6697661280632019,0.6738536953926086,0.6802293062210083,0.6879419088363647,0.69675612449646,0.7037996053695679,0.7059749364852905,0.7083513140678406
9180,-0.6890044212341309,38.1045036315918,8.813323974609375,57.461304664611816,0.6890044212341309,0.688274621963501,0.011491638608276844,0.6677691340446472,0.6697661280632019,0.6745647192001343,0.6812642812728882,0.688274621963501,0.6968287825584412,0.7039375305175781,0.7064189314842224,0.7083513140678406
9240,-0.6900129318237305,37.77618408203125,8.818034172058105,57.02206516265869,0.6900129914283752,0.6894348859786987,0.011615958996117115,0.6677691340446472,0.6697661280632019,0.6759698987007141,0.6818293333053589,0.6894348859786987,0.697962760925293,0.7044466137886047,0.7077960968017578,0.7117648124694824
9300,-0.6912368535995483,37.424644470214844,8.802391052246094,56.56071758270264,0.6912368535995483,0.6923568248748779,0.01173089537769556,0.6677691340446472,0.6716440320014954,0.6769230961799622,0.682557225227356,0.6923568248748779,0.6996777057647705,0.7053935527801514,0.7080522179603577,0.7117648124694824
9360,-0.6921733617782593,37.074249267578125,8.80675983428955,56.09415340423584,0.6921733617782593,0.6929630041122437,0.01171448826789856,0.6677691340446472,0.6722001433372498,0.6776736974716187,0.6831802129745483,0.6929630041122437,0.7025169134140015,0.706673264503479,0.7080522179603577,0.7117648124694824
9420,-0.692901074886322,36.7290153503418,8.810314178466797,55.62907791137695,0.692901074886322,0.6938477158546448,0.011809440329670906,0.667792558670044,0.6722001433372498,0.6776736974716187,0.6833088994026184,0.6938477158546448,0.7027707099914551,0.7069994807243347,0.7083356380462646,0.7119817733764648
9480,-0.6940916180610657,36.39665985107422,8.802291870117188,55.18607807159424,0.6940916180610657,0.6941063404083252,0.011534363031387329,0.6717369556427002,0.6758688688278198,0.6792488694190979,0.6854357123374939,0.6941063404083252,0.7038149833679199,0.7078032493591309,0.7099502682685852,0.7119817733764648
9540,-0.6952490210533142,36.06082534790039,8.805727005004883,54.730140686035156,0.6952489614486694,0.6943385601043701,0.011751944199204445,0.6717369556427002,0.6759963035583496,0.6802335977554321,0.6867153644561768,0.6943385601043701,0.7052209377288818,0.7096045613288879,0.7119949460029602,0.713196873664856
9600,-0.6958408951759338,35.71670913696289,8.797858238220215,54.26931953430176,0.6958410143852234,0.6956362724304199,0.01129355002194643,0.6717705130577087,0.6773418188095093,0.6817724108695984,0.6874331831932068,0.6956362724304199,0.7055440545082092,0.7097686529159546,0.7123476266860962,0.713196873664856
9660,-0.6967566013336182,35.36143493652344,8.792789459228516,53.790687561035156,0.6967566013336182,0.6973288059234619,0.011539682745933533,0.674044668674469,0.6773418188095093,0.6823627352714539,0.687920331954956,0.6973288059234619,0.7062467336654663,0.7115145325660706,0.7128811478614807,0.7182648777961731
9720,-0.6973981857299805,35.02239227294922,8.795114517211914,53.32570838928223,0.6973981261253357,0.6977800130844116,0.011443323455750942,0.674044668674469,0.6801900267601013,0.6824500560760498,0.688143253326416,0.6977800130844116,0.7063536643981934,0.7115145325660706,0.7130293250083923,0.7215690016746521
9780,-0.698206901550293,34.64435577392578,8.795000076293945,52.813477516174316,0.6982068419456482,0.6987392902374268,0.011395248584449291,0.674044668674469,0.6801900267601013,0.6847514510154724,0.6901922225952148,0.6987392902374268,0.7063536643981934,0.7118005156517029,0.7161417603492737,0.7215690016746521
9840,-0.6992424130439758,34.3154296875,8.784975051879883,52.364315032958984,0.6992424726486206,0.699569821357727,0.011318613775074482,0.6765917539596558,0.6801900267601013,0.6853449940681458,0.691638171672821,0.699569821357727,0.7064417004585266,0.7123588919639587,0.7179275155067444,0.7215690016746521
9900,-0.6999383568763733,33.937931060791016,8.754844665527344,51.86106300354004,0.6999383568763733,0.699569821357727,0.011624012142419815,0.6765917539596558,0.6801900267601013,0.6858720779418945,0.6924878358840942,0.699569821357727,0.7073661684989929,0.7148884534835815,0.7179275155067444,0.7217795252799988
9960,-0.7012948393821716,33.595550537109375,8.761873245239258,51.38473892211914,0.7012947797775269,0.7023574113845825,0.011582265608012676,0.6766409873962402,0.6815539002418518,0.6872568130493164,0.6930599212646484,0.7023574113845825,0.7080025672912598,0.7176065444946289,0.719788670539856,0.7222871780395508
