step,best_fitness,avg_hamming,avg_l1,avg_entropy,mean,median,std,2%,5%,10%,25%,50%,75%,90%,95%,98%
40,-518.260009765625,127.97309875488281,7.611403465270996,177.06279373168945,-518.260009765625,-506.5,125.22560119628906,-819.219970703125,-750.3499755859375,-704.2000122070312,-578.25,-506.5,-431.75,-366.0,-327.60003662109375,-307.75994873046875
80,-575.4599609375,127.95213317871094,7.952212810516357,177.00913619995117,-575.4600219726562,-557.0,101.08248138427734,-819.219970703125,-757.3499755859375,-706.2000122070312,-647.25,-557.0,-507.25,-459.0,-415.8000183105469,-399.8799743652344
120,-608.219970703125,127.93144989013672,8.229960441589355,176.96067428588867,-608.219970703125,-595.0,88.04244232177734,-819.219970703125,-765.3999633789062,-714.5,-666.25,-595.0,-541.0,-510.1000061035156,-484.7500305175781,-467.9599914550781
160,-626.6599731445312,127.91414642333984,8.487773895263672,176.91715240478516,-626.6599731445312,-610.0,92.70967864990234,-847.219970703125,-830.0999755859375,-754.2999877929688,-675.0,-610.0,-554.5,-526.9000244140625,-501.9000244140625,-473.8799743652344
200,-647.6199951171875,127.89922332763672,8.717960357666016,176.87750625610352,-647.6199951171875,-641.0,89.55722045898438,-858.7999877929688,-832.5,-757.7000122070312,-698.25,-641.0,-589.0,-541.9000244140625,-526.300048828125,-501.43988037109375
240,-666.0799560546875,127.88455200195312,8.939963340759277,176.83787155151367,-666.0800170898438,-649.0,89.59326171875,-858.7999877929688,-842.25,-793.2000122070312,-711.75,-649.0,-602.5,-554.0,-538.800048828125,-510.8199462890625
280,-680.2799682617188,127.86801147460938,9.145378112792969,176.7985725402832,-680.280029296875,-670.0,85.68104553222656,-862.7200317382812,-847.25,-805.5,-724.75,-670.0,-618.75,-586.0,-554.0,-538.7799682617188
320,-686.8399658203125,127.8526840209961,9.347770690917969,176.7597770690918,-686.8400268554688,-676.0,89.5277328491211,-898.3599853515625,-852.2999877929688,-820.0999755859375,-738.25,-676.0,-619.0,-586.0,-554.0,-538.7799682617188
360,-693.5399780273438,127.83866882324219,9.549489974975586,176.72211074829102,-693.5399780273438,-694.5,91.15409088134766,-913.0599975585938,-858.2000122070312,-830.2000122070312,-743.0,-694.5,-628.0,-587.7999877929688,-554.0,-538.7799682617188
400,-707.0399780273438,127.82319641113281,9.726744651794434,176.68505096435547,-707.0399780273438,-706.5,87.5435791015625,-913.0599975585938,-858.2000122070312,-830.2000122070312,-754.5,-706.5,-646.0,-597.0,-586.0,-538.7799682617188
440,-713.3999633789062,127.81024169921875,9.896472930908203,176.65169143676758,-713.4000244140625,-709.5,88.96943664550781,-913.0599975585938,-875.2000122070312,-842.5,-756.25,-709.5,-647.5,-600.7999877929688,-587.9000244140625,-580.9197998046875
480,-722.7999877929688,127.79960632324219,10.055079460144043,176.62112045288086,-722.7999877929688,-718.5,89.06155395507812,-916.3200073242188,-898.4500122070312,-847.5,-764.25,-718.5,-656.0,-610.4000244140625,-595.9000244140625,-585.9199829101562
520,-730.3599853515625,127.78778076171875,10.20885944366455,176.58976364135742,-730.3599853515625,-726.5,85.32567596435547,-916.3200073242188,-898.4500122070312,-847.5,-768.75,-726.5,-677.25,-619.2999877929688,-598.8500366210938,-585.9199829101562
560,-736.3599853515625,127.7752685546875,10.359940528869629,176.55747604370117,-736.3599853515625,-733.0,82.93485260009766,-916.3200073242188,-898.4500122070312,-847.5,-778.5,-733.0,-682.75,-628.0,-604.8500366210938,-588.8599853515625
600,-739.5399780273438,127.76322937011719,10.502989768981934,176.5264434814453,-739.5399780273438,-734.0,81.91378021240234,-916.3200073242188,-898.4500122070312,-847.5,-792.0,-734.0,-689.75,-639.2000122070312,-604.8500366210938,-588.8599853515625
640,-744.8599853515625,127.7529525756836,10.656207084655762,176.4961395263672,-744.8599853515625,-736.0,79.80839538574219,-916.3200073242188,-898.4500122070312,-847.5,-803.25,-736.0,-694.25,-645.7999877929688,-610.800048828125,-590.9599609375
680,-747.9199829101562,127.74090576171875,10.81895637512207,176.46245574951172,-747.9199829101562,-740.0,78.25621032714844,-916.3200073242188,-898.4500122070312,-847.5,-804.0,-740.0,-698.0,-645.7999877929688,-624.300048828125,-601.97998046875
720,-749.7000122070312,127.727783203125,10.96794319152832,176.4300079345703,-749.7000122070312,-741.5,77.0767822265625,-916.3200073242188,-898.4500122070312,-847.5,-804.0,-741.5,-702.75,-655.0,-628.10009765625,-601.97998046875
760,-751.7799682617188,127.71542358398438,11.105443954467773,176.39854049682617,-751.780029296875,-742.0,75.88406372070312,-916.3200073242188,-898.4500122070312,-847.5,-804.5,-742.0,-704.0,-656.0,-631.8500366210938,-606.8999633789062
800,-759.8200073242188,127.70233154296875,11.239021301269531,176.3665657043457,-759.8200073242188,-747.0,81.95198822021484,-932.260009765625,-913.1500244140625,-858.4000244140625,-808.75,-747.0,-707.75,-668.6000366210938,-634.7000122070312,-606.8999633789062
840,-760.3399658203125,127.69207763671875,11.374019622802734,176.33706283569336,-760.3400268554688,-747.0,80.9676742553711,-932.260009765625,-913.1500244140625,-858.4000244140625,-808.75,-747.0,-707.75,-668.6000366210938,-634.7000122070312,-611.97998046875
880,-762.8399658203125,127.6819076538086,11.49610710144043,176.3088722229004,-762.8400268554688,-751.0,79.93856811523438,-932.260009765625,-913.1500244140625,-858.4000244140625,-811.5,-751.0,-710.25,-669.7999877929688,-634.7000122070312,-621.7999267578125
920,-764.4400024414062,127.67202758789062,11.632314682006836,176.27999877929688,-764.4400024414062,-755.5,79.93476104736328,-932.260009765625,-913.1500244140625,-858.4000244140625,-813.25,-755.5,-711.75,-669.7999877929688,-634.7000122070312,-621.7999267578125
960,-764.8399658203125,127.66024780273438,11.777885437011719,176.2477035522461,-764.8400268554688,-756.0,79.91154479980469,-932.260009765625,-913.1500244140625,-858.4000244140625,-813.25,-756.0,-711.75,-669.7999877929688,-634.7000122070312,-621.7999267578125
1000,-767.0599975585938,127.64791107177734,11.890682220458984,176.2185401916504,-767.0599975585938,-756.5,78.47111511230469,-932.260009765625,-913.1500244140625,-858.4000244140625,-813.25,-756.5,-720.5,-670.9000244140625,-643.2500610351562,-621.7999267578125
1040,-775.0199584960938,127.63618469238281,12.010912895202637,176.18862533569336,-775.02001953125,-762.5,78.88624572753906,-945.8800048828125,-916.0999755859375,-863.2000122070312,-817.0,-762.5,-732.0,-689.800048828125,-654.650146484375,-621.7999267578125
1080,-775.0599975585938,127.6261215209961,12.144220352172852,176.15869903564453,-775.0599975585938,-763.5,78.88064575195312,-945.8800048828125,-916.0999755859375,-863.2000122070312,-817.0,-763.5,-732.0,-689.800048828125,-654.650146484375,-621.7999267578125
1120,-776.3399658203125,127.61397552490234,12.253504753112793,176.13002014160156,-776.3400268554688,-763.5,77.4113998413086,-945.8800048828125,-916.0999755859375,-863.2000122070312,-817.0,-763.5,-732.75,-691.9000244140625,-667.4000244140625,-628.659912109375
1160,-780.6799926757812,127.6004638671875,12.35205364227295,176.10095977783203,-780.6799926757812,-771.0,78.13538360595703,-945.8800048828125,-918.3499755859375,-876.3999633789062,-822.75,-771.0,-733.0,-691.9000244140625,-667.4000244140625,-629.0
1200,-783.0199584960938,127.58629608154297,12.476882934570312,176.06752014160156,-783.02001953125,-778.0,77.16838073730469,-945.8800048828125,-918.3499755859375,-876.3999633789062,-828.5,-778.0,-733.75,-697.4000244140625,-669.9000244140625,-638.7999267578125
1240,-785.2799682617188,127.57378387451172,12.594818115234375,176.037353515625,-785.280029296875,-781.0,75.67140197753906,-945.8800048828125,-918.3499755859375,-876.3999633789062,-830.5,-781.0,-734.0,-698.0,-678.9000244140625,-642.9199829101562
1280,-786.0999755859375,127.56266784667969,12.715490341186523,176.00717163085938,-786.0999755859375,-781.0,75.1930160522461,-945.8800048828125,-918.3499755859375,-876.3999633789062,-830.5,-781.0,-734.75,-698.9000244140625,-678.9000244140625,-642.9199829101562
1320,-789.3399658203125,127.54910278320312,12.822317123413086,175.97674560546875,-789.3400268554688,-781.0,79.53240966796875,-990.3200073242188,-925.3499755859375,-898.9000244140625,-832.75,-781.0,-734.75,-698.9000244140625,-678.9000244140625,-651.8199462890625
1360,-790.0,127.53511047363281,12.924579620361328,175.9454460144043,-790.0,-781.0,78.99012756347656,-990.3200073242188,-925.3499755859375,-898.9000244140625,-832.75,-781.0,-736.5,-703.5,-678.9000244140625,-651.8199462890625
1400,-791.760009765625,127.52323913574219,13.036834716796875,175.9152603149414,-791.760009765625,-784.0,77.64446258544922,-990.3200073242188,-925.3499755859375,-898.9000244140625,-832.75,-784.0,-738.5,-704.0,-680.9000244140625,-667.679931640625
1440,-792.97998046875,127.50920867919922,13.141451835632324,175.88373565673828,-792.97998046875,-787.0,77.60721588134766,-990.3200073242188,-925.3499755859375,-898.9000244140625,-835.5,-787.0,-741.25,-704.0,-680.9000244140625,-667.679931640625
1480,-793.219970703125,127.49803924560547,13.252517700195312,175.85456085205078,-793.219970703125,-787.0,77.45832824707031,-990.3200073242188,-925.3499755859375,-898.9000244140625,-835.5,-787.0,-742.75,-704.0,-680.9000244140625,-667.679931640625
1520,-793.5799560546875,127.48619079589844,13.34904670715332,175.8256492614746,-793.5800170898438,-787.0,77.19574737548828,-990.3200073242188,-925.3499755859375,-898.9000244140625,-835.5,-787.0,-743.0,-704.0,-680.9000244140625,-667.679931640625
1560,-797.5,127.4732894897461,13.467829704284668,175.79404067993164,-797.5,-792.0,75.59490966796875,-990.3200073242188,-925.3499755859375,-898.9000244140625,-840.0,-792.0,-746.25,-710.2999877929688,-690.5000610351562,-670.9400024414062
1600,-798.2999877929688,127.46234130859375,13.562768936157227,175.7664794921875,-798.2999877929688,-792.0,76.06017303466797,-990.3200073242188,-925.3499755859375,-898.9000244140625,-840.5,-792.0,-746.25,-710.2999877929688,-690.5000610351562,-670.9400024414062
1640,-800.6399536132812,127.44786834716797,13.662956237792969,175.73506927490234,-800.6400146484375,-794.0,77.36711120605469,-990.3200073242188,-931.0499877929688,-907.5999755859375,-843.25,-794.0,-746.25,-710.2999877929688,-690.5000610351562,-670.9400024414062
1680,-800.6399536132812,127.43341064453125,13.768148422241211,175.70201873779297,-800.6400146484375,-794.0,77.36711120605469,-990.3200073242188,-931.0499877929688,-907.5999755859375,-843.25,-794.0,-746.25,-710.2999877929688,-690.5000610351562,-670.9400024414062
1720,-803.2999877929688,127.41966247558594,13.870641708374023,175.67043685913086,-803.2999877929688,-794.0,77.5359878540039,-990.3200073242188,-932.6500244140625,-913.2999877929688,-844.0,-794.0,-746.25,-720.7000122070312,-697.6500244140625,-678.8399658203125
1760,-805.7799682617188,127.40569305419922,13.962989807128906,175.63975143432617,-805.780029296875,-796.0,78.52816009521484,-990.3200073242188,-932.6500244140625,-916.2000122070312,-846.25,-796.0,-748.75,-720.7000122070312,-697.6500244140625,-678.8399658203125
1800,-807.0,127.38975524902344,14.061125755310059,175.60608673095703,-807.0,-799.5,78.16751098632812,-990.3200073242188,-932.6500244140625,-916.2000122070312,-846.25,-799.5,-749.75,-720.7000122070312,-697.6500244140625,-678.8399658203125
1840,-807.6599731445312,127.3753890991211,14.155413627624512,175.57514190673828,-807.6599731445312,-803.5,77.89405822753906,-990.3200073242188,-932.6500244140625,-916.2000122070312,-846.25,-803.5,-750.0,-720.7000122070312,-697.6500244140625,-678.8399658203125
1880,-807.6599731445312,127.36083984375,14.254329681396484,175.5432357788086,-807.6599731445312,-803.5,77.89405822753906,-990.3200073242188,-932.6500244140625,-916.2000122070312,-846.25,-803.5,-750.0,-720.7000122070312,-697.6500244140625,-678.8399658203125
1920,-807.6599731445312,127.34648895263672,14.350604057312012,175.51123046875,-807.6599731445312,-803.5,77.89405822753906,-990.3200073242188,-932.6500244140625,-916.2000122070312,-846.25,-803.5,-750.0,-720.7000122070312,-697.6500244140625,-678.8399658203125
1960,-809.1599731445312,127.33513641357422,14.444570541381836,175.48183059692383,-809.1599731445312,-804.0,77.9631576538086,-990.3200073242188,-932.6500244140625,-916.2000122070312,-848.0,-804.0,-753.75,-720.7000122070312,-697.6500244140625,-678.8399658203125
2000,-809.1599731445312,127.32200622558594,14.54073715209961,175.45032501220703,-809.1599731445312,-804.0,77.9631576538086,-990.3200073242188,-932.6500244140625,-916.2000122070312,-848.0,-804.0,-753.75,-720.7000122070312,-697.6500244140625,-678.8399658203125
2040,-809.5,127.30802917480469,14.637540817260742,175.4189910888672,-809.5,-804.0,77.76522827148438,-990.3200073242188,-932.6500244140625,-916.2000122070312,-848.0,-804.0,-755.75,-720.7000122070312,-697.6500244140625,-678.8399658203125
2080,-810.7999877929688,127.29498291015625,14.734319686889648,175.38815307617188,-810.7999877929688,-804.0,76.82186889648438,-990.3200073242188,-932.6500244140625,-916.2000122070312,-848.0,-804.0,-756.75,-725.5,-697.6500244140625,-678.8399658203125
2120,-810.7999877929688,127.28160095214844,14.828150749206543,175.3572006225586,-810.7999877929688,-804.0,76.82186889648438,-990.3200073242188,-932.6500244140625,-916.2000122070312,-848.0,-804.0,-756.75,-725.5,-697.6500244140625,-678.8399658203125
2160,-813.0,127.26969909667969,14.918096542358398,175.32782363891602,-813.0,-806.0,74.59195709228516,-990.3200073242188,-932.6500244140625,-916.2000122070312,-848.0,-806.0,-757.75,-731.7000122070312,-711.9500122070312,-690.7599487304688
2200,-814.1199951171875,127.25390625,15.010622024536133,175.2941665649414,-814.1199951171875,-806.0,73.89685821533203,-990.3200073242188,-932.6500244140625,-916.2000122070312,-851.25,-806.0,-759.75,-732.9000244140625,-711.9500122070312,-690.7599487304688
2240,-814.3399658203125,127.23916625976562,15.09772777557373,175.26214981079102,-814.3400268554688,-806.0,73.57828521728516,-990.3200073242188,-932.6500244140625,-916.2000122070312,-851.25,-806.0,-759.75,-732.9000244140625,-717.6500244140625,-690.7599487304688
2280,-815.5999755859375,127.2254638671875,15.19489574432373,175.2303352355957,-815.5999755859375,-809.5,73.45747375488281,-990.3200073242188,-932.6500244140625,-916.2000122070312,-851.25,-809.5,-759.75,-732.9000244140625,-717.6500244140625,-690.7599487304688
2320,-816.0999755859375,127.21150970458984,15.290922164916992,175.1975440979004,-816.0999755859375,-812.0,73.22205352783203,-990.3200073242188,-932.6500244140625,-916.2000122070312,-851.25,-812.0,-759.75,-732.9000244140625,-717.6500244140625,-690.7599487304688
2360,-818.1599731445312,127.19811248779297,15.387594223022461,175.16568756103516,-818.1599731445312,-813.5,73.1954574584961,-990.3200073242188,-932.6500244140625,-916.2000122070312,-852.0,-813.5,-762.25,-732.9000244140625,-717.6500244140625,-690.7599487304688
2400,-819.2999877929688,127.18392181396484,15.471728324890137,175.13446426391602,-819.2999877929688,-814.0,73.29304504394531,-990.3200073242188,-932.6500244140625,-916.2000122070312,-853.0,-814.0,-762.25,-732.9000244140625,-717.6500244140625,-690.7599487304688
2440,-819.8399658203125,127.16712951660156,15.560073852539062,175.09984588623047,-819.8400268554688,-814.0,72.71076202392578,-990.3200073242188,-932.6500244140625,-916.2000122070312,-853.0,-814.0,-763.75,-732.9000244140625,-725.6000366210938,-690.7999267578125
2480,-820.4199829101562,127.15045166015625,15.65170955657959,175.06573867797852,-820.4199829101562,-814.0,72.22924041748047,-990.3200073242188,-932.6500244140625,-916.2000122070312,-853.0,-814.0,-766.25,-732.9000244140625,-725.6000366210938,-690.8800048828125
2520,-821.6599731445312,127.1349105834961,15.750099182128906,175.02981185913086,-821.6599731445312,-815.0,71.83094787597656,-990.3200073242188,-932.6500244140625,-916.2000122070312,-855.25,-815.0,-770.75,-732.9000244140625,-725.6000366210938,-690.8800048828125
2560,-822.6599731445312,127.1197738647461,15.837600708007812,174.99553298950195,-822.6599731445312,-817.0,71.07295227050781,-990.3200073242188,-932.6500244140625,-916.2000122070312,-855.25,-817.0,-776.25,-738.4000244140625,-726.0,-690.8800048828125
2600,-823.0399780273438,127.10686492919922,15.923917770385742,174.96552276611328,-823.0399780273438,-817.0,70.60763549804688,-990.3200073242188,-932.6500244140625,-916.2000122070312,-855.25,-817.0,-780.25,-738.4000244140625,-726.0,-702.7599487304688
2640,-825.6199951171875,127.09184265136719,16.018535614013672,174.93125915527344,-825.6199951171875,-819.0,70.0272445678711,-990.3200073242188,-932.6500244140625,-916.2000122070312,-859.25,-819.0,-783.5,-738.4000244140625,-726.0,-702.7599487304688
2680,-826.6599731445312,127.07591247558594,16.111465454101562,174.89586639404297,-826.6599731445312,-820.0,69.41357421875,-990.3200073242188,-932.6500244140625,-916.2000122070312,-859.25,-820.0,-784.0,-747.1000366210938,-726.0,-702.7599487304688
2720,-826.6599731445312,127.05770111083984,16.200551986694336,174.8590850830078,-826.6599731445312,-820.0,69.41357421875,-990.3200073242188,-932.6500244140625,-916.2000122070312,-859.25,-820.0,-784.0,-747.1000366210938,-726.0,-702.7599487304688
2760,-828.5,127.0435791015625,16.296222686767578,174.8256607055664,-828.5,-820.5,69.4085693359375,-990.3200073242188,-945.0,-916.2000122070312,-860.25,-820.5,-785.5,-748.9000244140625,-726.0,-702.7599487304688
2800,-829.5999755859375,127.027587890625,16.380970001220703,174.79243087768555,-829.5999755859375,-823.5,69.54308319091797,-990.3200073242188,-945.0,-916.2000122070312,-861.25,-823.5,-785.5,-748.9000244140625,-726.0,-702.7599487304688
2840,-830.9400024414062,127.01121520996094,16.46951675415039,174.75803756713867,-830.9400024414062,-828.0,69.13896942138672,-990.3200073242188,-945.0,-916.2000122070312,-861.25,-828.0,-790.25,-748.9000244140625,-726.0,-702.7599487304688
2880,-832.1399536132812,126.99737548828125,16.556381225585938,174.72552871704102,-832.1400146484375,-829.0,69.50467681884766,-990.3200073242188,-945.0,-916.2000122070312,-862.75,-829.0,-790.25,-748.9000244140625,-726.0,-702.7599487304688
2920,-834.8200073242188,126.9795150756836,16.641624450683594,174.6897201538086,-834.8200073242188,-836.0,69.37872314453125,-990.3200073242188,-945.0,-916.2000122070312,-868.0,-836.0,-792.0,-748.9000244140625,-728.8500366210938,-702.7599487304688
2960,-836.1199951171875,126.96334838867188,16.73285675048828,174.65473556518555,-836.1199951171875,-836.0,67.7246322631836,-990.3200073242188,-945.0,-916.2000122070312,-868.0,-836.0,-794.25,-755.2999877929688,-731.8500366210938,-710.8399658203125
3000,-836.1199951171875,126.94747924804688,16.820287704467773,174.62001419067383,-836.1199951171875,-836.0,67.7246322631836,-990.3200073242188,-945.0,-916.2000122070312,-868.0,-836.0,-794.25,-755.2999877929688,-731.8500366210938,-710.8399658203125
3040,-836.1199951171875,126.9300537109375,16.8992977142334,174.58611297607422,-836.1199951171875,-836.0,67.7246322631836,-990.3200073242188,-945.0,-916.2000122070312,-868.0,-836.0,-794.25,-755.2999877929688,-731.8500366210938,-710.8399658203125
3080,-838.6599731445312,126.912841796875,16.98477554321289,174.55025100708008,-838.6599731445312,-838.0,67.37925720214844,-990.3200073242188,-945.0,-918.5999755859375,-875.5,-838.0,-796.5,-756.9000244140625,-732.0,-725.5399169921875
3120,-839.5199584960938,126.8955078125,17.066936492919922,174.51496124267578,-839.52001953125,-839.5,67.5784683227539,-990.3200073242188,-945.0,-918.5999755859375,-880.5,-839.5,-796.5,-756.9000244140625,-732.0,-725.5399169921875
3160,-839.5199584960938,126.8814926147461,17.15886878967285,174.4810447692871,-839.52001953125,-839.5,67.5784683227539,-990.3200073242188,-945.0,-918.5999755859375,-880.5,-839.5,-796.5,-756.9000244140625,-732.0,-725.5399169921875
3200,-841.6199951171875,126.86583709716797,17.250431060791016,174.44577026367188,-841.6199951171875,-839.5,67.33509826660156,-990.3200073242188,-945.0,-924.0,-883.0,-839.5,-802.5,-757.9000244140625,-732.0,-725.5399169921875
3240,-843.8999633789062,126.85038757324219,17.34959602355957,174.40907287597656,-843.9000244140625,-841.5,67.75773620605469,-990.3200073242188,-945.0,-924.0,-888.75,-841.5,-803.75,-757.9000244140625,-732.0,-725.5399169921875
3280,-843.8999633789062,126.8292465209961,17.434736251831055,174.36869430541992,-843.9000244140625,-841.5,67.75773620605469,-990.3200073242188,-945.0,-924.0,-888.75,-841.5,-803.75,-757.9000244140625,-732.0,-725.5399169921875
3320,-846.5599975585938,126.81023406982422,17.516279220581055,174.33142471313477,-846.5599975585938,-841.5,64.70121002197266,-990.3200073242188,-945.0,-924.0,-888.75,-841.5,-807.5,-766.5999755859375,-747.6000366210938,-728.9400024414062
3360,-850.719970703125,126.79015350341797,17.618499755859375,174.2888641357422,-850.719970703125,-844.0,64.3959732055664,-990.3200073242188,-945.0,-924.0999755859375,-895.75,-844.0,-811.75,-777.800048828125,-747.6000366210938,-728.9400024414062
3400,-851.219970703125,126.7669677734375,17.710186004638672,174.24578475952148,-851.219970703125,-845.0,64.26407623291016,-990.3200073242188,-945.0,-924.0999755859375,-895.75,-845.0,-813.5,-777.800048828125,-747.6000366210938,-728.9400024414062
3440,-852.1799926757812,126.74461364746094,17.798797607421875,174.20379638671875,-852.1799926757812,-845.0,65.39149475097656,-990.3200073242188,-945.6500244140625,-925.7000122070312,-895.75,-845.0,-813.5,-777.800048828125,-747.6000366210938,-728.9400024414062
3480,-852.9400024414062,126.72505950927734,17.884052276611328,174.1638526916504,-852.9400024414062,-845.5,64.70916748046875,-990.3200073242188,-945.6500244140625,-925.7000122070312,-895.75,-845.5,-817.0,-777.800048828125,-748.9500122070312,-731.8800048828125
3520,-853.239990234375,126.7065658569336,17.974586486816406,174.12482833862305,-853.239990234375,-846.0,64.6577377319336,-990.3200073242188,-945.6500244140625,-925.7000122070312,-895.75,-846.0,-817.0,-777.800048828125,-748.9500122070312,-731.8800048828125
3560,-853.239990234375,126.68766784667969,18.070789337158203,174.08391571044922,-853.239990234375,-846.0,64.6577377319336,-990.3200073242188,-945.6500244140625,-925.7000122070312,-895.75,-846.0,-817.0,-777.800048828125,-748.9500122070312,-731.8800048828125
3600,-853.6599731445312,126.66450500488281,18.16143035888672,174.04074478149414,-853.6599731445312,-846.0,64.16575622558594,-990.3200073242188,-945.6500244140625,-925.7000122070312,-895.75,-846.0,-817.0,-779.9000244140625,-748.9500122070312,-731.8800048828125
3640,-854.3200073242188,126.6423568725586,18.25490379333496,173.99665069580078,-854.3200073242188,-846.5,64.2540054321289,-995.2200317382812,-945.6500244140625,-925.7000122070312,-895.75,-846.5,-818.0,-779.9000244140625,-748.9500122070312,-731.8800048828125
3680,-856.5,126.62187957763672,18.340133666992188,173.9558563232422,-856.5,-849.5,62.7451171875,-995.2200317382812,-945.6500244140625,-925.7000122070312,-895.75,-849.5,-819.5,-780.9000244140625,-756.6000366210938,-739.8399658203125
3720,-857.3599853515625,126.60035705566406,18.430625915527344,173.91314315795898,-857.3599853515625,-849.5,63.45478820800781,-995.2200317382812,-952.2999877929688,-932.0999755859375,-898.25,-849.5,-819.5,-780.9000244140625,-756.6000366210938,-739.8399658203125
3760,-857.3599853515625,126.57609558105469,18.523761749267578,173.8670654296875,-857.3599853515625,-849.5,63.45478820800781,-995.2200317382812,-952.2999877929688,-932.0999755859375,-898.25,-849.5,-819.5,-780.9000244140625,-756.6000366210938,-739.8399658203125
3800,-859.2799682617188,126.55135345458984,18.613052368164062,173.82047271728516,-859.280029296875,-851.5,63.7802619934082,-1002.0800170898438,-959.5499877929688,-933.9000244140625,-898.25,-851.5,-819.5,-790.0,-759.8500366210938,-747.679931640625
3840,-859.2799682617188,126.52877044677734,18.690902709960938,173.77793884277344,-859.280029296875,-851.5,63.7802619934082,-1002.0800170898438,-959.5499877929688,-933.9000244140625,-898.25,-851.5,-819.5,-790.0,-759.8500366210938,-747.679931640625
3880,-860.0799560546875,126.50736999511719,18.78951644897461,173.7329559326172,-860.0800170898438,-851.5,62.670833587646484,-1002.0800170898438,-959.5499877929688,-933.9000244140625,-898.25,-851.5,-819.5,-791.9000244140625,-766.6500244140625,-748.97998046875
3920,-860.0799560546875,126.48590087890625,18.879981994628906,173.68833923339844,-860.0800170898438,-851.5,62.670833587646484,-1002.0800170898438,-959.5499877929688,-933.9000244140625,-898.25,-851.5,-819.5,-791.9000244140625,-766.6500244140625,-748.97998046875
3960,-861.0799560546875,126.45903015136719,18.964344024658203,173.63917922973633,-861.0800170898438,-852.0,62.97994613647461,-1002.0800170898438,-959.5499877929688,-933.9000244140625,-899.25,-852.0,-819.5,-791.9000244140625,-766.6500244140625,-748.97998046875
4000,-862.239990234375,126.4345703125,19.052886962890625,173.5939712524414,-862.239990234375,-853.5,62.76481628417969,-1002.0800170898438,-959.5499877929688,-933.9000244140625,-900.5,-853.5,-820.0,-794.5999755859375,-766.6500244140625,-748.97998046875
4040,-867.8999633789062,126.40859985351562,19.142942428588867,173.5458526611328,-867.9000244140625,-856.5,63.787696838378906,-1055.260009765625,-989.25,-942.2999877929688,-904.0,-856.5,-825.75,-800.7999877929688,-779.9500122070312,-759.9400024414062
4080,-867.97998046875,126.38594818115234,19.243175506591797,173.49851608276367,-867.97998046875,-856.5,63.72251892089844,-1055.260009765625,-989.25,-942.2999877929688,-904.0,-856.5,-825.75,-800.7999877929688,-779.9500122070312,-759.9400024414062
4120,-871.9199829101562,126.36315155029297,19.333938598632812,173.4524269104004,-871.9199829101562,-857.5,66.90406036376953,-1068.3800048828125,-994.3499755859375,-945.7000122070312,-904.75,-857.5,-828.0,-801.0,-780.9500122070312,-766.8599853515625
4160,-872.2999877929688,126.3314437866211,19.409793853759766,173.39954376220703,-872.2999877929688,-857.5,66.68154907226562,-1068.3800048828125,-994.3499755859375,-945.7000122070312,-904.75,-857.5,-828.0,-801.0,-780.9500122070312,-766.8599853515625
4200,-872.3200073242188,126.30438232421875,19.492733001708984,173.34967422485352,-872.3200073242188,-857.5,66.70755004882812,-1068.3800048828125,-994.3499755859375,-945.7000122070312,-904.75,-857.5,-828.0,-801.0,-780.9500122070312,-766.8599853515625
4240,-872.3200073242188,126.27458190917969,19.582870483398438,173.29537963867188,-872.3200073242188,-857.5,66.70755004882812,-1068.3800048828125,-994.3499755859375,-945.7000122070312,-904.75,-857.5,-828.0,-801.0,-780.9500122070312,-766.8599853515625
4280,-874.0199584960938,126.24552917480469,19.69005012512207,173.2393569946289,-874.02001953125,-858.5,66.57506561279297,-1068.3800048828125,-994.3499755859375,-948.4000244140625,-907.25,-858.5,-833.75,-803.7000122070312,-780.9500122070312,-766.8599853515625
4320,-877.8399658203125,126.21780395507812,19.789466857910156,173.18699645996094,-877.8400268554688,-860.0,67.29646301269531,-1068.3800048828125,-1002.7999877929688,-952.7999877929688,-917.25,-860.0,-837.0,-804.0,-790.5000610351562,-778.7599487304688
4360,-878.239990234375,126.18242645263672,19.870920181274414,173.12907028198242,-878.239990234375,-860.0,66.75314331054688,-1068.3800048828125,-1002.7999877929688,-952.7999877929688,-917.25,-860.0,-837.0,-806.7000122070312,-796.7000122070312,-779.97998046875
4400,-878.47998046875,126.1510238647461,19.955963134765625,173.07379913330078,-878.47998046875,-860.0,66.6150894165039,-1068.3800048828125,-1002.7999877929688,-952.7999877929688,-917.25,-860.0,-838.5,-806.7000122070312,-796.7000122070312,-779.97998046875
4440,-881.5,126.11842346191406,20.042430877685547,173.01668548583984,-881.5,-861.5,67.32362365722656,-1068.3800048828125,-1020.8499755859375,-961.2000122070312,-922.0,-861.5,-839.0,-810.7000122070312,-798.9000244140625,-779.97998046875
4480,-882.1199951171875,126.08476257324219,20.13521385192871,172.95673751831055,-882.1199951171875,-861.5,67.56438446044922,-1068.3800048828125,-1020.8499755859375,-961.2000122070312,-922.5,-861.5,-839.0,-810.7000122070312,-798.9000244140625,-779.97998046875
4520,-882.7999877929688,126.05108642578125,20.233964920043945,172.8968620300293,-882.7999877929688,-862.0,67.1088638305664,-1068.3800048828125,-1020.8499755859375,-961.2000122070312,-922.5,-862.0,-839.0,-811.9000244140625,-800.9000244140625,-779.97998046875
4560,-884.5599975585938,126.01512908935547,20.329689025878906,172.8335723876953,-884.5599975585938,-863.5,66.2848892211914,-1068.3800048828125,-1020.8499755859375,-961.2000122070312,-924.0,-863.5,-839.75,-819.7999877929688,-803.8500366210938,-796.659912109375
4600,-886.1399536132812,125.9796371459961,20.433408737182617,172.76917266845703,-886.1400146484375,-865.5,66.55780029296875,-1068.3800048828125,-1020.8499755859375,-961.2000122070312,-924.25,-865.5,-840.0,-819.7999877929688,-803.8500366210938,-796.659912109375
4640,-886.1399536132812,125.94612121582031,20.54218292236328,172.70679092407227,-886.1400146484375,-865.5,66.55780029296875,-1068.3800048828125,-1020.8499755859375,-961.2000122070312,-924.25,-865.5,-840.0,-819.7999877929688,-803.8500366210938,-796.659912109375
4680,-886.8599853515625,125.9100341796875,20.642105102539062,172.64381408691406,-886.8599853515625,-867.0,66.12730407714844,-1068.3800048828125,-1020.8499755859375,-961.2000122070312,-924.25,-867.0,-842.25,-820.0,-803.8500366210938,-796.659912109375
4720,-890.0399780273438,125.87216186523438,20.732511520385742,172.5785140991211,-890.0399780273438,-871.0,72.08854675292969,-1087.06005859375,-1037.9000244140625,-973.7000122070312,-926.25,-871.0,-842.25,-820.0,-803.8500366210938,-796.659912109375
4760,-890.3399658203125,125.83482360839844,20.838048934936523,172.51194763183594,-890.3400268554688,-871.0,71.8793716430664,-1087.06005859375,-1037.9000244140625,-973.7000122070312,-926.25,-871.0,-843.75,-820.0,-803.8500366210938,-796.659912109375
4800,-891.5599975585938,125.79582977294922,20.92336082458496,172.44702529907227,-891.5599975585938,-871.0,70.77178955078125,-1087.06005859375,-1037.9000244140625,-973.7000122070312,-926.25,-871.0,-844.75,-823.9000244140625,-810.8500366210938,-800.5798950195312
4840,-891.5599975585938,125.75595092773438,21.016023635864258,172.37939834594727,-891.5599975585938,-871.0,70.77178955078125,-1087.06005859375,-1037.9000244140625,-973.7000122070312,-926.25,-871.0,-844.75,-823.9000244140625,-810.8500366210938,-800.5798950195312
4880,-893.0,125.71319580078125,21.131834030151367,172.3031883239746,-893.0,-875.0,69.6585922241211,-1087.06005859375,-1037.9000244140625,-973.7000122070312,-926.25,-875.0,-845.0,-825.7999877929688,-811.9500122070312,-800.8199462890625
4920,-893.699951171875,125.6679916381836,21.227622985839844,172.22959518432617,-893.7000122070312,-878.0,69.998779296875,-1087.06005859375,-1037.9000244140625,-973.7000122070312,-930.0,-878.0,-845.0,-825.7999877929688,-811.9500122070312,-800.8199462890625
4960,-894.239990234375,125.62617492675781,21.322616577148438,172.16039276123047,-894.239990234375,-881.0,69.82135772705078,-1087.06005859375,-1037.9000244140625,-973.7000122070312,-930.0,-881.0,-845.75,-825.7999877929688,-811.9500122070312,-800.8199462890625
5000,-894.5399780273438,125.57794189453125,21.4306640625,172.0795783996582,-894.5399780273438,-881.0,69.90127563476562,-1087.06005859375,-1037.9000244140625,-973.7000122070312,-930.0,-881.0,-845.75,-825.7999877929688,-811.9500122070312,-800.8199462890625
5040,-896.5999755859375,125.53369140625,21.545425415039062,172.00282669067383,-896.5999755859375,-886.5,69.8916244506836,-1087.06005859375,-1037.9000244140625,-973.7000122070312,-932.25,-886.5,-846.0,-825.7999877929688,-811.9500122070312,-800.8199462890625
5080,-900.5399780273438,125.4859619140625,21.639537811279297,171.9268569946289,-900.5399780273438,-891.0,71.70236206054688,-1087.06005859375,-1055.300048828125,-990.4000244140625,-934.25,-891.0,-847.0,-825.7999877929688,-811.9500122070312,-800.8199462890625
5120,-901.0599975585938,125.44000244140625,21.740032196044922,171.8485336303711,-901.0599975585938,-891.0,71.01884460449219,-1087.06005859375,-1055.300048828125,-990.4000244140625,-934.25,-891.0,-847.0,-827.7999877929688,-819.6000366210938,-805.8999633789062
5160,-901.0599975585938,125.3864974975586,21.83612060546875,171.76385116577148,-901.0599975585938,-891.0,71.01884460449219,-1087.06005859375,-1055.300048828125,-990.4000244140625,-934.25,-891.0,-847.0,-827.7999877929688,-819.6000366210938,-805.8999633789062
5200,-901.199951171875,125.33749389648438,21.95306396484375,171.67950439453125,-901.2000122070312,-891.0,70.90415954589844,-1087.06005859375,-1055.300048828125,-990.4000244140625,-934.25,-891.0,-847.75,-827.7999877929688,-819.6000366210938,-805.8999633789062
5240,-901.4199829101562,125.28422546386719,22.062023162841797,171.59363555908203,-901.4199829101562,-891.0,70.79452514648438,-1087.06005859375,-1055.300048828125,-990.4000244140625,-934.25,-891.0,-847.75,-827.7999877929688,-819.6000366210938,-805.8999633789062
5280,-902.2799682617188,125.2329330444336,22.162139892578125,171.51226043701172,-902.280029296875,-891.0,70.68070220947266,-1087.06005859375,-1055.300048828125,-990.4000244140625,-935.75,-891.0,-850.25,-833.4000244140625,-819.6000366210938,-808.9400024414062
5320,-902.5,125.17720794677734,22.268035888671875,171.42164611816406,-902.5,-891.0,70.5112075805664,-1087.06005859375,-1055.300048828125,-990.4000244140625,-935.75,-891.0,-851.0,-833.4000244140625,-819.6000366210938,-808.9400024414062
5360,-902.5,125.12384033203125,22.401615142822266,171.3299446105957,-902.5,-891.0,70.5112075805664,-1087.06005859375,-1055.300048828125,-990.4000244140625,-935.75,-891.0,-851.0,-833.4000244140625,-819.6000366210938,-808.9400024414062
5400,-903.699951171875,125.06964111328125,22.50600242614746,171.24245834350586,-903.7000122070312,-893.5,69.95133972167969,-1087.06005859375,-1055.300048828125,-990.4000244140625,-935.75,-893.5,-852.0,-833.4000244140625,-819.6000366210938,-808.9400024414062
5440,-903.699951171875,125.00780487060547,22.617650985717773,171.14463424682617,-903.7000122070312,-893.5,69.95133972167969,-1087.06005859375,-1055.300048828125,-990.4000244140625,-935.75,-893.5,-852.0,-833.4000244140625,-819.6000366210938,-808.9400024414062
5480,-904.5,124.95135498046875,22.731853485107422,171.05194854736328,-904.5,-893.5,69.08943176269531,-1087.06005859375,-1055.300048828125,-990.4000244140625,-935.75,-893.5,-852.0,-837.9000244140625,-822.8500366210938,-810.9599609375
5520,-905.6199951171875,124.88240051269531,22.843353271484375,170.9457015991211,-905.6199951171875,-894.0,68.67674255371094,-1087.06005859375,-1055.300048828125,-990.4000244140625,-935.75,-894.0,-853.5,-837.9000244140625,-822.8500366210938,-810.9599609375
5560,-908.5199584960938,124.81832885742188,22.962787628173828,170.8424072265625,-908.52001953125,-894.5,70.25816345214844,-1087.06005859375,-1055.300048828125,-994.7000122070312,-939.75,-894.5,-854.0,-837.9000244140625,-822.8500366210938,-810.9599609375
5600,-913.47998046875,124.75169372558594,23.072036743164062,170.74074935913086,-913.47998046875,-899.5,69.25322723388672,-1087.06005859375,-1055.300048828125,-1001.5,-945.0,-899.5,-859.0,-845.7000122070312,-827.75,-819.7799682617188
5640,-915.5199584960938,124.68206787109375,23.186534881591797,170.63101959228516,-915.52001953125,-901.0,69.00818634033203,-1087.06005859375,-1055.300048828125,-1001.5,-945.5,-901.0,-862.5,-846.0,-827.75,-819.7799682617188
5680,-915.6399536132812,124.6180648803711,23.299808502197266,170.52709197998047,-915.6400146484375,-901.0,69.15483093261719,-1087.06005859375,-1055.300048828125,-1006.0,-945.5,-901.0,-862.5,-846.0,-827.75,-819.7799682617188
5720,-917.1399536132812,124.55131530761719,23.404844284057617,170.42504119873047,-917.1400146484375,-903.5,68.44486999511719,-1087.06005859375,-1055.300048828125,-1006.0,-945.5,-903.5,-864.75,-849.5999755859375,-833.4500732421875,-819.7799682617188
5760,-920.0,124.4830551147461,23.516860961914062,170.318603515625,-920.0,-910.5,68.67138671875,-1087.06005859375,-1055.300048828125,-1008.0,-947.25,-910.5,-869.5,-850.9000244140625,-836.8500366210938,-819.7799682617188
5800,-920.5,124.4197006225586,23.633953094482422,170.21490859985352,-920.5,-911.0,68.25855255126953,-1087.06005859375,-1055.300048828125,-1008.0,-947.25,-911.0,-869.5,-850.9000244140625,-838.9000244140625,-822.719970703125
5840,-924.0399780273438,124.34852600097656,23.761058807373047,170.09936141967773,-924.0399780273438,-912.0,70.10476684570312,-1087.06005859375,-1061.3499755859375,-1038.199951171875,-948.0,-912.0,-876.0,-851.9000244140625,-845.6500244140625,-822.719970703125
5880,-925.8599853515625,124.27775573730469,23.868244171142578,169.9915771484375,-925.8599853515625,-914.5,70.80353546142578,-1087.06005859375,-1061.3499755859375,-1043.5999755859375,-949.0,-914.5,-876.75,-851.9000244140625,-845.6500244140625,-822.719970703125
5920,-928.5399780273438,124.20332336425781,23.97852897644043,169.87800216674805,-928.5399780273438,-916.0,72.60763549804688,-1087.06005859375,-1068.800048828125,-1049.5999755859375,-953.5,-916.0,-876.75,-852.0,-845.6500244140625,-822.719970703125
5960,-930.5999755859375,124.12593841552734,24.089590072631836,169.76014709472656,-930.5999755859375,-916.0,74.25199890136719,-1090.06005859375,-1084.050048828125,-1055.0,-961.5,-916.0,-879.25,-852.0,-845.6500244140625,-822.719970703125
6000,-933.0999755859375,124.03914642333984,24.19806480407715,169.6315803527832,-933.0999755859375,-922.0,74.41525268554688,-1090.06005859375,-1084.050048828125,-1055.0,-973.5,-922.0,-881.5,-852.0,-845.6500244140625,-822.719970703125
6040,-935.0999755859375,123.95817565917969,24.3175106048584,169.50545501708984,-935.0999755859375,-924.5,74.84911346435547,-1090.06005859375,-1084.050048828125,-1055.300048828125,-973.5,-924.5,-882.0,-852.0,-845.6500244140625,-822.719970703125
6080,-939.8800048828125,123.87034606933594,24.44011688232422,169.37087631225586,-939.8800048828125,-927.0,73.46363067626953,-1090.06005859375,-1084.050048828125,-1055.300048828125,-981.25,-927.0,-886.75,-854.0,-846.0,-838.679931640625
6120,-940.5199584960938,123.78656005859375,24.563879013061523,169.2431411743164,-940.52001953125,-927.0,73.4232177734375,-1090.06005859375,-1084.050048828125,-1055.300048828125,-981.25,-927.0,-887.75,-854.0,-846.0,-838.679931640625
6160,-943.9400024414062,123.69871520996094,24.676969528198242,169.11165618896484,-943.9400024414062,-931.0,72.9289779663086,-1090.06005859375,-1084.050048828125,-1058.300048828125,-981.25,-931.0,-894.75,-863.0,-850.75,-838.679931640625
6200,-945.7999877929688,123.6044921875,24.784408569335938,168.97395706176758,-945.7999877929688,-932.5,72.87633514404297,-1090.06005859375,-1084.050048828125,-1058.300048828125,-988.25,-932.5,-897.25,-863.0,-850.75,-838.679931640625
6240,-947.5799560546875,123.51176452636719,24.91718864440918,168.83143615722656,-947.5800170898438,-933.5,72.66569519042969,-1090.06005859375,-1084.050048828125,-1058.300048828125,-991.25,-933.5,-898.75,-864.9000244140625,-850.75,-838.679931640625
6280,-951.3999633789062,123.4169921875,25.051055908203125,168.68662643432617,-951.4000244140625,-933.5,76.89005279541016,-1121.5,-1087.1500244140625,-1066.199951171875,-1001.5,-933.5,-898.75,-864.9000244140625,-850.75,-838.679931640625
6320,-952.4599609375,123.32395935058594,25.171092987060547,168.54440307617188,-952.4600219726562,-933.5,75.95569610595703,-1121.5,-1087.1500244140625,-1066.199951171875,-1001.5,-933.5,-901.5,-864.9000244140625,-851.9500122070312,-845.8599853515625
6360,-957.7799682617188,123.23028564453125,25.301206588745117,168.4001693725586,-957.780029296875,-934.5,81.46699523925781,-1160.280029296875,-1094.4000244140625,-1076.800048828125,-1005.5,-934.5,-901.5,-864.9000244140625,-851.9500122070312,-845.8599853515625
6400,-959.9199829101562,123.12648010253906,25.41289520263672,168.24887084960938,-959.9199829101562,-940.5,81.34293365478516,-1160.280029296875,-1094.4000244140625,-1076.800048828125,-1010.25,-940.5,-901.5,-864.9000244140625,-851.9500122070312,-845.8599853515625
6440,-962.239990234375,123.0208740234375,25.54676055908203,168.08894729614258,-962.239990234375,-945.0,80.32249450683594,-1160.280029296875,-1094.4000244140625,-1076.800048828125,-1010.25,-945.0,-903.5,-867.7000122070312,-851.9500122070312,-845.8599853515625
6480,-965.7799682617188,122.90863037109375,25.674896240234375,167.9253807067871,-965.780029296875,-946.5,80.772216796875,-1160.280029296875,-1094.4000244140625,-1084.0999755859375,-1013.0,-946.5,-908.0,-873.4000244140625,-851.9500122070312,-845.8599853515625
6520,-968.97998046875,122.80352783203125,25.791881561279297,167.77076721191406,-968.97998046875,-948.0,82.61790466308594,-1160.280029296875,-1122.25,-1084.0999755859375,-1029.75,-948.0,-909.75,-873.4000244140625,-851.9500122070312,-845.8599853515625
6560,-975.719970703125,122.68301391601562,25.924072265625,167.5956039428711,-975.719970703125,-953.0,89.89684295654297,-1178.0400390625,-1149.550048828125,-1085.199951171875,-1033.0,-953.0,-911.0,-879.4000244140625,-851.9500122070312,-845.8599853515625
6600,-979.8999633789062,122.57733154296875,26.050674438476562,167.43782806396484,-979.9000244140625,-958.0,91.49398803710938,-1178.0400390625,-1160.699951171875,-1087.300048828125,-1037.75,-958.0,-911.0,-885.7000122070312,-851.9500122070312,-845.8599853515625
6640,-982.3399658203125,122.45970153808594,26.19356918334961,167.25985717773438,-982.3400268554688,-965.0,90.72334289550781,-1178.0400390625,-1160.699951171875,-1090.300048828125,-1037.75,-965.0,-912.5,-886.9000244140625,-863.5000610351562,-850.8999633789062
6680,-984.6599731445312,122.341552734375,26.31513786315918,167.08660888671875,-984.6599731445312,-974.0,90.01380157470703,-1178.0400390625,-1160.699951171875,-1090.300048828125,-1040.0,-974.0,-914.5,-895.1000366210938,-863.5000610351562,-850.8999633789062
6720,-991.2599487304688,122.21758270263672,26.4576416015625,166.90389251708984,-991.260009765625,-984.5,90.7110366821289,-1178.0400390625,-1160.699951171875,-1093.699951171875,-1055.0,-984.5,-919.0,-896.9000244140625,-863.5000610351562,-851.0
6760,-999.4400024414062,122.09028625488281,26.59565544128418,166.71601104736328,-999.4400024414062,-990.0,92.46321868896484,-1178.0400390625,-1170.199951171875,-1115.4000244140625,-1062.25,-990.0,-926.75,-896.9000244140625,-863.5000610351562,-851.0
6800,-1003.5599975585938,121.96157836914062,26.716419219970703,166.53283309936523,-1003.5599975585938,-992.5,96.04814147949219,-1195.6800537109375,-1174.1500244140625,-1149.300048828125,-1068.5,-992.5,-926.75,-896.9000244140625,-867.9500122070312,-851.97998046875
6840,-1007.5199584960938,121.83476257324219,26.864578247070312,166.34211349487305,-1007.52001953125,-1003.5,97.36390686035156,-1195.6800537109375,-1174.1500244140625,-1152.800048828125,-1071.5,-1003.5,-930.0,-896.9000244140625,-867.9500122070312,-851.97998046875
6880,-1013.8800048828125,121.70524597167969,26.986858367919922,166.15362167358398,-1013.8800048828125,-1005.0,103.78952026367188,-1252.8199462890625,-1177.8499755859375,-1160.5999755859375,-1077.75,-1005.0,-938.0,-897.800048828125,-867.9500122070312,-851.97998046875
6920,-1022.0799560546875,121.57988739013672,27.124120712280273,165.9679412841797,-1022.0800170898438,-1010.5,109.49938201904297,-1295.0799560546875,-1194.050048828125,-1166.4000244140625,-1083.25,-1010.5,-939.75,-899.9000244140625,-874.0,-853.9599609375
6960,-1026.719970703125,121.44625091552734,27.251340866088867,165.7734375,-1026.719970703125,-1013.5,107.59443664550781,-1295.0799560546875,-1194.050048828125,-1166.4000244140625,-1084.25,-1013.5,-944.25,-904.7000122070312,-874.9500122070312,-866.7399291992188
7000,-1033.47998046875,121.30452728271484,27.392667770385742,165.56083297729492,-1033.47998046875,-1025.5,107.55579376220703,-1295.0799560546875,-1194.050048828125,-1170.4000244140625,-1086.0,-1025.5,-948.0,-904.7000122070312,-874.9500122070312,-866.7399291992188
7040,-1035.8199462890625,121.16227722167969,27.518590927124023,165.35352325439453,-1035.8199462890625,-1031.5,107.28264617919922,-1295.0799560546875,-1194.050048828125,-1170.4000244140625,-1087.75,-1031.5,-948.0,-908.5999755859375,-896.85009765625,-866.7399291992188
7080,-1038.0,121.01937103271484,27.66120147705078,165.14353561401367,-1038.0,-1036.5,107.27012634277344,-1295.0799560546875,-1194.050048828125,-1170.4000244140625,-1092.0,-1036.5,-966.0,-908.5999755859375,-896.85009765625,-866.7399291992188
7120,-1039.6199951171875,120.85918426513672,27.79012680053711,164.9177474975586,-1039.6199951171875,-1038.5,106.82459259033203,-1295.0799560546875,-1194.050048828125,-1170.4000244140625,-1092.75,-1038.5,-971.25,-910.4000244140625,-896.85009765625,-866.7399291992188
7160,-1050.93994140625,120.70952606201172,27.935073852539062,164.69713592529297,-1050.93994140625,-1045.0,116.0949478149414,-1397.5400390625,-1252.050048828125,-1177.0999755859375,-1114.0,-1045.0,-976.75,-910.4000244140625,-896.85009765625,-866.7399291992188
7200,-1056.97998046875,120.54595184326172,28.05268669128418,164.4709930419922,-1056.97998046875,-1053.5,117.98118591308594,-1397.5400390625,-1253.300048828125,-1178.0999755859375,-1123.5,-1053.5,-976.75,-915.5,-897.8001098632812,-866.7399291992188
7240,-1065.47998046875,120.38226318359375,28.19757652282715,164.2323455810547,-1065.47998046875,-1055.0,120.4558334350586,-1397.5400390625,-1286.3499755859375,-1196.5,-1132.75,-1055.0,-982.0,-916.0,-899.9500122070312,-866.7399291992188
7280,-1069.5799560546875,120.21714782714844,28.321319580078125,164.00156784057617,-1069.5799560546875,-1059.0,120.49009704589844,-1397.5400390625,-1286.3499755859375,-1200.0999755859375,-1143.25,-1059.0,-985.5,-919.5999755859375,-899.9500122070312,-866.7399291992188
7320,-1073.919921875,120.05697631835938,28.472143173217773,163.76687622070312,-1073.9200439453125,-1068.0,117.68990325927734,-1397.5400390625,-1286.3499755859375,-1200.0999755859375,-1143.25,-1068.0,-988.0,-931.2999877929688,-904.7000122070312,-866.7399291992188
7360,-1079.760009765625,119.87799072265625,28.623992919921875,163.50950622558594,-1079.760009765625,-1073.0,118.10987091064453,-1397.5400390625,-1293.8499755859375,-1222.2999267578125,-1149.75,-1073.0,-993.5,-939.2000122070312,-904.7000122070312,-866.7399291992188
7400,-1080.8800048828125,119.71626281738281,28.761276245117188,163.2746810913086,-1080.8800048828125,-1075.0,117.41236877441406,-1397.5400390625,-1293.8499755859375,-1222.2999267578125,-1149.75,-1075.0,-998.75,-944.5,-910.7000122070312,-866.7399291992188
7440,-1086.280029296875,119.53118896484375,28.904348373413086,163.00829315185547,-1086.280029296875,-1082.0,118.87675476074219,-1397.5400390625,-1293.8499755859375,-1245.699951171875,-1161.5,-1082.0,-1000.0,-948.5999755859375,-910.7000122070312,-866.7399291992188
7480,-1092.3800048828125,119.33910369873047,29.035079956054688,162.74172973632812,-1092.3800048828125,-1084.0,116.79288482666016,-1397.5400390625,-1293.8499755859375,-1245.699951171875,-1167.0,-1084.0,-1009.25,-952.7000122070312,-910.7000122070312,-873.8599853515625
7520,-1094.97998046875,119.14944458007812,29.171667098999023,162.47015762329102,-1094.97998046875,-1084.0,117.95252990722656,-1397.5400390625,-1293.8499755859375,-1252.0999755859375,-1171.0,-1084.0,-1009.25,-952.7000122070312,-910.7000122070312,-873.8599853515625
7560,-1105.8800048828125,118.9511947631836,29.297775268554688,162.19437408447266,-1105.8800048828125,-1088.5,120.15950775146484,-1397.5400390625,-1310.050048828125,-1259.300048828125,-1177.25,-1088.5,-1010.75,-975.2999877929688,-929.75,-885.6199340820312
7600,-1112.780029296875,118.74803161621094,29.451000213623047,161.90262985229492,-1112.780029296875,-1102.5,119.34736633300781,-1397.5400390625,-1310.050048828125,-1262.800048828125,-1178.25,-1102.5,-1033.5,-975.2999877929688,-929.75,-885.6199340820312
7640,-1123.1600341796875,118.53010559082031,29.6099853515625,161.59179306030273,-1123.1600341796875,-1115.5,118.68367767333984,-1397.5400390625,-1310.050048828125,-1265.5,-1195.0,-1115.5,-1040.0,-981.4000244140625,-931.9000244140625,-885.97998046875
7680,-1127.5999755859375,118.32855224609375,29.750564575195312,161.30219268798828,-1127.5999755859375,-1118.0,118.83988952636719,-1397.5400390625,-1312.75,-1271.0,-1202.25,-1118.0,-1051.0,-983.7999877929688,-931.9000244140625,-885.97998046875
7720,-1135.3399658203125,118.11827087402344,29.901931762695312,160.99848556518555,-1135.3399658203125,-1122.0,122.61078643798828,-1408.3199462890625,-1347.5999755859375,-1286.699951171875,-1221.75,-1122.0,-1051.0,-983.7999877929688,-967.150146484375,-910.4798583984375
7760,-1146.760009765625,117.88838195800781,30.022594451904297,160.68059158325195,-1146.760009765625,-1132.5,129.62600708007812,-1427.1400146484375,-1397.550048828125,-1310.0999755859375,-1237.25,-1132.5,-1054.75,-987.4000244140625,-967.150146484375,-910.4798583984375
7800,-1156.780029296875,117.67476654052734,30.154022216796875,160.38106536865234,-1156.780029296875,-1141.5,128.9664764404297,-1434.1600341796875,-1408.800048828125,-1310.0999755859375,-1237.25,-1141.5,-1069.0,-1010.2999877929688,-981.7000122070312,-929.0997924804688
7840,-1163.679931640625,117.45629119873047,30.269290924072266,160.0796127319336,-1163.6800537109375,-1146.0,130.13999938964844,-1434.1600341796875,-1408.800048828125,-1344.199951171875,-1246.75,-1146.0,-1076.25,-1011.0,-987.7000122070312,-958.4996948242188
7880,-1169.7999267578125,117.22112274169922,30.417381286621094,159.74332427978516,-1169.800048828125,-1153.0,130.65664672851562,-1434.1600341796875,-1408.800048828125,-1348.5999755859375,-1254.5,-1153.0,-1080.75,-1025.800048828125,-1001.10009765625,-974.1796264648438
7920,-1190.199951171875,117.0023193359375,30.547767639160156,159.4348373413086,-1190.199951171875,-1177.5,139.9751434326172,-1444.280029296875,-1424.1500244140625,-1374.0999755859375,-1293.25,-1177.5,-1090.75,-1032.9000244140625,-1001.10009765625,-974.1796264648438
7960,-1202.919921875,116.77249145507812,30.668087005615234,159.1143684387207,-1202.9200439453125,-1203.0,142.96234130859375,-1444.280029296875,-1427.0999755859375,-1393.4000244140625,-1305.25,-1203.0,-1093.75,-1033.9000244140625,-1002.0501098632812,-974.1796264648438
8000,-1214.239990234375,116.54226684570312,30.825698852539062,158.78051376342773,-1214.239990234375,-1212.5,137.11215209960938,-1444.280029296875,-1427.0999755859375,-1393.4000244140625,-1305.25,-1212.5,-1104.25,-1054.9000244140625,-1025.800048828125,-974.1796264648438
8040,-1220.679931640625,116.29478454589844,30.960493087768555,158.43627548217773,-1220.6800537109375,-1221.0,139.94918823242188,-1556.0,-1434.4000244140625,-1393.4000244140625,-1305.25,-1221.0,-1107.25,-1058.5999755859375,-1025.800048828125,-974.1796264648438
8080,-1228.0399169921875,116.0483627319336,31.06886863708496,158.096923828125,-1228.0400390625,-1230.5,139.3810577392578,-1556.0,-1434.4000244140625,-1397.300048828125,-1310.0,-1230.5,-1131.0,-1058.5999755859375,-1025.800048828125,-974.1796264648438
8120,-1235.5799560546875,115.78274536132812,31.17679214477539,157.73981857299805,-1235.5799560546875,-1252.5,141.68170166015625,-1556.0,-1436.300048828125,-1409.5999755859375,-1311.25,-1252.5,-1139.75,-1058.5999755859375,-1034.35009765625,-974.1796264648438
8160,-1242.5599365234375,115.52947998046875,31.323261260986328,157.3808479309082,-1242.56005859375,-1253.5,143.4715576171875,-1556.0,-1455.550048828125,-1429.199951171875,-1333.25,-1253.5,-1144.75,-1069.4000244140625,-1034.35009765625,-974.6796875
8200,-1245.0599365234375,115.27873229980469,31.452556610107422,157.02836227416992,-1245.06005859375,-1253.5,144.45704650878906,-1556.0,-1468.949951171875,-1431.300048828125,-1333.25,-1253.5,-1149.0,-1069.4000244140625,-1034.35009765625,-974.6796875
8240,-1252.0799560546875,115.00250244140625,31.58356475830078,156.642822265625,-1252.0799560546875,-1256.5,144.74887084960938,-1556.260009765625,-1525.4000244140625,-1431.300048828125,-1347.75,-1256.5,-1156.75,-1071.9000244140625,-1049.35009765625,-974.6796875
8280,-1258.719970703125,114.7237548828125,31.719106674194336,156.2491455078125,-1258.719970703125,-1262.0,145.78353881835938,-1556.260009765625,-1525.4000244140625,-1434.199951171875,-1358.0,-1262.0,-1165.75,-1071.9000244140625,-1049.35009765625,-981.8800048828125
8320,-1267.5999755859375,114.43889617919922,31.85633087158203,155.8526725769043,-1267.5999755859375,-1267.5,152.41246032714844,-1576.3800048828125,-1534.1500244140625,-1441.7999267578125,-1364.25,-1267.5,-1172.5,-1071.9000244140625,-1049.35009765625,-981.8800048828125
8360,-1289.7999267578125,114.1417236328125,31.988388061523438,155.4376220703125,-1289.800048828125,-1288.5,150.74057006835938,-1576.3800048828125,-1554.0999755859375,-1501.5999755859375,-1381.5,-1288.5,-1188.5,-1071.9000244140625,-1049.7000732421875,-1012.3798828125
8400,-1293.3199462890625,113.84886169433594,32.108604431152344,155.03424835205078,-1293.3199462890625,-1288.5,152.93258666992188,-1576.3800048828125,-1554.0999755859375,-1501.5999755859375,-1398.25,-1288.5,-1188.5,-1071.9000244140625,-1049.7000732421875,-1012.3798828125
8440,-1308.0399169921875,113.54635620117188,32.25428771972656,154.6082420349121,-1308.0400390625,-1293.0,159.97975158691406,-1654.1400146484375,-1596.0999755859375,-1529.5999755859375,-1427.5,-1293.0,-1216.5,-1089.9000244140625,-1064.4500732421875,-1043.3798828125
8480,-1318.179931640625,113.2506332397461,32.376686096191406,154.1948127746582,-1318.1800537109375,-1295.5,162.6102294921875,-1661.780029296875,-1597.75,-1553.0999755859375,-1431.0,-1295.5,-1216.5,-1096.5999755859375,-1067.5,-1049.8800048828125
8520,-1326.7999267578125,112.93759155273438,32.52701950073242,153.7482566833496,-1326.800048828125,-1304.0,158.50576782226562,-1661.780029296875,-1597.75,-1553.0999755859375,-1434.5,-1304.0,-1222.5,-1128.9000244140625,-1092.8499755859375,-1049.8800048828125
8560,-1342.3800048828125,112.64717864990234,32.68837356567383,153.31624221801758,-1342.3800048828125,-1308.0,157.0474395751953,-1700.739990234375,-1650.199951171875,-1555.0,-1456.25,-1308.0,-1243.5,-1149.699951171875,-1126.4501953125,-1089.419921875
8600,-1346.0399169921875,112.33451843261719,32.82604217529297,152.87739181518555,-1346.0400390625,-1310.0,156.43450927734375,-1700.739990234375,-1650.199951171875,-1564.5,-1456.25,-1310.0,-1244.75,-1149.699951171875,-1126.4501953125,-1089.419921875
8640,-1360.0599365234375,112.01879119873047,32.97798156738281,152.4225311279297,-1360.06005859375,-1337.0,159.7645721435547,-1737.43994140625,-1650.550048828125,-1568.0999755859375,-1461.25,-1337.0,-1251.0,-1171.7000732421875,-1145.1500244140625,-1089.419921875
8680,-1376.9000244140625,111.70183563232422,33.109413146972656,151.97308349609375,-1376.9000244140625,-1358.5,162.94485473632812,-1737.43994140625,-1666.25,-1593.199951171875,-1467.5,-1358.5,-1254.5,-1185.0999755859375,-1148.9500732421875,-1089.419921875
8720,-1380.0599365234375,111.36924743652344,33.241153717041016,151.50510787963867,-1380.06005859375,-1358.5,161.00955200195312,-1737.43994140625,-1666.25,-1593.199951171875,-1475.25,-1358.5,-1254.5,-1194.0999755859375,-1158.550048828125,-1092.35986328125
8760,-1392.199951171875,111.04930114746094,33.37665939331055,151.04999923706055,-1392.199951171875,-1381.0,165.83750915527344,-1752.1400146484375,-1707.949951171875,-1599.699951171875,-1481.5,-1381.0,-1262.5,-1202.199951171875,-1169.4500732421875,-1127.6396484375
8800,-1401.780029296875,110.70726013183594,33.500579833984375,150.57691955566406,-1401.780029296875,-1399.5,163.09454345703125,-1759.260009765625,-1707.949951171875,-1609.0,-1486.75,-1399.5,-1275.25,-1212.9000244140625,-1172.8499755859375,-1149.5799560546875
8840,-1408.5599365234375,110.36383056640625,33.627227783203125,150.0978240966797,-1408.56005859375,-1409.0,162.50933837890625,-1761.219970703125,-1726.550048828125,-1636.9000244140625,-1486.75,-1409.0,-1276.75,-1221.9000244140625,-1185.35009765625,-1149.5799560546875
8880,-1423.4599609375,110.01225280761719,33.755149841308594,149.5978660583496,-1423.4599609375,-1426.0,169.89146423339844,-1774.1600341796875,-1738.0999755859375,-1645.5,-1529.0,-1426.0,-1281.75,-1232.800048828125,-1185.35009765625,-1149.5799560546875
8920,-1432.97998046875,109.6446762084961,33.89530944824219,149.08038330078125,-1432.97998046875,-1432.5,174.71633911132812,-1781.02001953125,-1759.0999755859375,-1697.0999755859375,-1540.75,-1432.5,-1289.5,-1233.9000244140625,-1202.1500244140625,-1149.5799560546875
8960,-1453.02001953125,109.2613525390625,34.00077438354492,148.54429244995117,-1453.02001953125,-1442.0,179.97654724121094,-1879.02001953125,-1772.3499755859375,-1713.4000244140625,-1564.75,-1442.0,-1304.25,-1241.5999755859375,-1221.949951171875,-1184.8597412109375
9000,-1464.419921875,108.86400604248047,34.10315704345703,147.99906158447266,-1464.4200439453125,-1458.5,186.90036010742188,-1879.02001953125,-1779.75,-1739.4000244140625,-1568.25,-1458.5,-1309.25,-1241.5999755859375,-1221.949951171875,-1184.8597412109375
9040,-1478.5799560546875,108.46968841552734,34.2509880065918,147.43795013427734,-1478.5799560546875,-1471.0,185.30813598632812,-1879.02001953125,-1779.75,-1739.7999267578125,-1595.75,-1471.0,-1344.75,-1241.5999755859375,-1229.60009765625,-1204.619873046875
9080,-1491.8599853515625,108.06805419921875,34.3885612487793,146.86628341674805,-1491.8599853515625,-1482.0,187.8129425048828,-1879.02001953125,-1794.050048828125,-1772.300048828125,-1614.75,-1482.0,-1344.75,-1243.800048828125,-1232.8499755859375,-1220.9599609375
9120,-1509.0599365234375,107.66584777832031,34.51750183105469,146.29930114746094,-1509.06005859375,-1485.0,195.064697265625,-1927.219970703125,-1835.699951171875,-1778.0999755859375,-1652.0,-1485.0,-1352.75,-1244.9000244140625,-1233.949951171875,-1221.93994140625
9160,-1522.0,107.28611755371094,34.66560363769531,145.74189376831055,-1522.0,-1498.5,195.5273895263672,-1927.219970703125,-1861.3499755859375,-1779.5,-1677.0,-1498.5,-1355.25,-1244.9000244140625,-1233.949951171875,-1221.93994140625
9200,-1539.679931640625,106.91887664794922,34.81190490722656,145.20050430297852,-1539.6800537109375,-1529.0,197.17955017089844,-1938.3800048828125,-1868.5999755859375,-1797.0,-1686.5,-1529.0,-1394.5,-1247.699951171875,-1237.8499755859375,-1229.7799072265625
9240,-1552.919921875,106.51033782958984,34.92784881591797,144.63104629516602,-1552.9200439453125,-1544.0,193.57456970214844,-1939.3599853515625,-1919.4000244140625,-1816.9000244140625,-1688.0,-1544.0,-1419.75,-1298.300048828125,-1241.800048828125,-1232.93994140625
9280,-1564.7999267578125,106.09953308105469,35.069793701171875,144.0363311767578,-1564.800048828125,-1554.5,195.19580078125,-1958.8599853515625,-1927.550048828125,-1816.9000244140625,-1688.0,-1554.5,-1449.0,-1310.9000244140625,-1241.800048828125,-1232.9599609375
9320,-1579.199951171875,105.67033386230469,35.19289779663086,143.4279556274414,-1579.199951171875,-1559.0,198.57269287109375,-1958.8599853515625,-1938.050048828125,-1842.5999755859375,-1695.5,-1559.0,-1453.75,-1315.5999755859375,-1243.9000244140625,-1234.9599609375
9360,-1594.6199951171875,105.23751068115234,35.297603607177734,142.82171630859375,-1594.6199951171875,-1568.5,202.35537719726562,-1987.280029296875,-1939.0999755859375,-1901.9000244140625,-1711.75,-1568.5,-1466.25,-1321.4000244140625,-1244.0,-1237.93994140625
9400,-1615.219970703125,104.83720397949219,35.4249153137207,142.24259567260742,-1615.219970703125,-1605.5,207.20018005371094,-2066.159912109375,-1986.050048828125,-1909.0999755859375,-1747.5,-1605.5,-1477.75,-1362.0999755859375,-1250.9000244140625,-1241.919921875
9440,-1623.8800048828125,104.41433715820312,35.56100845336914,141.62524032592773,-1623.8800048828125,-1605.5,207.1632843017578,-2066.159912109375,-1988.0999755859375,-1909.0999755859375,-1771.25,-1605.5,-1481.75,-1366.699951171875,-1286.150146484375,-1243.9599609375
9480,-1629.1199951171875,103.97111511230469,35.65930938720703,141.0023536682129,-1629.1199951171875,-1619.0,207.25274658203125,-2066.159912109375,-1988.9000244140625,-1909.0999755859375,-1771.25,-1619.0,-1484.0,-1366.699951171875,-1286.150146484375,-1243.9599609375
9520,-1639.52001953125,103.49078369140625,35.77243423461914,140.32236862182617,-1639.52001953125,-1626.5,211.34494018554688,-2074.419921875,-2059.0,-1909.0999755859375,-1771.25,-1626.5,-1492.75,-1367.5999755859375,-1314.60009765625,-1243.9599609375
9560,-1649.3199462890625,103.01225280761719,35.88108444213867,139.64957427978516,-1649.3199462890625,-1629.5,214.3226776123047,-2093.0400390625,-2059.35009765625,-1931.699951171875,-1771.25,-1629.5,-1494.75,-1388.7000732421875,-1314.60009765625,-1248.9000244140625
9600,-1663.0399169921875,102.50932312011719,35.97940444946289,138.94338989257812,-1663.0400390625,-1655.0,213.41537475585938,-2093.0400390625,-2059.35009765625,-1934.699951171875,-1791.0,-1655.0,-1494.75,-1389.0999755859375,-1340.949951171875,-1256.739990234375
9640,-1673.659912109375,102.01597595214844,36.10624313354492,138.23063278198242,-1673.6600341796875,-1661.5,211.3385009765625,-2095.47998046875,-2059.35009765625,-1934.699951171875,-1836.5,-1661.5,-1515.25,-1396.199951171875,-1344.800048828125,-1333.1795654296875
9680,-1691.719970703125,101.53045654296875,36.22376251220703,137.5172882080078,-1691.719970703125,-1675.5,217.31507873535156,-2107.239990234375,-2066.39990234375,-1996.300048828125,-1875.0,-1675.5,-1535.25,-1433.9000244140625,-1382.2501220703125,-1333.1795654296875
9720,-1714.02001953125,101.06963348388672,36.36824035644531,136.82812881469727,-1714.02001953125,-1697.0,217.90142822265625,-2189.39990234375,-2075.64990234375,-2042.699951171875,-1875.0,-1697.0,-1537.75,-1462.5,-1388.949951171875,-1367.679931640625
9760,-1726.8800048828125,100.52735900878906,36.480552673339844,136.05681991577148,-1726.8800048828125,-1705.0,220.64564514160156,-2209.639892578125,-2110.60009765625,-2050.89990234375,-1880.0,-1705.0,-1556.5,-1479.2000732421875,-1406.10009765625,-1382.3798828125
9800,-1747.43994140625,100.04338836669922,36.59859085083008,135.3586654663086,-1747.43994140625,-1722.5,227.53656005859375,-2249.02001953125,-2180.25,-2075.5,-1880.0,-1722.5,-1573.25,-1481.9000244140625,-1413.6500244140625,-1387.7999267578125
9840,-1764.739990234375,99.54808044433594,36.704532623291016,134.6320686340332,-1764.739990234375,-1742.0,224.0374298095703,-2250.02001953125,-2180.25,-2075.5,-1918.25,-1742.0,-1595.5,-1488.9000244140625,-1460.6002197265625,-1388.0
9880,-1781.3399658203125,99.03903198242188,36.80487823486328,133.89949798583984,-1781.3399658203125,-1766.0,232.01966857910156,-2250.02001953125,-2204.699951171875,-2104.300048828125,-1930.0,-1766.0,-1596.75,-1489.9000244140625,-1460.6002197265625,-1388.0
9920,-1798.5799560546875,98.53758239746094,36.90637969970703,133.15765380859375,-1798.5799560546875,-1792.0,234.1372833251953,-2250.3798828125,-2204.699951171875,-2154.39990234375,-1953.25,-1792.0,-1613.25,-1494.5,-1480.9000244140625,-1414.4598388671875
9960,-1814.8800048828125,98.01554870605469,36.9741096496582,132.4132194519043,-1814.8800048828125,-1812.0,239.9912872314453,-2260.080078125,-2219.14990234375,-2167.300048828125,-1983.75,-1812.0,-1614.0,-1501.5999755859375,-1488.60009765625,-1414.4598388671875
10000,-1821.4599609375,97.52601623535156,37.102256774902344,131.6742286682129,-1821.4599609375,-1829.0,238.89869689941406,-2260.080078125,-2219.14990234375,-2167.300048828125,-1983.75,-1829.0,-1614.0,-1507.4000244140625,-1489.550048828125,-1414.4598388671875
