step,best_fitness,avg_hamming,avg_l1,avg_entropy,mean,median,std,2%,5%,10%,25%,50%,75%,90%,95%,98%
60,-136.739990234375,31.993759155273438,1.8803832530975342,44.268235524495445,-136.74000549316406,-136.5,29.651514053344727,-200.1199951171875,-186.0,-168.0,-156.0,-136.5,-114.0,-99.80000305175781,-92.0,-82.87999725341797
120,-150.87998962402344,31.987499237060547,1.947279691696167,44.25579833984375,-150.8800048828125,-149.0,24.926803588867188,-206.60000610351562,-190.10000610351562,-182.1999969482422,-166.0,-149.0,-134.75,-120.0,-116.0,-110.9800033569336
180,-156.5800018310547,31.98174285888672,2.0232174396514893,44.242393493652344,-156.5800018310547,-154.0,25.733705520629883,-212.47999572753906,-192.39999389648438,-188.10000610351562,-172.0,-154.0,-140.0,-124.0,-117.0,-113.94000244140625
240,-161.9199981689453,31.974889755249023,2.0836405754089355,44.22887674967448,-161.9199981689453,-162.5,24.250226974487305,-212.47999572753906,-200.0,-190.0,-178.25,-162.5,-146.0,-130.60000610351562,-125.9000015258789,-116.94000244140625
300,-165.86000061035156,31.969287872314453,2.1528098583221436,44.21601994832357,-165.86000061035156,-166.0,23.98875617980957,-220.32000732421875,-206.0,-194.0,-182.0,-166.0,-149.0,-136.0,-130.75,-123.95999908447266
360,-169.1199951171875,31.96283721923828,2.220580816268921,44.20240275065104,-169.1199951171875,-167.5,23.798856735229492,-230.1199951171875,-206.3000030517578,-198.1999969482422,-186.0,-167.5,-151.75,-140.0,-136.0,-125.95999908447266
420,-171.95999145507812,31.956111907958984,2.2893624305725098,44.18800608317057,-171.9600067138672,-168.0,23.496349334716797,-230.1199951171875,-212.3000030517578,-200.1999969482422,-186.5,-168.0,-155.75,-143.89999389648438,-138.85000610351562,-130.89999389648438
480,-173.13999938964844,31.949615478515625,2.3428711891174316,44.17524337768555,-173.13999938964844,-168.0,23.058629989624023,-230.1199951171875,-212.3000030517578,-200.1999969482422,-189.25,-168.0,-156.0,-145.8000030517578,-140.0,-135.89999389648438
540,-174.5399932861328,31.942581176757812,2.4067442417144775,44.16049321492513,-174.5399932861328,-172.5,22.450576782226562,-230.1199951171875,-212.3000030517578,-200.1999969482422,-189.25,-172.5,-158.75,-146.0,-140.0,-139.97999572753906
600,-175.67999267578125,31.936519622802734,2.4676027297973633,44.14702224731445,-175.67999267578125,-173.5,22.4351863861084,-230.1199951171875,-212.3000030517578,-202.39999389648438,-190.5,-173.5,-160.0,-149.0,-140.0,-139.97999572753906
660,-177.87998962402344,31.929218292236328,2.5203404426574707,44.1330451965332,-177.8800048828125,-176.0,22.127485275268555,-230.1199951171875,-212.3000030517578,-206.0,-192.5,-176.0,-162.0,-151.89999389648438,-145.9499969482422,-139.97999572753906
720,-178.83999633789062,31.921794891357422,2.5823123455047607,44.11785761515299,-178.83999633789062,-178.0,22.265993118286133,-232.0800018310547,-212.3000030517578,-206.0,-194.0,-178.0,-162.75,-152.89999389648438,-145.9499969482422,-139.97999572753906
780,-181.17999267578125,31.914813995361328,2.6451845169067383,44.102612813313804,-181.17999267578125,-180.0,21.84050178527832,-232.0800018310547,-218.10000610351562,-208.1999969482422,-194.0,-180.0,-164.5,-155.8000030517578,-151.85000610351562,-145.97999572753906
840,-182.25999450683594,31.90644073486328,2.698310613632202,44.08643086751302,-182.25999450683594,-182.0,22.00937271118164,-232.0800018310547,-220.3000030517578,-210.0,-195.0,-182.0,-165.0,-156.0,-151.89999389648438,-147.94000244140625
900,-184.09999084472656,31.897472381591797,2.755340099334717,44.069592793782554,-184.10000610351562,-183.0,21.93604278564453,-236.16000366210938,-226.1999969482422,-210.1999969482422,-198.0,-183.0,-166.0,-158.8000030517578,-153.9499969482422,-149.9600067138672
960,-184.83999633789062,31.887853622436523,2.803412914276123,44.05296961466471,-184.83999633789062,-184.0,21.541921615600586,-236.16000366210938,-226.1999969482422,-210.1999969482422,-198.0,-184.0,-166.0,-160.0,-155.89999389648438,-151.9600067138672
1020,-185.55999755859375,31.878164291381836,2.850236415863037,44.03618876139323,-185.55999755859375,-184.0,22.11439323425293,-236.16000366210938,-230.10000610351562,-212.60000610351562,-198.25,-184.0,-166.0,-160.0,-155.89999389648438,-151.9600067138672
1080,-186.4199981689453,31.867183685302734,2.9116885662078857,44.01606241861979,-186.4199981689453,-185.0,21.694782257080078,-236.16000366210938,-230.10000610351562,-214.39999389648438,-199.25,-185.0,-167.0,-161.8000030517578,-158.85000610351562,-152.97999572753906
1140,-186.8000030517578,31.856708526611328,2.96919322013855,43.99682744344076,-186.8000030517578,-186.0,21.659177780151367,-236.16000366210938,-230.10000610351562,-214.39999389648438,-200.0,-186.0,-167.75,-161.8000030517578,-158.85000610351562,-152.97999572753906
1200,-187.6199951171875,31.84737777709961,3.0159311294555664,43.980072021484375,-187.6199951171875,-186.0,21.8891658782959,-236.16000366210938,-230.10000610351562,-218.0,-200.0,-186.0,-168.75,-162.89999389648438,-158.85000610351562,-152.97999572753906
1260,-188.37998962402344,31.836761474609375,3.0752639770507812,43.960594177246094,-188.3800048828125,-187.0,22.33776092529297,-240.0800018310547,-232.10000610351562,-218.1999969482422,-200.5,-187.0,-169.75,-163.0,-158.85000610351562,-152.97999572753906
1320,-189.05999755859375,31.82347869873047,3.1235358715057373,43.939083099365234,-189.05999755859375,-189.5,22.159339904785156,-240.0800018310547,-232.10000610351562,-218.1999969482422,-202.0,-189.5,-170.0,-163.89999389648438,-159.9499969482422,-153.97999572753906
1380,-190.33999633789062,31.810649871826172,3.182337522506714,43.91670227050781,-190.33999633789062,-190.0,23.471778869628906,-244.0800018310547,-232.1999969482422,-220.60000610351562,-204.5,-190.0,-170.0,-163.89999389648438,-159.9499969482422,-155.94000244140625
1440,-190.6199951171875,31.797866821289062,3.2326903343200684,43.89574940999349,-190.6199951171875,-190.0,23.58506965637207,-244.0800018310547,-232.1999969482422,-220.60000610351562,-206.0,-190.0,-170.0,-163.89999389648438,-159.9499969482422,-155.94000244140625
1500,-191.6599884033203,31.78262710571289,3.283221960067749,43.87125142415365,-191.66000366210938,-190.5,24.251277923583984,-244.0800018310547,-236.1999969482422,-226.1999969482422,-206.5,-190.5,-170.75,-163.89999389648438,-159.9499969482422,-155.94000244140625
1560,-191.739990234375,31.769620895385742,3.3337197303771973,43.84899775187174,-191.74000549316406,-190.5,24.167177200317383,-244.0800018310547,-236.1999969482422,-226.1999969482422,-206.5,-190.5,-170.75,-164.0,-159.9499969482422,-155.94000244140625
1620,-192.37998962402344,31.7541561126709,3.3936851024627686,43.8229014078776,-192.3800048828125,-191.5,24.428991317749023,-244.0800018310547,-236.1999969482422,-228.1999969482422,-208.5,-191.5,-171.75,-164.0,-159.9499969482422,-155.94000244140625
1680,-192.59999084472656,31.73695945739746,3.4373435974121094,43.79668299357096,-192.60000610351562,-191.5,24.196693420410156,-244.0800018310547,-236.1999969482422,-228.1999969482422,-208.5,-191.5,-171.75,-164.0,-159.9499969482422,-157.9600067138672
1740,-193.27999877929688,31.720983505249023,3.4867539405822754,43.7702522277832,-193.27999877929688,-193.0,23.90149688720703,-244.0800018310547,-236.1999969482422,-228.1999969482422,-208.5,-193.0,-173.75,-164.0,-159.9499969482422,-157.9600067138672
1800,-193.5,31.701900482177734,3.542677640914917,43.74078623453776,-193.5,-194.0,24.11949348449707,-248.1199951171875,-236.1999969482422,-228.1999969482422,-208.5,-194.0,-173.75,-164.0,-159.9499969482422,-157.9600067138672
1860,-194.59999084472656,31.682912826538086,3.59454607963562,43.71079126993815,-194.60000610351562,-194.0,25.648391723632812,-254.27999877929688,-244.0,-230.1999969482422,-210.0,-194.0,-173.75,-165.8000030517578,-159.9499969482422,-157.9600067138672
1920,-194.94000244140625,31.660429000854492,3.63978910446167,43.67881647745768,-194.94000244140625,-194.0,25.473051071166992,-254.27999877929688,-244.0,-230.1999969482422,-210.0,-194.0,-174.75,-165.8000030517578,-159.9499969482422,-157.9600067138672
1980,-195.5800018310547,31.637256622314453,3.6865272521972656,43.64513397216797,-195.5800018310547,-194.0,25.424076080322266,-254.27999877929688,-244.0,-230.1999969482422,-210.0,-194.0,-175.75,-165.8000030517578,-159.9499969482422,-157.9600067138672
2040,-196.1599884033203,31.609970092773438,3.732180595397949,43.60673141479492,-196.16000366210938,-194.0,25.263696670532227,-254.27999877929688,-244.0,-230.1999969482422,-210.25,-194.0,-177.5,-165.8000030517578,-159.9499969482422,-157.9600067138672
2100,-196.51998901367188,31.58238983154297,3.777095317840576,43.568190256754555,-196.52000427246094,-194.0,25.02657699584961,-254.27999877929688,-244.0,-230.1999969482422,-210.25,-194.0,-177.5,-166.0,-160.0,-157.9600067138672
2160,-197.05999755859375,31.55245018005371,3.8281638622283936,43.52511723836263,-197.05999755859375,-194.0,25.471481323242188,-268.0,-244.0,-230.1999969482422,-210.25,-194.0,-178.75,-166.89999389648438,-162.85000610351562,-158.97999572753906
2220,-197.1599884033203,31.52560043334961,3.887030601501465,43.48394012451172,-197.16000366210938,-194.0,25.425466537475586,-268.0,-244.0,-232.0,-210.25,-194.0,-178.75,-166.89999389648438,-163.0,-158.97999572753906
2280,-198.09999084472656,31.4945125579834,3.940727710723877,43.438880920410156,-198.10000610351562,-194.0,25.175981521606445,-268.0,-244.0,-232.1999969482422,-210.25,-194.0,-180.75,-167.0,-163.9499969482422,-158.97999572753906
2340,-199.22000122070312,31.459630966186523,3.9981679916381836,43.38805262247721,-199.22000122070312,-194.0,25.047786712646484,-268.0,-244.0,-232.1999969482422,-214.0,-194.0,-182.0,-168.0,-164.0,-162.9199981689453
2400,-199.739990234375,31.42316246032715,4.041983127593994,43.33830897013346,-199.74000549316406,-194.0,25.322172164916992,-268.0,-244.0,-234.0,-214.5,-194.0,-182.0,-168.0,-164.0,-162.9199981689453
2460,-200.59999084472656,31.386749267578125,4.092075347900391,43.28830210367838,-200.60000610351562,-194.5,25.20555305480957,-268.0,-244.1999969482422,-234.0,-214.5,-194.5,-183.75,-168.0,-165.89999389648438,-163.0
2520,-201.25999450683594,31.347427368164062,4.132447242736816,43.235443115234375,-201.25999450683594,-195.5,25.31664276123047,-268.0,-244.1999969482422,-234.0,-216.5,-195.5,-183.75,-168.0,-165.89999389648438,-163.0
2580,-201.6999969482422,31.30379867553711,4.183388710021973,43.1765022277832,-201.6999969482422,-195.5,26.14861488342285,-268.239990234375,-244.1999969482422,-234.0,-218.0,-195.5,-184.0,-168.0,-165.89999389648438,-163.0
2640,-202.6199951171875,31.257551193237305,4.2438435554504395,43.11184946695963,-202.6199951171875,-196.0,26.96396827697754,-268.5199890136719,-244.1999969482422,-234.1999969482422,-218.0,-196.0,-184.0,-168.0,-165.89999389648438,-163.0
2700,-203.0399932861328,31.2135066986084,4.297173976898193,43.049756368001304,-203.0399932861328,-196.0,26.921337127685547,-270.4800109863281,-244.1999969482422,-234.1999969482422,-218.0,-196.0,-184.75,-169.8000030517578,-166.9499969482422,-163.97999572753906
2760,-203.63999938964844,31.162954330444336,4.3502421379089355,42.98062642415365,-203.63999938964844,-196.0,27.056060791015625,-270.4800109863281,-244.1999969482422,-236.60000610351562,-218.0,-196.0,-187.25,-169.8000030517578,-167.0,-164.0
2820,-204.6199951171875,31.10699462890625,4.400562286376953,42.9056396484375,-204.6199951171875,-198.0,27.31255531311035,-274.3999938964844,-249.0,-236.60000610351562,-218.0,-198.0,-189.0,-169.8000030517578,-167.0,-164.0
2880,-205.9199981689453,31.052398681640625,4.455583095550537,42.83020146687826,-205.9199981689453,-200.0,28.222572326660156,-292.0400085449219,-268.0,-236.60000610351562,-219.0,-200.0,-189.0,-170.89999389648438,-167.0,-164.0
2940,-206.8199920654297,30.996417999267578,4.502161026000977,42.753552754720054,-206.82000732421875,-202.5,28.270259857177734,-292.0400085449219,-268.0,-242.0,-222.0,-202.5,-189.0,-173.6999969482422,-167.9499969482422,-164.0
3000,-207.0,30.935585021972656,4.549066543579102,42.67202123006185,-207.0,-202.5,28.12472152709961,-292.0400085449219,-268.0,-242.0,-222.0,-202.5,-189.0,-173.8000030517578,-168.0,-166.94000244140625
3060,-207.97999572753906,30.873058319091797,4.605555534362793,42.58562978108724,-207.97999572753906,-203.5,28.31606674194336,-292.0400085449219,-268.29998779296875,-242.0,-222.0,-203.5,-189.0,-177.8000030517578,-170.85000610351562,-167.0
3120,-209.29998779296875,30.809499740600586,4.657662868499756,42.4985605875651,-209.3000030517578,-206.0,28.591434478759766,-292.0400085449219,-268.29998779296875,-242.1999969482422,-224.5,-206.0,-189.75,-179.8000030517578,-171.8000030517578,-167.0
3180,-209.5399932861328,30.7440242767334,4.718180179595947,42.407416025797524,-209.5399932861328,-206.0,28.604692459106445,-292.0400085449219,-268.29998779296875,-242.1999969482422,-226.0,-206.0,-189.75,-179.8000030517578,-171.8000030517578,-167.0
3240,-210.0,30.68134307861328,4.7627410888671875,42.32132339477539,-210.0,-206.5,29.27456283569336,-294.20001220703125,-268.29998779296875,-242.1999969482422,-226.0,-206.5,-189.75,-179.8000030517578,-171.8000030517578,-167.0
3300,-211.0,30.612157821655273,4.8122358322143555,42.22571055094401,-211.0,-208.0,29.190410614013672,-294.20001220703125,-268.29998779296875,-242.1999969482422,-226.5,-208.0,-189.75,-180.89999389648438,-171.8000030517578,-167.0
3360,-211.36000061035156,30.53622817993164,4.84903621673584,42.12585703531901,-211.36000061035156,-208.0,29.565359115600586,-296.1600036621094,-274.29998779296875,-242.1999969482422,-226.5,-208.0,-189.75,-180.89999389648438,-171.8000030517578,-167.0
3420,-212.01998901367188,30.461711883544922,4.889471054077148,42.02579243977865,-212.02000427246094,-209.0,29.63713264465332,-296.1600036621094,-274.29998779296875,-242.1999969482422,-228.0,-209.0,-189.75,-180.89999389648438,-171.8000030517578,-167.0
3480,-212.8199920654297,30.385129928588867,4.931735515594482,41.920249938964844,-212.82000732421875,-210.0,30.087331771850586,-304.0400085449219,-274.29998779296875,-242.1999969482422,-228.0,-210.0,-189.75,-180.89999389648438,-171.8000030517578,-167.0
3540,-214.97999572753906,30.305160522460938,4.97491979598999,41.80985895792643,-214.97999572753906,-212.0,30.75190544128418,-304.0400085449219,-274.29998779296875,-250.39999389648438,-230.5,-212.0,-190.5,-180.89999389648438,-172.0,-167.97999572753906
3600,-215.5399932861328,30.225788116455078,5.0395426750183105,41.69457880655924,-215.5399932861328,-212.0,30.82447624206543,-304.0400085449219,-274.29998779296875,-250.39999389648438,-234.0,-212.0,-193.25,-181.8000030517578,-172.0,-167.97999572753906
3660,-217.01998901367188,30.13918685913086,5.089542388916016,41.572767893473305,-217.02000427246094,-212.0,31.071521759033203,-304.0400085449219,-274.29998779296875,-254.8000030517578,-234.0,-212.0,-194.0,-182.0,-175.85000610351562,-171.9199981689453
3720,-218.25999450683594,30.054805755615234,5.141507148742676,41.4544563293457,-218.25999450683594,-213.0,30.777463912963867,-304.0400085449219,-274.29998779296875,-254.8000030517578,-236.0,-213.0,-196.0,-182.0,-176.0,-171.9199981689453
3780,-219.05999755859375,29.968914031982422,5.189182758331299,41.3344612121582,-219.05999755859375,-213.5,30.681533813476562,-304.0400085449219,-274.29998779296875,-254.8000030517578,-237.0,-213.5,-196.75,-182.89999389648438,-176.9499969482422,-172.97999572753906
3840,-219.75999450683594,29.884586334228516,5.245595455169678,41.213391621907554,-219.75999450683594,-215.5,30.90472984313965,-304.0400085449219,-274.29998779296875,-254.8000030517578,-242.0,-215.5,-197.0,-183.89999389648438,-176.9499969482422,-172.97999572753906
3900,-220.67999267578125,29.79842758178711,5.294924736022949,41.08892695109049,-220.67999267578125,-215.5,30.620542526245117,-306.0400085449219,-274.29998779296875,-254.8000030517578,-242.0,-215.5,-199.75,-186.0,-182.0,-172.97999572753906
3960,-221.29998779296875,29.709613800048828,5.340688228607178,40.96236928304037,-221.3000030517578,-216.0,30.289106369018555,-306.0400085449219,-274.29998779296875,-258.3999938964844,-242.0,-216.0,-200.0,-186.0,-182.0,-175.94000244140625
4020,-222.739990234375,29.619186401367188,5.377791881561279,40.8358408610026,-222.74000549316406,-216.0,31.397647857666016,-306.0400085449219,-281.20001220703125,-262.6000061035156,-242.0,-216.0,-200.0,-186.0,-182.0,-179.9199981689453
4080,-223.39999389648438,29.530410766601562,5.432437896728516,40.704785664876304,-223.39999389648438,-216.0,31.34517478942871,-306.0400085449219,-281.20001220703125,-266.20001220703125,-242.0,-216.0,-201.5,-187.8000030517578,-182.9499969482422,-179.9199981689453
4140,-224.8199920654297,29.44097137451172,5.478911399841309,40.57296244303385,-224.82000732421875,-216.5,32.55591583251953,-310.1600036621094,-281.29998779296875,-268.20001220703125,-243.0,-216.5,-201.5,-187.8000030517578,-182.9499969482422,-179.9199981689453
4200,-225.55999755859375,29.34963607788086,5.529754638671875,40.43894958496094,-225.55999755859375,-217.0,32.129215240478516,-310.1600036621094,-281.29998779296875,-268.20001220703125,-244.5,-217.0,-201.75,-190.8000030517578,-183.9499969482422,-179.94000244140625
4260,-226.45999145507812,29.260608673095703,5.567896842956543,40.30935796101888,-226.4600067138672,-217.5,32.4559440612793,-310.1600036621094,-298.3999938964844,-268.20001220703125,-246.0,-217.5,-201.75,-191.89999389648438,-185.89999389648438,-181.89999389648438
4320,-226.75999450683594,29.16908836364746,5.6194305419921875,40.17372385660807,-226.75999450683594,-218.0,32.41083908081055,-310.1600036621094,-298.3999938964844,-270.0,-246.0,-218.0,-201.75,-192.0,-185.89999389648438,-181.94000244140625
4380,-228.3199920654297,29.07684898376465,5.665103912353516,40.036598205566406,-228.32000732421875,-222.0,33.929595947265625,-310.1600036621094,-298.3999938964844,-270.0,-248.0,-222.0,-202.0,-192.0,-185.89999389648438,-181.94000244140625
4440,-229.05999755859375,28.9854736328125,5.71183967590332,39.89965693155924,-229.05999755859375,-222.0,34.09100341796875,-310.1600036621094,-298.3999938964844,-270.0,-248.5,-222.0,-202.0,-192.0,-185.89999389648438,-182.97999572753906
4500,-229.59999084472656,28.88863182067871,5.751636505126953,39.75715128580729,-229.60000610351562,-222.5,34.377899169921875,-310.1600036621094,-298.3999938964844,-270.6000061035156,-250.0,-222.5,-202.0,-192.0,-185.89999389648438,-182.97999572753906
4560,-229.79998779296875,28.802040100097656,5.795985221862793,39.624139149983726,-229.8000030517578,-222.5,34.55141067504883,-310.1600036621094,-298.3999938964844,-276.20001220703125,-250.5,-222.5,-202.0,-192.0,-185.89999389648438,-182.97999572753906
4620,-231.51998901367188,28.70698356628418,5.835839748382568,39.483333587646484,-231.52000427246094,-224.0,35.0041389465332,-316.0400085449219,-298.3999938964844,-276.20001220703125,-254.0,-224.0,-205.0,-192.0,-185.89999389648438,-182.97999572753906
4680,-232.33999633789062,28.60958480834961,5.882406234741211,39.33574295043945,-232.33999633789062,-224.5,34.754058837890625,-316.0400085449219,-298.5,-276.20001220703125,-254.0,-224.5,-206.75,-193.8000030517578,-190.75,-183.0
4740,-233.4399871826172,28.519969940185547,5.926387310028076,39.19554138183594,-233.44000244140625,-224.5,35.686500549316406,-316.0400085449219,-298.5,-280.3999938964844,-254.5,-224.5,-206.75,-193.8000030517578,-190.75,-183.0
4800,-234.09999084472656,28.423877716064453,5.958152770996094,39.052998860677086,-234.10000610351562,-225.5,35.705322265625,-316.1600036621094,-298.5,-284.20001220703125,-254.5,-225.5,-209.25,-193.8000030517578,-190.75,-183.97999572753906
4860,-235.1199951171875,28.330711364746094,6.001731872558594,38.910744984944664,-235.1199951171875,-225.5,35.6744384765625,-322.1600036621094,-298.5,-284.20001220703125,-256.5,-225.5,-210.75,-196.8000030517578,-191.9499969482422,-183.97999572753906
4920,-235.51998901367188,28.238677978515625,6.049365997314453,38.766038258870445,-235.52000427246094,-226.5,35.567535400390625,-322.1600036621094,-298.5,-284.20001220703125,-256.5,-226.5,-210.75,-197.89999389648438,-191.9499969482422,-183.97999572753906
4980,-236.39999389648438,28.15114974975586,6.086869716644287,38.62759272257487,-236.39999389648438,-229.5,35.501548767089844,-322.1600036621094,-298.6000061035156,-286.0,-256.5,-229.5,-211.0,-197.89999389648438,-191.9499969482422,-183.97999572753906
5040,-238.0399932861328,28.053482055664062,6.127342224121094,38.47821935017904,-238.0399932861328,-233.0,36.10648727416992,-322.1600036621094,-310.29998779296875,-286.0,-258.0,-233.0,-211.75,-198.0,-191.9499969482422,-183.97999572753906
5100,-238.59999084472656,27.963956832885742,6.178278923034668,38.33407847086588,-238.60000610351562,-233.0,36.508079528808594,-330.0,-310.29998779296875,-286.0,-258.0,-233.0,-213.5,-198.0,-191.9499969482422,-185.94000244140625
5160,-239.72000122070312,27.875173568725586,6.230992317199707,38.18997065226237,-239.72000122070312,-234.0,36.98920822143555,-330.1199951171875,-316.0,-286.20001220703125,-260.0,-234.0,-214.0,-198.0,-193.89999389648438,-185.94000244140625
5220,-240.4199981689453,27.781944274902344,6.273059368133545,38.04320398966471,-240.4199981689453,-234.0,37.197628021240234,-330.1199951171875,-316.6000061035156,-288.6000061035156,-260.0,-234.0,-214.0,-198.0,-193.89999389648438,-185.94000244140625
5280,-241.739990234375,27.689037322998047,6.312996864318848,37.89827346801758,-241.74000549316406,-236.0,36.96934509277344,-330.1199951171875,-316.6000061035156,-288.6000061035156,-261.5,-236.0,-216.0,-198.89999389648438,-193.89999389648438,-185.94000244140625
5340,-242.5800018310547,27.59090805053711,6.337047576904297,37.74699020385742,-242.5800018310547,-236.0,36.45522689819336,-330.1199951171875,-316.6000061035156,-288.6000061035156,-261.5,-236.0,-216.0,-199.89999389648438,-194.0,-190.89999389648438
5400,-242.97999572753906,27.498342514038086,6.3841376304626465,37.59555689493815,-242.97999572753906,-236.0,36.7994499206543,-330.1199951171875,-316.6000061035156,-294.0,-261.5,-236.0,-216.0,-199.89999389648438,-194.0,-190.89999389648438
5460,-243.77999877929688,27.404052734375,6.421344757080078,37.44476064046224,-243.77999877929688,-236.0,37.139625549316406,-330.1199951171875,-316.6000061035156,-294.0,-266.0,-236.0,-216.0,-199.89999389648438,-194.0,-190.89999389648438
5520,-244.5399932861328,27.308643341064453,6.464003562927246,37.29077402750651,-244.5399932861328,-236.0,36.94087600708008,-332.0799865722656,-316.6000061035156,-294.0,-266.0,-236.0,-218.5,-200.0,-194.0,-190.89999389648438
5580,-245.39999389648438,27.213903427124023,6.501277923583984,37.140488942464195,-245.39999389648438,-236.0,36.72601318359375,-332.0799865722656,-316.6000061035156,-294.0,-266.5,-236.0,-220.0,-202.0,-194.0,-190.89999389648438
5640,-246.79998779296875,27.117597579956055,6.544879913330078,36.98196792602539,-246.8000030517578,-242.0,36.90907669067383,-336.0799865722656,-316.70001220703125,-294.0,-268.0,-242.0,-220.0,-203.89999389648438,-198.75,-191.97999572753906
5700,-247.95999145507812,27.019445419311523,6.584303855895996,36.82640838623047,-247.9600067138672,-244.0,36.34553909301758,-336.0799865722656,-316.70001220703125,-294.0,-268.0,-244.0,-222.75,-208.89999389648438,-198.75,-191.97999572753906
5760,-248.55999755859375,26.9282283782959,6.6285858154296875,36.674598693847656,-248.55999755859375,-244.5,35.935585021972656,-336.0799865722656,-316.70001220703125,-294.0,-268.0,-244.5,-223.0,-209.89999389648438,-201.85000610351562,-193.97999572753906
5820,-249.45999145507812,26.83248519897461,6.678837776184082,36.51499684651693,-249.4600067138672,-245.5,36.209232330322266,-338.0400085449219,-317.0,-294.0,-268.5,-245.5,-223.0,-210.89999389648438,-201.85000610351562,-193.97999572753906
5880,-249.75999450683594,26.733854293823242,6.729320526123047,36.35324732462565,-249.75999450683594,-246.0,36.09296798706055,-338.0400085449219,-317.0,-294.0,-268.5,-246.0,-223.75,-211.0,-201.85000610351562,-193.97999572753906
5940,-250.27999877929688,26.626340866088867,6.768840789794922,36.18569691975912,-250.27999877929688,-246.0,35.8764762878418,-338.0400085449219,-317.0,-294.0,-270.0,-246.0,-224.75,-211.0,-202.0,-193.97999572753906
6000,-250.89999389648438,26.525402069091797,6.828520774841309,36.01988093058268,-250.89999389648438,-246.0,36.086421966552734,-340.1199951171875,-320.79998779296875,-294.0,-270.0,-246.0,-224.75,-211.0,-202.0,-193.97999572753906
6060,-251.0,26.422679901123047,6.869241237640381,35.85504659016927,-251.0,-246.0,36.10097122192383,-340.1199951171875,-320.79998779296875,-294.0,-270.0,-246.0,-225.75,-211.0,-202.0,-193.97999572753906
6120,-251.4399871826172,26.324020385742188,6.926642894744873,35.687418619791664,-251.44000244140625,-246.0,36.187931060791016,-340.1199951171875,-320.79998779296875,-294.0,-271.0,-246.0,-226.0,-211.0,-202.0,-193.97999572753906
6180,-252.22000122070312,26.206157684326172,6.95846700668335,35.50681686401367,-252.22000122070312,-246.0,35.842315673828125,-340.1199951171875,-320.79998779296875,-294.0,-274.0,-246.0,-227.0,-213.6999969482422,-202.0,-193.97999572753906
6240,-253.0,26.087186813354492,6.993241786956787,35.322933197021484,-253.0,-248.0,35.7877082824707,-340.20001220703125,-320.8999938964844,-294.0,-274.0,-248.0,-227.75,-213.6999969482422,-202.0,-193.97999572753906
6300,-253.55999755859375,25.976318359375,7.0493693351745605,35.14069620768229,-253.55999755859375,-248.0,35.986751556396484,-340.32000732421875,-320.8999938964844,-294.0,-274.0,-248.0,-228.0,-213.6999969482422,-203.89999389648438,-193.97999572753906
6360,-254.27999877929688,25.863327026367188,7.096714973449707,34.962408701578774,-254.27999877929688,-248.0,36.61968994140625,-342.2799987792969,-320.8999938964844,-298.6000061035156,-274.5,-248.0,-228.0,-213.6999969482422,-203.89999389648438,-193.97999572753906
6420,-255.13999938964844,25.743087768554688,7.132899761199951,34.77624766031901,-255.13999938964844,-248.0,37.613563537597656,-348.1600036621094,-338.1000061035156,-304.79998779296875,-276.5,-248.0,-228.0,-213.89999389648438,-203.89999389648438,-193.97999572753906
6480,-255.95999145507812,25.629186630249023,7.183906555175781,34.589577992757164,-255.9600067138672,-251.5,36.947509765625,-348.1600036621094,-338.1000061035156,-304.79998779296875,-276.5,-251.5,-228.0,-216.6999969482422,-204.9499969482422,-198.89999389648438
6540,-256.82000732421875,25.508785247802734,7.225167751312256,34.394884745279946,-256.82000732421875,-252.5,37.06760787963867,-348.1600036621094,-338.1000061035156,-304.79998779296875,-278.5,-252.5,-228.0,-216.6999969482422,-204.9499969482422,-198.97999572753906
6600,-257.4599914550781,25.382802963256836,7.262805938720703,34.19900767008463,-257.4599914550781,-255.0,37.420162200927734,-350.1199951171875,-340.1000061035156,-304.79998779296875,-280.0,-255.0,-228.75,-216.6999969482422,-204.9499969482422,-198.97999572753906
6660,-258.2799987792969,25.25917625427246,7.295979976654053,34.00518798828125,-258.2799987792969,-256.0,37.2499885559082,-350.1199951171875,-340.1000061035156,-304.79998779296875,-280.0,-256.0,-228.75,-216.6999969482422,-206.89999389648438,-203.89999389648438
6720,-259.0400085449219,25.127979278564453,7.338768005371094,33.79936218261719,-259.0400085449219,-256.0,36.987003326416016,-350.1199951171875,-340.1000061035156,-304.79998779296875,-280.5,-256.0,-229.75,-220.0,-207.9499969482422,-203.89999389648438
6780,-260.0,25.009552001953125,7.407903671264648,33.59946950276693,-260.0,-256.5,37.54090881347656,-350.1199951171875,-342.1000061035156,-310.20001220703125,-280.5,-256.5,-230.75,-220.0,-207.9499969482422,-203.89999389648438
6840,-261.2799987792969,24.880224227905273,7.462430953979492,33.38556671142578,-261.2799987792969,-258.0,37.8888053894043,-350.3599853515625,-342.1000061035156,-312.3999938964844,-282.0,-258.0,-232.5,-220.0,-207.9499969482422,-203.89999389648438
6900,-262.1600036621094,24.73874282836914,7.509383201599121,33.16321690877279,-262.1600036621094,-258.0,37.41408920288086,-350.3599853515625,-342.1000061035156,-312.3999938964844,-283.0,-258.0,-235.5,-220.0,-213.6999969482422,-204.0
6960,-263.0,24.599811553955078,7.567723751068115,32.939935048421226,-263.0,-259.0,37.51106262207031,-350.3599853515625,-342.1000061035156,-312.3999938964844,-286.0,-259.0,-235.5,-220.0,-213.6999969482422,-204.0
7020,-263.8599853515625,24.45770263671875,7.6018829345703125,32.719313303629555,-263.8599853515625,-259.0,37.36442565917969,-350.3599853515625,-342.1000061035156,-312.3999938964844,-286.0,-259.0,-236.75,-220.89999389648438,-213.8000030517578,-204.0
7080,-264.47998046875,24.315773010253906,7.647820949554443,32.49189249674479,-264.4800109863281,-259.0,37.45890808105469,-354.2799987792969,-344.20001220703125,-312.3999938964844,-286.0,-259.0,-236.75,-220.89999389648438,-215.6999969482422,-204.97999572753906
7140,-265.3599853515625,24.170940399169922,7.69818639755249,32.25856399536133,-265.3599853515625,-262.0,37.4885368347168,-354.2799987792969,-344.20001220703125,-312.3999938964844,-286.5,-262.0,-237.75,-220.89999389648438,-215.8000030517578,-204.97999572753906
7200,-266.5,24.011760711669922,7.739339351654053,32.019030253092446,-266.5,-264.0,37.71193313598633,-354.2799987792969,-344.20001220703125,-317.0,-288.5,-264.0,-238.75,-221.89999389648438,-216.75,-207.94000244140625
7260,-267.5799865722656,23.851125717163086,7.779815673828125,31.77267901102702,-267.5799865722656,-264.5,37.495914459228516,-354.2799987792969,-344.20001220703125,-317.0,-290.0,-264.5,-239.75,-221.89999389648438,-216.75,-207.94000244140625
7320,-268.29998779296875,23.695369720458984,7.8235297203063965,31.527259190877277,-268.29998779296875,-265.0,37.47359085083008,-354.2799987792969,-344.20001220703125,-317.0,-292.0,-265.0,-239.75,-222.89999389648438,-216.85000610351562,-209.89999389648438
7380,-269.32000732421875,23.53282928466797,7.872508525848389,31.273507436116535,-269.32000732421875,-265.0,37.3643913269043,-364.0799865722656,-344.20001220703125,-317.0,-292.5,-265.0,-241.75,-223.8000030517578,-218.89999389648438,-211.9600067138672
7440,-270.6000061035156,23.375030517578125,7.92733907699585,31.019126892089844,-270.6000061035156,-265.0,37.76400375366211,-364.0799865722656,-344.20001220703125,-317.0,-294.0,-265.0,-241.75,-226.89999389648438,-219.9499969482422,-213.9600067138672
7500,-271.47998046875,23.209453582763672,7.975518703460693,30.754693349202473,-271.4800109863281,-267.0,38.0069694519043,-364.0799865722656,-344.20001220703125,-319.0,-294.5,-267.0,-241.75,-226.89999389648438,-219.9499969482422,-213.9600067138672
7560,-272.4599914550781,23.0369930267334,8.028712272644043,30.479746500651043,-272.4599914550781,-267.0,37.70236587524414,-364.0799865722656,-344.20001220703125,-319.3999938964844,-296.0,-267.0,-245.0,-227.89999389648438,-219.9499969482422,-213.9600067138672
7620,-272.91998291015625,22.875656127929688,8.073894500732422,30.215688069661457,-272.9200134277344,-267.0,37.585018157958984,-364.0799865722656,-344.20001220703125,-321.20001220703125,-296.0,-267.0,-246.5,-229.89999389648438,-220.0,-216.94000244140625
7680,-273.3999938964844,22.705852508544922,8.118301391601562,29.94776662190755,-273.3999938964844,-267.0,37.40481185913086,-364.0799865722656,-344.20001220703125,-321.20001220703125,-296.0,-267.0,-247.0,-229.89999389648438,-221.89999389648438,-216.94000244140625
7740,-274.2200012207031,22.530437469482422,8.168573379516602,29.669944763183594,-274.2200012207031,-267.0,37.284732818603516,-364.0799865722656,-344.20001220703125,-321.20001220703125,-296.5,-267.0,-247.0,-229.89999389648438,-225.85000610351562,-218.89999389648438
7800,-275.5400085449219,22.350677490234375,8.213286399841309,29.385480880737305,-275.5400085449219,-271.0,37.21865463256836,-364.239990234375,-344.20001220703125,-324.79998779296875,-299.0,-271.0,-247.75,-231.89999389648438,-226.0,-219.97999572753906
7860,-276.1999816894531,22.17081069946289,8.257491111755371,29.098174413045246,-276.20001220703125,-272.0,37.39304733276367,-364.239990234375,-344.20001220703125,-324.79998779296875,-299.0,-272.0,-247.75,-231.89999389648438,-226.0,-219.97999572753906
7920,-276.91998291015625,21.979536056518555,8.288104057312012,28.800486246744793,-276.9200134277344,-273.5,37.70243835449219,-364.239990234375,-348.70001220703125,-324.79998779296875,-302.0,-273.5,-247.75,-233.8000030517578,-226.0,-219.97999572753906
7980,-278.2799987792969,21.77768325805664,8.33561897277832,28.478904088338215,-278.2799987792969,-275.5,37.38129806518555,-364.239990234375,-350.6000061035156,-326.6000061035156,-302.5,-275.5,-250.0,-235.89999389648438,-228.85000610351562,-223.9199981689453
8040,-279.3599853515625,21.583919525146484,8.381155014038086,28.168912251790363,-279.3599853515625,-277.0,37.59561538696289,-364.239990234375,-352.5,-328.3999938964844,-304.5,-277.0,-250.0,-235.89999389648438,-230.89999389648438,-223.9199981689453
8100,-280.2599792480469,21.387907028198242,8.424471855163574,27.851376215616863,-280.260009765625,-277.0,37.33968734741211,-364.239990234375,-352.5,-328.3999938964844,-306.0,-277.0,-250.75,-236.0,-230.89999389648438,-225.9600067138672
8160,-281.239990234375,21.1944580078125,8.47962760925293,27.532442092895508,-281.239990234375,-277.0,37.49589920043945,-366.20001220703125,-352.5,-328.3999938964844,-306.0,-277.0,-251.75,-236.0,-230.89999389648438,-225.9600067138672
8220,-281.8399963378906,20.9902286529541,8.521509170532227,27.205631891886394,-281.8399963378906,-277.0,37.8689079284668,-368.1600036621094,-352.5,-332.20001220703125,-308.0,-277.0,-251.75,-236.0,-230.89999389648438,-225.9600067138672
8280,-282.7799987792969,20.773651123046875,8.562955856323242,26.864967981974285,-282.7799987792969,-278.0,38.32794952392578,-376.0,-362.0,-334.3999938964844,-308.0,-278.0,-254.5,-236.0,-230.89999389648438,-225.9600067138672
8340,-284.0,20.574251174926758,8.612126350402832,26.531674067179363,-284.0,-279.5,38.48064422607422,-376.0,-362.20001220703125,-334.79998779296875,-308.0,-279.5,-254.75,-239.8000030517578,-230.89999389648438,-225.9600067138672
8400,-284.8999938964844,20.359949111938477,8.650656700134277,26.193785349527996,-284.8999938964844,-280.5,38.54594802856445,-376.1600036621094,-362.20001220703125,-340.20001220703125,-308.5,-280.5,-258.0,-239.8000030517578,-231.0,-226.0
8460,-285.5,20.14653205871582,8.668747901916504,25.860591252644856,-285.5,-280.5,38.65992736816406,-378.1199951171875,-362.20001220703125,-340.20001220703125,-308.5,-280.5,-258.0,-239.8000030517578,-231.0,-226.0
8520,-286.2799987792969,19.91885757446289,8.702226638793945,25.501143137613933,-286.2799987792969,-282.5,38.95435333251953,-382.0400085449219,-362.20001220703125,-340.20001220703125,-310.0,-282.5,-258.75,-239.8000030517578,-231.0,-226.0
8580,-287.3800048828125,19.698108673095703,8.73298454284668,25.139657974243164,-287.3800048828125,-284.0,39.52588653564453,-384.0,-370.0,-340.6000061035156,-310.0,-284.0,-259.0,-239.8000030517578,-231.0,-226.0
8640,-288.32000732421875,19.478618621826172,8.765949249267578,24.783388137817383,-288.32000732421875,-284.0,39.44233322143555,-384.0,-370.0,-340.6000061035156,-310.0,-284.0,-259.0,-239.8000030517578,-232.89999389648438,-229.9199981689453
8700,-289.1999816894531,19.261215209960938,8.79927921295166,24.420011520385742,-289.20001220703125,-284.0,39.48316192626953,-384.0,-370.0,-340.6000061035156,-312.0,-284.0,-259.75,-239.8000030517578,-233.0,-230.97999572753906
8760,-290.1199951171875,19.047935485839844,8.841161727905273,24.06012026468913,-290.1199951171875,-284.0,39.16101837158203,-384.0,-370.0,-340.6000061035156,-312.0,-284.0,-260.75,-243.6999969482422,-236.0,-231.9600067138672
8820,-290.5799865722656,18.82265853881836,8.848209381103516,23.695717493693035,-290.5799865722656,-284.0,39.101707458496094,-384.0400085449219,-370.1000061035156,-340.6000061035156,-312.0,-284.0,-261.75,-243.6999969482422,-236.0,-231.9600067138672
8880,-291.44000244140625,18.608062744140625,8.886385917663574,23.331979115804035,-291.44000244140625,-284.0,38.92616653442383,-384.0400085449219,-370.1000061035156,-340.6000061035156,-312.5,-284.0,-262.75,-244.89999389648438,-237.89999389648438,-231.9600067138672
8940,-291.94000244140625,18.3756160736084,8.925148010253906,22.933076858520508,-291.94000244140625,-284.0,39.11823654174805,-384.0400085449219,-372.3999938964844,-340.6000061035156,-312.5,-284.0,-262.75,-244.89999389648438,-238.0,-231.9600067138672
9000,-292.82000732421875,18.1551570892334,8.95461654663086,22.55421257019043,-292.82000732421875,-284.0,38.75677490234375,-384.0400085449219,-372.3999938964844,-340.6000061035156,-314.5,-284.0,-263.75,-246.0,-238.0,-233.9199981689453
9060,-293.5,17.93600845336914,8.999551773071289,22.15997250874837,-293.5,-286.5,38.63405227661133,-386.0,-372.3999938964844,-340.6000061035156,-315.0,-286.5,-265.5,-247.8000030517578,-238.0,-233.9199981689453
9120,-293.91998291015625,17.719409942626953,9.017611503601074,21.794881184895832,-293.9200134277344,-286.5,38.60820770263672,-386.0,-372.3999938964844,-340.6000061035156,-315.0,-286.5,-266.0,-248.0,-238.0,-233.9199981689453
9180,-294.6600036621094,17.50354766845703,9.036190032958984,21.410080591837566,-294.6600036621094,-291.0,38.4489860534668,-386.0,-372.6000061035156,-340.6000061035156,-315.0,-291.0,-266.0,-248.0,-240.0,-234.97999572753906
9240,-295.1999816894531,17.279335021972656,9.05881118774414,21.014073689778645,-295.20001220703125,-291.0,38.48792266845703,-386.0,-374.5,-340.6000061035156,-318.0,-291.0,-267.0,-248.0,-240.0,-234.97999572753906
9300,-296.0799865722656,17.06216049194336,9.084390640258789,20.629703521728516,-296.0799865722656,-293.0,38.56622314453125,-386.1199951171875,-374.5,-342.3999938964844,-318.0,-293.0,-268.0,-254.3000030517578,-240.0,-237.9199981689453
9360,-296.5199890136719,16.84771728515625,9.107172012329102,20.23818588256836,-296.5199890136719,-294.0,38.60686111450195,-386.1199951171875,-374.5,-346.3999938964844,-318.0,-294.0,-268.0,-254.5,-240.0,-238.97999572753906
9420,-297.17999267578125,16.63003921508789,9.144462585449219,19.825756072998047,-297.17999267578125,-294.0,38.64980697631836,-386.1199951171875,-374.5,-348.20001220703125,-320.0,-294.0,-268.0,-254.5,-240.0,-239.97999572753906
9480,-298.3599853515625,16.406661987304688,9.144303321838379,19.43205451965332,-298.3599853515625,-294.0,38.27780532836914,-390.0400085449219,-374.5,-350.0,-320.0,-294.0,-269.75,-255.39999389648438,-244.0,-240.0
9540,-299.17999267578125,16.168445587158203,9.147114753723145,19.011736551920574,-299.17999267578125,-294.0,38.204811096191406,-390.0400085449219,-374.5,-350.3999938964844,-320.0,-294.0,-270.0,-255.6999969482422,-247.8000030517578,-240.0
9600,-299.6199951171875,15.950078964233398,9.173161506652832,18.597389221191406,-299.6199951171875,-294.0,38.04281234741211,-390.0400085449219,-374.5,-350.3999938964844,-320.0,-294.0,-271.0,-256.70001220703125,-247.8000030517578,-240.0
9660,-300.6399841308594,15.719654083251953,9.17855453491211,18.171213150024414,-300.6400146484375,-296.0,37.9598503112793,-390.0400085449219,-376.3999938964844,-350.6000061035156,-320.0,-296.0,-272.0,-256.79998779296875,-247.8000030517578,-240.0
9720,-301.0199890136719,15.497907638549805,9.20123291015625,17.755211512247723,-301.0199890136719,-297.0,38.1759033203125,-390.0400085449219,-380.29998779296875,-350.6000061035156,-320.0,-297.0,-272.0,-256.79998779296875,-247.8000030517578,-240.0
9780,-301.3800048828125,15.284361839294434,9.218595504760742,17.33332633972168,-301.3800048828125,-297.0,38.28074645996094,-390.0400085449219,-380.29998779296875,-350.6000061035156,-320.0,-297.0,-272.0,-256.79998779296875,-247.8000030517578,-240.0
9840,-301.82000732421875,15.056716918945312,9.232349395751953,16.911352157592773,-301.82000732421875,-297.0,38.0243034362793,-390.0400085449219,-380.29998779296875,-350.6000061035156,-320.0,-297.0,-274.0,-258.6000061035156,-249.89999389648438,-240.0
9900,-302.1399841308594,14.850996017456055,9.254922866821289,16.48915894826253,-302.1400146484375,-297.0,38.22853088378906,-390.0799865722656,-382.20001220703125,-350.6000061035156,-320.5,-297.0,-274.75,-258.6000061035156,-249.89999389648438,-240.0
9960,-302.6999816894531,14.609792709350586,9.256399154663086,16.0420929590861,-302.70001220703125,-297.0,38.25271224975586,-390.0799865722656,-382.20001220703125,-351.20001220703125,-322.0,-297.0,-274.75,-260.0,-250.0,-247.83999633789062
