# epsilon_svgd: 0.8
# lambda_: 7
# gamma: 5e-05
# decay_start_ratio: 0.8
# decay_min_factor: 0.1
# decay_enabled: False
# kernel: hk
# advantage: peragentrankweighted
# M: 1
# mode: no_interact
# budget: 30000
step,best_fitness,avg_hamming,avg_l1,avg_entropy,mean,median,std,2%,5%,10%,25%,50%,75%,90%,95%,98%
7,-156.13999938964844,0.0,0.0,176.81082153320312,-156.13999938964844,-152.0,75.77863311767578,-321.239990234375,-311.1000061035156,-252.5,-204.5,-152.0,-106.5,-64.80000305175781,-52.75,-32.959999084472656
14,-207.3199920654297,0.0,0.0,176.48480224609375,-207.32000732421875,-198.0,72.59061431884766,-359.260009765625,-338.5,-321.1000061035156,-243.75,-198.0,-158.5,-126.0999984741211,-87.0,-65.9800033569336
21,-228.22000122070312,0.0,0.0,176.15931701660156,-228.22000122070312,-219.0,69.34588623046875,-372.0400085449219,-349.3999938964844,-332.1000061035156,-266.25,-219.0,-179.25,-145.5,-128.89999389648438,-117.62000274658203
28,-243.0,0.0,0.0,175.8369903564453,-243.0,-233.5,61.99855041503906,-372.0400085449219,-349.3999938964844,-333.5,-289.5,-233.5,-196.75,-172.39999389648438,-157.9499969482422,-140.72000122070312
35,-255.95999145507812,0.0,0.0,175.5359344482422,-255.9600067138672,-243.0,59.7027473449707,-374.0199890136719,-357.1000061035156,-338.29998779296875,-311.0,-243.0,-216.25,-176.89999389648438,-166.9499969482422,-152.75999450683594
42,-259.5400085449219,0.0,0.0,175.23886108398438,-259.5400085449219,-250.0,57.91380310058594,-374.0199890136719,-357.1000061035156,-338.29998779296875,-311.5,-250.0,-220.0,-186.5,-167.0,-152.75999450683594
49,-263.32000732421875,0.0,0.0,174.94346618652344,-263.32000732421875,-258.5,55.60177230834961,-374.0199890136719,-357.1000061035156,-338.29998779296875,-311.5,-258.5,-220.75,-194.60000610351562,-176.9499969482422,-166.9199981689453
56,-270.7200012207031,0.0,0.0,174.6315155029297,-270.7200012207031,-266.5,52.89443588256836,-374.0199890136719,-357.1000061035156,-347.1000061035156,-315.25,-266.5,-231.0,-206.89999389648438,-187.9499969482422,-176.8000030517578
63,-275.4599914550781,0.0,0.0,174.33360290527344,-275.4599914550781,-276.0,49.4935188293457,-374.0199890136719,-357.1000061035156,-347.1000061035156,-316.25,-276.0,-236.5,-211.0,-204.6999969482422,-187.97999572753906
70,-277.5,0.0,0.0,174.04457092285156,-277.5,-278.0,48.79559326171875,-374.0199890136719,-357.1000061035156,-347.1000061035156,-316.25,-278.0,-238.5,-211.0,-205.9499969482422,-194.83999633789062
77,-283.2200012207031,0.0,0.0,173.75650024414062,-283.2200012207031,-284.0,46.197959899902344,-374.0199890136719,-359.29998779296875,-348.0,-317.0,-284.0,-243.75,-227.89999389648438,-207.9499969482422,-194.83999633789062
84,-286.6199951171875,0.0,0.0,173.45913696289062,-286.6199951171875,-286.0,48.27499771118164,-375.0400085449219,-371.04998779296875,-349.70001220703125,-322.25,-286.0,-243.75,-227.89999389648438,-207.9499969482422,-198.9199981689453
91,-288.1999816894531,0.0,0.0,173.17172241210938,-288.20001220703125,-287.0,47.4369010925293,-375.44000244140625,-371.04998779296875,-349.70001220703125,-322.25,-287.0,-250.0,-230.6999969482422,-217.64999389648438,-199.0
98,-289.82000732421875,0.0,0.0,172.8815155029297,-289.82000732421875,-288.5,47.083621978759766,-375.44000244140625,-371.04998779296875,-349.70001220703125,-323.5,-288.5,-253.0,-230.6999969482422,-217.8000030517578,-199.0
105,-291.5799865722656,0.0,0.0,172.6001739501953,-291.5799865722656,-290.0,46.675514221191406,-375.44000244140625,-371.04998779296875,-349.70001220703125,-325.25,-290.0,-255.75,-231.0,-217.8000030517578,-199.0
112,-292.79998779296875,0.0,0.0,172.30821228027344,-292.79998779296875,-290.0,45.39052963256836,-375.44000244140625,-371.04998779296875,-349.70001220703125,-326.25,-290.0,-257.75,-231.89999389648438,-224.89999389648438,-213.6999969482422
119,-293.55999755859375,0.0,0.0,172.01583862304688,-293.55999755859375,-292.0,45.05581283569336,-375.44000244140625,-371.04998779296875,-349.70001220703125,-326.25,-292.0,-257.75,-234.60000610351562,-224.89999389648438,-213.6999969482422
126,-298.239990234375,0.0,0.0,171.71102905273438,-298.239990234375,-300.0,42.6549186706543,-375.44000244140625,-371.04998779296875,-349.70001220703125,-327.0,-300.0,-265.5,-241.89999389648438,-224.89999389648438,-217.9199981689453
133,-301.0799865722656,0.0,0.0,171.42733764648438,-301.0799865722656,-301.0,40.32782745361328,-375.44000244140625,-371.04998779296875,-349.70001220703125,-329.25,-301.0,-275.25,-251.10000610351562,-231.0,-222.9600067138672
140,-304.4599914550781,0.0,0.0,171.14280700683594,-304.4599914550781,-303.5,40.9351692199707,-391.1199951171875,-375.04998779296875,-357.20001220703125,-331.25,-303.5,-277.0,-252.89999389648438,-239.5500030517578,-228.8800048828125
147,-308.91998291015625,0.0,0.0,170.83657836914062,-308.9200134277344,-304.5,43.07033157348633,-397.05999755859375,-385.29998779296875,-365.70001220703125,-332.25,-304.5,-280.75,-258.8999938964844,-251.5500030517578,-231.0
154,-310.55999755859375,0.0,0.0,170.5485076904297,-310.55999755859375,-309.0,42.631752014160156,-397.05999755859375,-385.29998779296875,-365.70001220703125,-333.0,-309.0,-282.5,-259.8999938964844,-251.5500030517578,-231.0
161,-312.47998046875,0.0,0.0,170.26559448242188,-312.4800109863281,-311.0,41.94078826904297,-397.05999755859375,-385.29998779296875,-369.29998779296875,-333.0,-311.0,-284.0,-262.79998779296875,-252.9499969482422,-240.8000030517578
168,-313.6399841308594,0.0,0.0,169.98948669433594,-313.6400146484375,-313.0,41.46336364746094,-397.05999755859375,-385.29998779296875,-369.29998779296875,-333.0,-313.0,-284.75,-263.8999938964844,-254.89999389648438,-240.8000030517578
175,-319.8399963378906,0.0,0.0,169.70599365234375,-319.8399963378906,-316.5,47.111297607421875,-448.5,-397.0,-374.1000061035156,-345.75,-316.5,-285.75,-264.8999938964844,-254.89999389648438,-240.8000030517578
182,-321.3800048828125,0.0,0.0,169.39796447753906,-321.3800048828125,-321.0,46.99229431152344,-448.5,-397.0,-374.1000061035156,-348.0,-321.0,-286.75,-264.8999938964844,-254.89999389648438,-240.8000030517578
189,-326.2799987792969,0.0,0.0,169.13267517089844,-326.2799987792969,-323.0,46.682559967041016,-448.5,-397.1499938964844,-383.20001220703125,-349.25,-323.0,-294.25,-275.3999938964844,-262.79998779296875,-242.75999450683594
196,-327.03997802734375,0.0,0.0,168.84271240234375,-327.0400085449219,-324.0,46.82155990600586,-448.5,-397.1499938964844,-383.20001220703125,-350.25,-324.0,-294.25,-275.3999938964844,-262.79998779296875,-242.75999450683594
203,-328.8399963378906,0.0,0.0,168.5646514892578,-328.8399963378906,-325.0,45.59423828125,-448.5,-397.1499938964844,-383.20001220703125,-351.5,-325.0,-300.0,-280.8999938964844,-264.8999938964844,-252.55999755859375
210,-330.41998291015625,0.0,0.0,168.30511474609375,-330.4200134277344,-326.0,45.452430725097656,-448.5,-397.1499938964844,-385.20001220703125,-353.25,-326.0,-301.0,-281.0,-264.8999938964844,-256.4800109863281
217,-334.2200012207031,0.0,0.0,168.06118774414062,-334.2200012207031,-329.0,46.581233978271484,-448.5,-410.25,-391.6000061035156,-357.0,-329.0,-309.0,-282.79998779296875,-265.95001220703125,-256.4800109863281
224,-336.1999816894531,0.0,0.0,167.73681640625,-336.20001220703125,-331.5,45.53526306152344,-448.5,-410.25,-391.6000061035156,-357.0,-331.5,-313.0,-283.8999938964844,-265.95001220703125,-256.4800109863281
231,-338.5,0.0,0.0,167.44537353515625,-338.5,-333.0,45.71487808227539,-448.5,-415.29998779296875,-397.0,-357.5,-333.0,-313.0,-284.8999938964844,-279.29998779296875,-256.4800109863281
238,-339.47998046875,0.0,0.0,167.15847778320312,-339.4800109863281,-334.0,46.10585021972656,-448.5,-415.29998779296875,-397.0,-360.5,-334.0,-313.0,-284.8999938964844,-279.29998779296875,-256.4800109863281
245,-342.91998291015625,0.0,0.0,166.87301635742188,-342.9200134277344,-337.0,44.37446594238281,-448.5,-421.20001220703125,-397.29998779296875,-369.0,-337.0,-317.0,-285.8999938964844,-280.95001220703125,-262.8800048828125
252,-346.1399841308594,0.0,0.0,166.5696258544922,-346.1400146484375,-342.0,44.53268814086914,-461.239990234375,-425.20001220703125,-400.20001220703125,-369.5,-342.0,-318.5,-290.79998779296875,-283.95001220703125,-280.70001220703125
259,-348.1399841308594,0.0,0.0,166.28065490722656,-348.1400146484375,-345.0,45.11851501464844,-461.239990234375,-429.95001220703125,-402.79998779296875,-371.25,-345.0,-319.0,-296.8999938964844,-283.95001220703125,-280.70001220703125
266,-349.82000732421875,0.0,0.0,165.98760986328125,-349.82000732421875,-346.5,44.31554412841797,-461.239990234375,-429.95001220703125,-402.79998779296875,-372.25,-346.5,-321.0,-300.70001220703125,-284.95001220703125,-280.70001220703125
273,-350.2799987792969,0.0,0.0,165.69200134277344,-350.2799987792969,-347.5,44.23100280761719,-461.239990234375,-429.95001220703125,-402.79998779296875,-372.25,-347.5,-321.0,-301.0,-284.95001220703125,-280.70001220703125
280,-352.3599853515625,0.0,0.0,165.40243530273438,-352.3599853515625,-349.0,42.819278717041016,-461.239990234375,-429.95001220703125,-402.79998779296875,-372.25,-349.0,-322.75,-307.8999938964844,-285.0,-281.9800109863281
287,-355.1000061035156,0.0,0.0,165.11683654785156,-355.1000061035156,-349.0,45.48725128173828,-473.5799865722656,-448.0,-410.5,-372.75,-349.0,-323.0,-309.0,-296.3999938964844,-281.9800109863281
294,-356.5,0.0,0.0,164.83526611328125,-356.5,-349.0,44.72772979736328,-473.5799865722656,-448.0,-410.5,-375.5,-349.0,-326.0,-311.0,-297.95001220703125,-283.9599914550781
301,-359.6199951171875,0.0,0.0,164.5471649169922,-359.6199951171875,-351.5,44.638946533203125,-473.5799865722656,-448.0,-415.6000061035156,-380.75,-351.5,-330.75,-312.8999938964844,-307.5,-284.9800109863281
308,-362.739990234375,0.0,0.0,164.2614288330078,-362.739990234375,-356.0,46.01904296875,-473.5799865722656,-448.6499938964844,-421.3999938964844,-387.5,-356.0,-332.0,-312.8999938964844,-307.5,-284.9800109863281
315,-364.5199890136719,0.0,0.0,163.9225311279297,-364.5199890136719,-357.5,46.26131820678711,-473.5799865722656,-448.6499938964844,-421.3999938964844,-391.75,-357.5,-332.75,-313.0,-307.5,-284.9800109863281
322,-368.0199890136719,0.0,0.0,163.61007690429688,-368.0199890136719,-359.0,45.56423568725586,-473.5799865722656,-448.6499938964844,-425.3999938964844,-395.5,-359.0,-337.0,-318.79998779296875,-307.6000061035156,-296.79998779296875
329,-369.3199768066406,0.0,0.0,163.31309509277344,-369.32000732421875,-361.0,46.19088363647461,-473.5799865722656,-451.5,-430.3999938964844,-397.0,-361.0,-337.0,-318.79998779296875,-307.6000061035156,-296.79998779296875
336,-369.3399963378906,0.0,0.0,163.01605224609375,-369.3399963378906,-361.0,46.20329284667969,-473.5799865722656,-451.5,-430.3999938964844,-397.0,-361.0,-337.0,-318.79998779296875,-307.6000061035156,-296.79998779296875
343,-372.6600036621094,0.0,0.0,162.70985412597656,-372.6600036621094,-363.0,45.14802551269531,-473.5799865722656,-453.3999938964844,-443.29998779296875,-397.5,-363.0,-344.75,-322.8999938964844,-312.79998779296875,-299.94000244140625
350,-375.1600036621094,0.0,0.0,162.4250946044922,-375.1600036621094,-368.5,44.9381217956543,-473.5799865722656,-453.3999938964844,-443.29998779296875,-399.0,-368.5,-345.0,-322.8999938964844,-313.0,-307.7799987792969
357,-377.5,0.0,0.0,162.11923217773438,-377.5,-373.5,44.769744873046875,-473.5799865722656,-453.3999938964844,-446.20001220703125,-399.25,-373.5,-347.75,-323.8999938964844,-313.0,-307.7799987792969
364,-377.5199890136719,0.0,0.0,161.8330535888672,-377.5199890136719,-373.5,44.7628173828125,-473.5799865722656,-453.3999938964844,-446.20001220703125,-399.25,-373.5,-347.75,-323.8999938964844,-313.0,-307.7799987792969
371,-379.1000061035156,0.0,0.0,161.53404235839844,-379.1000061035156,-376.5,44.47077941894531,-473.5799865722656,-453.3999938964844,-446.20001220703125,-401.25,-376.5,-348.75,-326.70001220703125,-317.75,-307.7799987792969
378,-383.7599792480469,0.0,0.0,161.22132873535156,-383.760009765625,-379.5,47.70579147338867,-502.1600036621094,-473.20001220703125,-451.20001220703125,-403.25,-379.5,-349.0,-328.79998779296875,-317.75,-307.7799987792969
385,-386.239990234375,0.0,0.0,160.88755798339844,-386.239990234375,-384.5,48.13233947753906,-502.1600036621094,-477.3999938964844,-453.0,-405.5,-384.5,-350.75,-328.79998779296875,-317.75,-307.7799987792969
392,-390.97998046875,0.0,0.0,160.59152221679688,-390.9800109863281,-388.5,50.173095703125,-510.2200012207031,-485.04998779296875,-462.0,-412.5,-388.5,-357.0,-331.0,-323.70001220703125,-312.8999938964844
399,-394.3399963378906,0.0,0.0,160.27117919921875,-394.3399963378906,-391.0,51.88048553466797,-521.02001953125,-486.79998779296875,-471.20001220703125,-418.75,-391.0,-357.75,-331.0,-323.70001220703125,-312.8999938964844
406,-399.3599853515625,0.0,0.0,159.98757934570312,-399.3599853515625,-393.5,53.15157699584961,-521.02001953125,-502.29998779296875,-477.20001220703125,-428.25,-393.5,-358.75,-333.0,-326.8500061035156,-314.9599914550781
413,-400.97998046875,0.0,0.0,159.689208984375,-400.9800109863281,-393.5,54.103416442871094,-522.2999877929688,-508.1000061035156,-479.6000061035156,-428.25,-393.5,-360.5,-336.6000061035156,-328.8999938964844,-314.9599914550781
420,-402.94000244140625,0.0,0.0,159.4159393310547,-402.94000244140625,-397.0,53.32781982421875,-522.2999877929688,-508.1000061035156,-479.6000061035156,-429.75,-397.0,-363.0,-337.0,-330.8999938964844,-314.9599914550781
427,-405.3199768066406,0.0,0.0,159.06044006347656,-405.32000732421875,-399.5,53.13490295410156,-522.2999877929688,-508.1000061035156,-479.6000061035156,-432.25,-399.5,-363.0,-337.0,-330.8999938964844,-324.79998779296875
434,-407.3599853515625,0.0,0.0,158.75868225097656,-407.3599853515625,-401.0,52.8019905090332,-522.2999877929688,-508.1000061035156,-479.6000061035156,-438.0,-401.0,-366.75,-343.8999938964844,-332.79998779296875,-324.79998779296875
441,-411.0999755859375,0.0,0.0,158.45263671875,-411.1000061035156,-402.5,56.097503662109375,-537.3200073242188,-508.6499938964844,-479.6000061035156,-446.25,-402.5,-368.75,-343.8999938964844,-332.79998779296875,-324.79998779296875
448,-414.9599914550781,0.0,0.0,158.13589477539062,-414.9599914550781,-404.5,57.272491455078125,-537.3200073242188,-521.0499877929688,-486.5,-448.75,-404.5,-378.0,-344.8999938964844,-332.79998779296875,-324.79998779296875
455,-417.8399963378906,0.0,0.0,157.82373046875,-417.8399963378906,-413.5,57.349056243896484,-537.3200073242188,-521.0499877929688,-500.20001220703125,-453.0,-413.5,-379.0,-348.79998779296875,-333.0,-324.79998779296875
462,-420.2599792480469,0.0,0.0,157.49087524414062,-420.260009765625,-413.5,57.697078704833984,-537.3200073242188,-521.0499877929688,-500.20001220703125,-461.0,-413.5,-379.0,-351.79998779296875,-336.79998779296875,-324.79998779296875
469,-427.0999755859375,0.0,0.0,157.15472412109375,-427.1000061035156,-421.0,57.71767044067383,-537.3200073242188,-522.75,-506.20001220703125,-467.75,-421.0,-385.75,-357.0,-349.8500061035156,-326.9599914550781
476,-433.55999755859375,0.0,0.0,156.80288696289062,-433.55999755859375,-428.5,56.090518951416016,-537.3200073242188,-529.4000244140625,-509.1000061035156,-470.25,-428.5,-396.5,-357.0,-350.95001220703125,-346.79998779296875
483,-436.6199951171875,0.0,0.0,156.4895477294922,-436.6199951171875,-430.0,57.74595260620117,-549.0800170898438,-537.0,-520.0999755859375,-475.25,-430.0,-396.5,-357.0,-350.95001220703125,-346.79998779296875
490,-442.67999267578125,0.0,0.0,156.1953887939453,-442.67999267578125,-439.0,58.001705169677734,-553.0800170898438,-537.2999877929688,-522.2999877929688,-477.25,-439.0,-401.25,-364.20001220703125,-350.95001220703125,-347.0
497,-443.7599792480469,0.0,0.0,155.89480590820312,-443.760009765625,-444.5,57.395843505859375,-553.0800170898438,-537.2999877929688,-522.2999877929688,-477.25,-444.5,-401.25,-367.70001220703125,-351.95001220703125,-348.9599914550781
504,-446.94000244140625,0.0,0.0,155.58306884765625,-446.94000244140625,-447.0,56.843082427978516,-553.0800170898438,-538.25,-525.4000244140625,-479.5,-447.0,-408.25,-372.79998779296875,-352.95001220703125,-349.9800109863281
511,-450.1999816894531,0.0,0.0,155.29298400878906,-450.20001220703125,-447.0,58.156856536865234,-553.0800170898438,-543.2999877929688,-529.7999877929688,-488.75,-447.0,-411.5,-372.79998779296875,-352.95001220703125,-349.9800109863281
518,-452.47998046875,0.0,0.0,154.97213745117188,-452.4800109863281,-448.5,56.71287155151367,-553.0800170898438,-543.2999877929688,-529.7999877929688,-488.75,-448.5,-413.0,-374.79998779296875,-356.79998779296875,-350.9599914550781
525,-454.6399841308594,0.0,0.0,154.5977325439453,-454.6400146484375,-450.0,56.384132385253906,-553.0800170898438,-543.2999877929688,-537.0,-500.25,-450.0,-417.25,-375.0,-364.6000061035156,-351.9800109863281
532,-455.94000244140625,0.0,0.0,154.2882537841797,-455.94000244140625,-451.0,56.13819122314453,-553.0800170898438,-548.0499877929688,-537.0,-500.25,-451.0,-418.75,-380.3999938964844,-370.70001220703125,-352.9800109863281
539,-457.8199768066406,0.0,0.0,153.97119140625,-457.82000732421875,-452.0,57.09910202026367,-553.0800170898438,-549.0999755859375,-537.0999755859375,-501.25,-452.0,-421.25,-380.3999938964844,-370.70001220703125,-352.9800109863281
546,-460.79998779296875,0.0,0.0,153.6708984375,-460.79998779296875,-458.5,57.51538848876953,-557.4000244140625,-551.0999755859375,-538.0,-506.25,-458.5,-422.75,-384.6000061035156,-371.95001220703125,-356.9200134277344
553,-463.44000244140625,0.0,0.0,153.366943359375,-463.44000244140625,-461.0,57.499794006347656,-557.4000244140625,-553.0,-539.0,-508.5,-461.0,-423.0,-385.0,-372.8999938964844,-356.9200134277344
560,-465.2599792480469,0.0,0.0,153.05531311035156,-465.260009765625,-461.0,57.246070861816406,-558.0599975585938,-553.0,-539.0,-508.5,-461.0,-424.5,-394.3999938964844,-374.8999938964844,-356.9200134277344
567,-469.2799987792969,0.0,0.0,152.75132751464844,-469.2799987792969,-467.0,56.97807693481445,-558.0599975585938,-553.0499877929688,-548.0999755859375,-513.0,-467.0,-429.75,-395.8999938964844,-374.8999938964844,-356.9200134277344
574,-472.0799865722656,0.0,0.0,152.45375061035156,-472.0799865722656,-468.0,60.2280158996582,-610.3400268554688,-554.0499877929688,-549.2000122070312,-513.0,-468.0,-430.75,-402.29998779296875,-374.8999938964844,-358.8800048828125
581,-472.97998046875,0.0,0.0,152.1405792236328,-472.9800109863281,-470.0,60.4666862487793,-610.3400268554688,-554.0499877929688,-549.2000122070312,-519.25,-470.0,-430.75,-402.29998779296875,-374.8999938964844,-358.8800048828125
588,-479.5999755859375,0.0,0.0,151.83035278320312,-479.6000061035156,-473.0,60.644039154052734,-621.1199951171875,-557.2999877929688,-551.0,-522.5,-473.0,-437.75,-412.0,-375.0,-358.8800048828125
595,-482.7200012207031,0.0,0.0,151.54727172851562,-482.7200012207031,-475.5,60.08412170410156,-621.1199951171875,-557.2999877929688,-551.0,-524.25,-475.5,-439.0,-416.6000061035156,-375.0,-358.9200134277344
602,-484.6199951171875,0.0,0.0,151.2242889404297,-484.6199951171875,-477.5,60.29656219482422,-621.1199951171875,-563.9000244140625,-551.0,-525.0,-477.5,-446.75,-416.6000061035156,-375.0,-358.9200134277344
609,-488.03997802734375,0.0,0.0,150.90101623535156,-488.0400085449219,-484.0,61.726646423339844,-627.0,-582.4500122070312,-553.0999755859375,-529.25,-484.0,-447.75,-417.5,-375.0,-358.9200134277344
616,-491.8199768066406,0.0,0.0,150.60560607910156,-491.82000732421875,-489.0,63.410308837890625,-627.6199951171875,-603.9000244140625,-554.2999877929688,-531.0,-489.0,-450.5,-424.29998779296875,-375.0,-358.9200134277344
623,-496.8399963378906,0.0,0.0,150.3206787109375,-496.8399963378906,-497.0,62.06153869628906,-627.6199951171875,-603.9000244140625,-558.5,-537.25,-497.0,-459.75,-428.6000061035156,-401.6000061035156,-358.9200134277344
630,-500.29998779296875,0.0,0.0,150.00198364257812,-500.29998779296875,-499.0,62.17049026489258,-627.6199951171875,-603.9000244140625,-563.5999755859375,-538.0,-499.0,-466.25,-434.3999938964844,-401.6000061035156,-358.9200134277344
637,-505.94000244140625,0.0,0.0,149.71035766601562,-505.94000244140625,-507.0,67.37133026123047,-660.739990234375,-621.2999877929688,-570.2000122070312,-541.25,-507.0,-468.5,-435.0,-401.6000061035156,-358.9200134277344
644,-508.7799987792969,0.0,0.0,149.38182067871094,-508.7799987792969,-508.0,66.56523895263672,-660.739990234375,-621.2999877929688,-583.2000122070312,-542.75,-508.0,-468.5,-436.79998779296875,-403.0,-364.9200134277344
651,-513.0399780273438,0.0,0.0,149.03622436523438,-513.0399780273438,-514.0,67.63414764404297,-660.739990234375,-621.2999877929688,-603.0,-551.0,-514.0,-470.5,-436.79998779296875,-403.0,-364.9200134277344
658,-518.47998046875,0.0,0.0,148.7080078125,-518.47998046875,-517.5,67.81320190429688,-660.739990234375,-627.0,-603.7999877929688,-554.75,-517.5,-473.0,-438.79998779296875,-417.45001220703125,-375.0
665,-521.4599609375,0.0,0.0,148.40365600585938,-521.4600219726562,-521.0,67.82129669189453,-660.739990234375,-627.0,-611.0999755859375,-557.25,-521.0,-473.0,-444.3999938964844,-417.45001220703125,-375.0
672,-523.5199584960938,0.0,0.0,148.09629821777344,-523.52001953125,-521.0,67.28766632080078,-660.739990234375,-627.9000244140625,-611.0999755859375,-559.0,-521.0,-477.75,-447.70001220703125,-417.45001220703125,-375.0
679,-525.9400024414062,0.0,0.0,147.77647399902344,-525.9400024414062,-521.0,68.17900085449219,-688.1799926757812,-645.2999877929688,-613.2000122070312,-560.0,-521.0,-477.75,-450.70001220703125,-428.45001220703125,-375.0
686,-528.1599731445312,0.0,0.0,147.43878173828125,-528.1599731445312,-524.5,68.4887924194336,-688.1799926757812,-645.2999877929688,-615.2000122070312,-563.75,-524.5,-479.0,-450.70001220703125,-428.45001220703125,-392.6400146484375
693,-531.0800170898438,0.0,0.0,147.14779663085938,-531.0800170898438,-527.0,66.0739974975586,-688.1799926757812,-645.2999877929688,-615.2000122070312,-566.5,-527.0,-485.5,-464.3999938964844,-444.29998779296875,-417.5
700,-533.7799682617188,0.0,0.0,146.83860778808594,-533.780029296875,-527.5,66.3039321899414,-688.1799926757812,-651.7999877929688,-617.0999755859375,-568.25,-527.5,-485.5,-464.3999938964844,-446.8999938964844,-428.7799987792969
707,-539.3599853515625,0.0,0.0,146.5310821533203,-539.3599853515625,-532.5,66.43560791015625,-688.1799926757812,-651.7999877929688,-618.2999877929688,-581.5,-532.5,-494.25,-464.3999938964844,-446.8999938964844,-428.8999938964844
714,-542.7999877929688,0.0,0.0,146.2274169921875,-542.7999877929688,-542.0,67.70952606201172,-688.1799926757812,-651.7999877929688,-623.4000244140625,-587.0,-542.0,-494.25,-464.3999938964844,-446.8999938964844,-428.8999938964844
721,-546.0399780273438,0.0,0.0,145.927001953125,-546.0399780273438,-546.5,68.37147521972656,-688.1799926757812,-651.7999877929688,-627.0,-591.0,-546.5,-495.0,-464.3999938964844,-446.8999938964844,-428.8999938964844
728,-550.5999755859375,0.0,0.0,145.63536071777344,-550.5999755859375,-552.0,67.45977020263672,-688.1799926757812,-651.7999877929688,-627.5,-593.0,-552.0,-506.0,-465.0,-450.70001220703125,-430.8599853515625
735,-553.8999633789062,0.0,0.0,145.31256103515625,-553.9000244140625,-556.5,67.57551574707031,-688.1799926757812,-651.7999877929688,-636.0999755859375,-599.25,-556.5,-508.5,-465.0,-451.95001220703125,-442.6199951171875
742,-557.6400146484375,0.0,0.0,145.0027618408203,-557.6400146484375,-557.5,67.88763427734375,-688.1799926757812,-659.4000244140625,-640.0999755859375,-601.5,-557.5,-509.75,-472.79998779296875,-452.95001220703125,-442.6199951171875
749,-563.239990234375,0.0,0.0,144.68955993652344,-563.239990234375,-560.5,67.31717681884766,-688.1799926757812,-667.2000122070312,-641.4000244140625,-618.0,-560.5,-513.25,-472.79998779296875,-458.70001220703125,-450.8399963378906
756,-569.0800170898438,0.0,0.0,144.41148376464844,-569.0800170898438,-563.0,67.47957611083984,-698.3200073242188,-671.8499755859375,-641.4000244140625,-618.75,-563.0,-526.0,-475.0,-460.8999938964844,-451.94000244140625
763,-574.5999755859375,0.0,0.0,144.12997436523438,-574.5999755859375,-571.0,65.92434692382812,-698.3200073242188,-671.8499755859375,-645.5999755859375,-623.0,-571.0,-531.0,-480.6000061035156,-465.0,-458.8599853515625
770,-580.2999877929688,0.0,0.0,143.8263702392578,-580.2999877929688,-579.5,70.05033874511719,-763.1599731445312,-697.0,-657.9000244140625,-627.0,-579.5,-535.25,-486.3999938964844,-465.0,-458.8599853515625
777,-583.239990234375,0.0,0.0,143.47769165039062,-583.239990234375,-584.5,71.93748474121094,-763.1599731445312,-697.1500244140625,-672.7000122070312,-627.75,-584.5,-535.25,-486.3999938964844,-465.0,-458.8599853515625
784,-585.4599609375,0.0,0.0,143.19212341308594,-585.4600219726562,-585.5,72.08029174804688,-763.1599731445312,-697.1500244140625,-674.5,-630.0,-585.5,-538.75,-486.3999938964844,-474.5,-458.8599853515625
791,-587.219970703125,0.0,0.0,142.87408447265625,-587.219970703125,-586.5,73.02747344970703,-771.0599975585938,-701.0499877929688,-674.5,-630.0,-586.5,-541.25,-494.20001220703125,-474.5,-458.8599853515625
798,-592.260009765625,0.0,0.0,142.60690307617188,-592.260009765625,-589.5,74.87665557861328,-774.1400146484375,-723.0999755859375,-674.5,-633.25,-589.5,-541.25,-502.20001220703125,-475.0,-464.9200134277344
805,-594.2000122070312,0.0,0.0,142.32144165039062,-594.2000122070312,-589.5,74.7750015258789,-774.1400146484375,-723.0999755859375,-675.4000244140625,-637.0,-589.5,-541.25,-506.6000061035156,-475.0,-464.9200134277344
812,-596.8599853515625,0.0,0.0,142.0131072998047,-596.8599853515625,-594.0,74.07779693603516,-774.1400146484375,-723.0999755859375,-675.4000244140625,-638.75,-594.0,-542.75,-507.0,-480.70001220703125,-464.9200134277344
819,-600.6400146484375,0.0,0.0,141.6891632080078,-600.6400146484375,-595.5,74.33121490478516,-774.1400146484375,-738.2999877929688,-697.2999877929688,-641.5,-595.5,-543.75,-509.8999938964844,-494.6000061035156,-466.9599914550781
826,-602.3999633789062,0.0,0.0,141.3512725830078,-602.4000244140625,-596.5,75.59828186035156,-774.1400146484375,-763.1500244140625,-697.2999877929688,-643.25,-596.5,-543.75,-509.8999938964844,-494.6000061035156,-466.9599914550781
833,-603.5999755859375,0.0,0.0,141.0470428466797,-603.5999755859375,-599.0,75.36113739013672,-774.1400146484375,-763.1500244140625,-697.2999877929688,-644.5,-599.0,-545.5,-509.8999938964844,-494.6000061035156,-466.9599914550781
840,-608.8399658203125,0.0,0.0,140.77488708496094,-608.8400268554688,-610.0,74.11933135986328,-774.1400146484375,-763.1500244140625,-697.2999877929688,-648.25,-610.0,-550.5,-516.5999755859375,-506.79998779296875,-466.9599914550781
847,-613.219970703125,0.0,0.0,140.48712158203125,-613.219970703125,-616.0,75.29975128173828,-774.1400146484375,-763.1500244140625,-713.0,-652.0,-616.0,-556.0,-517.0,-506.8999938964844,-466.9599914550781
854,-614.1599731445312,0.0,0.0,140.22789001464844,-614.1599731445312,-616.0,75.8287124633789,-774.1400146484375,-763.4000244140625,-713.0,-655.0,-616.0,-556.0,-517.0,-506.8999938964844,-466.9599914550781
861,-617.3599853515625,0.0,0.0,139.9376678466797,-617.3599853515625,-616.0,75.30345153808594,-774.1400146484375,-763.4000244140625,-713.2999877929688,-656.75,-616.0,-565.75,-523.0,-508.79998779296875,-466.9599914550781
868,-620.1400146484375,0.0,0.0,139.6316680908203,-620.1400146484375,-620.0,74.61554718017578,-774.1400146484375,-763.4000244140625,-713.2999877929688,-662.25,-620.0,-570.5,-523.0,-508.79998779296875,-466.9599914550781
875,-624.47998046875,0.0,0.0,139.34332275390625,-624.47998046875,-630.5,73.05525207519531,-774.1400146484375,-763.4000244140625,-713.2999877929688,-663.25,-630.5,-577.25,-523.0,-508.79998779296875,-486.6000061035156
882,-627.7000122070312,0.0,0.0,139.03562927246094,-627.7000122070312,-630.5,73.5655517578125,-780.02001953125,-767.2000122070312,-716.5,-665.0,-630.5,-583.25,-523.0,-509.0,-500.7200012207031
889,-630.1599731445312,0.0,0.0,138.75048828125,-630.1599731445312,-631.0,72.56414031982422,-780.02001953125,-767.2000122070312,-719.2000122070312,-672.75,-631.0,-583.25,-532.0,-509.95001220703125,-504.9200134277344
896,-633.0999755859375,0.0,0.0,138.4650421142578,-633.0999755859375,-631.5,72.47489166259766,-780.02001953125,-767.2000122070312,-721.2999877929688,-677.5,-631.5,-586.5,-533.9000244140625,-516.5999755859375,-504.9200134277344
903,-637.8999633789062,0.0,0.0,138.1954345703125,-637.9000244140625,-633.0,73.41341400146484,-782.1599731445312,-767.2000122070312,-725.0,-679.25,-633.0,-590.0,-535.9000244140625,-522.7000122070312,-508.8399963378906
910,-640.8800048828125,0.0,0.0,137.9270477294922,-640.8800048828125,-634.0,71.86045837402344,-782.1599731445312,-767.2000122070312,-734.2999877929688,-679.25,-634.0,-595.5,-535.9000244140625,-524.9000244140625,-517.0
917,-644.5799560546875,0.0,0.0,137.61892700195312,-644.5800170898438,-637.0,70.97354125976562,-782.1599731445312,-767.2000122070312,-734.2999877929688,-686.0,-637.0,-597.75,-552.7999877929688,-526.9000244140625,-522.8800048828125
924,-648.4199829101562,0.0,0.0,137.31719970703125,-648.4199829101562,-641.0,71.32716369628906,-805.6799926757812,-771.1500244140625,-734.2999877929688,-696.5,-641.0,-601.75,-552.7999877929688,-526.9000244140625,-522.8800048828125
931,-652.0799560546875,0.0,0.0,137.05198669433594,-652.0800170898438,-649.0,70.54851531982422,-805.6799926757812,-771.1500244140625,-734.2999877929688,-698.5,-649.0,-603.5,-565.9000244140625,-526.9000244140625,-522.8800048828125
938,-654.7799682617188,0.0,0.0,136.77001953125,-654.780029296875,-651.5,72.4282455444336,-835.0800170898438,-774.3499755859375,-738.5999755859375,-700.5,-651.5,-608.5,-565.9000244140625,-532.7000122070312,-522.8800048828125
945,-657.3999633789062,0.0,0.0,136.47923278808594,-657.4000244140625,-654.0,70.74051666259766,-835.0800170898438,-774.3499755859375,-738.5999755859375,-700.5,-654.0,-613.75,-568.7000122070312,-534.9000244140625,-522.8800048828125
952,-660.8200073242188,0.0,0.0,136.22471618652344,-660.8200073242188,-658.0,71.63733673095703,-835.0800170898438,-774.3499755859375,-753.0999755859375,-703.25,-658.0,-616.25,-574.0999755859375,-534.9000244140625,-522.9600219726562
959,-662.6599731445312,0.0,0.0,135.93348693847656,-662.6599731445312,-663.0,70.52704620361328,-835.0800170898438,-774.3499755859375,-753.0999755859375,-704.25,-663.0,-616.25,-579.5,-548.75,-532.8400268554688
966,-664.3999633789062,0.0,0.0,135.6651153564453,-664.4000244140625,-664.0,70.98971557617188,-835.0800170898438,-774.8499755859375,-753.0999755859375,-707.0,-664.0,-616.25,-579.5,-548.75,-533.0
973,-667.2000122070312,0.0,0.0,135.41981506347656,-667.2000122070312,-664.0,70.23631286621094,-839.0,-774.8499755859375,-753.0999755859375,-713.0,-664.0,-620.5,-579.5,-548.75,-533.0
980,-672.5199584960938,0.0,0.0,135.12408447265625,-672.52001953125,-673.0,72.7171859741211,-839.2000122070312,-791.7000122070312,-754.0,-719.25,-673.0,-622.5,-579.5,-548.75,-533.0
987,-677.1199951171875,0.0,0.0,134.8103485107422,-677.1199951171875,-681.5,72.5843276977539,-839.2000122070312,-791.7000122070312,-755.2000122070312,-721.75,-681.5,-626.0,-586.4000244140625,-551.8499755859375,-533.0
994,-681.2799682617188,0.0,0.0,134.53477478027344,-681.280029296875,-687.0,70.82698059082031,-839.2000122070312,-791.7000122070312,-755.2000122070312,-728.75,-687.0,-634.75,-588.7999877929688,-552.9500122070312,-534.9600219726562
1001,-682.8599853515625,0.0,0.0,134.26287841796875,-682.8599853515625,-691.0,70.00599670410156,-839.2000122070312,-791.7999877929688,-766.2000122070312,-728.75,-691.0,-635.0,-596.2000122070312,-552.9500122070312,-534.9600219726562
1008,-686.97998046875,0.0,0.0,133.96072387695312,-686.97998046875,-694.0,69.9549789428711,-839.2000122070312,-793.2999877929688,-768.0999755859375,-733.25,-694.0,-635.0,-598.7999877929688,-573.9000244140625,-548.6799926757812
1015,-689.5799560546875,0.0,0.0,133.71177673339844,-689.5800170898438,-698.0,70.08796691894531,-839.2000122070312,-793.2999877929688,-768.0999755859375,-735.5,-698.0,-639.5,-598.7999877929688,-573.9000244140625,-548.6799926757812
1022,-691.4400024414062,0.0,0.0,133.47235107421875,-691.4400024414062,-701.5,70.11323547363281,-839.2000122070312,-793.2999877929688,-768.0999755859375,-737.75,-701.5,-639.75,-600.7999877929688,-573.9000244140625,-548.6799926757812
1029,-693.1400146484375,0.0,0.0,133.20167541503906,-693.1400146484375,-701.5,69.26384735107422,-839.2000122070312,-793.2999877929688,-769.2000122070312,-740.25,-701.5,-642.25,-611.0,-573.9000244140625,-548.760009765625
1036,-696.4199829101562,0.0,0.0,132.92918395996094,-696.4199829101562,-704.0,70.51555633544922,-849.3599853515625,-813.3499755859375,-771.5999755859375,-742.25,-704.0,-642.25,-611.0,-575.0,-551.7000122070312
1043,-698.7000122070312,0.0,0.0,132.66830444335938,-698.7000122070312,-706.0,69.90400695800781,-849.3599853515625,-813.3499755859375,-777.2000122070312,-743.0,-706.0,-645.75,-611.0,-595.9000244140625,-551.7000122070312
1050,-701.8399658203125,0.0,0.0,132.39996337890625,-701.8400268554688,-708.0,69.97824096679688,-849.3599853515625,-824.75,-779.7000122070312,-744.0,-708.0,-651.25,-613.7000122070312,-595.9000244140625,-551.7000122070312
1057,-703.9199829101562,0.0,0.0,132.1183319091797,-703.9199829101562,-709.5,69.874267578125,-861.1199951171875,-824.75,-786.5,-744.0,-709.5,-655.0,-613.7000122070312,-595.9000244140625,-551.7000122070312
1064,-707.0599975585938,0.0,0.0,131.83901977539062,-707.0599975585938,-711.0,68.98098754882812,-861.1199951171875,-824.75,-798.0,-745.0,-711.0,-655.75,-613.7000122070312,-598.9000244140625,-556.9000244140625
1071,-708.97998046875,0.0,0.0,131.5701904296875,-708.97998046875,-712.0,69.00623321533203,-861.1199951171875,-824.75,-798.0,-751.0,-712.0,-655.75,-616.7000122070312,-608.4000244140625,-556.9000244140625
1078,-710.5,0.0,0.0,131.2902069091797,-710.5,-716.5,71.25033569335938,-867.3200073242188,-839.5,-798.0,-751.0,-716.5,-655.75,-616.7000122070312,-608.4000244140625,-557.97998046875
1085,-715.0199584960938,0.0,0.0,131.03623962402344,-715.02001953125,-717.0,70.9871826171875,-867.3200073242188,-839.5,-799.5999755859375,-754.25,-717.0,-666.0,-626.0,-608.4000244140625,-574.6599731445312
1092,-717.6399536132812,0.0,0.0,130.7836151123047,-717.6400146484375,-721.0,70.85089874267578,-867.3200073242188,-839.5,-805.2000122070312,-755.5,-721.0,-669.25,-627.7999877929688,-608.4000244140625,-574.739990234375
1099,-721.9400024414062,0.0,0.0,130.49842834472656,-721.9400024414062,-729.5,70.54315185546875,-867.3200073242188,-839.5,-805.2000122070312,-765.25,-729.5,-672.25,-627.7999877929688,-608.4000244140625,-577.9400024414062
1106,-724.0399780273438,0.0,0.0,130.25401306152344,-724.0399780273438,-732.0,70.98238372802734,-867.3200073242188,-845.2000122070312,-807.5,-766.5,-732.0,-677.5,-627.7999877929688,-608.4000244140625,-577.9400024414062
1113,-725.8200073242188,0.0,0.0,130.0004119873047,-725.8200073242188,-735.0,70.5650634765625,-867.3200073242188,-845.2000122070312,-807.5,-771.0,-735.0,-682.5,-629.0,-608.4000244140625,-577.9400024414062
1120,-730.3599853515625,0.0,0.0,129.71653747558594,-730.3599853515625,-740.5,69.19226837158203,-867.3200073242188,-845.2000122070312,-809.2999877929688,-776.0,-740.5,-689.75,-638.4000244140625,-609.9500122070312,-578.9199829101562
1127,-733.3800048828125,0.0,0.0,129.41961669921875,-733.3800048828125,-741.0,69.41437530517578,-867.3200073242188,-861.0,-815.0999755859375,-779.25,-741.0,-690.75,-642.0,-609.9500122070312,-578.9199829101562
1134,-734.8999633789062,0.0,0.0,129.16046142578125,-734.9000244140625,-741.0,69.30865478515625,-869.280029296875,-861.0999755859375,-815.0999755859375,-780.75,-741.0,-690.75,-648.4000244140625,-616.6500244140625,-578.9199829101562
1141,-737.8599853515625,0.0,0.0,128.9071502685547,-737.8599853515625,-741.5,71.44956970214844,-883.3800048828125,-863.2000122070312,-816.7999877929688,-780.75,-741.5,-694.0,-648.4000244140625,-616.6500244140625,-578.9199829101562
1148,-742.0999755859375,0.0,0.0,128.65736389160156,-742.0999755859375,-743.5,72.94689178466797,-895.1400146484375,-867.0999755859375,-826.2000122070312,-787.25,-743.5,-694.0,-648.4000244140625,-616.6500244140625,-578.9199829101562
1155,-744.5799560546875,0.0,0.0,128.39491271972656,-744.5800170898438,-744.5,72.8077163696289,-895.1400146484375,-867.0999755859375,-847.5,-787.25,-744.5,-694.0,-654.4000244140625,-621.75,-578.9199829101562
1162,-746.0799560546875,0.0,0.0,128.1251983642578,-746.0800170898438,-746.5,71.7295913696289,-895.1400146484375,-867.0999755859375,-847.5,-787.25,-746.5,-695.0,-654.4000244140625,-621.75,-584.8800048828125
1169,-747.8399658203125,0.0,0.0,127.85588836669922,-747.8400268554688,-747.0,70.40479278564453,-895.1400146484375,-867.0999755859375,-847.5,-787.25,-747.0,-700.25,-661.5,-628.4000244140625,-596.760009765625
1176,-749.5199584960938,0.0,0.0,127.61640167236328,-749.52001953125,-747.0,70.15033721923828,-895.1400146484375,-867.0999755859375,-847.5,-788.25,-747.0,-704.25,-661.5,-628.4000244140625,-596.9199829101562
1183,-752.1199951171875,0.0,0.0,127.35070037841797,-752.1199951171875,-750.0,68.91767120361328,-895.1400146484375,-867.0999755859375,-847.5,-788.25,-750.0,-709.0,-668.2999877929688,-628.4000244140625,-596.9199829101562
1190,-752.6199951171875,0.0,0.0,127.0871810913086,-752.6199951171875,-752.0,68.82815551757812,-895.1400146484375,-867.0999755859375,-847.5,-788.25,-752.0,-709.0,-668.2999877929688,-628.4000244140625,-596.9199829101562
1197,-753.7799682617188,0.0,0.0,126.81978607177734,-753.780029296875,-752.0,67.96919250488281,-895.1400146484375,-867.0999755859375,-847.5,-793.0,-752.0,-709.0,-668.2999877929688,-632.7999877929688,-608.760009765625
1204,-756.1599731445312,0.0,0.0,126.60076141357422,-756.1599731445312,-752.0,68.33150482177734,-895.1400146484375,-867.0999755859375,-861.0,-796.25,-752.0,-709.0,-668.5999755859375,-644.2000122070312,-608.760009765625
1211,-758.6199951171875,0.0,0.0,126.35176849365234,-758.6199951171875,-753.5,70.15180206298828,-902.0999755859375,-869.7000122070312,-861.0999755859375,-797.5,-753.5,-710.5,-668.7000122070312,-644.2000122070312,-608.760009765625
1218,-761.4199829101562,0.0,0.0,126.08161163330078,-761.4199829101562,-758.5,69.43805694580078,-904.0599975585938,-883.5999755859375,-863.4000244140625,-800.75,-758.5,-715.5,-668.7000122070312,-647.0,-616.8400268554688
1225,-763.4599609375,0.0,0.0,125.7976303100586,-763.4600219726562,-760.0,70.10740661621094,-904.0599975585938,-895.0999755859375,-863.4000244140625,-809.5,-760.0,-717.0,-678.0,-647.0,-616.8400268554688
1232,-765.3999633789062,0.0,0.0,125.60880279541016,-765.4000244140625,-761.0,69.5923843383789,-904.0599975585938,-895.0999755859375,-863.4000244140625,-809.5,-761.0,-717.0,-679.0,-648.9000244140625,-617.0
1239,-769.0,0.0,0.0,125.37445068359375,-769.0,-766.5,70.19757843017578,-904.0599975585938,-897.1500244140625,-863.4000244140625,-811.25,-766.5,-717.0,-686.2000122070312,-665.0499877929688,-617.0
1246,-774.5199584960938,0.0,0.0,125.11959838867188,-774.52001953125,-774.5,69.52200317382812,-904.0599975585938,-897.1500244140625,-867.2000122070312,-821.25,-774.5,-724.75,-692.7999877929688,-667.9000244140625,-617.0
1253,-779.1199951171875,0.0,0.0,124.8743896484375,-779.1199951171875,-782.5,69.07246398925781,-904.219970703125,-897.1500244140625,-867.2000122070312,-824.0,-782.5,-738.5,-694.7999877929688,-667.9000244140625,-617.0
1260,-781.7999877929688,0.0,0.0,124.59952545166016,-781.7999877929688,-789.5,69.41800689697266,-904.219970703125,-897.1500244140625,-867.2000122070312,-824.75,-789.5,-738.5,-704.5999755859375,-671.7000122070312,-617.0
1267,-783.1799926757812,0.0,0.0,124.36099243164062,-783.1799926757812,-789.5,69.18516540527344,-904.219970703125,-897.1500244140625,-867.2000122070312,-827.5,-789.5,-739.75,-704.5999755859375,-671.7000122070312,-617.0
1274,-786.8200073242188,0.0,0.0,124.13152313232422,-786.8200073242188,-795.5,67.79253387451172,-907.1599731445312,-900.0499877929688,-867.2000122070312,-829.0,-795.5,-744.5,-711.9000244140625,-671.7000122070312,-617.0
1281,-788.0399780273438,0.0,0.0,123.89463806152344,-788.0399780273438,-796.0,67.10721588134766,-907.1599731445312,-900.0499877929688,-869.0,-829.0,-796.0,-745.75,-711.9000244140625,-672.4000244140625,-617.0
1288,-789.5399780273438,0.0,0.0,123.6524887084961,-789.5399780273438,-796.0,68.17542266845703,-907.1599731445312,-900.0499877929688,-876.5,-833.0,-796.0,-745.75,-711.9000244140625,-672.4000244140625,-617.0
1295,-791.6199951171875,0.0,0.0,123.37179565429688,-791.6199951171875,-796.5,66.87836456298828,-907.1599731445312,-900.0499877929688,-876.5,-833.0,-796.5,-746.75,-716.4000244140625,-678.0999755859375,-617.0
1302,-792.739990234375,0.0,0.0,123.13689422607422,-792.739990234375,-797.0,66.25188446044922,-907.1599731445312,-900.0499877929688,-876.5,-833.0,-797.0,-752.5,-716.4000244140625,-678.9000244140625,-617.0
1309,-795.760009765625,0.0,0.0,122.89208984375,-795.760009765625,-797.0,66.69424438476562,-915.1199951171875,-901.1500244140625,-882.4000244140625,-834.25,-797.0,-753.75,-717.0,-682.7999877929688,-644.4400024414062
1316,-799.5,0.0,0.0,122.6439437866211,-799.5,-798.0,66.18889617919922,-915.1199951171875,-901.2999877929688,-892.2999877929688,-841.25,-798.0,-754.75,-725.7000122070312,-682.7999877929688,-644.4400024414062
1323,-802.1599731445312,0.0,0.0,122.40482330322266,-802.1599731445312,-799.5,66.22774505615234,-915.1199951171875,-905.0999755859375,-895.2000122070312,-842.0,-799.5,-759.75,-728.7000122070312,-682.7999877929688,-644.4400024414062
1330,-805.1599731445312,0.0,0.0,122.16288757324219,-805.1599731445312,-802.5,66.68368530273438,-921.3599853515625,-914.0499877929688,-897.0999755859375,-846.5,-802.5,-759.75,-728.7000122070312,-709.5999755859375,-675.7999877929688
1337,-808.0799560546875,0.0,0.0,121.91366577148438,-808.0800170898438,-807.0,66.86892700195312,-939.0800170898438,-918.1500244140625,-897.0999755859375,-848.5,-807.0,-760.75,-728.7000122070312,-709.5999755859375,-676.7999877929688
1344,-811.1399536132812,0.0,0.0,121.67481994628906,-811.1400146484375,-811.0,66.42350006103516,-943.5599975585938,-921.8499755859375,-897.0999755859375,-849.25,-811.0,-765.75,-731.7000122070312,-709.7000122070312,-682.6799926757812
1351,-812.3399658203125,0.0,0.0,121.44158172607422,-812.3400268554688,-812.0,66.49649810791016,-943.5599975585938,-921.8499755859375,-898.7000122070312,-850.75,-812.0,-769.75,-731.7000122070312,-709.7000122070312,-682.6799926757812
1358,-814.5599975585938,0.0,0.0,121.20030975341797,-814.5599975585938,-812.0,68.98512268066406,-971.02001953125,-939.0999755859375,-898.7000122070312,-855.5,-812.0,-769.75,-731.7000122070312,-709.7000122070312,-682.6799926757812
1365,-816.3599853515625,0.0,0.0,120.94984436035156,-816.3599853515625,-813.0,68.59074401855469,-971.02001953125,-939.5,-898.7000122070312,-855.5,-813.0,-774.5,-738.2999877929688,-709.7000122070312,-682.6799926757812
1372,-819.1799926757812,0.0,0.0,120.70792388916016,-819.1799926757812,-813.5,69.30474090576172,-972.1799926757812,-959.5999755859375,-898.7000122070312,-855.5,-813.5,-778.5,-738.5,-710.7999877929688,-682.6799926757812
1379,-821.47998046875,0.0,0.0,120.44597625732422,-821.47998046875,-817.0,69.33505249023438,-972.1799926757812,-959.5999755859375,-898.7000122070312,-862.25,-817.0,-783.5,-739.0,-710.7999877929688,-682.6799926757812
1386,-823.3800048828125,0.0,0.0,120.20083618164062,-823.3800048828125,-823.0,69.37258911132812,-972.1799926757812,-959.5999755859375,-906.2999877929688,-866.5,-823.0,-783.5,-739.0,-710.7999877929688,-698.6799926757812
1393,-827.0399780273438,0.0,0.0,119.9886703491211,-827.0399780273438,-825.0,70.25225067138672,-972.219970703125,-962.4500122070312,-919.2000122070312,-877.25,-825.0,-785.0,-741.7000122070312,-712.9000244140625,-698.6799926757812
1400,-829.1199951171875,0.0,0.0,119.7147445678711,-829.1199951171875,-827.5,69.54627990722656,-972.219970703125,-962.4500122070312,-919.2000122070312,-877.25,-827.5,-785.0,-746.5,-716.7000122070312,-698.6799926757812
1407,-830.739990234375,0.0,0.0,119.51309967041016,-830.739990234375,-828.0,68.1512451171875,-972.219970703125,-962.4500122070312,-919.2000122070312,-877.25,-828.0,-786.5,-747.0,-722.7000122070312,-700.9600219726562
1414,-833.1399536132812,0.0,0.0,119.27762603759766,-833.1400146484375,-833.0,68.71710205078125,-982.02001953125,-962.4500122070312,-921.4000244140625,-877.25,-833.0,-792.75,-747.0,-722.7000122070312,-700.9600219726562
1421,-833.5,0.0,0.0,119.04634857177734,-833.5,-833.0,68.24756622314453,-982.02001953125,-962.4500122070312,-921.4000244140625,-877.25,-833.0,-792.75,-747.0,-736.2999877929688,-700.9600219726562
1428,-835.260009765625,0.0,0.0,118.8011474609375,-835.260009765625,-835.0,67.06617736816406,-982.02001953125,-962.4500122070312,-923.2000122070312,-877.25,-835.0,-792.75,-752.4000244140625,-736.2999877929688,-700.9600219726562
1435,-836.9599609375,0.0,0.0,118.54248046875,-836.9600219726562,-835.0,67.52879333496094,-982.02001953125,-962.4500122070312,-926.2999877929688,-878.75,-835.0,-793.75,-752.4000244140625,-736.2999877929688,-700.9600219726562
1442,-840.5199584960938,0.0,0.0,118.2958984375,-840.52001953125,-842.5,67.74060821533203,-982.02001953125,-962.4500122070312,-931.7000122070312,-883.5,-842.5,-794.75,-752.4000244140625,-738.9000244140625,-710.7999877929688
1449,-841.5599975585938,0.0,0.0,118.05845642089844,-841.5599975585938,-842.5,66.80828094482422,-982.02001953125,-962.4500122070312,-931.7000122070312,-883.5,-842.5,-800.0,-756.5999755859375,-739.0,-710.7999877929688
1456,-844.6799926757812,0.0,0.0,117.85913848876953,-844.6799926757812,-843.0,66.31558990478516,-982.02001953125,-962.4500122070312,-931.7000122070312,-888.25,-843.0,-802.5,-756.5999755859375,-746.5999755859375,-726.6799926757812
1463,-847.3800048828125,0.0,0.0,117.63487243652344,-847.3800048828125,-844.0,66.56181335449219,-982.02001953125,-962.4500122070312,-938.0,-893.0,-844.0,-802.5,-760.5999755859375,-747.0,-738.760009765625
1470,-848.760009765625,0.0,0.0,117.40423583984375,-848.760009765625,-844.0,67.19346618652344,-982.02001953125,-962.4500122070312,-938.4000244140625,-898.75,-844.0,-802.5,-760.5999755859375,-747.0,-738.760009765625
1477,-850.5999755859375,0.0,0.0,117.16837310791016,-850.5999755859375,-845.0,66.64398193359375,-982.02001953125,-962.4500122070312,-938.4000244140625,-898.75,-845.0,-802.5,-762.7999877929688,-747.0,-738.760009765625
1484,-851.0599975585938,0.0,0.0,116.9211196899414,-851.0599975585938,-846.0,66.53462219238281,-982.02001953125,-962.4500122070312,-942.0999755859375,-898.75,-846.0,-802.5,-764.7999877929688,-747.0,-738.760009765625
1491,-853.7999877929688,0.0,0.0,116.69271087646484,-853.7999877929688,-848.5,66.73125457763672,-982.02001953125,-962.4500122070312,-943.5,-901.75,-848.5,-804.5,-772.2000122070312,-747.0,-738.760009765625
1498,-855.1799926757812,0.0,0.0,116.49727630615234,-855.1799926757812,-849.0,66.43724822998047,-982.02001953125,-962.4500122070312,-943.5,-906.25,-849.0,-805.0,-774.7999877929688,-747.0,-738.760009765625
1505,-855.5,0.0,0.0,116.22511291503906,-855.5,-849.0,66.5429916381836,-982.02001953125,-971.0499877929688,-943.5,-906.25,-849.0,-805.0,-774.7999877929688,-747.0,-738.760009765625
1512,-856.6799926757812,0.0,0.0,116.0228271484375,-856.6799926757812,-849.0,66.10565185546875,-982.02001953125,-971.0499877929688,-943.5,-906.25,-849.0,-806.5,-776.7999877929688,-747.0,-738.760009765625
1519,-859.219970703125,0.0,0.0,115.77062225341797,-859.219970703125,-850.0,66.43862915039062,-983.280029296875,-971.0499877929688,-948.4000244140625,-906.25,-850.0,-807.75,-776.7999877929688,-752.7000122070312,-739.0
1526,-861.1799926757812,0.0,0.0,115.53152465820312,-861.1799926757812,-859.5,66.38935852050781,-983.280029296875,-971.0499877929688,-948.4000244140625,-910.0,-859.5,-811.0,-776.7999877929688,-752.7000122070312,-739.0
1533,-864.6199951171875,0.0,0.0,115.2817153930664,-864.6199951171875,-866.0,66.30471801757812,-985.239990234375,-971.0499877929688,-948.4000244140625,-912.75,-866.0,-818.25,-776.7999877929688,-752.7000122070312,-739.0
1540,-866.260009765625,0.0,0.0,115.0543212890625,-866.260009765625,-868.0,65.57615661621094,-985.239990234375,-971.0499877929688,-948.4000244140625,-912.75,-868.0,-821.25,-776.7999877929688,-753.0,-739.0
1547,-867.0799560546875,0.0,0.0,114.83383178710938,-867.0800170898438,-868.0,66.3778076171875,-985.3400268554688,-971.0499877929688,-948.4000244140625,-912.75,-868.0,-821.25,-776.7999877929688,-753.0,-739.0
1554,-869.260009765625,0.0,0.0,114.61314392089844,-869.260009765625,-868.0,69.03703308105469,-1002.2999877929688,-972.2000122070312,-958.0999755859375,-918.25,-868.0,-824.25,-776.7999877929688,-753.0,-739.0
1561,-871.1199951171875,0.0,0.0,114.40142059326172,-871.1199951171875,-872.0,68.20854949951172,-1002.2999877929688,-972.2000122070312,-958.0999755859375,-919.25,-872.0,-828.75,-776.7999877929688,-753.0,-739.0
1568,-873.199951171875,0.0,0.0,114.21993255615234,-873.2000122070312,-875.5,67.91156005859375,-1002.2999877929688,-972.2000122070312,-963.4000244140625,-919.25,-875.5,-828.75,-776.7999877929688,-762.5,-739.0
1575,-874.199951171875,0.0,0.0,114.02655792236328,-874.2000122070312,-875.5,67.89712524414062,-1002.2999877929688,-972.2000122070312,-967.2000122070312,-919.25,-875.5,-828.75,-782.4000244140625,-763.0,-739.0
1582,-875.7999877929688,0.0,0.0,113.7952880859375,-875.7999877929688,-876.0,67.19390106201172,-1002.2999877929688,-972.2000122070312,-969.0999755859375,-920.75,-876.0,-828.75,-782.4000244140625,-764.9000244140625,-746.8400268554688
1589,-876.7999877929688,0.0,0.0,113.56591796875,-876.7999877929688,-876.0,67.38204193115234,-1002.2999877929688,-973.1500244140625,-969.0999755859375,-927.25,-876.0,-829.0,-782.4000244140625,-764.9000244140625,-746.8400268554688
1596,-879.0799560546875,0.0,0.0,113.35042572021484,-879.0800170898438,-881.0,67.988037109375,-1002.2999877929688,-975.0499877929688,-970.0999755859375,-931.0,-881.0,-829.0,-782.4000244140625,-764.9000244140625,-746.8400268554688
1603,-880.5599975585938,0.0,0.0,113.12285614013672,-880.5599975585938,-881.0,67.2451171875,-1002.2999877929688,-975.0499877929688,-970.0999755859375,-933.25,-881.0,-833.5,-782.4000244140625,-766.9000244140625,-762.52001953125
1610,-881.219970703125,0.0,0.0,112.89710998535156,-881.219970703125,-881.0,67.87879943847656,-1002.2999877929688,-976.7000122070312,-971.0999755859375,-933.25,-881.0,-833.5,-782.4000244140625,-766.9000244140625,-762.52001953125
1617,-883.4599609375,0.0,0.0,112.65909576416016,-883.4600219726562,-885.0,68.97715759277344,-1017.02001953125,-990.4000244140625,-972.0999755859375,-934.25,-885.0,-838.0,-782.4000244140625,-768.9000244140625,-762.52001953125
1624,-884.47998046875,0.0,0.0,112.45484161376953,-884.47998046875,-885.0,69.23026275634766,-1017.02001953125,-990.4000244140625,-973.2000122070312,-936.75,-885.0,-838.0,-782.4000244140625,-768.9000244140625,-762.52001953125
1631,-885.199951171875,0.0,0.0,112.26058197021484,-885.2000122070312,-885.0,69.10816955566406,-1017.02001953125,-990.4000244140625,-973.2000122070312,-936.75,-885.0,-839.75,-782.4000244140625,-768.9000244140625,-762.52001953125
1638,-887.5399780273438,0.0,0.0,112.07474517822266,-887.5399780273438,-888.5,68.14607238769531,-1017.02001953125,-990.4000244140625,-973.2000122070312,-936.75,-888.5,-844.25,-794.2000122070312,-772.7999877929688,-762.52001953125
1645,-889.3800048828125,0.0,0.0,111.89069366455078,-889.3800048828125,-891.0,68.14246368408203,-1017.02001953125,-990.4000244140625,-973.2000122070312,-943.0,-891.0,-844.25,-794.7999877929688,-774.7000122070312,-762.52001953125
1652,-890.3200073242188,0.0,0.0,111.65757751464844,-890.3200073242188,-891.0,68.1976318359375,-1018.02001953125,-998.0499877929688,-973.2000122070312,-943.0,-891.0,-844.25,-794.7999877929688,-775.0,-766.4400024414062
1659,-892.5999755859375,0.0,0.0,111.44881439208984,-892.5999755859375,-893.5,67.64037322998047,-1018.02001953125,-998.0499877929688,-975.0999755859375,-943.0,-893.5,-844.25,-799.0,-782.5999755859375,-768.9600219726562
1666,-894.6199951171875,0.0,0.0,111.24807739257812,-894.6199951171875,-893.5,67.08885955810547,-1018.02001953125,-999.3499755859375,-976.9000244140625,-944.25,-893.5,-847.0,-800.7999877929688,-784.9000244140625,-774.8800048828125
1673,-896.4599609375,0.0,0.0,111.01829528808594,-896.4600219726562,-899.0,66.77220916748047,-1018.02001953125,-999.3499755859375,-976.9000244140625,-944.25,-899.0,-847.0,-800.7999877929688,-784.9000244140625,-774.8800048828125
1680,-898.7999877929688,0.0,0.0,110.81808471679688,-898.7999877929688,-900.0,67.55338287353516,-1019.5599975585938,-1006.25,-977.2999877929688,-953.25,-900.0,-850.0,-804.5999755859375,-784.9000244140625,-774.8800048828125
1687,-900.4400024414062,0.0,0.0,110.59281158447266,-900.4400024414062,-901.0,67.87950134277344,-1047.0799560546875,-1006.25,-977.2999877929688,-953.25,-901.0,-852.5,-812.2000122070312,-784.9000244140625,-774.8800048828125
1694,-902.699951171875,0.0,0.0,110.32782745361328,-902.7000122070312,-901.5,68.68718719482422,-1051.0,-1006.25,-989.0999755859375,-957.0,-901.5,-852.5,-812.2000122070312,-784.9000244140625,-774.9199829101562
1701,-905.6799926757812,0.0,0.0,110.11509704589844,-905.6799926757812,-907.5,69.66202545166016,-1051.0,-1006.25,-989.0999755859375,-960.0,-907.5,-852.5,-812.2000122070312,-784.9000244140625,-774.9199829101562
1708,-907.7799682617188,0.0,0.0,109.87899017333984,-907.780029296875,-912.0,68.885498046875,-1051.0,-1006.25,-989.0999755859375,-960.0,-912.0,-854.5,-812.5999755859375,-786.9000244140625,-775.0
1715,-909.3599853515625,0.0,0.0,109.68265533447266,-909.3599853515625,-914.5,69.56184387207031,-1051.0799560546875,-1010.0499877929688,-993.5,-960.25,-914.5,-854.75,-812.5999755859375,-786.9000244140625,-775.0
1722,-912.0199584960938,0.0,0.0,109.45933532714844,-912.02001953125,-914.5,72.25745391845703,-1057.1400146484375,-1016.5999755859375,-998.0999755859375,-961.25,-914.5,-856.5,-822.0,-786.9000244140625,-775.0
1729,-913.4400024414062,0.0,0.0,109.253662109375,-913.4400024414062,-917.5,71.09505462646484,-1057.1400146484375,-1016.5999755859375,-998.0999755859375,-961.25,-917.5,-857.0,-822.0,-798.4000244140625,-782.8400268554688
1736,-913.739990234375,0.0,0.0,109.0196762084961,-913.739990234375,-917.5,70.61127471923828,-1057.1400146484375,-1016.5999755859375,-998.0999755859375,-961.25,-917.5,-857.0,-822.0,-806.9000244140625,-782.8400268554688
1743,-915.739990234375,0.0,0.0,108.79026794433594,-915.739990234375,-920.5,72.02327728271484,-1057.1400146484375,-1031.800048828125,-1003.2999877929688,-963.5,-920.5,-857.0,-822.7999877929688,-806.9000244140625,-782.8400268554688
1750,-919.6799926757812,0.0,0.0,108.57320404052734,-919.6799926757812,-927.0,70.7638168334961,-1057.1400146484375,-1031.800048828125,-1003.2999877929688,-965.5,-927.0,-857.0,-828.4000244140625,-808.9000244140625,-782.8400268554688
1757,-920.8399658203125,0.0,0.0,108.39873504638672,-920.8400268554688,-929.0,70.58097839355469,-1057.1400146484375,-1031.800048828125,-1003.2999877929688,-965.5,-929.0,-863.25,-828.4000244140625,-808.9000244140625,-782.8400268554688
1764,-922.199951171875,0.0,0.0,108.20932006835938,-922.2000122070312,-929.0,71.56745147705078,-1058.1199951171875,-1047.4000244140625,-1006.4000244140625,-967.25,-929.0,-863.25,-830.7999877929688,-808.9000244140625,-782.8400268554688
1771,-922.9599609375,0.0,0.0,108.05123138427734,-922.9600219726562,-929.0,70.59275817871094,-1058.1199951171875,-1047.4000244140625,-1006.4000244140625,-967.25,-929.0,-863.25,-831.0,-810.7999877929688,-782.8400268554688
1778,-925.199951171875,0.0,0.0,107.86343383789062,-925.2000122070312,-929.0,70.84080505371094,-1058.1199951171875,-1047.4000244140625,-1010.0,-969.0,-929.0,-870.75,-836.4000244140625,-810.7999877929688,-782.8400268554688
1785,-925.7799682617188,0.0,0.0,107.69577026367188,-925.780029296875,-930.5,70.62614440917969,-1058.1199951171875,-1047.4000244140625,-1010.0,-969.0,-930.5,-870.75,-836.4000244140625,-812.9000244140625,-782.8400268554688
1792,-926.719970703125,0.0,0.0,107.4776840209961,-926.719970703125,-930.5,71.3612060546875,-1064.0,-1047.4000244140625,-1010.2999877929688,-976.25,-930.5,-870.75,-836.4000244140625,-812.9000244140625,-782.8400268554688
1799,-927.8399658203125,0.0,0.0,107.30374908447266,-927.8400268554688,-931.0,71.21737670898438,-1064.0,-1047.4000244140625,-1010.2999877929688,-977.25,-931.0,-874.5,-836.4000244140625,-812.9000244140625,-782.8400268554688
1806,-928.8999633789062,0.0,0.0,107.12612915039062,-928.9000244140625,-931.0,71.54557800292969,-1064.219970703125,-1055.0999755859375,-1010.2999877929688,-979.75,-931.0,-881.0,-836.4000244140625,-812.9000244140625,-782.8400268554688
1813,-931.47998046875,0.0,0.0,106.93265533447266,-931.47998046875,-931.0,70.76912689208984,-1064.219970703125,-1055.0999755859375,-1013.2999877929688,-985.25,-931.0,-883.0,-844.5999755859375,-812.9000244140625,-784.9600219726562
1820,-933.9400024414062,0.0,0.0,106.73446655273438,-933.9400024414062,-932.0,71.63334655761719,-1067.1600341796875,-1057.3499755859375,-1019.0999755859375,-987.0,-932.0,-883.0,-846.4000244140625,-818.7000122070312,-784.9600219726562
1827,-934.5799560546875,0.0,0.0,106.52191162109375,-934.5800170898438,-932.0,71.62906646728516,-1067.1600341796875,-1057.3499755859375,-1020.0999755859375,-987.0,-932.0,-883.0,-846.4000244140625,-818.7000122070312,-784.9600219726562
1834,-935.4199829101562,0.0,0.0,106.30152130126953,-935.4199829101562,-934.5,71.91441345214844,-1067.1600341796875,-1057.3499755859375,-1020.0999755859375,-989.25,-934.5,-883.0,-846.4000244140625,-818.7000122070312,-784.9600219726562
1841,-936.5199584960938,0.0,0.0,106.10431671142578,-936.52001953125,-937.0,72.56438446044922,-1067.1600341796875,-1064.0,-1021.5,-989.25,-937.0,-888.25,-846.4000244140625,-818.7000122070312,-786.9600219726562
1848,-937.6199951171875,0.0,0.0,105.88446807861328,-937.6199951171875,-939.0,72.68917083740234,-1067.1600341796875,-1064.0,-1026.0999755859375,-989.25,-939.0,-888.25,-846.4000244140625,-818.7999877929688,-786.9600219726562
1855,-938.1799926757812,0.0,0.0,105.71324157714844,-938.1799926757812,-939.0,72.5194320678711,-1067.1600341796875,-1064.0,-1026.0999755859375,-989.25,-939.0,-888.25,-846.4000244140625,-822.7999877929688,-786.9600219726562
1862,-939.7799682617188,0.0,0.0,105.49856567382812,-939.780029296875,-939.5,71.97952270507812,-1067.1600341796875,-1064.0,-1026.0999755859375,-989.25,-939.5,-890.75,-846.7999877929688,-822.7999877929688,-786.9600219726562
1869,-941.3599853515625,0.0,0.0,105.2923812866211,-941.3599853515625,-939.5,69.57132720947266,-1067.1600341796875,-1064.0,-1026.0999755859375,-989.25,-939.5,-893.25,-846.7999877929688,-836.2999877929688,-814.4400024414062
1876,-942.9400024414062,0.0,0.0,105.09423828125,-942.9400024414062,-941.0,68.42379760742188,-1067.1600341796875,-1064.0,-1026.0999755859375,-989.25,-941.0,-896.25,-848.7999877929688,-836.2999877929688,-814.52001953125
1883,-944.7599487304688,0.0,0.0,104.8961181640625,-944.760009765625,-946.0,68.5553970336914,-1067.1600341796875,-1064.1500244140625,-1028.199951171875,-989.25,-946.0,-896.25,-849.0,-836.4000244140625,-814.52001953125
1890,-946.5199584960938,0.0,0.0,104.7191162109375,-946.52001953125,-948.0,67.42424774169922,-1067.1600341796875,-1064.1500244140625,-1028.199951171875,-989.25,-948.0,-899.5,-849.0,-836.9000244140625,-822.8400268554688
1897,-947.719970703125,0.0,0.0,104.52833557128906,-947.719970703125,-948.0,67.37938690185547,-1075.260009765625,-1067.0,-1028.199951171875,-989.25,-948.0,-899.5,-861.5999755859375,-836.9000244140625,-822.8400268554688
1904,-948.6599731445312,0.0,0.0,104.31985473632812,-948.6599731445312,-948.0,67.31645202636719,-1075.260009765625,-1067.0,-1028.199951171875,-993.0,-948.0,-899.5,-861.5999755859375,-836.9000244140625,-824.7999877929688
1911,-950.0599975585938,0.0,0.0,104.12747955322266,-950.0599975585938,-949.5,66.39108276367188,-1075.260009765625,-1067.0,-1028.199951171875,-993.0,-949.5,-905.5,-861.5999755859375,-836.9000244140625,-826.9600219726562
1918,-950.7799682617188,0.0,0.0,103.9375,-950.780029296875,-950.5,65.86935424804688,-1075.260009765625,-1067.0,-1028.199951171875,-993.0,-950.5,-910.0,-861.5999755859375,-836.9000244140625,-826.9600219726562
1925,-952.6799926757812,0.0,0.0,103.77346801757812,-952.6799926757812,-951.0,66.30835723876953,-1075.260009765625,-1067.0,-1039.0,-998.0,-951.0,-910.0,-861.5999755859375,-836.9000244140625,-826.9600219726562
1932,-953.5199584960938,0.0,0.0,103.59156799316406,-953.52001953125,-952.0,66.07502746582031,-1077.219970703125,-1067.0,-1039.0,-998.0,-952.0,-910.5,-861.5999755859375,-836.9000244140625,-826.9600219726562
1939,-953.97998046875,0.0,0.0,103.37045288085938,-953.97998046875,-952.0,65.95194244384766,-1077.219970703125,-1067.0,-1039.199951171875,-998.0,-952.0,-910.5,-861.5999755859375,-836.9000244140625,-826.9600219726562
1946,-955.4199829101562,0.0,0.0,103.14751434326172,-955.4199829101562,-952.0,66.34820556640625,-1077.219970703125,-1067.0,-1041.9000244140625,-998.75,-952.0,-910.5,-862.2000122070312,-836.9000244140625,-826.9600219726562
1953,-957.219970703125,0.0,0.0,102.95912170410156,-957.219970703125,-953.0,65.64244842529297,-1077.219970703125,-1067.0,-1041.9000244140625,-1006.25,-953.0,-910.5,-862.2000122070312,-846.5,-830.9199829101562
1960,-960.4199829101562,0.0,0.0,102.75859069824219,-960.4199829101562,-954.5,67.87373352050781,-1092.260009765625,-1077.0999755859375,-1057.4000244140625,-1009.0,-954.5,-910.5,-874.5999755859375,-846.5,-830.9199829101562
1967,-961.5,0.0,0.0,102.56471252441406,-961.5,-958.0,67.44367980957031,-1092.260009765625,-1077.550048828125,-1057.4000244140625,-1009.0,-958.0,-918.5,-876.4000244140625,-846.5,-834.9199829101562
1974,-962.719970703125,0.0,0.0,102.36286926269531,-962.719970703125,-962.0,67.88064575195312,-1092.260009765625,-1085.1500244140625,-1057.4000244140625,-1009.0,-962.0,-918.5,-876.4000244140625,-846.5,-834.9199829101562
1981,-964.2999877929688,0.0,0.0,102.1708984375,-964.2999877929688,-964.0,68.18453216552734,-1101.0799560546875,-1088.050048828125,-1057.4000244140625,-1010.0,-964.0,-925.5,-876.4000244140625,-846.5,-834.9199829101562
1988,-965.5999755859375,0.0,0.0,102.00440979003906,-965.5999755859375,-965.5,68.38961791992188,-1101.0799560546875,-1088.050048828125,-1057.4000244140625,-1010.75,-965.5,-925.5,-876.4000244140625,-846.5,-834.9199829101562
1995,-967.3399658203125,0.0,0.0,101.84072875976562,-967.3400268554688,-968.0,69.2793197631836,-1101.0799560546875,-1089.0,-1061.300048828125,-1012.25,-968.0,-925.5,-876.4000244140625,-846.5,-834.9199829101562
2002,-968.0599975585938,0.0,0.0,101.67823791503906,-968.0599975585938,-969.5,69.82103729248047,-1101.0799560546875,-1089.1500244140625,-1061.300048828125,-1019.0,-969.5,-925.5,-876.4000244140625,-846.5,-834.9199829101562
2009,-968.5399780273438,0.0,0.0,101.49369049072266,-968.5399780273438,-969.5,69.80062866210938,-1101.0799560546875,-1089.1500244140625,-1061.300048828125,-1019.0,-969.5,-925.5,-876.4000244140625,-846.5,-834.9199829101562
2016,-970.3800048828125,0.0,0.0,101.2938232421875,-970.3800048828125,-970.5,69.6220932006836,-1101.0799560546875,-1089.1500244140625,-1061.300048828125,-1019.75,-970.5,-925.5,-882.4000244140625,-846.5,-834.9600219726562
2023,-971.3200073242188,0.0,0.0,101.12870788574219,-971.3200073242188,-971.0,69.5879135131836,-1101.0799560546875,-1089.1500244140625,-1061.300048828125,-1019.75,-971.0,-927.0,-882.4000244140625,-846.5,-834.9600219726562
2030,-973.9599609375,0.0,0.0,100.98918914794922,-973.9600219726562,-975.5,70.86225128173828,-1105.1400146484375,-1089.1500244140625,-1065.0999755859375,-1028.25,-975.5,-927.0,-882.4000244140625,-846.5,-834.9600219726562
2037,-975.3200073242188,0.0,0.0,100.78112030029297,-975.3200073242188,-975.5,70.11046600341797,-1105.1400146484375,-1091.050048828125,-1065.0999755859375,-1028.25,-975.5,-927.0,-890.2000122070312,-850.7999877929688,-835.0
2044,-977.719970703125,0.0,0.0,100.60609436035156,-977.719970703125,-980.0,68.65989685058594,-1105.1400146484375,-1091.050048828125,-1065.0999755859375,-1028.25,-980.0,-931.0,-894.5999755859375,-852.9000244140625,-836.9600219726562
2051,-978.9400024414062,0.0,0.0,100.40876770019531,-978.9400024414062,-980.0,68.84313201904297,-1105.1400146484375,-1091.050048828125,-1065.0999755859375,-1029.25,-980.0,-931.0,-894.5999755859375,-852.9000244140625,-836.9600219726562
2058,-980.3599853515625,0.0,0.0,100.22874450683594,-980.3599853515625,-980.0,68.95223236083984,-1105.1400146484375,-1091.050048828125,-1065.0999755859375,-1031.25,-980.0,-931.0,-895.0,-852.9000244140625,-836.9600219726562
2065,-980.5199584960938,0.0,0.0,99.99002075195312,-980.52001953125,-980.0,68.78247833251953,-1105.1400146484375,-1091.050048828125,-1065.0999755859375,-1031.25,-980.0,-931.0,-895.0,-852.9000244140625,-840.9199829101562
2072,-981.8800048828125,0.0,0.0,99.7764892578125,-981.8800048828125,-983.5,68.2091293334961,-1105.1400146484375,-1091.050048828125,-1065.0999755859375,-1031.25,-983.5,-931.0,-895.0,-853.0,-840.9199829101562
2079,-982.3399658203125,0.0,0.0,99.5672378540039,-982.3400268554688,-984.0,68.08100891113281,-1105.1400146484375,-1091.050048828125,-1065.0999755859375,-1031.25,-984.0,-934.0,-895.0,-853.0,-840.9199829101562
2086,-983.97998046875,0.0,0.0,99.3519058227539,-983.97998046875,-986.0,68.03131103515625,-1105.1400146484375,-1091.050048828125,-1065.0999755859375,-1035.5,-986.0,-936.5,-895.0,-853.0,-840.9199829101562
2093,-985.4599609375,0.0,0.0,99.15103149414062,-985.4600219726562,-989.5,67.77056121826172,-1105.1400146484375,-1091.050048828125,-1065.0999755859375,-1035.5,-989.5,-942.5,-895.0,-853.0,-840.9199829101562
2100,-986.5399780273438,0.0,0.0,98.97190856933594,-986.5399780273438,-989.5,66.2803726196289,-1105.1400146484375,-1091.050048828125,-1065.0999755859375,-1035.5,-989.5,-942.5,-898.5999755859375,-870.0999755859375,-850.7999877929688
2107,-986.5999755859375,0.0,0.0,98.78707122802734,-986.5999755859375,-989.5,66.21283721923828,-1105.1400146484375,-1091.050048828125,-1065.0999755859375,-1035.5,-989.5,-942.5,-898.5999755859375,-870.0999755859375,-850.7999877929688
2114,-987.5599975585938,0.0,0.0,98.61595153808594,-987.5599975585938,-989.5,65.93653106689453,-1105.219970703125,-1091.050048828125,-1065.0999755859375,-1035.5,-989.5,-942.5,-909.4000244140625,-870.0999755859375,-850.7999877929688
2121,-989.7599487304688,0.0,0.0,98.42377471923828,-989.760009765625,-990.5,66.93700408935547,-1116.280029296875,-1092.550048828125,-1075.5,-1039.0,-990.5,-943.0,-909.4000244140625,-870.0999755859375,-850.7999877929688
2128,-990.4599609375,0.0,0.0,98.26764678955078,-990.4600219726562,-993.0,66.90626525878906,-1116.280029296875,-1092.550048828125,-1075.5,-1039.0,-993.0,-943.0,-909.5999755859375,-870.0999755859375,-850.7999877929688
2135,-991.2599487304688,0.0,0.0,98.0687255859375,-991.260009765625,-993.0,66.48723602294922,-1116.280029296875,-1092.550048828125,-1079.0999755859375,-1039.0,-993.0,-943.0,-914.5999755859375,-870.2000122070312,-852.9600219726562
2142,-992.0599975585938,0.0,0.0,97.86782836914062,-992.0599975585938,-994.0,66.78575134277344,-1116.280029296875,-1092.550048828125,-1079.0999755859375,-1039.0,-994.0,-943.0,-914.5999755859375,-870.2000122070312,-852.9600219726562
2149,-992.9400024414062,0.0,0.0,97.66643524169922,-992.9400024414062,-1002.0,66.58541107177734,-1116.280029296875,-1092.550048828125,-1079.0999755859375,-1039.0,-1002.0,-946.0,-914.5999755859375,-870.2000122070312,-852.9600219726562
2156,-994.719970703125,0.0,0.0,97.48091888427734,-994.719970703125,-1005.0,66.48594665527344,-1116.280029296875,-1092.550048828125,-1079.0999755859375,-1039.25,-1005.0,-947.0,-914.5999755859375,-870.5999755859375,-853.0
2163,-995.8599853515625,0.0,0.0,97.31560516357422,-995.8599853515625,-1005.0,66.92652893066406,-1116.280029296875,-1092.550048828125,-1080.0,-1045.25,-1005.0,-949.0,-914.5999755859375,-870.5999755859375,-853.0
2170,-996.8800048828125,0.0,0.0,97.1429672241211,-996.8800048828125,-1005.0,66.97914123535156,-1116.280029296875,-1099.199951171875,-1080.0,-1046.25,-1005.0,-955.0,-914.5999755859375,-870.5999755859375,-853.0
2177,-997.719970703125,0.0,0.0,96.98390197753906,-997.719970703125,-1005.0,67.20314025878906,-1116.280029296875,-1103.0999755859375,-1080.0,-1046.25,-1005.0,-955.0,-914.5999755859375,-876.7000122070312,-853.0
2184,-998.4199829101562,0.0,0.0,96.80721282958984,-998.4199829101562,-1005.0,67.46260833740234,-1116.280029296875,-1103.0999755859375,-1080.0,-1047.75,-1005.0,-955.0,-914.5999755859375,-876.7000122070312,-853.0
2191,-999.5199584960938,0.0,0.0,96.62609100341797,-999.52001953125,-1005.0,68.04520416259766,-1116.280029296875,-1105.3499755859375,-1080.0,-1049.25,-1005.0,-955.0,-914.5999755859375,-876.7000122070312,-853.0
2198,-1000.8399658203125,0.0,0.0,96.42896270751953,-1000.8400268554688,-1009.5,68.12983703613281,-1116.280029296875,-1105.3499755859375,-1080.800048828125,-1049.25,-1009.5,-955.0,-914.5999755859375,-888.0999755859375,-853.0
2205,-1002.8200073242188,0.0,0.0,96.27505493164062,-1002.8200073242188,-1012.0,68.977294921875,-1130.02001953125,-1112.1500244140625,-1088.300048828125,-1052.25,-1012.0,-955.0,-920.0,-888.0999755859375,-853.0
2212,-1003.47998046875,0.0,0.0,96.13456726074219,-1003.47998046875,-1012.0,69.44400787353516,-1130.02001953125,-1115.050048828125,-1089.0999755859375,-1053.0,-1012.0,-957.0,-920.0,-888.0999755859375,-853.0
2219,-1003.7999877929688,0.0,0.0,95.95945739746094,-1003.7999877929688,-1012.5,69.36498260498047,-1130.02001953125,-1115.050048828125,-1089.0999755859375,-1053.0,-1012.5,-957.0,-920.0,-888.0999755859375,-853.0
2226,-1006.3999633789062,0.0,0.0,95.80158233642578,-1006.4000244140625,-1012.5,70.4577865600586,-1130.02001953125,-1116.25,-1093.5999755859375,-1054.5,-1012.5,-957.75,-920.0,-888.0999755859375,-853.0
2233,-1007.5799560546875,0.0,0.0,95.64524841308594,-1007.5800170898438,-1012.5,70.44915771484375,-1130.02001953125,-1116.25,-1093.5999755859375,-1054.5,-1012.5,-960.25,-920.0,-888.0999755859375,-853.0
2240,-1009.199951171875,0.0,0.0,95.42993927001953,-1009.2000122070312,-1012.5,69.3442153930664,-1130.02001953125,-1116.25,-1093.5999755859375,-1057.25,-1012.5,-961.0,-927.2000122070312,-890.5999755859375,-858.8800048828125
2247,-1011.2799682617188,0.0,0.0,95.27288818359375,-1011.280029296875,-1013.0,68.85885620117188,-1130.02001953125,-1118.1500244140625,-1099.4000244140625,-1061.25,-1013.0,-962.5,-928.7999877929688,-891.0,-858.8800048828125
2254,-1011.8399658203125,0.0,0.0,95.07807159423828,-1011.8400268554688,-1013.0,68.06111145019531,-1130.02001953125,-1118.1500244140625,-1099.5999755859375,-1061.25,-1013.0,-962.5,-934.2000122070312,-896.7000122070312,-882.4000244140625
2261,-1013.2599487304688,0.0,0.0,94.92063903808594,-1013.260009765625,-1013.5,68.5611572265625,-1130.02001953125,-1121.0999755859375,-1112.300048828125,-1061.25,-1013.5,-962.5,-934.2000122070312,-896.7000122070312,-882.4000244140625
2268,-1013.8399658203125,0.0,0.0,94.76448822021484,-1013.8400268554688,-1013.5,68.47126007080078,-1130.02001953125,-1121.0999755859375,-1112.300048828125,-1061.25,-1013.5,-965.0,-934.2000122070312,-896.7000122070312,-882.4000244140625
2275,-1014.199951171875,0.0,0.0,94.60966491699219,-1014.2000122070312,-1013.5,68.54852294921875,-1130.02001953125,-1121.0999755859375,-1112.300048828125,-1062.25,-1013.5,-966.75,-934.2000122070312,-896.7000122070312,-882.4000244140625
2282,-1015.1399536132812,0.0,0.0,94.44915008544922,-1015.1400146484375,-1013.5,68.29963684082031,-1130.02001953125,-1121.0999755859375,-1112.300048828125,-1062.25,-1013.5,-966.75,-936.0,-896.7000122070312,-882.4000244140625
2289,-1018.239990234375,0.0,0.0,94.24169921875,-1018.239990234375,-1014.0,69.34812927246094,-1149.3599853515625,-1127.1500244140625,-1115.0999755859375,-1063.0,-1014.0,-967.0,-942.4000244140625,-898.5999755859375,-882.4000244140625
2296,-1018.5,0.0,0.0,94.06519317626953,-1018.5,-1014.0,69.27171325683594,-1149.3599853515625,-1127.1500244140625,-1115.0999755859375,-1063.0,-1014.0,-967.0,-942.4000244140625,-898.5999755859375,-882.4000244140625
2303,-1020.2599487304688,0.0,0.0,93.89454650878906,-1020.260009765625,-1020.5,69.38438415527344,-1149.3599853515625,-1130.0,-1115.300048828125,-1063.5,-1020.5,-968.75,-942.4000244140625,-898.5999755859375,-882.6400146484375
2310,-1021.6599731445312,0.0,0.0,93.72511291503906,-1021.6599731445312,-1020.5,69.1753158569336,-1149.3599853515625,-1130.050048828125,-1118.300048828125,-1063.5,-1020.5,-975.5,-944.2000122070312,-898.5999755859375,-882.6400146484375
2317,-1022.6399536132812,0.0,0.0,93.57010650634766,-1022.6400146484375,-1020.5,69.74331665039062,-1149.3599853515625,-1130.050048828125,-1118.300048828125,-1065.5,-1020.5,-975.5,-944.2000122070312,-898.5999755859375,-882.6400146484375
2324,-1023.3399658203125,0.0,0.0,93.40938568115234,-1023.3400268554688,-1021.5,68.98944854736328,-1149.3599853515625,-1130.050048828125,-1118.300048828125,-1068.5,-1021.5,-976.5,-944.2000122070312,-902.7999877929688,-890.8400268554688
2331,-1023.9199829101562,0.0,0.0,93.2226333618164,-1023.9199829101562,-1021.5,69.2367935180664,-1149.3599853515625,-1130.050048828125,-1118.300048828125,-1073.5,-1021.5,-976.5,-944.2000122070312,-902.7999877929688,-890.8400268554688
2338,-1024.5599365234375,0.0,0.0,93.05923461914062,-1024.56005859375,-1021.5,68.99266052246094,-1149.3599853515625,-1130.050048828125,-1118.300048828125,-1073.5,-1021.5,-980.0,-944.2000122070312,-902.7999877929688,-890.8400268554688
2345,-1025.5999755859375,0.0,0.0,92.89224243164062,-1025.5999755859375,-1023.5,68.94679260253906,-1149.3599853515625,-1130.050048828125,-1120.300048828125,-1073.5,-1023.5,-980.0,-944.2000122070312,-902.7999877929688,-890.8400268554688
2352,-1027.5799560546875,0.0,0.0,92.74348449707031,-1027.5799560546875,-1028.5,68.75990295410156,-1149.3599853515625,-1130.050048828125,-1120.300048828125,-1076.25,-1028.5,-981.0,-944.2000122070312,-904.7000122070312,-890.8400268554688
2359,-1028.419921875,0.0,0.0,92.59497833251953,-1028.4200439453125,-1028.5,68.58515930175781,-1149.3599853515625,-1130.050048828125,-1121.199951171875,-1076.25,-1028.5,-981.75,-944.2000122070312,-904.7000122070312,-890.8400268554688
2366,-1030.0399169921875,0.0,0.0,92.43810272216797,-1030.0400390625,-1028.5,69.37448120117188,-1149.3599853515625,-1131.3499755859375,-1123.4000244140625,-1084.25,-1028.5,-986.5,-944.4000244140625,-904.7000122070312,-890.8800048828125
2373,-1031.6199951171875,0.0,0.0,92.27142333984375,-1031.6199951171875,-1028.5,70.30899810791016,-1165.0400390625,-1138.25,-1127.300048828125,-1089.0,-1028.5,-986.5,-944.4000244140625,-922.0999755859375,-890.8800048828125
2380,-1032.4000244140625,0.0,0.0,92.12957000732422,-1032.4000244140625,-1031.0,70.2983627319336,-1165.0400390625,-1138.25,-1130.0,-1089.0,-1031.0,-987.0,-945.0,-922.0999755859375,-890.8800048828125
2387,-1034.7999267578125,0.0,0.0,91.94087982177734,-1034.800048828125,-1031.0,69.84282684326172,-1165.0400390625,-1143.300048828125,-1130.0999755859375,-1093.25,-1031.0,-988.5,-948.7999877929688,-924.9000244140625,-892.8400268554688
2394,-1035.239990234375,0.0,0.0,91.77889251708984,-1035.239990234375,-1031.5,69.96228790283203,-1165.0400390625,-1143.300048828125,-1130.0999755859375,-1094.0,-1031.5,-988.5,-948.7999877929688,-924.9000244140625,-892.8400268554688
2401,-1035.780029296875,0.0,0.0,91.61106872558594,-1035.780029296875,-1036.5,69.83159637451172,-1165.0400390625,-1143.300048828125,-1130.0999755859375,-1094.0,-1036.5,-990.75,-948.7999877929688,-924.9000244140625,-892.8400268554688
2408,-1036.1199951171875,0.0,0.0,91.47954559326172,-1036.1199951171875,-1036.5,69.79029846191406,-1165.0400390625,-1143.300048828125,-1130.0999755859375,-1094.0,-1036.5,-990.75,-948.7999877929688,-924.9000244140625,-892.8400268554688
2415,-1037.4000244140625,0.0,0.0,91.30988311767578,-1037.4000244140625,-1036.5,70.85689544677734,-1165.0400390625,-1149.5999755859375,-1131.5,-1097.0,-1036.5,-990.75,-950.5999755859375,-924.9000244140625,-892.8400268554688
2422,-1038.52001953125,0.0,0.0,91.17638397216797,-1038.52001953125,-1036.5,71.00020599365234,-1165.0400390625,-1149.5999755859375,-1131.5,-1097.0,-1036.5,-990.75,-950.5999755859375,-924.9000244140625,-892.8400268554688
2429,-1038.8199462890625,0.0,0.0,90.99845123291016,-1038.8199462890625,-1036.5,70.68173217773438,-1165.0400390625,-1149.5999755859375,-1131.5,-1097.0,-1036.5,-990.75,-950.5999755859375,-924.9000244140625,-900.8400268554688
2436,-1039.47998046875,0.0,0.0,90.86915588378906,-1039.47998046875,-1036.5,70.4300308227539,-1165.0400390625,-1152.449951171875,-1131.5,-1097.0,-1036.5,-990.75,-956.4000244140625,-924.9000244140625,-900.8400268554688
2443,-1040.760009765625,0.0,0.0,90.68966674804688,-1040.760009765625,-1037.0,70.1911849975586,-1165.0400390625,-1152.449951171875,-1131.5,-1097.0,-1037.0,-990.75,-956.4000244140625,-925.0,-904.9199829101562
2450,-1041.280029296875,0.0,0.0,90.54508209228516,-1041.280029296875,-1037.5,70.05870056152344,-1165.0400390625,-1152.449951171875,-1131.5,-1097.0,-1037.5,-990.75,-956.4000244140625,-925.0,-904.9199829101562
2457,-1041.7999267578125,0.0,0.0,90.38285064697266,-1041.800048828125,-1038.5,69.75743865966797,-1165.0400390625,-1152.449951171875,-1131.5,-1097.0,-1038.5,-991.25,-956.4000244140625,-925.0,-904.9199829101562
2464,-1042.9599609375,0.0,0.0,90.21890258789062,-1042.9599609375,-1041.5,69.63058471679688,-1165.0400390625,-1152.449951171875,-1131.5,-1100.0,-1041.5,-991.25,-961.7999877929688,-925.0,-904.9199829101562
2471,-1044.199951171875,0.0,0.0,90.06492614746094,-1044.199951171875,-1043.5,68.90994262695312,-1165.0400390625,-1152.449951171875,-1131.5,-1100.0,-1043.5,-992.0,-961.7999877929688,-925.0,-910.8800048828125
2478,-1045.199951171875,0.0,0.0,89.88871002197266,-1045.199951171875,-1043.5,69.05809020996094,-1165.0400390625,-1152.449951171875,-1131.699951171875,-1100.0,-1043.5,-992.75,-961.7999877929688,-925.0,-910.8800048828125
2485,-1045.739990234375,0.0,0.0,89.69660186767578,-1045.739990234375,-1043.5,69.24213409423828,-1165.0400390625,-1152.449951171875,-1131.699951171875,-1100.0,-1043.5,-992.75,-961.7999877929688,-925.0,-910.8800048828125
2492,-1046.419921875,0.0,0.0,89.5458984375,-1046.4200439453125,-1043.5,70.41934204101562,-1165.52001953125,-1152.449951171875,-1131.699951171875,-1100.0,-1043.5,-995.75,-961.7999877929688,-925.0,-910.8800048828125
2499,-1047.0599365234375,0.0,0.0,89.3726806640625,-1047.06005859375,-1043.5,70.64146423339844,-1165.52001953125,-1152.449951171875,-1131.9000244140625,-1100.25,-1043.5,-995.75,-961.7999877929688,-925.0,-910.8800048828125
2506,-1048.47998046875,0.0,0.0,89.18869018554688,-1048.47998046875,-1045.0,70.69673919677734,-1166.5,-1161.1500244140625,-1131.9000244140625,-1100.25,-1045.0,-999.25,-961.7999877929688,-925.0,-910.8800048828125
2513,-1049.5,0.0,0.0,89.01261138916016,-1049.5,-1046.5,70.5156021118164,-1166.5,-1161.1500244140625,-1131.9000244140625,-1101.5,-1046.5,-999.25,-963.5999755859375,-925.0,-910.8800048828125
2520,-1050.5,0.0,0.0,88.83775329589844,-1050.5,-1049.0,70.4503402709961,-1166.5,-1161.1500244140625,-1131.9000244140625,-1101.5,-1049.0,-1001.5,-963.5999755859375,-925.0,-910.8800048828125
2527,-1051.4599609375,0.0,0.0,88.65775299072266,-1051.4599609375,-1052.0,70.24164581298828,-1166.5,-1161.1500244140625,-1131.9000244140625,-1101.5,-1052.0,-1001.5,-963.5999755859375,-925.0,-910.8800048828125
2534,-1052.199951171875,0.0,0.0,88.50071716308594,-1052.199951171875,-1052.0,70.06525421142578,-1166.5,-1161.1500244140625,-1131.9000244140625,-1102.25,-1052.0,-1002.25,-963.5999755859375,-925.0,-910.8800048828125
2541,-1052.4000244140625,0.0,0.0,88.3187484741211,-1052.4000244140625,-1052.0,69.8940658569336,-1166.5,-1161.1500244140625,-1131.9000244140625,-1102.25,-1052.0,-1002.25,-963.5999755859375,-926.9000244140625,-910.8800048828125
2548,-1054.260009765625,0.0,0.0,88.1740493774414,-1054.260009765625,-1055.0,70.65318298339844,-1185.1199951171875,-1164.050048828125,-1140.300048828125,-1103.25,-1055.0,-1003.75,-970.7999877929688,-926.9000244140625,-912.8400268554688
2555,-1054.739990234375,0.0,0.0,87.99140167236328,-1054.739990234375,-1058.0,70.5339126586914,-1185.1199951171875,-1164.050048828125,-1140.300048828125,-1104.5,-1058.0,-1003.75,-970.7999877929688,-926.9000244140625,-912.8400268554688
2562,-1055.9000244140625,0.0,0.0,87.81504821777344,-1055.9000244140625,-1060.0,69.97063446044922,-1185.1199951171875,-1164.050048828125,-1143.5999755859375,-1104.5,-1060.0,-1003.75,-972.5999755859375,-930.7999877929688,-924.5999755859375
2569,-1056.8399658203125,0.0,0.0,87.66575622558594,-1056.8399658203125,-1060.0,69.98652648925781,-1185.1199951171875,-1164.050048828125,-1143.5999755859375,-1107.25,-1060.0,-1006.25,-976.2000122070312,-930.9000244140625,-924.5999755859375
2576,-1057.6600341796875,0.0,0.0,87.47675323486328,-1057.6600341796875,-1061.0,69.92784881591797,-1185.1199951171875,-1164.050048828125,-1143.5999755859375,-1111.0,-1061.0,-1006.25,-976.2000122070312,-938.5999755859375,-926.5599975585938
2583,-1058.5399169921875,0.0,0.0,87.31648254394531,-1058.5400390625,-1061.0,70.75823974609375,-1185.1199951171875,-1165.050048828125,-1149.199951171875,-1111.5,-1061.0,-1006.25,-976.2000122070312,-938.5999755859375,-926.5599975585938
2590,-1059.47998046875,0.0,0.0,87.1642837524414,-1059.47998046875,-1061.0,71.08466339111328,-1185.1199951171875,-1165.050048828125,-1149.199951171875,-1114.0,-1061.0,-1006.25,-976.2000122070312,-938.5999755859375,-926.5599975585938
2597,-1060.8800048828125,0.0,0.0,87.00450897216797,-1060.8800048828125,-1063.0,71.1278076171875,-1185.1199951171875,-1165.050048828125,-1151.5,-1114.0,-1063.0,-1008.5,-976.2000122070312,-938.5999755859375,-926.5599975585938
2604,-1060.9599609375,0.0,0.0,86.81787109375,-1060.9599609375,-1063.0,71.1548843383789,-1185.1199951171875,-1165.050048828125,-1151.5,-1114.0,-1063.0,-1008.5,-976.2000122070312,-938.5999755859375,-926.5599975585938
2611,-1061.699951171875,0.0,0.0,86.66059112548828,-1061.699951171875,-1064.0,70.83819580078125,-1185.1199951171875,-1165.050048828125,-1151.5,-1114.0,-1064.0,-1009.0,-978.0,-942.7999877929688,-926.5599975585938
2618,-1062.739990234375,0.0,0.0,86.50485229492188,-1062.739990234375,-1064.0,70.6667709350586,-1185.1199951171875,-1165.050048828125,-1156.300048828125,-1114.0,-1064.0,-1015.0,-978.0,-942.9000244140625,-926.5599975585938
2625,-1063.5799560546875,0.0,0.0,86.3504867553711,-1063.5799560546875,-1064.0,69.92112731933594,-1185.1199951171875,-1166.5999755859375,-1156.300048828125,-1114.0,-1064.0,-1015.0,-982.4000244140625,-943.0,-926.8800048828125
2632,-1064.5,0.0,0.0,86.19476318359375,-1064.5,-1064.0,69.89656829833984,-1185.1199951171875,-1170.4000244140625,-1159.300048828125,-1114.0,-1064.0,-1015.0,-982.4000244140625,-946.7999877929688,-926.8800048828125
2639,-1065.780029296875,0.0,0.0,86.0596694946289,-1065.780029296875,-1065.0,69.96578979492188,-1185.1199951171875,-1170.4000244140625,-1159.300048828125,-1114.25,-1065.0,-1016.0,-982.4000244140625,-946.9000244140625,-926.8800048828125
2646,-1067.1600341796875,0.0,0.0,85.91299438476562,-1067.1600341796875,-1065.0,69.45526885986328,-1185.1199951171875,-1170.4000244140625,-1159.300048828125,-1114.25,-1065.0,-1017.75,-982.4000244140625,-950.7999877929688,-928.8800048828125
2653,-1067.6199951171875,0.0,0.0,85.77552795410156,-1067.6199951171875,-1065.0,69.20892333984375,-1185.1199951171875,-1170.4000244140625,-1159.300048828125,-1114.25,-1065.0,-1017.75,-982.4000244140625,-950.7999877929688,-928.8800048828125
2660,-1067.8599853515625,0.0,0.0,85.59650421142578,-1067.8599853515625,-1065.0,69.24189758300781,-1185.1199951171875,-1170.4000244140625,-1159.300048828125,-1115.25,-1065.0,-1017.75,-982.4000244140625,-950.7999877929688,-928.8800048828125
2667,-1069.199951171875,0.0,0.0,85.4390640258789,-1069.199951171875,-1067.0,68.89397430419922,-1185.1199951171875,-1171.3499755859375,-1162.199951171875,-1115.25,-1067.0,-1021.0,-986.5999755859375,-950.7999877929688,-928.8800048828125
2674,-1069.9000244140625,0.0,0.0,85.29177856445312,-1069.9000244140625,-1070.0,68.92437744140625,-1185.1199951171875,-1171.3499755859375,-1162.199951171875,-1116.75,-1070.0,-1021.0,-986.5999755859375,-950.7999877929688,-928.8800048828125
2681,-1071.0399169921875,0.0,0.0,85.13237762451172,-1071.0400390625,-1070.0,68.93111419677734,-1185.1199951171875,-1171.3499755859375,-1162.199951171875,-1119.25,-1070.0,-1022.75,-986.5999755859375,-950.7999877929688,-942.5999755859375
2688,-1071.739990234375,0.0,0.0,84.98318481445312,-1071.739990234375,-1070.0,68.68502807617188,-1185.1199951171875,-1171.3499755859375,-1162.199951171875,-1121.75,-1070.0,-1022.75,-986.5999755859375,-950.7999877929688,-942.5999755859375
2695,-1072.199951171875,0.0,0.0,84.82177734375,-1072.199951171875,-1072.0,68.4921875,-1185.1199951171875,-1171.3499755859375,-1162.199951171875,-1121.75,-1072.0,-1022.75,-986.5999755859375,-950.7999877929688,-942.5999755859375
2702,-1073.6199951171875,0.0,0.0,84.6418228149414,-1073.6199951171875,-1072.0,69.53067779541016,-1191.6400146484375,-1178.050048828125,-1165.300048828125,-1122.0,-1072.0,-1022.75,-988.7999877929688,-952.9000244140625,-946.52001953125
2709,-1074.5999755859375,0.0,0.0,84.49797058105469,-1074.5999755859375,-1072.0,69.65357208251953,-1191.6400146484375,-1178.050048828125,-1165.300048828125,-1127.25,-1072.0,-1022.75,-988.7999877929688,-952.9000244140625,-946.52001953125
2716,-1075.3399658203125,0.0,0.0,84.35161590576172,-1075.3399658203125,-1072.0,69.67628479003906,-1191.6400146484375,-1179.0999755859375,-1168.0999755859375,-1127.25,-1072.0,-1026.0,-992.5999755859375,-952.9000244140625,-946.52001953125
2723,-1075.6600341796875,0.0,0.0,84.20179748535156,-1075.6600341796875,-1072.0,69.54440307617188,-1191.6400146484375,-1179.0999755859375,-1168.0999755859375,-1127.25,-1072.0,-1028.5,-992.5999755859375,-952.9000244140625,-946.52001953125
2730,-1076.0599365234375,0.0,0.0,84.0521240234375,-1076.06005859375,-1072.0,69.92350006103516,-1191.6400146484375,-1179.0999755859375,-1170.0999755859375,-1127.25,-1072.0,-1028.5,-992.5999755859375,-952.9000244140625,-946.52001953125
2737,-1077.3199462890625,0.0,0.0,83.93531036376953,-1077.3199462890625,-1077.0,69.21703338623047,-1191.6400146484375,-1179.0999755859375,-1170.0999755859375,-1127.25,-1077.0,-1028.5,-992.5999755859375,-960.5999755859375,-946.52001953125
2744,-1078.5799560546875,0.0,0.0,83.77176666259766,-1078.5799560546875,-1080.0,68.62684631347656,-1191.6400146484375,-1179.0999755859375,-1170.0999755859375,-1127.25,-1080.0,-1028.5,-992.5999755859375,-961.0,-946.9600219726562
2751,-1079.8599853515625,0.0,0.0,83.63976287841797,-1079.8599853515625,-1087.0,69.10340118408203,-1200.4599609375,-1181.199951171875,-1171.0999755859375,-1128.25,-1087.0,-1028.5,-992.7999877929688,-961.0,-946.9600219726562
2758,-1080.199951171875,0.0,0.0,83.46757507324219,-1080.199951171875,-1087.0,69.03028106689453,-1200.4599609375,-1181.199951171875,-1171.0999755859375,-1128.25,-1087.0,-1028.5,-992.7999877929688,-961.0,-946.9600219726562
2765,-1081.8399658203125,0.0,0.0,83.30371856689453,-1081.8399658203125,-1089.0,69.91533660888672,-1200.4599609375,-1181.199951171875,-1176.199951171875,-1130.5,-1089.0,-1028.5,-992.7999877929688,-961.0,-946.9600219726562
2772,-1082.0599365234375,0.0,0.0,83.15985107421875,-1082.06005859375,-1089.0,69.8731460571289,-1200.4599609375,-1181.199951171875,-1176.199951171875,-1130.5,-1089.0,-1028.5,-992.7999877929688,-961.0,-946.9600219726562
2779,-1082.8199462890625,0.0,0.0,82.99372863769531,-1082.8199462890625,-1089.0,70.44989776611328,-1200.4599609375,-1185.0,-1176.199951171875,-1134.0,-1089.0,-1028.5,-992.7999877929688,-961.0,-946.9600219726562
2786,-1084.7999267578125,0.0,0.0,82.80762481689453,-1084.800048828125,-1089.0,71.27790069580078,-1207.3199462890625,-1185.300048828125,-1178.300048828125,-1141.0,-1089.0,-1032.0,-992.7999877929688,-961.0,-946.9600219726562
2793,-1085.52001953125,0.0,0.0,82.65583801269531,-1085.52001953125,-1089.0,70.42123413085938,-1207.3199462890625,-1185.300048828125,-1178.300048828125,-1141.0,-1089.0,-1034.5,-992.7999877929688,-968.5999755859375,-954.7999877929688
2800,-1086.419921875,0.0,0.0,82.48554229736328,-1086.4200439453125,-1089.0,70.16155242919922,-1207.3199462890625,-1185.300048828125,-1178.300048828125,-1141.0,-1089.0,-1035.75,-992.7999877929688,-968.5999755859375,-954.7999877929688
2807,-1086.97998046875,0.0,0.0,82.36660766601562,-1086.97998046875,-1089.0,70.7359848022461,-1215.1600341796875,-1187.6500244140625,-1181.0,-1141.0,-1089.0,-1035.75,-992.7999877929688,-968.5999755859375,-954.7999877929688
2814,-1087.5,0.0,0.0,82.18342590332031,-1087.5,-1089.0,70.9363784790039,-1215.1600341796875,-1187.6500244140625,-1181.0,-1141.0,-1089.0,-1036.75,-992.7999877929688,-968.5999755859375,-954.7999877929688
2821,-1089.1199951171875,0.0,0.0,82.0401611328125,-1089.1199951171875,-1091.0,70.19206237792969,-1215.1600341796875,-1200.25,-1181.0,-1141.0,-1091.0,-1037.75,-1001.7999877929688,-968.5999755859375,-954.7999877929688
2828,-1090.199951171875,0.0,0.0,81.89397430419922,-1090.199951171875,-1092.0,69.67854309082031,-1215.1600341796875,-1200.25,-1181.0,-1141.0,-1092.0,-1038.75,-1010.2000122070312,-968.7999877929688,-954.7999877929688
2835,-1091.47998046875,0.0,0.0,81.7435073852539,-1091.47998046875,-1096.0,70.00506591796875,-1215.1600341796875,-1200.25,-1181.0999755859375,-1141.0,-1096.0,-1038.75,-1010.2000122070312,-968.7999877929688,-954.7999877929688
2842,-1092.0999755859375,0.0,0.0,81.60209655761719,-1092.0999755859375,-1099.0,70.02235412597656,-1215.1600341796875,-1200.25,-1181.0999755859375,-1141.0,-1099.0,-1038.75,-1010.2000122070312,-968.7999877929688,-954.7999877929688
2849,-1092.5599365234375,0.0,0.0,81.4528579711914,-1092.56005859375,-1099.0,70.09754943847656,-1215.1600341796875,-1200.25,-1181.0999755859375,-1141.25,-1099.0,-1038.75,-1010.2000122070312,-968.7999877929688,-960.6799926757812
2856,-1093.1199951171875,0.0,0.0,81.31103515625,-1093.1199951171875,-1100.5,69.75389862060547,-1215.1600341796875,-1200.25,-1181.0999755859375,-1143.0,-1100.5,-1038.75,-1010.2000122070312,-976.7999877929688,-960.6799926757812
2863,-1093.5599365234375,0.0,0.0,81.17658233642578,-1093.56005859375,-1100.5,69.59300994873047,-1215.1600341796875,-1200.25,-1181.0999755859375,-1146.0,-1100.5,-1040.5,-1010.2000122070312,-976.7999877929688,-960.6799926757812
2870,-1094.0599365234375,0.0,0.0,81.03540802001953,-1094.06005859375,-1100.5,69.57769775390625,-1215.1600341796875,-1200.25,-1181.0999755859375,-1146.0,-1100.5,-1041.75,-1010.2000122070312,-976.7999877929688,-960.6799926757812
2877,-1094.47998046875,0.0,0.0,80.89044952392578,-1094.47998046875,-1100.5,69.53811645507812,-1215.1600341796875,-1200.25,-1181.0999755859375,-1146.75,-1100.5,-1041.75,-1010.4000244140625,-976.7999877929688,-960.6799926757812
2884,-1095.3199462890625,0.0,0.0,80.72789764404297,-1095.3199462890625,-1100.5,68.90948486328125,-1215.1600341796875,-1200.25,-1181.0999755859375,-1146.75,-1100.5,-1044.25,-1018.5999755859375,-976.7999877929688,-960.6799926757812
2891,-1096.280029296875,0.0,0.0,80.5489273071289,-1096.280029296875,-1100.5,69.01870727539062,-1215.1600341796875,-1200.25,-1182.0999755859375,-1149.5,-1100.5,-1044.25,-1020.4000244140625,-976.7999877929688,-960.6799926757812
2898,-1097.1199951171875,0.0,0.0,80.39969635009766,-1097.1199951171875,-1103.0,68.75554656982422,-1215.1600341796875,-1200.25,-1182.0999755859375,-1152.0,-1103.0,-1044.25,-1020.4000244140625,-978.9000244140625,-960.6799926757812
2905,-1097.3399658203125,0.0,0.0,80.25636291503906,-1097.3399658203125,-1103.0,68.88645935058594,-1215.1600341796875,-1200.25,-1182.0999755859375,-1152.0,-1103.0,-1044.25,-1020.4000244140625,-978.9000244140625,-960.6799926757812
2912,-1097.9599609375,0.0,0.0,80.09551239013672,-1097.9599609375,-1103.0,68.34953308105469,-1215.1600341796875,-1200.25,-1182.0999755859375,-1152.0,-1103.0,-1044.25,-1020.4000244140625,-978.9000244140625,-960.6799926757812
2919,-1098.219970703125,0.0,0.0,79.96614074707031,-1098.219970703125,-1103.0,68.07710266113281,-1215.1600341796875,-1200.25,-1182.0999755859375,-1152.0,-1103.0,-1048.75,-1020.4000244140625,-978.9000244140625,-960.8800048828125
2926,-1100.0999755859375,0.0,0.0,79.81192016601562,-1100.0999755859375,-1106.5,67.48518371582031,-1215.1600341796875,-1200.25,-1183.0,-1155.75,-1106.5,-1048.75,-1020.4000244140625,-986.7999877929688,-976.5999755859375
2933,-1100.780029296875,0.0,0.0,79.65381622314453,-1100.780029296875,-1106.5,68.1863021850586,-1215.1600341796875,-1205.0999755859375,-1183.199951171875,-1155.75,-1106.5,-1048.75,-1020.4000244140625,-986.7999877929688,-976.5999755859375
2940,-1101.0,0.0,0.0,79.51338195800781,-1101.0,-1106.5,68.44866943359375,-1215.1600341796875,-1205.0999755859375,-1183.199951171875,-1155.75,-1106.5,-1048.75,-1020.4000244140625,-986.7999877929688,-976.5999755859375
2947,-1101.52001953125,0.0,0.0,79.33698272705078,-1101.52001953125,-1106.5,68.73739624023438,-1215.1600341796875,-1205.0999755859375,-1185.300048828125,-1155.75,-1106.5,-1048.75,-1020.4000244140625,-986.7999877929688,-976.5999755859375
2954,-1102.0,0.0,0.0,79.18766784667969,-1102.0,-1106.5,68.37645721435547,-1215.1600341796875,-1205.0999755859375,-1185.300048828125,-1155.75,-1106.5,-1049.75,-1020.4000244140625,-986.7999877929688,-976.5999755859375
2961,-1102.9000244140625,0.0,0.0,79.07466888427734,-1102.9000244140625,-1106.5,68.802978515625,-1215.1600341796875,-1206.050048828125,-1185.300048828125,-1158.75,-1106.5,-1049.75,-1020.4000244140625,-986.7999877929688,-976.5999755859375
2968,-1103.4000244140625,0.0,0.0,78.90997314453125,-1103.4000244140625,-1106.5,68.79170989990234,-1215.1600341796875,-1207.0999755859375,-1185.300048828125,-1158.75,-1106.5,-1049.75,-1020.5999755859375,-986.7999877929688,-978.5599975585938
2975,-1104.679931640625,0.0,0.0,78.7789306640625,-1104.6800537109375,-1106.5,68.37628936767578,-1215.1600341796875,-1207.0999755859375,-1191.0999755859375,-1158.75,-1106.5,-1049.75,-1020.5999755859375,-986.7999877929688,-978.5599975585938
2982,-1105.4599609375,0.0,0.0,78.63890075683594,-1105.4599609375,-1106.5,68.49911499023438,-1215.1600341796875,-1207.0999755859375,-1192.5,-1158.75,-1106.5,-1053.75,-1020.5999755859375,-986.7999877929688,-978.5599975585938
2989,-1106.5599365234375,0.0,0.0,78.48217010498047,-1106.56005859375,-1109.0,68.5380630493164,-1223.0,-1209.1500244140625,-1192.5,-1158.75,-1109.0,-1053.75,-1020.5999755859375,-986.7999877929688,-978.5599975585938
2996,-1107.3800048828125,0.0,0.0,78.3455810546875,-1107.3800048828125,-1114.5,68.79298400878906,-1223.0,-1209.1500244140625,-1193.4000244140625,-1159.0,-1114.5,-1057.25,-1020.5999755859375,-986.7999877929688,-978.5599975585938
3003,-1108.5,0.0,0.0,78.23294067382812,-1108.5,-1114.5,69.40036010742188,-1223.5999755859375,-1212.1500244140625,-1193.4000244140625,-1159.75,-1114.5,-1057.25,-1026.0,-986.7999877929688,-978.5599975585938
3010,-1109.0399169921875,0.0,0.0,78.09136199951172,-1109.0400390625,-1114.5,69.49430847167969,-1223.5999755859375,-1215.3499755859375,-1193.4000244140625,-1159.75,-1114.5,-1057.25,-1026.0,-986.7999877929688,-978.5599975585938
3017,-1109.8199462890625,0.0,0.0,77.97744750976562,-1109.8199462890625,-1114.5,68.77810668945312,-1223.5999755859375,-1215.3499755859375,-1193.4000244140625,-1159.75,-1114.5,-1061.0,-1026.0,-988.9000244140625,-982.47998046875
3024,-1110.47998046875,0.0,0.0,77.8633041381836,-1110.47998046875,-1116.5,68.39524841308594,-1223.5999755859375,-1215.3499755859375,-1193.4000244140625,-1159.75,-1116.5,-1061.0,-1032.4000244140625,-988.9000244140625,-982.47998046875
3031,-1111.7999267578125,0.0,0.0,77.72090911865234,-1111.800048828125,-1117.0,68.80973815917969,-1223.5999755859375,-1218.199951171875,-1197.300048828125,-1159.75,-1117.0,-1061.0,-1034.800048828125,-988.9000244140625,-982.47998046875
3038,-1112.6600341796875,0.0,0.0,77.58000183105469,-1112.6600341796875,-1117.0,68.5914306640625,-1223.5999755859375,-1218.199951171875,-1197.300048828125,-1159.75,-1117.0,-1062.75,-1034.800048828125,-988.9000244140625,-982.52001953125
3045,-1113.260009765625,0.0,0.0,77.42847442626953,-1113.260009765625,-1117.0,68.17736053466797,-1223.5999755859375,-1218.199951171875,-1197.300048828125,-1159.75,-1117.0,-1062.75,-1038.5999755859375,-988.9000244140625,-982.52001953125
3052,-1114.199951171875,0.0,0.0,77.32174682617188,-1114.199951171875,-1117.0,68.68551635742188,-1223.5999755859375,-1219.1500244140625,-1200.699951171875,-1162.25,-1117.0,-1062.75,-1038.5999755859375,-988.9000244140625,-982.52001953125
3059,-1114.5399169921875,0.0,0.0,77.16880798339844,-1114.5400390625,-1118.5,68.57382202148438,-1223.5999755859375,-1219.1500244140625,-1200.699951171875,-1162.25,-1118.5,-1063.0,-1040.800048828125,-988.9000244140625,-982.52001953125
3066,-1115.280029296875,0.0,0.0,77.00382995605469,-1115.280029296875,-1118.5,68.35891723632812,-1223.5999755859375,-1219.1500244140625,-1200.699951171875,-1163.5,-1118.5,-1063.75,-1040.800048828125,-992.7999877929688,-982.52001953125
3073,-1115.7999267578125,0.0,0.0,76.83124542236328,-1115.800048828125,-1120.0,68.47583770751953,-1223.5999755859375,-1219.1500244140625,-1200.699951171875,-1163.5,-1120.0,-1063.75,-1040.800048828125,-992.7999877929688,-982.6799926757812
3080,-1117.47998046875,0.0,0.0,76.6875,-1117.47998046875,-1124.5,68.26323699951172,-1223.5999755859375,-1219.1500244140625,-1200.699951171875,-1163.5,-1124.5,-1064.75,-1040.800048828125,-992.7999877929688,-982.6799926757812
3087,-1118.1199951171875,0.0,0.0,76.57323455810547,-1118.1199951171875,-1124.5,68.02386474609375,-1223.5999755859375,-1219.1500244140625,-1200.699951171875,-1165.75,-1124.5,-1066.25,-1040.800048828125,-994.7000122070312,-982.6799926757812
3094,-1118.219970703125,0.0,0.0,76.42091369628906,-1118.219970703125,-1126.0,68.04918670654297,-1223.5999755859375,-1219.1500244140625,-1200.699951171875,-1166.5,-1126.0,-1066.25,-1040.800048828125,-994.7000122070312,-982.6799926757812
3101,-1119.0799560546875,0.0,0.0,76.2681884765625,-1119.0799560546875,-1126.0,67.84050750732422,-1223.5999755859375,-1219.1500244140625,-1203.4000244140625,-1166.5,-1126.0,-1066.75,-1040.800048828125,-1002.2999877929688,-982.6799926757812
3108,-1119.3199462890625,0.0,0.0,76.11956024169922,-1119.3199462890625,-1127.0,67.76870727539062,-1223.5999755859375,-1219.1500244140625,-1203.4000244140625,-1166.5,-1127.0,-1066.75,-1040.800048828125,-1002.2999877929688,-982.6799926757812
3115,-1119.9599609375,0.0,0.0,75.97130584716797,-1119.9599609375,-1127.0,67.31016540527344,-1223.5999755859375,-1222.050048828125,-1203.4000244140625,-1166.5,-1127.0,-1067.0,-1043.0,-1002.2999877929688,-982.6799926757812
3122,-1120.3599853515625,0.0,0.0,75.84548950195312,-1120.3599853515625,-1128.0,67.39740753173828,-1223.5999755859375,-1222.050048828125,-1203.4000244140625,-1166.5,-1128.0,-1067.0,-1043.0,-1002.2999877929688,-982.6799926757812
3129,-1120.5399169921875,0.0,0.0,75.68885040283203,-1120.5400390625,-1128.0,67.38670349121094,-1223.5999755859375,-1222.050048828125,-1203.4000244140625,-1167.0,-1128.0,-1067.0,-1043.0,-1002.2999877929688,-982.6799926757812
3136,-1121.260009765625,0.0,0.0,75.55147552490234,-1121.260009765625,-1128.0,68.02346801757812,-1232.4200439453125,-1223.0,-1207.5,-1170.5,-1128.0,-1067.0,-1043.0,-1002.2999877929688,-982.6799926757812
3143,-1121.93994140625,0.0,0.0,75.42088317871094,-1121.93994140625,-1128.0,67.92243194580078,-1232.4200439453125,-1223.0,-1207.5,-1170.5,-1128.0,-1067.0,-1044.800048828125,-1002.2999877929688,-982.6799926757812
3150,-1122.2999267578125,0.0,0.0,75.28209686279297,-1122.300048828125,-1128.0,68.10881042480469,-1233.4000244140625,-1225.25,-1207.5,-1170.5,-1128.0,-1067.0,-1044.800048828125,-1002.2999877929688,-982.6799926757812
3157,-1123.3399658203125,0.0,0.0,75.14359283447266,-1123.3399658203125,-1130.0,68.02546691894531,-1233.4000244140625,-1225.25,-1207.5,-1173.75,-1130.0,-1068.5,-1046.800048828125,-1002.2999877929688,-982.6799926757812
3164,-1123.93994140625,0.0,0.0,75.00209045410156,-1123.93994140625,-1130.0,68.0715560913086,-1233.4000244140625,-1225.25,-1207.5,-1179.75,-1130.0,-1070.5,-1046.800048828125,-1002.2999877929688,-982.6799926757812
3171,-1124.4599609375,0.0,0.0,74.90736389160156,-1124.4599609375,-1130.0,67.56839752197266,-1233.4000244140625,-1225.25,-1207.5,-1179.75,-1130.0,-1070.5,-1046.800048828125,-1006.7999877929688,-988.5599975585938
3178,-1125.1199951171875,0.0,0.0,74.7427749633789,-1125.1199951171875,-1131.0,67.0361557006836,-1233.4000244140625,-1225.25,-1207.5,-1179.75,-1131.0,-1079.25,-1046.800048828125,-1006.7999877929688,-990.52001953125
3185,-1125.719970703125,0.0,0.0,74.6102066040039,-1125.719970703125,-1131.0,67.13047790527344,-1233.4000244140625,-1229.050048828125,-1207.5,-1179.75,-1131.0,-1079.5,-1046.800048828125,-1006.7999877929688,-992.52001953125
3192,-1126.1400146484375,0.0,0.0,74.45257568359375,-1126.1400146484375,-1132.0,67.15206909179688,-1233.4000244140625,-1230.050048828125,-1207.5,-1179.75,-1132.0,-1082.75,-1046.800048828125,-1006.7999877929688,-992.52001953125
3199,-1126.739990234375,0.0,0.0,74.30052947998047,-1126.739990234375,-1132.0,66.65486907958984,-1233.4000244140625,-1230.050048828125,-1207.5,-1179.75,-1132.0,-1082.75,-1046.800048828125,-1006.7999877929688,-993.0
3206,-1127.1199951171875,0.0,0.0,74.16947174072266,-1127.1199951171875,-1134.0,66.48131561279297,-1233.4000244140625,-1230.050048828125,-1207.5,-1179.75,-1134.0,-1082.75,-1050.4000244140625,-1006.7999877929688,-993.0
3213,-1128.199951171875,0.0,0.0,74.0003433227539,-1128.199951171875,-1137.5,66.49857330322266,-1233.4000244140625,-1230.050048828125,-1207.5,-1179.75,-1137.5,-1083.0,-1050.4000244140625,-1006.7999877929688,-993.0
3220,-1128.699951171875,0.0,0.0,73.84310150146484,-1128.699951171875,-1137.5,66.56432342529297,-1233.4000244140625,-1230.050048828125,-1210.199951171875,-1179.75,-1137.5,-1083.0,-1050.800048828125,-1006.7999877929688,-993.0
3227,-1129.0799560546875,0.0,0.0,73.67045593261719,-1129.0799560546875,-1137.5,66.25627136230469,-1233.4000244140625,-1230.050048828125,-1210.199951171875,-1179.75,-1137.5,-1083.0,-1051.0,-1006.7999877929688,-993.0
3234,-1129.97998046875,0.0,0.0,73.53424835205078,-1129.97998046875,-1138.5,66.56079864501953,-1233.4000244140625,-1230.050048828125,-1212.5999755859375,-1179.75,-1138.5,-1083.0,-1051.0,-1006.7999877929688,-993.0
3241,-1130.219970703125,0.0,0.0,73.38801574707031,-1130.219970703125,-1138.5,66.61119842529297,-1233.4000244140625,-1230.050048828125,-1212.5999755859375,-1179.75,-1138.5,-1083.0,-1051.0,-1006.7999877929688,-993.0
3248,-1130.719970703125,0.0,0.0,73.2512435913086,-1130.719970703125,-1138.5,66.67009735107422,-1233.4000244140625,-1230.050048828125,-1212.5999755859375,-1182.5,-1138.5,-1083.0,-1051.0,-1007.0,-993.0
3255,-1131.260009765625,0.0,0.0,73.14277648925781,-1131.260009765625,-1139.5,66.53594970703125,-1233.4000244140625,-1230.050048828125,-1212.5999755859375,-1182.5,-1139.5,-1083.0,-1052.800048828125,-1007.0,-993.0
3262,-1132.0,0.0,0.0,73.03378295898438,-1132.0,-1139.5,66.31425476074219,-1233.4000244140625,-1230.050048828125,-1212.5999755859375,-1182.5,-1139.5,-1083.75,-1052.800048828125,-1007.0,-993.0
3269,-1132.4599609375,0.0,0.0,72.89114379882812,-1132.4599609375,-1139.5,66.29788208007812,-1233.4000244140625,-1230.050048828125,-1216.199951171875,-1182.5,-1139.5,-1083.75,-1056.4000244140625,-1007.0,-993.0
3276,-1133.1199951171875,0.0,0.0,72.74822235107422,-1133.1199951171875,-1139.5,66.81710052490234,-1233.4000244140625,-1230.050048828125,-1218.300048828125,-1182.5,-1139.5,-1083.75,-1056.4000244140625,-1007.0,-993.0
3283,-1133.3800048828125,0.0,0.0,72.59528350830078,-1133.3800048828125,-1140.5,66.75714111328125,-1233.4000244140625,-1230.050048828125,-1218.300048828125,-1182.5,-1140.5,-1084.0,-1056.4000244140625,-1007.0,-993.0
3290,-1134.3599853515625,0.0,0.0,72.47891998291016,-1134.3599853515625,-1142.0,67.1843032836914,-1253.0799560546875,-1231.050048828125,-1218.300048828125,-1182.5,-1142.0,-1088.0,-1057.0,-1007.0,-993.0
3297,-1134.919921875,0.0,0.0,72.34825134277344,-1134.9200439453125,-1142.0,67.24651336669922,-1253.0799560546875,-1233.199951171875,-1218.300048828125,-1185.0,-1142.0,-1088.0,-1058.800048828125,-1007.0,-993.0
3304,-1135.3800048828125,0.0,0.0,72.2404556274414,-1135.3800048828125,-1142.0,67.30999755859375,-1253.0799560546875,-1233.199951171875,-1218.300048828125,-1185.0,-1142.0,-1088.0,-1060.5999755859375,-1007.0,-993.0
3311,-1135.739990234375,0.0,0.0,72.13298034667969,-1135.739990234375,-1142.0,67.67977905273438,-1253.0799560546875,-1237.1500244140625,-1221.0999755859375,-1185.0,-1142.0,-1088.0,-1060.5999755859375,-1007.0,-993.0
3318,-1136.0399169921875,0.0,0.0,71.99244689941406,-1136.0400390625,-1142.0,67.96395111083984,-1253.1199951171875,-1237.1500244140625,-1221.0999755859375,-1188.25,-1142.0,-1088.0,-1060.5999755859375,-1007.0,-993.0
3325,-1136.5599365234375,0.0,0.0,71.88624572753906,-1136.56005859375,-1143.5,68.09659576416016,-1253.1199951171875,-1237.1500244140625,-1221.0999755859375,-1190.0,-1143.5,-1088.0,-1060.5999755859375,-1008.9000244140625,-993.0
3332,-1136.9000244140625,0.0,0.0,71.7762680053711,-1136.9000244140625,-1143.5,67.60332489013672,-1253.1199951171875,-1237.1500244140625,-1221.0999755859375,-1190.0,-1143.5,-1088.5,-1060.5999755859375,-1008.9000244140625,-998.8800048828125
3339,-1137.179931640625,0.0,0.0,71.6218032836914,-1137.1800537109375,-1143.5,67.54869842529297,-1253.1199951171875,-1237.1500244140625,-1221.0999755859375,-1190.0,-1143.5,-1088.5,-1060.5999755859375,-1008.9000244140625,-998.8800048828125
3346,-1137.780029296875,0.0,0.0,71.44865417480469,-1137.780029296875,-1143.5,67.89176940917969,-1253.1199951171875,-1240.050048828125,-1222.0999755859375,-1190.0,-1143.5,-1088.5,-1061.0,-1008.9000244140625,-998.8800048828125
3353,-1138.3199462890625,0.0,0.0,71.33793640136719,-1138.3199462890625,-1143.5,67.82240295410156,-1253.1199951171875,-1240.050048828125,-1222.0999755859375,-1190.0,-1143.5,-1088.5,-1061.0,-1008.9000244140625,-998.8800048828125
3360,-1138.760009765625,0.0,0.0,71.18589782714844,-1138.760009765625,-1144.5,68.09847259521484,-1253.1199951171875,-1240.050048828125,-1222.0999755859375,-1190.0,-1144.5,-1089.0,-1061.0,-1008.9000244140625,-998.8800048828125
3367,-1139.719970703125,0.0,0.0,71.05352020263672,-1139.719970703125,-1145.5,67.7945556640625,-1255.0799560546875,-1240.050048828125,-1223.0,-1190.0,-1145.5,-1090.5,-1061.0,-1014.7000122070312,-998.8800048828125
3374,-1140.280029296875,0.0,0.0,70.92018127441406,-1140.280029296875,-1145.5,68.29656982421875,-1259.0799560546875,-1240.6500244140625,-1223.0,-1190.0,-1145.5,-1090.5,-1061.0,-1014.7000122070312,-998.9199829101562
3381,-1141.199951171875,0.0,0.0,70.83153533935547,-1141.199951171875,-1145.5,67.2254409790039,-1259.0799560546875,-1240.6500244140625,-1223.0,-1193.25,-1145.5,-1090.5,-1061.0,-1017.0,-1008.7999877929688
3388,-1142.0,0.0,0.0,70.72207641601562,-1142.0,-1145.5,66.9699935913086,-1259.0799560546875,-1240.6500244140625,-1223.0999755859375,-1193.25,-1145.5,-1090.5,-1066.4000244140625,-1022.7000122070312,-1014.6799926757812
3395,-1142.679931640625,0.0,0.0,70.57656860351562,-1142.6800537109375,-1146.0,66.91275787353516,-1259.0799560546875,-1240.6500244140625,-1224.4000244140625,-1193.25,-1146.0,-1094.0,-1066.4000244140625,-1022.7000122070312,-1014.6799926757812
3402,-1142.8800048828125,0.0,0.0,70.45137786865234,-1142.8800048828125,-1146.0,66.8715591430664,-1259.0799560546875,-1240.6500244140625,-1224.4000244140625,-1193.5,-1146.0,-1094.0,-1066.4000244140625,-1022.7000122070312,-1014.6799926757812
3409,-1143.260009765625,0.0,0.0,70.3300552368164,-1143.260009765625,-1146.0,66.9139175415039,-1259.0799560546875,-1240.6500244140625,-1224.4000244140625,-1193.5,-1146.0,-1094.0,-1066.4000244140625,-1022.7000122070312,-1014.6799926757812
3416,-1143.6600341796875,0.0,0.0,70.22069549560547,-1143.6600341796875,-1147.0,66.68212127685547,-1259.0799560546875,-1240.6500244140625,-1224.4000244140625,-1193.5,-1147.0,-1096.5,-1068.199951171875,-1022.7000122070312,-1014.6799926757812
3423,-1144.1600341796875,0.0,0.0,70.08417510986328,-1144.1600341796875,-1147.0,66.55008697509766,-1261.0400390625,-1240.949951171875,-1224.4000244140625,-1195.25,-1147.0,-1099.0,-1068.199951171875,-1026.800048828125,-1016.6400146484375
3430,-1144.52001953125,0.0,0.0,69.95978546142578,-1144.52001953125,-1148.0,66.4489974975586,-1261.0400390625,-1240.949951171875,-1224.5,-1195.25,-1148.0,-1099.0,-1068.199951171875,-1026.800048828125,-1016.6400146484375
3437,-1145.3800048828125,0.0,0.0,69.83706665039062,-1145.3800048828125,-1148.0,67.04025268554688,-1261.0400390625,-1240.949951171875,-1230.0999755859375,-1196.0,-1148.0,-1099.0,-1068.199951171875,-1026.800048828125,-1016.6400146484375
3444,-1146.179931640625,0.0,0.0,69.737548828125,-1146.1800537109375,-1149.5,67.66230773925781,-1261.0400390625,-1240.949951171875,-1230.0999755859375,-1198.25,-1149.5,-1099.0,-1068.199951171875,-1026.800048828125,-1016.6400146484375
3451,-1146.919921875,0.0,0.0,69.58729553222656,-1146.9200439453125,-1149.5,68.08622741699219,-1263.0,-1240.949951171875,-1230.0999755859375,-1198.25,-1149.5,-1099.0,-1068.199951171875,-1026.800048828125,-1016.6400146484375
3458,-1147.6400146484375,0.0,0.0,69.46656036376953,-1147.6400146484375,-1149.5,68.65486145019531,-1263.239990234375,-1240.949951171875,-1230.0999755859375,-1204.75,-1149.5,-1099.0,-1068.199951171875,-1026.800048828125,-1016.6400146484375
3465,-1148.1600341796875,0.0,0.0,69.33692169189453,-1148.1600341796875,-1152.0,68.37568664550781,-1263.239990234375,-1240.949951171875,-1231.0999755859375,-1204.75,-1152.0,-1099.0,-1068.800048828125,-1026.800048828125,-1016.6400146484375
3472,-1148.919921875,0.0,0.0,69.21261596679688,-1148.9200439453125,-1152.0,68.55313873291016,-1267.1600341796875,-1240.949951171875,-1231.0999755859375,-1207.25,-1152.0,-1099.0,-1068.800048828125,-1026.800048828125,-1018.5999755859375
3479,-1149.43994140625,0.0,0.0,69.11524963378906,-1149.43994140625,-1152.5,68.55615234375,-1267.1600341796875,-1240.949951171875,-1231.0999755859375,-1207.25,-1152.5,-1099.0,-1068.800048828125,-1026.800048828125,-1018.5999755859375
3486,-1149.8800048828125,0.0,0.0,68.97913360595703,-1149.8800048828125,-1152.5,68.17159271240234,-1267.1600341796875,-1240.949951171875,-1231.0999755859375,-1207.25,-1152.5,-1099.0,-1070.800048828125,-1026.800048828125,-1018.5999755859375
3493,-1150.5999755859375,0.0,0.0,68.84738159179688,-1150.5999755859375,-1154.5,67.40934753417969,-1267.1600341796875,-1240.949951171875,-1231.0999755859375,-1207.25,-1154.5,-1100.5,-1072.5999755859375,-1026.800048828125,-1020.9600219726562
3500,-1151.0999755859375,0.0,0.0,68.7057876586914,-1151.0999755859375,-1154.5,67.42766571044922,-1267.1600341796875,-1240.949951171875,-1231.0999755859375,-1207.25,-1154.5,-1100.5,-1072.5999755859375,-1026.9000244140625,-1020.9600219726562
3507,-1152.0,0.0,0.0,68.58709716796875,-1152.0,-1154.5,67.09918212890625,-1267.1600341796875,-1240.949951171875,-1233.0,-1207.25,-1154.5,-1100.5,-1072.5999755859375,-1027.0,-1022.9600219726562
3514,-1152.7999267578125,0.0,0.0,68.45944213867188,-1152.800048828125,-1154.5,67.47369384765625,-1275.0400390625,-1240.949951171875,-1233.0,-1208.5,-1154.5,-1102.0,-1074.4000244140625,-1027.0,-1022.9600219726562
3521,-1152.8599853515625,0.0,0.0,68.3406753540039,-1152.8599853515625,-1154.5,67.38041687011719,-1275.0400390625,-1240.949951171875,-1233.0,-1208.5,-1154.5,-1102.0,-1074.4000244140625,-1028.9000244140625,-1024.9200439453125
3528,-1153.219970703125,0.0,0.0,68.2088623046875,-1153.219970703125,-1154.5,67.28931427001953,-1275.0400390625,-1240.949951171875,-1233.0,-1208.5,-1154.5,-1102.0,-1076.800048828125,-1028.9000244140625,-1024.9200439453125
3535,-1154.1600341796875,0.0,0.0,68.0750503540039,-1154.1600341796875,-1155.0,66.81312561035156,-1277.0,-1240.949951171875,-1233.0,-1208.5,-1155.0,-1106.0,-1076.800048828125,-1038.4000244140625,-1024.9200439453125
3542,-1154.219970703125,0.0,0.0,67.93195343017578,-1154.219970703125,-1155.0,66.74647521972656,-1277.0,-1240.949951171875,-1233.0,-1208.5,-1155.0,-1106.0,-1076.800048828125,-1038.4000244140625,-1024.9200439453125
3549,-1154.8599853515625,0.0,0.0,67.79940032958984,-1154.8599853515625,-1155.0,66.83442687988281,-1277.0,-1243.800048828125,-1233.5,-1208.5,-1155.0,-1106.0,-1076.800048828125,-1039.0,-1024.9200439453125
3556,-1155.8199462890625,0.0,0.0,67.6787109375,-1155.8199462890625,-1155.0,67.3167724609375,-1277.0,-1250.449951171875,-1238.0999755859375,-1211.75,-1155.0,-1106.0,-1076.800048828125,-1039.0,-1024.9200439453125
3563,-1156.739990234375,0.0,0.0,67.55815887451172,-1156.739990234375,-1156.0,66.6113510131836,-1277.0,-1250.449951171875,-1238.0999755859375,-1211.75,-1156.0,-1106.0,-1078.800048828125,-1056.0999755859375,-1024.9200439453125
3570,-1157.52001953125,0.0,0.0,67.41938018798828,-1157.52001953125,-1156.0,66.91150665283203,-1277.0,-1250.449951171875,-1239.0999755859375,-1217.5,-1156.0,-1106.0,-1078.800048828125,-1056.0999755859375,-1024.9200439453125
3577,-1158.52001953125,0.0,0.0,67.2952880859375,-1158.52001953125,-1156.0,66.34236907958984,-1277.0,-1259.050048828125,-1240.199951171875,-1217.5,-1156.0,-1107.0,-1078.800048828125,-1066.5,-1026.8800048828125
3584,-1158.9599609375,0.0,0.0,67.15230560302734,-1158.9599609375,-1157.0,66.28498077392578,-1277.0799560546875,-1259.050048828125,-1240.199951171875,-1217.5,-1157.0,-1107.0,-1078.800048828125,-1066.5,-1026.8800048828125
3591,-1159.679931640625,0.0,0.0,67.03648376464844,-1159.6800537109375,-1157.0,66.11775207519531,-1277.0799560546875,-1259.050048828125,-1240.199951171875,-1217.5,-1157.0,-1111.5,-1078.800048828125,-1066.5,-1027.0
3598,-1160.47998046875,0.0,0.0,66.93453216552734,-1160.47998046875,-1157.0,66.4953384399414,-1277.0799560546875,-1260.1500244140625,-1240.199951171875,-1217.5,-1157.0,-1111.5,-1078.800048828125,-1066.5,-1027.0
3605,-1161.0999755859375,0.0,0.0,66.82026672363281,-1161.0999755859375,-1157.5,67.1101303100586,-1281.3199462890625,-1260.1500244140625,-1240.300048828125,-1217.5,-1157.5,-1111.5,-1078.800048828125,-1066.5,-1027.0
3612,-1161.679931640625,0.0,0.0,66.70159912109375,-1161.6800537109375,-1158.0,67.436767578125,-1281.3199462890625,-1260.1500244140625,-1243.699951171875,-1217.5,-1158.0,-1111.5,-1078.800048828125,-1066.5,-1027.0
3619,-1162.0999755859375,0.0,0.0,66.56471252441406,-1162.0999755859375,-1158.0,67.4825210571289,-1281.3199462890625,-1260.1500244140625,-1243.699951171875,-1217.5,-1158.0,-1111.5,-1078.800048828125,-1066.5,-1028.9599609375
3626,-1162.280029296875,0.0,0.0,66.44584655761719,-1162.280029296875,-1161.5,67.48468017578125,-1281.3199462890625,-1260.1500244140625,-1243.699951171875,-1217.5,-1161.5,-1111.5,-1078.800048828125,-1066.5,-1028.9599609375
3633,-1162.43994140625,0.0,0.0,66.34276580810547,-1162.43994140625,-1161.5,67.32418823242188,-1281.3199462890625,-1260.1500244140625,-1243.699951171875,-1217.5,-1161.5,-1111.5,-1080.800048828125,-1066.5,-1028.9599609375
3640,-1162.8199462890625,0.0,0.0,66.2361831665039,-1162.8199462890625,-1164.5,67.40079498291016,-1281.3199462890625,-1260.1500244140625,-1247.300048828125,-1217.5,-1164.5,-1111.5,-1080.800048828125,-1066.5,-1028.9599609375
3647,-1162.97998046875,0.0,0.0,66.1382827758789,-1162.97998046875,-1164.5,67.40904235839844,-1281.3199462890625,-1260.1500244140625,-1247.300048828125,-1217.5,-1164.5,-1111.5,-1080.800048828125,-1066.5,-1028.9599609375
3654,-1163.47998046875,0.0,0.0,66.02041625976562,-1163.47998046875,-1164.5,67.10759735107422,-1281.3199462890625,-1260.1500244140625,-1247.300048828125,-1217.5,-1164.5,-1112.5,-1080.800048828125,-1066.5,-1028.9599609375
3661,-1163.8599853515625,0.0,0.0,65.908935546875,-1163.8599853515625,-1169.0,66.99790954589844,-1281.3199462890625,-1260.1500244140625,-1247.300048828125,-1217.5,-1169.0,-1112.5,-1080.800048828125,-1066.5,-1028.9599609375
3668,-1164.0399169921875,0.0,0.0,65.77118682861328,-1164.0400390625,-1169.0,66.84114837646484,-1281.3199462890625,-1260.1500244140625,-1247.300048828125,-1217.5,-1169.0,-1113.0,-1080.800048828125,-1066.5,-1028.9599609375
3675,-1164.5599365234375,0.0,0.0,65.65459442138672,-1164.56005859375,-1169.0,67.00706481933594,-1281.3199462890625,-1263.300048828125,-1247.5,-1217.5,-1169.0,-1113.0,-1080.800048828125,-1066.5,-1036.800048828125
3682,-1164.7999267578125,0.0,0.0,65.53237915039062,-1164.800048828125,-1169.0,66.64547729492188,-1283.280029296875,-1263.300048828125,-1247.5,-1217.5,-1169.0,-1113.0,-1080.800048828125,-1066.5,-1036.800048828125
3689,-1164.97998046875,0.0,0.0,65.42899322509766,-1164.97998046875,-1169.0,66.44110107421875,-1283.280029296875,-1263.300048828125,-1247.5,-1219.5,-1169.0,-1113.0,-1080.800048828125,-1066.5,-1038.760009765625
3696,-1165.2999267578125,0.0,0.0,65.31746673583984,-1165.300048828125,-1169.0,66.04430389404297,-1283.280029296875,-1263.300048828125,-1247.9000244140625,-1219.5,-1169.0,-1113.0,-1080.800048828125,-1068.5,-1048.56005859375
3703,-1165.679931640625,0.0,0.0,65.20092010498047,-1165.6800537109375,-1169.0,66.2398452758789,-1283.280029296875,-1269.1500244140625,-1247.9000244140625,-1219.5,-1169.0,-1113.0,-1080.800048828125,-1068.699951171875,-1048.56005859375
3710,-1166.0599365234375,0.0,0.0,65.06861877441406,-1166.06005859375,-1169.0,66.13634490966797,-1283.280029296875,-1269.1500244140625,-1247.9000244140625,-1221.0,-1169.0,-1113.0,-1080.800048828125,-1069.0,-1048.56005859375
3717,-1166.5799560546875,0.0,0.0,64.9530029296875,-1166.5799560546875,-1169.0,66.01850891113281,-1283.280029296875,-1269.1500244140625,-1247.9000244140625,-1221.25,-1169.0,-1113.0,-1080.800048828125,-1069.0,-1048.56005859375
3724,-1166.739990234375,0.0,0.0,64.82473754882812,-1166.739990234375,-1169.0,66.18392944335938,-1283.280029296875,-1269.1500244140625,-1247.9000244140625,-1221.5,-1169.0,-1113.0,-1080.800048828125,-1069.0,-1048.56005859375
3731,-1167.2999267578125,0.0,0.0,64.69343566894531,-1167.300048828125,-1169.0,66.31748962402344,-1283.280029296875,-1269.1500244140625,-1247.9000244140625,-1221.5,-1169.0,-1113.0,-1081.0,-1069.0,-1048.56005859375
3738,-1167.97998046875,0.0,0.0,64.55614471435547,-1167.97998046875,-1169.0,66.3359603881836,-1283.280029296875,-1269.1500244140625,-1249.699951171875,-1221.5,-1169.0,-1114.5,-1081.0,-1069.0,-1048.56005859375
3745,-1168.3599853515625,0.0,0.0,64.42024993896484,-1168.3599853515625,-1171.0,66.1505126953125,-1283.280029296875,-1269.1500244140625,-1249.699951171875,-1221.5,-1171.0,-1114.5,-1086.4000244140625,-1069.0,-1048.56005859375
3752,-1168.7999267578125,0.0,0.0,64.31841278076172,-1168.800048828125,-1171.0,65.77339935302734,-1283.280029296875,-1269.1500244140625,-1249.699951171875,-1221.5,-1171.0,-1116.5,-1090.5999755859375,-1069.0,-1048.56005859375
3759,-1168.8800048828125,0.0,0.0,64.19815063476562,-1168.8800048828125,-1171.0,65.72735595703125,-1283.280029296875,-1269.1500244140625,-1249.699951171875,-1221.5,-1171.0,-1116.5,-1090.5999755859375,-1069.0,-1048.5999755859375
3766,-1169.2999267578125,0.0,0.0,64.11102294921875,-1169.300048828125,-1171.0,65.88239288330078,-1283.280029296875,-1269.1500244140625,-1249.699951171875,-1221.5,-1171.0,-1116.5,-1090.5999755859375,-1069.0,-1048.5999755859375
3773,-1170.3599853515625,0.0,0.0,63.9862174987793,-1170.3599853515625,-1171.0,65.85992431640625,-1297.1600341796875,-1270.0999755859375,-1249.699951171875,-1221.5,-1171.0,-1118.5,-1090.5999755859375,-1073.0,-1048.5999755859375
3780,-1170.5,0.0,0.0,63.895263671875,-1170.5,-1171.0,66.0052261352539,-1299.1199951171875,-1270.0999755859375,-1249.699951171875,-1221.75,-1171.0,-1118.5,-1090.5999755859375,-1073.0,-1048.5999755859375
3787,-1171.1400146484375,0.0,0.0,63.772098541259766,-1171.1400146484375,-1171.0,65.83768463134766,-1299.1199951171875,-1270.0999755859375,-1249.699951171875,-1222.5,-1171.0,-1118.5,-1098.199951171875,-1073.0,-1048.5999755859375
3794,-1171.9000244140625,0.0,0.0,63.661991119384766,-1171.9000244140625,-1171.0,65.62171936035156,-1299.1199951171875,-1270.0999755859375,-1249.699951171875,-1224.25,-1171.0,-1119.75,-1098.199951171875,-1073.0,-1048.5999755859375
3801,-1172.280029296875,0.0,0.0,63.55176544189453,-1172.280029296875,-1171.0,65.75516510009766,-1299.1199951171875,-1270.0999755859375,-1249.699951171875,-1225.25,-1171.0,-1120.5,-1098.199951171875,-1073.0,-1048.5999755859375
3808,-1172.6400146484375,0.0,0.0,63.436649322509766,-1172.6400146484375,-1171.0,65.8553695678711,-1299.1199951171875,-1270.0999755859375,-1256.300048828125,-1225.25,-1171.0,-1120.5,-1098.199951171875,-1073.0,-1048.6800537109375
3815,-1172.8800048828125,0.0,0.0,63.342445373535156,-1172.8800048828125,-1171.0,65.85807037353516,-1301.0799560546875,-1271.050048828125,-1256.300048828125,-1225.75,-1171.0,-1120.5,-1098.199951171875,-1073.0,-1048.6800537109375
3822,-1173.43994140625,0.0,0.0,63.25408935546875,-1173.43994140625,-1171.0,65.957763671875,-1301.0799560546875,-1271.050048828125,-1256.300048828125,-1226.5,-1171.0,-1121.0,-1098.199951171875,-1073.0,-1048.6800537109375
3829,-1173.6600341796875,0.0,0.0,63.150447845458984,-1173.6600341796875,-1171.0,65.8448486328125,-1301.0799560546875,-1271.050048828125,-1256.300048828125,-1227.25,-1171.0,-1121.0,-1098.199951171875,-1073.0,-1048.6800537109375
3836,-1174.679931640625,0.0,0.0,63.022605895996094,-1174.6800537109375,-1171.0,66.0033187866211,-1301.0799560546875,-1271.050048828125,-1259.0999755859375,-1231.25,-1171.0,-1122.5,-1098.199951171875,-1073.0,-1048.6800537109375
3843,-1175.260009765625,0.0,0.0,62.92277145385742,-1175.260009765625,-1176.0,65.80055236816406,-1301.0799560546875,-1271.050048828125,-1259.0999755859375,-1231.25,-1176.0,-1122.5,-1099.0,-1073.0,-1048.6800537109375
3850,-1175.43994140625,0.0,0.0,62.806697845458984,-1175.43994140625,-1176.0,65.7825698852539,-1301.0799560546875,-1271.050048828125,-1259.0999755859375,-1231.25,-1176.0,-1122.5,-1099.0,-1073.0,-1048.760009765625
3857,-1176.1400146484375,0.0,0.0,62.67890548706055,-1176.1400146484375,-1177.0,65.534423828125,-1301.0799560546875,-1271.050048828125,-1259.0999755859375,-1232.0,-1177.0,-1123.75,-1099.0,-1073.0,-1048.760009765625
3864,-1176.3800048828125,0.0,0.0,62.568603515625,-1176.3800048828125,-1177.0,65.74097442626953,-1301.1199951171875,-1271.050048828125,-1259.0999755859375,-1232.0,-1177.0,-1123.75,-1099.0,-1073.0,-1048.760009765625
3871,-1176.760009765625,0.0,0.0,62.45029830932617,-1176.760009765625,-1177.0,65.84164428710938,-1301.1199951171875,-1271.050048828125,-1259.0999755859375,-1232.0,-1177.0,-1123.75,-1099.0,-1073.0,-1048.760009765625
3878,-1177.0,0.0,0.0,62.327362060546875,-1177.0,-1177.0,66.05770111083984,-1301.1199951171875,-1271.050048828125,-1259.0999755859375,-1234.25,-1177.0,-1123.75,-1099.0,-1073.0,-1048.760009765625
3885,-1177.280029296875,0.0,0.0,62.21364974975586,-1177.280029296875,-1177.0,66.19955444335938,-1301.1199951171875,-1271.050048828125,-1259.0999755859375,-1234.25,-1177.0,-1123.75,-1099.0,-1073.0,-1048.760009765625
3892,-1177.5799560546875,0.0,0.0,62.109275817871094,-1177.5799560546875,-1177.0,65.84651947021484,-1301.1199951171875,-1271.050048828125,-1259.0999755859375,-1234.25,-1177.0,-1123.75,-1099.0,-1076.9000244140625,-1048.760009765625
3899,-1178.02001953125,0.0,0.0,62.012020111083984,-1178.02001953125,-1177.0,66.1412124633789,-1301.1199951171875,-1272.0,-1260.300048828125,-1237.25,-1177.0,-1124.5,-1099.0,-1076.9000244140625,-1048.760009765625
3906,-1178.1400146484375,0.0,0.0,61.90156555175781,-1178.1400146484375,-1177.0,66.15647888183594,-1301.1199951171875,-1272.0,-1260.300048828125,-1237.25,-1177.0,-1124.5,-1099.0,-1076.9000244140625,-1048.760009765625
3913,-1178.919921875,0.0,0.0,61.803768157958984,-1178.9200439453125,-1178.5,65.7584457397461,-1301.1199951171875,-1272.0,-1260.300048828125,-1237.25,-1178.5,-1125.0,-1099.0,-1076.9000244140625,-1048.760009765625
3920,-1179.1600341796875,0.0,0.0,61.673973083496094,-1179.1600341796875,-1179.5,65.66212463378906,-1301.1199951171875,-1272.0,-1260.300048828125,-1237.25,-1179.5,-1125.0,-1099.0,-1076.9000244140625,-1048.760009765625
3927,-1179.8800048828125,0.0,0.0,61.557167053222656,-1179.8800048828125,-1179.5,65.1239242553711,-1301.1199951171875,-1272.0,-1260.300048828125,-1237.25,-1179.5,-1128.5,-1099.0,-1076.9000244140625,-1048.9599609375
3934,-1180.179931640625,0.0,0.0,61.454227447509766,-1180.1800537109375,-1179.5,64.9703598022461,-1301.1199951171875,-1272.0,-1260.300048828125,-1237.25,-1179.5,-1129.0,-1099.0,-1076.9000244140625,-1050.9599609375
3941,-1180.3599853515625,0.0,0.0,61.32139587402344,-1180.3599853515625,-1179.5,64.76056671142578,-1301.1199951171875,-1272.0,-1260.300048828125,-1237.25,-1179.5,-1129.0,-1099.0,-1076.9000244140625,-1050.9599609375
3948,-1180.8599853515625,0.0,0.0,61.22681427001953,-1180.8599853515625,-1179.5,64.51976776123047,-1301.1199951171875,-1272.0,-1260.300048828125,-1237.25,-1179.5,-1133.5,-1099.0,-1076.9000244140625,-1050.9599609375
3955,-1180.93994140625,0.0,0.0,61.10624694824219,-1180.93994140625,-1179.5,64.4876480102539,-1301.1199951171875,-1272.0,-1260.300048828125,-1237.25,-1179.5,-1133.5,-1099.0,-1076.9000244140625,-1050.9599609375
3962,-1181.47998046875,0.0,0.0,61.00649642944336,-1181.47998046875,-1179.5,64.3530044555664,-1305.0400390625,-1272.0999755859375,-1260.300048828125,-1237.25,-1179.5,-1133.5,-1102.5999755859375,-1076.9000244140625,-1050.9599609375
3969,-1181.5599365234375,0.0,0.0,60.8801383972168,-1181.56005859375,-1179.5,64.51004791259766,-1309.0400390625,-1272.0999755859375,-1260.300048828125,-1237.25,-1179.5,-1133.5,-1102.5999755859375,-1076.9000244140625,-1050.9599609375
3976,-1181.6199951171875,0.0,0.0,60.76154327392578,-1181.6199951171875,-1179.5,64.41362762451172,-1309.0400390625,-1272.0999755859375,-1260.300048828125,-1237.25,-1179.5,-1133.5,-1102.5999755859375,-1080.800048828125,-1050.9599609375
3983,-1182.02001953125,0.0,0.0,60.65074920654297,-1182.02001953125,-1179.5,64.18706512451172,-1309.0400390625,-1272.0999755859375,-1260.300048828125,-1237.25,-1179.5,-1134.5,-1102.5999755859375,-1086.699951171875,-1050.9599609375
3990,-1182.3399658203125,0.0,0.0,60.53032684326172,-1182.3399658203125,-1179.5,64.3374252319336,-1309.0400390625,-1273.050048828125,-1260.300048828125,-1239.0,-1179.5,-1134.5,-1102.5999755859375,-1086.699951171875,-1050.9599609375
3997,-1182.5,0.0,0.0,60.42786407470703,-1182.5,-1179.5,64.44477844238281,-1309.0400390625,-1273.050048828125,-1260.300048828125,-1239.0,-1179.5,-1134.5,-1102.5999755859375,-1088.5999755859375,-1050.9599609375
4004,-1182.8599853515625,0.0,0.0,60.3031005859375,-1182.8599853515625,-1179.5,64.4906234741211,-1309.0400390625,-1273.050048828125,-1260.300048828125,-1239.0,-1179.5,-1134.5,-1102.5999755859375,-1088.5999755859375,-1050.9599609375
4011,-1183.0799560546875,0.0,0.0,60.18206787109375,-1183.0799560546875,-1179.5,64.5719223022461,-1309.0400390625,-1273.050048828125,-1260.300048828125,-1239.0,-1179.5,-1134.5,-1102.5999755859375,-1088.5999755859375,-1050.9599609375
4018,-1183.6400146484375,0.0,0.0,60.094451904296875,-1183.6400146484375,-1182.0,64.60595703125,-1309.0400390625,-1273.050048828125,-1260.300048828125,-1242.25,-1182.0,-1134.5,-1102.5999755859375,-1088.5999755859375,-1050.9599609375
4025,-1184.1199951171875,0.0,0.0,59.968719482421875,-1184.1199951171875,-1183.0,64.21903991699219,-1309.0400390625,-1273.050048828125,-1260.300048828125,-1242.25,-1183.0,-1134.5,-1104.800048828125,-1090.5,-1050.9599609375
4032,-1184.6400146484375,0.0,0.0,59.841346740722656,-1184.6400146484375,-1183.5,64.22468566894531,-1309.0400390625,-1273.050048828125,-1261.199951171875,-1242.25,-1183.5,-1134.5,-1104.800048828125,-1090.5,-1050.9599609375
4039,-1184.8800048828125,0.0,0.0,59.73957443237305,-1184.8800048828125,-1183.5,64.40998077392578,-1309.0400390625,-1274.0,-1263.4000244140625,-1242.25,-1183.5,-1134.5,-1104.800048828125,-1090.5,-1050.9599609375
4046,-1185.3399658203125,0.0,0.0,59.6183967590332,-1185.3399658203125,-1183.5,64.1883544921875,-1309.0400390625,-1274.0,-1263.4000244140625,-1242.25,-1183.5,-1134.5,-1104.800048828125,-1090.5,-1064.760009765625
4053,-1185.6400146484375,0.0,0.0,59.52086639404297,-1185.6400146484375,-1183.5,64.22250366210938,-1309.0400390625,-1274.0,-1263.4000244140625,-1242.25,-1183.5,-1135.0,-1104.800048828125,-1090.5,-1064.760009765625
4060,-1186.419921875,0.0,0.0,59.43018341064453,-1186.4200439453125,-1183.5,64.12147521972656,-1309.0799560546875,-1274.0,-1265.199951171875,-1242.25,-1183.5,-1135.0,-1105.9000244140625,-1092.9000244140625,-1064.760009765625
4067,-1186.7999267578125,0.0,0.0,59.31367874145508,-1186.800048828125,-1183.5,63.86344909667969,-1309.0799560546875,-1274.0999755859375,-1265.199951171875,-1242.25,-1183.5,-1135.0,-1110.4000244140625,-1092.9000244140625,-1064.760009765625
4074,-1187.0799560546875,0.0,0.0,59.20186233520508,-1187.0799560546875,-1183.5,63.79948425292969,-1309.0799560546875,-1274.0999755859375,-1265.199951171875,-1242.25,-1183.5,-1135.0,-1110.4000244140625,-1096.800048828125,-1064.760009765625
4081,-1187.5599365234375,0.0,0.0,59.101043701171875,-1187.56005859375,-1183.5,63.95550537109375,-1313.0799560546875,-1274.0999755859375,-1267.300048828125,-1242.25,-1183.5,-1135.0,-1110.4000244140625,-1096.800048828125,-1064.760009765625
4088,-1187.739990234375,0.0,0.0,58.99728012084961,-1187.739990234375,-1183.5,64.0421142578125,-1313.0799560546875,-1274.0999755859375,-1269.0999755859375,-1242.25,-1183.5,-1135.0,-1110.4000244140625,-1096.800048828125,-1064.760009765625
4095,-1188.5399169921875,0.0,0.0,58.90441131591797,-1188.5400390625,-1186.5,64.27727508544922,-1313.0799560546875,-1276.550048828125,-1270.0999755859375,-1242.25,-1186.5,-1136.5,-1110.4000244140625,-1096.800048828125,-1064.800048828125
4102,-1189.43994140625,0.0,0.0,58.79518508911133,-1189.43994140625,-1186.5,64.15252685546875,-1313.0799560546875,-1276.550048828125,-1270.0999755859375,-1242.5,-1186.5,-1138.5,-1114.5999755859375,-1098.699951171875,-1064.800048828125
4109,-1189.8800048828125,0.0,0.0,58.65598678588867,-1189.8800048828125,-1190.0,64.44691467285156,-1313.0799560546875,-1276.550048828125,-1270.0999755859375,-1242.5,-1190.0,-1139.0,-1114.5999755859375,-1098.699951171875,-1064.800048828125
4116,-1190.4599609375,0.0,0.0,58.57102584838867,-1190.4599609375,-1192.0,64.61028289794922,-1313.0799560546875,-1280.3499755859375,-1270.0999755859375,-1243.25,-1192.0,-1139.0,-1114.5999755859375,-1098.699951171875,-1064.800048828125
4123,-1190.8199462890625,0.0,0.0,58.468162536621094,-1190.8199462890625,-1192.0,64.6686019897461,-1313.0799560546875,-1280.3499755859375,-1273.0,-1243.25,-1192.0,-1139.0,-1114.5999755859375,-1098.699951171875,-1064.800048828125
4130,-1190.9000244140625,0.0,0.0,58.35844421386719,-1190.9000244140625,-1192.0,64.59883880615234,-1313.0799560546875,-1280.3499755859375,-1273.0,-1243.25,-1192.0,-1139.0,-1116.800048828125,-1098.699951171875,-1064.800048828125
4137,-1191.0399169921875,0.0,0.0,58.26277160644531,-1191.0400390625,-1192.0,64.6171646118164,-1313.0799560546875,-1280.3499755859375,-1273.0,-1243.25,-1192.0,-1139.0,-1116.800048828125,-1098.699951171875,-1064.800048828125
4144,-1191.3800048828125,0.0,0.0,58.159423828125,-1191.3800048828125,-1192.0,65.00150299072266,-1315.0400390625,-1287.0999755859375,-1273.0999755859375,-1246.25,-1192.0,-1139.0,-1116.800048828125,-1098.699951171875,-1064.800048828125
4151,-1191.8199462890625,0.0,0.0,58.04337692260742,-1191.8199462890625,-1194.0,64.95004272460938,-1315.0400390625,-1287.0999755859375,-1273.0999755859375,-1246.25,-1194.0,-1139.0,-1116.800048828125,-1098.699951171875,-1064.800048828125
4158,-1192.6400146484375,0.0,0.0,57.943695068359375,-1192.6400146484375,-1194.0,65.2359619140625,-1317.0,-1287.0999755859375,-1273.0999755859375,-1247.25,-1194.0,-1139.0,-1116.800048828125,-1098.699951171875,-1064.800048828125
4165,-1193.0999755859375,0.0,0.0,57.83910369873047,-1193.0999755859375,-1194.0,65.3260269165039,-1317.0799560546875,-1287.0999755859375,-1273.0999755859375,-1247.25,-1194.0,-1139.0,-1116.800048828125,-1100.5999755859375,-1064.800048828125
4172,-1193.52001953125,0.0,0.0,57.729774475097656,-1193.52001953125,-1194.0,65.45890808105469,-1317.0799560546875,-1287.199951171875,-1273.0999755859375,-1247.25,-1194.0,-1140.5,-1116.800048828125,-1102.5,-1064.800048828125
4179,-1194.1600341796875,0.0,0.0,57.61525344848633,-1194.1600341796875,-1194.0,65.16773986816406,-1317.0799560546875,-1287.199951171875,-1273.0999755859375,-1247.25,-1194.0,-1140.5,-1116.800048828125,-1102.699951171875,-1064.800048828125
4186,-1194.5999755859375,0.0,0.0,57.49787902832031,-1194.5999755859375,-1194.0,65.10591125488281,-1317.0799560546875,-1287.199951171875,-1273.0999755859375,-1247.25,-1194.0,-1140.5,-1116.800048828125,-1102.699951171875,-1064.800048828125
4193,-1194.7999267578125,0.0,0.0,57.41982650756836,-1194.800048828125,-1194.0,65.20966339111328,-1317.0799560546875,-1287.199951171875,-1273.0999755859375,-1248.25,-1194.0,-1140.5,-1116.800048828125,-1102.699951171875,-1064.800048828125
4200,-1195.1600341796875,0.0,0.0,57.325706481933594,-1195.1600341796875,-1195.0,65.29191589355469,-1317.0799560546875,-1287.199951171875,-1274.199951171875,-1248.25,-1195.0,-1140.5,-1116.800048828125,-1102.699951171875,-1064.800048828125
4207,-1195.3800048828125,0.0,0.0,57.21249008178711,-1195.3800048828125,-1195.0,65.2165298461914,-1317.1600341796875,-1287.199951171875,-1274.199951171875,-1248.25,-1195.0,-1140.5,-1116.800048828125,-1102.699951171875,-1064.800048828125
4214,-1195.5799560546875,0.0,0.0,57.10654830932617,-1195.5799560546875,-1195.0,65.2260971069336,-1317.1600341796875,-1287.199951171875,-1274.199951171875,-1248.25,-1195.0,-1140.5,-1116.800048828125,-1102.699951171875,-1064.800048828125
4221,-1195.8199462890625,0.0,0.0,56.99767303466797,-1195.8199462890625,-1195.0,65.05987548828125,-1317.1600341796875,-1287.199951171875,-1274.199951171875,-1248.25,-1195.0,-1140.5,-1116.800048828125,-1106.5,-1064.8399658203125
4228,-1196.47998046875,0.0,0.0,56.91364288330078,-1196.47998046875,-1195.0,65.44149780273438,-1317.1600341796875,-1287.199951171875,-1274.199951171875,-1249.5,-1195.0,-1144.0,-1116.800048828125,-1106.5,-1064.8399658203125
4235,-1197.280029296875,0.0,0.0,56.825233459472656,-1197.280029296875,-1199.0,65.42554473876953,-1317.1600341796875,-1287.199951171875,-1276.0999755859375,-1249.5,-1199.0,-1144.0,-1116.800048828125,-1106.5,-1064.8399658203125
4242,-1197.719970703125,0.0,0.0,56.72132873535156,-1197.719970703125,-1199.0,65.3766098022461,-1319.1199951171875,-1287.199951171875,-1277.0999755859375,-1251.0,-1199.0,-1145.0,-1116.800048828125,-1106.5,-1064.8399658203125
4249,-1197.9599609375,0.0,0.0,56.62858200073242,-1197.9599609375,-1199.0,65.62970733642578,-1319.1199951171875,-1287.199951171875,-1280.0,-1251.0,-1199.0,-1145.0,-1116.800048828125,-1106.5,-1064.8399658203125
4256,-1198.0,0.0,0.0,56.51329040527344,-1198.0,-1199.0,65.63185119628906,-1319.1199951171875,-1287.199951171875,-1280.0,-1251.0,-1199.0,-1145.0,-1116.800048828125,-1106.5,-1064.8399658203125
4263,-1198.199951171875,0.0,0.0,56.40096664428711,-1198.199951171875,-1199.0,65.58094787597656,-1319.1199951171875,-1287.199951171875,-1280.0,-1251.0,-1199.0,-1146.5,-1116.800048828125,-1106.5,-1064.8399658203125
4270,-1198.5999755859375,0.0,0.0,56.285282135009766,-1198.5999755859375,-1199.0,65.3202896118164,-1319.1199951171875,-1287.199951171875,-1280.0,-1254.0,-1199.0,-1146.5,-1116.800048828125,-1108.4000244140625,-1064.9599609375
4277,-1198.719970703125,0.0,0.0,56.186214447021484,-1198.719970703125,-1201.0,65.38211822509766,-1319.1199951171875,-1287.199951171875,-1280.0,-1254.0,-1201.0,-1146.5,-1116.800048828125,-1108.4000244140625,-1064.9599609375
4284,-1198.8800048828125,0.0,0.0,56.07699966430664,-1198.8800048828125,-1201.0,65.37801361083984,-1319.1199951171875,-1287.199951171875,-1280.0,-1254.0,-1201.0,-1146.5,-1116.800048828125,-1108.4000244140625,-1064.9599609375
4291,-1199.4000244140625,0.0,0.0,55.970863342285156,-1199.4000244140625,-1201.0,65.27066802978516,-1319.1199951171875,-1287.199951171875,-1280.0,-1257.75,-1201.0,-1147.0,-1116.800048828125,-1108.4000244140625,-1064.9599609375
4298,-1199.5999755859375,0.0,0.0,55.876014709472656,-1199.5999755859375,-1201.0,65.220703125,-1321.0799560546875,-1287.199951171875,-1280.0,-1257.75,-1201.0,-1150.0,-1118.5999755859375,-1108.4000244140625,-1064.9599609375
4305,-1199.8399658203125,0.0,0.0,55.79703140258789,-1199.8399658203125,-1201.0,65.24503326416016,-1321.0799560546875,-1287.199951171875,-1280.0,-1257.75,-1201.0,-1150.0,-1118.5999755859375,-1108.4000244140625,-1064.9599609375
4312,-1200.1199951171875,0.0,0.0,55.67403030395508,-1200.1199951171875,-1201.0,65.28740692138672,-1321.0799560546875,-1287.199951171875,-1280.0,-1260.5,-1201.0,-1151.0,-1118.5999755859375,-1108.4000244140625,-1064.9599609375
4319,-1200.5399169921875,0.0,0.0,55.58246994018555,-1200.5400390625,-1201.5,65.51525115966797,-1325.199951171875,-1287.199951171875,-1280.0,-1260.5,-1201.5,-1151.0,-1118.800048828125,-1108.4000244140625,-1064.9599609375
4326,-1200.97998046875,0.0,0.0,55.48512268066406,-1200.97998046875,-1202.5,65.7892074584961,-1325.199951171875,-1291.050048828125,-1280.0,-1261.25,-1202.5,-1151.0,-1119.0,-1108.4000244140625,-1064.9599609375
4333,-1201.0799560546875,0.0,0.0,55.37699890136719,-1201.0799560546875,-1202.5,65.72589874267578,-1325.199951171875,-1291.050048828125,-1280.0,-1261.25,-1202.5,-1151.0,-1122.5999755859375,-1108.4000244140625,-1064.9599609375
4340,-1201.1199951171875,0.0,0.0,55.281272888183594,-1201.1199951171875,-1202.5,65.69661712646484,-1325.199951171875,-1291.050048828125,-1280.0,-1261.25,-1202.5,-1151.0,-1122.5999755859375,-1108.4000244140625,-1064.9599609375
4347,-1201.280029296875,0.0,0.0,55.1970100402832,-1201.280029296875,-1202.5,65.74056243896484,-1325.199951171875,-1291.050048828125,-1280.0,-1261.25,-1202.5,-1151.0,-1122.5999755859375,-1108.4000244140625,-1064.9599609375
4354,-1202.219970703125,0.0,0.0,55.07316589355469,-1202.219970703125,-1204.0,65.68692016601562,-1325.199951171875,-1291.050048828125,-1280.0,-1261.25,-1204.0,-1151.0,-1122.5999755859375,-1108.9000244140625,-1064.9599609375
4361,-1202.5599365234375,0.0,0.0,54.97226333618164,-1202.56005859375,-1204.0,65.47080993652344,-1325.199951171875,-1291.050048828125,-1280.0,-1261.25,-1204.0,-1151.0,-1123.9000244140625,-1108.9000244140625,-1064.9599609375
4368,-1203.4599609375,0.0,0.0,54.85108947753906,-1203.4599609375,-1204.0,65.43614196777344,-1325.199951171875,-1291.050048828125,-1280.0,-1261.25,-1204.0,-1151.0,-1124.9000244140625,-1108.9000244140625,-1064.9599609375
4375,-1204.0399169921875,0.0,0.0,54.7519416809082,-1204.0400390625,-1204.0,65.64037322998047,-1325.199951171875,-1291.050048828125,-1280.0,-1263.0,-1204.0,-1151.0,-1124.9000244140625,-1108.9000244140625,-1064.9599609375
4382,-1204.2999267578125,0.0,0.0,54.68052673339844,-1204.300048828125,-1204.0,65.59245300292969,-1327.1600341796875,-1292.1500244140625,-1280.0,-1263.0,-1204.0,-1151.0,-1124.9000244140625,-1108.9000244140625,-1064.9599609375
4389,-1204.4599609375,0.0,0.0,54.60538864135742,-1204.4599609375,-1204.0,65.6469955444336,-1327.1600341796875,-1292.1500244140625,-1280.4000244140625,-1263.0,-1204.0,-1151.0,-1124.9000244140625,-1108.9000244140625,-1064.9599609375
4396,-1204.760009765625,0.0,0.0,54.506839752197266,-1204.760009765625,-1204.0,65.37860870361328,-1327.1600341796875,-1292.1500244140625,-1280.4000244140625,-1263.0,-1204.0,-1151.0,-1130.4000244140625,-1108.9000244140625,-1064.9599609375
4403,-1205.0999755859375,0.0,0.0,54.39999008178711,-1205.0999755859375,-1204.0,65.36489868164062,-1327.1600341796875,-1292.1500244140625,-1283.0999755859375,-1263.0,-1204.0,-1152.5,-1130.699951171875,-1108.9000244140625,-1064.9599609375
4410,-1205.3599853515625,0.0,0.0,54.280208587646484,-1205.3599853515625,-1204.0,65.52900695800781,-1327.1600341796875,-1292.1500244140625,-1283.0999755859375,-1266.0,-1204.0,-1152.5,-1130.699951171875,-1108.9000244140625,-1064.9599609375
4417,-1205.5399169921875,0.0,0.0,54.181922912597656,-1205.5400390625,-1204.0,65.59915161132812,-1327.1600341796875,-1292.1500244140625,-1283.0999755859375,-1266.0,-1204.0,-1152.5,-1130.699951171875,-1108.9000244140625,-1064.9599609375
4424,-1205.9599609375,0.0,0.0,54.09619903564453,-1205.9599609375,-1204.0,65.48662567138672,-1327.280029296875,-1293.0999755859375,-1283.0999755859375,-1266.0,-1204.0,-1153.75,-1130.699951171875,-1108.9000244140625,-1066.9599609375
4431,-1206.3399658203125,0.0,0.0,54.000244140625,-1206.3399658203125,-1204.0,65.36592102050781,-1327.280029296875,-1293.0999755859375,-1283.0999755859375,-1266.0,-1204.0,-1153.75,-1130.699951171875,-1108.9000244140625,-1066.9599609375
4438,-1206.719970703125,0.0,0.0,53.89215850830078,-1206.719970703125,-1204.0,65.43685150146484,-1327.280029296875,-1293.0999755859375,-1283.0999755859375,-1266.0,-1204.0,-1153.75,-1131.0,-1108.9000244140625,-1066.9599609375
4445,-1207.219970703125,0.0,0.0,53.80036926269531,-1207.219970703125,-1204.0,65.54640197753906,-1327.280029296875,-1293.0999755859375,-1283.0999755859375,-1266.25,-1204.0,-1154.75,-1131.0,-1108.9000244140625,-1066.9599609375
4452,-1207.4000244140625,0.0,0.0,53.69344711303711,-1207.4000244140625,-1204.5,65.5363998413086,-1329.239990234375,-1293.0999755859375,-1283.0999755859375,-1266.25,-1204.5,-1154.75,-1134.5999755859375,-1108.9000244140625,-1066.9599609375
4459,-1207.8599853515625,0.0,0.0,53.59321975708008,-1207.8599853515625,-1204.5,65.37155151367188,-1329.239990234375,-1295.5999755859375,-1283.0999755859375,-1266.25,-1204.5,-1154.75,-1134.5999755859375,-1108.9000244140625,-1066.9599609375
4466,-1207.97998046875,0.0,0.0,53.50695037841797,-1207.97998046875,-1204.5,65.29027557373047,-1329.239990234375,-1295.5999755859375,-1283.0999755859375,-1266.25,-1204.5,-1154.75,-1134.5999755859375,-1108.9000244140625,-1066.9599609375
4473,-1208.6199951171875,0.0,0.0,53.42367172241211,-1208.6199951171875,-1204.5,65.44245910644531,-1329.239990234375,-1295.5999755859375,-1283.0999755859375,-1267.75,-1204.5,-1154.75,-1134.5999755859375,-1108.9000244140625,-1066.9599609375
4480,-1208.679931640625,0.0,0.0,53.30910110473633,-1208.6800537109375,-1204.5,65.42780303955078,-1329.239990234375,-1295.5999755859375,-1283.0999755859375,-1267.75,-1204.5,-1154.75,-1134.5999755859375,-1108.9000244140625,-1066.9599609375
4487,-1208.93994140625,0.0,0.0,53.204315185546875,-1208.93994140625,-1204.5,65.53515625,-1329.239990234375,-1301.300048828125,-1284.0999755859375,-1267.75,-1204.5,-1154.75,-1134.5999755859375,-1108.9000244140625,-1072.8399658203125
4494,-1209.0599365234375,0.0,0.0,53.098602294921875,-1209.06005859375,-1204.5,65.4826431274414,-1333.1600341796875,-1301.300048828125,-1284.0999755859375,-1267.75,-1204.5,-1154.75,-1134.5999755859375,-1109.0,-1072.8399658203125
4501,-1209.280029296875,0.0,0.0,53.00082015991211,-1209.280029296875,-1204.5,65.17193603515625,-1333.1600341796875,-1301.300048828125,-1284.0999755859375,-1267.75,-1204.5,-1154.75,-1134.5999755859375,-1118.800048828125,-1072.8399658203125
4508,-1209.43994140625,0.0,0.0,52.89161682128906,-1209.43994140625,-1207.0,65.09428405761719,-1333.1600341796875,-1301.300048828125,-1284.0999755859375,-1267.75,-1207.0,-1154.75,-1134.5999755859375,-1120.699951171875,-1072.8399658203125
4515,-1209.7999267578125,0.0,0.0,52.792396545410156,-1209.800048828125,-1207.0,65.27495574951172,-1333.1600341796875,-1302.25,-1285.0999755859375,-1267.75,-1207.0,-1155.0,-1134.5999755859375,-1120.699951171875,-1072.9200439453125
4522,-1210.02001953125,0.0,0.0,52.679447174072266,-1210.02001953125,-1207.0,65.1519775390625,-1333.1600341796875,-1302.25,-1285.0999755859375,-1270.0,-1207.0,-1156.5,-1134.5999755859375,-1120.699951171875,-1072.9200439453125
4529,-1210.260009765625,0.0,0.0,52.59095764160156,-1210.260009765625,-1207.0,65.0251693725586,-1333.1600341796875,-1302.25,-1285.0999755859375,-1270.0,-1207.0,-1156.5,-1134.5999755859375,-1120.699951171875,-1072.9200439453125
4536,-1210.47998046875,0.0,0.0,52.48959732055664,-1210.47998046875,-1207.0,65.1456069946289,-1333.1600341796875,-1302.25,-1285.0999755859375,-1270.0,-1207.0,-1156.5,-1134.5999755859375,-1120.699951171875,-1074.9599609375
4543,-1210.5599365234375,0.0,0.0,52.362674713134766,-1210.56005859375,-1207.5,65.15878295898438,-1333.1600341796875,-1302.25,-1285.0999755859375,-1270.0,-1207.5,-1156.5,-1134.5999755859375,-1120.699951171875,-1074.9599609375
4550,-1211.199951171875,0.0,0.0,52.266517639160156,-1211.199951171875,-1207.5,64.78842163085938,-1333.1600341796875,-1302.25,-1286.4000244140625,-1270.0,-1207.5,-1158.0,-1135.0,-1120.9000244140625,-1084.760009765625
4557,-1211.5,0.0,0.0,52.179656982421875,-1211.5,-1209.0,64.67340850830078,-1333.1600341796875,-1302.25,-1286.4000244140625,-1270.0,-1209.0,-1158.0,-1136.800048828125,-1120.9000244140625,-1084.760009765625
4564,-1211.6199951171875,0.0,0.0,52.06791687011719,-1211.6199951171875,-1209.0,64.64453887939453,-1333.1600341796875,-1302.25,-1286.4000244140625,-1270.0,-1209.0,-1158.75,-1136.800048828125,-1120.9000244140625,-1084.760009765625
4571,-1212.0999755859375,0.0,0.0,51.98210906982422,-1212.0999755859375,-1209.0,64.63505554199219,-1333.1600341796875,-1302.25,-1287.300048828125,-1270.0,-1209.0,-1158.75,-1136.800048828125,-1124.699951171875,-1084.760009765625
4578,-1212.47998046875,0.0,0.0,51.907958984375,-1212.47998046875,-1209.0,64.84866333007812,-1333.1600341796875,-1302.25,-1290.199951171875,-1270.0,-1209.0,-1160.5,-1136.800048828125,-1124.699951171875,-1084.760009765625
4585,-1212.97998046875,0.0,0.0,51.83030319213867,-1212.97998046875,-1210.0,64.53820037841797,-1333.1600341796875,-1302.25,-1290.199951171875,-1270.0,-1210.0,-1160.75,-1137.0,-1124.699951171875,-1084.760009765625
4592,-1213.419921875,0.0,0.0,51.740760803222656,-1213.4200439453125,-1211.5,64.65232849121094,-1333.1600341796875,-1302.25,-1292.0999755859375,-1270.0,-1211.5,-1160.75,-1137.0,-1124.699951171875,-1084.760009765625
4599,-1213.659912109375,0.0,0.0,51.61387634277344,-1213.6600341796875,-1211.5,64.6571273803711,-1337.0799560546875,-1302.25,-1292.0999755859375,-1270.0,-1211.5,-1160.75,-1137.0,-1124.699951171875,-1084.760009765625
4606,-1213.8199462890625,0.0,0.0,51.50458908081055,-1213.8199462890625,-1213.5,64.6719970703125,-1337.1199951171875,-1302.25,-1292.0999755859375,-1270.0,-1213.5,-1160.75,-1137.0,-1124.699951171875,-1084.760009765625
4613,-1213.8599853515625,0.0,0.0,51.42770767211914,-1213.8599853515625,-1213.5,64.68260955810547,-1337.1199951171875,-1302.25,-1292.199951171875,-1270.0,-1213.5,-1160.75,-1137.0,-1124.699951171875,-1084.760009765625
4620,-1213.9599609375,0.0,0.0,51.3322639465332,-1213.9599609375,-1213.5,64.65584564208984,-1337.1199951171875,-1302.25,-1292.199951171875,-1270.25,-1213.5,-1160.75,-1137.0,-1124.699951171875,-1084.760009765625
4627,-1214.0799560546875,0.0,0.0,51.23731994628906,-1214.0799560546875,-1213.5,64.65673828125,-1337.1199951171875,-1302.25,-1292.199951171875,-1270.25,-1213.5,-1161.0,-1137.0,-1124.699951171875,-1084.760009765625
4634,-1214.5399169921875,0.0,0.0,51.141658782958984,-1214.5400390625,-1213.5,64.90090942382812,-1337.1199951171875,-1307.300048828125,-1292.199951171875,-1271.75,-1213.5,-1162.5,-1137.0,-1124.699951171875,-1084.760009765625
4641,-1214.93994140625,0.0,0.0,51.0849609375,-1214.93994140625,-1213.5,65.09697723388672,-1339.0799560546875,-1307.300048828125,-1292.199951171875,-1271.75,-1213.5,-1164.5,-1137.0,-1124.699951171875,-1084.760009765625
4648,-1215.1199951171875,0.0,0.0,50.98637008666992,-1215.1199951171875,-1213.5,65.21598815917969,-1339.0799560546875,-1307.300048828125,-1292.199951171875,-1271.75,-1213.5,-1164.5,-1137.0,-1124.699951171875,-1084.760009765625
4655,-1215.280029296875,0.0,0.0,50.89518356323242,-1215.280029296875,-1213.5,65.17623901367188,-1339.0799560546875,-1307.300048828125,-1292.199951171875,-1271.75,-1213.5,-1164.5,-1137.0,-1124.699951171875,-1084.760009765625
4662,-1215.52001953125,0.0,0.0,50.81161117553711,-1215.52001953125,-1218.0,65.11397552490234,-1339.0799560546875,-1307.300048828125,-1292.199951171875,-1271.75,-1218.0,-1164.5,-1137.0,-1124.699951171875,-1084.760009765625
4669,-1215.919921875,0.0,0.0,50.714481353759766,-1215.9200439453125,-1218.0,65.31625366210938,-1339.0799560546875,-1310.1500244140625,-1292.199951171875,-1271.75,-1218.0,-1164.5,-1137.0,-1124.699951171875,-1084.760009765625
4676,-1216.260009765625,0.0,0.0,50.62350082397461,-1216.260009765625,-1218.0,65.43693542480469,-1339.1199951171875,-1310.1500244140625,-1292.199951171875,-1271.75,-1218.0,-1164.5,-1137.0,-1124.699951171875,-1084.760009765625
4683,-1216.9000244140625,0.0,0.0,50.5142707824707,-1216.9000244140625,-1218.0,65.12519073486328,-1339.1199951171875,-1310.1500244140625,-1292.300048828125,-1271.75,-1218.0,-1166.5,-1137.0,-1124.699951171875,-1084.760009765625
4690,-1217.02001953125,0.0,0.0,50.43033981323242,-1217.02001953125,-1218.0,65.13907623291016,-1339.1199951171875,-1310.1500244140625,-1292.300048828125,-1271.75,-1218.0,-1166.5,-1137.0,-1124.699951171875,-1084.760009765625
4697,-1217.179931640625,0.0,0.0,50.31334686279297,-1217.1800537109375,-1218.0,65.10597229003906,-1339.1600341796875,-1310.1500244140625,-1292.300048828125,-1271.75,-1218.0,-1166.5,-1137.0,-1124.800048828125,-1084.760009765625
4704,-1217.239990234375,0.0,0.0,50.21919631958008,-1217.239990234375,-1218.0,65.12512969970703,-1339.1600341796875,-1310.1500244140625,-1295.0999755859375,-1271.75,-1218.0,-1166.5,-1137.0,-1126.699951171875,-1084.760009765625
4711,-1217.4599609375,0.0,0.0,50.122459411621094,-1217.4599609375,-1218.0,65.16323852539062,-1339.1600341796875,-1310.1500244140625,-1296.4000244140625,-1271.75,-1218.0,-1166.5,-1137.0,-1126.699951171875,-1084.760009765625
4718,-1217.699951171875,0.0,0.0,50.03439712524414,-1217.699951171875,-1218.0,65.31714630126953,-1339.1600341796875,-1310.1500244140625,-1296.4000244140625,-1274.5,-1218.0,-1167.0,-1137.0,-1126.699951171875,-1084.760009765625
4725,-1218.199951171875,0.0,0.0,49.925750732421875,-1218.199951171875,-1218.5,65.57880401611328,-1339.1600341796875,-1310.1500244140625,-1297.300048828125,-1274.5,-1218.5,-1167.0,-1137.0,-1126.699951171875,-1084.760009765625
4732,-1218.760009765625,0.0,0.0,49.81132888793945,-1218.760009765625,-1218.5,65.1113052368164,-1339.1600341796875,-1310.1500244140625,-1297.300048828125,-1274.5,-1218.5,-1167.0,-1137.0,-1126.699951171875,-1096.760009765625
4739,-1218.9000244140625,0.0,0.0,49.70045852661133,-1218.9000244140625,-1218.5,65.236572265625,-1339.1600341796875,-1310.1500244140625,-1297.300048828125,-1274.5,-1218.5,-1167.0,-1137.0,-1126.699951171875,-1096.760009765625
4746,-1218.97998046875,0.0,0.0,49.61665725708008,-1218.97998046875,-1218.5,65.29425811767578,-1339.1600341796875,-1310.1500244140625,-1297.300048828125,-1274.75,-1218.5,-1167.0,-1137.0,-1126.699951171875,-1096.760009765625
4753,-1219.3599853515625,0.0,0.0,49.50098419189453,-1219.3599853515625,-1218.5,65.11812591552734,-1339.1600341796875,-1310.1500244140625,-1297.300048828125,-1274.75,-1218.5,-1167.0,-1137.0,-1126.699951171875,-1096.800048828125
4760,-1219.4599609375,0.0,0.0,49.41865158081055,-1219.4599609375,-1218.5,65.15434265136719,-1339.1600341796875,-1310.1500244140625,-1297.300048828125,-1274.75,-1218.5,-1167.0,-1137.0,-1126.699951171875,-1096.800048828125
4767,-1219.5999755859375,0.0,0.0,49.30903625488281,-1219.5999755859375,-1218.5,65.1482925415039,-1339.1600341796875,-1310.1500244140625,-1297.300048828125,-1274.75,-1218.5,-1167.0,-1137.0,-1126.699951171875,-1096.800048828125
4774,-1219.93994140625,0.0,0.0,49.22084426879883,-1219.93994140625,-1218.5,65.01490020751953,-1339.1600341796875,-1310.1500244140625,-1297.300048828125,-1274.75,-1218.5,-1167.0,-1140.5999755859375,-1126.699951171875,-1096.800048828125
4781,-1219.97998046875,0.0,0.0,49.13930130004883,-1219.97998046875,-1218.5,65.06596374511719,-1339.1600341796875,-1310.1500244140625,-1297.300048828125,-1274.75,-1218.5,-1167.0,-1140.5999755859375,-1126.699951171875,-1096.800048828125
4788,-1220.239990234375,0.0,0.0,49.056278228759766,-1220.239990234375,-1218.5,65.0609130859375,-1339.1600341796875,-1310.1500244140625,-1300.0,-1274.75,-1218.5,-1167.0,-1140.800048828125,-1126.699951171875,-1096.800048828125
4795,-1220.5999755859375,0.0,0.0,48.96678924560547,-1220.5999755859375,-1218.5,64.66637420654297,-1339.1600341796875,-1310.1500244140625,-1300.0,-1274.75,-1218.5,-1167.0,-1140.800048828125,-1126.699951171875,-1097.0
4802,-1220.93994140625,0.0,0.0,48.88584518432617,-1220.93994140625,-1218.5,64.804443359375,-1339.199951171875,-1310.1500244140625,-1300.0,-1274.75,-1218.5,-1167.0,-1141.0,-1126.699951171875,-1097.0
4809,-1221.260009765625,0.0,0.0,48.792205810546875,-1221.260009765625,-1221.0,64.71037292480469,-1339.199951171875,-1310.1500244140625,-1300.0,-1275.25,-1221.0,-1167.0,-1141.0,-1126.9000244140625,-1097.0
4816,-1221.739990234375,0.0,0.0,48.683773040771484,-1221.739990234375,-1221.0,64.90294647216797,-1349.0,-1310.1500244140625,-1300.199951171875,-1275.25,-1221.0,-1167.0,-1144.5999755859375,-1126.9000244140625,-1097.0
4823,-1222.0599365234375,0.0,0.0,48.60092544555664,-1222.06005859375,-1221.0,64.75474548339844,-1349.0,-1310.1500244140625,-1300.199951171875,-1279.25,-1221.0,-1167.0,-1144.5999755859375,-1126.9000244140625,-1110.719970703125
4830,-1222.260009765625,0.0,0.0,48.52858352661133,-1222.260009765625,-1221.0,64.84745788574219,-1349.0,-1313.1500244140625,-1300.199951171875,-1279.25,-1221.0,-1167.0,-1144.5999755859375,-1126.9000244140625,-1110.719970703125
4837,-1222.699951171875,0.0,0.0,48.43613052368164,-1222.699951171875,-1222.0,64.88951873779297,-1349.0,-1313.1500244140625,-1302.0999755859375,-1279.25,-1222.0,-1168.5,-1144.5999755859375,-1127.0,-1110.719970703125
4844,-1223.239990234375,0.0,0.0,48.33515548706055,-1223.239990234375,-1222.0,64.60063934326172,-1349.0799560546875,-1313.1500244140625,-1302.0999755859375,-1279.25,-1222.0,-1168.5,-1144.5999755859375,-1127.0,-1112.9599609375
4851,-1223.2999267578125,0.0,0.0,48.27532958984375,-1223.300048828125,-1222.0,64.62174224853516,-1349.0799560546875,-1313.1500244140625,-1302.0999755859375,-1279.25,-1222.0,-1168.5,-1144.5999755859375,-1127.0,-1112.9599609375
4858,-1223.5399169921875,0.0,0.0,48.19392395019531,-1223.5400390625,-1222.0,64.60780334472656,-1349.0799560546875,-1315.050048828125,-1302.0999755859375,-1279.25,-1222.0,-1169.0,-1144.5999755859375,-1127.0,-1112.9599609375
4865,-1223.699951171875,0.0,0.0,48.10397720336914,-1223.699951171875,-1222.0,64.61648559570312,-1349.0799560546875,-1316.050048828125,-1302.0999755859375,-1279.25,-1222.0,-1169.0,-1144.5999755859375,-1127.0,-1112.9599609375
4872,-1223.919921875,0.0,0.0,48.03395462036133,-1223.9200439453125,-1224.0,64.4603271484375,-1349.0799560546875,-1316.050048828125,-1302.0999755859375,-1279.25,-1224.0,-1169.0,-1146.800048828125,-1127.0,-1112.9599609375
4879,-1224.0799560546875,0.0,0.0,47.94590759277344,-1224.0799560546875,-1224.0,64.64993286132812,-1353.0,-1316.050048828125,-1302.0999755859375,-1280.0,-1224.0,-1169.0,-1146.800048828125,-1127.0,-1112.9599609375
4886,-1224.4000244140625,0.0,0.0,47.86465072631836,-1224.4000244140625,-1224.0,64.66513061523438,-1353.0,-1316.050048828125,-1302.0999755859375,-1283.0,-1224.0,-1169.0,-1146.800048828125,-1127.0,-1112.9599609375
4893,-1224.5,0.0,0.0,47.76577377319336,-1224.5,-1224.0,64.73368835449219,-1353.0,-1316.050048828125,-1303.0999755859375,-1283.0,-1224.0,-1169.0,-1146.800048828125,-1127.0,-1112.9599609375
4900,-1224.5,0.0,0.0,47.689842224121094,-1224.5,-1224.0,64.73368835449219,-1353.0,-1316.050048828125,-1303.0999755859375,-1283.0,-1224.0,-1169.0,-1146.800048828125,-1127.0,-1112.9599609375
4907,-1224.9000244140625,0.0,0.0,47.6033821105957,-1224.9000244140625,-1224.0,64.34135437011719,-1353.0,-1316.050048828125,-1303.0999755859375,-1283.0,-1224.0,-1169.0,-1147.0,-1127.0,-1112.9599609375
4914,-1225.219970703125,0.0,0.0,47.5148811340332,-1225.219970703125,-1224.0,64.0918960571289,-1353.0,-1316.050048828125,-1303.0999755859375,-1283.0,-1224.0,-1169.0,-1148.800048828125,-1127.0,-1115.0
4921,-1225.5599365234375,0.0,0.0,47.43980407714844,-1225.56005859375,-1224.0,64.06173706054688,-1353.0,-1316.050048828125,-1303.0999755859375,-1283.0,-1224.0,-1169.75,-1148.800048828125,-1127.0,-1115.0
4928,-1225.8199462890625,0.0,0.0,47.34637451171875,-1225.8199462890625,-1224.0,64.17466735839844,-1353.1199951171875,-1316.050048828125,-1303.0999755859375,-1283.0,-1224.0,-1169.75,-1148.800048828125,-1127.0,-1115.0
4935,-1226.1400146484375,0.0,0.0,47.26300811767578,-1226.1400146484375,-1225.5,64.33381652832031,-1353.1199951171875,-1316.050048828125,-1303.0999755859375,-1283.0,-1225.5,-1169.75,-1148.800048828125,-1127.0,-1115.0
4942,-1226.2999267578125,0.0,0.0,47.18117904663086,-1226.300048828125,-1225.5,64.26608276367188,-1353.1199951171875,-1316.050048828125,-1303.0999755859375,-1283.0,-1225.5,-1169.75,-1148.800048828125,-1127.0,-1115.0
4949,-1226.5,0.0,0.0,47.077449798583984,-1226.5,-1225.5,64.19322204589844,-1353.1199951171875,-1316.050048828125,-1303.0999755859375,-1283.0,-1225.5,-1170.75,-1148.800048828125,-1127.0,-1115.0
4956,-1226.8199462890625,0.0,0.0,46.98750686645508,-1226.8199462890625,-1225.5,64.30728912353516,-1353.1199951171875,-1316.050048828125,-1305.199951171875,-1283.0,-1225.5,-1171.75,-1148.800048828125,-1127.0,-1115.0
4963,-1227.02001953125,0.0,0.0,46.88850784301758,-1227.02001953125,-1225.5,64.40542602539062,-1353.1199951171875,-1316.050048828125,-1306.0999755859375,-1283.0,-1225.5,-1171.75,-1148.800048828125,-1127.0,-1116.9599609375
4970,-1227.239990234375,0.0,0.0,46.80470657348633,-1227.239990234375,-1225.5,64.50273132324219,-1353.1199951171875,-1316.050048828125,-1306.0999755859375,-1283.0,-1225.5,-1174.25,-1148.800048828125,-1127.0,-1116.9599609375
4977,-1227.5,0.0,0.0,46.722171783447266,-1227.5,-1225.5,64.51612091064453,-1353.1199951171875,-1316.050048828125,-1306.0999755859375,-1283.0,-1225.5,-1174.25,-1148.800048828125,-1127.0,-1116.9599609375
4984,-1227.7999267578125,0.0,0.0,46.63412094116211,-1227.800048828125,-1225.5,64.59303283691406,-1353.1600341796875,-1316.050048828125,-1307.0999755859375,-1283.0,-1225.5,-1174.25,-1148.800048828125,-1127.0,-1116.9599609375
4991,-1227.8800048828125,0.0,0.0,46.55724334716797,-1227.8800048828125,-1226.5,64.58208465576172,-1353.1600341796875,-1316.050048828125,-1308.0999755859375,-1283.0,-1226.5,-1174.25,-1148.800048828125,-1127.0,-1116.9599609375
4998,-1228.1400146484375,0.0,0.0,46.464500427246094,-1228.1400146484375,-1226.5,64.6813735961914,-1353.1600341796875,-1316.050048828125,-1308.0999755859375,-1283.25,-1226.5,-1175.0,-1148.800048828125,-1127.0,-1116.9599609375
5005,-1228.179931640625,0.0,0.0,46.381385803222656,-1228.1800537109375,-1226.5,64.63426208496094,-1353.1600341796875,-1316.050048828125,-1308.0999755859375,-1283.25,-1226.5,-1175.0,-1148.800048828125,-1128.9000244140625,-1116.9599609375
5012,-1228.3800048828125,0.0,0.0,46.29945373535156,-1228.3800048828125,-1226.5,64.66494750976562,-1353.1600341796875,-1316.050048828125,-1308.0999755859375,-1284.25,-1226.5,-1175.0,-1148.800048828125,-1130.800048828125,-1116.9599609375
5019,-1228.43994140625,0.0,0.0,46.19574737548828,-1228.43994140625,-1226.5,64.68744659423828,-1353.1600341796875,-1316.050048828125,-1308.0999755859375,-1284.25,-1226.5,-1175.0,-1148.800048828125,-1130.800048828125,-1116.9599609375
5026,-1228.719970703125,0.0,0.0,46.11374282836914,-1228.719970703125,-1226.5,64.63699340820312,-1353.1600341796875,-1316.050048828125,-1308.0999755859375,-1284.25,-1226.5,-1175.0,-1148.800048828125,-1130.800048828125,-1116.9599609375
5033,-1229.219970703125,0.0,0.0,46.03464889526367,-1229.219970703125,-1226.5,64.44603729248047,-1353.1600341796875,-1316.050048828125,-1308.0999755859375,-1285.0,-1226.5,-1176.5,-1148.800048828125,-1130.800048828125,-1116.9599609375
5040,-1229.5399169921875,0.0,0.0,45.930545806884766,-1229.5400390625,-1226.5,64.68081665039062,-1357.0799560546875,-1316.050048828125,-1308.0999755859375,-1285.0,-1226.5,-1176.5,-1148.800048828125,-1130.800048828125,-1116.9599609375
5047,-1229.8199462890625,0.0,0.0,45.83460998535156,-1229.8199462890625,-1226.5,64.79589080810547,-1357.1199951171875,-1316.050048828125,-1308.0999755859375,-1285.0,-1226.5,-1178.5,-1148.800048828125,-1130.800048828125,-1116.9599609375
5054,-1229.97998046875,0.0,0.0,45.741943359375,-1229.97998046875,-1226.5,64.8072509765625,-1357.1199951171875,-1316.050048828125,-1308.0999755859375,-1288.5,-1226.5,-1178.5,-1148.800048828125,-1130.800048828125,-1116.9599609375
5061,-1230.3599853515625,0.0,0.0,45.64851379394531,-1230.3599853515625,-1227.5,64.85623168945312,-1357.1199951171875,-1316.050048828125,-1308.0999755859375,-1288.5,-1227.5,-1178.5,-1150.800048828125,-1130.800048828125,-1116.9599609375
5068,-1230.47998046875,0.0,0.0,45.55158996582031,-1230.47998046875,-1227.5,64.93928527832031,-1357.1199951171875,-1316.050048828125,-1308.0999755859375,-1288.5,-1227.5,-1178.5,-1150.800048828125,-1130.800048828125,-1116.9599609375
5075,-1230.719970703125,0.0,0.0,45.453651428222656,-1230.719970703125,-1228.5,65.09701538085938,-1357.1199951171875,-1316.050048828125,-1309.0,-1288.5,-1228.5,-1178.5,-1150.800048828125,-1130.800048828125,-1116.9599609375
5082,-1230.8599853515625,0.0,0.0,45.36609649658203,-1230.8599853515625,-1228.5,64.98369598388672,-1357.1199951171875,-1316.050048828125,-1309.0,-1288.5,-1228.5,-1178.5,-1150.800048828125,-1130.800048828125,-1116.9599609375
5089,-1231.0399169921875,0.0,0.0,45.25807571411133,-1231.0400390625,-1228.5,65.0238265991211,-1357.1199951171875,-1317.449951171875,-1309.0,-1288.5,-1228.5,-1178.5,-1154.5999755859375,-1130.800048828125,-1116.9599609375
5096,-1231.199951171875,0.0,0.0,45.17562484741211,-1231.199951171875,-1228.5,65.12925720214844,-1357.1199951171875,-1317.449951171875,-1309.0,-1288.5,-1228.5,-1178.5,-1154.5999755859375,-1130.800048828125,-1116.9599609375
5103,-1231.5799560546875,0.0,0.0,45.1057014465332,-1231.5799560546875,-1228.5,64.86018371582031,-1357.1600341796875,-1317.449951171875,-1309.0,-1288.5,-1228.5,-1178.5,-1155.0,-1130.800048828125,-1122.8399658203125
5110,-1231.780029296875,0.0,0.0,45.026771545410156,-1231.780029296875,-1228.5,64.74296569824219,-1357.1600341796875,-1317.449951171875,-1309.0,-1288.5,-1228.5,-1179.0,-1155.0,-1130.800048828125,-1122.8399658203125
5117,-1231.9000244140625,0.0,0.0,44.94712448120117,-1231.9000244140625,-1228.5,64.76364135742188,-1357.1600341796875,-1317.449951171875,-1309.0,-1288.5,-1228.5,-1179.0,-1155.0,-1130.800048828125,-1122.8399658203125
5124,-1232.1199951171875,0.0,0.0,44.88134765625,-1232.1199951171875,-1228.5,64.98896026611328,-1357.1600341796875,-1323.1500244140625,-1309.0999755859375,-1288.5,-1228.5,-1179.0,-1156.800048828125,-1130.800048828125,-1122.8399658203125
5131,-1232.159912109375,0.0,0.0,44.80885696411133,-1232.1600341796875,-1228.5,64.9507064819336,-1357.1600341796875,-1323.1500244140625,-1309.0999755859375,-1288.5,-1228.5,-1179.0,-1156.800048828125,-1130.800048828125,-1122.8399658203125
5138,-1232.3399658203125,0.0,0.0,44.73056411743164,-1232.3399658203125,-1229.0,65.04785919189453,-1357.1600341796875,-1323.1500244140625,-1310.4000244140625,-1288.5,-1229.0,-1179.0,-1156.800048828125,-1130.800048828125,-1122.8399658203125
5145,-1232.5799560546875,0.0,0.0,44.62871170043945,-1232.5799560546875,-1229.0,65.02002716064453,-1357.1600341796875,-1323.1500244140625,-1311.300048828125,-1288.5,-1229.0,-1179.0,-1156.800048828125,-1130.800048828125,-1122.8399658203125
5152,-1233.159912109375,0.0,0.0,44.54533767700195,-1233.1600341796875,-1229.0,64.997802734375,-1365.0400390625,-1323.1500244140625,-1311.300048828125,-1288.5,-1229.0,-1180.5,-1156.800048828125,-1140.5,-1122.8399658203125
5159,-1233.260009765625,0.0,0.0,44.472068786621094,-1233.260009765625,-1229.0,64.9365234375,-1365.0400390625,-1323.1500244140625,-1311.300048828125,-1288.5,-1229.0,-1180.5,-1156.800048828125,-1140.5,-1124.800048828125
5166,-1233.2999267578125,0.0,0.0,44.37172317504883,-1233.300048828125,-1229.0,64.94744110107422,-1365.0400390625,-1323.1500244140625,-1311.300048828125,-1288.5,-1229.0,-1180.5,-1156.800048828125,-1140.5,-1124.800048828125
5173,-1233.5,0.0,0.0,44.300209045410156,-1233.5,-1229.0,65.13900756835938,-1367.1199951171875,-1323.1500244140625,-1311.300048828125,-1288.5,-1229.0,-1180.5,-1156.800048828125,-1140.5,-1124.800048828125
5180,-1233.659912109375,0.0,0.0,44.227806091308594,-1233.6600341796875,-1229.0,65.1394271850586,-1367.1199951171875,-1323.1500244140625,-1313.0999755859375,-1288.5,-1229.0,-1180.5,-1156.800048828125,-1140.5,-1124.800048828125
5187,-1233.9000244140625,0.0,0.0,44.14751434326172,-1233.9000244140625,-1229.0,65.17153930664062,-1367.1199951171875,-1323.1500244140625,-1313.0999755859375,-1288.5,-1229.0,-1180.5,-1156.800048828125,-1140.5,-1124.800048828125
5194,-1234.0,0.0,0.0,44.063148498535156,-1234.0,-1229.0,65.19923400878906,-1367.1199951171875,-1323.1500244140625,-1313.0999755859375,-1288.5,-1229.0,-1182.5,-1156.800048828125,-1140.5,-1124.800048828125
5201,-1234.179931640625,0.0,0.0,43.983768463134766,-1234.1800537109375,-1229.0,65.24620819091797,-1367.1199951171875,-1323.1500244140625,-1314.0999755859375,-1288.5,-1229.0,-1182.5,-1156.800048828125,-1140.5,-1124.800048828125
5208,-1234.419921875,0.0,0.0,43.89433670043945,-1234.4200439453125,-1232.0,65.16290283203125,-1367.1199951171875,-1323.1500244140625,-1314.0999755859375,-1288.5,-1232.0,-1182.5,-1156.800048828125,-1140.5,-1124.800048828125
5215,-1234.47998046875,0.0,0.0,43.81800842285156,-1234.47998046875,-1232.0,65.0979995727539,-1367.1199951171875,-1323.1500244140625,-1314.0999755859375,-1288.5,-1232.0,-1182.5,-1156.800048828125,-1140.5,-1124.800048828125
5222,-1234.6199951171875,0.0,0.0,43.74568176269531,-1234.6199951171875,-1232.0,65.03472137451172,-1367.1199951171875,-1323.1500244140625,-1314.0999755859375,-1288.5,-1232.0,-1182.5,-1159.0,-1140.5,-1124.800048828125
5229,-1235.0999755859375,0.0,0.0,43.66359329223633,-1235.0999755859375,-1234.0,64.94744110107422,-1367.1199951171875,-1326.1500244140625,-1314.0999755859375,-1288.5,-1234.0,-1182.5,-1159.0,-1140.5,-1124.800048828125
5236,-1235.280029296875,0.0,0.0,43.58274459838867,-1235.280029296875,-1234.0,64.8486099243164,-1367.1199951171875,-1326.1500244140625,-1314.0999755859375,-1288.5,-1234.0,-1182.5,-1159.0,-1140.5,-1124.800048828125
5243,-1235.3599853515625,0.0,0.0,43.50607681274414,-1235.3599853515625,-1234.0,64.92156982421875,-1367.1199951171875,-1326.1500244140625,-1314.0999755859375,-1288.5,-1234.0,-1182.5,-1159.0,-1140.5,-1124.8399658203125
5250,-1235.4000244140625,0.0,0.0,43.43059539794922,-1235.4000244140625,-1234.0,64.90715789794922,-1367.1199951171875,-1326.1500244140625,-1314.0999755859375,-1288.5,-1234.0,-1182.5,-1159.0,-1140.5,-1124.8399658203125
5257,-1235.4000244140625,0.0,0.0,43.341800689697266,-1235.4000244140625,-1234.0,64.90715789794922,-1367.1199951171875,-1326.1500244140625,-1314.0999755859375,-1288.5,-1234.0,-1182.5,-1159.0,-1140.5,-1124.8399658203125
5264,-1235.4599609375,0.0,0.0,43.25524139404297,-1235.4599609375,-1234.0,64.96035766601562,-1367.1199951171875,-1326.1500244140625,-1314.0999755859375,-1288.5,-1234.0,-1182.5,-1159.0,-1140.5,-1124.8399658203125
5271,-1235.5999755859375,0.0,0.0,43.17518997192383,-1235.5999755859375,-1234.0,65.0004653930664,-1367.1199951171875,-1326.1500244140625,-1315.0999755859375,-1288.5,-1234.0,-1182.5,-1159.0,-1140.5,-1124.8399658203125
5278,-1235.780029296875,0.0,0.0,43.08841323852539,-1235.780029296875,-1234.0,64.97054290771484,-1367.1199951171875,-1326.1500244140625,-1315.0999755859375,-1288.5,-1234.0,-1182.5,-1159.0,-1140.5,-1124.8399658203125
5285,-1235.8599853515625,0.0,0.0,43.030643463134766,-1235.8599853515625,-1234.0,64.94983673095703,-1367.1199951171875,-1326.1500244140625,-1315.0999755859375,-1288.5,-1234.0,-1182.5,-1159.0,-1140.5,-1124.8399658203125
5292,-1236.0999755859375,0.0,0.0,42.96237564086914,-1236.0999755859375,-1234.0,64.7713623046875,-1367.1199951171875,-1326.1500244140625,-1315.0999755859375,-1288.5,-1234.0,-1183.75,-1159.0,-1140.5,-1124.8399658203125
5299,-1236.179931640625,0.0,0.0,42.876678466796875,-1236.1800537109375,-1234.0,64.75080871582031,-1367.1199951171875,-1326.1500244140625,-1315.0999755859375,-1288.5,-1234.0,-1183.75,-1159.0,-1140.5,-1124.8399658203125
5306,-1236.3399658203125,0.0,0.0,42.783748626708984,-1236.3399658203125,-1234.0,64.70196533203125,-1367.1199951171875,-1326.1500244140625,-1315.0999755859375,-1289.25,-1234.0,-1183.75,-1159.0,-1140.5,-1124.8399658203125
5313,-1236.6199951171875,0.0,0.0,42.711116790771484,-1236.6199951171875,-1235.0,64.74160766601562,-1367.1199951171875,-1326.1500244140625,-1315.0999755859375,-1289.25,-1235.0,-1183.75,-1159.0,-1140.5,-1124.8399658203125
5320,-1236.679931640625,0.0,0.0,42.63762664794922,-1236.6800537109375,-1235.0,64.8021469116211,-1367.1199951171875,-1326.1500244140625,-1315.0999755859375,-1289.25,-1235.0,-1183.75,-1159.0,-1140.5,-1124.8399658203125
5327,-1236.9599609375,0.0,0.0,42.55344772338867,-1236.9599609375,-1235.0,64.98906707763672,-1367.1199951171875,-1326.1500244140625,-1316.0999755859375,-1289.25,-1235.0,-1183.75,-1159.0,-1140.5,-1124.8399658203125
5334,-1237.3599853515625,0.0,0.0,42.46184539794922,-1237.3599853515625,-1235.0,64.69876861572266,-1369.0799560546875,-1326.1500244140625,-1316.0999755859375,-1289.25,-1235.0,-1183.75,-1160.800048828125,-1140.800048828125,-1124.8399658203125
5341,-1237.43994140625,0.0,0.0,42.38324737548828,-1237.43994140625,-1235.0,64.77613067626953,-1369.0799560546875,-1326.1500244140625,-1316.0999755859375,-1289.25,-1235.0,-1183.75,-1160.800048828125,-1140.800048828125,-1124.8399658203125
5348,-1237.47998046875,0.0,0.0,42.31982421875,-1237.47998046875,-1235.0,64.82337188720703,-1369.0799560546875,-1326.1500244140625,-1316.0999755859375,-1289.25,-1235.0,-1183.75,-1160.800048828125,-1140.800048828125,-1124.8399658203125
5355,-1237.679931640625,0.0,0.0,42.23917770385742,-1237.6800537109375,-1235.0,64.91407775878906,-1369.0799560546875,-1327.0999755859375,-1317.0999755859375,-1289.25,-1235.0,-1183.75,-1160.800048828125,-1140.800048828125,-1124.8399658203125
5362,-1238.179931640625,0.0,0.0,42.14487075805664,-1238.1800537109375,-1235.0,65.07524871826172,-1369.1600341796875,-1327.0999755859375,-1318.0999755859375,-1289.25,-1235.0,-1186.25,-1160.800048828125,-1140.800048828125,-1124.8399658203125
5369,-1238.3599853515625,0.0,0.0,42.07089614868164,-1238.3599853515625,-1235.0,65.04867553710938,-1369.1600341796875,-1327.0999755859375,-1318.0999755859375,-1291.0,-1235.0,-1186.25,-1160.800048828125,-1140.800048828125,-1124.8399658203125
5376,-1238.52001953125,0.0,0.0,41.98435974121094,-1238.52001953125,-1235.0,65.22322845458984,-1377.0,-1327.0999755859375,-1318.0999755859375,-1291.0,-1235.0,-1186.25,-1160.800048828125,-1140.800048828125,-1124.8399658203125
5383,-1238.739990234375,0.0,0.0,41.91976547241211,-1238.739990234375,-1235.0,65.07866668701172,-1377.0,-1327.0999755859375,-1318.0999755859375,-1291.75,-1235.0,-1186.25,-1161.0,-1140.800048828125,-1130.719970703125
5390,-1238.8399658203125,0.0,0.0,41.828330993652344,-1238.8399658203125,-1235.0,65.12138366699219,-1377.0,-1327.0999755859375,-1318.0999755859375,-1292.25,-1235.0,-1186.25,-1161.0,-1140.800048828125,-1130.719970703125
5397,-1239.239990234375,0.0,0.0,41.739402770996094,-1239.239990234375,-1235.5,65.30331420898438,-1377.0,-1327.0999755859375,-1319.0999755859375,-1294.5,-1235.5,-1186.25,-1161.0,-1140.800048828125,-1130.719970703125
5404,-1239.3199462890625,0.0,0.0,41.67937469482422,-1239.3199462890625,-1235.5,65.3115463256836,-1377.0,-1327.0999755859375,-1319.0999755859375,-1294.5,-1235.5,-1186.25,-1161.0,-1140.800048828125,-1130.719970703125
5411,-1239.5,0.0,0.0,41.5950927734375,-1239.5,-1235.5,65.16693878173828,-1377.0,-1327.0999755859375,-1319.0999755859375,-1294.5,-1235.5,-1189.25,-1161.0,-1140.800048828125,-1132.6800537109375
5418,-1239.9599609375,0.0,0.0,41.506507873535156,-1239.9599609375,-1235.5,64.94750213623047,-1377.0,-1327.0999755859375,-1319.0999755859375,-1294.5,-1235.5,-1190.0,-1161.0,-1140.800048828125,-1132.6800537109375
5425,-1240.0399169921875,0.0,0.0,41.43232345581055,-1240.0400390625,-1235.5,65.03490447998047,-1377.0,-1327.0999755859375,-1319.0999755859375,-1294.5,-1235.5,-1190.0,-1161.0,-1140.800048828125,-1132.6800537109375
5432,-1240.4000244140625,0.0,0.0,41.36939239501953,-1240.4000244140625,-1235.5,64.84088134765625,-1377.0,-1327.0999755859375,-1319.0999755859375,-1294.5,-1235.5,-1190.0,-1161.0,-1140.800048828125,-1132.6800537109375
5439,-1240.5999755859375,0.0,0.0,41.28616714477539,-1240.5999755859375,-1235.5,64.81712341308594,-1377.0,-1327.0999755859375,-1319.0999755859375,-1295.25,-1235.5,-1190.0,-1161.0,-1140.9000244140625,-1134.6400146484375
5446,-1240.679931640625,0.0,0.0,41.20882797241211,-1240.6800537109375,-1236.5,64.84965515136719,-1377.0,-1327.0999755859375,-1319.0999755859375,-1295.25,-1236.5,-1190.0,-1161.0,-1140.9000244140625,-1134.6400146484375
5453,-1240.679931640625,0.0,0.0,41.127891540527344,-1240.6800537109375,-1236.5,64.84965515136719,-1377.0,-1327.0999755859375,-1319.0999755859375,-1295.25,-1236.5,-1190.0,-1161.0,-1140.9000244140625,-1134.6400146484375
5460,-1240.7999267578125,0.0,0.0,41.04655838012695,-1240.800048828125,-1236.5,64.75785827636719,-1377.0,-1327.0999755859375,-1319.0999755859375,-1295.25,-1236.5,-1190.0,-1163.699951171875,-1140.9000244140625,-1134.6400146484375
5467,-1240.9000244140625,0.0,0.0,40.97575759887695,-1240.9000244140625,-1237.0,64.71297454833984,-1377.0,-1327.0999755859375,-1319.0999755859375,-1295.25,-1237.0,-1190.0,-1163.699951171875,-1140.9000244140625,-1134.6400146484375
5474,-1240.97998046875,0.0,0.0,40.893611907958984,-1240.97998046875,-1237.0,64.73808288574219,-1377.0,-1327.0999755859375,-1319.0999755859375,-1295.25,-1237.0,-1190.0,-1163.699951171875,-1140.9000244140625,-1134.6400146484375
5481,-1241.0799560546875,0.0,0.0,40.82004928588867,-1241.0799560546875,-1237.0,64.67158508300781,-1377.0,-1327.0999755859375,-1319.0999755859375,-1295.25,-1237.0,-1190.0,-1163.699951171875,-1140.9000244140625,-1134.6400146484375
5488,-1241.1199951171875,0.0,0.0,40.74442672729492,-1241.1199951171875,-1237.0,64.66687774658203,-1377.0,-1327.0999755859375,-1319.0999755859375,-1295.25,-1237.0,-1190.0,-1163.699951171875,-1140.9000244140625,-1134.6400146484375
5495,-1241.1199951171875,0.0,0.0,40.67130661010742,-1241.1199951171875,-1237.0,64.66687774658203,-1377.0,-1327.0999755859375,-1319.0999755859375,-1295.25,-1237.0,-1190.0,-1163.699951171875,-1140.9000244140625,-1134.6400146484375
5502,-1241.3199462890625,0.0,0.0,40.59480285644531,-1241.3199462890625,-1237.0,64.73420715332031,-1377.0,-1327.0999755859375,-1319.0999755859375,-1295.25,-1237.0,-1190.0,-1163.699951171875,-1142.800048828125,-1134.6400146484375
5509,-1241.3199462890625,0.0,0.0,40.53883361816406,-1241.3199462890625,-1237.0,64.73420715332031,-1377.0,-1327.0999755859375,-1319.0999755859375,-1295.25,-1237.0,-1190.0,-1163.699951171875,-1142.800048828125,-1134.6400146484375
5516,-1241.679931640625,0.0,0.0,40.47830581665039,-1241.6800537109375,-1237.0,64.86229705810547,-1377.0,-1328.050048828125,-1320.0999755859375,-1295.25,-1237.0,-1190.0,-1163.9000244140625,-1142.800048828125,-1134.6400146484375
5523,-1241.919921875,0.0,0.0,40.40364074707031,-1241.9200439453125,-1237.0,64.88615417480469,-1377.0,-1328.050048828125,-1320.0999755859375,-1295.25,-1237.0,-1190.0,-1163.9000244140625,-1142.800048828125,-1134.6400146484375
5530,-1242.0799560546875,0.0,0.0,40.341033935546875,-1242.0799560546875,-1237.0,64.99148559570312,-1377.0,-1329.449951171875,-1320.0999755859375,-1296.0,-1237.0,-1190.0,-1163.9000244140625,-1142.800048828125,-1134.6400146484375
5537,-1242.219970703125,0.0,0.0,40.27594757080078,-1242.219970703125,-1237.0,65.0631332397461,-1377.0,-1329.449951171875,-1321.199951171875,-1296.0,-1237.0,-1190.0,-1163.9000244140625,-1142.800048828125,-1134.6400146484375
5544,-1242.3599853515625,0.0,0.0,40.19282531738281,-1242.3599853515625,-1237.0,65.20252990722656,-1377.0,-1331.3499755859375,-1322.0999755859375,-1296.0,-1237.0,-1190.0,-1163.9000244140625,-1142.800048828125,-1134.6400146484375
5551,-1242.419921875,0.0,0.0,40.13624954223633,-1242.4200439453125,-1237.0,65.1929702758789,-1377.0,-1331.3499755859375,-1322.0999755859375,-1296.0,-1237.0,-1190.0,-1163.9000244140625,-1142.800048828125,-1134.6400146484375
5558,-1242.52001953125,0.0,0.0,40.07705307006836,-1242.52001953125,-1238.0,65.24652862548828,-1377.0,-1331.3499755859375,-1322.0999755859375,-1296.75,-1238.0,-1190.0,-1163.9000244140625,-1142.800048828125,-1134.6400146484375
5565,-1242.739990234375,0.0,0.0,40.013118743896484,-1242.739990234375,-1238.5,65.38923645019531,-1377.0,-1331.3499755859375,-1323.0999755859375,-1296.75,-1238.5,-1190.0,-1163.9000244140625,-1142.800048828125,-1134.6400146484375
5572,-1243.0599365234375,0.0,0.0,39.93837356567383,-1243.06005859375,-1238.5,65.40287780761719,-1377.0,-1331.3499755859375,-1324.0999755859375,-1298.25,-1238.5,-1190.5,-1163.9000244140625,-1142.800048828125,-1134.6400146484375
5579,-1243.2999267578125,0.0,0.0,39.86655044555664,-1243.300048828125,-1238.5,65.3208236694336,-1377.0,-1331.3499755859375,-1324.0999755859375,-1299.0,-1238.5,-1190.5,-1164.800048828125,-1142.800048828125,-1134.6400146484375
5586,-1243.47998046875,0.0,0.0,39.790550231933594,-1243.47998046875,-1238.5,65.42315673828125,-1377.0400390625,-1335.1500244140625,-1324.0999755859375,-1302.0,-1238.5,-1190.5,-1164.800048828125,-1142.800048828125,-1134.6400146484375
5593,-1243.6199951171875,0.0,0.0,39.72817611694336,-1243.6199951171875,-1240.0,65.37825012207031,-1377.0400390625,-1335.1500244140625,-1324.0999755859375,-1302.0,-1240.0,-1190.5,-1164.800048828125,-1148.5,-1134.6400146484375
5600,-1243.8399658203125,0.0,0.0,39.660701751708984,-1243.8399658203125,-1240.0,65.69379425048828,-1379.0400390625,-1335.1500244140625,-1324.0999755859375,-1302.25,-1240.0,-1190.5,-1164.800048828125,-1148.5,-1134.6400146484375
5607,-1243.9599609375,0.0,0.0,39.599609375,-1243.9599609375,-1240.0,65.86090087890625,-1379.1600341796875,-1335.1500244140625,-1324.0999755859375,-1302.25,-1240.0,-1190.5,-1164.800048828125,-1148.5,-1134.6400146484375
5614,-1244.02001953125,0.0,0.0,39.5172004699707,-1244.02001953125,-1240.0,65.83053588867188,-1379.1600341796875,-1335.1500244140625,-1324.0999755859375,-1302.25,-1240.0,-1190.5,-1164.800048828125,-1148.5,-1134.6400146484375
5621,-1244.2999267578125,0.0,0.0,39.451236724853516,-1244.300048828125,-1241.5,65.82682037353516,-1379.1600341796875,-1335.1500244140625,-1324.0999755859375,-1302.25,-1241.5,-1190.5,-1164.800048828125,-1148.5,-1134.6400146484375
5628,-1244.4000244140625,0.0,0.0,39.380008697509766,-1244.4000244140625,-1241.5,65.75271606445312,-1379.1600341796875,-1335.1500244140625,-1324.0999755859375,-1302.25,-1241.5,-1190.5,-1164.800048828125,-1148.5,-1134.6400146484375
5635,-1244.5399169921875,0.0,0.0,39.317012786865234,-1244.5400390625,-1241.5,65.84746551513672,-1379.1600341796875,-1335.1500244140625,-1324.0999755859375,-1302.25,-1241.5,-1190.5,-1164.800048828125,-1148.5,-1134.6400146484375
5642,-1244.739990234375,0.0,0.0,39.25840377807617,-1244.739990234375,-1242.5,65.66332244873047,-1379.1600341796875,-1335.1500244140625,-1324.0999755859375,-1302.25,-1242.5,-1190.5,-1166.800048828125,-1148.5,-1134.6400146484375
5649,-1244.8800048828125,0.0,0.0,39.18301010131836,-1244.8800048828125,-1242.5,65.61436462402344,-1379.1600341796875,-1335.1500244140625,-1324.0999755859375,-1302.25,-1242.5,-1190.5,-1166.800048828125,-1148.800048828125,-1134.6400146484375
5656,-1244.919921875,0.0,0.0,39.10237121582031,-1244.9200439453125,-1242.5,65.61351776123047,-1379.1600341796875,-1335.1500244140625,-1324.0999755859375,-1302.25,-1242.5,-1191.0,-1166.800048828125,-1148.800048828125,-1134.6400146484375
5663,-1244.97998046875,0.0,0.0,39.029998779296875,-1244.97998046875,-1242.5,65.62149047851562,-1379.1600341796875,-1335.1500244140625,-1324.0999755859375,-1302.25,-1242.5,-1191.0,-1166.800048828125,-1148.800048828125,-1134.6400146484375
5670,-1245.159912109375,0.0,0.0,38.94249725341797,-1245.1600341796875,-1242.5,65.68587493896484,-1379.1600341796875,-1335.1500244140625,-1324.0999755859375,-1302.25,-1242.5,-1191.0,-1166.800048828125,-1148.800048828125,-1134.6400146484375
5677,-1245.199951171875,0.0,0.0,38.86272048950195,-1245.199951171875,-1242.5,65.7235107421875,-1379.1600341796875,-1335.1500244140625,-1324.0999755859375,-1302.25,-1242.5,-1191.0,-1166.800048828125,-1148.800048828125,-1134.6400146484375
5684,-1245.5,0.0,0.0,38.793487548828125,-1245.5,-1242.5,65.6460952758789,-1379.1600341796875,-1335.1500244140625,-1325.0999755859375,-1302.25,-1242.5,-1191.0,-1166.800048828125,-1148.800048828125,-1134.800048828125
5691,-1245.5399169921875,0.0,0.0,38.7221565246582,-1245.5400390625,-1242.5,65.64974212646484,-1379.1600341796875,-1335.1500244140625,-1325.0999755859375,-1302.25,-1242.5,-1191.0,-1166.800048828125,-1148.800048828125,-1134.800048828125
5698,-1245.679931640625,0.0,0.0,38.64582824707031,-1245.6800537109375,-1242.5,65.81031799316406,-1379.1600341796875,-1335.1500244140625,-1326.0999755859375,-1302.25,-1242.5,-1191.0,-1166.800048828125,-1148.800048828125,-1134.800048828125
5705,-1245.7999267578125,0.0,0.0,38.57448196411133,-1245.800048828125,-1242.5,65.81261444091797,-1379.1600341796875,-1335.1500244140625,-1326.0999755859375,-1302.25,-1242.5,-1191.0,-1166.800048828125,-1148.800048828125,-1134.800048828125
5712,-1245.8399658203125,0.0,0.0,38.497440338134766,-1245.8399658203125,-1243.0,65.80907440185547,-1379.1600341796875,-1335.1500244140625,-1326.0999755859375,-1302.25,-1243.0,-1191.0,-1166.800048828125,-1148.800048828125,-1134.800048828125
5719,-1246.219970703125,0.0,0.0,38.430423736572266,-1246.219970703125,-1243.0,65.83382415771484,-1379.1600341796875,-1338.050048828125,-1327.0999755859375,-1304.75,-1243.0,-1191.0,-1166.800048828125,-1148.9000244140625,-1134.800048828125
5726,-1246.280029296875,0.0,0.0,38.36216354370117,-1246.280029296875,-1243.0,65.79347229003906,-1379.1600341796875,-1338.050048828125,-1327.0999755859375,-1304.75,-1243.0,-1192.5,-1166.800048828125,-1148.9000244140625,-1134.800048828125
5733,-1246.47998046875,0.0,0.0,38.294857025146484,-1246.47998046875,-1243.0,65.63741302490234,-1379.1600341796875,-1338.050048828125,-1327.0999755859375,-1304.75,-1243.0,-1194.75,-1166.800048828125,-1148.9000244140625,-1134.800048828125
5740,-1246.659912109375,0.0,0.0,38.22722625732422,-1246.6600341796875,-1243.0,65.61146545410156,-1379.1600341796875,-1338.050048828125,-1327.0999755859375,-1304.75,-1243.0,-1194.75,-1166.800048828125,-1148.9000244140625,-1134.800048828125
5747,-1246.97998046875,0.0,0.0,38.16020965576172,-1246.97998046875,-1243.5,65.54951477050781,-1379.1600341796875,-1338.050048828125,-1328.0,-1304.75,-1243.5,-1194.75,-1166.800048828125,-1148.9000244140625,-1136.760009765625
5754,-1247.0399169921875,0.0,0.0,38.09489440917969,-1247.0400390625,-1243.5,65.53761291503906,-1379.1600341796875,-1338.050048828125,-1328.0,-1304.75,-1243.5,-1194.75,-1166.800048828125,-1148.9000244140625,-1136.760009765625
5761,-1247.1400146484375,0.0,0.0,38.03115463256836,-1247.1400146484375,-1243.5,65.49076843261719,-1379.1600341796875,-1338.050048828125,-1328.0,-1304.75,-1243.5,-1194.75,-1167.0,-1148.9000244140625,-1136.760009765625
5768,-1247.159912109375,0.0,0.0,37.96236801147461,-1247.1600341796875,-1243.5,65.47270202636719,-1379.1600341796875,-1338.050048828125,-1328.0,-1304.75,-1243.5,-1194.75,-1167.0,-1148.9000244140625,-1136.760009765625
5775,-1247.179931640625,0.0,0.0,37.889305114746094,-1247.1800537109375,-1243.5,65.4478988647461,-1379.1600341796875,-1338.050048828125,-1328.0,-1304.75,-1243.5,-1194.75,-1167.0,-1148.9000244140625,-1136.760009765625
5782,-1247.3199462890625,0.0,0.0,37.821044921875,-1247.3199462890625,-1243.5,65.56430053710938,-1379.1600341796875,-1338.050048828125,-1328.0,-1304.75,-1243.5,-1194.75,-1168.800048828125,-1148.9000244140625,-1136.760009765625
5789,-1247.47998046875,0.0,0.0,37.75526809692383,-1247.47998046875,-1243.5,65.37024688720703,-1379.1600341796875,-1338.050048828125,-1328.0,-1304.75,-1243.5,-1194.75,-1168.800048828125,-1148.9000244140625,-1142.6400146484375
5796,-1247.5799560546875,0.0,0.0,37.71112060546875,-1247.5799560546875,-1243.5,65.42081451416016,-1379.1600341796875,-1338.050048828125,-1328.0,-1307.0,-1243.5,-1194.75,-1168.800048828125,-1148.9000244140625,-1142.6400146484375
5803,-1247.760009765625,0.0,0.0,37.64137268066406,-1247.760009765625,-1243.5,65.64086151123047,-1379.1600341796875,-1339.6500244140625,-1328.0,-1307.0,-1243.5,-1194.75,-1168.800048828125,-1148.9000244140625,-1142.6400146484375
5810,-1247.7999267578125,0.0,0.0,37.57476806640625,-1247.800048828125,-1243.5,65.63307189941406,-1379.1600341796875,-1339.6500244140625,-1328.0,-1307.0,-1243.5,-1194.75,-1168.800048828125,-1148.9000244140625,-1142.6400146484375
5817,-1247.9599609375,0.0,0.0,37.52017593383789,-1247.9599609375,-1243.5,65.51685333251953,-1379.1600341796875,-1339.6500244140625,-1328.0,-1307.0,-1243.5,-1196.25,-1168.800048828125,-1150.800048828125,-1142.6400146484375
5824,-1248.239990234375,0.0,0.0,37.45783233642578,-1248.239990234375,-1243.5,65.60580444335938,-1379.239990234375,-1339.6500244140625,-1328.0,-1307.0,-1243.5,-1197.0,-1168.800048828125,-1150.800048828125,-1142.6400146484375
5831,-1248.5,0.0,0.0,37.40260314941406,-1248.5,-1243.5,65.73377990722656,-1379.239990234375,-1339.6500244140625,-1328.0,-1307.0,-1243.5,-1197.0,-1170.800048828125,-1150.800048828125,-1142.6400146484375
5838,-1248.780029296875,0.0,0.0,37.34575653076172,-1248.780029296875,-1243.5,65.86206817626953,-1379.239990234375,-1339.6500244140625,-1328.0,-1307.0,-1243.5,-1197.0,-1170.800048828125,-1150.800048828125,-1142.6400146484375
5845,-1248.7999267578125,0.0,0.0,37.283199310302734,-1248.800048828125,-1243.5,65.86212921142578,-1379.239990234375,-1339.6500244140625,-1328.0,-1307.0,-1243.5,-1197.0,-1170.800048828125,-1150.800048828125,-1142.6400146484375
5852,-1248.7999267578125,0.0,0.0,37.21664810180664,-1248.800048828125,-1243.5,65.86212921142578,-1379.239990234375,-1339.6500244140625,-1328.0,-1307.0,-1243.5,-1197.0,-1170.800048828125,-1150.800048828125,-1142.6400146484375
5859,-1248.93994140625,0.0,0.0,37.141578674316406,-1248.93994140625,-1244.5,65.8271713256836,-1379.239990234375,-1339.6500244140625,-1328.0,-1307.0,-1244.5,-1197.0,-1170.800048828125,-1150.800048828125,-1142.6400146484375
5866,-1249.1199951171875,0.0,0.0,37.078731536865234,-1249.1199951171875,-1244.5,65.82283782958984,-1379.239990234375,-1339.6500244140625,-1328.0,-1307.0,-1244.5,-1197.25,-1170.800048828125,-1150.800048828125,-1142.6400146484375
5873,-1249.199951171875,0.0,0.0,37.008636474609375,-1249.199951171875,-1246.5,65.81504821777344,-1379.239990234375,-1339.6500244140625,-1328.0,-1307.0,-1246.5,-1197.25,-1170.800048828125,-1150.800048828125,-1142.6400146484375
5880,-1249.280029296875,0.0,0.0,36.95075988769531,-1249.280029296875,-1246.5,65.82447052001953,-1379.239990234375,-1339.6500244140625,-1328.0,-1307.0,-1246.5,-1197.25,-1170.800048828125,-1150.800048828125,-1142.6400146484375
5887,-1249.3800048828125,0.0,0.0,36.87690734863281,-1249.3800048828125,-1246.5,65.90262603759766,-1379.239990234375,-1339.6500244140625,-1329.0999755859375,-1307.0,-1246.5,-1197.25,-1170.800048828125,-1150.800048828125,-1142.6400146484375
5894,-1249.43994140625,0.0,0.0,36.809566497802734,-1249.43994140625,-1246.5,65.89435577392578,-1379.239990234375,-1339.6500244140625,-1329.0999755859375,-1307.0,-1246.5,-1197.25,-1170.800048828125,-1150.800048828125,-1142.6400146484375
5901,-1249.739990234375,0.0,0.0,36.75998306274414,-1249.739990234375,-1246.5,66.00297546386719,-1379.3199462890625,-1339.6500244140625,-1329.0999755859375,-1307.75,-1246.5,-1197.25,-1170.800048828125,-1150.800048828125,-1142.6400146484375
5908,-1249.8199462890625,0.0,0.0,36.702880859375,-1249.8199462890625,-1246.5,66.0205078125,-1379.3199462890625,-1339.6500244140625,-1329.0999755859375,-1307.75,-1246.5,-1198.0,-1170.800048828125,-1150.800048828125,-1142.6400146484375
5915,-1249.9000244140625,0.0,0.0,36.64695358276367,-1249.9000244140625,-1246.5,66.0267333984375,-1379.3199462890625,-1339.6500244140625,-1329.0999755859375,-1307.75,-1246.5,-1198.0,-1170.800048828125,-1150.800048828125,-1142.6400146484375
5922,-1249.9599609375,0.0,0.0,36.596736907958984,-1249.9599609375,-1246.5,65.9995346069336,-1379.3199462890625,-1339.6500244140625,-1329.0999755859375,-1307.75,-1246.5,-1198.0,-1170.800048828125,-1150.800048828125,-1142.6400146484375
5929,-1250.0799560546875,0.0,0.0,36.546142578125,-1250.0799560546875,-1246.5,65.99222564697266,-1379.3199462890625,-1339.6500244140625,-1329.0999755859375,-1307.75,-1246.5,-1198.0,-1170.800048828125,-1150.800048828125,-1142.6400146484375
5936,-1250.1199951171875,0.0,0.0,36.47794723510742,-1250.1199951171875,-1246.5,65.95487213134766,-1379.3199462890625,-1339.6500244140625,-1329.0999755859375,-1307.75,-1246.5,-1198.0,-1170.800048828125,-1150.800048828125,-1142.6400146484375
5943,-1250.239990234375,0.0,0.0,36.42378616333008,-1250.239990234375,-1246.5,65.91844940185547,-1379.3199462890625,-1341.550048828125,-1329.0999755859375,-1307.75,-1246.5,-1198.0,-1171.0,-1150.800048828125,-1142.6400146484375
5950,-1250.260009765625,0.0,0.0,36.363094329833984,-1250.260009765625,-1246.5,65.9007797241211,-1379.3199462890625,-1341.550048828125,-1329.0999755859375,-1307.75,-1246.5,-1198.0,-1171.0,-1150.800048828125,-1142.6400146484375
5957,-1250.4599609375,0.0,0.0,36.28907775878906,-1250.4599609375,-1247.0,65.82437896728516,-1379.3199462890625,-1341.550048828125,-1329.0999755859375,-1307.75,-1247.0,-1199.75,-1171.0,-1150.800048828125,-1142.6400146484375
5964,-1250.5999755859375,0.0,0.0,36.23089599609375,-1250.5999755859375,-1247.0,65.7557601928711,-1379.3199462890625,-1341.550048828125,-1329.0999755859375,-1307.75,-1247.0,-1199.75,-1171.0,-1150.800048828125,-1142.6400146484375
5971,-1250.760009765625,0.0,0.0,36.1666145324707,-1250.760009765625,-1247.0,65.85379791259766,-1379.3199462890625,-1341.550048828125,-1329.0999755859375,-1307.75,-1247.0,-1199.75,-1171.0,-1150.800048828125,-1142.6400146484375
5978,-1250.8800048828125,0.0,0.0,36.11140823364258,-1250.8800048828125,-1247.5,65.82405090332031,-1379.3199462890625,-1343.449951171875,-1329.0999755859375,-1307.75,-1247.5,-1199.75,-1171.0,-1152.699951171875,-1142.6400146484375
5985,-1251.199951171875,0.0,0.0,36.05902099609375,-1251.199951171875,-1247.5,65.86607360839844,-1379.3199462890625,-1343.550048828125,-1329.0999755859375,-1307.75,-1247.5,-1199.75,-1171.9000244140625,-1152.699951171875,-1142.6400146484375
5992,-1251.239990234375,0.0,0.0,35.98346710205078,-1251.239990234375,-1247.5,65.93392944335938,-1379.3199462890625,-1343.550048828125,-1329.0999755859375,-1307.75,-1247.5,-1199.75,-1171.9000244140625,-1152.699951171875,-1142.6400146484375
5999,-1251.3599853515625,0.0,0.0,35.93434143066406,-1251.3599853515625,-1247.5,66.04521179199219,-1379.3199462890625,-1343.550048828125,-1330.0999755859375,-1307.75,-1247.5,-1199.75,-1171.9000244140625,-1152.699951171875,-1142.6400146484375
6006,-1251.5599365234375,0.0,0.0,35.86296844482422,-1251.56005859375,-1247.5,66.11222076416016,-1379.3199462890625,-1343.550048828125,-1330.0999755859375,-1307.75,-1247.5,-1199.75,-1171.9000244140625,-1152.699951171875,-1142.6400146484375
6013,-1251.780029296875,0.0,0.0,35.80630111694336,-1251.780029296875,-1247.5,66.1471939086914,-1379.3199462890625,-1343.550048828125,-1330.0999755859375,-1307.75,-1247.5,-1199.75,-1171.9000244140625,-1152.699951171875,-1142.6400146484375
6020,-1251.8599853515625,0.0,0.0,35.74958038330078,-1251.8599853515625,-1247.5,66.12352752685547,-1379.3199462890625,-1343.550048828125,-1330.0999755859375,-1308.25,-1247.5,-1199.75,-1171.9000244140625,-1152.699951171875,-1142.6400146484375
6027,-1251.919921875,0.0,0.0,35.685081481933594,-1251.9200439453125,-1247.5,66.16807556152344,-1379.3199462890625,-1343.550048828125,-1330.0999755859375,-1311.25,-1247.5,-1199.75,-1171.9000244140625,-1152.699951171875,-1142.6400146484375
6034,-1252.0399169921875,0.0,0.0,35.62636947631836,-1252.0400390625,-1247.5,66.18744659423828,-1379.3199462890625,-1343.550048828125,-1330.0999755859375,-1311.25,-1247.5,-1200.75,-1171.9000244140625,-1152.699951171875,-1142.6400146484375
6041,-1252.1400146484375,0.0,0.0,35.558982849121094,-1252.1400146484375,-1247.5,66.10415649414062,-1379.3199462890625,-1343.550048828125,-1330.0999755859375,-1311.25,-1247.5,-1200.75,-1171.9000244140625,-1152.699951171875,-1142.6400146484375
6048,-1252.239990234375,0.0,0.0,35.50685119628906,-1252.239990234375,-1247.5,66.16526794433594,-1379.3199462890625,-1343.550048828125,-1330.0999755859375,-1311.25,-1247.5,-1200.75,-1171.9000244140625,-1152.699951171875,-1142.6400146484375
6055,-1252.2999267578125,0.0,0.0,35.45423889160156,-1252.300048828125,-1248.5,66.17317962646484,-1379.3199462890625,-1343.550048828125,-1331.0999755859375,-1311.25,-1248.5,-1200.75,-1171.9000244140625,-1152.699951171875,-1142.6400146484375
6062,-1252.4000244140625,0.0,0.0,35.399227142333984,-1252.4000244140625,-1249.5,66.12427520751953,-1379.3199462890625,-1343.550048828125,-1331.0999755859375,-1311.25,-1249.5,-1200.75,-1171.9000244140625,-1152.699951171875,-1142.6800537109375
6069,-1252.4599609375,0.0,0.0,35.351139068603516,-1252.4599609375,-1249.5,66.13658905029297,-1379.3199462890625,-1343.550048828125,-1331.0999755859375,-1311.25,-1249.5,-1200.75,-1171.9000244140625,-1152.699951171875,-1144.6400146484375
6076,-1252.47998046875,0.0,0.0,35.289180755615234,-1252.47998046875,-1249.5,66.13221740722656,-1379.3199462890625,-1343.550048828125,-1331.0999755859375,-1311.25,-1249.5,-1200.75,-1171.9000244140625,-1152.699951171875,-1144.6400146484375
6083,-1252.6400146484375,0.0,0.0,35.21207809448242,-1252.6400146484375,-1249.5,66.06883239746094,-1379.3199462890625,-1343.550048828125,-1331.0999755859375,-1311.25,-1249.5,-1202.25,-1171.9000244140625,-1152.800048828125,-1144.6400146484375
6090,-1252.97998046875,0.0,0.0,35.16144561767578,-1252.97998046875,-1249.5,66.17205047607422,-1379.3199462890625,-1343.550048828125,-1335.0,-1311.25,-1249.5,-1202.75,-1171.9000244140625,-1152.800048828125,-1144.6400146484375
6097,-1253.0999755859375,0.0,0.0,35.113365173339844,-1253.0999755859375,-1249.5,66.06216430664062,-1379.3199462890625,-1343.550048828125,-1335.0,-1311.25,-1249.5,-1202.75,-1171.9000244140625,-1152.800048828125,-1144.6400146484375
6104,-1253.280029296875,0.0,0.0,35.0723876953125,-1253.280029296875,-1249.5,66.10401916503906,-1379.3599853515625,-1343.550048828125,-1335.0,-1311.25,-1249.5,-1203.0,-1171.9000244140625,-1152.800048828125,-1144.6400146484375
6111,-1253.47998046875,0.0,0.0,34.99274826049805,-1253.47998046875,-1249.5,66.03294372558594,-1379.3599853515625,-1345.449951171875,-1335.0,-1311.25,-1249.5,-1203.0,-1172.9000244140625,-1152.9000244140625,-1144.6400146484375
6118,-1253.5799560546875,0.0,0.0,34.932762145996094,-1253.5799560546875,-1249.5,65.95243835449219,-1379.3599853515625,-1345.449951171875,-1335.0,-1311.25,-1249.5,-1203.0,-1172.9000244140625,-1152.9000244140625,-1144.6400146484375
6125,-1253.679931640625,0.0,0.0,34.86635208129883,-1253.6800537109375,-1249.5,65.90991973876953,-1379.3599853515625,-1345.449951171875,-1335.0,-1311.25,-1249.5,-1203.0,-1172.9000244140625,-1152.9000244140625,-1146.5999755859375
6132,-1253.8399658203125,0.0,0.0,34.79629135131836,-1253.8399658203125,-1249.5,65.91839599609375,-1379.3599853515625,-1345.449951171875,-1335.0999755859375,-1311.25,-1249.5,-1203.0,-1172.9000244140625,-1152.9000244140625,-1148.56005859375
6139,-1254.02001953125,0.0,0.0,34.72844314575195,-1254.02001953125,-1249.5,65.94648742675781,-1379.3599853515625,-1345.449951171875,-1335.0999755859375,-1311.25,-1249.5,-1203.0,-1172.9000244140625,-1152.9000244140625,-1148.56005859375
6146,-1254.0799560546875,0.0,0.0,34.67103576660156,-1254.0799560546875,-1249.5,65.96372985839844,-1379.3599853515625,-1345.449951171875,-1335.0999755859375,-1311.25,-1249.5,-1203.0,-1172.9000244140625,-1152.9000244140625,-1148.56005859375
6153,-1254.199951171875,0.0,0.0,34.61369705200195,-1254.199951171875,-1251.0,66.04650115966797,-1379.3599853515625,-1345.449951171875,-1335.0999755859375,-1311.25,-1251.0,-1203.0,-1172.9000244140625,-1152.9000244140625,-1148.56005859375
6160,-1254.239990234375,0.0,0.0,34.55518341064453,-1254.239990234375,-1251.0,66.06513214111328,-1379.3599853515625,-1345.449951171875,-1335.0999755859375,-1311.25,-1251.0,-1203.0,-1172.9000244140625,-1152.9000244140625,-1148.56005859375
6167,-1254.52001953125,0.0,0.0,34.48954391479492,-1254.52001953125,-1251.0,66.17756652832031,-1379.3599853515625,-1345.449951171875,-1335.0999755859375,-1312.25,-1251.0,-1203.0,-1172.9000244140625,-1152.9000244140625,-1148.56005859375
6174,-1254.5799560546875,0.0,0.0,34.43604278564453,-1254.5799560546875,-1251.0,66.14683532714844,-1379.3599853515625,-1345.449951171875,-1335.0999755859375,-1312.25,-1251.0,-1203.0,-1172.9000244140625,-1154.800048828125,-1148.56005859375
6181,-1254.739990234375,0.0,0.0,34.37379837036133,-1254.739990234375,-1251.0,66.11711120605469,-1379.3599853515625,-1345.449951171875,-1335.0999755859375,-1312.5,-1251.0,-1203.0,-1174.699951171875,-1154.800048828125,-1148.56005859375
6188,-1254.8800048828125,0.0,0.0,34.305484771728516,-1254.8800048828125,-1251.0,66.1126708984375,-1379.3599853515625,-1347.3499755859375,-1335.0999755859375,-1312.5,-1251.0,-1203.0,-1174.699951171875,-1154.800048828125,-1148.56005859375
6195,-1255.0,0.0,0.0,34.25778579711914,-1255.0,-1251.0,66.06133270263672,-1381.3199462890625,-1347.3499755859375,-1335.0999755859375,-1312.5,-1251.0,-1203.0,-1174.699951171875,-1155.0,-1148.56005859375
6202,-1255.0599365234375,0.0,0.0,34.208248138427734,-1255.06005859375,-1251.0,66.1327133178711,-1381.3199462890625,-1347.550048828125,-1335.0999755859375,-1312.5,-1251.0,-1203.0,-1174.699951171875,-1155.0,-1148.56005859375
6209,-1255.2999267578125,0.0,0.0,34.14947509765625,-1255.300048828125,-1251.0,66.14083099365234,-1381.3199462890625,-1353.25,-1335.199951171875,-1312.5,-1251.0,-1203.0,-1174.699951171875,-1155.0,-1148.56005859375
6216,-1255.43994140625,0.0,0.0,34.08805465698242,-1255.43994140625,-1253.0,66.1076889038086,-1381.3199462890625,-1353.25,-1335.199951171875,-1312.5,-1253.0,-1204.5,-1174.699951171875,-1155.0,-1148.56005859375
6223,-1255.47998046875,0.0,0.0,34.02198791503906,-1255.47998046875,-1253.0,66.08048248291016,-1381.3199462890625,-1353.25,-1335.199951171875,-1312.5,-1253.0,-1204.5,-1174.800048828125,-1155.0,-1148.56005859375
6230,-1255.5399169921875,0.0,0.0,33.95913314819336,-1255.5400390625,-1253.0,66.03914642333984,-1381.3199462890625,-1353.25,-1335.199951171875,-1312.5,-1253.0,-1204.5,-1174.800048828125,-1155.0,-1148.56005859375
6237,-1255.699951171875,0.0,0.0,33.885101318359375,-1255.699951171875,-1254.0,66.01249694824219,-1381.3199462890625,-1353.25,-1337.0,-1312.5,-1254.0,-1205.0,-1174.800048828125,-1156.9000244140625,-1148.56005859375
6244,-1255.760009765625,0.0,0.0,33.828460693359375,-1255.760009765625,-1254.0,66.08722686767578,-1381.3199462890625,-1353.25,-1337.0,-1312.5,-1254.0,-1205.0,-1174.800048828125,-1156.9000244140625,-1148.56005859375
6251,-1255.8599853515625,0.0,0.0,33.778419494628906,-1255.8599853515625,-1254.0,66.10023498535156,-1381.3199462890625,-1353.449951171875,-1337.0,-1312.5,-1254.0,-1205.0,-1174.800048828125,-1156.9000244140625,-1148.56005859375
6258,-1255.93994140625,0.0,0.0,33.72349166870117,-1255.93994140625,-1254.0,66.14692687988281,-1381.3199462890625,-1353.449951171875,-1337.0,-1312.5,-1254.0,-1205.0,-1174.800048828125,-1156.9000244140625,-1148.56005859375
6265,-1256.02001953125,0.0,0.0,33.66728973388672,-1256.02001953125,-1254.0,66.11247253417969,-1381.3199462890625,-1355.3499755859375,-1337.0,-1312.5,-1254.0,-1205.0,-1174.800048828125,-1156.9000244140625,-1148.56005859375
6272,-1256.0599365234375,0.0,0.0,33.612606048583984,-1256.06005859375,-1254.0,66.15660095214844,-1381.3199462890625,-1355.3499755859375,-1337.0,-1312.5,-1254.0,-1205.0,-1174.800048828125,-1156.9000244140625,-1148.56005859375
6279,-1256.3199462890625,0.0,0.0,33.5357666015625,-1256.3199462890625,-1254.0,66.02603912353516,-1381.3199462890625,-1355.3499755859375,-1337.0,-1312.5,-1254.0,-1206.5,-1174.800048828125,-1157.0,-1148.56005859375
6286,-1256.3399658203125,0.0,0.0,33.48686981201172,-1256.3399658203125,-1254.0,66.05107879638672,-1381.3199462890625,-1355.3499755859375,-1337.0,-1312.5,-1254.0,-1206.5,-1174.800048828125,-1157.0,-1148.56005859375
6293,-1256.419921875,0.0,0.0,33.43023681640625,-1256.4200439453125,-1254.0,66.01911926269531,-1381.3199462890625,-1355.3499755859375,-1337.0,-1312.5,-1254.0,-1206.5,-1174.800048828125,-1157.0,-1148.56005859375
6300,-1256.52001953125,0.0,0.0,33.37165069580078,-1256.52001953125,-1255.0,65.98689270019531,-1381.3199462890625,-1355.3499755859375,-1337.0,-1312.5,-1255.0,-1206.5,-1174.800048828125,-1158.9000244140625,-1148.56005859375
6307,-1256.679931640625,0.0,0.0,33.32846450805664,-1256.6800537109375,-1255.0,65.96239471435547,-1381.3199462890625,-1355.3499755859375,-1337.0999755859375,-1312.5,-1255.0,-1206.5,-1176.800048828125,-1158.9000244140625,-1148.56005859375
6314,-1256.780029296875,0.0,0.0,33.27064895629883,-1256.780029296875,-1255.0,65.98190307617188,-1383.280029296875,-1355.3499755859375,-1337.0999755859375,-1312.5,-1255.0,-1206.5,-1176.800048828125,-1160.9000244140625,-1148.56005859375
6321,-1256.97998046875,0.0,0.0,33.2103271484375,-1256.97998046875,-1255.0,66.23729705810547,-1387.3199462890625,-1355.3499755859375,-1337.0999755859375,-1312.5,-1255.0,-1206.5,-1176.800048828125,-1160.9000244140625,-1148.56005859375
6328,-1257.0599365234375,0.0,0.0,33.16210174560547,-1257.06005859375,-1255.0,66.27983856201172,-1387.3199462890625,-1357.25,-1337.0999755859375,-1312.5,-1255.0,-1206.5,-1177.0,-1160.9000244140625,-1148.56005859375
6335,-1257.260009765625,0.0,0.0,33.10173797607422,-1257.260009765625,-1255.0,66.29986572265625,-1387.3199462890625,-1357.25,-1338.0999755859375,-1312.5,-1255.0,-1206.5,-1177.0,-1160.9000244140625,-1148.56005859375
6342,-1257.3800048828125,0.0,0.0,33.04340362548828,-1257.3800048828125,-1255.0,66.19422149658203,-1387.3199462890625,-1357.25,-1338.0999755859375,-1312.5,-1255.0,-1206.5,-1177.0,-1160.9000244140625,-1148.56005859375
6349,-1257.5,0.0,0.0,32.98078536987305,-1257.5,-1255.0,66.25352478027344,-1387.3199462890625,-1357.25,-1338.0999755859375,-1312.5,-1255.0,-1206.5,-1177.0,-1160.9000244140625,-1148.56005859375
6356,-1257.6199951171875,0.0,0.0,32.926307678222656,-1257.6199951171875,-1255.0,66.27364349365234,-1387.3199462890625,-1357.25,-1339.199951171875,-1312.5,-1255.0,-1206.5,-1177.0,-1160.9000244140625,-1148.56005859375
6363,-1257.760009765625,0.0,0.0,32.8732795715332,-1257.760009765625,-1256.5,66.21209716796875,-1387.3199462890625,-1357.25,-1339.199951171875,-1312.5,-1256.5,-1206.5,-1177.0,-1160.9000244140625,-1148.56005859375
6370,-1257.8399658203125,0.0,0.0,32.81125259399414,-1257.8399658203125,-1256.5,66.27664947509766,-1387.3199462890625,-1357.25,-1339.300048828125,-1312.5,-1256.5,-1206.5,-1177.0,-1160.9000244140625,-1148.56005859375
6377,-1258.0799560546875,0.0,0.0,32.73381805419922,-1258.0799560546875,-1256.5,66.09548950195312,-1387.3199462890625,-1357.25,-1339.300048828125,-1312.5,-1256.5,-1207.0,-1177.0,-1160.9000244140625,-1148.56005859375
6384,-1258.219970703125,0.0,0.0,32.68386459350586,-1258.219970703125,-1256.5,66.11211395263672,-1387.3199462890625,-1357.25,-1339.300048828125,-1312.5,-1256.5,-1207.0,-1177.0,-1160.9000244140625,-1148.56005859375
6391,-1258.3399658203125,0.0,0.0,32.6416015625,-1258.3399658203125,-1256.5,66.0362319946289,-1387.3199462890625,-1357.25,-1339.300048828125,-1312.5,-1256.5,-1207.0,-1177.0,-1160.9000244140625,-1152.47998046875
6398,-1258.419921875,0.0,0.0,32.581233978271484,-1258.4200439453125,-1256.5,66.07574462890625,-1387.3199462890625,-1357.25,-1339.300048828125,-1312.5,-1256.5,-1207.0,-1177.0,-1160.9000244140625,-1152.47998046875
6405,-1258.47998046875,0.0,0.0,32.50497817993164,-1258.47998046875,-1256.5,66.1352310180664,-1387.3199462890625,-1357.25,-1342.0,-1312.5,-1256.5,-1207.0,-1177.0,-1160.9000244140625,-1152.47998046875
6412,-1258.5799560546875,0.0,0.0,32.45188522338867,-1258.5799560546875,-1256.5,65.9866943359375,-1387.3199462890625,-1357.25,-1342.0,-1312.5,-1256.5,-1207.0,-1177.0,-1164.800048828125,-1152.52001953125
6419,-1258.5799560546875,0.0,0.0,32.38139724731445,-1258.5799560546875,-1256.5,65.9866943359375,-1387.3199462890625,-1357.25,-1342.0,-1312.5,-1256.5,-1207.0,-1177.0,-1164.800048828125,-1152.52001953125
6426,-1258.719970703125,0.0,0.0,32.29929733276367,-1258.719970703125,-1256.5,65.99046325683594,-1387.3199462890625,-1357.25,-1342.0,-1312.5,-1256.5,-1207.0,-1177.0,-1164.800048828125,-1154.47998046875
6433,-1258.93994140625,0.0,0.0,32.24854278564453,-1258.93994140625,-1256.5,66.25629425048828,-1387.3199462890625,-1357.8499755859375,-1342.0,-1312.5,-1256.5,-1207.0,-1177.0,-1164.800048828125,-1154.47998046875
6440,-1259.0399169921875,0.0,0.0,32.203914642333984,-1259.0400390625,-1256.5,66.32298278808594,-1387.3199462890625,-1357.8499755859375,-1342.0,-1312.5,-1256.5,-1207.0,-1177.0,-1164.800048828125,-1154.47998046875
6447,-1259.0399169921875,0.0,0.0,32.1509895324707,-1259.0400390625,-1256.5,66.32298278808594,-1387.3199462890625,-1357.8499755859375,-1342.0,-1312.5,-1256.5,-1207.0,-1177.0,-1164.800048828125,-1154.47998046875
6454,-1259.1199951171875,0.0,0.0,32.08385467529297,-1259.1199951171875,-1256.5,66.3355484008789,-1387.3199462890625,-1357.8499755859375,-1342.0,-1312.5,-1256.5,-1207.0,-1177.0,-1164.800048828125,-1154.47998046875
6461,-1259.260009765625,0.0,0.0,32.03321075439453,-1259.260009765625,-1256.5,66.39241027832031,-1387.3199462890625,-1357.8499755859375,-1342.0,-1312.5,-1256.5,-1207.0,-1177.0,-1164.800048828125,-1154.47998046875
6468,-1259.280029296875,0.0,0.0,31.990346908569336,-1259.280029296875,-1256.5,66.36611938476562,-1387.3199462890625,-1357.8499755859375,-1342.0,-1312.5,-1256.5,-1207.0,-1177.0,-1164.800048828125,-1154.47998046875
6475,-1259.419921875,0.0,0.0,31.928129196166992,-1259.4200439453125,-1256.5,66.45573425292969,-1387.3199462890625,-1357.8499755859375,-1342.0,-1312.5,-1256.5,-1207.0,-1177.0,-1164.800048828125,-1154.47998046875
6482,-1259.5,0.0,0.0,31.881099700927734,-1259.5,-1256.5,66.43681335449219,-1387.3199462890625,-1357.8499755859375,-1342.0,-1312.5,-1256.5,-1207.0,-1177.0,-1164.800048828125,-1154.47998046875
6489,-1259.8199462890625,0.0,0.0,31.819007873535156,-1259.8199462890625,-1256.5,66.25879669189453,-1387.3199462890625,-1357.8499755859375,-1342.0,-1312.5,-1256.5,-1208.5,-1178.800048828125,-1164.800048828125,-1154.56005859375
6496,-1259.8399658203125,0.0,0.0,31.766515731811523,-1259.8399658203125,-1256.5,66.28298950195312,-1387.3199462890625,-1357.8499755859375,-1342.0,-1312.5,-1256.5,-1208.5,-1178.800048828125,-1164.800048828125,-1154.56005859375
6503,-1259.93994140625,0.0,0.0,31.72469711303711,-1259.93994140625,-1256.5,66.320556640625,-1387.3199462890625,-1357.8499755859375,-1342.0,-1312.5,-1256.5,-1209.0,-1178.800048828125,-1164.800048828125,-1154.56005859375
6510,-1260.1199951171875,0.0,0.0,31.669227600097656,-1260.1199951171875,-1256.5,66.17193603515625,-1387.3199462890625,-1357.8499755859375,-1342.0,-1312.5,-1256.5,-1209.0,-1179.0,-1164.800048828125,-1154.56005859375
6517,-1260.179931640625,0.0,0.0,31.614362716674805,-1260.1800537109375,-1256.5,66.13976287841797,-1387.3199462890625,-1357.8499755859375,-1342.0,-1312.5,-1256.5,-1209.75,-1179.0,-1164.800048828125,-1154.56005859375
6524,-1260.260009765625,0.0,0.0,31.54600715637207,-1260.260009765625,-1256.5,66.08988189697266,-1387.3199462890625,-1357.8499755859375,-1342.0,-1312.5,-1256.5,-1209.75,-1179.0,-1164.800048828125,-1154.56005859375
6531,-1260.3599853515625,0.0,0.0,31.494144439697266,-1260.3599853515625,-1256.5,66.09031677246094,-1387.3199462890625,-1357.8499755859375,-1342.0,-1312.5,-1256.5,-1209.75,-1179.0,-1164.800048828125,-1154.56005859375
6538,-1260.43994140625,0.0,0.0,31.436758041381836,-1260.43994140625,-1256.5,66.13400268554688,-1387.3199462890625,-1357.8499755859375,-1342.0,-1312.5,-1256.5,-1209.75,-1179.0,-1164.800048828125,-1154.56005859375
6545,-1260.5399169921875,0.0,0.0,31.393310546875,-1260.5400390625,-1256.5,66.16319274902344,-1387.3199462890625,-1357.8499755859375,-1342.0,-1313.0,-1256.5,-1209.75,-1179.0,-1164.800048828125,-1154.56005859375
6552,-1260.6199951171875,0.0,0.0,31.33450698852539,-1260.6199951171875,-1256.5,66.26609802246094,-1387.3199462890625,-1357.8499755859375,-1342.0999755859375,-1313.0,-1256.5,-1209.75,-1179.0,-1164.800048828125,-1154.56005859375
6559,-1260.659912109375,0.0,0.0,31.287654876708984,-1260.6600341796875,-1256.5,66.29015350341797,-1387.3199462890625,-1357.8499755859375,-1342.0999755859375,-1313.0,-1256.5,-1209.75,-1179.0,-1164.800048828125,-1154.56005859375
6566,-1260.679931640625,0.0,0.0,31.22900390625,-1260.6800537109375,-1256.5,66.27305603027344,-1387.3199462890625,-1357.8499755859375,-1342.0999755859375,-1313.0,-1256.5,-1209.75,-1179.0,-1164.800048828125,-1154.56005859375
6573,-1260.8800048828125,0.0,0.0,31.163658142089844,-1260.8800048828125,-1256.5,66.18131256103516,-1387.3599853515625,-1357.8499755859375,-1342.0999755859375,-1313.0,-1256.5,-1209.75,-1181.0,-1164.800048828125,-1154.56005859375
6580,-1261.0,0.0,0.0,31.092397689819336,-1261.0,-1256.5,66.07405090332031,-1387.3599853515625,-1357.8499755859375,-1342.0999755859375,-1313.0,-1256.5,-1209.75,-1181.9000244140625,-1164.800048828125,-1154.56005859375
6587,-1261.0799560546875,0.0,0.0,31.030954360961914,-1261.0799560546875,-1256.5,65.98919677734375,-1387.3599853515625,-1357.8499755859375,-1342.0999755859375,-1313.0,-1256.5,-1209.75,-1181.9000244140625,-1164.800048828125,-1154.56005859375
6594,-1261.199951171875,0.0,0.0,30.97062873840332,-1261.199951171875,-1256.5,65.93921661376953,-1387.3599853515625,-1357.8499755859375,-1342.0999755859375,-1313.0,-1256.5,-1209.75,-1181.9000244140625,-1164.800048828125,-1154.56005859375
6601,-1261.47998046875,0.0,0.0,30.919477462768555,-1261.47998046875,-1256.5,65.93624877929688,-1387.3599853515625,-1357.9000244140625,-1342.0999755859375,-1313.0,-1256.5,-1210.5,-1182.9000244140625,-1164.800048828125,-1154.56005859375
6608,-1261.52001953125,0.0,0.0,30.87958335876465,-1261.52001953125,-1256.5,65.98143768310547,-1387.3599853515625,-1357.9000244140625,-1342.0999755859375,-1313.0,-1256.5,-1210.5,-1182.9000244140625,-1164.800048828125,-1154.56005859375
6615,-1261.52001953125,0.0,0.0,30.835895538330078,-1261.52001953125,-1256.5,65.98143768310547,-1387.3599853515625,-1357.9000244140625,-1342.0999755859375,-1313.0,-1256.5,-1210.5,-1182.9000244140625,-1164.800048828125,-1154.56005859375
6622,-1261.5399169921875,0.0,0.0,30.763187408447266,-1261.5400390625,-1256.5,65.97673034667969,-1387.3599853515625,-1357.9000244140625,-1342.0999755859375,-1313.0,-1256.5,-1210.5,-1182.9000244140625,-1164.800048828125,-1154.56005859375
6629,-1261.5999755859375,0.0,0.0,30.71529769897461,-1261.5999755859375,-1256.5,65.91828155517578,-1387.3599853515625,-1357.9000244140625,-1342.0999755859375,-1313.0,-1256.5,-1210.5,-1182.9000244140625,-1164.800048828125,-1158.47998046875
6636,-1261.699951171875,0.0,0.0,30.68259620666504,-1261.699951171875,-1256.5,65.92244720458984,-1387.3599853515625,-1357.9000244140625,-1342.5,-1313.0,-1256.5,-1211.25,-1182.9000244140625,-1164.800048828125,-1158.47998046875
6643,-1261.739990234375,0.0,0.0,30.633466720581055,-1261.739990234375,-1256.5,65.88074493408203,-1387.3599853515625,-1357.9000244140625,-1342.5,-1313.0,-1256.5,-1211.25,-1182.9000244140625,-1164.800048828125,-1158.47998046875
6650,-1261.760009765625,0.0,0.0,30.5849552154541,-1261.760009765625,-1256.5,65.85591888427734,-1387.3599853515625,-1357.9000244140625,-1342.5,-1313.0,-1256.5,-1211.25,-1182.9000244140625,-1164.800048828125,-1158.47998046875
6657,-1261.7999267578125,0.0,0.0,30.53134536743164,-1261.800048828125,-1256.5,65.8985595703125,-1387.3599853515625,-1357.9000244140625,-1342.5,-1313.0,-1256.5,-1211.25,-1182.9000244140625,-1164.800048828125,-1158.47998046875
6664,-1261.8199462890625,0.0,0.0,30.476659774780273,-1261.8199462890625,-1256.5,65.87190246582031,-1387.3599853515625,-1357.9000244140625,-1342.5,-1313.0,-1256.5,-1211.25,-1182.9000244140625,-1164.800048828125,-1158.47998046875
6671,-1261.9599609375,0.0,0.0,30.416860580444336,-1261.9599609375,-1256.5,65.8924789428711,-1387.3599853515625,-1359.800048828125,-1342.5,-1313.0,-1256.5,-1211.25,-1182.9000244140625,-1164.800048828125,-1158.52001953125
6678,-1262.0999755859375,0.0,0.0,30.366886138916016,-1262.0999755859375,-1256.5,65.8429183959961,-1387.3599853515625,-1359.9000244140625,-1342.5,-1314.5,-1256.5,-1211.25,-1183.0,-1164.800048828125,-1158.52001953125
6685,-1262.260009765625,0.0,0.0,30.31135368347168,-1262.260009765625,-1256.5,66.00267028808594,-1387.3599853515625,-1363.699951171875,-1347.0,-1314.5,-1256.5,-1211.25,-1183.0,-1164.800048828125,-1158.52001953125
6692,-1262.3599853515625,0.0,0.0,30.258514404296875,-1262.3599853515625,-1257.5,65.9576416015625,-1387.3599853515625,-1363.699951171875,-1347.0,-1314.5,-1257.5,-1212.75,-1183.0,-1164.800048828125,-1158.52001953125
6699,-1262.43994140625,0.0,0.0,30.21293830871582,-1262.43994140625,-1257.5,65.91802978515625,-1387.3599853515625,-1363.699951171875,-1347.0,-1314.5,-1257.5,-1213.5,-1183.0,-1164.9000244140625,-1158.52001953125
6706,-1262.47998046875,0.0,0.0,30.171621322631836,-1262.47998046875,-1257.5,65.93383026123047,-1387.3599853515625,-1363.699951171875,-1347.0,-1314.5,-1257.5,-1213.5,-1183.0,-1164.9000244140625,-1158.52001953125
6713,-1262.5,0.0,0.0,30.121522903442383,-1262.5,-1257.5,65.93671417236328,-1387.3599853515625,-1363.699951171875,-1347.0,-1314.5,-1257.5,-1213.5,-1183.0,-1164.9000244140625,-1158.52001953125
6720,-1262.5,0.0,0.0,30.068260192871094,-1262.5,-1257.5,65.93671417236328,-1387.3599853515625,-1363.699951171875,-1347.0,-1314.5,-1257.5,-1213.5,-1183.0,-1164.9000244140625,-1158.52001953125
6727,-1262.5399169921875,0.0,0.0,30.022306442260742,-1262.5400390625,-1257.5,65.94852447509766,-1387.3599853515625,-1363.699951171875,-1347.0,-1314.5,-1257.5,-1213.5,-1183.0,-1164.9000244140625,-1158.52001953125
6734,-1262.6199951171875,0.0,0.0,29.95793342590332,-1262.6199951171875,-1257.5,65.94539642333984,-1387.3599853515625,-1363.699951171875,-1347.0,-1314.5,-1257.5,-1213.5,-1183.0,-1164.9000244140625,-1158.52001953125
6741,-1262.739990234375,0.0,0.0,29.903400421142578,-1262.739990234375,-1257.5,65.93536376953125,-1387.3599853515625,-1363.699951171875,-1347.0,-1314.5,-1257.5,-1213.5,-1183.0,-1164.9000244140625,-1158.52001953125
6748,-1262.7999267578125,0.0,0.0,29.8363094329834,-1262.800048828125,-1257.5,65.9455795288086,-1387.3599853515625,-1363.699951171875,-1347.0,-1314.5,-1257.5,-1213.5,-1183.0,-1164.9000244140625,-1158.52001953125
6755,-1262.8599853515625,0.0,0.0,29.78281593322754,-1262.8599853515625,-1257.5,65.97969818115234,-1387.3599853515625,-1363.699951171875,-1347.0,-1314.5,-1257.5,-1213.5,-1183.0,-1164.9000244140625,-1158.52001953125
6762,-1262.9000244140625,0.0,0.0,29.74382781982422,-1262.9000244140625,-1257.5,66.03703308105469,-1387.3599853515625,-1363.699951171875,-1347.0,-1314.5,-1257.5,-1213.5,-1183.0,-1164.9000244140625,-1158.52001953125
6769,-1263.0599365234375,0.0,0.0,29.693328857421875,-1263.06005859375,-1258.0,66.08975982666016,-1387.3599853515625,-1363.699951171875,-1347.0,-1318.0,-1258.0,-1213.5,-1183.0,-1164.9000244140625,-1158.52001953125
6776,-1263.179931640625,0.0,0.0,29.650497436523438,-1263.1800537109375,-1258.0,66.13098907470703,-1387.3599853515625,-1363.699951171875,-1347.0,-1318.0,-1258.0,-1213.5,-1183.0,-1164.9000244140625,-1158.52001953125
6783,-1263.179931640625,0.0,0.0,29.59178924560547,-1263.1800537109375,-1258.0,66.13098907470703,-1387.3599853515625,-1363.699951171875,-1347.0,-1318.0,-1258.0,-1213.5,-1183.0,-1164.9000244140625,-1158.52001953125
6790,-1263.219970703125,0.0,0.0,29.54727554321289,-1263.219970703125,-1258.0,66.09607696533203,-1387.3599853515625,-1363.699951171875,-1347.0,-1318.0,-1258.0,-1214.25,-1183.0,-1164.9000244140625,-1158.52001953125
6797,-1263.260009765625,0.0,0.0,29.484037399291992,-1263.260009765625,-1258.0,66.06082916259766,-1387.3599853515625,-1363.699951171875,-1347.0,-1318.0,-1258.0,-1214.25,-1183.0,-1165.0,-1158.52001953125
6804,-1263.3199462890625,0.0,0.0,29.432804107666016,-1263.3199462890625,-1258.0,66.04329681396484,-1387.3599853515625,-1363.699951171875,-1347.0,-1318.0,-1258.0,-1214.25,-1183.0,-1165.0,-1158.52001953125
6811,-1263.3800048828125,0.0,0.0,29.395023345947266,-1263.3800048828125,-1258.0,66.04661560058594,-1387.3599853515625,-1363.699951171875,-1347.0,-1318.0,-1258.0,-1214.25,-1183.0,-1165.0,-1158.52001953125
6818,-1263.419921875,0.0,0.0,29.350238800048828,-1263.4200439453125,-1258.0,66.02093505859375,-1387.3599853515625,-1363.699951171875,-1347.0,-1318.0,-1258.0,-1214.25,-1183.0,-1165.0,-1158.52001953125
6825,-1263.43994140625,0.0,0.0,29.29755210876465,-1263.43994140625,-1258.0,65.99019622802734,-1387.3599853515625,-1363.699951171875,-1347.0,-1318.0,-1258.0,-1214.25,-1183.0,-1165.0,-1158.52001953125
6832,-1263.5399169921875,0.0,0.0,29.251708984375,-1263.5400390625,-1258.5,66.02763366699219,-1387.3599853515625,-1363.699951171875,-1347.0,-1318.0,-1258.5,-1214.25,-1183.0,-1165.0,-1158.52001953125
6839,-1263.659912109375,0.0,0.0,29.203691482543945,-1263.6600341796875,-1258.5,66.04471588134766,-1387.3599853515625,-1363.699951171875,-1347.0,-1318.0,-1258.5,-1214.25,-1183.0,-1165.0,-1158.52001953125
6846,-1263.739990234375,0.0,0.0,29.15804100036621,-1263.739990234375,-1258.5,66.1156005859375,-1387.43994140625,-1363.699951171875,-1347.0,-1318.0,-1258.5,-1214.25,-1183.0,-1165.0,-1158.56005859375
6853,-1263.739990234375,0.0,0.0,29.107206344604492,-1263.739990234375,-1258.5,66.1156005859375,-1387.43994140625,-1363.699951171875,-1347.0,-1318.0,-1258.5,-1214.25,-1183.0,-1165.0,-1158.56005859375
6860,-1263.780029296875,0.0,0.0,29.0645694732666,-1263.780029296875,-1258.5,66.12602996826172,-1387.43994140625,-1363.75,-1347.0,-1318.0,-1258.5,-1214.25,-1183.0,-1165.0,-1158.56005859375
6867,-1263.8599853515625,0.0,0.0,29.012357711791992,-1263.8599853515625,-1258.5,66.22657775878906,-1391.3599853515625,-1363.75,-1347.0,-1318.0,-1258.5,-1214.25,-1183.0,-1165.0,-1158.56005859375
6874,-1263.93994140625,0.0,0.0,28.947294235229492,-1263.93994140625,-1258.5,66.15721130371094,-1391.3599853515625,-1363.75,-1347.0,-1318.0,-1258.5,-1214.25,-1183.0,-1165.0,-1158.56005859375
6881,-1264.0599365234375,0.0,0.0,28.900413513183594,-1264.06005859375,-1258.5,66.25991821289062,-1391.3599853515625,-1363.75,-1347.0,-1318.0,-1258.5,-1214.25,-1183.0,-1165.0,-1158.56005859375
6888,-1264.0799560546875,0.0,0.0,28.847389221191406,-1264.0799560546875,-1258.5,66.26351928710938,-1391.3599853515625,-1363.75,-1347.0,-1318.0,-1258.5,-1214.25,-1183.0,-1165.0,-1158.56005859375
6895,-1264.0999755859375,0.0,0.0,28.793907165527344,-1264.0999755859375,-1258.5,66.25201416015625,-1391.3599853515625,-1363.75,-1347.0,-1318.0,-1258.5,-1214.25,-1183.0,-1165.0,-1158.56005859375
6902,-1264.159912109375,0.0,0.0,28.752904891967773,-1264.1600341796875,-1258.5,66.26518249511719,-1391.3599853515625,-1363.75,-1347.0,-1318.0,-1258.5,-1214.25,-1183.0,-1165.0,-1158.56005859375
6909,-1264.3199462890625,0.0,0.0,28.69902229309082,-1264.3199462890625,-1258.5,66.21539306640625,-1391.3599853515625,-1363.9000244140625,-1347.0,-1318.0,-1258.5,-1214.25,-1184.800048828125,-1165.0,-1158.56005859375
6916,-1264.3599853515625,0.0,0.0,28.667049407958984,-1264.3599853515625,-1258.5,66.25081634521484,-1391.3599853515625,-1363.9000244140625,-1347.0,-1318.75,-1258.5,-1214.25,-1184.800048828125,-1165.0,-1158.56005859375
6923,-1264.4599609375,0.0,0.0,28.6164493560791,-1264.4599609375,-1258.5,66.24989318847656,-1391.3599853515625,-1363.9000244140625,-1347.0,-1318.75,-1258.5,-1214.25,-1184.800048828125,-1165.0,-1158.56005859375
6930,-1264.4599609375,0.0,0.0,28.554466247558594,-1264.4599609375,-1258.5,66.24989318847656,-1391.3599853515625,-1363.9000244140625,-1347.0,-1318.75,-1258.5,-1214.25,-1184.800048828125,-1165.0,-1158.56005859375
6937,-1264.52001953125,0.0,0.0,28.514354705810547,-1264.52001953125,-1258.5,66.27691650390625,-1391.3599853515625,-1363.9000244140625,-1347.0,-1318.75,-1258.5,-1214.25,-1184.800048828125,-1165.0,-1158.56005859375
6944,-1264.5799560546875,0.0,0.0,28.473148345947266,-1264.5799560546875,-1258.5,66.189453125,-1391.3599853515625,-1363.9000244140625,-1347.0,-1318.75,-1258.5,-1214.25,-1184.800048828125,-1170.699951171875,-1158.56005859375
6951,-1264.5999755859375,0.0,0.0,28.40899085998535,-1264.5999755859375,-1258.5,66.20378112792969,-1391.3599853515625,-1363.9000244140625,-1347.0,-1318.75,-1258.5,-1214.25,-1184.800048828125,-1170.699951171875,-1158.56005859375
6958,-1264.760009765625,0.0,0.0,28.361610412597656,-1264.760009765625,-1259.5,66.1531753540039,-1391.3599853515625,-1363.9000244140625,-1347.0,-1318.75,-1259.5,-1214.25,-1184.800048828125,-1170.699951171875,-1158.56005859375
6965,-1264.8199462890625,0.0,0.0,28.310726165771484,-1264.8199462890625,-1259.5,66.20020294189453,-1391.3599853515625,-1363.9000244140625,-1347.0,-1318.75,-1259.5,-1214.25,-1184.800048828125,-1170.699951171875,-1158.56005859375
6972,-1264.8199462890625,0.0,0.0,28.275917053222656,-1264.8199462890625,-1259.5,66.20020294189453,-1391.3599853515625,-1363.9000244140625,-1347.0,-1318.75,-1259.5,-1214.25,-1184.800048828125,-1170.699951171875,-1158.56005859375
6979,-1265.0999755859375,0.0,0.0,28.233407974243164,-1265.0999755859375,-1259.5,66.18345642089844,-1391.3599853515625,-1363.9000244140625,-1347.0,-1318.75,-1259.5,-1214.25,-1184.800048828125,-1170.699951171875,-1158.56005859375
6986,-1265.1199951171875,0.0,0.0,28.17728042602539,-1265.1199951171875,-1259.5,66.16438293457031,-1391.3599853515625,-1363.9000244140625,-1347.0,-1318.75,-1259.5,-1214.25,-1184.800048828125,-1170.699951171875,-1158.56005859375
6993,-1265.159912109375,0.0,0.0,28.12068748474121,-1265.1600341796875,-1259.5,66.15432739257812,-1391.3599853515625,-1363.9000244140625,-1347.0,-1318.75,-1259.5,-1214.25,-1185.0,-1170.699951171875,-1158.56005859375
7000,-1265.260009765625,0.0,0.0,28.063861846923828,-1265.260009765625,-1259.5,66.11771392822266,-1391.3599853515625,-1363.9000244140625,-1347.0,-1318.75,-1259.5,-1214.25,-1185.0,-1170.699951171875,-1158.56005859375
7007,-1265.3199462890625,0.0,0.0,28.00248908996582,-1265.3199462890625,-1259.5,66.1244125366211,-1391.3599853515625,-1363.9000244140625,-1347.0,-1318.75,-1259.5,-1214.25,-1185.0,-1170.699951171875,-1158.5999755859375
7014,-1265.3199462890625,0.0,0.0,27.9676456451416,-1265.3199462890625,-1259.5,66.1244125366211,-1391.3599853515625,-1363.9000244140625,-1347.0,-1318.75,-1259.5,-1214.25,-1185.0,-1170.699951171875,-1158.5999755859375
7021,-1265.3599853515625,0.0,0.0,27.92473030090332,-1265.3599853515625,-1259.5,66.10182189941406,-1391.3599853515625,-1363.9000244140625,-1347.0,-1318.75,-1259.5,-1214.25,-1186.800048828125,-1170.699951171875,-1158.5999755859375
7028,-1265.5,0.0,0.0,27.87702178955078,-1265.5,-1259.5,65.97795104980469,-1391.3599853515625,-1363.9000244140625,-1347.0,-1318.75,-1259.5,-1214.25,-1187.0,-1170.699951171875,-1158.6400146484375
7035,-1265.5599365234375,0.0,0.0,27.831565856933594,-1265.56005859375,-1259.5,65.88919067382812,-1391.3599853515625,-1363.9000244140625,-1347.0,-1318.75,-1259.5,-1214.25,-1187.0,-1171.0,-1158.6400146484375
7042,-1265.5799560546875,0.0,0.0,27.811378479003906,-1265.5799560546875,-1259.5,65.9078369140625,-1391.3599853515625,-1363.9000244140625,-1347.0,-1318.75,-1259.5,-1214.25,-1187.0,-1171.0,-1158.6400146484375
7049,-1265.6199951171875,0.0,0.0,27.769115447998047,-1265.6199951171875,-1259.5,65.95055389404297,-1391.3599853515625,-1363.9000244140625,-1347.0,-1318.75,-1259.5,-1214.25,-1187.0,-1171.0,-1158.6400146484375
7056,-1265.659912109375,0.0,0.0,27.72249412536621,-1265.6600341796875,-1259.5,65.93135833740234,-1391.3599853515625,-1363.9000244140625,-1347.0,-1318.75,-1259.5,-1214.25,-1187.0,-1171.0,-1158.6400146484375
7063,-1265.699951171875,0.0,0.0,27.667903900146484,-1265.699951171875,-1259.5,65.91244506835938,-1391.3599853515625,-1363.9000244140625,-1347.0,-1318.75,-1259.5,-1214.25,-1187.0,-1171.0,-1158.6400146484375
7070,-1265.719970703125,0.0,0.0,27.635189056396484,-1265.719970703125,-1259.5,65.921630859375,-1391.3599853515625,-1363.9000244140625,-1347.0,-1318.75,-1259.5,-1214.25,-1187.0,-1171.0,-1158.6400146484375
7077,-1265.919921875,0.0,0.0,27.59429931640625,-1265.9200439453125,-1259.5,65.93977355957031,-1391.3599853515625,-1364.0,-1347.0,-1318.75,-1259.5,-1214.25,-1187.0,-1171.0,-1158.6400146484375
7084,-1266.0,0.0,0.0,27.529951095581055,-1266.0,-1259.5,66.05376434326172,-1391.4000244140625,-1364.0,-1347.199951171875,-1318.75,-1259.5,-1214.25,-1187.0,-1171.0,-1158.6400146484375
7091,-1266.0399169921875,0.0,0.0,27.475786209106445,-1266.0400390625,-1259.5,66.0713119506836,-1391.4000244140625,-1364.0,-1347.199951171875,-1318.75,-1259.5,-1214.25,-1187.0,-1171.0,-1158.6400146484375
7098,-1266.0999755859375,0.0,0.0,27.434764862060547,-1266.0999755859375,-1259.5,66.07608032226562,-1391.4000244140625,-1364.0,-1347.199951171875,-1318.75,-1259.5,-1214.25,-1187.0,-1171.0,-1158.6400146484375
7105,-1266.159912109375,0.0,0.0,27.398998260498047,-1266.1600341796875,-1259.5,66.16671752929688,-1391.4000244140625,-1369.699951171875,-1347.199951171875,-1318.75,-1259.5,-1214.25,-1187.0,-1171.0,-1158.6400146484375
7112,-1266.199951171875,0.0,0.0,27.355125427246094,-1266.199951171875,-1259.5,66.1272964477539,-1391.4000244140625,-1369.699951171875,-1347.199951171875,-1318.75,-1259.5,-1214.25,-1187.0,-1171.0,-1158.6400146484375
7119,-1266.2999267578125,0.0,0.0,27.322465896606445,-1266.300048828125,-1259.5,66.17137145996094,-1391.4000244140625,-1369.699951171875,-1347.199951171875,-1318.75,-1259.5,-1214.25,-1187.0,-1171.0,-1158.6400146484375
7126,-1266.3599853515625,0.0,0.0,27.289682388305664,-1266.3599853515625,-1259.5,66.19766235351562,-1391.4000244140625,-1369.699951171875,-1347.199951171875,-1320.25,-1259.5,-1214.25,-1187.0,-1171.0,-1158.6400146484375
7133,-1266.419921875,0.0,0.0,27.25518035888672,-1266.4200439453125,-1259.5,66.2015380859375,-1391.4000244140625,-1369.699951171875,-1347.199951171875,-1320.25,-1259.5,-1214.25,-1187.0,-1171.0,-1160.5999755859375
7140,-1266.5,0.0,0.0,27.212902069091797,-1266.5,-1259.5,66.23692321777344,-1391.4000244140625,-1369.699951171875,-1347.199951171875,-1321.75,-1259.5,-1214.25,-1187.0,-1171.0,-1160.5999755859375
7147,-1266.52001953125,0.0,0.0,27.169647216796875,-1266.52001953125,-1259.5,66.22196960449219,-1391.4000244140625,-1369.699951171875,-1347.199951171875,-1321.75,-1259.5,-1214.25,-1187.0,-1171.0,-1160.5999755859375
7154,-1266.5999755859375,0.0,0.0,27.11507797241211,-1266.5999755859375,-1259.5,66.27081298828125,-1391.4000244140625,-1369.699951171875,-1348.0999755859375,-1321.75,-1259.5,-1214.25,-1187.0,-1171.0,-1160.5999755859375
7161,-1266.659912109375,0.0,0.0,27.049468994140625,-1266.6600341796875,-1259.5,66.23944854736328,-1391.4000244140625,-1369.699951171875,-1348.0999755859375,-1321.75,-1259.5,-1214.25,-1187.0,-1171.0,-1160.5999755859375
7168,-1266.659912109375,0.0,0.0,26.989486694335938,-1266.6600341796875,-1259.5,66.23944854736328,-1391.4000244140625,-1369.699951171875,-1348.0999755859375,-1321.75,-1259.5,-1214.25,-1187.0,-1171.0,-1160.5999755859375
7175,-1266.8399658203125,0.0,0.0,26.940204620361328,-1266.8399658203125,-1259.5,66.34722900390625,-1391.4000244140625,-1369.699951171875,-1348.300048828125,-1321.75,-1259.5,-1214.25,-1187.0,-1172.9000244140625,-1160.5999755859375
7182,-1266.9000244140625,0.0,0.0,26.906034469604492,-1266.9000244140625,-1259.5,66.2939682006836,-1391.4000244140625,-1369.699951171875,-1348.300048828125,-1321.75,-1259.5,-1214.25,-1187.0,-1172.9000244140625,-1160.5999755859375
7189,-1266.97998046875,0.0,0.0,26.86883544921875,-1266.97998046875,-1259.5,66.2949447631836,-1391.4000244140625,-1369.699951171875,-1348.300048828125,-1321.75,-1259.5,-1214.25,-1187.0,-1172.9000244140625,-1160.5999755859375
7196,-1267.0,0.0,0.0,26.81356430053711,-1267.0,-1259.5,66.2846908569336,-1391.4000244140625,-1369.699951171875,-1348.300048828125,-1321.75,-1259.5,-1214.25,-1187.0,-1172.9000244140625,-1160.5999755859375
7203,-1267.0599365234375,0.0,0.0,26.762460708618164,-1267.06005859375,-1259.5,66.2982406616211,-1391.4000244140625,-1369.699951171875,-1348.300048828125,-1321.75,-1259.5,-1214.25,-1187.0,-1172.9000244140625,-1160.5999755859375
7210,-1267.1199951171875,0.0,0.0,26.714759826660156,-1267.1199951171875,-1259.5,66.24081420898438,-1391.4000244140625,-1369.699951171875,-1348.300048828125,-1321.75,-1259.5,-1215.75,-1187.0,-1172.9000244140625,-1160.5999755859375
7217,-1267.179931640625,0.0,0.0,26.673274993896484,-1267.1800537109375,-1259.5,66.25215148925781,-1391.4000244140625,-1369.699951171875,-1350.0999755859375,-1321.75,-1259.5,-1215.75,-1187.0,-1172.9000244140625,-1160.5999755859375
7224,-1267.2999267578125,0.0,0.0,26.625186920166016,-1267.300048828125,-1261.0,66.24235534667969,-1391.4000244140625,-1369.699951171875,-1350.0999755859375,-1321.75,-1261.0,-1215.75,-1187.0,-1172.9000244140625,-1160.5999755859375
7231,-1267.3399658203125,0.0,0.0,26.58674430847168,-1267.3399658203125,-1261.0,66.2608871459961,-1391.4000244140625,-1369.699951171875,-1350.0999755859375,-1321.75,-1261.0,-1215.75,-1187.0,-1172.9000244140625,-1160.5999755859375
7238,-1267.419921875,0.0,0.0,26.54736328125,-1267.4200439453125,-1262.5,66.2555923461914,-1391.4000244140625,-1369.699951171875,-1350.0999755859375,-1321.75,-1262.5,-1215.75,-1187.0,-1172.9000244140625,-1160.5999755859375
7245,-1267.52001953125,0.0,0.0,26.514272689819336,-1267.52001953125,-1262.5,66.33724212646484,-1391.4000244140625,-1369.699951171875,-1350.0999755859375,-1321.75,-1262.5,-1215.75,-1187.0,-1172.9000244140625,-1160.5999755859375
7252,-1267.659912109375,0.0,0.0,26.479310989379883,-1267.6600341796875,-1262.5,66.40078735351562,-1391.43994140625,-1369.699951171875,-1350.0999755859375,-1321.75,-1262.5,-1215.75,-1187.0,-1172.9000244140625,-1160.5999755859375
7259,-1267.760009765625,0.0,0.0,26.426803588867188,-1267.760009765625,-1262.5,66.40664672851562,-1391.43994140625,-1369.699951171875,-1351.0999755859375,-1321.75,-1262.5,-1215.75,-1187.0,-1173.0,-1160.5999755859375
7266,-1267.7999267578125,0.0,0.0,26.3801212310791,-1267.800048828125,-1262.5,66.4115982055664,-1391.43994140625,-1369.699951171875,-1351.0999755859375,-1321.75,-1262.5,-1215.75,-1187.0,-1173.0,-1160.5999755859375
7273,-1267.9599609375,0.0,0.0,26.33253288269043,-1267.9599609375,-1262.5,66.54486083984375,-1391.43994140625,-1369.699951171875,-1351.0999755859375,-1321.75,-1262.5,-1215.75,-1187.0,-1173.0,-1162.56005859375
7280,-1268.0,0.0,0.0,26.28854751586914,-1268.0,-1262.5,66.54216766357422,-1391.43994140625,-1369.699951171875,-1351.0999755859375,-1321.75,-1262.5,-1215.75,-1187.0,-1173.0,-1162.56005859375
7287,-1268.0399169921875,0.0,0.0,26.245153427124023,-1268.0400390625,-1262.5,66.52532196044922,-1391.43994140625,-1369.699951171875,-1351.0999755859375,-1321.75,-1262.5,-1215.75,-1187.0,-1173.0,-1162.56005859375
7294,-1268.1199951171875,0.0,0.0,26.21977424621582,-1268.1199951171875,-1262.5,66.49514770507812,-1391.43994140625,-1369.699951171875,-1351.0999755859375,-1321.75,-1262.5,-1215.75,-1187.0,-1173.0,-1162.56005859375
7301,-1268.199951171875,0.0,0.0,26.189476013183594,-1268.199951171875,-1262.5,66.42032623291016,-1391.43994140625,-1369.699951171875,-1351.0999755859375,-1321.75,-1262.5,-1215.75,-1187.0,-1173.0,-1162.56005859375
7308,-1268.199951171875,0.0,0.0,26.1497802734375,-1268.199951171875,-1262.5,66.42032623291016,-1391.43994140625,-1369.699951171875,-1351.0999755859375,-1321.75,-1262.5,-1215.75,-1187.0,-1173.0,-1162.56005859375
7315,-1268.239990234375,0.0,0.0,26.115306854248047,-1268.239990234375,-1262.5,66.42802429199219,-1391.43994140625,-1369.699951171875,-1351.0999755859375,-1321.75,-1262.5,-1215.75,-1187.0,-1173.0,-1162.56005859375
7322,-1268.260009765625,0.0,0.0,26.069503784179688,-1268.260009765625,-1262.5,66.45082092285156,-1391.43994140625,-1369.699951171875,-1351.0999755859375,-1321.75,-1262.5,-1215.75,-1187.0,-1173.0,-1162.56005859375
7329,-1268.260009765625,0.0,0.0,26.0219669342041,-1268.260009765625,-1262.5,66.45082092285156,-1391.43994140625,-1369.699951171875,-1351.0999755859375,-1321.75,-1262.5,-1215.75,-1187.0,-1173.0,-1162.56005859375
7336,-1268.280029296875,0.0,0.0,25.984859466552734,-1268.280029296875,-1262.5,66.4447250366211,-1391.43994140625,-1369.699951171875,-1351.0999755859375,-1321.75,-1262.5,-1215.75,-1187.0,-1173.0,-1162.56005859375
7343,-1268.3199462890625,0.0,0.0,25.94651222229004,-1268.3199462890625,-1262.5,66.46050262451172,-1391.43994140625,-1369.699951171875,-1351.0999755859375,-1321.75,-1262.5,-1215.75,-1187.0,-1173.0,-1162.56005859375
7350,-1268.3599853515625,0.0,0.0,25.90168571472168,-1268.3599853515625,-1262.5,66.47232818603516,-1391.43994140625,-1369.699951171875,-1351.0999755859375,-1321.75,-1262.5,-1215.75,-1187.0,-1173.0,-1162.56005859375
7357,-1268.419921875,0.0,0.0,25.852684020996094,-1268.4200439453125,-1262.5,66.52009582519531,-1391.43994140625,-1369.699951171875,-1351.0999755859375,-1321.75,-1262.5,-1215.75,-1187.0,-1173.0,-1162.56005859375
7364,-1268.4599609375,0.0,0.0,25.81729507446289,-1268.4599609375,-1262.5,66.4048843383789,-1391.43994140625,-1369.699951171875,-1351.0999755859375,-1321.75,-1262.5,-1215.75,-1187.0,-1173.0,-1162.56005859375
7371,-1268.5,0.0,0.0,25.77924346923828,-1268.5,-1262.5,66.34493255615234,-1391.43994140625,-1369.699951171875,-1351.0999755859375,-1321.75,-1262.5,-1215.75,-1187.0,-1174.9000244140625,-1162.56005859375
7378,-1268.5399169921875,0.0,0.0,25.735492706298828,-1268.5400390625,-1262.5,66.31175231933594,-1391.43994140625,-1369.699951171875,-1351.0999755859375,-1321.75,-1262.5,-1215.75,-1187.0,-1174.9000244140625,-1162.56005859375
7385,-1268.5399169921875,0.0,0.0,25.690650939941406,-1268.5400390625,-1262.5,66.31175231933594,-1391.43994140625,-1369.699951171875,-1351.0999755859375,-1321.75,-1262.5,-1215.75,-1187.0,-1174.9000244140625,-1162.56005859375
7392,-1268.5799560546875,0.0,0.0,25.6480712890625,-1268.5799560546875,-1262.5,66.28667449951172,-1391.43994140625,-1369.699951171875,-1351.0999755859375,-1321.75,-1262.5,-1215.75,-1187.0,-1174.9000244140625,-1162.56005859375
7399,-1268.5999755859375,0.0,0.0,25.599666595458984,-1268.5999755859375,-1262.5,66.28529357910156,-1391.43994140625,-1369.699951171875,-1351.0999755859375,-1321.75,-1262.5,-1215.75,-1187.0,-1174.9000244140625,-1162.56005859375
7406,-1268.659912109375,0.0,0.0,25.56617546081543,-1268.6600341796875,-1262.5,66.31790161132812,-1391.43994140625,-1369.699951171875,-1352.0999755859375,-1321.75,-1262.5,-1215.75,-1187.0,-1174.9000244140625,-1162.56005859375
7413,-1268.679931640625,0.0,0.0,25.521732330322266,-1268.6800537109375,-1262.5,66.32131958007812,-1391.43994140625,-1369.699951171875,-1352.0999755859375,-1321.75,-1262.5,-1215.75,-1187.0,-1174.9000244140625,-1162.56005859375
7420,-1268.719970703125,0.0,0.0,25.476879119873047,-1268.719970703125,-1262.5,66.26659393310547,-1391.43994140625,-1369.699951171875,-1352.0999755859375,-1321.75,-1262.5,-1215.75,-1187.0,-1174.9000244140625,-1162.56005859375
7427,-1268.7999267578125,0.0,0.0,25.438989639282227,-1268.800048828125,-1262.5,66.26325988769531,-1391.43994140625,-1369.699951171875,-1352.0999755859375,-1321.75,-1262.5,-1216.75,-1187.0,-1174.9000244140625,-1162.56005859375
7434,-1268.7999267578125,0.0,0.0,25.396514892578125,-1268.800048828125,-1262.5,66.26325988769531,-1391.43994140625,-1369.699951171875,-1352.0999755859375,-1321.75,-1262.5,-1216.75,-1187.0,-1174.9000244140625,-1162.56005859375
7441,-1268.7999267578125,0.0,0.0,25.35185432434082,-1268.800048828125,-1262.5,66.26325988769531,-1391.43994140625,-1369.699951171875,-1352.0999755859375,-1321.75,-1262.5,-1216.75,-1187.0,-1174.9000244140625,-1162.56005859375
7448,-1268.8399658203125,0.0,0.0,25.312030792236328,-1268.8399658203125,-1262.5,66.212646484375,-1391.43994140625,-1369.699951171875,-1352.0999755859375,-1321.75,-1262.5,-1216.75,-1187.0,-1174.9000244140625,-1162.56005859375
7455,-1268.93994140625,0.0,0.0,25.276256561279297,-1268.93994140625,-1262.5,66.24995422363281,-1391.43994140625,-1369.699951171875,-1352.0999755859375,-1321.75,-1262.5,-1216.75,-1187.0,-1174.9000244140625,-1162.56005859375
7462,-1268.97998046875,0.0,0.0,25.234798431396484,-1268.97998046875,-1262.5,66.22250366210938,-1391.43994140625,-1369.699951171875,-1352.0999755859375,-1321.75,-1262.5,-1216.75,-1187.0,-1174.9000244140625,-1162.56005859375
7469,-1269.02001953125,0.0,0.0,25.192655563354492,-1269.02001953125,-1262.5,66.25088500976562,-1391.43994140625,-1369.699951171875,-1352.0999755859375,-1321.75,-1262.5,-1216.75,-1187.0,-1174.9000244140625,-1162.56005859375
7476,-1269.0799560546875,0.0,0.0,25.15900421142578,-1269.0799560546875,-1262.5,66.26502990722656,-1391.43994140625,-1369.699951171875,-1352.0999755859375,-1321.75,-1262.5,-1216.75,-1187.0,-1174.9000244140625,-1162.56005859375
7483,-1269.0999755859375,0.0,0.0,25.111785888671875,-1269.0999755859375,-1262.5,66.24295806884766,-1391.43994140625,-1369.699951171875,-1352.0999755859375,-1321.75,-1262.5,-1216.75,-1187.0,-1174.9000244140625,-1162.56005859375
7490,-1269.1400146484375,0.0,0.0,25.061351776123047,-1269.1400146484375,-1262.5,66.24470520019531,-1391.43994140625,-1369.699951171875,-1352.0999755859375,-1321.75,-1262.5,-1216.75,-1187.0,-1174.9000244140625,-1162.56005859375
7497,-1269.239990234375,0.0,0.0,25.010526657104492,-1269.239990234375,-1262.5,66.2262954711914,-1391.43994140625,-1369.699951171875,-1352.0999755859375,-1321.75,-1262.5,-1216.75,-1187.0,-1174.9000244140625,-1162.56005859375
7504,-1269.3199462890625,0.0,0.0,24.976083755493164,-1269.3199462890625,-1262.5,66.21810150146484,-1391.47998046875,-1369.699951171875,-1352.0999755859375,-1321.75,-1262.5,-1216.75,-1187.0,-1174.9000244140625,-1162.56005859375
7511,-1269.3199462890625,0.0,0.0,24.929826736450195,-1269.3199462890625,-1262.5,66.21810150146484,-1391.47998046875,-1369.699951171875,-1352.0999755859375,-1321.75,-1262.5,-1216.75,-1187.0,-1174.9000244140625,-1162.56005859375
7518,-1269.3599853515625,0.0,0.0,24.890302658081055,-1269.3599853515625,-1262.5,66.19644927978516,-1391.47998046875,-1369.699951171875,-1352.0999755859375,-1321.75,-1262.5,-1216.75,-1187.0,-1174.9000244140625,-1162.56005859375
7525,-1269.419921875,0.0,0.0,24.85471534729004,-1269.4200439453125,-1262.5,66.2211685180664,-1391.47998046875,-1369.699951171875,-1352.0999755859375,-1321.75,-1262.5,-1216.75,-1187.0,-1174.9000244140625,-1162.56005859375
7532,-1269.43994140625,0.0,0.0,24.805316925048828,-1269.43994140625,-1262.5,66.20774841308594,-1391.47998046875,-1369.699951171875,-1352.0999755859375,-1321.75,-1262.5,-1216.75,-1187.0,-1174.9000244140625,-1162.56005859375
7539,-1269.47998046875,0.0,0.0,24.764371871948242,-1269.47998046875,-1262.5,66.17151641845703,-1391.47998046875,-1369.699951171875,-1352.0999755859375,-1321.75,-1262.5,-1216.75,-1187.0,-1174.9000244140625,-1162.56005859375
7546,-1269.5,0.0,0.0,24.71759796142578,-1269.5,-1262.5,66.18949890136719,-1391.47998046875,-1369.699951171875,-1352.0999755859375,-1321.75,-1262.5,-1216.75,-1187.0,-1174.9000244140625,-1162.56005859375
7553,-1269.5399169921875,0.0,0.0,24.68437957763672,-1269.5400390625,-1262.5,66.1780014038086,-1391.47998046875,-1369.699951171875,-1352.0999755859375,-1321.75,-1262.5,-1216.75,-1187.0,-1174.9000244140625,-1162.56005859375
7560,-1269.6199951171875,0.0,0.0,24.640079498291016,-1269.6199951171875,-1262.5,66.1540298461914,-1391.47998046875,-1369.699951171875,-1352.0999755859375,-1321.75,-1262.5,-1216.75,-1188.800048828125,-1174.9000244140625,-1162.56005859375
7567,-1269.6400146484375,0.0,0.0,24.603763580322266,-1269.6400146484375,-1262.5,66.16018676757812,-1391.47998046875,-1369.699951171875,-1352.0999755859375,-1321.75,-1262.5,-1216.75,-1188.800048828125,-1174.9000244140625,-1162.56005859375
7574,-1269.659912109375,0.0,0.0,24.562816619873047,-1269.6600341796875,-1262.5,66.17872619628906,-1391.47998046875,-1369.699951171875,-1352.0999755859375,-1321.75,-1262.5,-1216.75,-1188.800048828125,-1174.9000244140625,-1162.56005859375
7581,-1269.760009765625,0.0,0.0,24.51059913635254,-1269.760009765625,-1262.5,66.22810363769531,-1391.47998046875,-1369.699951171875,-1353.0999755859375,-1321.75,-1262.5,-1216.75,-1188.800048828125,-1174.9000244140625,-1162.56005859375
7588,-1269.8399658203125,0.0,0.0,24.46955680847168,-1269.8399658203125,-1262.5,66.27544403076172,-1391.47998046875,-1369.699951171875,-1353.0999755859375,-1321.75,-1262.5,-1217.0,-1188.800048828125,-1174.9000244140625,-1162.56005859375
7595,-1269.9000244140625,0.0,0.0,24.431142807006836,-1269.9000244140625,-1263.5,66.24688720703125,-1391.47998046875,-1369.699951171875,-1353.0999755859375,-1321.75,-1263.5,-1217.0,-1188.800048828125,-1174.9000244140625,-1162.56005859375
7602,-1269.9599609375,0.0,0.0,24.398752212524414,-1269.9599609375,-1263.5,66.24392700195312,-1391.47998046875,-1369.699951171875,-1353.0999755859375,-1321.75,-1263.5,-1217.0,-1188.800048828125,-1174.9000244140625,-1162.56005859375
7609,-1270.0599365234375,0.0,0.0,24.355558395385742,-1270.06005859375,-1264.5,66.2088851928711,-1391.47998046875,-1369.699951171875,-1353.0999755859375,-1321.75,-1264.5,-1217.0,-1189.0,-1174.9000244140625,-1162.56005859375
7616,-1270.0599365234375,0.0,0.0,24.31340217590332,-1270.06005859375,-1264.5,66.2088851928711,-1391.47998046875,-1369.699951171875,-1353.0999755859375,-1321.75,-1264.5,-1217.0,-1189.0,-1174.9000244140625,-1162.56005859375
7623,-1270.0799560546875,0.0,0.0,24.26519012451172,-1270.0799560546875,-1264.5,66.20584106445312,-1391.47998046875,-1369.699951171875,-1353.0999755859375,-1321.75,-1264.5,-1217.0,-1189.0,-1174.9000244140625,-1162.56005859375
7630,-1270.0799560546875,0.0,0.0,24.225873947143555,-1270.0799560546875,-1264.5,66.20584106445312,-1391.47998046875,-1369.699951171875,-1353.0999755859375,-1321.75,-1264.5,-1217.0,-1189.0,-1174.9000244140625,-1162.56005859375
7637,-1270.1400146484375,0.0,0.0,24.18089485168457,-1270.1400146484375,-1264.5,66.28424072265625,-1391.47998046875,-1369.800048828125,-1353.0999755859375,-1321.75,-1264.5,-1217.0,-1189.0,-1174.9000244140625,-1162.56005859375
7644,-1270.199951171875,0.0,0.0,24.149410247802734,-1270.199951171875,-1264.5,66.28740692138672,-1391.47998046875,-1369.800048828125,-1353.0999755859375,-1321.75,-1264.5,-1217.0,-1189.0,-1174.9000244140625,-1162.56005859375
7651,-1270.260009765625,0.0,0.0,24.11591339111328,-1270.260009765625,-1264.5,66.28508758544922,-1391.47998046875,-1369.800048828125,-1353.0999755859375,-1322.25,-1264.5,-1217.0,-1189.0,-1174.9000244140625,-1162.56005859375
7658,-1270.2999267578125,0.0,0.0,24.074604034423828,-1270.300048828125,-1264.5,66.26499938964844,-1391.47998046875,-1369.800048828125,-1353.0999755859375,-1322.25,-1264.5,-1217.0,-1189.0,-1174.9000244140625,-1162.56005859375
7665,-1270.3399658203125,0.0,0.0,24.036396026611328,-1270.3399658203125,-1264.5,66.27204132080078,-1391.47998046875,-1369.800048828125,-1353.0999755859375,-1322.25,-1264.5,-1217.0,-1189.0,-1174.9000244140625,-1162.56005859375
7672,-1270.3399658203125,0.0,0.0,24.007875442504883,-1270.3399658203125,-1264.5,66.27204132080078,-1391.47998046875,-1369.800048828125,-1353.0999755859375,-1322.25,-1264.5,-1217.0,-1189.0,-1174.9000244140625,-1162.56005859375
7679,-1270.47998046875,0.0,0.0,23.971879959106445,-1270.47998046875,-1264.5,66.30467224121094,-1391.47998046875,-1369.800048828125,-1353.0999755859375,-1322.25,-1264.5,-1217.0,-1189.0,-1174.9000244140625,-1162.56005859375
7686,-1270.47998046875,0.0,0.0,23.932342529296875,-1270.47998046875,-1264.5,66.30467224121094,-1391.47998046875,-1369.800048828125,-1353.0999755859375,-1322.25,-1264.5,-1217.0,-1189.0,-1174.9000244140625,-1162.56005859375
7693,-1270.5999755859375,0.0,0.0,23.88545036315918,-1270.5999755859375,-1264.5,66.03286743164062,-1391.47998046875,-1369.800048828125,-1353.0999755859375,-1322.25,-1264.5,-1217.0,-1189.0,-1174.9000244140625,-1162.56005859375
7700,-1270.5999755859375,0.0,0.0,23.848201751708984,-1270.5999755859375,-1264.5,66.03286743164062,-1391.47998046875,-1369.800048828125,-1353.0999755859375,-1322.25,-1264.5,-1217.0,-1189.0,-1174.9000244140625,-1162.56005859375
7707,-1270.6199951171875,0.0,0.0,23.800922393798828,-1270.6199951171875,-1265.5,66.03147888183594,-1391.47998046875,-1369.800048828125,-1353.0999755859375,-1322.25,-1265.5,-1217.0,-1189.0,-1174.9000244140625,-1162.56005859375
7714,-1270.6400146484375,0.0,0.0,23.75778579711914,-1270.6400146484375,-1265.5,66.04400634765625,-1391.47998046875,-1369.800048828125,-1353.0999755859375,-1322.25,-1265.5,-1217.0,-1189.0,-1174.9000244140625,-1162.56005859375
7721,-1270.659912109375,0.0,0.0,23.71439552307129,-1270.6600341796875,-1265.5,66.03713989257812,-1391.47998046875,-1369.800048828125,-1353.0999755859375,-1322.25,-1265.5,-1217.0,-1189.0,-1174.9000244140625,-1162.56005859375
7728,-1270.760009765625,0.0,0.0,23.67720603942871,-1270.760009765625,-1265.5,66.02001953125,-1391.47998046875,-1369.800048828125,-1353.0999755859375,-1322.25,-1265.5,-1217.0,-1189.0,-1174.9000244140625,-1162.56005859375
7735,-1270.7999267578125,0.0,0.0,23.643619537353516,-1270.800048828125,-1265.5,65.96984100341797,-1391.47998046875,-1369.800048828125,-1353.0999755859375,-1322.25,-1265.5,-1217.0,-1189.9000244140625,-1174.9000244140625,-1162.56005859375
7742,-1270.8399658203125,0.0,0.0,23.611331939697266,-1270.8399658203125,-1265.5,65.94508361816406,-1391.47998046875,-1369.800048828125,-1353.0999755859375,-1322.25,-1265.5,-1217.0,-1189.9000244140625,-1174.9000244140625,-1162.56005859375
7749,-1270.8800048828125,0.0,0.0,23.571828842163086,-1270.8800048828125,-1265.5,65.98124694824219,-1391.47998046875,-1369.800048828125,-1353.0999755859375,-1322.25,-1265.5,-1217.0,-1189.9000244140625,-1174.9000244140625,-1162.56005859375
7756,-1270.8800048828125,0.0,0.0,23.52876853942871,-1270.8800048828125,-1265.5,65.98124694824219,-1391.47998046875,-1369.800048828125,-1353.0999755859375,-1322.25,-1265.5,-1217.0,-1189.9000244140625,-1174.9000244140625,-1162.56005859375
7763,-1270.9000244140625,0.0,0.0,23.49120330810547,-1270.9000244140625,-1265.5,65.95187377929688,-1391.47998046875,-1369.800048828125,-1353.0999755859375,-1322.25,-1265.5,-1217.0,-1189.9000244140625,-1175.0,-1162.56005859375
7770,-1270.93994140625,0.0,0.0,23.44556999206543,-1270.93994140625,-1265.5,65.98527526855469,-1391.47998046875,-1369.800048828125,-1353.0999755859375,-1322.25,-1265.5,-1217.0,-1189.9000244140625,-1175.0,-1162.56005859375
7777,-1270.9599609375,0.0,0.0,23.412738800048828,-1270.9599609375,-1265.5,65.99044036865234,-1391.47998046875,-1369.800048828125,-1353.0999755859375,-1322.25,-1265.5,-1217.0,-1189.9000244140625,-1175.0,-1162.56005859375
7784,-1271.0,0.0,0.0,23.371517181396484,-1271.0,-1265.5,65.9649887084961,-1391.47998046875,-1369.800048828125,-1353.0999755859375,-1322.25,-1265.5,-1217.0,-1189.9000244140625,-1175.0,-1162.56005859375
7791,-1271.0599365234375,0.0,0.0,23.336088180541992,-1271.06005859375,-1265.5,65.90581512451172,-1391.47998046875,-1369.800048828125,-1353.0999755859375,-1322.25,-1265.5,-1217.0,-1189.9000244140625,-1175.0,-1162.56005859375
7798,-1271.0599365234375,0.0,0.0,23.288646697998047,-1271.06005859375,-1265.5,65.90581512451172,-1391.47998046875,-1369.800048828125,-1353.0999755859375,-1322.25,-1265.5,-1217.0,-1189.9000244140625,-1175.0,-1162.56005859375
7805,-1271.0999755859375,0.0,0.0,23.252052307128906,-1271.0999755859375,-1265.5,65.92852020263672,-1391.47998046875,-1369.800048828125,-1353.0999755859375,-1322.25,-1265.5,-1217.0,-1189.9000244140625,-1175.0,-1162.56005859375
7812,-1271.1199951171875,0.0,0.0,23.21994972229004,-1271.1199951171875,-1265.5,65.93879699707031,-1391.47998046875,-1369.800048828125,-1353.0999755859375,-1322.25,-1265.5,-1217.0,-1189.9000244140625,-1175.0,-1162.56005859375
7819,-1271.1199951171875,0.0,0.0,23.186752319335938,-1271.1199951171875,-1265.5,65.93879699707031,-1391.47998046875,-1369.800048828125,-1353.0999755859375,-1322.25,-1265.5,-1217.0,-1189.9000244140625,-1175.0,-1162.56005859375
7826,-1271.159912109375,0.0,0.0,23.158222198486328,-1271.1600341796875,-1265.5,65.92536926269531,-1391.47998046875,-1369.800048828125,-1353.0999755859375,-1323.75,-1265.5,-1217.0,-1189.9000244140625,-1176.9000244140625,-1162.56005859375
7833,-1271.199951171875,0.0,0.0,23.126962661743164,-1271.199951171875,-1265.5,65.8985595703125,-1391.47998046875,-1369.800048828125,-1353.0999755859375,-1323.75,-1265.5,-1218.5,-1189.9000244140625,-1176.9000244140625,-1162.56005859375
7840,-1271.2999267578125,0.0,0.0,23.09202003479004,-1271.300048828125,-1265.5,65.93428802490234,-1391.47998046875,-1369.800048828125,-1353.0999755859375,-1323.75,-1265.5,-1218.5,-1189.9000244140625,-1176.9000244140625,-1162.56005859375
7847,-1271.4000244140625,0.0,0.0,23.055395126342773,-1271.4000244140625,-1266.5,65.96741485595703,-1391.47998046875,-1369.800048828125,-1353.0999755859375,-1323.75,-1266.5,-1218.5,-1189.9000244140625,-1176.9000244140625,-1162.56005859375
7854,-1271.52001953125,0.0,0.0,23.018579483032227,-1271.52001953125,-1266.5,66.02476501464844,-1391.47998046875,-1369.800048828125,-1353.0999755859375,-1323.75,-1266.5,-1218.5,-1189.9000244140625,-1176.9000244140625,-1162.56005859375
7861,-1271.52001953125,0.0,0.0,22.987483978271484,-1271.52001953125,-1266.5,66.02476501464844,-1391.47998046875,-1369.800048828125,-1353.0999755859375,-1323.75,-1266.5,-1218.5,-1189.9000244140625,-1176.9000244140625,-1162.56005859375
7868,-1271.5399169921875,0.0,0.0,22.950769424438477,-1271.5400390625,-1266.5,65.99217987060547,-1391.47998046875,-1369.800048828125,-1353.0999755859375,-1323.75,-1266.5,-1218.5,-1189.9000244140625,-1176.9000244140625,-1164.52001953125
7875,-1271.5799560546875,0.0,0.0,22.92180061340332,-1271.5799560546875,-1266.5,65.99820709228516,-1391.47998046875,-1369.800048828125,-1354.0,-1323.75,-1266.5,-1218.5,-1189.9000244140625,-1176.9000244140625,-1164.52001953125
7882,-1271.6400146484375,0.0,0.0,22.878808975219727,-1271.6400146484375,-1267.5,65.95096588134766,-1391.47998046875,-1369.800048828125,-1354.0,-1323.75,-1267.5,-1218.5,-1189.9000244140625,-1176.9000244140625,-1164.52001953125
7889,-1271.679931640625,0.0,0.0,22.84095573425293,-1271.6800537109375,-1267.5,65.92266845703125,-1391.47998046875,-1369.800048828125,-1354.0,-1323.75,-1267.5,-1218.5,-1189.9000244140625,-1176.9000244140625,-1164.52001953125
7896,-1271.739990234375,0.0,0.0,22.811161041259766,-1271.739990234375,-1267.5,65.94779968261719,-1391.52001953125,-1369.800048828125,-1354.0,-1323.75,-1267.5,-1218.5,-1189.9000244140625,-1176.9000244140625,-1164.52001953125
7903,-1271.7999267578125,0.0,0.0,22.77996826171875,-1271.800048828125,-1267.5,65.9743881225586,-1391.52001953125,-1369.800048828125,-1354.0,-1323.75,-1267.5,-1218.5,-1189.9000244140625,-1176.9000244140625,-1164.52001953125
7910,-1271.8599853515625,0.0,0.0,22.752216339111328,-1271.8599853515625,-1267.5,65.97757720947266,-1391.52001953125,-1369.800048828125,-1354.0,-1323.75,-1267.5,-1218.5,-1189.9000244140625,-1176.9000244140625,-1164.52001953125
7917,-1271.8800048828125,0.0,0.0,22.71094512939453,-1271.8800048828125,-1267.5,65.96973419189453,-1391.52001953125,-1369.800048828125,-1354.0,-1323.75,-1267.5,-1218.5,-1189.9000244140625,-1176.9000244140625,-1164.52001953125
7924,-1271.919921875,0.0,0.0,22.671504974365234,-1271.9200439453125,-1267.5,65.96918487548828,-1391.52001953125,-1369.800048828125,-1354.0,-1323.75,-1267.5,-1218.5,-1190.9000244140625,-1176.9000244140625,-1164.52001953125
7931,-1271.9599609375,0.0,0.0,22.630876541137695,-1271.9599609375,-1267.5,65.95467376708984,-1391.52001953125,-1369.800048828125,-1354.0,-1323.75,-1267.5,-1218.5,-1191.0,-1176.9000244140625,-1164.52001953125
7938,-1272.1199951171875,0.0,0.0,22.60369300842285,-1272.1199951171875,-1267.5,65.9457778930664,-1391.52001953125,-1369.800048828125,-1354.0,-1323.75,-1267.5,-1219.0,-1191.0,-1176.9000244140625,-1164.52001953125
7945,-1272.179931640625,0.0,0.0,22.573104858398438,-1272.1800537109375,-1267.5,65.93472290039062,-1391.52001953125,-1369.800048828125,-1354.0999755859375,-1323.75,-1267.5,-1219.0,-1191.0,-1176.9000244140625,-1164.52001953125
7952,-1272.179931640625,0.0,0.0,22.54718017578125,-1272.1800537109375,-1267.5,65.93472290039062,-1391.52001953125,-1369.800048828125,-1354.0999755859375,-1323.75,-1267.5,-1219.0,-1191.0,-1176.9000244140625,-1164.52001953125
7959,-1272.219970703125,0.0,0.0,22.50979995727539,-1272.219970703125,-1267.5,65.94066619873047,-1391.52001953125,-1369.800048828125,-1354.0999755859375,-1323.75,-1267.5,-1219.0,-1191.0,-1176.9000244140625,-1164.52001953125
7966,-1272.239990234375,0.0,0.0,22.471466064453125,-1272.239990234375,-1267.5,65.9630355834961,-1391.52001953125,-1369.800048828125,-1354.0999755859375,-1323.75,-1267.5,-1219.0,-1191.0,-1176.9000244140625,-1164.52001953125
7973,-1272.260009765625,0.0,0.0,22.44170379638672,-1272.260009765625,-1267.5,65.95690155029297,-1391.52001953125,-1369.800048828125,-1354.0999755859375,-1323.75,-1267.5,-1219.0,-1191.0,-1176.9000244140625,-1164.52001953125
7980,-1272.280029296875,0.0,0.0,22.412633895874023,-1272.280029296875,-1267.5,65.97925567626953,-1391.52001953125,-1369.800048828125,-1354.0999755859375,-1323.75,-1267.5,-1219.0,-1191.0,-1176.9000244140625,-1164.52001953125
7987,-1272.3599853515625,0.0,0.0,22.372156143188477,-1272.3599853515625,-1267.5,65.95703887939453,-1391.52001953125,-1369.800048828125,-1354.0999755859375,-1323.75,-1267.5,-1219.0,-1191.0,-1177.0,-1164.52001953125
7994,-1272.3800048828125,0.0,0.0,22.345205307006836,-1272.3800048828125,-1267.5,65.97207641601562,-1391.52001953125,-1369.800048828125,-1354.0999755859375,-1323.75,-1267.5,-1219.0,-1191.0,-1177.0,-1164.52001953125
8001,-1272.47998046875,0.0,0.0,22.318065643310547,-1272.47998046875,-1267.5,65.87435150146484,-1391.52001953125,-1369.800048828125,-1354.0999755859375,-1323.75,-1267.5,-1219.0,-1191.0,-1178.9000244140625,-1164.56005859375
8008,-1272.47998046875,0.0,0.0,22.28350067138672,-1272.47998046875,-1267.5,65.87435150146484,-1391.52001953125,-1369.800048828125,-1354.0999755859375,-1323.75,-1267.5,-1219.0,-1191.0,-1178.9000244140625,-1164.56005859375
8015,-1272.5599365234375,0.0,0.0,22.24457550048828,-1272.56005859375,-1267.5,65.83666229248047,-1391.52001953125,-1369.800048828125,-1354.0999755859375,-1323.75,-1267.5,-1219.0,-1191.0,-1178.9000244140625,-1164.56005859375
8022,-1272.5799560546875,0.0,0.0,22.210262298583984,-1272.5799560546875,-1267.5,65.84772491455078,-1391.52001953125,-1369.800048828125,-1354.0999755859375,-1323.75,-1267.5,-1219.0,-1191.0,-1178.9000244140625,-1164.56005859375
8029,-1272.6400146484375,0.0,0.0,22.176437377929688,-1272.6400146484375,-1267.5,65.86083984375,-1391.52001953125,-1369.800048828125,-1354.0999755859375,-1323.75,-1267.5,-1219.0,-1191.0,-1178.9000244140625,-1164.56005859375
8036,-1272.8199462890625,0.0,0.0,22.136857986450195,-1272.8199462890625,-1267.5,65.81965637207031,-1391.52001953125,-1369.800048828125,-1354.0999755859375,-1323.75,-1267.5,-1219.0,-1191.0,-1178.9000244140625,-1164.56005859375
8043,-1272.8599853515625,0.0,0.0,22.106185913085938,-1272.8599853515625,-1267.5,65.79788208007812,-1391.52001953125,-1369.800048828125,-1354.0999755859375,-1323.75,-1267.5,-1219.0,-1191.0,-1178.9000244140625,-1166.52001953125
8050,-1272.8599853515625,0.0,0.0,22.07882308959961,-1272.8599853515625,-1267.5,65.79788208007812,-1391.52001953125,-1369.800048828125,-1354.0999755859375,-1323.75,-1267.5,-1219.0,-1191.0,-1178.9000244140625,-1166.52001953125
8057,-1272.8800048828125,0.0,0.0,22.03986358642578,-1272.8800048828125,-1267.5,65.77997589111328,-1391.52001953125,-1369.800048828125,-1354.0999755859375,-1323.75,-1267.5,-1219.0,-1191.0,-1178.9000244140625,-1166.52001953125
8064,-1272.9000244140625,0.0,0.0,22.001737594604492,-1272.9000244140625,-1267.5,65.77362823486328,-1391.52001953125,-1369.800048828125,-1354.0999755859375,-1323.75,-1267.5,-1219.0,-1191.0,-1178.9000244140625,-1166.52001953125
8071,-1273.0,0.0,0.0,21.963579177856445,-1273.0,-1267.5,65.78890991210938,-1391.52001953125,-1369.800048828125,-1354.0999755859375,-1323.75,-1267.5,-1219.0,-1191.0,-1178.9000244140625,-1166.52001953125
8078,-1273.0399169921875,0.0,0.0,21.92659568786621,-1273.0400390625,-1267.5,65.822021484375,-1392.5,-1369.800048828125,-1354.0999755859375,-1323.75,-1267.5,-1219.0,-1191.0,-1178.9000244140625,-1166.52001953125
8085,-1273.0399169921875,0.0,0.0,21.902467727661133,-1273.0400390625,-1267.5,65.822021484375,-1392.5,-1369.800048828125,-1354.0999755859375,-1323.75,-1267.5,-1219.0,-1191.0,-1178.9000244140625,-1166.52001953125
8092,-1273.0799560546875,0.0,0.0,21.8607177734375,-1273.0799560546875,-1267.5,65.7979736328125,-1392.5,-1369.800048828125,-1354.0999755859375,-1323.75,-1267.5,-1219.0,-1191.0,-1178.9000244140625,-1166.52001953125
8099,-1273.159912109375,0.0,0.0,21.825180053710938,-1273.1600341796875,-1267.5,65.74430847167969,-1392.5,-1369.800048828125,-1354.0999755859375,-1325.25,-1267.5,-1219.0,-1191.0,-1178.9000244140625,-1166.52001953125
8106,-1273.159912109375,0.0,0.0,21.79252815246582,-1273.1600341796875,-1267.5,65.74430847167969,-1392.5,-1369.800048828125,-1354.0999755859375,-1325.25,-1267.5,-1219.0,-1191.0,-1178.9000244140625,-1166.52001953125
8113,-1273.239990234375,0.0,0.0,21.753286361694336,-1273.239990234375,-1267.5,65.74467468261719,-1392.5,-1369.9000244140625,-1354.0999755859375,-1325.25,-1267.5,-1219.0,-1191.0,-1178.9000244140625,-1166.52001953125
8120,-1273.2999267578125,0.0,0.0,21.714115142822266,-1273.300048828125,-1267.5,65.75264739990234,-1392.5,-1369.9000244140625,-1354.0999755859375,-1325.25,-1267.5,-1219.0,-1191.0,-1178.9000244140625,-1166.52001953125
8127,-1273.3800048828125,0.0,0.0,21.67169952392578,-1273.3800048828125,-1267.5,65.77503967285156,-1392.5,-1371.800048828125,-1354.0999755859375,-1325.25,-1267.5,-1219.0,-1191.0,-1178.9000244140625,-1166.52001953125
8134,-1273.419921875,0.0,0.0,21.635210037231445,-1273.4200439453125,-1267.5,65.79425048828125,-1392.5400390625,-1371.800048828125,-1354.0999755859375,-1325.25,-1267.5,-1219.0,-1192.800048828125,-1178.9000244140625,-1166.52001953125
8141,-1273.43994140625,0.0,0.0,21.60051155090332,-1273.43994140625,-1267.5,65.79898071289062,-1392.5400390625,-1371.800048828125,-1354.0999755859375,-1325.25,-1267.5,-1219.0,-1192.800048828125,-1178.9000244140625,-1166.52001953125
8148,-1273.43994140625,0.0,0.0,21.567129135131836,-1273.43994140625,-1267.5,65.79898071289062,-1392.5400390625,-1371.800048828125,-1354.0999755859375,-1325.25,-1267.5,-1219.0,-1192.800048828125,-1178.9000244140625,-1166.52001953125
8155,-1273.43994140625,0.0,0.0,21.53689956665039,-1273.43994140625,-1267.5,65.79898071289062,-1392.5400390625,-1371.800048828125,-1354.0999755859375,-1325.25,-1267.5,-1219.0,-1192.800048828125,-1178.9000244140625,-1166.52001953125
8162,-1273.47998046875,0.0,0.0,21.502485275268555,-1273.47998046875,-1267.5,65.78167724609375,-1392.5400390625,-1371.800048828125,-1354.0999755859375,-1325.25,-1267.5,-1219.0,-1192.800048828125,-1178.9000244140625,-1166.52001953125
8169,-1273.5399169921875,0.0,0.0,21.462684631347656,-1273.5400390625,-1267.5,65.87327575683594,-1392.5400390625,-1377.5,-1354.0999755859375,-1325.25,-1267.5,-1219.0,-1192.800048828125,-1178.9000244140625,-1166.52001953125
8176,-1273.5799560546875,0.0,0.0,21.43336296081543,-1273.5799560546875,-1268.5,65.88538360595703,-1392.5400390625,-1377.5,-1354.0999755859375,-1325.25,-1268.5,-1219.0,-1192.800048828125,-1178.9000244140625,-1166.52001953125
8183,-1273.6199951171875,0.0,0.0,21.397029876708984,-1273.6199951171875,-1268.5,65.92810821533203,-1392.5400390625,-1377.5,-1354.0999755859375,-1325.25,-1268.5,-1219.0,-1192.800048828125,-1178.9000244140625,-1166.52001953125
8190,-1273.6400146484375,0.0,0.0,21.36612319946289,-1273.6400146484375,-1268.5,65.95248413085938,-1392.5400390625,-1377.5,-1355.0,-1325.25,-1268.5,-1219.0,-1192.800048828125,-1178.9000244140625,-1166.52001953125
8197,-1273.6400146484375,0.0,0.0,21.327795028686523,-1273.6400146484375,-1268.5,65.95248413085938,-1392.5400390625,-1377.5,-1355.0,-1325.25,-1268.5,-1219.0,-1192.800048828125,-1178.9000244140625,-1166.52001953125
8204,-1273.679931640625,0.0,0.0,21.291385650634766,-1273.6800537109375,-1268.5,65.94571685791016,-1392.5400390625,-1377.5,-1355.0,-1325.5,-1268.5,-1219.0,-1192.800048828125,-1178.9000244140625,-1166.52001953125
8211,-1273.780029296875,0.0,0.0,21.260343551635742,-1273.780029296875,-1268.5,65.96674346923828,-1392.5400390625,-1377.5,-1355.0,-1325.5,-1268.5,-1219.0,-1192.800048828125,-1178.9000244140625,-1166.52001953125
8218,-1273.8399658203125,0.0,0.0,21.233827590942383,-1273.8399658203125,-1268.5,65.89654541015625,-1392.5400390625,-1377.5,-1355.0,-1325.5,-1268.5,-1219.0,-1193.9000244140625,-1178.9000244140625,-1166.52001953125
8225,-1273.9000244140625,0.0,0.0,21.201566696166992,-1273.9000244140625,-1268.5,65.84443664550781,-1392.5400390625,-1377.5,-1355.0,-1325.5,-1268.5,-1219.0,-1193.9000244140625,-1178.9000244140625,-1166.52001953125
8232,-1273.9000244140625,0.0,0.0,21.171855926513672,-1273.9000244140625,-1268.5,65.84443664550781,-1392.5400390625,-1377.5,-1355.0,-1325.5,-1268.5,-1219.0,-1193.9000244140625,-1178.9000244140625,-1166.52001953125
8239,-1273.93994140625,0.0,0.0,21.146318435668945,-1273.93994140625,-1268.5,65.86331176757812,-1392.5400390625,-1377.5,-1355.0,-1325.5,-1268.5,-1219.0,-1193.9000244140625,-1178.9000244140625,-1166.52001953125
8246,-1273.9599609375,0.0,0.0,21.106447219848633,-1273.9599609375,-1268.5,65.88579559326172,-1392.5400390625,-1377.5,-1355.0,-1325.5,-1268.5,-1219.0,-1193.9000244140625,-1178.9000244140625,-1166.52001953125
8253,-1273.9599609375,0.0,0.0,21.060216903686523,-1273.9599609375,-1268.5,65.88579559326172,-1392.5400390625,-1377.5,-1355.0,-1325.5,-1268.5,-1219.0,-1193.9000244140625,-1178.9000244140625,-1166.52001953125
8260,-1273.97998046875,0.0,0.0,21.03817367553711,-1273.97998046875,-1268.5,65.91069793701172,-1392.5400390625,-1377.5,-1355.0999755859375,-1325.5,-1268.5,-1219.0,-1193.9000244140625,-1178.9000244140625,-1166.52001953125
8267,-1274.0599365234375,0.0,0.0,21.01125144958496,-1274.06005859375,-1268.5,65.89944458007812,-1392.5400390625,-1377.5,-1355.0999755859375,-1325.5,-1268.5,-1219.0,-1193.9000244140625,-1178.9000244140625,-1166.52001953125
8274,-1274.0599365234375,0.0,0.0,20.984657287597656,-1274.06005859375,-1268.5,65.89944458007812,-1392.5400390625,-1377.5,-1355.0999755859375,-1325.5,-1268.5,-1219.0,-1193.9000244140625,-1178.9000244140625,-1166.52001953125
8281,-1274.0799560546875,0.0,0.0,20.951494216918945,-1274.0799560546875,-1268.5,65.89881134033203,-1392.5400390625,-1377.5,-1355.0999755859375,-1325.5,-1268.5,-1219.0,-1193.9000244140625,-1178.9000244140625,-1166.52001953125
8288,-1274.0999755859375,0.0,0.0,20.920269012451172,-1274.0999755859375,-1268.5,65.9133529663086,-1392.5400390625,-1377.5,-1355.0999755859375,-1325.5,-1268.5,-1219.0,-1193.9000244140625,-1178.9000244140625,-1166.52001953125
8295,-1274.0999755859375,0.0,0.0,20.89671516418457,-1274.0999755859375,-1268.5,65.9133529663086,-1392.5400390625,-1377.5,-1355.0999755859375,-1325.5,-1268.5,-1219.0,-1193.9000244140625,-1178.9000244140625,-1166.52001953125
8302,-1274.1199951171875,0.0,0.0,20.8769474029541,-1274.1199951171875,-1269.0,65.910888671875,-1392.5400390625,-1377.5,-1355.0999755859375,-1325.5,-1269.0,-1219.0,-1193.9000244140625,-1178.9000244140625,-1166.52001953125
8309,-1274.179931640625,0.0,0.0,20.846500396728516,-1274.1800537109375,-1269.0,65.90953826904297,-1392.5400390625,-1377.5,-1355.0999755859375,-1325.5,-1269.0,-1219.0,-1193.9000244140625,-1178.9000244140625,-1166.52001953125
8316,-1274.199951171875,0.0,0.0,20.806020736694336,-1274.199951171875,-1269.0,65.9034194946289,-1392.5400390625,-1377.5,-1355.0999755859375,-1325.5,-1269.0,-1219.0,-1193.9000244140625,-1178.9000244140625,-1166.52001953125
8323,-1274.199951171875,0.0,0.0,20.771522521972656,-1274.199951171875,-1269.0,65.9034194946289,-1392.5400390625,-1377.5,-1355.0999755859375,-1325.5,-1269.0,-1219.0,-1193.9000244140625,-1178.9000244140625,-1166.52001953125
8330,-1274.3399658203125,0.0,0.0,20.745840072631836,-1274.3399658203125,-1269.0,65.79136657714844,-1392.5400390625,-1377.5,-1355.0999755859375,-1325.5,-1269.0,-1219.0,-1196.5999755859375,-1178.9000244140625,-1166.52001953125
8337,-1274.419921875,0.0,0.0,20.719390869140625,-1274.4200439453125,-1269.0,65.8292007446289,-1392.5799560546875,-1377.5,-1355.0999755859375,-1325.5,-1269.0,-1219.0,-1198.4000244140625,-1178.9000244140625,-1166.52001953125
8344,-1274.419921875,0.0,0.0,20.689760208129883,-1274.4200439453125,-1269.0,65.8292007446289,-1392.5799560546875,-1377.5,-1355.0999755859375,-1325.5,-1269.0,-1219.0,-1198.4000244140625,-1178.9000244140625,-1166.52001953125
8351,-1274.47998046875,0.0,0.0,20.661659240722656,-1274.47998046875,-1269.0,65.88284301757812,-1392.5799560546875,-1377.5,-1355.0999755859375,-1325.5,-1269.0,-1219.0,-1198.4000244140625,-1178.9000244140625,-1166.52001953125
8358,-1274.5,0.0,0.0,20.626920700073242,-1274.5,-1269.0,65.90060424804688,-1392.5799560546875,-1377.5,-1355.0999755859375,-1325.5,-1269.0,-1219.0,-1198.4000244140625,-1178.9000244140625,-1166.52001953125
8365,-1274.5,0.0,0.0,20.58867835998535,-1274.5,-1269.0,65.90060424804688,-1392.5799560546875,-1377.5,-1355.0999755859375,-1325.5,-1269.0,-1219.0,-1198.4000244140625,-1178.9000244140625,-1166.52001953125
8372,-1274.5,0.0,0.0,20.555700302124023,-1274.5,-1269.0,65.90060424804688,-1392.5799560546875,-1377.5,-1355.0999755859375,-1325.5,-1269.0,-1219.0,-1198.4000244140625,-1178.9000244140625,-1166.52001953125
8379,-1274.52001953125,0.0,0.0,20.522306442260742,-1274.52001953125,-1269.0,65.87191772460938,-1392.5799560546875,-1377.5,-1355.0999755859375,-1325.5,-1269.0,-1219.0,-1198.4000244140625,-1180.800048828125,-1166.52001953125
8386,-1274.5399169921875,0.0,0.0,20.491689682006836,-1274.5400390625,-1269.0,65.89968872070312,-1392.5799560546875,-1377.5,-1355.0999755859375,-1325.5,-1269.0,-1219.0,-1198.4000244140625,-1180.800048828125,-1166.52001953125
8393,-1274.6199951171875,0.0,0.0,20.469114303588867,-1274.6199951171875,-1269.0,65.92567443847656,-1392.5799560546875,-1377.5,-1355.0999755859375,-1325.5,-1269.0,-1219.0,-1198.4000244140625,-1180.800048828125,-1166.52001953125
8400,-1274.659912109375,0.0,0.0,20.44723129272461,-1274.6600341796875,-1269.0,65.94834899902344,-1392.5799560546875,-1377.5,-1355.0999755859375,-1325.5,-1269.0,-1219.0,-1198.4000244140625,-1180.800048828125,-1166.52001953125
8407,-1274.659912109375,0.0,0.0,20.424297332763672,-1274.6600341796875,-1269.0,65.94834899902344,-1392.5799560546875,-1377.5,-1355.0999755859375,-1325.5,-1269.0,-1219.0,-1198.4000244140625,-1180.800048828125,-1166.52001953125
8414,-1274.760009765625,0.0,0.0,20.390304565429688,-1274.760009765625,-1269.0,65.82432556152344,-1392.5799560546875,-1377.5,-1355.0999755859375,-1325.5,-1269.0,-1219.0,-1198.4000244140625,-1180.800048828125,-1166.52001953125
8421,-1274.8199462890625,0.0,0.0,20.358402252197266,-1274.8199462890625,-1269.0,65.7549057006836,-1392.5799560546875,-1377.5,-1355.0999755859375,-1325.5,-1269.0,-1219.75,-1198.4000244140625,-1180.800048828125,-1166.56005859375
8428,-1274.8800048828125,0.0,0.0,20.339006423950195,-1274.8800048828125,-1269.0,65.73800659179688,-1392.5799560546875,-1377.5,-1355.0999755859375,-1325.5,-1269.0,-1219.75,-1198.4000244140625,-1180.800048828125,-1166.56005859375
8435,-1274.919921875,0.0,0.0,20.30538558959961,-1274.9200439453125,-1269.0,65.74506378173828,-1392.5799560546875,-1377.5,-1355.0999755859375,-1325.5,-1269.0,-1220.75,-1198.4000244140625,-1180.800048828125,-1166.56005859375
8442,-1274.97998046875,0.0,0.0,20.264007568359375,-1274.97998046875,-1269.0,65.7155990600586,-1392.5799560546875,-1377.5,-1355.0999755859375,-1325.5,-1269.0,-1220.75,-1198.4000244140625,-1180.800048828125,-1166.56005859375
8449,-1275.02001953125,0.0,0.0,20.236207962036133,-1275.02001953125,-1269.0,65.7539291381836,-1392.5799560546875,-1377.5,-1355.0999755859375,-1325.5,-1269.0,-1220.75,-1198.4000244140625,-1180.800048828125,-1166.56005859375
8456,-1275.0599365234375,0.0,0.0,20.194164276123047,-1275.06005859375,-1269.0,65.78096771240234,-1392.5799560546875,-1377.5,-1356.0,-1325.5,-1269.0,-1220.75,-1198.4000244140625,-1180.800048828125,-1166.56005859375
8463,-1275.0999755859375,0.0,0.0,20.16848373413086,-1275.0999755859375,-1269.0,65.76754760742188,-1392.5799560546875,-1377.5,-1356.0,-1325.5,-1269.0,-1220.75,-1198.4000244140625,-1180.800048828125,-1166.56005859375
8470,-1275.1400146484375,0.0,0.0,20.14703369140625,-1275.1400146484375,-1269.5,65.79027557373047,-1392.5799560546875,-1377.5,-1356.0,-1325.5,-1269.5,-1220.75,-1198.4000244140625,-1180.800048828125,-1166.56005859375
8477,-1275.159912109375,0.0,0.0,20.122846603393555,-1275.1600341796875,-1269.5,65.7656021118164,-1392.5799560546875,-1377.5,-1356.0,-1325.5,-1269.5,-1220.75,-1198.5999755859375,-1180.800048828125,-1166.56005859375
8484,-1275.179931640625,0.0,0.0,20.087072372436523,-1275.1800537109375,-1269.5,65.74578094482422,-1392.5799560546875,-1377.5,-1356.0,-1325.5,-1269.5,-1220.75,-1198.5999755859375,-1180.800048828125,-1166.56005859375
8491,-1275.199951171875,0.0,0.0,20.058088302612305,-1275.199951171875,-1269.5,65.78009033203125,-1392.5799560546875,-1377.5999755859375,-1356.0,-1325.5,-1269.5,-1220.75,-1198.5999755859375,-1180.800048828125,-1166.56005859375
8498,-1275.280029296875,0.0,0.0,20.034467697143555,-1275.280029296875,-1269.5,65.75060272216797,-1392.6199951171875,-1377.5999755859375,-1356.0,-1325.5,-1269.5,-1220.75,-1198.800048828125,-1180.800048828125,-1166.56005859375
8505,-1275.3199462890625,0.0,0.0,20.008745193481445,-1275.3199462890625,-1269.5,65.7710952758789,-1392.6199951171875,-1377.5999755859375,-1356.0,-1325.5,-1269.5,-1220.75,-1198.800048828125,-1180.800048828125,-1166.56005859375
8512,-1275.3399658203125,0.0,0.0,19.98392105102539,-1275.3399658203125,-1269.5,65.75852966308594,-1392.6199951171875,-1377.5999755859375,-1356.0,-1325.5,-1269.5,-1220.75,-1198.800048828125,-1180.800048828125,-1166.56005859375
8519,-1275.3599853515625,0.0,0.0,19.96038055419922,-1275.3599853515625,-1269.5,65.74595642089844,-1392.6199951171875,-1377.5999755859375,-1356.0,-1325.5,-1269.5,-1220.75,-1198.800048828125,-1180.800048828125,-1166.56005859375
8526,-1275.3599853515625,0.0,0.0,19.930849075317383,-1275.3599853515625,-1269.5,65.74595642089844,-1392.6199951171875,-1377.5999755859375,-1356.0,-1325.5,-1269.5,-1220.75,-1198.800048828125,-1180.800048828125,-1166.56005859375
8533,-1275.3800048828125,0.0,0.0,19.90861701965332,-1275.3800048828125,-1269.5,65.76074981689453,-1392.6199951171875,-1377.5999755859375,-1356.0,-1325.5,-1269.5,-1220.75,-1198.800048828125,-1180.800048828125,-1166.56005859375
8540,-1275.43994140625,0.0,0.0,19.878028869628906,-1275.43994140625,-1269.5,65.70286560058594,-1392.6199951171875,-1377.5999755859375,-1356.0,-1325.5,-1269.5,-1220.75,-1198.800048828125,-1182.699951171875,-1166.56005859375
8547,-1275.43994140625,0.0,0.0,19.841154098510742,-1275.43994140625,-1269.5,65.70286560058594,-1392.6199951171875,-1377.5999755859375,-1356.0,-1325.5,-1269.5,-1220.75,-1198.800048828125,-1182.699951171875,-1166.56005859375
8554,-1275.43994140625,0.0,0.0,19.81659698486328,-1275.43994140625,-1269.5,65.70286560058594,-1392.6199951171875,-1377.5999755859375,-1356.0,-1325.5,-1269.5,-1220.75,-1198.800048828125,-1182.699951171875,-1166.56005859375
8561,-1275.43994140625,0.0,0.0,19.79163932800293,-1275.43994140625,-1269.5,65.70286560058594,-1392.6199951171875,-1377.5999755859375,-1356.0,-1325.5,-1269.5,-1220.75,-1198.800048828125,-1182.699951171875,-1166.56005859375
8568,-1275.5,0.0,0.0,19.772077560424805,-1275.5,-1269.5,65.77362823486328,-1392.6199951171875,-1377.5999755859375,-1356.0,-1325.5,-1269.5,-1220.75,-1198.800048828125,-1182.699951171875,-1166.56005859375
8575,-1275.5399169921875,0.0,0.0,19.736019134521484,-1275.5400390625,-1269.5,65.7435073852539,-1392.6199951171875,-1377.5999755859375,-1356.0,-1325.5,-1269.5,-1220.75,-1198.800048828125,-1182.699951171875,-1166.56005859375
8582,-1275.5999755859375,0.0,0.0,19.71038818359375,-1275.5999755859375,-1269.5,65.74024963378906,-1392.6199951171875,-1377.5999755859375,-1356.0999755859375,-1325.5,-1269.5,-1220.75,-1198.800048828125,-1182.699951171875,-1166.56005859375
8589,-1275.6400146484375,0.0,0.0,19.693655014038086,-1275.6400146484375,-1269.5,65.7410888671875,-1392.6199951171875,-1377.5999755859375,-1356.0999755859375,-1325.5,-1269.5,-1220.75,-1198.800048828125,-1182.699951171875,-1166.56005859375
8596,-1275.659912109375,0.0,0.0,19.6635684967041,-1275.6600341796875,-1269.5,65.7661361694336,-1392.6199951171875,-1377.5999755859375,-1356.199951171875,-1325.5,-1269.5,-1220.75,-1198.800048828125,-1182.699951171875,-1166.56005859375
8603,-1275.659912109375,0.0,0.0,19.63077735900879,-1275.6600341796875,-1269.5,65.7661361694336,-1392.6199951171875,-1377.5999755859375,-1356.199951171875,-1325.5,-1269.5,-1220.75,-1198.800048828125,-1182.699951171875,-1166.56005859375
8610,-1275.699951171875,0.0,0.0,19.59699821472168,-1275.699951171875,-1269.5,65.83623504638672,-1393.5999755859375,-1377.699951171875,-1356.199951171875,-1325.5,-1269.5,-1220.75,-1198.800048828125,-1182.699951171875,-1166.56005859375
8617,-1275.719970703125,0.0,0.0,19.56422233581543,-1275.719970703125,-1269.5,65.81140899658203,-1393.5999755859375,-1377.699951171875,-1356.199951171875,-1325.5,-1269.5,-1220.75,-1198.800048828125,-1182.699951171875,-1166.56005859375
8624,-1275.8199462890625,0.0,0.0,19.532766342163086,-1275.8199462890625,-1269.5,65.67729949951172,-1393.5999755859375,-1377.699951171875,-1356.199951171875,-1325.5,-1269.5,-1220.75,-1198.800048828125,-1182.699951171875,-1166.56005859375
8631,-1275.8199462890625,0.0,0.0,19.515615463256836,-1275.8199462890625,-1269.5,65.67729949951172,-1393.5999755859375,-1377.699951171875,-1356.199951171875,-1325.5,-1269.5,-1220.75,-1198.800048828125,-1182.699951171875,-1166.56005859375
8638,-1275.8399658203125,0.0,0.0,19.483783721923828,-1275.8399658203125,-1270.0,65.67613220214844,-1393.5999755859375,-1377.699951171875,-1356.199951171875,-1325.5,-1270.0,-1220.75,-1198.800048828125,-1182.699951171875,-1166.56005859375
8645,-1275.8599853515625,0.0,0.0,19.457731246948242,-1275.8599853515625,-1270.0,65.67070007324219,-1393.5999755859375,-1377.699951171875,-1356.199951171875,-1325.5,-1270.0,-1220.75,-1198.800048828125,-1182.699951171875,-1166.56005859375
8652,-1275.93994140625,0.0,0.0,19.42632484436035,-1275.93994140625,-1270.0,65.61384582519531,-1393.5999755859375,-1377.699951171875,-1356.199951171875,-1325.5,-1270.0,-1220.75,-1198.800048828125,-1182.699951171875,-1166.56005859375
8659,-1275.9599609375,0.0,0.0,19.40089225769043,-1275.9599609375,-1270.0,65.62513732910156,-1393.5999755859375,-1377.699951171875,-1356.199951171875,-1325.5,-1270.0,-1220.75,-1198.800048828125,-1182.699951171875,-1166.56005859375
8666,-1275.9599609375,0.0,0.0,19.374597549438477,-1275.9599609375,-1270.0,65.62513732910156,-1393.5999755859375,-1377.699951171875,-1356.199951171875,-1325.5,-1270.0,-1220.75,-1198.800048828125,-1182.699951171875,-1166.56005859375
8673,-1275.9599609375,0.0,0.0,19.347259521484375,-1275.9599609375,-1270.0,65.62513732910156,-1393.5999755859375,-1377.699951171875,-1356.199951171875,-1325.5,-1270.0,-1220.75,-1198.800048828125,-1182.699951171875,-1166.56005859375
8680,-1276.0,0.0,0.0,19.309783935546875,-1276.0,-1270.0,65.62149047851562,-1393.5999755859375,-1377.699951171875,-1356.199951171875,-1325.5,-1270.0,-1220.75,-1198.800048828125,-1182.699951171875,-1166.56005859375
8687,-1276.02001953125,0.0,0.0,19.27767562866211,-1276.02001953125,-1270.0,65.64464569091797,-1393.5999755859375,-1377.699951171875,-1356.199951171875,-1325.5,-1270.0,-1220.75,-1198.800048828125,-1182.699951171875,-1166.56005859375
8694,-1276.0399169921875,0.0,0.0,19.251569747924805,-1276.0400390625,-1270.0,65.62605285644531,-1393.5999755859375,-1377.699951171875,-1356.199951171875,-1325.5,-1270.0,-1220.75,-1198.800048828125,-1182.699951171875,-1166.56005859375
8701,-1276.0399169921875,0.0,0.0,19.22416877746582,-1276.0400390625,-1270.0,65.62605285644531,-1393.5999755859375,-1377.699951171875,-1356.199951171875,-1325.5,-1270.0,-1220.75,-1198.800048828125,-1182.699951171875,-1166.56005859375
8708,-1276.0399169921875,0.0,0.0,19.204885482788086,-1276.0400390625,-1270.0,65.62605285644531,-1393.5999755859375,-1377.699951171875,-1356.199951171875,-1325.5,-1270.0,-1220.75,-1198.800048828125,-1182.699951171875,-1166.56005859375
8715,-1276.159912109375,0.0,0.0,19.172121047973633,-1276.1600341796875,-1270.0,65.52949523925781,-1393.5999755859375,-1377.699951171875,-1356.199951171875,-1325.5,-1270.0,-1220.75,-1198.800048828125,-1186.5,-1166.56005859375
8722,-1276.199951171875,0.0,0.0,19.143047332763672,-1276.199951171875,-1270.0,65.49274444580078,-1393.5999755859375,-1377.699951171875,-1356.199951171875,-1325.5,-1270.0,-1222.25,-1198.800048828125,-1186.5,-1166.56005859375
8729,-1276.199951171875,0.0,0.0,19.128286361694336,-1276.199951171875,-1270.0,65.49274444580078,-1393.5999755859375,-1377.699951171875,-1356.199951171875,-1325.5,-1270.0,-1222.25,-1198.800048828125,-1186.5,-1166.56005859375
8736,-1276.239990234375,0.0,0.0,19.08922576904297,-1276.239990234375,-1270.0,65.52375793457031,-1393.5999755859375,-1377.699951171875,-1356.199951171875,-1327.25,-1270.0,-1222.25,-1198.800048828125,-1186.5,-1166.56005859375
8743,-1276.2999267578125,0.0,0.0,19.042404174804688,-1276.300048828125,-1270.0,65.52045440673828,-1393.5999755859375,-1377.75,-1356.199951171875,-1327.25,-1270.0,-1222.25,-1198.800048828125,-1186.5,-1166.56005859375
8750,-1276.3399658203125,0.0,0.0,19.00162696838379,-1276.3399658203125,-1270.0,65.51628875732422,-1393.5999755859375,-1377.75,-1356.199951171875,-1327.25,-1270.0,-1222.25,-1198.800048828125,-1186.5,-1166.56005859375
8757,-1276.3399658203125,0.0,0.0,18.97162628173828,-1276.3399658203125,-1270.0,65.51628875732422,-1393.5999755859375,-1377.75,-1356.199951171875,-1327.25,-1270.0,-1222.25,-1198.800048828125,-1186.5,-1166.56005859375
8764,-1276.3599853515625,0.0,0.0,18.958112716674805,-1276.3599853515625,-1270.0,65.51924133300781,-1393.5999755859375,-1377.75,-1356.199951171875,-1327.25,-1270.0,-1222.25,-1198.800048828125,-1186.5,-1166.56005859375
8771,-1276.4000244140625,0.0,0.0,18.932279586791992,-1276.4000244140625,-1270.0,65.5217514038086,-1393.5999755859375,-1377.75,-1356.199951171875,-1327.25,-1270.0,-1222.25,-1198.800048828125,-1186.5,-1166.56005859375
8778,-1276.4599609375,0.0,0.0,18.902578353881836,-1276.4599609375,-1270.0,65.50181579589844,-1393.5999755859375,-1377.75,-1356.199951171875,-1327.25,-1270.0,-1222.25,-1198.800048828125,-1186.5,-1166.56005859375
8785,-1276.5399169921875,0.0,0.0,18.886329650878906,-1276.5400390625,-1270.0,65.42758178710938,-1393.5999755859375,-1377.75,-1356.199951171875,-1327.25,-1270.0,-1222.75,-1198.800048828125,-1186.5,-1166.56005859375
8792,-1276.5399169921875,0.0,0.0,18.85106086730957,-1276.5400390625,-1270.0,65.42758178710938,-1393.5999755859375,-1377.75,-1356.199951171875,-1327.25,-1270.0,-1222.75,-1198.800048828125,-1186.5,-1166.56005859375
8799,-1276.5399169921875,0.0,0.0,18.838964462280273,-1276.5400390625,-1270.0,65.42758178710938,-1393.5999755859375,-1377.75,-1356.199951171875,-1327.25,-1270.0,-1222.75,-1198.800048828125,-1186.5,-1166.56005859375
8806,-1276.5599365234375,0.0,0.0,18.804454803466797,-1276.56005859375,-1270.5,65.42496490478516,-1393.5999755859375,-1377.75,-1356.199951171875,-1327.25,-1270.5,-1222.75,-1198.800048828125,-1186.5,-1166.56005859375
8813,-1276.5799560546875,0.0,0.0,18.79273223876953,-1276.5799560546875,-1270.5,65.44007873535156,-1393.5999755859375,-1377.75,-1356.199951171875,-1327.25,-1270.5,-1222.75,-1198.800048828125,-1186.5,-1166.56005859375
8820,-1276.6199951171875,0.0,0.0,18.75994300842285,-1276.6199951171875,-1270.5,65.40363311767578,-1393.5999755859375,-1377.75,-1356.199951171875,-1327.25,-1270.5,-1222.75,-1198.800048828125,-1186.5999755859375,-1166.56005859375
8827,-1276.6400146484375,0.0,0.0,18.735614776611328,-1276.6400146484375,-1270.5,65.43157196044922,-1393.5999755859375,-1377.75,-1356.199951171875,-1327.25,-1270.5,-1222.75,-1198.800048828125,-1186.5999755859375,-1166.56005859375
8834,-1276.679931640625,0.0,0.0,18.714786529541016,-1276.6800537109375,-1270.5,65.45195007324219,-1393.5999755859375,-1377.75,-1356.199951171875,-1327.25,-1270.5,-1222.75,-1198.800048828125,-1186.5999755859375,-1166.56005859375
8841,-1276.699951171875,0.0,0.0,18.67947006225586,-1276.699951171875,-1270.5,65.47618103027344,-1393.5999755859375,-1377.75,-1357.0999755859375,-1327.25,-1270.5,-1222.75,-1198.800048828125,-1186.5999755859375,-1166.56005859375
8848,-1276.719970703125,0.0,0.0,18.660457611083984,-1276.719970703125,-1270.5,65.49795532226562,-1393.5999755859375,-1377.75,-1357.0999755859375,-1327.25,-1270.5,-1222.75,-1198.800048828125,-1186.5999755859375,-1166.56005859375
8855,-1276.719970703125,0.0,0.0,18.630186080932617,-1276.719970703125,-1270.5,65.49795532226562,-1393.5999755859375,-1377.75,-1357.0999755859375,-1327.25,-1270.5,-1222.75,-1198.800048828125,-1186.5999755859375,-1166.56005859375
8862,-1276.760009765625,0.0,0.0,18.608049392700195,-1276.760009765625,-1270.5,65.4492416381836,-1393.5999755859375,-1377.75,-1357.0999755859375,-1327.25,-1270.5,-1222.75,-1199.0,-1186.5999755859375,-1166.56005859375
8869,-1276.8800048828125,0.0,0.0,18.587358474731445,-1276.8800048828125,-1270.5,65.41380310058594,-1393.5999755859375,-1377.75,-1357.0999755859375,-1327.25,-1270.5,-1222.75,-1199.0,-1186.5999755859375,-1166.56005859375
8876,-1276.8800048828125,0.0,0.0,18.56122589111328,-1276.8800048828125,-1270.5,65.41380310058594,-1393.5999755859375,-1377.75,-1357.0999755859375,-1327.25,-1270.5,-1222.75,-1199.0,-1186.5999755859375,-1166.56005859375
8883,-1276.93994140625,0.0,0.0,18.534038543701172,-1276.93994140625,-1270.5,65.48538970947266,-1393.5999755859375,-1377.75,-1357.4000244140625,-1327.25,-1270.5,-1222.75,-1199.0,-1186.5999755859375,-1166.56005859375
8890,-1276.93994140625,0.0,0.0,18.50885581970215,-1276.93994140625,-1270.5,65.48538970947266,-1393.5999755859375,-1377.75,-1357.4000244140625,-1327.25,-1270.5,-1222.75,-1199.0,-1186.5999755859375,-1166.56005859375
8897,-1276.93994140625,0.0,0.0,18.49051284790039,-1276.93994140625,-1270.5,65.48538970947266,-1393.5999755859375,-1377.75,-1357.4000244140625,-1327.25,-1270.5,-1222.75,-1199.0,-1186.5999755859375,-1166.56005859375
8904,-1276.97998046875,0.0,0.0,18.471691131591797,-1276.97998046875,-1270.5,65.47380828857422,-1393.5999755859375,-1377.75,-1357.4000244140625,-1327.25,-1270.5,-1222.75,-1199.0,-1186.5999755859375,-1166.56005859375
8911,-1277.0,0.0,0.0,18.450748443603516,-1277.0,-1270.5,65.46311950683594,-1393.5999755859375,-1377.75,-1357.4000244140625,-1327.25,-1270.5,-1222.75,-1199.0,-1186.5999755859375,-1166.56005859375
8918,-1277.02001953125,0.0,0.0,18.418764114379883,-1277.02001953125,-1270.5,65.47563934326172,-1393.5999755859375,-1377.75,-1357.4000244140625,-1327.25,-1270.5,-1222.75,-1199.0,-1186.5999755859375,-1166.56005859375
8925,-1277.0399169921875,0.0,0.0,18.392135620117188,-1277.0400390625,-1270.5,65.4548568725586,-1393.5999755859375,-1377.75,-1357.4000244140625,-1327.25,-1270.5,-1222.75,-1199.0,-1186.5999755859375,-1166.56005859375
8932,-1277.0599365234375,0.0,0.0,18.360469818115234,-1277.06005859375,-1270.5,65.49027252197266,-1394.5799560546875,-1377.800048828125,-1357.4000244140625,-1327.25,-1270.5,-1222.75,-1199.0,-1186.5999755859375,-1166.56005859375
8939,-1277.0599365234375,0.0,0.0,18.334741592407227,-1277.06005859375,-1270.5,65.49027252197266,-1394.5799560546875,-1377.800048828125,-1357.4000244140625,-1327.25,-1270.5,-1222.75,-1199.0,-1186.5999755859375,-1166.56005859375
8946,-1277.0599365234375,0.0,0.0,18.305694580078125,-1277.06005859375,-1270.5,65.49027252197266,-1394.5799560546875,-1377.800048828125,-1357.4000244140625,-1327.25,-1270.5,-1222.75,-1199.0,-1186.5999755859375,-1166.56005859375
8953,-1277.0799560546875,0.0,0.0,18.278295516967773,-1277.0799560546875,-1270.5,65.46429443359375,-1394.5799560546875,-1377.800048828125,-1357.4000244140625,-1327.25,-1270.5,-1222.75,-1199.0,-1186.5999755859375,-1166.56005859375
8960,-1277.0799560546875,0.0,0.0,18.251508712768555,-1277.0799560546875,-1270.5,65.46429443359375,-1394.5799560546875,-1377.800048828125,-1357.4000244140625,-1327.25,-1270.5,-1222.75,-1199.0,-1186.5999755859375,-1166.56005859375
8967,-1277.0999755859375,0.0,0.0,18.22272491455078,-1277.0999755859375,-1270.5,65.50916290283203,-1394.5799560546875,-1377.800048828125,-1357.4000244140625,-1327.25,-1270.5,-1222.75,-1199.0,-1186.5999755859375,-1166.56005859375
8974,-1277.1199951171875,0.0,0.0,18.20379066467285,-1277.1199951171875,-1270.5,65.5201187133789,-1394.5799560546875,-1377.800048828125,-1357.4000244140625,-1327.25,-1270.5,-1222.75,-1199.0,-1186.5999755859375,-1166.56005859375
8981,-1277.179931640625,0.0,0.0,18.191518783569336,-1277.1800537109375,-1270.5,65.49799346923828,-1394.5799560546875,-1377.800048828125,-1358.300048828125,-1327.25,-1270.5,-1222.75,-1199.0,-1186.5999755859375,-1166.56005859375
8988,-1277.199951171875,0.0,0.0,18.171720504760742,-1277.199951171875,-1270.5,65.47441864013672,-1394.5799560546875,-1377.800048828125,-1358.300048828125,-1327.25,-1270.5,-1222.75,-1200.800048828125,-1186.5999755859375,-1166.56005859375
8995,-1277.219970703125,0.0,0.0,18.13874626159668,-1277.219970703125,-1270.5,65.484130859375,-1394.5799560546875,-1377.800048828125,-1358.300048828125,-1327.25,-1270.5,-1222.75,-1200.800048828125,-1186.5999755859375,-1166.56005859375
9002,-1277.219970703125,0.0,0.0,18.102537155151367,-1277.219970703125,-1270.5,65.484130859375,-1394.5799560546875,-1377.800048828125,-1358.300048828125,-1327.25,-1270.5,-1222.75,-1200.800048828125,-1186.5999755859375,-1166.56005859375
9009,-1277.219970703125,0.0,0.0,18.07866096496582,-1277.219970703125,-1270.5,65.484130859375,-1394.5799560546875,-1377.800048828125,-1358.300048828125,-1327.25,-1270.5,-1222.75,-1200.800048828125,-1186.5999755859375,-1166.56005859375
9016,-1277.239990234375,0.0,0.0,18.047197341918945,-1277.239990234375,-1270.5,65.44403839111328,-1394.5799560546875,-1377.800048828125,-1358.300048828125,-1327.25,-1270.5,-1222.75,-1200.800048828125,-1186.5999755859375,-1166.5999755859375
9023,-1277.419921875,0.0,0.0,18.020721435546875,-1277.4200439453125,-1270.5,65.38351440429688,-1394.5799560546875,-1377.800048828125,-1358.300048828125,-1327.25,-1270.5,-1222.75,-1200.800048828125,-1186.5999755859375,-1166.5999755859375
9030,-1277.4599609375,0.0,0.0,17.998943328857422,-1277.4599609375,-1270.5,65.37834930419922,-1394.5799560546875,-1377.800048828125,-1358.300048828125,-1328.25,-1270.5,-1222.75,-1200.800048828125,-1186.5999755859375,-1166.5999755859375
9037,-1277.5,0.0,0.0,17.96718978881836,-1277.5,-1270.5,65.3453140258789,-1394.5799560546875,-1377.800048828125,-1358.300048828125,-1328.25,-1270.5,-1222.75,-1200.800048828125,-1186.5999755859375,-1166.5999755859375
9044,-1277.5399169921875,0.0,0.0,17.942184448242188,-1277.5400390625,-1270.5,65.3358154296875,-1394.5799560546875,-1377.800048828125,-1358.300048828125,-1328.25,-1270.5,-1222.75,-1200.800048828125,-1186.5999755859375,-1166.5999755859375
9051,-1277.5799560546875,0.0,0.0,17.918338775634766,-1277.5799560546875,-1272.5,65.33179473876953,-1394.5799560546875,-1377.800048828125,-1358.300048828125,-1328.25,-1272.5,-1222.75,-1200.800048828125,-1186.5999755859375,-1166.5999755859375
9058,-1277.6400146484375,0.0,0.0,17.89817237854004,-1277.6400146484375,-1272.5,65.32817840576172,-1394.5799560546875,-1377.800048828125,-1358.300048828125,-1328.25,-1272.5,-1222.75,-1200.800048828125,-1186.5999755859375,-1166.5999755859375
9065,-1277.659912109375,0.0,0.0,17.872312545776367,-1277.6600341796875,-1272.5,65.31848907470703,-1394.5799560546875,-1377.800048828125,-1358.300048828125,-1328.25,-1272.5,-1222.75,-1200.800048828125,-1186.5999755859375,-1166.5999755859375
9072,-1277.659912109375,0.0,0.0,17.847843170166016,-1277.6600341796875,-1272.5,65.31848907470703,-1394.5799560546875,-1377.800048828125,-1358.300048828125,-1328.25,-1272.5,-1222.75,-1200.800048828125,-1186.5999755859375,-1166.5999755859375
9079,-1277.679931640625,0.0,0.0,17.827983856201172,-1277.6800537109375,-1272.5,65.3433837890625,-1394.5799560546875,-1377.800048828125,-1360.0999755859375,-1328.25,-1272.5,-1222.75,-1200.800048828125,-1186.5999755859375,-1166.5999755859375
9086,-1277.699951171875,0.0,0.0,17.79757308959961,-1277.699951171875,-1272.5,65.36550903320312,-1394.5799560546875,-1377.800048828125,-1360.0999755859375,-1328.25,-1272.5,-1222.75,-1200.800048828125,-1186.5999755859375,-1166.5999755859375
9093,-1277.699951171875,0.0,0.0,17.778162002563477,-1277.699951171875,-1272.5,65.36550903320312,-1394.5799560546875,-1377.800048828125,-1360.0999755859375,-1328.25,-1272.5,-1222.75,-1200.800048828125,-1186.5999755859375,-1166.5999755859375
9100,-1277.699951171875,0.0,0.0,17.75291633605957,-1277.699951171875,-1272.5,65.36550903320312,-1394.5799560546875,-1377.800048828125,-1360.0999755859375,-1328.25,-1272.5,-1222.75,-1200.800048828125,-1186.5999755859375,-1166.5999755859375
9107,-1277.699951171875,0.0,0.0,17.74202537536621,-1277.699951171875,-1272.5,65.36550903320312,-1394.5799560546875,-1377.800048828125,-1360.0999755859375,-1328.25,-1272.5,-1222.75,-1200.800048828125,-1186.5999755859375,-1166.5999755859375
9114,-1277.719970703125,0.0,0.0,17.725065231323242,-1277.719970703125,-1272.5,65.37661743164062,-1394.5799560546875,-1377.800048828125,-1360.0999755859375,-1328.25,-1272.5,-1222.75,-1200.800048828125,-1186.5999755859375,-1166.5999755859375
9121,-1277.719970703125,0.0,0.0,17.705331802368164,-1277.719970703125,-1272.5,65.37661743164062,-1394.5799560546875,-1377.800048828125,-1360.0999755859375,-1328.25,-1272.5,-1222.75,-1200.800048828125,-1186.5999755859375,-1166.5999755859375
9128,-1277.719970703125,0.0,0.0,17.68868064880371,-1277.719970703125,-1272.5,65.37661743164062,-1394.5799560546875,-1377.800048828125,-1360.0999755859375,-1328.25,-1272.5,-1222.75,-1200.800048828125,-1186.5999755859375,-1166.5999755859375
9135,-1277.739990234375,0.0,0.0,17.667131423950195,-1277.739990234375,-1272.5,65.38954162597656,-1394.5799560546875,-1377.800048828125,-1360.0999755859375,-1328.25,-1272.5,-1222.75,-1200.800048828125,-1186.5999755859375,-1166.5999755859375
9142,-1277.7999267578125,0.0,0.0,17.64307403564453,-1277.800048828125,-1272.5,65.3215103149414,-1394.5799560546875,-1377.800048828125,-1360.0999755859375,-1328.25,-1272.5,-1222.75,-1200.800048828125,-1186.5999755859375,-1166.5999755859375
9149,-1277.7999267578125,0.0,0.0,17.625394821166992,-1277.800048828125,-1272.5,65.3215103149414,-1394.5799560546875,-1377.800048828125,-1360.0999755859375,-1328.25,-1272.5,-1222.75,-1200.800048828125,-1186.5999755859375,-1166.5999755859375
9156,-1277.7999267578125,0.0,0.0,17.608184814453125,-1277.800048828125,-1272.5,65.3215103149414,-1394.5799560546875,-1377.800048828125,-1360.0999755859375,-1328.25,-1272.5,-1222.75,-1200.800048828125,-1186.5999755859375,-1166.5999755859375
9163,-1277.8199462890625,0.0,0.0,17.58209991455078,-1277.8199462890625,-1272.5,65.29400634765625,-1394.5799560546875,-1377.800048828125,-1360.0999755859375,-1328.25,-1272.5,-1222.75,-1200.800048828125,-1188.5,-1166.5999755859375
9170,-1277.8199462890625,0.0,0.0,17.563796997070312,-1277.8199462890625,-1272.5,65.29400634765625,-1394.5799560546875,-1377.800048828125,-1360.0999755859375,-1328.25,-1272.5,-1222.75,-1200.800048828125,-1188.5,-1166.5999755859375
9177,-1277.8399658203125,0.0,0.0,17.542387008666992,-1277.8399658203125,-1272.5,65.33938598632812,-1394.5799560546875,-1377.800048828125,-1360.0999755859375,-1328.25,-1272.5,-1222.75,-1200.800048828125,-1188.5,-1166.5999755859375
9184,-1277.8800048828125,0.0,0.0,17.52411651611328,-1277.8800048828125,-1272.5,65.3002700805664,-1394.5799560546875,-1377.800048828125,-1360.0999755859375,-1328.25,-1272.5,-1222.75,-1200.800048828125,-1188.5,-1166.5999755859375
9191,-1277.9000244140625,0.0,0.0,17.50259780883789,-1277.9000244140625,-1272.5,65.29754638671875,-1394.5799560546875,-1377.800048828125,-1360.0999755859375,-1328.25,-1272.5,-1222.75,-1200.800048828125,-1188.5,-1166.5999755859375
9198,-1277.919921875,0.0,0.0,17.482810974121094,-1277.9200439453125,-1272.5,65.25774383544922,-1394.5799560546875,-1377.800048828125,-1360.0999755859375,-1328.25,-1272.5,-1222.75,-1200.800048828125,-1188.5,-1166.6400146484375
9205,-1277.93994140625,0.0,0.0,17.45902442932129,-1277.93994140625,-1272.5,65.28105163574219,-1394.5799560546875,-1377.800048828125,-1360.0999755859375,-1328.25,-1272.5,-1222.75,-1200.800048828125,-1188.5,-1166.6400146484375
9212,-1277.93994140625,0.0,0.0,17.438039779663086,-1277.93994140625,-1272.5,65.28105163574219,-1394.5799560546875,-1377.800048828125,-1360.0999755859375,-1328.25,-1272.5,-1222.75,-1200.800048828125,-1188.5,-1166.6400146484375
9219,-1278.0,0.0,0.0,17.42201805114746,-1278.0,-1272.5,65.31600189208984,-1394.5799560546875,-1377.800048828125,-1360.0999755859375,-1328.25,-1272.5,-1222.75,-1200.800048828125,-1188.5,-1166.6400146484375
9226,-1278.02001953125,0.0,0.0,17.392114639282227,-1278.02001953125,-1272.5,65.27679443359375,-1394.5799560546875,-1377.800048828125,-1360.0999755859375,-1328.25,-1272.5,-1222.75,-1200.800048828125,-1188.5,-1166.6800537109375
9233,-1278.0399169921875,0.0,0.0,17.365617752075195,-1278.0400390625,-1272.5,65.29945373535156,-1394.5799560546875,-1377.800048828125,-1360.0999755859375,-1328.25,-1272.5,-1222.75,-1200.800048828125,-1188.5,-1166.6800537109375
9240,-1278.159912109375,0.0,0.0,17.34450912475586,-1278.1600341796875,-1272.5,65.3586654663086,-1394.5799560546875,-1377.800048828125,-1360.0999755859375,-1328.25,-1272.5,-1222.75,-1200.800048828125,-1188.5,-1166.6800537109375
9247,-1278.159912109375,0.0,0.0,17.31214141845703,-1278.1600341796875,-1272.5,65.3586654663086,-1394.5799560546875,-1377.800048828125,-1360.0999755859375,-1328.25,-1272.5,-1222.75,-1200.800048828125,-1188.5,-1166.6800537109375
9254,-1278.199951171875,0.0,0.0,17.285938262939453,-1278.199951171875,-1273.5,65.3561019897461,-1394.5799560546875,-1377.800048828125,-1360.0999755859375,-1328.25,-1273.5,-1222.75,-1200.800048828125,-1188.5,-1166.6800537109375
9261,-1278.199951171875,0.0,0.0,17.260496139526367,-1278.199951171875,-1273.5,65.3561019897461,-1394.5799560546875,-1377.800048828125,-1360.0999755859375,-1328.25,-1273.5,-1222.75,-1200.800048828125,-1188.5,-1166.6800537109375
9268,-1278.199951171875,0.0,0.0,17.2405948638916,-1278.199951171875,-1273.5,65.3561019897461,-1394.5799560546875,-1377.800048828125,-1360.0999755859375,-1328.25,-1273.5,-1222.75,-1200.800048828125,-1188.5,-1166.6800537109375
9275,-1278.219970703125,0.0,0.0,17.217313766479492,-1278.219970703125,-1273.5,65.35144805908203,-1394.5799560546875,-1377.800048828125,-1360.0999755859375,-1328.25,-1273.5,-1222.75,-1200.800048828125,-1188.5,-1166.6800537109375
9282,-1278.239990234375,0.0,0.0,17.19525718688965,-1278.239990234375,-1273.5,65.37677764892578,-1394.5799560546875,-1377.800048828125,-1361.0999755859375,-1328.25,-1273.5,-1222.75,-1200.800048828125,-1188.5,-1166.6800537109375
9289,-1278.239990234375,0.0,0.0,17.172998428344727,-1278.239990234375,-1273.5,65.37677764892578,-1394.5799560546875,-1377.800048828125,-1361.0999755859375,-1328.25,-1273.5,-1222.75,-1200.800048828125,-1188.5,-1166.6800537109375
9296,-1278.280029296875,0.0,0.0,17.14656639099121,-1278.280029296875,-1273.5,65.35458374023438,-1394.5799560546875,-1377.800048828125,-1361.0999755859375,-1328.25,-1273.5,-1222.75,-1200.800048828125,-1188.5,-1166.6800537109375
9303,-1278.2999267578125,0.0,0.0,17.120832443237305,-1278.300048828125,-1273.5,65.33245849609375,-1394.5799560546875,-1377.800048828125,-1361.0999755859375,-1328.25,-1273.5,-1222.75,-1200.800048828125,-1188.5,-1166.6800537109375
9310,-1278.2999267578125,0.0,0.0,17.086851119995117,-1278.300048828125,-1273.5,65.33245849609375,-1394.5799560546875,-1377.800048828125,-1361.0999755859375,-1328.25,-1273.5,-1222.75,-1200.800048828125,-1188.5,-1166.6800537109375
9317,-1278.2999267578125,0.0,0.0,17.058897018432617,-1278.300048828125,-1273.5,65.33245849609375,-1394.5799560546875,-1377.800048828125,-1361.0999755859375,-1328.25,-1273.5,-1222.75,-1200.800048828125,-1188.5,-1166.6800537109375
9324,-1278.3399658203125,0.0,0.0,17.03352165222168,-1278.3399658203125,-1273.5,65.33777618408203,-1394.5799560546875,-1377.800048828125,-1361.0999755859375,-1328.25,-1273.5,-1222.75,-1200.800048828125,-1188.5,-1166.6800537109375
9331,-1278.3599853515625,0.0,0.0,17.007490158081055,-1278.3599853515625,-1273.5,65.35877990722656,-1394.5799560546875,-1377.800048828125,-1361.0999755859375,-1328.25,-1273.5,-1222.75,-1200.800048828125,-1188.5,-1166.6800537109375
9338,-1278.3800048828125,0.0,0.0,16.97256088256836,-1278.3800048828125,-1273.5,65.37458038330078,-1394.5799560546875,-1377.800048828125,-1361.0999755859375,-1328.25,-1273.5,-1222.75,-1200.800048828125,-1188.5,-1166.6800537109375
9345,-1278.4000244140625,0.0,0.0,16.946866989135742,-1278.4000244140625,-1273.5,65.3407974243164,-1394.5799560546875,-1377.800048828125,-1361.0999755859375,-1328.25,-1273.5,-1222.75,-1200.800048828125,-1188.5,-1168.6400146484375
9352,-1278.4000244140625,0.0,0.0,16.912479400634766,-1278.4000244140625,-1273.5,65.3407974243164,-1394.5799560546875,-1377.800048828125,-1361.0999755859375,-1328.25,-1273.5,-1222.75,-1200.800048828125,-1188.5,-1168.6400146484375
9359,-1278.4000244140625,0.0,0.0,16.878015518188477,-1278.4000244140625,-1273.5,65.3407974243164,-1394.5799560546875,-1377.800048828125,-1361.0999755859375,-1328.25,-1273.5,-1222.75,-1200.800048828125,-1188.5,-1168.6400146484375
9366,-1278.419921875,0.0,0.0,16.85805320739746,-1278.4200439453125,-1273.5,65.36515808105469,-1394.5799560546875,-1377.800048828125,-1361.0999755859375,-1328.25,-1273.5,-1222.75,-1200.800048828125,-1188.5,-1168.6400146484375
9373,-1278.419921875,0.0,0.0,16.844213485717773,-1278.4200439453125,-1273.5,65.36515808105469,-1394.5799560546875,-1377.800048828125,-1361.0999755859375,-1328.25,-1273.5,-1222.75,-1200.800048828125,-1188.5,-1168.6400146484375
9380,-1278.4599609375,0.0,0.0,16.82473373413086,-1278.4599609375,-1273.5,65.35845947265625,-1394.5799560546875,-1377.800048828125,-1361.0999755859375,-1328.25,-1273.5,-1222.75,-1200.800048828125,-1188.5,-1168.6400146484375
9387,-1278.47998046875,0.0,0.0,16.80278968811035,-1278.47998046875,-1273.5,65.3448486328125,-1394.5799560546875,-1377.800048828125,-1361.0999755859375,-1328.25,-1273.5,-1222.75,-1200.800048828125,-1188.5,-1168.6400146484375
9394,-1278.5,0.0,0.0,16.782245635986328,-1278.5,-1273.5,65.3440933227539,-1394.5799560546875,-1377.800048828125,-1361.0999755859375,-1328.25,-1273.5,-1222.75,-1200.800048828125,-1188.5,-1168.6400146484375
9401,-1278.52001953125,0.0,0.0,16.756752014160156,-1278.52001953125,-1273.5,65.35954284667969,-1394.5799560546875,-1377.800048828125,-1361.0999755859375,-1329.25,-1273.5,-1222.75,-1200.800048828125,-1188.5,-1168.6400146484375
9408,-1278.5599365234375,0.0,0.0,16.741331100463867,-1278.56005859375,-1273.5,65.35615539550781,-1394.5799560546875,-1377.800048828125,-1361.0999755859375,-1330.0,-1273.5,-1222.75,-1200.800048828125,-1188.5,-1168.6400146484375
9415,-1278.5799560546875,0.0,0.0,16.722942352294922,-1278.5799560546875,-1273.5,65.37525177001953,-1394.5799560546875,-1377.800048828125,-1361.0999755859375,-1330.0,-1273.5,-1222.75,-1200.800048828125,-1188.5,-1168.6400146484375
9422,-1278.5999755859375,0.0,0.0,16.703142166137695,-1278.5999755859375,-1273.5,65.39159393310547,-1394.5799560546875,-1377.800048828125,-1361.0999755859375,-1330.0,-1273.5,-1222.75,-1200.800048828125,-1188.5,-1168.6400146484375
9429,-1278.6199951171875,0.0,0.0,16.676006317138672,-1278.6199951171875,-1273.5,65.3822250366211,-1394.5799560546875,-1377.800048828125,-1361.0999755859375,-1330.0,-1273.5,-1222.75,-1200.800048828125,-1188.5,-1168.6400146484375
9436,-1278.6400146484375,0.0,0.0,16.652652740478516,-1278.6400146484375,-1273.5,65.35205078125,-1394.5799560546875,-1377.800048828125,-1361.0999755859375,-1330.0,-1273.5,-1222.75,-1200.800048828125,-1188.5999755859375,-1168.6400146484375
9443,-1278.679931640625,0.0,0.0,16.63434600830078,-1278.6800537109375,-1273.5,65.3519515991211,-1394.5799560546875,-1377.800048828125,-1361.0999755859375,-1330.0,-1273.5,-1222.75,-1200.800048828125,-1188.5999755859375,-1168.6400146484375
9450,-1278.679931640625,0.0,0.0,16.614795684814453,-1278.6800537109375,-1273.5,65.3519515991211,-1394.5799560546875,-1377.800048828125,-1361.0999755859375,-1330.0,-1273.5,-1222.75,-1200.800048828125,-1188.5999755859375,-1168.6400146484375
9457,-1278.719970703125,0.0,0.0,16.598270416259766,-1278.719970703125,-1273.5,65.3753890991211,-1394.5799560546875,-1377.800048828125,-1361.0999755859375,-1330.0,-1273.5,-1222.75,-1200.800048828125,-1188.5999755859375,-1168.6400146484375
9464,-1278.739990234375,0.0,0.0,16.580333709716797,-1278.739990234375,-1273.5,65.35711669921875,-1394.5799560546875,-1377.800048828125,-1361.0999755859375,-1330.0,-1273.5,-1222.75,-1200.800048828125,-1188.5999755859375,-1168.6400146484375
9471,-1278.780029296875,0.0,0.0,16.56427574157715,-1278.780029296875,-1273.5,65.36154174804688,-1394.5799560546875,-1377.800048828125,-1361.0999755859375,-1330.0,-1273.5,-1222.75,-1200.800048828125,-1188.5999755859375,-1168.6400146484375
9478,-1278.780029296875,0.0,0.0,16.531892776489258,-1278.780029296875,-1273.5,65.36154174804688,-1394.5799560546875,-1377.800048828125,-1361.0999755859375,-1330.0,-1273.5,-1222.75,-1200.800048828125,-1188.5999755859375,-1168.6400146484375
9485,-1278.780029296875,0.0,0.0,16.511018753051758,-1278.780029296875,-1273.5,65.36154174804688,-1394.5799560546875,-1377.800048828125,-1361.0999755859375,-1330.0,-1273.5,-1222.75,-1200.800048828125,-1188.5999755859375,-1168.6400146484375
9492,-1278.780029296875,0.0,0.0,16.489662170410156,-1278.780029296875,-1273.5,65.36154174804688,-1394.5799560546875,-1377.800048828125,-1361.0999755859375,-1330.0,-1273.5,-1222.75,-1200.800048828125,-1188.5999755859375,-1168.6400146484375
9499,-1278.8199462890625,0.0,0.0,16.46295166015625,-1278.8199462890625,-1273.5,65.35126495361328,-1394.5799560546875,-1377.800048828125,-1361.0999755859375,-1330.0,-1273.5,-1222.75,-1200.800048828125,-1188.5999755859375,-1168.6400146484375
9506,-1278.8599853515625,0.0,0.0,16.445276260375977,-1278.8599853515625,-1273.5,65.32748413085938,-1394.5799560546875,-1377.800048828125,-1361.0999755859375,-1330.0,-1273.5,-1222.75,-1200.800048828125,-1188.5999755859375,-1168.6400146484375
9513,-1278.8599853515625,0.0,0.0,16.425832748413086,-1278.8599853515625,-1273.5,65.32748413085938,-1394.5799560546875,-1377.800048828125,-1361.0999755859375,-1330.0,-1273.5,-1222.75,-1200.800048828125,-1188.5999755859375,-1168.6400146484375
9520,-1278.8800048828125,0.0,0.0,16.411945343017578,-1278.8800048828125,-1273.5,65.32109069824219,-1394.5799560546875,-1377.800048828125,-1361.0999755859375,-1330.0,-1273.5,-1222.75,-1200.800048828125,-1188.5999755859375,-1168.6400146484375
9527,-1278.8800048828125,0.0,0.0,16.393707275390625,-1278.8800048828125,-1273.5,65.32109069824219,-1394.5799560546875,-1377.800048828125,-1361.0999755859375,-1330.0,-1273.5,-1222.75,-1200.800048828125,-1188.5999755859375,-1168.6400146484375
9534,-1278.9000244140625,0.0,0.0,16.38343620300293,-1278.9000244140625,-1273.5,65.34715270996094,-1394.5799560546875,-1377.800048828125,-1361.0999755859375,-1330.0,-1273.5,-1222.75,-1200.800048828125,-1188.5999755859375,-1168.6400146484375
9541,-1278.919921875,0.0,0.0,16.367042541503906,-1278.9200439453125,-1273.5,65.32972717285156,-1394.5799560546875,-1377.800048828125,-1361.0999755859375,-1330.0,-1273.5,-1223.0,-1200.800048828125,-1188.5999755859375,-1168.6400146484375
9548,-1279.0,0.0,0.0,16.34780502319336,-1279.0,-1273.5,65.35028839111328,-1394.5799560546875,-1377.800048828125,-1361.0999755859375,-1330.5,-1273.5,-1223.0,-1200.800048828125,-1188.5999755859375,-1168.6400146484375
9555,-1279.0,0.0,0.0,16.325063705444336,-1279.0,-1273.5,65.35028839111328,-1394.5799560546875,-1377.800048828125,-1361.0999755859375,-1330.5,-1273.5,-1223.0,-1200.800048828125,-1188.5999755859375,-1168.6400146484375
9562,-1279.02001953125,0.0,0.0,16.296964645385742,-1279.02001953125,-1273.5,65.37567901611328,-1394.5799560546875,-1377.800048828125,-1362.0999755859375,-1330.5,-1273.5,-1223.0,-1200.800048828125,-1188.5999755859375,-1168.6400146484375
9569,-1279.02001953125,0.0,0.0,16.281795501708984,-1279.02001953125,-1273.5,65.37567901611328,-1394.5799560546875,-1377.800048828125,-1362.0999755859375,-1330.5,-1273.5,-1223.0,-1200.800048828125,-1188.5999755859375,-1168.6400146484375
9576,-1279.02001953125,0.0,0.0,16.2703857421875,-1279.02001953125,-1273.5,65.37567901611328,-1394.5799560546875,-1377.800048828125,-1362.0999755859375,-1330.5,-1273.5,-1223.0,-1200.800048828125,-1188.5999755859375,-1168.6400146484375
9583,-1279.0399169921875,0.0,0.0,16.244956970214844,-1279.0400390625,-1273.5,65.38943481445312,-1394.5799560546875,-1377.800048828125,-1362.0999755859375,-1330.5,-1273.5,-1223.0,-1200.800048828125,-1188.5999755859375,-1168.6400146484375
9590,-1279.0399169921875,0.0,0.0,16.216920852661133,-1279.0400390625,-1273.5,65.38943481445312,-1394.5799560546875,-1377.800048828125,-1362.0999755859375,-1330.5,-1273.5,-1223.0,-1200.800048828125,-1188.5999755859375,-1168.6400146484375
9597,-1279.0399169921875,0.0,0.0,16.195886611938477,-1279.0400390625,-1273.5,65.38943481445312,-1394.5799560546875,-1377.800048828125,-1362.0999755859375,-1330.5,-1273.5,-1223.0,-1200.800048828125,-1188.5999755859375,-1168.6400146484375
9604,-1279.0599365234375,0.0,0.0,16.166154861450195,-1279.06005859375,-1273.5,65.33342742919922,-1394.5799560546875,-1377.800048828125,-1362.0999755859375,-1330.5,-1273.5,-1223.0,-1200.800048828125,-1188.5999755859375,-1168.6400146484375
9611,-1279.0799560546875,0.0,0.0,16.143733978271484,-1279.0799560546875,-1273.5,65.34044647216797,-1394.5799560546875,-1377.800048828125,-1362.0999755859375,-1330.5,-1273.5,-1223.0,-1200.800048828125,-1188.5999755859375,-1168.6400146484375
9618,-1279.0799560546875,0.0,0.0,16.133159637451172,-1279.0799560546875,-1273.5,65.34044647216797,-1394.5799560546875,-1377.800048828125,-1362.0999755859375,-1330.5,-1273.5,-1223.0,-1200.800048828125,-1188.5999755859375,-1168.6400146484375
9625,-1279.1199951171875,0.0,0.0,16.105602264404297,-1279.1199951171875,-1273.5,65.34619903564453,-1394.5799560546875,-1377.800048828125,-1362.0999755859375,-1330.5,-1273.5,-1223.0,-1200.800048828125,-1188.5999755859375,-1168.6400146484375
9632,-1279.1199951171875,0.0,0.0,16.080385208129883,-1279.1199951171875,-1273.5,65.34619903564453,-1394.5799560546875,-1377.800048828125,-1362.0999755859375,-1330.5,-1273.5,-1223.0,-1200.800048828125,-1188.5999755859375,-1168.6400146484375
9639,-1279.1400146484375,0.0,0.0,16.06597900390625,-1279.1400146484375,-1273.5,65.33300018310547,-1394.5799560546875,-1377.800048828125,-1362.0999755859375,-1330.5,-1273.5,-1223.0,-1200.800048828125,-1188.5999755859375,-1168.6400146484375
9646,-1279.159912109375,0.0,0.0,16.04573631286621,-1279.1600341796875,-1273.5,65.35896301269531,-1394.5799560546875,-1377.800048828125,-1362.300048828125,-1330.5,-1273.5,-1223.0,-1200.800048828125,-1188.5999755859375,-1168.6400146484375
9653,-1279.219970703125,0.0,0.0,16.029142379760742,-1279.219970703125,-1273.5,65.34318542480469,-1394.5799560546875,-1377.800048828125,-1362.300048828125,-1330.5,-1273.5,-1223.0,-1200.800048828125,-1188.5999755859375,-1168.6400146484375
9660,-1279.239990234375,0.0,0.0,16.02054786682129,-1279.239990234375,-1273.5,65.35810852050781,-1394.5799560546875,-1377.800048828125,-1362.300048828125,-1330.5,-1273.5,-1223.0,-1200.800048828125,-1188.5999755859375,-1168.6400146484375
9667,-1279.239990234375,0.0,0.0,15.991926193237305,-1279.239990234375,-1273.5,65.35810852050781,-1394.5799560546875,-1377.800048828125,-1362.300048828125,-1330.5,-1273.5,-1223.0,-1200.800048828125,-1188.5999755859375,-1168.6400146484375
9674,-1279.260009765625,0.0,0.0,15.973322868347168,-1279.260009765625,-1273.5,65.36016845703125,-1394.5799560546875,-1377.800048828125,-1362.300048828125,-1330.5,-1273.5,-1223.0,-1200.800048828125,-1188.5999755859375,-1168.6400146484375
9681,-1279.2999267578125,0.0,0.0,15.946459770202637,-1279.300048828125,-1273.5,65.39855194091797,-1394.5799560546875,-1377.800048828125,-1362.300048828125,-1330.5,-1273.5,-1223.0,-1200.800048828125,-1188.5999755859375,-1168.6400146484375
9688,-1279.3199462890625,0.0,0.0,15.934711456298828,-1279.3199462890625,-1273.5,65.37367248535156,-1394.5799560546875,-1377.800048828125,-1362.300048828125,-1330.5,-1273.5,-1223.0,-1200.800048828125,-1188.5999755859375,-1168.6400146484375
9695,-1279.3599853515625,0.0,0.0,15.922823905944824,-1279.3599853515625,-1273.5,65.37162780761719,-1394.5799560546875,-1377.800048828125,-1362.300048828125,-1330.5,-1273.5,-1223.0,-1200.800048828125,-1188.5999755859375,-1168.6400146484375
9702,-1279.4000244140625,0.0,0.0,15.897128105163574,-1279.4000244140625,-1273.5,65.38150024414062,-1394.5799560546875,-1377.800048828125,-1362.300048828125,-1331.0,-1273.5,-1223.0,-1200.800048828125,-1188.5999755859375,-1168.6400146484375
9709,-1279.43994140625,0.0,0.0,15.8779878616333,-1279.43994140625,-1273.5,65.41610717773438,-1394.5799560546875,-1377.800048828125,-1362.300048828125,-1331.0,-1273.5,-1223.0,-1200.800048828125,-1188.5999755859375,-1168.6400146484375
9716,-1279.43994140625,0.0,0.0,15.866857528686523,-1279.43994140625,-1273.5,65.41610717773438,-1394.5799560546875,-1377.800048828125,-1362.300048828125,-1331.0,-1273.5,-1223.0,-1200.800048828125,-1188.5999755859375,-1168.6400146484375
9723,-1279.43994140625,0.0,0.0,15.844982147216797,-1279.43994140625,-1273.5,65.41610717773438,-1394.5799560546875,-1377.800048828125,-1362.300048828125,-1331.0,-1273.5,-1223.0,-1200.800048828125,-1188.5999755859375,-1168.6400146484375
9730,-1279.43994140625,0.0,0.0,15.82705307006836,-1279.43994140625,-1273.5,65.41610717773438,-1394.5799560546875,-1377.800048828125,-1362.300048828125,-1331.0,-1273.5,-1223.0,-1200.800048828125,-1188.5999755859375,-1168.6400146484375
9737,-1279.4599609375,0.0,0.0,15.803667068481445,-1279.4599609375,-1273.5,65.46150207519531,-1394.5799560546875,-1377.800048828125,-1362.300048828125,-1331.0,-1273.5,-1223.0,-1200.800048828125,-1188.5999755859375,-1168.6400146484375
9744,-1279.5999755859375,0.0,0.0,15.787288665771484,-1279.5999755859375,-1273.5,65.08502197265625,-1394.5799560546875,-1377.800048828125,-1362.300048828125,-1331.0,-1273.5,-1223.0,-1200.800048828125,-1188.5999755859375,-1168.6400146484375
9751,-1279.6400146484375,0.0,0.0,15.769326210021973,-1279.6400146484375,-1273.5,65.0920181274414,-1394.5799560546875,-1377.800048828125,-1362.300048828125,-1331.0,-1273.5,-1223.0,-1200.800048828125,-1188.5999755859375,-1168.6400146484375
9758,-1279.6400146484375,0.0,0.0,15.752554893493652,-1279.6400146484375,-1273.5,65.0920181274414,-1394.5799560546875,-1377.800048828125,-1362.300048828125,-1331.0,-1273.5,-1223.0,-1200.800048828125,-1188.5999755859375,-1168.6400146484375
9765,-1279.679931640625,0.0,0.0,15.731667518615723,-1279.6800537109375,-1273.5,65.12017822265625,-1394.5799560546875,-1377.800048828125,-1362.300048828125,-1331.0,-1273.5,-1223.0,-1200.800048828125,-1188.5999755859375,-1168.6400146484375
9772,-1279.760009765625,0.0,0.0,15.71675968170166,-1279.760009765625,-1273.5,65.15614318847656,-1394.5799560546875,-1377.800048828125,-1362.300048828125,-1331.0,-1273.5,-1223.0,-1200.800048828125,-1188.5999755859375,-1168.6400146484375
9779,-1279.780029296875,0.0,0.0,15.69291877746582,-1279.780029296875,-1273.5,65.12489318847656,-1394.5799560546875,-1377.800048828125,-1362.300048828125,-1331.0,-1273.5,-1223.0,-1200.800048828125,-1188.5999755859375,-1168.6400146484375
9786,-1279.8199462890625,0.0,0.0,15.678964614868164,-1279.8199462890625,-1273.5,65.07032775878906,-1394.5799560546875,-1377.800048828125,-1362.300048828125,-1331.0,-1273.5,-1223.0,-1200.800048828125,-1192.4000244140625,-1168.6400146484375
9793,-1279.8199462890625,0.0,0.0,15.657816886901855,-1279.8199462890625,-1273.5,65.07032775878906,-1394.5799560546875,-1377.800048828125,-1362.300048828125,-1331.0,-1273.5,-1223.0,-1200.800048828125,-1192.4000244140625,-1168.6400146484375
9800,-1279.8399658203125,0.0,0.0,15.634987831115723,-1279.8399658203125,-1273.5,65.05316925048828,-1394.5799560546875,-1377.800048828125,-1362.300048828125,-1331.0,-1273.5,-1224.5,-1200.800048828125,-1192.4000244140625,-1168.6400146484375
9807,-1279.9000244140625,0.0,0.0,15.609530448913574,-1279.9000244140625,-1273.5,65.01914978027344,-1394.5799560546875,-1377.800048828125,-1362.300048828125,-1331.0,-1273.5,-1224.5,-1200.800048828125,-1192.4000244140625,-1168.6400146484375
9814,-1279.9599609375,0.0,0.0,15.588078498840332,-1279.9599609375,-1273.5,65.04043579101562,-1394.5799560546875,-1377.800048828125,-1362.300048828125,-1331.0,-1273.5,-1224.5,-1200.800048828125,-1192.4000244140625,-1168.6400146484375
9821,-1279.9599609375,0.0,0.0,15.563037872314453,-1279.9599609375,-1273.5,65.04043579101562,-1394.5799560546875,-1377.800048828125,-1362.300048828125,-1331.0,-1273.5,-1224.5,-1200.800048828125,-1192.4000244140625,-1168.6400146484375
9828,-1279.9599609375,0.0,0.0,15.536005973815918,-1279.9599609375,-1273.5,65.04043579101562,-1394.5799560546875,-1377.800048828125,-1362.300048828125,-1331.0,-1273.5,-1224.5,-1200.800048828125,-1192.4000244140625,-1168.6400146484375
9835,-1279.97998046875,0.0,0.0,15.51248836517334,-1279.97998046875,-1273.5,65.00968933105469,-1394.5799560546875,-1377.800048828125,-1362.300048828125,-1331.0,-1273.5,-1224.5,-1200.800048828125,-1192.4000244140625,-1168.6400146484375
9842,-1279.97998046875,0.0,0.0,15.4944429397583,-1279.97998046875,-1273.5,65.00968933105469,-1394.5799560546875,-1377.800048828125,-1362.300048828125,-1331.0,-1273.5,-1224.5,-1200.800048828125,-1192.4000244140625,-1168.6400146484375
9849,-1280.02001953125,0.0,0.0,15.480719566345215,-1280.02001953125,-1273.5,64.9776840209961,-1394.5799560546875,-1377.800048828125,-1362.300048828125,-1331.0,-1273.5,-1224.5,-1202.5999755859375,-1192.4000244140625,-1168.6400146484375
9856,-1280.02001953125,0.0,0.0,15.4653902053833,-1280.02001953125,-1273.5,64.9776840209961,-1394.5799560546875,-1377.800048828125,-1362.300048828125,-1331.0,-1273.5,-1224.5,-1202.5999755859375,-1192.4000244140625,-1168.6400146484375
9863,-1280.0399169921875,0.0,0.0,15.446906089782715,-1280.0400390625,-1273.5,64.96844482421875,-1394.5799560546875,-1377.800048828125,-1362.300048828125,-1331.0,-1273.5,-1224.5,-1202.5999755859375,-1192.4000244140625,-1168.6400146484375
9870,-1280.0399169921875,0.0,0.0,15.430299758911133,-1280.0400390625,-1273.5,64.96844482421875,-1394.5799560546875,-1377.800048828125,-1362.300048828125,-1331.0,-1273.5,-1224.5,-1202.5999755859375,-1192.4000244140625,-1168.6400146484375
9877,-1280.0799560546875,0.0,0.0,15.409679412841797,-1280.0799560546875,-1273.5,64.95916748046875,-1394.5799560546875,-1377.800048828125,-1362.300048828125,-1331.0,-1273.5,-1224.5,-1202.5999755859375,-1192.4000244140625,-1168.6400146484375
9884,-1280.0999755859375,0.0,0.0,15.396807670593262,-1280.0999755859375,-1273.5,64.96868896484375,-1394.5799560546875,-1377.800048828125,-1362.300048828125,-1331.0,-1273.5,-1224.5,-1202.5999755859375,-1192.4000244140625,-1168.6400146484375
9891,-1280.1199951171875,0.0,0.0,15.384321212768555,-1280.1199951171875,-1273.5,64.98219299316406,-1394.5799560546875,-1377.800048828125,-1362.300048828125,-1331.0,-1273.5,-1224.5,-1202.5999755859375,-1192.4000244140625,-1168.6400146484375
9898,-1280.1400146484375,0.0,0.0,15.360756874084473,-1280.1400146484375,-1273.5,65.00738525390625,-1394.5799560546875,-1377.800048828125,-1363.199951171875,-1331.0,-1273.5,-1224.5,-1202.5999755859375,-1192.4000244140625,-1168.6400146484375
9905,-1280.179931640625,0.0,0.0,15.341958999633789,-1280.1800537109375,-1273.5,64.94141387939453,-1394.5799560546875,-1377.800048828125,-1363.199951171875,-1331.0,-1273.5,-1224.5,-1202.5999755859375,-1192.4000244140625,-1168.6800537109375
9912,-1280.179931640625,0.0,0.0,15.32046127319336,-1280.1800537109375,-1273.5,64.94141387939453,-1394.5799560546875,-1377.800048828125,-1363.199951171875,-1331.0,-1273.5,-1224.5,-1202.5999755859375,-1192.4000244140625,-1168.6800537109375
9919,-1280.219970703125,0.0,0.0,15.301401138305664,-1280.219970703125,-1273.5,64.9375991821289,-1394.5799560546875,-1377.800048828125,-1363.199951171875,-1332.5,-1273.5,-1224.5,-1202.5999755859375,-1192.4000244140625,-1168.6800537109375
9926,-1280.260009765625,0.0,0.0,15.280057907104492,-1280.260009765625,-1273.5,64.9469985961914,-1394.5799560546875,-1377.800048828125,-1363.199951171875,-1332.5,-1273.5,-1224.5,-1202.5999755859375,-1192.4000244140625,-1168.6800537109375
9933,-1280.2999267578125,0.0,0.0,15.265121459960938,-1280.300048828125,-1273.5,64.93265533447266,-1394.5799560546875,-1377.800048828125,-1363.199951171875,-1332.5,-1273.5,-1224.5,-1202.5999755859375,-1192.4000244140625,-1168.6800537109375
9940,-1280.2999267578125,0.0,0.0,15.2422456741333,-1280.300048828125,-1273.5,64.93265533447266,-1394.5799560546875,-1377.800048828125,-1363.199951171875,-1332.5,-1273.5,-1224.5,-1202.5999755859375,-1192.4000244140625,-1168.6800537109375
9947,-1280.3599853515625,0.0,0.0,15.225933074951172,-1280.3599853515625,-1273.5,64.89260864257812,-1394.5799560546875,-1377.800048828125,-1363.199951171875,-1332.5,-1273.5,-1224.75,-1202.5999755859375,-1192.4000244140625,-1168.6800537109375
9954,-1280.4599609375,0.0,0.0,15.214614868164062,-1280.4599609375,-1273.5,65.01114654541016,-1394.5799560546875,-1377.800048828125,-1363.199951171875,-1332.5,-1273.5,-1224.75,-1202.5999755859375,-1192.4000244140625,-1168.6800537109375
9961,-1280.4599609375,0.0,0.0,15.203874588012695,-1280.4599609375,-1273.5,65.01114654541016,-1394.5799560546875,-1377.800048828125,-1363.199951171875,-1332.5,-1273.5,-1224.75,-1202.5999755859375,-1192.4000244140625,-1168.6800537109375
9968,-1280.4599609375,0.0,0.0,15.187090873718262,-1280.4599609375,-1273.5,65.01114654541016,-1394.5799560546875,-1377.800048828125,-1363.199951171875,-1332.5,-1273.5,-1224.75,-1202.5999755859375,-1192.4000244140625,-1168.6800537109375
9975,-1280.4599609375,0.0,0.0,15.169032096862793,-1280.4599609375,-1273.5,65.01114654541016,-1394.5799560546875,-1377.800048828125,-1363.199951171875,-1332.5,-1273.5,-1224.75,-1202.5999755859375,-1192.4000244140625,-1168.6800537109375
9982,-1280.4599609375,0.0,0.0,15.149325370788574,-1280.4599609375,-1273.5,65.01114654541016,-1394.5799560546875,-1377.800048828125,-1363.199951171875,-1332.5,-1273.5,-1224.75,-1202.5999755859375,-1192.4000244140625,-1168.6800537109375
9989,-1280.4599609375,0.0,0.0,15.126998901367188,-1280.4599609375,-1273.5,65.01114654541016,-1394.5799560546875,-1377.800048828125,-1363.199951171875,-1332.5,-1273.5,-1224.75,-1202.5999755859375,-1192.4000244140625,-1168.6800537109375
9996,-1280.4599609375,0.0,0.0,15.114352226257324,-1280.4599609375,-1273.5,65.01114654541016,-1394.5799560546875,-1377.800048828125,-1363.199951171875,-1332.5,-1273.5,-1224.75,-1202.5999755859375,-1192.4000244140625,-1168.6800537109375
10003,-1280.5,0.0,0.0,15.097506523132324,-1280.5,-1273.5,64.97084045410156,-1394.5799560546875,-1377.800048828125,-1363.199951171875,-1332.5,-1273.5,-1224.75,-1202.5999755859375,-1192.4000244140625,-1168.6800537109375
10010,-1280.5,0.0,0.0,15.076498985290527,-1280.5,-1273.5,64.97084045410156,-1394.5799560546875,-1377.800048828125,-1363.199951171875,-1332.5,-1273.5,-1224.75,-1202.5999755859375,-1192.4000244140625,-1168.6800537109375
10017,-1280.5,0.0,0.0,15.063176155090332,-1280.5,-1273.5,64.97084045410156,-1394.5799560546875,-1377.800048828125,-1363.199951171875,-1332.5,-1273.5,-1224.75,-1202.5999755859375,-1192.4000244140625,-1168.6800537109375
10024,-1280.5,0.0,0.0,15.04574203491211,-1280.5,-1273.5,64.97084045410156,-1394.5799560546875,-1377.800048828125,-1363.199951171875,-1332.5,-1273.5,-1224.75,-1202.5999755859375,-1192.4000244140625,-1168.6800537109375
10031,-1280.5,0.0,0.0,15.038583755493164,-1280.5,-1273.5,64.97084045410156,-1394.5799560546875,-1377.800048828125,-1363.199951171875,-1332.5,-1273.5,-1224.75,-1202.5999755859375,-1192.4000244140625,-1168.6800537109375
10038,-1280.5,0.0,0.0,15.017952919006348,-1280.5,-1273.5,64.97084045410156,-1394.5799560546875,-1377.800048828125,-1363.199951171875,-1332.5,-1273.5,-1224.75,-1202.5999755859375,-1192.4000244140625,-1168.6800537109375
10045,-1280.5,0.0,0.0,14.992110252380371,-1280.5,-1273.5,64.97084045410156,-1394.5799560546875,-1377.800048828125,-1363.199951171875,-1332.5,-1273.5,-1224.75,-1202.5999755859375,-1192.4000244140625,-1168.6800537109375
10052,-1280.5,0.0,0.0,14.981107711791992,-1280.5,-1273.5,64.97084045410156,-1394.5799560546875,-1377.800048828125,-1363.199951171875,-1332.5,-1273.5,-1224.75,-1202.5999755859375,-1192.4000244140625,-1168.6800537109375
10059,-1280.5,0.0,0.0,14.971375465393066,-1280.5,-1273.5,64.97084045410156,-1394.5799560546875,-1377.800048828125,-1363.199951171875,-1332.5,-1273.5,-1224.75,-1202.5999755859375,-1192.4000244140625,-1168.6800537109375
10066,-1280.5599365234375,0.0,0.0,14.951067924499512,-1280.56005859375,-1273.5,65.01466369628906,-1394.5799560546875,-1377.800048828125,-1363.199951171875,-1332.5,-1273.5,-1224.75,-1202.5999755859375,-1192.4000244140625,-1168.6800537109375
10073,-1280.5999755859375,0.0,0.0,14.933173179626465,-1280.5999755859375,-1273.5,65.01984405517578,-1394.5799560546875,-1377.800048828125,-1363.199951171875,-1332.5,-1273.5,-1224.75,-1202.5999755859375,-1192.4000244140625,-1168.6800537109375
10080,-1280.6199951171875,0.0,0.0,14.91771411895752,-1280.6199951171875,-1273.5,64.98580932617188,-1394.5799560546875,-1377.800048828125,-1363.199951171875,-1332.5,-1273.5,-1224.75,-1202.5999755859375,-1192.4000244140625,-1170.6400146484375
10087,-1280.6199951171875,0.0,0.0,14.907282829284668,-1280.6199951171875,-1273.5,64.98580932617188,-1394.5799560546875,-1377.800048828125,-1363.199951171875,-1332.5,-1273.5,-1224.75,-1202.5999755859375,-1192.4000244140625,-1170.6400146484375
10094,-1280.6199951171875,0.0,0.0,14.884733200073242,-1280.6199951171875,-1273.5,64.98580932617188,-1394.5799560546875,-1377.800048828125,-1363.199951171875,-1332.5,-1273.5,-1224.75,-1202.5999755859375,-1192.4000244140625,-1170.6400146484375
10101,-1280.6199951171875,0.0,0.0,14.869751930236816,-1280.6199951171875,-1273.5,64.98580932617188,-1394.5799560546875,-1377.800048828125,-1363.199951171875,-1332.5,-1273.5,-1224.75,-1202.5999755859375,-1192.4000244140625,-1170.6400146484375
10108,-1280.6199951171875,0.0,0.0,14.852375984191895,-1280.6199951171875,-1273.5,64.98580932617188,-1394.5799560546875,-1377.800048828125,-1363.199951171875,-1332.5,-1273.5,-1224.75,-1202.5999755859375,-1192.4000244140625,-1170.6400146484375
10115,-1280.6199951171875,0.0,0.0,14.835331916809082,-1280.6199951171875,-1273.5,64.98580932617188,-1394.5799560546875,-1377.800048828125,-1363.199951171875,-1332.5,-1273.5,-1224.75,-1202.5999755859375,-1192.4000244140625,-1170.6400146484375
10122,-1280.6199951171875,0.0,0.0,14.829121589660645,-1280.6199951171875,-1273.5,64.98580932617188,-1394.5799560546875,-1377.800048828125,-1363.199951171875,-1332.5,-1273.5,-1224.75,-1202.5999755859375,-1192.4000244140625,-1170.6400146484375
10129,-1280.6199951171875,0.0,0.0,14.813661575317383,-1280.6199951171875,-1273.5,64.98580932617188,-1394.5799560546875,-1377.800048828125,-1363.199951171875,-1332.5,-1273.5,-1224.75,-1202.5999755859375,-1192.4000244140625,-1170.6400146484375
10136,-1280.6400146484375,0.0,0.0,14.784269332885742,-1280.6400146484375,-1273.5,65.0120849609375,-1394.5799560546875,-1377.800048828125,-1363.199951171875,-1332.5,-1273.5,-1224.75,-1202.5999755859375,-1192.4000244140625,-1170.6400146484375
10143,-1280.6400146484375,0.0,0.0,14.761652946472168,-1280.6400146484375,-1273.5,65.0120849609375,-1394.5799560546875,-1377.800048828125,-1363.199951171875,-1332.5,-1273.5,-1224.75,-1202.5999755859375,-1192.4000244140625,-1170.6400146484375
10150,-1280.6400146484375,0.0,0.0,14.742897987365723,-1280.6400146484375,-1273.5,65.0120849609375,-1394.5799560546875,-1377.800048828125,-1363.199951171875,-1332.5,-1273.5,-1224.75,-1202.5999755859375,-1192.4000244140625,-1170.6400146484375
10157,-1280.6400146484375,0.0,0.0,14.72954273223877,-1280.6400146484375,-1273.5,65.0120849609375,-1394.5799560546875,-1377.800048828125,-1363.199951171875,-1332.5,-1273.5,-1224.75,-1202.5999755859375,-1192.4000244140625,-1170.6400146484375
10164,-1280.659912109375,0.0,0.0,14.711435317993164,-1280.6600341796875,-1273.5,65.02725982666016,-1394.5799560546875,-1377.800048828125,-1363.199951171875,-1332.5,-1273.5,-1224.75,-1202.5999755859375,-1192.4000244140625,-1170.6400146484375
10171,-1280.659912109375,0.0,0.0,14.698981285095215,-1280.6600341796875,-1273.5,65.02725982666016,-1394.5799560546875,-1377.800048828125,-1363.199951171875,-1332.5,-1273.5,-1224.75,-1202.5999755859375,-1192.4000244140625,-1170.6400146484375
10178,-1280.659912109375,0.0,0.0,14.684831619262695,-1280.6600341796875,-1273.5,65.02725982666016,-1394.5799560546875,-1377.800048828125,-1363.199951171875,-1332.5,-1273.5,-1224.75,-1202.5999755859375,-1192.4000244140625,-1170.6400146484375
10185,-1280.659912109375,0.0,0.0,14.666796684265137,-1280.6600341796875,-1273.5,65.02725982666016,-1394.5799560546875,-1377.800048828125,-1363.199951171875,-1332.5,-1273.5,-1224.75,-1202.5999755859375,-1192.4000244140625,-1170.6400146484375
10192,-1280.699951171875,0.0,0.0,14.649706840515137,-1280.699951171875,-1273.5,65.00530242919922,-1394.5799560546875,-1377.800048828125,-1363.199951171875,-1332.5,-1273.5,-1224.75,-1202.5999755859375,-1192.4000244140625,-1170.6400146484375
10199,-1280.719970703125,0.0,0.0,14.635507583618164,-1280.719970703125,-1273.5,65.02723693847656,-1394.5799560546875,-1377.800048828125,-1363.199951171875,-1332.5,-1273.5,-1224.75,-1202.5999755859375,-1192.4000244140625,-1170.6400146484375
10206,-1280.719970703125,0.0,0.0,14.624032974243164,-1280.719970703125,-1273.5,65.02723693847656,-1394.5799560546875,-1377.800048828125,-1363.199951171875,-1332.5,-1273.5,-1224.75,-1202.5999755859375,-1192.4000244140625,-1170.6400146484375
10213,-1280.739990234375,0.0,0.0,14.609341621398926,-1280.739990234375,-1273.5,65.03408813476562,-1394.5799560546875,-1377.800048828125,-1363.199951171875,-1332.5,-1273.5,-1224.75,-1202.5999755859375,-1192.4000244140625,-1170.6400146484375
10220,-1280.7999267578125,0.0,0.0,14.592818260192871,-1280.800048828125,-1273.5,65.02876281738281,-1394.5799560546875,-1377.800048828125,-1363.199951171875,-1332.5,-1273.5,-1224.75,-1202.5999755859375,-1192.4000244140625,-1170.6400146484375
10227,-1280.8199462890625,0.0,0.0,14.572420120239258,-1280.8199462890625,-1273.5,65.00205993652344,-1394.5799560546875,-1377.800048828125,-1363.199951171875,-1332.5,-1273.5,-1224.75,-1202.5999755859375,-1194.300048828125,-1170.6400146484375
10234,-1280.8599853515625,0.0,0.0,14.557670593261719,-1280.8599853515625,-1273.5,65.00553894042969,-1394.5799560546875,-1377.800048828125,-1363.199951171875,-1332.5,-1273.5,-1224.75,-1202.800048828125,-1194.300048828125,-1170.6400146484375
10241,-1280.8800048828125,0.0,0.0,14.54269027709961,-1280.8800048828125,-1273.5,65.03234100341797,-1394.5799560546875,-1377.800048828125,-1363.199951171875,-1332.5,-1273.5,-1224.75,-1202.800048828125,-1194.300048828125,-1170.6400146484375
10248,-1280.9000244140625,0.0,0.0,14.524066925048828,-1280.9000244140625,-1273.5,65.07818603515625,-1394.5799560546875,-1377.800048828125,-1363.199951171875,-1332.5,-1273.5,-1224.75,-1202.800048828125,-1194.300048828125,-1170.6400146484375
10255,-1280.9000244140625,0.0,0.0,14.498122215270996,-1280.9000244140625,-1273.5,65.07818603515625,-1394.5799560546875,-1377.800048828125,-1363.199951171875,-1332.5,-1273.5,-1224.75,-1202.800048828125,-1194.300048828125,-1170.6400146484375
10262,-1280.93994140625,0.0,0.0,14.47924518585205,-1280.93994140625,-1273.5,65.10281372070312,-1394.5799560546875,-1377.800048828125,-1363.199951171875,-1332.5,-1273.5,-1224.75,-1202.800048828125,-1194.300048828125,-1170.6400146484375
10269,-1280.93994140625,0.0,0.0,14.459456443786621,-1280.93994140625,-1273.5,65.10281372070312,-1394.5799560546875,-1377.800048828125,-1363.199951171875,-1332.5,-1273.5,-1224.75,-1202.800048828125,-1194.300048828125,-1170.6400146484375
10276,-1280.9599609375,0.0,0.0,14.440597534179688,-1280.9599609375,-1273.5,65.13169860839844,-1394.5799560546875,-1377.800048828125,-1363.199951171875,-1332.5,-1273.5,-1224.75,-1202.800048828125,-1194.300048828125,-1170.6400146484375
10283,-1281.0,0.0,0.0,14.424226760864258,-1281.0,-1275.5,65.12925720214844,-1394.5799560546875,-1377.800048828125,-1363.199951171875,-1332.5,-1275.5,-1224.75,-1202.800048828125,-1194.300048828125,-1170.6400146484375
10290,-1281.0,0.0,0.0,14.404189109802246,-1281.0,-1275.5,65.12925720214844,-1394.5799560546875,-1377.800048828125,-1363.199951171875,-1332.5,-1275.5,-1224.75,-1202.800048828125,-1194.300048828125,-1170.6400146484375
10297,-1281.0,0.0,0.0,14.39295768737793,-1281.0,-1275.5,65.12925720214844,-1394.5799560546875,-1377.800048828125,-1363.199951171875,-1332.5,-1275.5,-1224.75,-1202.800048828125,-1194.300048828125,-1170.6400146484375
10304,-1281.0,0.0,0.0,14.371119499206543,-1281.0,-1275.5,65.12925720214844,-1394.5799560546875,-1377.800048828125,-1363.199951171875,-1332.5,-1275.5,-1224.75,-1202.800048828125,-1194.300048828125,-1170.6400146484375
10311,-1281.0,0.0,0.0,14.349434852600098,-1281.0,-1275.5,65.12925720214844,-1394.5799560546875,-1377.800048828125,-1363.199951171875,-1332.5,-1275.5,-1224.75,-1202.800048828125,-1194.300048828125,-1170.6400146484375
10318,-1281.0,0.0,0.0,14.327305793762207,-1281.0,-1275.5,65.12925720214844,-1394.5799560546875,-1377.800048828125,-1363.199951171875,-1332.5,-1275.5,-1224.75,-1202.800048828125,-1194.300048828125,-1170.6400146484375
10325,-1281.0,0.0,0.0,14.319941520690918,-1281.0,-1275.5,65.12925720214844,-1394.5799560546875,-1377.800048828125,-1363.199951171875,-1332.5,-1275.5,-1224.75,-1202.800048828125,-1194.300048828125,-1170.6400146484375
10332,-1281.02001953125,0.0,0.0,14.305939674377441,-1281.02001953125,-1275.5,65.14583587646484,-1394.5799560546875,-1377.800048828125,-1363.199951171875,-1332.75,-1275.5,-1224.75,-1202.800048828125,-1194.300048828125,-1170.6400146484375
10339,-1281.0399169921875,0.0,0.0,14.286701202392578,-1281.0400390625,-1275.5,65.16270446777344,-1394.5799560546875,-1377.800048828125,-1363.199951171875,-1332.75,-1275.5,-1224.75,-1202.800048828125,-1194.300048828125,-1170.6400146484375
10346,-1281.0399169921875,0.0,0.0,14.272619247436523,-1281.0400390625,-1275.5,65.16270446777344,-1394.5799560546875,-1377.800048828125,-1363.199951171875,-1332.75,-1275.5,-1224.75,-1202.800048828125,-1194.300048828125,-1170.6400146484375
10353,-1281.0399169921875,0.0,0.0,14.253199577331543,-1281.0400390625,-1275.5,65.16270446777344,-1394.5799560546875,-1377.800048828125,-1363.199951171875,-1332.75,-1275.5,-1224.75,-1202.800048828125,-1194.300048828125,-1170.6400146484375
10360,-1281.1199951171875,0.0,0.0,14.229340553283691,-1281.1199951171875,-1275.5,65.12760925292969,-1394.5799560546875,-1377.800048828125,-1363.199951171875,-1332.75,-1275.5,-1224.75,-1202.800048828125,-1194.300048828125,-1170.6400146484375
10367,-1281.1400146484375,0.0,0.0,14.206583976745605,-1281.1400146484375,-1275.5,65.0940933227539,-1394.5799560546875,-1377.800048828125,-1363.199951171875,-1332.75,-1275.5,-1224.75,-1202.800048828125,-1194.300048828125,-1172.5999755859375
10374,-1281.1400146484375,0.0,0.0,14.190661430358887,-1281.1400146484375,-1275.5,65.0940933227539,-1394.5799560546875,-1377.800048828125,-1363.199951171875,-1332.75,-1275.5,-1224.75,-1202.800048828125,-1194.300048828125,-1172.5999755859375
10381,-1281.159912109375,0.0,0.0,14.17485523223877,-1281.1600341796875,-1275.5,65.12352752685547,-1394.5799560546875,-1378.75,-1363.199951171875,-1332.75,-1275.5,-1224.75,-1202.800048828125,-1194.300048828125,-1172.5999755859375
10388,-1281.199951171875,0.0,0.0,14.15603256225586,-1281.199951171875,-1275.5,65.19156646728516,-1394.6199951171875,-1378.75,-1363.199951171875,-1332.75,-1275.5,-1224.75,-1202.800048828125,-1194.300048828125,-1172.5999755859375
10395,-1281.239990234375,0.0,0.0,14.152823448181152,-1281.239990234375,-1275.5,65.20861053466797,-1394.6199951171875,-1378.75,-1363.199951171875,-1332.75,-1275.5,-1224.75,-1202.800048828125,-1194.300048828125,-1172.5999755859375
10402,-1281.260009765625,0.0,0.0,14.142521858215332,-1281.260009765625,-1275.5,65.23857879638672,-1394.6199951171875,-1380.6500244140625,-1363.199951171875,-1332.75,-1275.5,-1224.75,-1202.800048828125,-1194.300048828125,-1172.5999755859375
10409,-1281.3199462890625,0.0,0.0,14.129899978637695,-1281.3199462890625,-1275.5,65.19415283203125,-1394.6199951171875,-1380.6500244140625,-1363.199951171875,-1334.25,-1275.5,-1224.75,-1202.800048828125,-1194.5,-1172.5999755859375
10416,-1281.3199462890625,0.0,0.0,14.12244987487793,-1281.3199462890625,-1275.5,65.19415283203125,-1394.6199951171875,-1380.6500244140625,-1363.199951171875,-1334.25,-1275.5,-1224.75,-1202.800048828125,-1194.5,-1172.5999755859375
10423,-1281.3399658203125,0.0,0.0,14.102115631103516,-1281.3399658203125,-1275.5,65.23851776123047,-1394.6600341796875,-1380.6500244140625,-1363.199951171875,-1334.25,-1275.5,-1224.75,-1202.800048828125,-1194.5,-1172.5999755859375
10430,-1281.3599853515625,0.0,0.0,14.087024688720703,-1281.3599853515625,-1275.5,65.24056243896484,-1394.6600341796875,-1380.6500244140625,-1363.199951171875,-1334.25,-1275.5,-1224.75,-1202.800048828125,-1194.5,-1172.5999755859375
10437,-1281.3800048828125,0.0,0.0,14.08495807647705,-1281.3800048828125,-1275.5,65.20149993896484,-1394.6600341796875,-1380.6500244140625,-1363.199951171875,-1334.25,-1275.5,-1224.75,-1202.800048828125,-1194.5,-1172.6400146484375
10444,-1281.419921875,0.0,0.0,14.07812213897705,-1281.4200439453125,-1275.5,65.2294692993164,-1394.6600341796875,-1380.6500244140625,-1363.199951171875,-1334.25,-1275.5,-1224.75,-1202.800048828125,-1194.5,-1172.6400146484375
10451,-1281.419921875,0.0,0.0,14.057661056518555,-1281.4200439453125,-1275.5,65.2294692993164,-1394.6600341796875,-1380.6500244140625,-1363.199951171875,-1334.25,-1275.5,-1224.75,-1202.800048828125,-1194.5,-1172.6400146484375
10458,-1281.419921875,0.0,0.0,14.047626495361328,-1281.4200439453125,-1275.5,65.2294692993164,-1394.6600341796875,-1380.6500244140625,-1363.199951171875,-1334.25,-1275.5,-1224.75,-1202.800048828125,-1194.5,-1172.6400146484375
10465,-1281.419921875,0.0,0.0,14.035853385925293,-1281.4200439453125,-1275.5,65.2294692993164,-1394.6600341796875,-1380.6500244140625,-1363.199951171875,-1334.25,-1275.5,-1224.75,-1202.800048828125,-1194.5,-1172.6400146484375
10472,-1281.43994140625,0.0,0.0,14.02646255493164,-1281.43994140625,-1275.5,65.21186065673828,-1394.6600341796875,-1380.6500244140625,-1363.199951171875,-1334.25,-1275.5,-1225.0,-1202.800048828125,-1194.5,-1172.6400146484375
10479,-1281.43994140625,0.0,0.0,14.01518726348877,-1281.43994140625,-1275.5,65.21186065673828,-1394.6600341796875,-1380.6500244140625,-1363.199951171875,-1334.25,-1275.5,-1225.0,-1202.800048828125,-1194.5,-1172.6400146484375
10486,-1281.43994140625,0.0,0.0,13.990367889404297,-1281.43994140625,-1275.5,65.21186065673828,-1394.6600341796875,-1380.6500244140625,-1363.199951171875,-1334.25,-1275.5,-1225.0,-1202.800048828125,-1194.5,-1172.6400146484375
10493,-1281.43994140625,0.0,0.0,13.969230651855469,-1281.43994140625,-1275.5,65.21186065673828,-1394.6600341796875,-1380.6500244140625,-1363.199951171875,-1334.25,-1275.5,-1225.0,-1202.800048828125,-1194.5,-1172.6400146484375
10500,-1281.4599609375,0.0,0.0,13.954909324645996,-1281.4599609375,-1275.5,65.21509552001953,-1394.6600341796875,-1380.6500244140625,-1363.199951171875,-1334.25,-1275.5,-1225.0,-1202.800048828125,-1194.5,-1172.6400146484375
10507,-1281.52001953125,0.0,0.0,13.94039535522461,-1281.52001953125,-1275.5,65.2305908203125,-1394.6600341796875,-1380.6500244140625,-1365.0,-1335.25,-1275.5,-1225.0,-1202.800048828125,-1194.5,-1172.6400146484375
10514,-1281.5399169921875,0.0,0.0,13.924015998840332,-1281.5400390625,-1275.5,65.20436096191406,-1394.6600341796875,-1380.6500244140625,-1365.0,-1335.25,-1275.5,-1225.0,-1202.800048828125,-1196.4000244140625,-1172.6400146484375
10521,-1281.5799560546875,0.0,0.0,13.907110214233398,-1281.5799560546875,-1275.5,65.19879913330078,-1394.6600341796875,-1380.6500244140625,-1365.0,-1335.25,-1275.5,-1225.0,-1202.800048828125,-1196.4000244140625,-1172.6400146484375
10528,-1281.5999755859375,0.0,0.0,13.895121574401855,-1281.5999755859375,-1275.5,65.21763610839844,-1394.6600341796875,-1380.6500244140625,-1365.0,-1335.25,-1275.5,-1225.0,-1202.800048828125,-1196.4000244140625,-1172.6400146484375
10535,-1281.5999755859375,0.0,0.0,13.884819030761719,-1281.5999755859375,-1275.5,65.21763610839844,-1394.6600341796875,-1380.6500244140625,-1365.0,-1335.25,-1275.5,-1225.0,-1202.800048828125,-1196.4000244140625,-1172.6400146484375
10542,-1281.6199951171875,0.0,0.0,13.867671012878418,-1281.6199951171875,-1275.5,65.19873809814453,-1394.6600341796875,-1380.6500244140625,-1365.0,-1335.25,-1275.5,-1225.0,-1202.800048828125,-1196.4000244140625,-1172.6400146484375
10549,-1281.6199951171875,0.0,0.0,13.856196403503418,-1281.6199951171875,-1275.5,65.19873809814453,-1394.6600341796875,-1380.6500244140625,-1365.0,-1335.25,-1275.5,-1225.0,-1202.800048828125,-1196.4000244140625,-1172.6400146484375
10556,-1281.6199951171875,0.0,0.0,13.843306541442871,-1281.6199951171875,-1275.5,65.19873809814453,-1394.6600341796875,-1380.6500244140625,-1365.0,-1335.25,-1275.5,-1225.0,-1202.800048828125,-1196.4000244140625,-1172.6400146484375
10563,-1281.6199951171875,0.0,0.0,13.836701393127441,-1281.6199951171875,-1275.5,65.19873809814453,-1394.6600341796875,-1380.6500244140625,-1365.0,-1335.25,-1275.5,-1225.0,-1202.800048828125,-1196.4000244140625,-1172.6400146484375
10570,-1281.6199951171875,0.0,0.0,13.817270278930664,-1281.6199951171875,-1275.5,65.19873809814453,-1394.6600341796875,-1380.6500244140625,-1365.0,-1335.25,-1275.5,-1225.0,-1202.800048828125,-1196.4000244140625,-1172.6400146484375
10577,-1281.6199951171875,0.0,0.0,13.802538871765137,-1281.6199951171875,-1275.5,65.19873809814453,-1394.6600341796875,-1380.6500244140625,-1365.0,-1335.25,-1275.5,-1225.0,-1202.800048828125,-1196.4000244140625,-1172.6400146484375
10584,-1281.6400146484375,0.0,0.0,13.783641815185547,-1281.6400146484375,-1275.5,65.19271850585938,-1394.6600341796875,-1380.6500244140625,-1365.0,-1335.25,-1275.5,-1225.0,-1202.800048828125,-1196.4000244140625,-1172.6400146484375
10591,-1281.6400146484375,0.0,0.0,13.767784118652344,-1281.6400146484375,-1275.5,65.19271850585938,-1394.6600341796875,-1380.6500244140625,-1365.0,-1335.25,-1275.5,-1225.0,-1202.800048828125,-1196.4000244140625,-1172.6400146484375
10598,-1281.6400146484375,0.0,0.0,13.75466537475586,-1281.6400146484375,-1275.5,65.19271850585938,-1394.6600341796875,-1380.6500244140625,-1365.0,-1335.25,-1275.5,-1225.0,-1202.800048828125,-1196.4000244140625,-1172.6400146484375
10605,-1281.659912109375,0.0,0.0,13.74288272857666,-1281.6600341796875,-1275.5,65.16705322265625,-1394.6600341796875,-1380.6500244140625,-1365.0,-1335.25,-1275.5,-1225.0,-1202.800048828125,-1196.4000244140625,-1172.6400146484375
10612,-1281.679931640625,0.0,0.0,13.716375350952148,-1281.6800537109375,-1275.5,65.14137268066406,-1394.6600341796875,-1380.6500244140625,-1365.0,-1335.25,-1275.5,-1225.0,-1202.800048828125,-1196.4000244140625,-1172.6400146484375
10619,-1281.719970703125,0.0,0.0,13.701616287231445,-1281.719970703125,-1275.5,65.11729431152344,-1394.6600341796875,-1380.6500244140625,-1365.0,-1335.25,-1275.5,-1225.0,-1202.800048828125,-1196.4000244140625,-1172.6400146484375
10626,-1281.739990234375,0.0,0.0,13.68832778930664,-1281.739990234375,-1275.5,65.10877227783203,-1394.6600341796875,-1380.6500244140625,-1365.0,-1335.25,-1275.5,-1225.0,-1202.800048828125,-1196.4000244140625,-1172.6400146484375
10633,-1281.760009765625,0.0,0.0,13.672572135925293,-1281.760009765625,-1275.5,65.1309585571289,-1394.6600341796875,-1380.6500244140625,-1365.0,-1335.25,-1275.5,-1225.0,-1202.800048828125,-1196.4000244140625,-1172.6400146484375
10640,-1281.760009765625,0.0,0.0,13.657684326171875,-1281.760009765625,-1275.5,65.1309585571289,-1394.6600341796875,-1380.6500244140625,-1365.0,-1335.25,-1275.5,-1225.0,-1202.800048828125,-1196.4000244140625,-1172.6400146484375
10647,-1281.780029296875,0.0,0.0,13.641518592834473,-1281.780029296875,-1275.5,65.17707824707031,-1394.6600341796875,-1380.6500244140625,-1365.0,-1335.25,-1275.5,-1225.0,-1202.800048828125,-1196.4000244140625,-1172.6400146484375
10654,-1281.8800048828125,0.0,0.0,13.621443748474121,-1281.8800048828125,-1275.5,65.23990631103516,-1394.6600341796875,-1380.6500244140625,-1365.0,-1335.25,-1275.5,-1225.0,-1202.800048828125,-1196.4000244140625,-1172.6400146484375
10661,-1281.8800048828125,0.0,0.0,13.603455543518066,-1281.8800048828125,-1275.5,65.23990631103516,-1394.6600341796875,-1380.6500244140625,-1365.0,-1335.25,-1275.5,-1225.0,-1202.800048828125,-1196.4000244140625,-1172.6400146484375
10668,-1281.93994140625,0.0,0.0,13.586858749389648,-1281.93994140625,-1275.5,65.22528076171875,-1394.6600341796875,-1380.6500244140625,-1365.0,-1335.25,-1275.5,-1225.0,-1202.800048828125,-1196.4000244140625,-1172.6400146484375
10675,-1281.9599609375,0.0,0.0,13.576159477233887,-1281.9599609375,-1275.5,65.21240997314453,-1394.6600341796875,-1380.6500244140625,-1365.0,-1335.25,-1275.5,-1225.0,-1202.800048828125,-1196.4000244140625,-1172.6400146484375
10682,-1281.9599609375,0.0,0.0,13.5620698928833,-1281.9599609375,-1275.5,65.21240997314453,-1394.6600341796875,-1380.6500244140625,-1365.0,-1335.25,-1275.5,-1225.0,-1202.800048828125,-1196.4000244140625,-1172.6400146484375
10689,-1281.9599609375,0.0,0.0,13.545011520385742,-1281.9599609375,-1275.5,65.21240997314453,-1394.6600341796875,-1380.6500244140625,-1365.0,-1335.25,-1275.5,-1225.0,-1202.800048828125,-1196.4000244140625,-1172.6400146484375
10696,-1281.97998046875,0.0,0.0,13.53061294555664,-1281.97998046875,-1275.5,65.23480224609375,-1394.6600341796875,-1380.6500244140625,-1365.0,-1335.25,-1275.5,-1225.0,-1202.800048828125,-1196.4000244140625,-1172.6400146484375
10703,-1281.97998046875,0.0,0.0,13.516806602478027,-1281.97998046875,-1275.5,65.23480224609375,-1394.6600341796875,-1380.6500244140625,-1365.0,-1335.25,-1275.5,-1225.0,-1202.800048828125,-1196.4000244140625,-1172.6400146484375
10710,-1282.02001953125,0.0,0.0,13.502286911010742,-1282.02001953125,-1275.5,65.26913452148438,-1394.6600341796875,-1380.6500244140625,-1365.0,-1335.25,-1275.5,-1225.0,-1202.800048828125,-1196.4000244140625,-1172.6400146484375
10717,-1282.0399169921875,0.0,0.0,13.4880952835083,-1282.0400390625,-1275.5,65.23049926757812,-1394.6600341796875,-1380.6500244140625,-1365.0,-1335.25,-1275.5,-1225.0,-1202.800048828125,-1196.4000244140625,-1172.6800537109375
10724,-1282.0399169921875,0.0,0.0,13.46323013305664,-1282.0400390625,-1275.5,65.23049926757812,-1394.6600341796875,-1380.6500244140625,-1365.0,-1335.25,-1275.5,-1225.0,-1202.800048828125,-1196.4000244140625,-1172.6800537109375
10731,-1282.0799560546875,0.0,0.0,13.448512077331543,-1282.0799560546875,-1275.5,65.24640655517578,-1394.6600341796875,-1380.6500244140625,-1365.0,-1335.25,-1275.5,-1225.0,-1202.800048828125,-1196.4000244140625,-1172.6800537109375
10738,-1282.0999755859375,0.0,0.0,13.436750411987305,-1282.0999755859375,-1275.5,65.23780059814453,-1394.6600341796875,-1380.6500244140625,-1365.0,-1335.25,-1275.5,-1225.0,-1202.800048828125,-1196.4000244140625,-1172.6800537109375
10745,-1282.0999755859375,0.0,0.0,13.424238204956055,-1282.0999755859375,-1275.5,65.23780059814453,-1394.6600341796875,-1380.6500244140625,-1365.0,-1335.25,-1275.5,-1225.0,-1202.800048828125,-1196.4000244140625,-1172.6800537109375
10752,-1282.0999755859375,0.0,0.0,13.401848793029785,-1282.0999755859375,-1275.5,65.23780059814453,-1394.6600341796875,-1380.6500244140625,-1365.0,-1335.25,-1275.5,-1225.0,-1202.800048828125,-1196.4000244140625,-1172.6800537109375
10759,-1282.0999755859375,0.0,0.0,13.38481330871582,-1282.0999755859375,-1275.5,65.23780059814453,-1394.6600341796875,-1380.6500244140625,-1365.0,-1335.25,-1275.5,-1225.0,-1202.800048828125,-1196.4000244140625,-1172.6800537109375
10766,-1282.0999755859375,0.0,0.0,13.363269805908203,-1282.0999755859375,-1275.5,65.23780059814453,-1394.6600341796875,-1380.6500244140625,-1365.0,-1335.25,-1275.5,-1225.0,-1202.800048828125,-1196.4000244140625,-1172.6800537109375
10773,-1282.0999755859375,0.0,0.0,13.347914695739746,-1282.0999755859375,-1275.5,65.23780059814453,-1394.6600341796875,-1380.6500244140625,-1365.0,-1335.25,-1275.5,-1225.0,-1202.800048828125,-1196.4000244140625,-1172.6800537109375
10780,-1282.0999755859375,0.0,0.0,13.332560539245605,-1282.0999755859375,-1275.5,65.23780059814453,-1394.6600341796875,-1380.6500244140625,-1365.0,-1335.25,-1275.5,-1225.0,-1202.800048828125,-1196.4000244140625,-1172.6800537109375
10787,-1282.159912109375,0.0,0.0,13.312641143798828,-1282.1600341796875,-1275.5,65.22694396972656,-1394.6600341796875,-1380.6500244140625,-1365.0,-1335.25,-1275.5,-1225.0,-1202.800048828125,-1196.4000244140625,-1172.6800537109375
10794,-1282.179931640625,0.0,0.0,13.297269821166992,-1282.1800537109375,-1275.5,65.20542907714844,-1394.6600341796875,-1380.6500244140625,-1365.0,-1335.25,-1275.5,-1225.0,-1202.800048828125,-1196.4000244140625,-1172.6800537109375
10801,-1282.179931640625,0.0,0.0,13.282316207885742,-1282.1800537109375,-1275.5,65.20542907714844,-1394.6600341796875,-1380.6500244140625,-1365.0,-1335.25,-1275.5,-1225.0,-1202.800048828125,-1196.4000244140625,-1172.6800537109375
10808,-1282.179931640625,0.0,0.0,13.26059341430664,-1282.1800537109375,-1275.5,65.20542907714844,-1394.6600341796875,-1380.6500244140625,-1365.0,-1335.25,-1275.5,-1225.0,-1202.800048828125,-1196.4000244140625,-1172.6800537109375
10815,-1282.179931640625,0.0,0.0,13.247187614440918,-1282.1800537109375,-1275.5,65.20542907714844,-1394.6600341796875,-1380.6500244140625,-1365.0,-1335.25,-1275.5,-1225.0,-1202.800048828125,-1196.4000244140625,-1172.6800537109375
10822,-1282.219970703125,0.0,0.0,13.238417625427246,-1282.219970703125,-1275.5,65.17340087890625,-1394.6600341796875,-1380.6500244140625,-1365.0,-1335.25,-1275.5,-1225.0,-1202.800048828125,-1196.4000244140625,-1172.6800537109375
10829,-1282.219970703125,0.0,0.0,13.223647117614746,-1282.219970703125,-1275.5,65.17340087890625,-1394.6600341796875,-1380.6500244140625,-1365.0,-1335.25,-1275.5,-1225.0,-1202.800048828125,-1196.4000244140625,-1172.6800537109375
10836,-1282.260009765625,0.0,0.0,13.205863952636719,-1282.260009765625,-1275.5,65.18428802490234,-1394.6600341796875,-1380.6500244140625,-1365.0,-1335.25,-1275.5,-1225.0,-1202.800048828125,-1196.4000244140625,-1172.6800537109375
10843,-1282.3599853515625,0.0,0.0,13.187755584716797,-1282.3599853515625,-1275.5,65.09477996826172,-1394.6600341796875,-1380.6500244140625,-1365.0,-1335.25,-1275.5,-1225.75,-1202.800048828125,-1196.4000244140625,-1172.6800537109375
10850,-1282.3800048828125,0.0,0.0,13.173933982849121,-1282.3800048828125,-1275.5,65.11187744140625,-1394.6600341796875,-1380.6500244140625,-1365.0,-1335.25,-1275.5,-1225.75,-1202.800048828125,-1196.4000244140625,-1172.6800537109375
10857,-1282.3800048828125,0.0,0.0,13.156891822814941,-1282.3800048828125,-1275.5,65.11187744140625,-1394.6600341796875,-1380.6500244140625,-1365.0,-1335.25,-1275.5,-1225.75,-1202.800048828125,-1196.4000244140625,-1172.6800537109375
10864,-1282.4000244140625,0.0,0.0,13.1439790725708,-1282.4000244140625,-1275.5,65.09976959228516,-1394.6600341796875,-1380.6500244140625,-1365.0,-1335.25,-1275.5,-1225.75,-1202.800048828125,-1196.4000244140625,-1172.6800537109375
10871,-1282.43994140625,0.0,0.0,13.134384155273438,-1282.43994140625,-1276.0,65.0927505493164,-1394.6600341796875,-1380.6500244140625,-1365.0,-1335.25,-1276.0,-1225.75,-1202.800048828125,-1196.4000244140625,-1172.6800537109375
10878,-1282.43994140625,0.0,0.0,13.121996879577637,-1282.43994140625,-1276.0,65.0927505493164,-1394.6600341796875,-1380.6500244140625,-1365.0,-1335.25,-1276.0,-1225.75,-1202.800048828125,-1196.4000244140625,-1172.6800537109375
10885,-1282.5,0.0,0.0,13.10345458984375,-1282.5,-1276.0,65.05236053466797,-1394.6600341796875,-1380.6500244140625,-1365.0,-1335.25,-1276.0,-1225.75,-1203.0,-1196.4000244140625,-1172.6800537109375
10892,-1282.5,0.0,0.0,13.085746765136719,-1282.5,-1276.0,65.05236053466797,-1394.6600341796875,-1380.6500244140625,-1365.0,-1335.25,-1276.0,-1225.75,-1203.0,-1196.4000244140625,-1172.6800537109375
10899,-1282.52001953125,0.0,0.0,13.066960334777832,-1282.52001953125,-1276.0,65.07341766357422,-1394.6600341796875,-1380.6500244140625,-1365.0,-1335.25,-1276.0,-1225.75,-1203.0,-1196.4000244140625,-1172.6800537109375
10906,-1282.52001953125,0.0,0.0,13.044909477233887,-1282.52001953125,-1276.0,65.07341766357422,-1394.6600341796875,-1380.6500244140625,-1365.0,-1335.25,-1276.0,-1225.75,-1203.0,-1196.4000244140625,-1172.6800537109375
10913,-1282.5599365234375,0.0,0.0,13.03386116027832,-1282.56005859375,-1276.0,65.12776947021484,-1394.6600341796875,-1380.6500244140625,-1365.0,-1335.25,-1276.0,-1225.75,-1203.0,-1196.4000244140625,-1172.6800537109375
10920,-1282.5599365234375,0.0,0.0,13.01350212097168,-1282.56005859375,-1276.0,65.12776947021484,-1394.6600341796875,-1380.6500244140625,-1365.0,-1335.25,-1276.0,-1225.75,-1203.0,-1196.4000244140625,-1172.6800537109375
10927,-1282.5599365234375,0.0,0.0,13.003802299499512,-1282.56005859375,-1276.0,65.12776947021484,-1394.6600341796875,-1380.6500244140625,-1365.0,-1335.25,-1276.0,-1225.75,-1203.0,-1196.4000244140625,-1172.6800537109375
10934,-1282.5799560546875,0.0,0.0,12.989532470703125,-1282.5799560546875,-1276.0,65.12145233154297,-1394.6600341796875,-1380.6500244140625,-1365.0,-1335.25,-1276.0,-1225.75,-1203.0,-1196.4000244140625,-1172.6800537109375
10941,-1282.5799560546875,0.0,0.0,12.967443466186523,-1282.5799560546875,-1276.0,65.12145233154297,-1394.6600341796875,-1380.6500244140625,-1365.0,-1335.25,-1276.0,-1225.75,-1203.0,-1196.4000244140625,-1172.6800537109375
10948,-1282.5799560546875,0.0,0.0,12.958710670471191,-1282.5799560546875,-1276.0,65.12145233154297,-1394.6600341796875,-1380.6500244140625,-1365.0,-1335.25,-1276.0,-1225.75,-1203.0,-1196.4000244140625,-1172.6800537109375
10955,-1282.5999755859375,0.0,0.0,12.946097373962402,-1282.5999755859375,-1277.0,65.11881256103516,-1394.6600341796875,-1380.6500244140625,-1365.0,-1335.25,-1277.0,-1225.75,-1203.0,-1196.4000244140625,-1172.6800537109375
10962,-1282.5999755859375,0.0,0.0,12.925512313842773,-1282.5999755859375,-1277.0,65.11881256103516,-1394.6600341796875,-1380.6500244140625,-1365.0,-1335.25,-1277.0,-1225.75,-1203.0,-1196.4000244140625,-1172.6800537109375
10969,-1282.5999755859375,0.0,0.0,12.914033889770508,-1282.5999755859375,-1277.0,65.11881256103516,-1394.6600341796875,-1380.6500244140625,-1365.0,-1335.25,-1277.0,-1225.75,-1203.0,-1196.4000244140625,-1172.6800537109375
10976,-1282.6199951171875,0.0,0.0,12.90417194366455,-1282.6199951171875,-1277.0,65.14042663574219,-1394.6600341796875,-1380.6500244140625,-1365.0,-1335.25,-1277.0,-1225.75,-1203.0,-1196.4000244140625,-1172.6800537109375
10983,-1282.6199951171875,0.0,0.0,12.89266586303711,-1282.6199951171875,-1277.0,65.14042663574219,-1394.6600341796875,-1380.6500244140625,-1365.0,-1335.25,-1277.0,-1225.75,-1203.0,-1196.4000244140625,-1172.6800537109375
10990,-1282.6199951171875,0.0,0.0,12.879511833190918,-1282.6199951171875,-1277.0,65.14042663574219,-1394.6600341796875,-1380.6500244140625,-1365.0,-1335.25,-1277.0,-1225.75,-1203.0,-1196.4000244140625,-1172.6800537109375
10997,-1282.6199951171875,0.0,0.0,12.862344741821289,-1282.6199951171875,-1277.0,65.14042663574219,-1394.6600341796875,-1380.6500244140625,-1365.0,-1335.25,-1277.0,-1225.75,-1203.0,-1196.4000244140625,-1172.6800537109375
11004,-1282.6199951171875,0.0,0.0,12.85429859161377,-1282.6199951171875,-1277.0,65.14042663574219,-1394.6600341796875,-1380.6500244140625,-1365.0,-1335.25,-1277.0,-1225.75,-1203.0,-1196.4000244140625,-1172.6800537109375
11011,-1282.6400146484375,0.0,0.0,12.848210334777832,-1282.6400146484375,-1277.0,65.12088775634766,-1394.6600341796875,-1380.6500244140625,-1365.0,-1335.25,-1277.0,-1225.75,-1203.0,-1196.4000244140625,-1172.6800537109375
11018,-1282.6400146484375,0.0,0.0,12.83299732208252,-1282.6400146484375,-1277.0,65.12088775634766,-1394.6600341796875,-1380.6500244140625,-1365.0,-1335.25,-1277.0,-1225.75,-1203.0,-1196.4000244140625,-1172.6800537109375
11025,-1282.6400146484375,0.0,0.0,12.8233003616333,-1282.6400146484375,-1277.0,65.12088775634766,-1394.6600341796875,-1380.6500244140625,-1365.0,-1335.25,-1277.0,-1225.75,-1203.0,-1196.4000244140625,-1172.6800537109375
11032,-1282.739990234375,0.0,0.0,12.814605712890625,-1282.739990234375,-1277.0,65.0860366821289,-1394.6600341796875,-1380.6500244140625,-1365.0,-1335.25,-1277.0,-1225.75,-1203.0,-1196.4000244140625,-1172.6800537109375
11039,-1282.7999267578125,0.0,0.0,12.795310020446777,-1282.800048828125,-1277.0,65.06781005859375,-1394.6600341796875,-1380.6500244140625,-1365.0,-1335.25,-1277.0,-1225.75,-1203.0,-1196.4000244140625,-1172.6800537109375
11046,-1282.7999267578125,0.0,0.0,12.78471565246582,-1282.800048828125,-1277.0,65.06781005859375,-1394.6600341796875,-1380.6500244140625,-1365.0,-1335.25,-1277.0,-1225.75,-1203.0,-1196.4000244140625,-1172.6800537109375
11053,-1282.7999267578125,0.0,0.0,12.76653003692627,-1282.800048828125,-1277.0,65.06781005859375,-1394.6600341796875,-1380.6500244140625,-1365.0,-1335.25,-1277.0,-1225.75,-1203.0,-1196.4000244140625,-1172.6800537109375
11060,-1282.7999267578125,0.0,0.0,12.757399559020996,-1282.800048828125,-1277.0,65.06781005859375,-1394.6600341796875,-1380.6500244140625,-1365.0,-1335.25,-1277.0,-1225.75,-1203.0,-1196.4000244140625,-1172.6800537109375
11067,-1282.8199462890625,0.0,0.0,12.744940757751465,-1282.8199462890625,-1277.0,65.06202697753906,-1394.6600341796875,-1380.6500244140625,-1365.0,-1335.25,-1277.0,-1225.75,-1203.0,-1196.4000244140625,-1172.6800537109375
11074,-1282.8599853515625,0.0,0.0,12.73779010772705,-1282.8599853515625,-1277.0,65.00061798095703,-1394.6600341796875,-1380.6500244140625,-1365.0,-1335.25,-1277.0,-1225.75,-1203.0,-1196.4000244140625,-1172.6800537109375
11081,-1282.8599853515625,0.0,0.0,12.720564842224121,-1282.8599853515625,-1277.0,65.00061798095703,-1394.6600341796875,-1380.6500244140625,-1365.0,-1335.25,-1277.0,-1225.75,-1203.0,-1196.4000244140625,-1172.6800537109375
11088,-1282.8599853515625,0.0,0.0,12.706003189086914,-1282.8599853515625,-1277.0,65.00061798095703,-1394.6600341796875,-1380.6500244140625,-1365.0,-1335.25,-1277.0,-1225.75,-1203.0,-1196.4000244140625,-1172.6800537109375
11095,-1282.8599853515625,0.0,0.0,12.699236869812012,-1282.8599853515625,-1277.0,65.00061798095703,-1394.6600341796875,-1380.6500244140625,-1365.0,-1335.25,-1277.0,-1225.75,-1203.0,-1196.4000244140625,-1172.6800537109375
11102,-1282.8800048828125,0.0,0.0,12.687562942504883,-1282.8800048828125,-1277.0,65.0221939086914,-1394.6600341796875,-1380.6500244140625,-1365.0,-1335.25,-1277.0,-1225.75,-1203.0,-1196.4000244140625,-1172.6800537109375
11109,-1282.919921875,0.0,0.0,12.677452087402344,-1282.9200439453125,-1277.0,64.9871826171875,-1394.6600341796875,-1380.6500244140625,-1365.0,-1335.25,-1277.0,-1225.75,-1203.0,-1196.4000244140625,-1172.6800537109375
11116,-1282.919921875,0.0,0.0,12.66592788696289,-1282.9200439453125,-1277.0,64.9871826171875,-1394.6600341796875,-1380.6500244140625,-1365.0,-1335.25,-1277.0,-1225.75,-1203.0,-1196.4000244140625,-1172.6800537109375
11123,-1282.919921875,0.0,0.0,12.651594161987305,-1282.9200439453125,-1277.0,64.9871826171875,-1394.6600341796875,-1380.6500244140625,-1365.0,-1335.25,-1277.0,-1225.75,-1203.0,-1196.4000244140625,-1172.6800537109375
11130,-1282.93994140625,0.0,0.0,12.63657283782959,-1282.93994140625,-1277.0,64.969970703125,-1394.6600341796875,-1380.6500244140625,-1365.0,-1335.25,-1277.0,-1227.25,-1203.0,-1196.4000244140625,-1172.6800537109375
11137,-1282.9599609375,0.0,0.0,12.628437042236328,-1282.9599609375,-1277.0,64.99429321289062,-1394.6600341796875,-1380.6500244140625,-1365.0,-1335.25,-1277.0,-1227.25,-1203.0,-1196.4000244140625,-1172.6800537109375
11144,-1282.9599609375,0.0,0.0,12.609930992126465,-1282.9599609375,-1277.0,64.99429321289062,-1394.6600341796875,-1380.6500244140625,-1365.0,-1335.25,-1277.0,-1227.25,-1203.0,-1196.4000244140625,-1172.6800537109375
11151,-1282.9599609375,0.0,0.0,12.59906005859375,-1282.9599609375,-1277.0,64.99429321289062,-1394.6600341796875,-1380.6500244140625,-1365.0,-1335.25,-1277.0,-1227.25,-1203.0,-1196.4000244140625,-1172.6800537109375
11158,-1282.9599609375,0.0,0.0,12.589081764221191,-1282.9599609375,-1277.0,64.99429321289062,-1394.6600341796875,-1380.6500244140625,-1365.0,-1335.25,-1277.0,-1227.25,-1203.0,-1196.4000244140625,-1172.6800537109375
11165,-1282.97998046875,0.0,0.0,12.5811767578125,-1282.97998046875,-1277.0,65.02875518798828,-1396.6199951171875,-1380.6500244140625,-1365.0,-1335.25,-1277.0,-1227.25,-1203.0,-1196.4000244140625,-1172.6800537109375
11172,-1282.97998046875,0.0,0.0,12.567084312438965,-1282.97998046875,-1277.0,65.02875518798828,-1396.6199951171875,-1380.6500244140625,-1365.0,-1335.25,-1277.0,-1227.25,-1203.0,-1196.4000244140625,-1172.6800537109375
11179,-1283.0599365234375,0.0,0.0,12.56364917755127,-1283.06005859375,-1277.0,64.82418823242188,-1396.6199951171875,-1380.6500244140625,-1365.0,-1335.25,-1277.0,-1227.25,-1203.0,-1196.4000244140625,-1172.6800537109375
11186,-1283.0799560546875,0.0,0.0,12.551867485046387,-1283.0799560546875,-1277.0,64.84638214111328,-1396.6199951171875,-1380.6500244140625,-1365.0,-1335.25,-1277.0,-1227.25,-1203.0,-1196.4000244140625,-1172.6800537109375
11193,-1283.0799560546875,0.0,0.0,12.548468589782715,-1283.0799560546875,-1277.0,64.84638214111328,-1396.6199951171875,-1380.6500244140625,-1365.0,-1335.25,-1277.0,-1227.25,-1203.0,-1196.4000244140625,-1172.6800537109375
11200,-1283.0799560546875,0.0,0.0,12.53141975402832,-1283.0799560546875,-1277.0,64.84638214111328,-1396.6199951171875,-1380.6500244140625,-1365.0,-1335.25,-1277.0,-1227.25,-1203.0,-1196.4000244140625,-1172.6800537109375
11207,-1283.0799560546875,0.0,0.0,12.515642166137695,-1283.0799560546875,-1277.0,64.84638214111328,-1396.6199951171875,-1380.6500244140625,-1365.0,-1335.25,-1277.0,-1227.25,-1203.0,-1196.4000244140625,-1172.6800537109375
11214,-1283.0999755859375,0.0,0.0,12.497570991516113,-1283.0999755859375,-1277.0,64.82815551757812,-1396.6199951171875,-1380.6500244140625,-1365.0,-1335.25,-1277.0,-1227.25,-1203.0,-1196.4000244140625,-1172.6800537109375
11221,-1283.1400146484375,0.0,0.0,12.479401588439941,-1283.1400146484375,-1277.0,64.83363342285156,-1396.6199951171875,-1380.6500244140625,-1365.0,-1335.25,-1277.0,-1227.25,-1203.0,-1196.4000244140625,-1172.6800537109375
11228,-1283.1400146484375,0.0,0.0,12.460983276367188,-1283.1400146484375,-1277.0,64.83363342285156,-1396.6199951171875,-1380.6500244140625,-1365.0,-1335.25,-1277.0,-1227.25,-1203.0,-1196.4000244140625,-1172.6800537109375
11235,-1283.159912109375,0.0,0.0,12.452651023864746,-1283.1600341796875,-1277.0,64.85919189453125,-1396.6199951171875,-1380.6500244140625,-1365.199951171875,-1335.25,-1277.0,-1227.25,-1203.0,-1196.4000244140625,-1172.6800537109375
11242,-1283.159912109375,0.0,0.0,12.448905944824219,-1283.1600341796875,-1277.0,64.85919189453125,-1396.6199951171875,-1380.6500244140625,-1365.199951171875,-1335.25,-1277.0,-1227.25,-1203.0,-1196.4000244140625,-1172.6800537109375
11249,-1283.159912109375,0.0,0.0,12.440289497375488,-1283.1600341796875,-1277.0,64.85919189453125,-1396.6199951171875,-1380.6500244140625,-1365.199951171875,-1335.25,-1277.0,-1227.25,-1203.0,-1196.4000244140625,-1172.6800537109375
11256,-1283.159912109375,0.0,0.0,12.430940628051758,-1283.1600341796875,-1277.0,64.85919189453125,-1396.6199951171875,-1380.6500244140625,-1365.199951171875,-1335.25,-1277.0,-1227.25,-1203.0,-1196.4000244140625,-1172.6800537109375
11263,-1283.179931640625,0.0,0.0,12.416993141174316,-1283.1800537109375,-1277.0,64.85388946533203,-1396.6199951171875,-1380.6500244140625,-1365.199951171875,-1335.25,-1277.0,-1227.25,-1203.0,-1196.4000244140625,-1172.6800537109375
11270,-1283.199951171875,0.0,0.0,12.403365135192871,-1283.199951171875,-1277.0,64.8840560913086,-1396.6199951171875,-1382.550048828125,-1365.199951171875,-1335.25,-1277.0,-1227.25,-1203.0,-1196.4000244140625,-1172.6800537109375
11277,-1283.199951171875,0.0,0.0,12.39229965209961,-1283.199951171875,-1277.0,64.8840560913086,-1396.6199951171875,-1382.550048828125,-1365.199951171875,-1335.25,-1277.0,-1227.25,-1203.0,-1196.4000244140625,-1172.6800537109375
11284,-1283.199951171875,0.0,0.0,12.37457275390625,-1283.199951171875,-1277.0,64.8840560913086,-1396.6199951171875,-1382.550048828125,-1365.199951171875,-1335.25,-1277.0,-1227.25,-1203.0,-1196.4000244140625,-1172.6800537109375
11291,-1283.199951171875,0.0,0.0,12.360265731811523,-1283.199951171875,-1277.0,64.8840560913086,-1396.6199951171875,-1382.550048828125,-1365.199951171875,-1335.25,-1277.0,-1227.25,-1203.0,-1196.4000244140625,-1172.6800537109375
11298,-1283.199951171875,0.0,0.0,12.347848892211914,-1283.199951171875,-1277.0,64.8840560913086,-1396.6199951171875,-1382.550048828125,-1365.199951171875,-1335.25,-1277.0,-1227.25,-1203.0,-1196.4000244140625,-1172.6800537109375
11305,-1283.219970703125,0.0,0.0,12.335821151733398,-1283.219970703125,-1277.0,64.89446258544922,-1396.6199951171875,-1382.550048828125,-1365.199951171875,-1335.25,-1277.0,-1227.25,-1203.0,-1196.4000244140625,-1172.6800537109375
11312,-1283.219970703125,0.0,0.0,12.323078155517578,-1283.219970703125,-1277.0,64.89446258544922,-1396.6199951171875,-1382.550048828125,-1365.199951171875,-1335.25,-1277.0,-1227.25,-1203.0,-1196.4000244140625,-1172.6800537109375
11319,-1283.219970703125,0.0,0.0,12.314679145812988,-1283.219970703125,-1277.0,64.89446258544922,-1396.6199951171875,-1382.550048828125,-1365.199951171875,-1335.25,-1277.0,-1227.25,-1203.0,-1196.4000244140625,-1172.6800537109375
11326,-1283.219970703125,0.0,0.0,12.304201126098633,-1283.219970703125,-1277.0,64.89446258544922,-1396.6199951171875,-1382.550048828125,-1365.199951171875,-1335.25,-1277.0,-1227.25,-1203.0,-1196.4000244140625,-1172.6800537109375
11333,-1283.219970703125,0.0,0.0,12.284584999084473,-1283.219970703125,-1277.0,64.89446258544922,-1396.6199951171875,-1382.550048828125,-1365.199951171875,-1335.25,-1277.0,-1227.25,-1203.0,-1196.4000244140625,-1172.6800537109375
11340,-1283.239990234375,0.0,0.0,12.266746520996094,-1283.239990234375,-1277.0,64.90702819824219,-1396.6199951171875,-1382.550048828125,-1365.199951171875,-1335.25,-1277.0,-1227.25,-1203.0,-1196.4000244140625,-1172.6800537109375
11347,-1283.260009765625,0.0,0.0,12.25094985961914,-1283.260009765625,-1277.0,64.90787506103516,-1396.6199951171875,-1382.550048828125,-1365.199951171875,-1335.25,-1277.0,-1227.25,-1203.0,-1196.4000244140625,-1172.6800537109375
11354,-1283.3199462890625,0.0,0.0,12.241397857666016,-1283.3199462890625,-1277.0,64.881103515625,-1396.6199951171875,-1382.550048828125,-1365.199951171875,-1335.25,-1277.0,-1227.25,-1203.0,-1196.4000244140625,-1172.6800537109375
11361,-1283.3199462890625,0.0,0.0,12.225600242614746,-1283.3199462890625,-1277.0,64.881103515625,-1396.6199951171875,-1382.550048828125,-1365.199951171875,-1335.25,-1277.0,-1227.25,-1203.0,-1196.4000244140625,-1172.6800537109375
11368,-1283.3199462890625,0.0,0.0,12.222295761108398,-1283.3199462890625,-1277.0,64.881103515625,-1396.6199951171875,-1382.550048828125,-1365.199951171875,-1335.25,-1277.0,-1227.25,-1203.0,-1196.4000244140625,-1172.6800537109375
11375,-1283.3199462890625,0.0,0.0,12.212533950805664,-1283.3199462890625,-1277.0,64.881103515625,-1396.6199951171875,-1382.550048828125,-1365.199951171875,-1335.25,-1277.0,-1227.25,-1203.0,-1196.4000244140625,-1172.6800537109375
11382,-1283.3199462890625,0.0,0.0,12.20711612701416,-1283.3199462890625,-1277.0,64.881103515625,-1396.6199951171875,-1382.550048828125,-1365.199951171875,-1335.25,-1277.0,-1227.25,-1203.0,-1196.4000244140625,-1172.6800537109375
11389,-1283.3199462890625,0.0,0.0,12.193060874938965,-1283.3199462890625,-1277.0,64.881103515625,-1396.6199951171875,-1382.550048828125,-1365.199951171875,-1335.25,-1277.0,-1227.25,-1203.0,-1196.4000244140625,-1172.6800537109375
11396,-1283.3399658203125,0.0,0.0,12.18111515045166,-1283.3399658203125,-1277.0,64.90843200683594,-1396.6199951171875,-1382.550048828125,-1365.199951171875,-1335.25,-1277.0,-1227.25,-1203.0,-1196.4000244140625,-1172.6800537109375
11403,-1283.3599853515625,0.0,0.0,12.16969108581543,-1283.3599853515625,-1277.0,64.89723205566406,-1396.6199951171875,-1382.550048828125,-1365.199951171875,-1335.25,-1277.0,-1227.25,-1203.0,-1196.4000244140625,-1172.6800537109375
11410,-1283.3599853515625,0.0,0.0,12.152052879333496,-1283.3599853515625,-1277.0,64.89723205566406,-1396.6199951171875,-1382.550048828125,-1365.199951171875,-1335.25,-1277.0,-1227.25,-1203.0,-1196.4000244140625,-1172.6800537109375
11417,-1283.3599853515625,0.0,0.0,12.141288757324219,-1283.3599853515625,-1277.0,64.89723205566406,-1396.6199951171875,-1382.550048828125,-1365.199951171875,-1335.25,-1277.0,-1227.25,-1203.0,-1196.4000244140625,-1172.6800537109375
11424,-1283.3599853515625,0.0,0.0,12.132819175720215,-1283.3599853515625,-1277.0,64.89723205566406,-1396.6199951171875,-1382.550048828125,-1365.199951171875,-1335.25,-1277.0,-1227.25,-1203.0,-1196.4000244140625,-1172.6800537109375
11431,-1283.3800048828125,0.0,0.0,12.124679565429688,-1283.3800048828125,-1277.0,64.92237854003906,-1396.6199951171875,-1382.550048828125,-1366.0999755859375,-1335.25,-1277.0,-1227.25,-1203.0,-1196.4000244140625,-1172.6800537109375
11438,-1283.3800048828125,0.0,0.0,12.11352252960205,-1283.3800048828125,-1277.0,64.92237854003906,-1396.6199951171875,-1382.550048828125,-1366.0999755859375,-1335.25,-1277.0,-1227.25,-1203.0,-1196.4000244140625,-1172.6800537109375
11445,-1283.4000244140625,0.0,0.0,12.099210739135742,-1283.4000244140625,-1277.0,64.94505310058594,-1396.6199951171875,-1382.550048828125,-1366.0999755859375,-1335.25,-1277.0,-1227.25,-1203.0,-1196.4000244140625,-1172.6800537109375
11452,-1283.4599609375,0.0,0.0,12.087101936340332,-1283.4599609375,-1277.0,64.9803695678711,-1396.6199951171875,-1382.550048828125,-1366.0999755859375,-1335.25,-1277.0,-1227.25,-1203.0,-1196.4000244140625,-1172.6800537109375
11459,-1283.4599609375,0.0,0.0,12.075809478759766,-1283.4599609375,-1277.0,64.9803695678711,-1396.6199951171875,-1382.550048828125,-1366.0999755859375,-1335.25,-1277.0,-1227.25,-1203.0,-1196.4000244140625,-1172.6800537109375
11466,-1283.52001953125,0.0,0.0,12.063446998596191,-1283.52001953125,-1277.0,64.97899627685547,-1396.6199951171875,-1382.550048828125,-1366.0999755859375,-1335.25,-1277.0,-1227.25,-1203.0,-1196.4000244140625,-1172.6800537109375
11473,-1283.5399169921875,0.0,0.0,12.045438766479492,-1283.5400390625,-1277.0,64.99391174316406,-1396.6199951171875,-1382.550048828125,-1366.0999755859375,-1335.25,-1277.0,-1227.25,-1203.0,-1196.4000244140625,-1172.6800537109375
11480,-1283.5399169921875,0.0,0.0,12.041254997253418,-1283.5400390625,-1277.0,64.99391174316406,-1396.6199951171875,-1382.550048828125,-1366.0999755859375,-1335.25,-1277.0,-1227.25,-1203.0,-1196.4000244140625,-1172.6800537109375
11487,-1283.5799560546875,0.0,0.0,12.032563209533691,-1283.5799560546875,-1277.0,65.04339599609375,-1396.6199951171875,-1382.550048828125,-1366.0999755859375,-1335.25,-1277.0,-1227.25,-1203.0,-1196.4000244140625,-1172.6800537109375
11494,-1283.5799560546875,0.0,0.0,12.02538776397705,-1283.5799560546875,-1277.0,65.04339599609375,-1396.6199951171875,-1382.550048828125,-1366.0999755859375,-1335.25,-1277.0,-1227.25,-1203.0,-1196.4000244140625,-1172.6800537109375
11501,-1283.5999755859375,0.0,0.0,12.006056785583496,-1283.5999755859375,-1277.0,65.06473541259766,-1396.6199951171875,-1382.550048828125,-1366.0999755859375,-1335.25,-1277.0,-1227.25,-1203.0,-1196.4000244140625,-1172.6800537109375
11508,-1283.5999755859375,0.0,0.0,11.995750427246094,-1283.5999755859375,-1277.0,65.06473541259766,-1396.6199951171875,-1382.550048828125,-1366.0999755859375,-1335.25,-1277.0,-1227.25,-1203.0,-1196.4000244140625,-1172.6800537109375
11515,-1283.5999755859375,0.0,0.0,11.982902526855469,-1283.5999755859375,-1277.0,65.06473541259766,-1396.6199951171875,-1382.550048828125,-1366.0999755859375,-1335.25,-1277.0,-1227.25,-1203.0,-1196.4000244140625,-1172.6800537109375
11522,-1283.6400146484375,0.0,0.0,11.970709800720215,-1283.6400146484375,-1277.0,65.03975677490234,-1396.6199951171875,-1382.550048828125,-1366.0999755859375,-1335.25,-1277.0,-1227.25,-1203.0,-1196.4000244140625,-1172.6800537109375
11529,-1283.6400146484375,0.0,0.0,11.95887279510498,-1283.6400146484375,-1277.0,65.03975677490234,-1396.6199951171875,-1382.550048828125,-1366.0999755859375,-1335.25,-1277.0,-1227.25,-1203.0,-1196.4000244140625,-1172.6800537109375
11536,-1283.6400146484375,0.0,0.0,11.9481201171875,-1283.6400146484375,-1277.0,65.03975677490234,-1396.6199951171875,-1382.550048828125,-1366.0999755859375,-1335.25,-1277.0,-1227.25,-1203.0,-1196.4000244140625,-1172.6800537109375
11543,-1283.6400146484375,0.0,0.0,11.943373680114746,-1283.6400146484375,-1277.0,65.03975677490234,-1396.6199951171875,-1382.550048828125,-1366.0999755859375,-1335.25,-1277.0,-1227.25,-1203.0,-1196.4000244140625,-1172.6800537109375
11550,-1283.659912109375,0.0,0.0,11.928559303283691,-1283.6600341796875,-1277.0,65.0146484375,-1396.6199951171875,-1382.550048828125,-1366.0999755859375,-1335.25,-1277.0,-1227.25,-1203.0,-1196.4000244140625,-1172.6800537109375
11557,-1283.659912109375,0.0,0.0,11.921483993530273,-1283.6600341796875,-1277.0,65.0146484375,-1396.6199951171875,-1382.550048828125,-1366.0999755859375,-1335.25,-1277.0,-1227.25,-1203.0,-1196.4000244140625,-1172.6800537109375
11564,-1283.659912109375,0.0,0.0,11.9029541015625,-1283.6600341796875,-1277.0,65.0146484375,-1396.6199951171875,-1382.550048828125,-1366.0999755859375,-1335.25,-1277.0,-1227.25,-1203.0,-1196.4000244140625,-1172.6800537109375
11571,-1283.679931640625,0.0,0.0,11.888178825378418,-1283.6800537109375,-1277.0,65.0295181274414,-1396.6199951171875,-1382.550048828125,-1366.0999755859375,-1335.25,-1277.0,-1227.25,-1203.0,-1196.4000244140625,-1172.6800537109375
11578,-1283.679931640625,0.0,0.0,11.869140625,-1283.6800537109375,-1277.0,65.0295181274414,-1396.6199951171875,-1382.550048828125,-1366.0999755859375,-1335.25,-1277.0,-1227.25,-1203.0,-1196.4000244140625,-1172.6800537109375
11585,-1283.679931640625,0.0,0.0,11.861836433410645,-1283.6800537109375,-1277.0,65.0295181274414,-1396.6199951171875,-1382.550048828125,-1366.0999755859375,-1335.25,-1277.0,-1227.25,-1203.0,-1196.4000244140625,-1172.6800537109375
11592,-1283.679931640625,0.0,0.0,11.85512924194336,-1283.6800537109375,-1277.0,65.0295181274414,-1396.6199951171875,-1382.550048828125,-1366.0999755859375,-1335.25,-1277.0,-1227.25,-1203.0,-1196.4000244140625,-1172.6800537109375
11599,-1283.679931640625,0.0,0.0,11.842718124389648,-1283.6800537109375,-1277.0,65.0295181274414,-1396.6199951171875,-1382.550048828125,-1366.0999755859375,-1335.25,-1277.0,-1227.25,-1203.0,-1196.4000244140625,-1172.6800537109375
11606,-1283.679931640625,0.0,0.0,11.84093952178955,-1283.6800537109375,-1277.0,65.0295181274414,-1396.6199951171875,-1382.550048828125,-1366.0999755859375,-1335.25,-1277.0,-1227.25,-1203.0,-1196.4000244140625,-1172.6800537109375
11613,-1283.679931640625,0.0,0.0,11.827808380126953,-1283.6800537109375,-1277.0,65.0295181274414,-1396.6199951171875,-1382.550048828125,-1366.0999755859375,-1335.25,-1277.0,-1227.25,-1203.0,-1196.4000244140625,-1172.6800537109375
11620,-1283.679931640625,0.0,0.0,11.823615074157715,-1283.6800537109375,-1277.0,65.0295181274414,-1396.6199951171875,-1382.550048828125,-1366.0999755859375,-1335.25,-1277.0,-1227.25,-1203.0,-1196.4000244140625,-1172.6800537109375
11627,-1283.679931640625,0.0,0.0,11.809699058532715,-1283.6800537109375,-1277.0,65.0295181274414,-1396.6199951171875,-1382.550048828125,-1366.0999755859375,-1335.25,-1277.0,-1227.25,-1203.0,-1196.4000244140625,-1172.6800537109375
11634,-1283.679931640625,0.0,0.0,11.793292999267578,-1283.6800537109375,-1277.0,65.0295181274414,-1396.6199951171875,-1382.550048828125,-1366.0999755859375,-1335.25,-1277.0,-1227.25,-1203.0,-1196.4000244140625,-1172.6800537109375
11641,-1283.679931640625,0.0,0.0,11.777053833007812,-1283.6800537109375,-1277.0,65.0295181274414,-1396.6199951171875,-1382.550048828125,-1366.0999755859375,-1335.25,-1277.0,-1227.25,-1203.0,-1196.4000244140625,-1172.6800537109375
11648,-1283.679931640625,0.0,0.0,11.76056957244873,-1283.6800537109375,-1277.0,65.0295181274414,-1396.6199951171875,-1382.550048828125,-1366.0999755859375,-1335.25,-1277.0,-1227.25,-1203.0,-1196.4000244140625,-1172.6800537109375
11655,-1283.679931640625,0.0,0.0,11.738298416137695,-1283.6800537109375,-1277.0,65.0295181274414,-1396.6199951171875,-1382.550048828125,-1366.0999755859375,-1335.25,-1277.0,-1227.25,-1203.0,-1196.4000244140625,-1172.6800537109375
11662,-1283.679931640625,0.0,0.0,11.735971450805664,-1283.6800537109375,-1277.0,65.0295181274414,-1396.6199951171875,-1382.550048828125,-1366.0999755859375,-1335.25,-1277.0,-1227.25,-1203.0,-1196.4000244140625,-1172.6800537109375
11669,-1283.699951171875,0.0,0.0,11.727602005004883,-1283.699951171875,-1277.0,65.05143737792969,-1396.6199951171875,-1382.550048828125,-1366.0999755859375,-1335.25,-1277.0,-1227.25,-1203.0,-1196.4000244140625,-1172.6800537109375
11676,-1283.719970703125,0.0,0.0,11.71778678894043,-1283.719970703125,-1277.0,65.06752014160156,-1396.6199951171875,-1382.550048828125,-1366.0999755859375,-1336.25,-1277.0,-1227.25,-1203.0,-1196.4000244140625,-1172.6800537109375
11683,-1283.719970703125,0.0,0.0,11.709535598754883,-1283.719970703125,-1277.0,65.06752014160156,-1396.6199951171875,-1382.550048828125,-1366.0999755859375,-1336.25,-1277.0,-1227.25,-1203.0,-1196.4000244140625,-1172.6800537109375
11690,-1283.719970703125,0.0,0.0,11.698173522949219,-1283.719970703125,-1277.0,65.06752014160156,-1396.6199951171875,-1382.550048828125,-1366.0999755859375,-1336.25,-1277.0,-1227.25,-1203.0,-1196.4000244140625,-1172.6800537109375
11697,-1283.719970703125,0.0,0.0,11.677621841430664,-1283.719970703125,-1277.0,65.06752014160156,-1396.6199951171875,-1382.550048828125,-1366.0999755859375,-1336.25,-1277.0,-1227.25,-1203.0,-1196.4000244140625,-1172.6800537109375
11704,-1283.760009765625,0.0,0.0,11.666726112365723,-1283.760009765625,-1277.0,65.10331726074219,-1396.6199951171875,-1382.550048828125,-1366.0999755859375,-1336.25,-1277.0,-1227.25,-1203.0,-1196.4000244140625,-1172.6800537109375
11711,-1283.760009765625,0.0,0.0,11.64430046081543,-1283.760009765625,-1277.0,65.10331726074219,-1396.6199951171875,-1382.550048828125,-1366.0999755859375,-1336.25,-1277.0,-1227.25,-1203.0,-1196.4000244140625,-1172.6800537109375
11718,-1283.780029296875,0.0,0.0,11.630547523498535,-1283.780029296875,-1277.0,65.06959533691406,-1396.6199951171875,-1382.550048828125,-1366.0999755859375,-1336.25,-1277.0,-1227.25,-1203.0,-1196.4000244140625,-1174.6400146484375
11725,-1283.780029296875,0.0,0.0,11.618781089782715,-1283.780029296875,-1277.0,65.06959533691406,-1396.6199951171875,-1382.550048828125,-1366.0999755859375,-1336.25,-1277.0,-1227.25,-1203.0,-1196.4000244140625,-1174.6400146484375
11732,-1283.7999267578125,0.0,0.0,11.607770919799805,-1283.800048828125,-1277.0,65.08502197265625,-1396.6199951171875,-1382.550048828125,-1366.0999755859375,-1336.25,-1277.0,-1227.25,-1203.0,-1196.4000244140625,-1174.6400146484375
11739,-1283.8399658203125,0.0,0.0,11.6002779006958,-1283.8399658203125,-1279.0,65.0808334350586,-1396.6199951171875,-1382.550048828125,-1366.0999755859375,-1336.25,-1279.0,-1227.25,-1203.0,-1196.4000244140625,-1174.6400146484375
11746,-1283.8599853515625,0.0,0.0,11.588862419128418,-1283.8599853515625,-1279.0,65.10330963134766,-1396.6199951171875,-1382.550048828125,-1366.0999755859375,-1336.25,-1279.0,-1227.25,-1203.0,-1196.4000244140625,-1174.6400146484375
11753,-1283.8599853515625,0.0,0.0,11.579851150512695,-1283.8599853515625,-1279.0,65.10330963134766,-1396.6199951171875,-1382.550048828125,-1366.0999755859375,-1336.25,-1279.0,-1227.25,-1203.0,-1196.4000244140625,-1174.6400146484375
11760,-1283.8800048828125,0.0,0.0,11.573747634887695,-1283.8800048828125,-1279.0,65.10641479492188,-1396.6199951171875,-1382.550048828125,-1366.0999755859375,-1336.25,-1279.0,-1227.25,-1203.0,-1196.4000244140625,-1174.6400146484375
11767,-1283.8800048828125,0.0,0.0,11.563355445861816,-1283.8800048828125,-1279.0,65.10641479492188,-1396.6199951171875,-1382.550048828125,-1366.0999755859375,-1336.25,-1279.0,-1227.25,-1203.0,-1196.4000244140625,-1174.6400146484375
11774,-1283.8800048828125,0.0,0.0,11.556252479553223,-1283.8800048828125,-1279.0,65.10641479492188,-1396.6199951171875,-1382.550048828125,-1366.0999755859375,-1336.25,-1279.0,-1227.25,-1203.0,-1196.4000244140625,-1174.6400146484375
11781,-1283.8800048828125,0.0,0.0,11.55395221710205,-1283.8800048828125,-1279.0,65.10641479492188,-1396.6199951171875,-1382.550048828125,-1366.0999755859375,-1336.25,-1279.0,-1227.25,-1203.0,-1196.4000244140625,-1174.6400146484375
11788,-1283.8800048828125,0.0,0.0,11.544347763061523,-1283.8800048828125,-1279.0,65.10641479492188,-1396.6199951171875,-1382.550048828125,-1366.0999755859375,-1336.25,-1279.0,-1227.25,-1203.0,-1196.4000244140625,-1174.6400146484375
11795,-1283.8800048828125,0.0,0.0,11.53829288482666,-1283.8800048828125,-1279.0,65.10641479492188,-1396.6199951171875,-1382.550048828125,-1366.0999755859375,-1336.25,-1279.0,-1227.25,-1203.0,-1196.4000244140625,-1174.6400146484375
11802,-1283.8800048828125,0.0,0.0,11.531062126159668,-1283.8800048828125,-1279.0,65.10641479492188,-1396.6199951171875,-1382.550048828125,-1366.0999755859375,-1336.25,-1279.0,-1227.25,-1203.0,-1196.4000244140625,-1174.6400146484375
11809,-1283.919921875,0.0,0.0,11.524678230285645,-1283.9200439453125,-1279.0,65.07329559326172,-1396.6199951171875,-1382.550048828125,-1366.0999755859375,-1336.25,-1279.0,-1228.75,-1203.0,-1196.4000244140625,-1174.6400146484375
11816,-1283.919921875,0.0,0.0,11.519384384155273,-1283.9200439453125,-1279.0,65.07329559326172,-1396.6199951171875,-1382.550048828125,-1366.0999755859375,-1336.25,-1279.0,-1228.75,-1203.0,-1196.4000244140625,-1174.6400146484375
11823,-1283.919921875,0.0,0.0,11.515817642211914,-1283.9200439453125,-1279.0,65.07329559326172,-1396.6199951171875,-1382.550048828125,-1366.0999755859375,-1336.25,-1279.0,-1228.75,-1203.0,-1196.4000244140625,-1174.6400146484375
11830,-1283.919921875,0.0,0.0,11.502326011657715,-1283.9200439453125,-1279.0,65.07329559326172,-1396.6199951171875,-1382.550048828125,-1366.0999755859375,-1336.25,-1279.0,-1228.75,-1203.0,-1196.4000244140625,-1174.6400146484375
11837,-1283.919921875,0.0,0.0,11.495759010314941,-1283.9200439453125,-1279.0,65.07329559326172,-1396.6199951171875,-1382.550048828125,-1366.0999755859375,-1336.25,-1279.0,-1228.75,-1203.0,-1196.4000244140625,-1174.6400146484375
11844,-1283.919921875,0.0,0.0,11.48475170135498,-1283.9200439453125,-1279.0,65.07329559326172,-1396.6199951171875,-1382.550048828125,-1366.0999755859375,-1336.25,-1279.0,-1228.75,-1203.0,-1196.4000244140625,-1174.6400146484375
11851,-1284.0,0.0,0.0,11.470773696899414,-1284.0,-1279.0,65.08870697021484,-1396.6199951171875,-1382.550048828125,-1366.0999755859375,-1336.25,-1279.0,-1228.75,-1203.0,-1196.4000244140625,-1174.6400146484375
11858,-1284.0,0.0,0.0,11.46397590637207,-1284.0,-1279.0,65.08870697021484,-1396.6199951171875,-1382.550048828125,-1366.0999755859375,-1336.25,-1279.0,-1228.75,-1203.0,-1196.4000244140625,-1174.6400146484375
11865,-1284.0399169921875,0.0,0.0,11.461570739746094,-1284.0400390625,-1279.0,65.08930969238281,-1396.6199951171875,-1382.550048828125,-1366.0999755859375,-1336.25,-1279.0,-1228.75,-1203.0,-1196.4000244140625,-1174.6400146484375
11872,-1284.0399169921875,0.0,0.0,11.456189155578613,-1284.0400390625,-1279.0,65.08930969238281,-1396.6199951171875,-1382.550048828125,-1366.0999755859375,-1336.25,-1279.0,-1228.75,-1203.0,-1196.4000244140625,-1174.6400146484375
11879,-1284.0599365234375,0.0,0.0,11.448918342590332,-1284.06005859375,-1279.0,65.07147216796875,-1396.6199951171875,-1382.550048828125,-1366.0999755859375,-1336.25,-1279.0,-1229.25,-1203.0,-1196.4000244140625,-1174.6400146484375
11886,-1284.0799560546875,0.0,0.0,11.436009407043457,-1284.0799560546875,-1279.0,65.06837463378906,-1396.6199951171875,-1382.550048828125,-1366.0999755859375,-1336.25,-1279.0,-1229.25,-1203.0,-1196.4000244140625,-1174.6400146484375
11893,-1284.0999755859375,0.0,0.0,11.420280456542969,-1284.0999755859375,-1279.0,65.0938491821289,-1396.6199951171875,-1382.550048828125,-1367.0999755859375,-1336.25,-1279.0,-1229.25,-1203.0,-1196.4000244140625,-1174.6400146484375
11900,-1284.1199951171875,0.0,0.0,11.415842056274414,-1284.1199951171875,-1279.0,65.07169342041016,-1396.6199951171875,-1382.550048828125,-1367.0999755859375,-1336.25,-1279.0,-1229.25,-1203.0,-1196.4000244140625,-1174.6400146484375
11907,-1284.1400146484375,0.0,0.0,11.41730785369873,-1284.1400146484375,-1279.0,65.0415267944336,-1396.6199951171875,-1382.550048828125,-1367.0999755859375,-1336.25,-1279.0,-1229.25,-1203.0,-1196.5,-1174.6400146484375
11914,-1284.1400146484375,0.0,0.0,11.413457870483398,-1284.1400146484375,-1279.0,65.0415267944336,-1396.6199951171875,-1382.550048828125,-1367.0999755859375,-1336.25,-1279.0,-1229.25,-1203.0,-1196.5,-1174.6400146484375
11921,-1284.159912109375,0.0,0.0,11.405624389648438,-1284.1600341796875,-1279.0,65.01995086669922,-1396.6199951171875,-1382.550048828125,-1367.0999755859375,-1336.25,-1279.0,-1229.25,-1203.0,-1196.5,-1174.6400146484375
11928,-1284.159912109375,0.0,0.0,11.39500904083252,-1284.1600341796875,-1279.0,65.01995086669922,-1396.6199951171875,-1382.550048828125,-1367.0999755859375,-1336.25,-1279.0,-1229.25,-1203.0,-1196.5,-1174.6400146484375
11935,-1284.159912109375,0.0,0.0,11.388442039489746,-1284.1600341796875,-1279.0,65.01995086669922,-1396.6199951171875,-1382.550048828125,-1367.0999755859375,-1336.25,-1279.0,-1229.25,-1203.0,-1196.5,-1174.6400146484375
11942,-1284.159912109375,0.0,0.0,11.37949275970459,-1284.1600341796875,-1279.0,65.01995086669922,-1396.6199951171875,-1382.550048828125,-1367.0999755859375,-1336.25,-1279.0,-1229.25,-1203.0,-1196.5,-1174.6400146484375
11949,-1284.179931640625,0.0,0.0,11.37051773071289,-1284.1800537109375,-1280.0,65.01866912841797,-1396.6199951171875,-1382.550048828125,-1367.0999755859375,-1336.25,-1280.0,-1229.25,-1203.0,-1196.5,-1174.6400146484375
11956,-1284.199951171875,0.0,0.0,11.362802505493164,-1284.199951171875,-1280.0,65.00138092041016,-1396.6199951171875,-1382.550048828125,-1367.0999755859375,-1336.25,-1280.0,-1229.75,-1203.0,-1196.5,-1174.6400146484375
11963,-1284.219970703125,0.0,0.0,11.351444244384766,-1284.219970703125,-1280.0,65.04745483398438,-1396.6199951171875,-1382.550048828125,-1367.0999755859375,-1336.25,-1280.0,-1229.75,-1203.0,-1196.5,-1174.6400146484375
11970,-1284.239990234375,0.0,0.0,11.333416938781738,-1284.239990234375,-1280.0,65.03877258300781,-1396.6199951171875,-1382.550048828125,-1367.0999755859375,-1336.25,-1280.0,-1229.75,-1203.0,-1196.5,-1174.6400146484375
11977,-1284.239990234375,0.0,0.0,11.324024200439453,-1284.239990234375,-1280.0,65.03877258300781,-1396.6199951171875,-1382.550048828125,-1367.0999755859375,-1336.25,-1280.0,-1229.75,-1203.0,-1196.5,-1174.6400146484375
11984,-1284.260009765625,0.0,0.0,11.304621696472168,-1284.260009765625,-1280.0,65.04884338378906,-1396.6199951171875,-1382.550048828125,-1367.0999755859375,-1336.25,-1280.0,-1229.75,-1203.0,-1196.5,-1174.6400146484375
11991,-1284.260009765625,0.0,0.0,11.29012680053711,-1284.260009765625,-1280.0,65.04884338378906,-1396.6199951171875,-1382.550048828125,-1367.0999755859375,-1336.25,-1280.0,-1229.75,-1203.0,-1196.5,-1174.6400146484375
11998,-1284.260009765625,0.0,0.0,11.284608840942383,-1284.260009765625,-1280.0,65.04884338378906,-1396.6199951171875,-1382.550048828125,-1367.0999755859375,-1336.25,-1280.0,-1229.75,-1203.0,-1196.5,-1174.6400146484375
12005,-1284.260009765625,0.0,0.0,11.270302772521973,-1284.260009765625,-1280.0,65.04884338378906,-1396.6199951171875,-1382.550048828125,-1367.0999755859375,-1336.25,-1280.0,-1229.75,-1203.0,-1196.5,-1174.6400146484375
12012,-1284.260009765625,0.0,0.0,11.264738082885742,-1284.260009765625,-1280.0,65.04884338378906,-1396.6199951171875,-1382.550048828125,-1367.0999755859375,-1336.25,-1280.0,-1229.75,-1203.0,-1196.5,-1174.6400146484375
12019,-1284.260009765625,0.0,0.0,11.25046443939209,-1284.260009765625,-1280.0,65.04884338378906,-1396.6199951171875,-1382.550048828125,-1367.0999755859375,-1336.25,-1280.0,-1229.75,-1203.0,-1196.5,-1174.6400146484375
12026,-1284.260009765625,0.0,0.0,11.234662055969238,-1284.260009765625,-1280.0,65.04884338378906,-1396.6199951171875,-1382.550048828125,-1367.0999755859375,-1336.25,-1280.0,-1229.75,-1203.0,-1196.5,-1174.6400146484375
12033,-1284.260009765625,0.0,0.0,11.22690486907959,-1284.260009765625,-1280.0,65.04884338378906,-1396.6199951171875,-1382.550048828125,-1367.0999755859375,-1336.25,-1280.0,-1229.75,-1203.0,-1196.5,-1174.6400146484375
12040,-1284.3199462890625,0.0,0.0,11.221901893615723,-1284.3199462890625,-1280.0,65.01813507080078,-1396.6199951171875,-1382.550048828125,-1367.0999755859375,-1336.25,-1280.0,-1229.75,-1203.0,-1196.5,-1174.6400146484375
12047,-1284.3199462890625,0.0,0.0,11.215002059936523,-1284.3199462890625,-1280.0,65.01813507080078,-1396.6199951171875,-1382.550048828125,-1367.0999755859375,-1336.25,-1280.0,-1229.75,-1203.0,-1196.5,-1174.6400146484375
12054,-1284.3199462890625,0.0,0.0,11.208929061889648,-1284.3199462890625,-1280.0,65.01813507080078,-1396.6199951171875,-1382.550048828125,-1367.0999755859375,-1336.25,-1280.0,-1229.75,-1203.0,-1196.5,-1174.6400146484375
12061,-1284.3199462890625,0.0,0.0,11.196608543395996,-1284.3199462890625,-1280.0,65.01813507080078,-1396.6199951171875,-1382.550048828125,-1367.0999755859375,-1336.25,-1280.0,-1229.75,-1203.0,-1196.5,-1174.6400146484375
12068,-1284.3199462890625,0.0,0.0,11.190775871276855,-1284.3199462890625,-1280.0,65.01813507080078,-1396.6199951171875,-1382.550048828125,-1367.0999755859375,-1336.25,-1280.0,-1229.75,-1203.0,-1196.5,-1174.6400146484375
12075,-1284.3199462890625,0.0,0.0,11.18010425567627,-1284.3199462890625,-1280.0,65.01813507080078,-1396.6199951171875,-1382.550048828125,-1367.0999755859375,-1336.25,-1280.0,-1229.75,-1203.0,-1196.5,-1174.6400146484375
12082,-1284.3199462890625,0.0,0.0,11.170723915100098,-1284.3199462890625,-1280.0,65.01813507080078,-1396.6199951171875,-1382.550048828125,-1367.0999755859375,-1336.25,-1280.0,-1229.75,-1203.0,-1196.5,-1174.6400146484375
12089,-1284.3199462890625,0.0,0.0,11.164456367492676,-1284.3199462890625,-1280.0,65.01813507080078,-1396.6199951171875,-1382.550048828125,-1367.0999755859375,-1336.25,-1280.0,-1229.75,-1203.0,-1196.5,-1174.6400146484375
12096,-1284.3199462890625,0.0,0.0,11.151679039001465,-1284.3199462890625,-1280.0,65.01813507080078,-1396.6199951171875,-1382.550048828125,-1367.0999755859375,-1336.25,-1280.0,-1229.75,-1203.0,-1196.5,-1174.6400146484375
12103,-1284.3199462890625,0.0,0.0,11.137743949890137,-1284.3199462890625,-1280.0,65.01813507080078,-1396.6199951171875,-1382.550048828125,-1367.0999755859375,-1336.25,-1280.0,-1229.75,-1203.0,-1196.5,-1174.6400146484375
12110,-1284.3199462890625,0.0,0.0,11.129552841186523,-1284.3199462890625,-1280.0,65.01813507080078,-1396.6199951171875,-1382.550048828125,-1367.0999755859375,-1336.25,-1280.0,-1229.75,-1203.0,-1196.5,-1174.6400146484375
12117,-1284.3800048828125,0.0,0.0,11.118430137634277,-1284.3800048828125,-1280.0,64.87184143066406,-1396.6199951171875,-1382.550048828125,-1367.0999755859375,-1336.25,-1280.0,-1229.75,-1203.0,-1196.5,-1174.6400146484375
12124,-1284.3800048828125,0.0,0.0,11.112733840942383,-1284.3800048828125,-1280.0,64.87184143066406,-1396.6199951171875,-1382.550048828125,-1367.0999755859375,-1336.25,-1280.0,-1229.75,-1203.0,-1196.5,-1174.6400146484375
12131,-1284.3800048828125,0.0,0.0,11.107606887817383,-1284.3800048828125,-1280.0,64.87184143066406,-1396.6199951171875,-1382.550048828125,-1367.0999755859375,-1336.25,-1280.0,-1229.75,-1203.0,-1196.5,-1174.6400146484375
12138,-1284.3800048828125,0.0,0.0,11.109771728515625,-1284.3800048828125,-1280.0,64.87184143066406,-1396.6199951171875,-1382.550048828125,-1367.0999755859375,-1336.25,-1280.0,-1229.75,-1203.0,-1196.5,-1174.6400146484375
12145,-1284.3800048828125,0.0,0.0,11.09980583190918,-1284.3800048828125,-1280.0,64.87184143066406,-1396.6199951171875,-1382.550048828125,-1367.0999755859375,-1336.25,-1280.0,-1229.75,-1203.0,-1196.5,-1174.6400146484375
12152,-1284.4000244140625,0.0,0.0,11.086499214172363,-1284.4000244140625,-1281.0,64.87049102783203,-1396.6199951171875,-1382.550048828125,-1367.0999755859375,-1336.25,-1281.0,-1229.75,-1203.0,-1196.5,-1174.6400146484375
12159,-1284.419921875,0.0,0.0,11.082048416137695,-1284.4200439453125,-1281.0,64.89656066894531,-1396.6199951171875,-1382.550048828125,-1367.300048828125,-1336.25,-1281.0,-1229.75,-1203.0,-1196.5,-1174.6400146484375
12166,-1284.419921875,0.0,0.0,11.077226638793945,-1284.4200439453125,-1281.0,64.89656066894531,-1396.6199951171875,-1382.550048828125,-1367.300048828125,-1336.25,-1281.0,-1229.75,-1203.0,-1196.5,-1174.6400146484375
12173,-1284.43994140625,0.0,0.0,11.07666015625,-1284.43994140625,-1281.0,64.89396667480469,-1396.6199951171875,-1382.550048828125,-1367.300048828125,-1336.25,-1281.0,-1229.75,-1203.0,-1196.5,-1174.6400146484375
12180,-1284.43994140625,0.0,0.0,11.071535110473633,-1284.43994140625,-1281.0,64.89396667480469,-1396.6199951171875,-1382.550048828125,-1367.300048828125,-1336.25,-1281.0,-1229.75,-1203.0,-1196.5,-1174.6400146484375
12187,-1284.43994140625,0.0,0.0,11.065400123596191,-1284.43994140625,-1281.0,64.89396667480469,-1396.6199951171875,-1382.550048828125,-1367.300048828125,-1336.25,-1281.0,-1229.75,-1203.0,-1196.5,-1174.6400146484375
12194,-1284.43994140625,0.0,0.0,11.052863121032715,-1284.43994140625,-1281.0,64.89396667480469,-1396.6199951171875,-1382.550048828125,-1367.300048828125,-1336.25,-1281.0,-1229.75,-1203.0,-1196.5,-1174.6400146484375
12201,-1284.43994140625,0.0,0.0,11.048535346984863,-1284.43994140625,-1281.0,64.89396667480469,-1396.6199951171875,-1382.550048828125,-1367.300048828125,-1336.25,-1281.0,-1229.75,-1203.0,-1196.5,-1174.6400146484375
12208,-1284.4599609375,0.0,0.0,11.04391098022461,-1284.4599609375,-1281.0,64.90861511230469,-1396.6199951171875,-1382.550048828125,-1367.300048828125,-1336.25,-1281.0,-1229.75,-1203.0,-1196.5,-1174.6400146484375
12215,-1284.4599609375,0.0,0.0,11.033294677734375,-1284.4599609375,-1281.0,64.90861511230469,-1396.6199951171875,-1382.550048828125,-1367.300048828125,-1336.25,-1281.0,-1229.75,-1203.0,-1196.5,-1174.6400146484375
12222,-1284.47998046875,0.0,0.0,11.023761749267578,-1284.47998046875,-1281.0,64.90107727050781,-1396.6199951171875,-1382.550048828125,-1367.300048828125,-1336.25,-1281.0,-1229.75,-1203.0,-1196.5,-1174.6400146484375
12229,-1284.47998046875,0.0,0.0,11.016793251037598,-1284.47998046875,-1281.0,64.90107727050781,-1396.6199951171875,-1382.550048828125,-1367.300048828125,-1336.25,-1281.0,-1229.75,-1203.0,-1196.5,-1174.6400146484375
12236,-1284.47998046875,0.0,0.0,11.005483627319336,-1284.47998046875,-1281.0,64.90107727050781,-1396.6199951171875,-1382.550048828125,-1367.300048828125,-1336.25,-1281.0,-1229.75,-1203.0,-1196.5,-1174.6400146484375
12243,-1284.47998046875,0.0,0.0,10.989758491516113,-1284.47998046875,-1281.0,64.90107727050781,-1396.6199951171875,-1382.550048828125,-1367.300048828125,-1336.25,-1281.0,-1229.75,-1203.0,-1196.5,-1174.6400146484375
12250,-1284.47998046875,0.0,0.0,10.982775688171387,-1284.47998046875,-1281.0,64.90107727050781,-1396.6199951171875,-1382.550048828125,-1367.300048828125,-1336.25,-1281.0,-1229.75,-1203.0,-1196.5,-1174.6400146484375
12257,-1284.47998046875,0.0,0.0,10.982187271118164,-1284.47998046875,-1281.0,64.90107727050781,-1396.6199951171875,-1382.550048828125,-1367.300048828125,-1336.25,-1281.0,-1229.75,-1203.0,-1196.5,-1174.6400146484375
12264,-1284.5399169921875,0.0,0.0,10.97668170928955,-1284.5400390625,-1281.0,64.92741394042969,-1396.6199951171875,-1382.550048828125,-1367.300048828125,-1336.25,-1281.0,-1229.75,-1203.0,-1196.5,-1174.6400146484375
12271,-1284.5399169921875,0.0,0.0,10.967178344726562,-1284.5400390625,-1281.0,64.92741394042969,-1396.6199951171875,-1382.550048828125,-1367.300048828125,-1336.25,-1281.0,-1229.75,-1203.0,-1196.5,-1174.6400146484375
12278,-1284.5399169921875,0.0,0.0,10.950291633605957,-1284.5400390625,-1281.0,64.92741394042969,-1396.6199951171875,-1382.550048828125,-1367.300048828125,-1336.25,-1281.0,-1229.75,-1203.0,-1196.5,-1174.6400146484375
12285,-1284.5399169921875,0.0,0.0,10.940473556518555,-1284.5400390625,-1281.0,64.92741394042969,-1396.6199951171875,-1382.550048828125,-1367.300048828125,-1336.25,-1281.0,-1229.75,-1203.0,-1196.5,-1174.6400146484375
12292,-1284.5799560546875,0.0,0.0,10.934109687805176,-1284.5799560546875,-1281.0,64.87837219238281,-1396.6199951171875,-1382.550048828125,-1367.300048828125,-1336.25,-1281.0,-1229.75,-1204.800048828125,-1196.5,-1174.6400146484375
12299,-1284.6400146484375,0.0,0.0,10.926671028137207,-1284.6400146484375,-1282.0,64.80377960205078,-1396.6199951171875,-1382.550048828125,-1367.300048828125,-1336.25,-1282.0,-1229.75,-1204.800048828125,-1196.5,-1174.6400146484375
12306,-1284.659912109375,0.0,0.0,10.920472145080566,-1284.6600341796875,-1282.0,64.82147979736328,-1396.6199951171875,-1382.550048828125,-1367.300048828125,-1336.25,-1282.0,-1229.75,-1204.800048828125,-1196.5,-1174.6400146484375
12313,-1284.659912109375,0.0,0.0,10.90213394165039,-1284.6600341796875,-1282.0,64.82147979736328,-1396.6199951171875,-1382.550048828125,-1367.300048828125,-1336.25,-1282.0,-1229.75,-1204.800048828125,-1196.5,-1174.6400146484375
12320,-1284.679931640625,0.0,0.0,10.893197059631348,-1284.6800537109375,-1282.0,64.82127380371094,-1396.6199951171875,-1382.550048828125,-1367.300048828125,-1336.25,-1282.0,-1229.75,-1204.800048828125,-1196.5,-1174.6400146484375
12327,-1284.679931640625,0.0,0.0,10.889941215515137,-1284.6800537109375,-1282.0,64.82127380371094,-1396.6199951171875,-1382.550048828125,-1367.300048828125,-1336.25,-1282.0,-1229.75,-1204.800048828125,-1196.5,-1174.6400146484375
12334,-1284.679931640625,0.0,0.0,10.879548072814941,-1284.6800537109375,-1282.0,64.82127380371094,-1396.6199951171875,-1382.550048828125,-1367.300048828125,-1336.25,-1282.0,-1229.75,-1204.800048828125,-1196.5,-1174.6400146484375
12341,-1284.699951171875,0.0,0.0,10.864706993103027,-1284.699951171875,-1282.0,64.85160064697266,-1396.6199951171875,-1384.449951171875,-1367.300048828125,-1336.25,-1282.0,-1229.75,-1204.800048828125,-1196.5,-1174.6400146484375
12348,-1284.699951171875,0.0,0.0,10.8558349609375,-1284.699951171875,-1282.0,64.85160064697266,-1396.6199951171875,-1384.449951171875,-1367.300048828125,-1336.25,-1282.0,-1229.75,-1204.800048828125,-1196.5,-1174.6400146484375
12355,-1284.699951171875,0.0,0.0,10.844117164611816,-1284.699951171875,-1282.0,64.85160064697266,-1396.6199951171875,-1384.449951171875,-1367.300048828125,-1336.25,-1282.0,-1229.75,-1204.800048828125,-1196.5,-1174.6400146484375
12362,-1284.719970703125,0.0,0.0,10.838393211364746,-1284.719970703125,-1282.0,64.82794189453125,-1396.6199951171875,-1384.449951171875,-1367.300048828125,-1336.25,-1282.0,-1229.75,-1204.800048828125,-1196.5,-1174.6400146484375
12369,-1284.719970703125,0.0,0.0,10.825182914733887,-1284.719970703125,-1282.0,64.82794189453125,-1396.6199951171875,-1384.449951171875,-1367.300048828125,-1336.25,-1282.0,-1229.75,-1204.800048828125,-1196.5,-1174.6400146484375
12376,-1284.719970703125,0.0,0.0,10.81392765045166,-1284.719970703125,-1282.0,64.82794189453125,-1396.6199951171875,-1384.449951171875,-1367.300048828125,-1336.25,-1282.0,-1229.75,-1204.800048828125,-1196.5,-1174.6400146484375
12383,-1284.719970703125,0.0,0.0,10.796619415283203,-1284.719970703125,-1282.0,64.82794189453125,-1396.6199951171875,-1384.449951171875,-1367.300048828125,-1336.25,-1282.0,-1229.75,-1204.800048828125,-1196.5,-1174.6400146484375
12390,-1284.739990234375,0.0,0.0,10.791086196899414,-1284.739990234375,-1282.0,64.8431396484375,-1396.6199951171875,-1384.449951171875,-1367.300048828125,-1336.25,-1282.0,-1229.75,-1204.800048828125,-1196.5,-1174.6400146484375
12397,-1284.739990234375,0.0,0.0,10.771458625793457,-1284.739990234375,-1282.0,64.8431396484375,-1396.6199951171875,-1384.449951171875,-1367.300048828125,-1336.25,-1282.0,-1229.75,-1204.800048828125,-1196.5,-1174.6400146484375
12404,-1284.739990234375,0.0,0.0,10.767163276672363,-1284.739990234375,-1282.0,64.8431396484375,-1396.6199951171875,-1384.449951171875,-1367.300048828125,-1336.25,-1282.0,-1229.75,-1204.800048828125,-1196.5,-1174.6400146484375
12411,-1284.739990234375,0.0,0.0,10.756698608398438,-1284.739990234375,-1282.0,64.8431396484375,-1396.6199951171875,-1384.449951171875,-1367.300048828125,-1336.25,-1282.0,-1229.75,-1204.800048828125,-1196.5,-1174.6400146484375
12418,-1284.739990234375,0.0,0.0,10.746000289916992,-1284.739990234375,-1282.0,64.8431396484375,-1396.6199951171875,-1384.449951171875,-1367.300048828125,-1336.25,-1282.0,-1229.75,-1204.800048828125,-1196.5,-1174.6400146484375
12425,-1284.760009765625,0.0,0.0,10.731738090515137,-1284.760009765625,-1282.0,64.82717895507812,-1396.6199951171875,-1384.449951171875,-1367.300048828125,-1336.25,-1282.0,-1229.75,-1204.800048828125,-1196.5,-1174.6400146484375
12432,-1284.780029296875,0.0,0.0,10.73576545715332,-1284.780029296875,-1282.0,64.8152084350586,-1396.6199951171875,-1384.449951171875,-1367.300048828125,-1336.25,-1282.0,-1229.75,-1204.800048828125,-1196.5,-1174.6400146484375
12439,-1284.780029296875,0.0,0.0,10.731833457946777,-1284.780029296875,-1282.0,64.8152084350586,-1396.6199951171875,-1384.449951171875,-1367.300048828125,-1336.25,-1282.0,-1229.75,-1204.800048828125,-1196.5,-1174.6400146484375
12446,-1284.780029296875,0.0,0.0,10.728727340698242,-1284.780029296875,-1282.0,64.8152084350586,-1396.6199951171875,-1384.449951171875,-1367.300048828125,-1336.25,-1282.0,-1229.75,-1204.800048828125,-1196.5,-1174.6400146484375
12453,-1284.780029296875,0.0,0.0,10.719869613647461,-1284.780029296875,-1282.0,64.8152084350586,-1396.6199951171875,-1384.449951171875,-1367.300048828125,-1336.25,-1282.0,-1229.75,-1204.800048828125,-1196.5,-1174.6400146484375
12460,-1284.780029296875,0.0,0.0,10.707819938659668,-1284.780029296875,-1282.0,64.8152084350586,-1396.6199951171875,-1384.449951171875,-1367.300048828125,-1336.25,-1282.0,-1229.75,-1204.800048828125,-1196.5,-1174.6400146484375
12467,-1284.780029296875,0.0,0.0,10.69247817993164,-1284.780029296875,-1282.0,64.8152084350586,-1396.6199951171875,-1384.449951171875,-1367.300048828125,-1336.25,-1282.0,-1229.75,-1204.800048828125,-1196.5,-1174.6400146484375
12474,-1284.780029296875,0.0,0.0,10.686463356018066,-1284.780029296875,-1282.0,64.8152084350586,-1396.6199951171875,-1384.449951171875,-1367.300048828125,-1336.25,-1282.0,-1229.75,-1204.800048828125,-1196.5,-1174.6400146484375
12481,-1284.780029296875,0.0,0.0,10.677299499511719,-1284.780029296875,-1282.0,64.8152084350586,-1396.6199951171875,-1384.449951171875,-1367.300048828125,-1336.25,-1282.0,-1229.75,-1204.800048828125,-1196.5,-1174.6400146484375
12488,-1284.780029296875,0.0,0.0,10.663333892822266,-1284.780029296875,-1282.0,64.8152084350586,-1396.6199951171875,-1384.449951171875,-1367.300048828125,-1336.25,-1282.0,-1229.75,-1204.800048828125,-1196.5,-1174.6400146484375
12495,-1284.780029296875,0.0,0.0,10.655610084533691,-1284.780029296875,-1282.0,64.8152084350586,-1396.6199951171875,-1384.449951171875,-1367.300048828125,-1336.25,-1282.0,-1229.75,-1204.800048828125,-1196.5,-1174.6400146484375
12502,-1284.780029296875,0.0,0.0,10.640756607055664,-1284.780029296875,-1282.0,64.8152084350586,-1396.6199951171875,-1384.449951171875,-1367.300048828125,-1336.25,-1282.0,-1229.75,-1204.800048828125,-1196.5,-1174.6400146484375
12509,-1284.780029296875,0.0,0.0,10.63045883178711,-1284.780029296875,-1282.0,64.8152084350586,-1396.6199951171875,-1384.449951171875,-1367.300048828125,-1336.25,-1282.0,-1229.75,-1204.800048828125,-1196.5,-1174.6400146484375
12516,-1284.780029296875,0.0,0.0,10.623675346374512,-1284.780029296875,-1282.0,64.8152084350586,-1396.6199951171875,-1384.449951171875,-1367.300048828125,-1336.25,-1282.0,-1229.75,-1204.800048828125,-1196.5,-1174.6400146484375
12523,-1284.780029296875,0.0,0.0,10.615697860717773,-1284.780029296875,-1282.0,64.8152084350586,-1396.6199951171875,-1384.449951171875,-1367.300048828125,-1336.25,-1282.0,-1229.75,-1204.800048828125,-1196.5,-1174.6400146484375
12530,-1284.780029296875,0.0,0.0,10.603615760803223,-1284.780029296875,-1282.0,64.8152084350586,-1396.6199951171875,-1384.449951171875,-1367.300048828125,-1336.25,-1282.0,-1229.75,-1204.800048828125,-1196.5,-1174.6400146484375
12537,-1284.7999267578125,0.0,0.0,10.59060287475586,-1284.800048828125,-1282.0,64.79150390625,-1396.6199951171875,-1384.449951171875,-1367.300048828125,-1336.25,-1282.0,-1229.75,-1204.800048828125,-1196.5,-1174.6400146484375
12544,-1284.7999267578125,0.0,0.0,10.581341743469238,-1284.800048828125,-1282.0,64.79150390625,-1396.6199951171875,-1384.449951171875,-1367.300048828125,-1336.25,-1282.0,-1229.75,-1204.800048828125,-1196.5,-1174.6400146484375
12551,-1284.7999267578125,0.0,0.0,10.570191383361816,-1284.800048828125,-1282.0,64.79150390625,-1396.6199951171875,-1384.449951171875,-1367.300048828125,-1336.25,-1282.0,-1229.75,-1204.800048828125,-1196.5,-1174.6400146484375
12558,-1284.7999267578125,0.0,0.0,10.564682006835938,-1284.800048828125,-1282.0,64.79150390625,-1396.6199951171875,-1384.449951171875,-1367.300048828125,-1336.25,-1282.0,-1229.75,-1204.800048828125,-1196.5,-1174.6400146484375
12565,-1284.7999267578125,0.0,0.0,10.557202339172363,-1284.800048828125,-1282.0,64.79150390625,-1396.6199951171875,-1384.449951171875,-1367.300048828125,-1336.25,-1282.0,-1229.75,-1204.800048828125,-1196.5,-1174.6400146484375
12572,-1284.7999267578125,0.0,0.0,10.545477867126465,-1284.800048828125,-1282.0,64.79150390625,-1396.6199951171875,-1384.449951171875,-1367.300048828125,-1336.25,-1282.0,-1229.75,-1204.800048828125,-1196.5,-1174.6400146484375
12579,-1284.7999267578125,0.0,0.0,10.531940460205078,-1284.800048828125,-1282.0,64.79150390625,-1396.6199951171875,-1384.449951171875,-1367.300048828125,-1336.25,-1282.0,-1229.75,-1204.800048828125,-1196.5,-1174.6400146484375
12586,-1284.8599853515625,0.0,0.0,10.518434524536133,-1284.8599853515625,-1282.0,64.79444885253906,-1396.6199951171875,-1384.449951171875,-1367.300048828125,-1336.25,-1282.0,-1229.75,-1204.800048828125,-1196.5,-1174.6400146484375
12593,-1284.8599853515625,0.0,0.0,10.511449813842773,-1284.8599853515625,-1282.0,64.79444885253906,-1396.6199951171875,-1384.449951171875,-1367.300048828125,-1336.25,-1282.0,-1229.75,-1204.800048828125,-1196.5,-1174.6400146484375
12600,-1284.8599853515625,0.0,0.0,10.503304481506348,-1284.8599853515625,-1282.0,64.79444885253906,-1396.6199951171875,-1384.449951171875,-1367.300048828125,-1336.25,-1282.0,-1229.75,-1204.800048828125,-1196.5,-1174.6400146484375
12607,-1284.8599853515625,0.0,0.0,10.49211311340332,-1284.8599853515625,-1282.0,64.79444885253906,-1396.6199951171875,-1384.449951171875,-1367.300048828125,-1336.25,-1282.0,-1229.75,-1204.800048828125,-1196.5,-1174.6400146484375
12614,-1284.8800048828125,0.0,0.0,10.484609603881836,-1284.8800048828125,-1282.0,64.74724578857422,-1396.6199951171875,-1384.449951171875,-1367.300048828125,-1336.25,-1282.0,-1229.75,-1204.800048828125,-1196.5,-1174.6400146484375
12621,-1284.8800048828125,0.0,0.0,10.482780456542969,-1284.8800048828125,-1282.0,64.74724578857422,-1396.6199951171875,-1384.449951171875,-1367.300048828125,-1336.25,-1282.0,-1229.75,-1204.800048828125,-1196.5,-1174.6400146484375
12628,-1284.8800048828125,0.0,0.0,10.475622177124023,-1284.8800048828125,-1282.0,64.74724578857422,-1396.6199951171875,-1384.449951171875,-1367.300048828125,-1336.25,-1282.0,-1229.75,-1204.800048828125,-1196.5,-1174.6400146484375
12635,-1284.8800048828125,0.0,0.0,10.471672058105469,-1284.8800048828125,-1282.0,64.74724578857422,-1396.6199951171875,-1384.449951171875,-1367.300048828125,-1336.25,-1282.0,-1229.75,-1204.800048828125,-1196.5,-1174.6400146484375
12642,-1284.8800048828125,0.0,0.0,10.46296501159668,-1284.8800048828125,-1282.0,64.74724578857422,-1396.6199951171875,-1384.449951171875,-1367.300048828125,-1336.25,-1282.0,-1229.75,-1204.800048828125,-1196.5,-1174.6400146484375
12649,-1284.93994140625,0.0,0.0,10.454899787902832,-1284.93994140625,-1282.0,64.6091079711914,-1396.6199951171875,-1384.449951171875,-1367.300048828125,-1336.25,-1282.0,-1229.75,-1204.800048828125,-1196.5,-1174.6400146484375
12656,-1284.93994140625,0.0,0.0,10.442584991455078,-1284.93994140625,-1282.0,64.6091079711914,-1396.6199951171875,-1384.449951171875,-1367.300048828125,-1336.25,-1282.0,-1229.75,-1204.800048828125,-1196.5,-1174.6400146484375
12663,-1284.9599609375,0.0,0.0,10.442370414733887,-1284.9599609375,-1282.0,64.6304702758789,-1396.6199951171875,-1384.449951171875,-1367.300048828125,-1336.25,-1282.0,-1229.75,-1204.800048828125,-1196.5,-1174.6400146484375
12670,-1284.9599609375,0.0,0.0,10.436315536499023,-1284.9599609375,-1282.0,64.6304702758789,-1396.6199951171875,-1384.449951171875,-1367.300048828125,-1336.25,-1282.0,-1229.75,-1204.800048828125,-1196.5,-1174.6400146484375
12677,-1284.9599609375,0.0,0.0,10.420845985412598,-1284.9599609375,-1282.0,64.6304702758789,-1396.6199951171875,-1384.449951171875,-1367.300048828125,-1336.25,-1282.0,-1229.75,-1204.800048828125,-1196.5,-1174.6400146484375
12684,-1284.9599609375,0.0,0.0,10.411497116088867,-1284.9599609375,-1282.0,64.6304702758789,-1396.6199951171875,-1384.449951171875,-1367.300048828125,-1336.25,-1282.0,-1229.75,-1204.800048828125,-1196.5,-1174.6400146484375
12691,-1284.9599609375,0.0,0.0,10.410062789916992,-1284.9599609375,-1282.0,64.6304702758789,-1396.6199951171875,-1384.449951171875,-1367.300048828125,-1336.25,-1282.0,-1229.75,-1204.800048828125,-1196.5,-1174.6400146484375
12698,-1284.9599609375,0.0,0.0,10.400662422180176,-1284.9599609375,-1282.0,64.6304702758789,-1396.6199951171875,-1384.449951171875,-1367.300048828125,-1336.25,-1282.0,-1229.75,-1204.800048828125,-1196.5,-1174.6400146484375
12705,-1284.97998046875,0.0,0.0,10.393839836120605,-1284.97998046875,-1282.0,64.65276336669922,-1396.6199951171875,-1384.449951171875,-1367.300048828125,-1336.25,-1282.0,-1229.75,-1204.800048828125,-1196.5,-1174.6400146484375
12712,-1284.97998046875,0.0,0.0,10.384289741516113,-1284.97998046875,-1282.0,64.65276336669922,-1396.6199951171875,-1384.449951171875,-1367.300048828125,-1336.25,-1282.0,-1229.75,-1204.800048828125,-1196.5,-1174.6400146484375
12719,-1284.97998046875,0.0,0.0,10.37322998046875,-1284.97998046875,-1282.0,64.65276336669922,-1396.6199951171875,-1384.449951171875,-1367.300048828125,-1336.25,-1282.0,-1229.75,-1204.800048828125,-1196.5,-1174.6400146484375
12726,-1284.97998046875,0.0,0.0,10.368431091308594,-1284.97998046875,-1282.0,64.65276336669922,-1396.6199951171875,-1384.449951171875,-1367.300048828125,-1336.25,-1282.0,-1229.75,-1204.800048828125,-1196.5,-1174.6400146484375
12733,-1284.97998046875,0.0,0.0,10.366933822631836,-1284.97998046875,-1282.0,64.65276336669922,-1396.6199951171875,-1384.449951171875,-1367.300048828125,-1336.25,-1282.0,-1229.75,-1204.800048828125,-1196.5,-1174.6400146484375
12740,-1284.97998046875,0.0,0.0,10.357457160949707,-1284.97998046875,-1282.0,64.65276336669922,-1396.6199951171875,-1384.449951171875,-1367.300048828125,-1336.25,-1282.0,-1229.75,-1204.800048828125,-1196.5,-1174.6400146484375
12747,-1284.97998046875,0.0,0.0,10.34408950805664,-1284.97998046875,-1282.0,64.65276336669922,-1396.6199951171875,-1384.449951171875,-1367.300048828125,-1336.25,-1282.0,-1229.75,-1204.800048828125,-1196.5,-1174.6400146484375
12754,-1284.97998046875,0.0,0.0,10.336915016174316,-1284.97998046875,-1282.0,64.65276336669922,-1396.6199951171875,-1384.449951171875,-1367.300048828125,-1336.25,-1282.0,-1229.75,-1204.800048828125,-1196.5,-1174.6400146484375
12761,-1284.97998046875,0.0,0.0,10.330805778503418,-1284.97998046875,-1282.0,64.65276336669922,-1396.6199951171875,-1384.449951171875,-1367.300048828125,-1336.25,-1282.0,-1229.75,-1204.800048828125,-1196.5,-1174.6400146484375
12768,-1285.0,0.0,0.0,10.322755813598633,-1285.0,-1282.0,64.65060424804688,-1396.6199951171875,-1384.449951171875,-1367.300048828125,-1336.25,-1282.0,-1229.75,-1204.800048828125,-1196.5,-1174.6400146484375
12775,-1285.0,0.0,0.0,10.319083213806152,-1285.0,-1282.0,64.65060424804688,-1396.6199951171875,-1384.449951171875,-1367.300048828125,-1336.25,-1282.0,-1229.75,-1204.800048828125,-1196.5,-1174.6400146484375
12782,-1285.0,0.0,0.0,10.309768676757812,-1285.0,-1282.0,64.65060424804688,-1396.6199951171875,-1384.449951171875,-1367.300048828125,-1336.25,-1282.0,-1229.75,-1204.800048828125,-1196.5,-1174.6400146484375
12789,-1285.02001953125,0.0,0.0,10.297236442565918,-1285.02001953125,-1282.0,64.62491607666016,-1396.6199951171875,-1384.449951171875,-1367.300048828125,-1336.25,-1282.0,-1229.75,-1204.800048828125,-1196.5,-1174.6400146484375
12796,-1285.0399169921875,0.0,0.0,10.29145336151123,-1285.0400390625,-1282.0,64.5998306274414,-1396.6199951171875,-1384.449951171875,-1367.300048828125,-1336.25,-1282.0,-1229.75,-1205.0,-1196.5,-1174.6400146484375
12803,-1285.0399169921875,0.0,0.0,10.28536605834961,-1285.0400390625,-1282.0,64.5998306274414,-1396.6199951171875,-1384.449951171875,-1367.300048828125,-1336.25,-1282.0,-1229.75,-1205.0,-1196.5,-1174.6400146484375
12810,-1285.0399169921875,0.0,0.0,10.281131744384766,-1285.0400390625,-1282.0,64.5998306274414,-1396.6199951171875,-1384.449951171875,-1367.300048828125,-1336.25,-1282.0,-1229.75,-1205.0,-1196.5,-1174.6400146484375
12817,-1285.0599365234375,0.0,0.0,10.283413887023926,-1285.06005859375,-1282.0,64.61560821533203,-1396.6199951171875,-1384.449951171875,-1367.300048828125,-1337.0,-1282.0,-1229.75,-1205.0,-1196.5,-1174.6400146484375
12824,-1285.0599365234375,0.0,0.0,10.274222373962402,-1285.06005859375,-1282.0,64.61560821533203,-1396.6199951171875,-1384.449951171875,-1367.300048828125,-1337.0,-1282.0,-1229.75,-1205.0,-1196.5,-1174.6400146484375
12831,-1285.0599365234375,0.0,0.0,10.267937660217285,-1285.06005859375,-1282.0,64.61560821533203,-1396.6199951171875,-1384.449951171875,-1367.300048828125,-1337.0,-1282.0,-1229.75,-1205.0,-1196.5,-1174.6400146484375
12838,-1285.0599365234375,0.0,0.0,10.256443977355957,-1285.06005859375,-1282.0,64.61560821533203,-1396.6199951171875,-1384.449951171875,-1367.300048828125,-1337.0,-1282.0,-1229.75,-1205.0,-1196.5,-1174.6400146484375
12845,-1285.0599365234375,0.0,0.0,10.245190620422363,-1285.06005859375,-1282.0,64.61560821533203,-1396.6199951171875,-1384.449951171875,-1367.300048828125,-1337.0,-1282.0,-1229.75,-1205.0,-1196.5,-1174.6400146484375
12852,-1285.0599365234375,0.0,0.0,10.242941856384277,-1285.06005859375,-1282.0,64.61560821533203,-1396.6199951171875,-1384.449951171875,-1367.300048828125,-1337.0,-1282.0,-1229.75,-1205.0,-1196.5,-1174.6400146484375
12859,-1285.0599365234375,0.0,0.0,10.231095314025879,-1285.06005859375,-1282.0,64.61560821533203,-1396.6199951171875,-1384.449951171875,-1367.300048828125,-1337.0,-1282.0,-1229.75,-1205.0,-1196.5,-1174.6400146484375
12866,-1285.0599365234375,0.0,0.0,10.231514930725098,-1285.06005859375,-1282.0,64.61560821533203,-1396.6199951171875,-1384.449951171875,-1367.300048828125,-1337.0,-1282.0,-1229.75,-1205.0,-1196.5,-1174.6400146484375
12873,-1285.1199951171875,0.0,0.0,10.222762107849121,-1285.1199951171875,-1282.0,64.60344696044922,-1396.6199951171875,-1384.449951171875,-1367.300048828125,-1337.0,-1282.0,-1229.75,-1205.0,-1196.5,-1174.6400146484375
12880,-1285.159912109375,0.0,0.0,10.2162446975708,-1285.1600341796875,-1283.0,64.59159851074219,-1396.6199951171875,-1384.449951171875,-1367.300048828125,-1337.0,-1283.0,-1229.75,-1205.0,-1196.5,-1174.6400146484375
12887,-1285.159912109375,0.0,0.0,10.209643363952637,-1285.1600341796875,-1283.0,64.59159851074219,-1396.6199951171875,-1384.449951171875,-1367.300048828125,-1337.0,-1283.0,-1229.75,-1205.0,-1196.5,-1174.6400146484375
12894,-1285.159912109375,0.0,0.0,10.199982643127441,-1285.1600341796875,-1283.0,64.59159851074219,-1396.6199951171875,-1384.449951171875,-1367.300048828125,-1337.0,-1283.0,-1229.75,-1205.0,-1196.5,-1174.6400146484375
12901,-1285.159912109375,0.0,0.0,10.188858985900879,-1285.1600341796875,-1283.0,64.59159851074219,-1396.6199951171875,-1384.449951171875,-1367.300048828125,-1337.0,-1283.0,-1229.75,-1205.0,-1196.5,-1174.6400146484375
12908,-1285.159912109375,0.0,0.0,10.181283950805664,-1285.1600341796875,-1283.0,64.59159851074219,-1396.6199951171875,-1384.449951171875,-1367.300048828125,-1337.0,-1283.0,-1229.75,-1205.0,-1196.5,-1174.6400146484375
12915,-1285.159912109375,0.0,0.0,10.179737091064453,-1285.1600341796875,-1283.0,64.59159851074219,-1396.6199951171875,-1384.449951171875,-1367.300048828125,-1337.0,-1283.0,-1229.75,-1205.0,-1196.5,-1174.6400146484375
12922,-1285.179931640625,0.0,0.0,10.175446510314941,-1285.1800537109375,-1283.0,64.57017517089844,-1396.6199951171875,-1384.449951171875,-1367.300048828125,-1337.0,-1283.0,-1229.75,-1205.0,-1196.5,-1174.6400146484375
12929,-1285.179931640625,0.0,0.0,10.172340393066406,-1285.1800537109375,-1283.0,64.57017517089844,-1396.6199951171875,-1384.449951171875,-1367.300048828125,-1337.0,-1283.0,-1229.75,-1205.0,-1196.5,-1174.6400146484375
12936,-1285.179931640625,0.0,0.0,10.159934043884277,-1285.1800537109375,-1283.0,64.57017517089844,-1396.6199951171875,-1384.449951171875,-1367.300048828125,-1337.0,-1283.0,-1229.75,-1205.0,-1196.5,-1174.6400146484375
12943,-1285.239990234375,0.0,0.0,10.143914222717285,-1285.239990234375,-1283.0,64.56316375732422,-1396.6199951171875,-1384.449951171875,-1367.300048828125,-1337.0,-1283.0,-1229.75,-1205.0,-1196.5,-1174.6400146484375
12950,-1285.260009765625,0.0,0.0,10.128866195678711,-1285.260009765625,-1283.0,64.54759216308594,-1396.6199951171875,-1384.449951171875,-1367.300048828125,-1337.0,-1283.0,-1229.75,-1205.0,-1196.5,-1174.6400146484375
12957,-1285.260009765625,0.0,0.0,10.11547565460205,-1285.260009765625,-1283.0,64.54759216308594,-1396.6199951171875,-1384.449951171875,-1367.300048828125,-1337.0,-1283.0,-1229.75,-1205.0,-1196.5,-1174.6400146484375
12964,-1285.260009765625,0.0,0.0,10.108602523803711,-1285.260009765625,-1283.0,64.54759216308594,-1396.6199951171875,-1384.449951171875,-1367.300048828125,-1337.0,-1283.0,-1229.75,-1205.0,-1196.5,-1174.6400146484375
12971,-1285.260009765625,0.0,0.0,10.104297637939453,-1285.260009765625,-1283.0,64.54759216308594,-1396.6199951171875,-1384.449951171875,-1367.300048828125,-1337.0,-1283.0,-1229.75,-1205.0,-1196.5,-1174.6400146484375
12978,-1285.260009765625,0.0,0.0,10.098565101623535,-1285.260009765625,-1283.0,64.54759216308594,-1396.6199951171875,-1384.449951171875,-1367.300048828125,-1337.0,-1283.0,-1229.75,-1205.0,-1196.5,-1174.6400146484375
12985,-1285.260009765625,0.0,0.0,10.084301948547363,-1285.260009765625,-1283.0,64.54759216308594,-1396.6199951171875,-1384.449951171875,-1367.300048828125,-1337.0,-1283.0,-1229.75,-1205.0,-1196.5,-1174.6400146484375
12992,-1285.260009765625,0.0,0.0,10.082300186157227,-1285.260009765625,-1283.0,64.54759216308594,-1396.6199951171875,-1384.449951171875,-1367.300048828125,-1337.0,-1283.0,-1229.75,-1205.0,-1196.5,-1174.6400146484375
12999,-1285.280029296875,0.0,0.0,10.067888259887695,-1285.280029296875,-1283.0,64.54782104492188,-1396.6199951171875,-1384.449951171875,-1367.300048828125,-1337.0,-1283.0,-1229.75,-1205.0,-1196.5,-1174.6400146484375
13006,-1285.280029296875,0.0,0.0,10.069721221923828,-1285.280029296875,-1283.0,64.54782104492188,-1396.6199951171875,-1384.449951171875,-1367.300048828125,-1337.0,-1283.0,-1229.75,-1205.0,-1196.5,-1174.6400146484375
13013,-1285.280029296875,0.0,0.0,10.073338508605957,-1285.280029296875,-1283.0,64.54782104492188,-1396.6199951171875,-1384.449951171875,-1367.300048828125,-1337.0,-1283.0,-1229.75,-1205.0,-1196.5,-1174.6400146484375
13020,-1285.280029296875,0.0,0.0,10.067412376403809,-1285.280029296875,-1283.0,64.54782104492188,-1396.6199951171875,-1384.449951171875,-1367.300048828125,-1337.0,-1283.0,-1229.75,-1205.0,-1196.5,-1174.6400146484375
13027,-1285.3399658203125,0.0,0.0,10.070976257324219,-1285.3399658203125,-1283.0,64.52615356445312,-1396.6199951171875,-1384.449951171875,-1367.300048828125,-1337.0,-1283.0,-1229.75,-1205.0,-1196.5,-1174.6400146484375
13034,-1285.3399658203125,0.0,0.0,10.065838813781738,-1285.3399658203125,-1283.0,64.52615356445312,-1396.6199951171875,-1384.449951171875,-1367.300048828125,-1337.0,-1283.0,-1229.75,-1205.0,-1196.5,-1174.6400146484375
13041,-1285.3399658203125,0.0,0.0,10.05090045928955,-1285.3399658203125,-1283.0,64.52615356445312,-1396.6199951171875,-1384.449951171875,-1367.300048828125,-1337.0,-1283.0,-1229.75,-1205.0,-1196.5,-1174.6400146484375
13048,-1285.3399658203125,0.0,0.0,10.036636352539062,-1285.3399658203125,-1283.0,64.52615356445312,-1396.6199951171875,-1384.449951171875,-1367.300048828125,-1337.0,-1283.0,-1229.75,-1205.0,-1196.5,-1174.6400146484375
13055,-1285.3599853515625,0.0,0.0,10.025175094604492,-1285.3599853515625,-1283.0,64.54463958740234,-1396.6199951171875,-1384.449951171875,-1367.300048828125,-1337.0,-1283.0,-1229.75,-1205.0,-1196.5,-1174.6400146484375
13062,-1285.419921875,0.0,0.0,10.023983001708984,-1285.4200439453125,-1283.0,64.52506256103516,-1396.6199951171875,-1384.449951171875,-1367.300048828125,-1337.0,-1283.0,-1229.75,-1205.0,-1196.5,-1174.6400146484375
13069,-1285.4599609375,0.0,0.0,10.015667915344238,-1285.4599609375,-1283.0,64.53099060058594,-1396.6199951171875,-1384.449951171875,-1367.300048828125,-1337.0,-1283.0,-1229.75,-1205.0,-1196.5,-1174.6400146484375
13076,-1285.4599609375,0.0,0.0,10.007993698120117,-1285.4599609375,-1283.0,64.53099060058594,-1396.6199951171875,-1384.449951171875,-1367.300048828125,-1337.0,-1283.0,-1229.75,-1205.0,-1196.5,-1174.6400146484375
13083,-1285.4599609375,0.0,0.0,9.997098922729492,-1285.4599609375,-1283.0,64.53099060058594,-1396.6199951171875,-1384.449951171875,-1367.300048828125,-1337.0,-1283.0,-1229.75,-1205.0,-1196.5,-1174.6400146484375
13090,-1285.4599609375,0.0,0.0,9.983576774597168,-1285.4599609375,-1283.0,64.53099060058594,-1396.6199951171875,-1384.449951171875,-1367.300048828125,-1337.0,-1283.0,-1229.75,-1205.0,-1196.5,-1174.6400146484375
13097,-1285.5,0.0,0.0,9.975472450256348,-1285.5,-1283.0,64.53812408447266,-1396.6199951171875,-1384.449951171875,-1367.300048828125,-1337.0,-1283.0,-1229.75,-1205.0,-1196.5,-1174.6400146484375
13104,-1285.5,0.0,0.0,9.968862533569336,-1285.5,-1283.0,64.53812408447266,-1396.6199951171875,-1384.449951171875,-1367.300048828125,-1337.0,-1283.0,-1229.75,-1205.0,-1196.5,-1174.6400146484375
13111,-1285.52001953125,0.0,0.0,9.965167999267578,-1285.52001953125,-1283.0,64.5562515258789,-1396.6199951171875,-1384.449951171875,-1367.300048828125,-1337.0,-1283.0,-1229.75,-1205.0,-1196.5,-1174.6400146484375
13118,-1285.52001953125,0.0,0.0,9.962644577026367,-1285.52001953125,-1283.0,64.5562515258789,-1396.6199951171875,-1384.449951171875,-1367.300048828125,-1337.0,-1283.0,-1229.75,-1205.0,-1196.5,-1174.6400146484375
13125,-1285.5399169921875,0.0,0.0,9.94902229309082,-1285.5400390625,-1283.0,64.55701446533203,-1396.6199951171875,-1384.449951171875,-1367.300048828125,-1337.0,-1283.0,-1229.75,-1205.0,-1196.5,-1174.6400146484375
13132,-1285.5399169921875,0.0,0.0,9.949467658996582,-1285.5400390625,-1283.0,64.55701446533203,-1396.6199951171875,-1384.449951171875,-1367.300048828125,-1337.0,-1283.0,-1229.75,-1205.0,-1196.5,-1174.6400146484375
13139,-1285.5399169921875,0.0,0.0,9.940556526184082,-1285.5400390625,-1283.0,64.55701446533203,-1396.6199951171875,-1384.449951171875,-1367.300048828125,-1337.0,-1283.0,-1229.75,-1205.0,-1196.5,-1174.6400146484375
13146,-1285.5399169921875,0.0,0.0,9.925806999206543,-1285.5400390625,-1283.0,64.55701446533203,-1396.6199951171875,-1384.449951171875,-1367.300048828125,-1337.0,-1283.0,-1229.75,-1205.0,-1196.5,-1174.6400146484375
13153,-1285.5399169921875,0.0,0.0,9.907868385314941,-1285.5400390625,-1283.0,64.55701446533203,-1396.6199951171875,-1384.449951171875,-1367.300048828125,-1337.0,-1283.0,-1229.75,-1205.0,-1196.5,-1174.6400146484375
13160,-1285.5399169921875,0.0,0.0,9.901062965393066,-1285.5400390625,-1283.0,64.55701446533203,-1396.6199951171875,-1384.449951171875,-1367.300048828125,-1337.0,-1283.0,-1229.75,-1205.0,-1196.5,-1174.6400146484375
13167,-1285.5399169921875,0.0,0.0,9.891571044921875,-1285.5400390625,-1283.0,64.55701446533203,-1396.6199951171875,-1384.449951171875,-1367.300048828125,-1337.0,-1283.0,-1229.75,-1205.0,-1196.5,-1174.6400146484375
13174,-1285.5399169921875,0.0,0.0,9.891448974609375,-1285.5400390625,-1283.0,64.55701446533203,-1396.6199951171875,-1384.449951171875,-1367.300048828125,-1337.0,-1283.0,-1229.75,-1205.0,-1196.5,-1174.6400146484375
13181,-1285.5399169921875,0.0,0.0,9.883729934692383,-1285.5400390625,-1283.0,64.55701446533203,-1396.6199951171875,-1384.449951171875,-1367.300048828125,-1337.0,-1283.0,-1229.75,-1205.0,-1196.5,-1174.6400146484375
13188,-1285.5399169921875,0.0,0.0,9.870466232299805,-1285.5400390625,-1283.0,64.55701446533203,-1396.6199951171875,-1384.449951171875,-1367.300048828125,-1337.0,-1283.0,-1229.75,-1205.0,-1196.5,-1174.6400146484375
13195,-1285.5399169921875,0.0,0.0,9.857564926147461,-1285.5400390625,-1283.0,64.55701446533203,-1396.6199951171875,-1384.449951171875,-1367.300048828125,-1337.0,-1283.0,-1229.75,-1205.0,-1196.5,-1174.6400146484375
13202,-1285.5399169921875,0.0,0.0,9.858210563659668,-1285.5400390625,-1283.0,64.55701446533203,-1396.6199951171875,-1384.449951171875,-1367.300048828125,-1337.0,-1283.0,-1229.75,-1205.0,-1196.5,-1174.6400146484375
13209,-1285.5799560546875,0.0,0.0,9.849821090698242,-1285.5799560546875,-1283.0,64.4673843383789,-1396.6199951171875,-1384.449951171875,-1367.300048828125,-1337.0,-1283.0,-1229.75,-1205.0,-1196.5,-1174.6400146484375
13216,-1285.5799560546875,0.0,0.0,9.83759880065918,-1285.5799560546875,-1283.0,64.4673843383789,-1396.6199951171875,-1384.449951171875,-1367.300048828125,-1337.0,-1283.0,-1229.75,-1205.0,-1196.5,-1174.6400146484375
13223,-1285.5799560546875,0.0,0.0,9.830554962158203,-1285.5799560546875,-1283.0,64.4673843383789,-1396.6199951171875,-1384.449951171875,-1367.300048828125,-1337.0,-1283.0,-1229.75,-1205.0,-1196.5,-1174.6400146484375
13230,-1285.5799560546875,0.0,0.0,9.820427894592285,-1285.5799560546875,-1283.0,64.4673843383789,-1396.6199951171875,-1384.449951171875,-1367.300048828125,-1337.0,-1283.0,-1229.75,-1205.0,-1196.5,-1174.6400146484375
13237,-1285.5799560546875,0.0,0.0,9.813253402709961,-1285.5799560546875,-1283.0,64.4673843383789,-1396.6199951171875,-1384.449951171875,-1367.300048828125,-1337.0,-1283.0,-1229.75,-1205.0,-1196.5,-1174.6400146484375
13244,-1285.5799560546875,0.0,0.0,9.806130409240723,-1285.5799560546875,-1283.0,64.4673843383789,-1396.6199951171875,-1384.449951171875,-1367.300048828125,-1337.0,-1283.0,-1229.75,-1205.0,-1196.5,-1174.6400146484375
13251,-1285.5799560546875,0.0,0.0,9.796496391296387,-1285.5799560546875,-1283.0,64.4673843383789,-1396.6199951171875,-1384.449951171875,-1367.300048828125,-1337.0,-1283.0,-1229.75,-1205.0,-1196.5,-1174.6400146484375
13258,-1285.5799560546875,0.0,0.0,9.791536331176758,-1285.5799560546875,-1283.0,64.4673843383789,-1396.6199951171875,-1384.449951171875,-1367.300048828125,-1337.0,-1283.0,-1229.75,-1205.0,-1196.5,-1174.6400146484375
13265,-1285.5799560546875,0.0,0.0,9.78909683227539,-1285.5799560546875,-1283.0,64.4673843383789,-1396.6199951171875,-1384.449951171875,-1367.300048828125,-1337.0,-1283.0,-1229.75,-1205.0,-1196.5,-1174.6400146484375
13272,-1285.5999755859375,0.0,0.0,9.785441398620605,-1285.5999755859375,-1283.0,64.4526138305664,-1396.6199951171875,-1384.449951171875,-1367.300048828125,-1337.0,-1283.0,-1229.75,-1205.0,-1196.5,-1174.6400146484375
13279,-1285.6199951171875,0.0,0.0,9.781880378723145,-1285.6199951171875,-1283.0,64.47911071777344,-1396.6199951171875,-1384.449951171875,-1367.5,-1337.0,-1283.0,-1229.75,-1205.0,-1196.5,-1174.6400146484375
13286,-1285.6199951171875,0.0,0.0,9.775099754333496,-1285.6199951171875,-1283.0,64.47911071777344,-1396.6199951171875,-1384.449951171875,-1367.5,-1337.0,-1283.0,-1229.75,-1205.0,-1196.5,-1174.6400146484375
13293,-1285.6199951171875,0.0,0.0,9.767878532409668,-1285.6199951171875,-1283.0,64.47911071777344,-1396.6199951171875,-1384.449951171875,-1367.5,-1337.0,-1283.0,-1229.75,-1205.0,-1196.5,-1174.6400146484375
13300,-1285.6400146484375,0.0,0.0,9.765838623046875,-1285.6400146484375,-1283.0,64.43516540527344,-1396.6199951171875,-1384.449951171875,-1367.5,-1337.0,-1283.0,-1229.75,-1205.0,-1196.5,-1174.6400146484375
13307,-1285.6400146484375,0.0,0.0,9.758772850036621,-1285.6400146484375,-1283.0,64.43516540527344,-1396.6199951171875,-1384.449951171875,-1367.5,-1337.0,-1283.0,-1229.75,-1205.0,-1196.5,-1174.6400146484375
13314,-1285.6400146484375,0.0,0.0,9.759936332702637,-1285.6400146484375,-1283.0,64.43516540527344,-1396.6199951171875,-1384.449951171875,-1367.5,-1337.0,-1283.0,-1229.75,-1205.0,-1196.5,-1174.6400146484375
13321,-1285.6400146484375,0.0,0.0,9.75376033782959,-1285.6400146484375,-1283.0,64.43516540527344,-1396.6199951171875,-1384.449951171875,-1367.5,-1337.0,-1283.0,-1229.75,-1205.0,-1196.5,-1174.6400146484375
13328,-1285.6400146484375,0.0,0.0,9.749188423156738,-1285.6400146484375,-1283.0,64.43516540527344,-1396.6199951171875,-1384.449951171875,-1367.5,-1337.0,-1283.0,-1229.75,-1205.0,-1196.5,-1174.6400146484375
13335,-1285.6400146484375,0.0,0.0,9.740171432495117,-1285.6400146484375,-1283.0,64.43516540527344,-1396.6199951171875,-1384.449951171875,-1367.5,-1337.0,-1283.0,-1229.75,-1205.0,-1196.5,-1174.6400146484375
13342,-1285.6400146484375,0.0,0.0,9.733159065246582,-1285.6400146484375,-1283.0,64.43516540527344,-1396.6199951171875,-1384.449951171875,-1367.5,-1337.0,-1283.0,-1229.75,-1205.0,-1196.5,-1174.6400146484375
13349,-1285.659912109375,0.0,0.0,9.732152938842773,-1285.6600341796875,-1283.0,64.4240951538086,-1396.6199951171875,-1384.449951171875,-1367.5,-1337.0,-1283.0,-1229.75,-1205.0,-1196.5,-1174.6400146484375
13356,-1285.659912109375,0.0,0.0,9.7242431640625,-1285.6600341796875,-1283.0,64.4240951538086,-1396.6199951171875,-1384.449951171875,-1367.5,-1337.0,-1283.0,-1229.75,-1205.0,-1196.5,-1174.6400146484375
13363,-1285.659912109375,0.0,0.0,9.710419654846191,-1285.6600341796875,-1283.0,64.4240951538086,-1396.6199951171875,-1384.449951171875,-1367.5,-1337.0,-1283.0,-1229.75,-1205.0,-1196.5,-1174.6400146484375
13370,-1285.719970703125,0.0,0.0,9.69558048248291,-1285.719970703125,-1283.0,64.43556213378906,-1396.6199951171875,-1384.449951171875,-1367.5,-1337.0,-1283.0,-1229.75,-1205.0,-1196.5,-1174.6400146484375
13377,-1285.719970703125,0.0,0.0,9.682004928588867,-1285.719970703125,-1283.0,64.43556213378906,-1396.6199951171875,-1384.449951171875,-1367.5,-1337.0,-1283.0,-1229.75,-1205.0,-1196.5,-1174.6400146484375
13384,-1285.760009765625,0.0,0.0,9.675735473632812,-1285.760009765625,-1283.0,64.45185852050781,-1396.6199951171875,-1384.449951171875,-1367.5,-1337.0,-1283.0,-1229.75,-1205.0,-1196.5999755859375,-1174.6400146484375
13391,-1285.760009765625,0.0,0.0,9.666204452514648,-1285.760009765625,-1283.0,64.45185852050781,-1396.6199951171875,-1384.449951171875,-1367.5,-1337.0,-1283.0,-1229.75,-1205.0,-1196.5999755859375,-1174.6400146484375
13398,-1285.760009765625,0.0,0.0,9.661311149597168,-1285.760009765625,-1283.0,64.45185852050781,-1396.6199951171875,-1384.449951171875,-1367.5,-1337.0,-1283.0,-1229.75,-1205.0,-1196.5999755859375,-1174.6400146484375
13405,-1285.760009765625,0.0,0.0,9.645727157592773,-1285.760009765625,-1283.0,64.45185852050781,-1396.6199951171875,-1384.449951171875,-1367.5,-1337.0,-1283.0,-1229.75,-1205.0,-1196.5999755859375,-1174.6400146484375
13412,-1285.760009765625,0.0,0.0,9.641324996948242,-1285.760009765625,-1283.0,64.45185852050781,-1396.6199951171875,-1384.449951171875,-1367.5,-1337.0,-1283.0,-1229.75,-1205.0,-1196.5999755859375,-1174.6400146484375
13419,-1285.760009765625,0.0,0.0,9.63630485534668,-1285.760009765625,-1283.0,64.45185852050781,-1396.6199951171875,-1384.449951171875,-1367.5,-1337.0,-1283.0,-1229.75,-1205.0,-1196.5999755859375,-1174.6400146484375
13426,-1285.760009765625,0.0,0.0,9.631482124328613,-1285.760009765625,-1283.0,64.45185852050781,-1396.6199951171875,-1384.449951171875,-1367.5,-1337.0,-1283.0,-1229.75,-1205.0,-1196.5999755859375,-1174.6400146484375
13433,-1285.760009765625,0.0,0.0,9.626693725585938,-1285.760009765625,-1283.0,64.45185852050781,-1396.6199951171875,-1384.449951171875,-1367.5,-1337.0,-1283.0,-1229.75,-1205.0,-1196.5999755859375,-1174.6400146484375
13440,-1285.780029296875,0.0,0.0,9.623875617980957,-1285.780029296875,-1283.0,64.44696807861328,-1396.6199951171875,-1384.449951171875,-1367.5,-1337.0,-1283.0,-1229.75,-1205.0,-1196.5999755859375,-1174.6400146484375
13447,-1285.780029296875,0.0,0.0,9.609217643737793,-1285.780029296875,-1283.0,64.44696807861328,-1396.6199951171875,-1384.449951171875,-1367.5,-1337.0,-1283.0,-1229.75,-1205.0,-1196.5999755859375,-1174.6400146484375
13454,-1285.780029296875,0.0,0.0,9.609952926635742,-1285.780029296875,-1283.0,64.44696807861328,-1396.6199951171875,-1384.449951171875,-1367.5,-1337.0,-1283.0,-1229.75,-1205.0,-1196.5999755859375,-1174.6400146484375
13461,-1285.780029296875,0.0,0.0,9.602564811706543,-1285.780029296875,-1283.0,64.44696807861328,-1396.6199951171875,-1384.449951171875,-1367.5,-1337.0,-1283.0,-1229.75,-1205.0,-1196.5999755859375,-1174.6400146484375
13468,-1285.780029296875,0.0,0.0,9.59161376953125,-1285.780029296875,-1283.0,64.44696807861328,-1396.6199951171875,-1384.449951171875,-1367.5,-1337.0,-1283.0,-1229.75,-1205.0,-1196.5999755859375,-1174.6400146484375
13475,-1285.780029296875,0.0,0.0,9.585264205932617,-1285.780029296875,-1283.0,64.44696807861328,-1396.6199951171875,-1384.449951171875,-1367.5,-1337.0,-1283.0,-1229.75,-1205.0,-1196.5999755859375,-1174.6400146484375
13482,-1285.780029296875,0.0,0.0,9.577556610107422,-1285.780029296875,-1283.0,64.44696807861328,-1396.6199951171875,-1384.449951171875,-1367.5,-1337.0,-1283.0,-1229.75,-1205.0,-1196.5999755859375,-1174.6400146484375
13489,-1285.780029296875,0.0,0.0,9.571516036987305,-1285.780029296875,-1283.0,64.44696807861328,-1396.6199951171875,-1384.449951171875,-1367.5,-1337.0,-1283.0,-1229.75,-1205.0,-1196.5999755859375,-1174.6400146484375
13496,-1285.780029296875,0.0,0.0,9.572141647338867,-1285.780029296875,-1283.0,64.44696807861328,-1396.6199951171875,-1384.449951171875,-1367.5,-1337.0,-1283.0,-1229.75,-1205.0,-1196.5999755859375,-1174.6400146484375
13503,-1285.780029296875,0.0,0.0,9.572202682495117,-1285.780029296875,-1283.0,64.44696807861328,-1396.6199951171875,-1384.449951171875,-1367.5,-1337.0,-1283.0,-1229.75,-1205.0,-1196.5999755859375,-1174.6400146484375
13510,-1285.780029296875,0.0,0.0,9.56086254119873,-1285.780029296875,-1283.0,64.44696807861328,-1396.6199951171875,-1384.449951171875,-1367.5,-1337.0,-1283.0,-1229.75,-1205.0,-1196.5999755859375,-1174.6400146484375
13517,-1285.780029296875,0.0,0.0,9.559429168701172,-1285.780029296875,-1283.0,64.44696807861328,-1396.6199951171875,-1384.449951171875,-1367.5,-1337.0,-1283.0,-1229.75,-1205.0,-1196.5999755859375,-1174.6400146484375
13524,-1285.780029296875,0.0,0.0,9.554227828979492,-1285.780029296875,-1283.0,64.44696807861328,-1396.6199951171875,-1384.449951171875,-1367.5,-1337.0,-1283.0,-1229.75,-1205.0,-1196.5999755859375,-1174.6400146484375
13531,-1285.780029296875,0.0,0.0,9.551310539245605,-1285.780029296875,-1283.0,64.44696807861328,-1396.6199951171875,-1384.449951171875,-1367.5,-1337.0,-1283.0,-1229.75,-1205.0,-1196.5999755859375,-1174.6400146484375
13538,-1285.780029296875,0.0,0.0,9.540838241577148,-1285.780029296875,-1283.0,64.44696807861328,-1396.6199951171875,-1384.449951171875,-1367.5,-1337.0,-1283.0,-1229.75,-1205.0,-1196.5999755859375,-1174.6400146484375
13545,-1285.780029296875,0.0,0.0,9.535975456237793,-1285.780029296875,-1283.0,64.44696807861328,-1396.6199951171875,-1384.449951171875,-1367.5,-1337.0,-1283.0,-1229.75,-1205.0,-1196.5999755859375,-1174.6400146484375
13552,-1285.780029296875,0.0,0.0,9.529098510742188,-1285.780029296875,-1283.0,64.44696807861328,-1396.6199951171875,-1384.449951171875,-1367.5,-1337.0,-1283.0,-1229.75,-1205.0,-1196.5999755859375,-1174.6400146484375
13559,-1285.780029296875,0.0,0.0,9.52676773071289,-1285.780029296875,-1283.0,64.44696807861328,-1396.6199951171875,-1384.449951171875,-1367.5,-1337.0,-1283.0,-1229.75,-1205.0,-1196.5999755859375,-1174.6400146484375
13566,-1285.780029296875,0.0,0.0,9.521272659301758,-1285.780029296875,-1283.0,64.44696807861328,-1396.6199951171875,-1384.449951171875,-1367.5,-1337.0,-1283.0,-1229.75,-1205.0,-1196.5999755859375,-1174.6400146484375
13573,-1285.780029296875,0.0,0.0,9.518836975097656,-1285.780029296875,-1283.0,64.44696807861328,-1396.6199951171875,-1384.449951171875,-1367.5,-1337.0,-1283.0,-1229.75,-1205.0,-1196.5999755859375,-1174.6400146484375
13580,-1285.780029296875,0.0,0.0,9.51304817199707,-1285.780029296875,-1283.0,64.44696807861328,-1396.6199951171875,-1384.449951171875,-1367.5,-1337.0,-1283.0,-1229.75,-1205.0,-1196.5999755859375,-1174.6400146484375
13587,-1285.780029296875,0.0,0.0,9.498966217041016,-1285.780029296875,-1283.0,64.44696807861328,-1396.6199951171875,-1384.449951171875,-1367.5,-1337.0,-1283.0,-1229.75,-1205.0,-1196.5999755859375,-1174.6400146484375
13594,-1285.780029296875,0.0,0.0,9.486104965209961,-1285.780029296875,-1283.0,64.44696807861328,-1396.6199951171875,-1384.449951171875,-1367.5,-1337.0,-1283.0,-1229.75,-1205.0,-1196.5999755859375,-1174.6400146484375
13601,-1285.780029296875,0.0,0.0,9.477112770080566,-1285.780029296875,-1283.0,64.44696807861328,-1396.6199951171875,-1384.449951171875,-1367.5,-1337.0,-1283.0,-1229.75,-1205.0,-1196.5999755859375,-1174.6400146484375
13608,-1285.8199462890625,0.0,0.0,9.471038818359375,-1285.8199462890625,-1283.0,64.39306640625,-1396.6199951171875,-1384.449951171875,-1367.5,-1337.0,-1283.0,-1229.75,-1205.0,-1200.4000244140625,-1174.6400146484375
13615,-1285.8199462890625,0.0,0.0,9.457210540771484,-1285.8199462890625,-1283.0,64.39306640625,-1396.6199951171875,-1384.449951171875,-1367.5,-1337.0,-1283.0,-1229.75,-1205.0,-1200.4000244140625,-1174.6400146484375
13622,-1285.8199462890625,0.0,0.0,9.449743270874023,-1285.8199462890625,-1283.0,64.39306640625,-1396.6199951171875,-1384.449951171875,-1367.5,-1337.0,-1283.0,-1229.75,-1205.0,-1200.4000244140625,-1174.6400146484375
13629,-1285.8399658203125,0.0,0.0,9.446480751037598,-1285.8399658203125,-1283.0,64.39436340332031,-1396.6199951171875,-1384.449951171875,-1367.5,-1337.0,-1283.0,-1229.75,-1205.0,-1200.4000244140625,-1174.6400146484375
13636,-1285.8399658203125,0.0,0.0,9.439139366149902,-1285.8399658203125,-1283.0,64.39436340332031,-1396.6199951171875,-1384.449951171875,-1367.5,-1337.0,-1283.0,-1229.75,-1205.0,-1200.4000244140625,-1174.6400146484375
13643,-1285.8399658203125,0.0,0.0,9.424431800842285,-1285.8399658203125,-1283.0,64.39436340332031,-1396.6199951171875,-1384.449951171875,-1367.5,-1337.0,-1283.0,-1229.75,-1205.0,-1200.4000244140625,-1174.6400146484375
13650,-1285.8399658203125,0.0,0.0,9.415172576904297,-1285.8399658203125,-1283.0,64.39436340332031,-1396.6199951171875,-1384.449951171875,-1367.5,-1337.0,-1283.0,-1229.75,-1205.0,-1200.4000244140625,-1174.6400146484375
13657,-1285.8399658203125,0.0,0.0,9.413253784179688,-1285.8399658203125,-1283.0,64.39436340332031,-1396.6199951171875,-1384.449951171875,-1367.5,-1337.0,-1283.0,-1229.75,-1205.0,-1200.4000244140625,-1174.6400146484375
13664,-1285.8599853515625,0.0,0.0,9.400447845458984,-1285.8599853515625,-1283.0,64.38819885253906,-1396.6199951171875,-1384.449951171875,-1367.5,-1337.0,-1283.0,-1229.75,-1205.0,-1200.4000244140625,-1174.6400146484375
13671,-1285.8800048828125,0.0,0.0,9.392797470092773,-1285.8800048828125,-1283.0,64.38420104980469,-1396.6199951171875,-1384.449951171875,-1367.5,-1337.0,-1283.0,-1229.75,-1205.0,-1200.4000244140625,-1174.6400146484375
13678,-1285.8800048828125,0.0,0.0,9.379220008850098,-1285.8800048828125,-1283.0,64.38420104980469,-1396.6199951171875,-1384.449951171875,-1367.5,-1337.0,-1283.0,-1229.75,-1205.0,-1200.4000244140625,-1174.6400146484375
13685,-1285.8800048828125,0.0,0.0,9.374029159545898,-1285.8800048828125,-1283.0,64.38420104980469,-1396.6199951171875,-1384.449951171875,-1367.5,-1337.0,-1283.0,-1229.75,-1205.0,-1200.4000244140625,-1174.6400146484375
13692,-1285.8800048828125,0.0,0.0,9.36377239227295,-1285.8800048828125,-1283.0,64.38420104980469,-1396.6199951171875,-1384.449951171875,-1367.5,-1337.0,-1283.0,-1229.75,-1205.0,-1200.4000244140625,-1174.6400146484375
13699,-1285.8800048828125,0.0,0.0,9.359379768371582,-1285.8800048828125,-1283.0,64.38420104980469,-1396.6199951171875,-1384.449951171875,-1367.5,-1337.0,-1283.0,-1229.75,-1205.0,-1200.4000244140625,-1174.6400146484375
13706,-1285.8800048828125,0.0,0.0,9.354705810546875,-1285.8800048828125,-1283.0,64.38420104980469,-1396.6199951171875,-1384.449951171875,-1367.5,-1337.0,-1283.0,-1229.75,-1205.0,-1200.4000244140625,-1174.6400146484375
13713,-1285.9000244140625,0.0,0.0,9.345735549926758,-1285.9000244140625,-1283.0,64.41156768798828,-1396.6199951171875,-1384.449951171875,-1367.5,-1337.0,-1283.0,-1229.75,-1205.0,-1200.4000244140625,-1174.6400146484375
13720,-1285.9000244140625,0.0,0.0,9.340518951416016,-1285.9000244140625,-1283.0,64.41156768798828,-1396.6199951171875,-1384.449951171875,-1367.5,-1337.0,-1283.0,-1229.75,-1205.0,-1200.4000244140625,-1174.6400146484375
13727,-1285.9000244140625,0.0,0.0,9.339646339416504,-1285.9000244140625,-1283.0,64.41156768798828,-1396.6199951171875,-1384.449951171875,-1367.5,-1337.0,-1283.0,-1229.75,-1205.0,-1200.4000244140625,-1174.6400146484375
13734,-1285.9000244140625,0.0,0.0,9.336177825927734,-1285.9000244140625,-1283.0,64.41156768798828,-1396.6199951171875,-1384.449951171875,-1367.5,-1337.0,-1283.0,-1229.75,-1205.0,-1200.4000244140625,-1174.6400146484375
13741,-1285.919921875,0.0,0.0,9.33007526397705,-1285.9200439453125,-1283.0,64.42183685302734,-1396.6199951171875,-1384.449951171875,-1367.5,-1337.0,-1283.0,-1229.75,-1205.0,-1200.4000244140625,-1174.6400146484375
13748,-1285.919921875,0.0,0.0,9.327363014221191,-1285.9200439453125,-1283.0,64.42183685302734,-1396.6199951171875,-1384.449951171875,-1367.5,-1337.0,-1283.0,-1229.75,-1205.0,-1200.4000244140625,-1174.6400146484375
13755,-1285.919921875,0.0,0.0,9.326127052307129,-1285.9200439453125,-1283.0,64.42183685302734,-1396.6199951171875,-1384.449951171875,-1367.5,-1337.0,-1283.0,-1229.75,-1205.0,-1200.4000244140625,-1174.6400146484375
13762,-1285.919921875,0.0,0.0,9.320416450500488,-1285.9200439453125,-1283.0,64.42183685302734,-1396.6199951171875,-1384.449951171875,-1367.5,-1337.0,-1283.0,-1229.75,-1205.0,-1200.4000244140625,-1174.6400146484375
13769,-1285.919921875,0.0,0.0,9.306506156921387,-1285.9200439453125,-1283.0,64.42183685302734,-1396.6199951171875,-1384.449951171875,-1367.5,-1337.0,-1283.0,-1229.75,-1205.0,-1200.4000244140625,-1174.6400146484375
13776,-1285.919921875,0.0,0.0,9.293655395507812,-1285.9200439453125,-1283.0,64.42183685302734,-1396.6199951171875,-1384.449951171875,-1367.5,-1337.0,-1283.0,-1229.75,-1205.0,-1200.4000244140625,-1174.6400146484375
13783,-1285.919921875,0.0,0.0,9.288345336914062,-1285.9200439453125,-1283.0,64.42183685302734,-1396.6199951171875,-1384.449951171875,-1367.5,-1337.0,-1283.0,-1229.75,-1205.0,-1200.4000244140625,-1174.6400146484375
13790,-1285.93994140625,0.0,0.0,9.279918670654297,-1285.93994140625,-1283.0,64.43272399902344,-1396.6199951171875,-1384.449951171875,-1367.5,-1337.0,-1283.0,-1229.75,-1205.0,-1200.4000244140625,-1174.6400146484375
13797,-1285.93994140625,0.0,0.0,9.272965431213379,-1285.93994140625,-1283.0,64.43272399902344,-1396.6199951171875,-1384.449951171875,-1367.5,-1337.0,-1283.0,-1229.75,-1205.0,-1200.4000244140625,-1174.6400146484375
13804,-1285.93994140625,0.0,0.0,9.264833450317383,-1285.93994140625,-1283.0,64.43272399902344,-1396.6199951171875,-1384.449951171875,-1367.5,-1337.0,-1283.0,-1229.75,-1205.0,-1200.4000244140625,-1174.6400146484375
13811,-1285.93994140625,0.0,0.0,9.257896423339844,-1285.93994140625,-1283.0,64.43272399902344,-1396.6199951171875,-1384.449951171875,-1367.5,-1337.0,-1283.0,-1229.75,-1205.0,-1200.4000244140625,-1174.6400146484375
13818,-1285.93994140625,0.0,0.0,9.250429153442383,-1285.93994140625,-1283.0,64.43272399902344,-1396.6199951171875,-1384.449951171875,-1367.5,-1337.0,-1283.0,-1229.75,-1205.0,-1200.4000244140625,-1174.6400146484375
13825,-1285.9599609375,0.0,0.0,9.252376556396484,-1285.9599609375,-1284.0,64.43150329589844,-1396.6199951171875,-1384.449951171875,-1367.5,-1337.0,-1284.0,-1229.75,-1205.0,-1200.4000244140625,-1174.6400146484375
13832,-1285.97998046875,0.0,0.0,9.243520736694336,-1285.97998046875,-1284.0,64.44020080566406,-1396.6199951171875,-1384.449951171875,-1367.5,-1337.0,-1284.0,-1229.75,-1205.0,-1200.4000244140625,-1174.6400146484375
13839,-1285.97998046875,0.0,0.0,9.233148574829102,-1285.97998046875,-1284.0,64.44020080566406,-1396.6199951171875,-1384.449951171875,-1367.5,-1337.0,-1284.0,-1229.75,-1205.0,-1200.4000244140625,-1174.6400146484375
13846,-1285.97998046875,0.0,0.0,9.232111930847168,-1285.97998046875,-1284.0,64.44020080566406,-1396.6199951171875,-1384.449951171875,-1367.5,-1337.0,-1284.0,-1229.75,-1205.0,-1200.4000244140625,-1174.6400146484375
13853,-1285.97998046875,0.0,0.0,9.228034019470215,-1285.97998046875,-1284.0,64.44020080566406,-1396.6199951171875,-1384.449951171875,-1367.5,-1337.0,-1284.0,-1229.75,-1205.0,-1200.4000244140625,-1174.6400146484375
13860,-1285.97998046875,0.0,0.0,9.224778175354004,-1285.97998046875,-1284.0,64.44020080566406,-1396.6199951171875,-1384.449951171875,-1367.5,-1337.0,-1284.0,-1229.75,-1205.0,-1200.4000244140625,-1174.6400146484375
13867,-1285.97998046875,0.0,0.0,9.214485168457031,-1285.97998046875,-1284.0,64.44020080566406,-1396.6199951171875,-1384.449951171875,-1367.5,-1337.0,-1284.0,-1229.75,-1205.0,-1200.4000244140625,-1174.6400146484375
13874,-1285.97998046875,0.0,0.0,9.213605880737305,-1285.97998046875,-1284.0,64.44020080566406,-1396.6199951171875,-1384.449951171875,-1367.5,-1337.0,-1284.0,-1229.75,-1205.0,-1200.4000244140625,-1174.6400146484375
13881,-1285.97998046875,0.0,0.0,9.20230484008789,-1285.97998046875,-1284.0,64.44020080566406,-1396.6199951171875,-1384.449951171875,-1367.5,-1337.0,-1284.0,-1229.75,-1205.0,-1200.4000244140625,-1174.6400146484375
13888,-1285.97998046875,0.0,0.0,9.19549560546875,-1285.97998046875,-1284.0,64.44020080566406,-1396.6199951171875,-1384.449951171875,-1367.5,-1337.0,-1284.0,-1229.75,-1205.0,-1200.4000244140625,-1174.6400146484375
13895,-1285.97998046875,0.0,0.0,9.182300567626953,-1285.97998046875,-1284.0,64.44020080566406,-1396.6199951171875,-1384.449951171875,-1367.5,-1337.0,-1284.0,-1229.75,-1205.0,-1200.4000244140625,-1174.6400146484375
13902,-1285.97998046875,0.0,0.0,9.175362586975098,-1285.97998046875,-1284.0,64.44020080566406,-1396.6199951171875,-1384.449951171875,-1367.5,-1337.0,-1284.0,-1229.75,-1205.0,-1200.4000244140625,-1174.6400146484375
13909,-1285.97998046875,0.0,0.0,9.174949645996094,-1285.97998046875,-1284.0,64.44020080566406,-1396.6199951171875,-1384.449951171875,-1367.5,-1337.0,-1284.0,-1229.75,-1205.0,-1200.4000244140625,-1174.6400146484375
13916,-1285.97998046875,0.0,0.0,9.16652774810791,-1285.97998046875,-1284.0,64.44020080566406,-1396.6199951171875,-1384.449951171875,-1367.5,-1337.0,-1284.0,-1229.75,-1205.0,-1200.4000244140625,-1174.6400146484375
13923,-1285.97998046875,0.0,0.0,9.159356117248535,-1285.97998046875,-1284.0,64.44020080566406,-1396.6199951171875,-1384.449951171875,-1367.5,-1337.0,-1284.0,-1229.75,-1205.0,-1200.4000244140625,-1174.6400146484375
13930,-1285.97998046875,0.0,0.0,9.145386695861816,-1285.97998046875,-1284.0,64.44020080566406,-1396.6199951171875,-1384.449951171875,-1367.5,-1337.0,-1284.0,-1229.75,-1205.0,-1200.4000244140625,-1174.6400146484375
13937,-1285.97998046875,0.0,0.0,9.139018058776855,-1285.97998046875,-1284.0,64.44020080566406,-1396.6199951171875,-1384.449951171875,-1367.5,-1337.0,-1284.0,-1229.75,-1205.0,-1200.4000244140625,-1174.6400146484375
13944,-1286.0,0.0,0.0,9.131792068481445,-1286.0,-1284.0,64.42623901367188,-1396.6199951171875,-1384.449951171875,-1367.5,-1337.0,-1284.0,-1229.75,-1205.0,-1200.4000244140625,-1174.6400146484375
13951,-1286.0,0.0,0.0,9.122895240783691,-1286.0,-1284.0,64.42623901367188,-1396.6199951171875,-1384.449951171875,-1367.5,-1337.0,-1284.0,-1229.75,-1205.0,-1200.4000244140625,-1174.6400146484375
13958,-1286.0,0.0,0.0,9.114385604858398,-1286.0,-1284.0,64.42623901367188,-1396.6199951171875,-1384.449951171875,-1367.5,-1337.0,-1284.0,-1229.75,-1205.0,-1200.4000244140625,-1174.6400146484375
13965,-1286.0,0.0,0.0,9.109130859375,-1286.0,-1284.0,64.42623901367188,-1396.6199951171875,-1384.449951171875,-1367.5,-1337.0,-1284.0,-1229.75,-1205.0,-1200.4000244140625,-1174.6400146484375
13972,-1286.0,0.0,0.0,9.1006498336792,-1286.0,-1284.0,64.42623901367188,-1396.6199951171875,-1384.449951171875,-1367.5,-1337.0,-1284.0,-1229.75,-1205.0,-1200.4000244140625,-1174.6400146484375
13979,-1286.0,0.0,0.0,9.091493606567383,-1286.0,-1284.0,64.42623901367188,-1396.6199951171875,-1384.449951171875,-1367.5,-1337.0,-1284.0,-1229.75,-1205.0,-1200.4000244140625,-1174.6400146484375
13986,-1286.02001953125,0.0,0.0,9.082674026489258,-1286.02001953125,-1284.0,64.44485473632812,-1396.6199951171875,-1384.449951171875,-1367.5,-1337.0,-1284.0,-1229.75,-1205.0,-1200.4000244140625,-1174.6400146484375
13993,-1286.02001953125,0.0,0.0,9.074542999267578,-1286.02001953125,-1284.0,64.44485473632812,-1396.6199951171875,-1384.449951171875,-1367.5,-1337.0,-1284.0,-1229.75,-1205.0,-1200.4000244140625,-1174.6400146484375
14000,-1286.02001953125,0.0,0.0,9.06757640838623,-1286.02001953125,-1284.0,64.44485473632812,-1396.6199951171875,-1384.449951171875,-1367.5,-1337.0,-1284.0,-1229.75,-1205.0,-1200.4000244140625,-1174.6400146484375
14007,-1286.02001953125,0.0,0.0,9.066190719604492,-1286.02001953125,-1284.0,64.44485473632812,-1396.6199951171875,-1384.449951171875,-1367.5,-1337.0,-1284.0,-1229.75,-1205.0,-1200.4000244140625,-1174.6400146484375
14014,-1286.02001953125,0.0,0.0,9.059536933898926,-1286.02001953125,-1284.0,64.44485473632812,-1396.6199951171875,-1384.449951171875,-1367.5,-1337.0,-1284.0,-1229.75,-1205.0,-1200.4000244140625,-1174.6400146484375
14021,-1286.0399169921875,0.0,0.0,9.045287132263184,-1286.0400390625,-1284.0,64.42125701904297,-1396.6199951171875,-1384.449951171875,-1367.5,-1337.0,-1284.0,-1229.75,-1205.0,-1200.4000244140625,-1174.6400146484375
14028,-1286.0399169921875,0.0,0.0,9.030740737915039,-1286.0400390625,-1284.0,64.42125701904297,-1396.6199951171875,-1384.449951171875,-1367.5,-1337.0,-1284.0,-1229.75,-1205.0,-1200.4000244140625,-1174.6400146484375
14035,-1286.0399169921875,0.0,0.0,9.022680282592773,-1286.0400390625,-1284.0,64.42125701904297,-1396.6199951171875,-1384.449951171875,-1367.5,-1337.0,-1284.0,-1229.75,-1205.0,-1200.4000244140625,-1174.6400146484375
14042,-1286.0399169921875,0.0,0.0,9.022797584533691,-1286.0400390625,-1284.0,64.42125701904297,-1396.6199951171875,-1384.449951171875,-1367.5,-1337.0,-1284.0,-1229.75,-1205.0,-1200.4000244140625,-1174.6400146484375
14049,-1286.0399169921875,0.0,0.0,9.015115737915039,-1286.0400390625,-1284.0,64.42125701904297,-1396.6199951171875,-1384.449951171875,-1367.5,-1337.0,-1284.0,-1229.75,-1205.0,-1200.4000244140625,-1174.6400146484375
14056,-1286.0599365234375,0.0,0.0,9.007916450500488,-1286.06005859375,-1284.0,64.42310333251953,-1396.6199951171875,-1384.449951171875,-1367.5,-1337.0,-1284.0,-1229.75,-1205.0,-1200.4000244140625,-1174.6400146484375
14063,-1286.0599365234375,0.0,0.0,9.000000953674316,-1286.06005859375,-1284.0,64.42310333251953,-1396.6199951171875,-1384.449951171875,-1367.5,-1337.0,-1284.0,-1229.75,-1205.0,-1200.4000244140625,-1174.6400146484375
14070,-1286.0599365234375,0.0,0.0,8.992037773132324,-1286.06005859375,-1284.0,64.42310333251953,-1396.6199951171875,-1384.449951171875,-1367.5,-1337.0,-1284.0,-1229.75,-1205.0,-1200.4000244140625,-1174.6400146484375
14077,-1286.0599365234375,0.0,0.0,8.987667083740234,-1286.06005859375,-1284.0,64.42310333251953,-1396.6199951171875,-1384.449951171875,-1367.5,-1337.0,-1284.0,-1229.75,-1205.0,-1200.4000244140625,-1174.6400146484375
14084,-1286.0599365234375,0.0,0.0,8.976005554199219,-1286.06005859375,-1284.0,64.42310333251953,-1396.6199951171875,-1384.449951171875,-1367.5,-1337.0,-1284.0,-1229.75,-1205.0,-1200.4000244140625,-1174.6400146484375
14091,-1286.0599365234375,0.0,0.0,8.969253540039062,-1286.06005859375,-1284.0,64.42310333251953,-1396.6199951171875,-1384.449951171875,-1367.5,-1337.0,-1284.0,-1229.75,-1205.0,-1200.4000244140625,-1174.6400146484375
14098,-1286.0599365234375,0.0,0.0,8.972029685974121,-1286.06005859375,-1284.0,64.42310333251953,-1396.6199951171875,-1384.449951171875,-1367.5,-1337.0,-1284.0,-1229.75,-1205.0,-1200.4000244140625,-1174.6400146484375
14105,-1286.0599365234375,0.0,0.0,8.96597671508789,-1286.06005859375,-1284.0,64.42310333251953,-1396.6199951171875,-1384.449951171875,-1367.5,-1337.0,-1284.0,-1229.75,-1205.0,-1200.4000244140625,-1174.6400146484375
14112,-1286.0599365234375,0.0,0.0,8.959165573120117,-1286.06005859375,-1284.0,64.42310333251953,-1396.6199951171875,-1384.449951171875,-1367.5,-1337.0,-1284.0,-1229.75,-1205.0,-1200.4000244140625,-1174.6400146484375
14119,-1286.0599365234375,0.0,0.0,8.95137882232666,-1286.06005859375,-1284.0,64.42310333251953,-1396.6199951171875,-1384.449951171875,-1367.5,-1337.0,-1284.0,-1229.75,-1205.0,-1200.4000244140625,-1174.6400146484375
14126,-1286.0599365234375,0.0,0.0,8.951784133911133,-1286.06005859375,-1284.0,64.42310333251953,-1396.6199951171875,-1384.449951171875,-1367.5,-1337.0,-1284.0,-1229.75,-1205.0,-1200.4000244140625,-1174.6400146484375
14133,-1286.0599365234375,0.0,0.0,8.9474458694458,-1286.06005859375,-1284.0,64.42310333251953,-1396.6199951171875,-1384.449951171875,-1367.5,-1337.0,-1284.0,-1229.75,-1205.0,-1200.4000244140625,-1174.6400146484375
14140,-1286.0599365234375,0.0,0.0,8.93796157836914,-1286.06005859375,-1284.0,64.42310333251953,-1396.6199951171875,-1384.449951171875,-1367.5,-1337.0,-1284.0,-1229.75,-1205.0,-1200.4000244140625,-1174.6400146484375
14147,-1286.0599365234375,0.0,0.0,8.934297561645508,-1286.06005859375,-1284.0,64.42310333251953,-1396.6199951171875,-1384.449951171875,-1367.5,-1337.0,-1284.0,-1229.75,-1205.0,-1200.4000244140625,-1174.6400146484375
14154,-1286.0799560546875,0.0,0.0,8.932212829589844,-1286.0799560546875,-1284.0,64.40444946289062,-1396.6199951171875,-1384.449951171875,-1367.5,-1337.0,-1284.0,-1229.75,-1205.0,-1200.4000244140625,-1174.6400146484375
14161,-1286.0799560546875,0.0,0.0,8.926763534545898,-1286.0799560546875,-1284.0,64.40444946289062,-1396.6199951171875,-1384.449951171875,-1367.5,-1337.0,-1284.0,-1229.75,-1205.0,-1200.4000244140625,-1174.6400146484375
14168,-1286.0799560546875,0.0,0.0,8.913884162902832,-1286.0799560546875,-1284.0,64.40444946289062,-1396.6199951171875,-1384.449951171875,-1367.5,-1337.0,-1284.0,-1229.75,-1205.0,-1200.4000244140625,-1174.6400146484375
14175,-1286.0799560546875,0.0,0.0,8.906753540039062,-1286.0799560546875,-1284.0,64.40444946289062,-1396.6199951171875,-1384.449951171875,-1367.5,-1337.0,-1284.0,-1229.75,-1205.0,-1200.4000244140625,-1174.6400146484375
14182,-1286.0799560546875,0.0,0.0,8.903075218200684,-1286.0799560546875,-1284.0,64.40444946289062,-1396.6199951171875,-1384.449951171875,-1367.5,-1337.0,-1284.0,-1229.75,-1205.0,-1200.4000244140625,-1174.6400146484375
14189,-1286.0799560546875,0.0,0.0,8.89559555053711,-1286.0799560546875,-1284.0,64.40444946289062,-1396.6199951171875,-1384.449951171875,-1367.5,-1337.0,-1284.0,-1229.75,-1205.0,-1200.4000244140625,-1174.6400146484375
14196,-1286.0799560546875,0.0,0.0,8.8905029296875,-1286.0799560546875,-1284.0,64.40444946289062,-1396.6199951171875,-1384.449951171875,-1367.5,-1337.0,-1284.0,-1229.75,-1205.0,-1200.4000244140625,-1174.6400146484375
14203,-1286.0799560546875,0.0,0.0,8.880729675292969,-1286.0799560546875,-1284.0,64.40444946289062,-1396.6199951171875,-1384.449951171875,-1367.5,-1337.0,-1284.0,-1229.75,-1205.0,-1200.4000244140625,-1174.6400146484375
14210,-1286.0999755859375,0.0,0.0,8.870476722717285,-1286.0999755859375,-1284.0,64.4485092163086,-1396.6600341796875,-1384.449951171875,-1367.5,-1337.0,-1284.0,-1229.75,-1205.0,-1200.4000244140625,-1174.6400146484375
14217,-1286.0999755859375,0.0,0.0,8.863992691040039,-1286.0999755859375,-1284.0,64.4485092163086,-1396.6600341796875,-1384.449951171875,-1367.5,-1337.0,-1284.0,-1229.75,-1205.0,-1200.4000244140625,-1174.6400146484375
14224,-1286.0999755859375,0.0,0.0,8.86136531829834,-1286.0999755859375,-1284.0,64.4485092163086,-1396.6600341796875,-1384.449951171875,-1367.5,-1337.0,-1284.0,-1229.75,-1205.0,-1200.4000244140625,-1174.6400146484375
14231,-1286.0999755859375,0.0,0.0,8.848922729492188,-1286.0999755859375,-1284.0,64.4485092163086,-1396.6600341796875,-1384.449951171875,-1367.5,-1337.0,-1284.0,-1229.75,-1205.0,-1200.4000244140625,-1174.6400146484375
14238,-1286.0999755859375,0.0,0.0,8.842682838439941,-1286.0999755859375,-1284.0,64.4485092163086,-1396.6600341796875,-1384.449951171875,-1367.5,-1337.0,-1284.0,-1229.75,-1205.0,-1200.4000244140625,-1174.6400146484375
14245,-1286.0999755859375,0.0,0.0,8.82943058013916,-1286.0999755859375,-1284.0,64.4485092163086,-1396.6600341796875,-1384.449951171875,-1367.5,-1337.0,-1284.0,-1229.75,-1205.0,-1200.4000244140625,-1174.6400146484375
14252,-1286.0999755859375,0.0,0.0,8.817898750305176,-1286.0999755859375,-1284.0,64.4485092163086,-1396.6600341796875,-1384.449951171875,-1367.5,-1337.0,-1284.0,-1229.75,-1205.0,-1200.4000244140625,-1174.6400146484375
14259,-1286.0999755859375,0.0,0.0,8.815338134765625,-1286.0999755859375,-1284.0,64.4485092163086,-1396.6600341796875,-1384.449951171875,-1367.5,-1337.0,-1284.0,-1229.75,-1205.0,-1200.4000244140625,-1174.6400146484375
14266,-1286.0999755859375,0.0,0.0,8.809035301208496,-1286.0999755859375,-1284.0,64.4485092163086,-1396.6600341796875,-1384.449951171875,-1367.5,-1337.0,-1284.0,-1229.75,-1205.0,-1200.4000244140625,-1174.6400146484375
14273,-1286.0999755859375,0.0,0.0,8.799180030822754,-1286.0999755859375,-1284.0,64.4485092163086,-1396.6600341796875,-1384.449951171875,-1367.5,-1337.0,-1284.0,-1229.75,-1205.0,-1200.4000244140625,-1174.6400146484375
14280,-1286.0999755859375,0.0,0.0,8.796758651733398,-1286.0999755859375,-1284.0,64.4485092163086,-1396.6600341796875,-1384.449951171875,-1367.5,-1337.0,-1284.0,-1229.75,-1205.0,-1200.4000244140625,-1174.6400146484375
14287,-1286.1199951171875,0.0,0.0,8.788668632507324,-1286.1199951171875,-1284.0,64.45995330810547,-1396.6600341796875,-1384.449951171875,-1367.5,-1337.0,-1284.0,-1229.75,-1205.0,-1200.4000244140625,-1174.6400146484375
14294,-1286.1199951171875,0.0,0.0,8.778441429138184,-1286.1199951171875,-1284.0,64.45995330810547,-1396.6600341796875,-1384.449951171875,-1367.5,-1337.0,-1284.0,-1229.75,-1205.0,-1200.4000244140625,-1174.6400146484375
14301,-1286.1199951171875,0.0,0.0,8.771444320678711,-1286.1199951171875,-1284.0,64.45995330810547,-1396.6600341796875,-1384.449951171875,-1367.5,-1337.0,-1284.0,-1229.75,-1205.0,-1200.4000244140625,-1174.6400146484375
14308,-1286.199951171875,0.0,0.0,8.763267517089844,-1286.199951171875,-1284.0,64.51433563232422,-1396.6600341796875,-1384.449951171875,-1367.5,-1337.0,-1284.0,-1229.75,-1205.0,-1200.4000244140625,-1174.6400146484375
14315,-1286.199951171875,0.0,0.0,8.755078315734863,-1286.199951171875,-1284.0,64.51433563232422,-1396.6600341796875,-1384.449951171875,-1367.5,-1337.0,-1284.0,-1229.75,-1205.0,-1200.4000244140625,-1174.6400146484375
14322,-1286.219970703125,0.0,0.0,8.74876880645752,-1286.219970703125,-1284.0,64.50993347167969,-1396.6600341796875,-1384.449951171875,-1367.5,-1337.0,-1284.0,-1229.75,-1205.0,-1200.4000244140625,-1174.6400146484375
14329,-1286.219970703125,0.0,0.0,8.744759559631348,-1286.219970703125,-1284.0,64.50993347167969,-1396.6600341796875,-1384.449951171875,-1367.5,-1337.0,-1284.0,-1229.75,-1205.0,-1200.4000244140625,-1174.6400146484375
14336,-1286.219970703125,0.0,0.0,8.741153717041016,-1286.219970703125,-1284.0,64.50993347167969,-1396.6600341796875,-1384.449951171875,-1367.5,-1337.0,-1284.0,-1229.75,-1205.0,-1200.4000244140625,-1174.6400146484375
14343,-1286.219970703125,0.0,0.0,8.741546630859375,-1286.219970703125,-1284.0,64.50993347167969,-1396.6600341796875,-1384.449951171875,-1367.5,-1337.0,-1284.0,-1229.75,-1205.0,-1200.4000244140625,-1174.6400146484375
14350,-1286.219970703125,0.0,0.0,8.740544319152832,-1286.219970703125,-1284.0,64.50993347167969,-1396.6600341796875,-1384.449951171875,-1367.5,-1337.0,-1284.0,-1229.75,-1205.0,-1200.4000244140625,-1174.6400146484375
14357,-1286.219970703125,0.0,0.0,8.73190975189209,-1286.219970703125,-1284.0,64.50993347167969,-1396.6600341796875,-1384.449951171875,-1367.5,-1337.0,-1284.0,-1229.75,-1205.0,-1200.4000244140625,-1174.6400146484375
14364,-1286.219970703125,0.0,0.0,8.721892356872559,-1286.219970703125,-1284.0,64.50993347167969,-1396.6600341796875,-1384.449951171875,-1367.5,-1337.0,-1284.0,-1229.75,-1205.0,-1200.4000244140625,-1174.6400146484375
14371,-1286.219970703125,0.0,0.0,8.710518836975098,-1286.219970703125,-1284.0,64.50993347167969,-1396.6600341796875,-1384.449951171875,-1367.5,-1337.0,-1284.0,-1229.75,-1205.0,-1200.4000244140625,-1174.6400146484375
14378,-1286.219970703125,0.0,0.0,8.710772514343262,-1286.219970703125,-1284.0,64.50993347167969,-1396.6600341796875,-1384.449951171875,-1367.5,-1337.0,-1284.0,-1229.75,-1205.0,-1200.4000244140625,-1174.6400146484375
14385,-1286.219970703125,0.0,0.0,8.710354804992676,-1286.219970703125,-1284.0,64.50993347167969,-1396.6600341796875,-1384.449951171875,-1367.5,-1337.0,-1284.0,-1229.75,-1205.0,-1200.4000244140625,-1174.6400146484375
14392,-1286.219970703125,0.0,0.0,8.70099925994873,-1286.219970703125,-1284.0,64.50993347167969,-1396.6600341796875,-1384.449951171875,-1367.5,-1337.0,-1284.0,-1229.75,-1205.0,-1200.4000244140625,-1174.6400146484375
14399,-1286.219970703125,0.0,0.0,8.691279411315918,-1286.219970703125,-1284.0,64.50993347167969,-1396.6600341796875,-1384.449951171875,-1367.5,-1337.0,-1284.0,-1229.75,-1205.0,-1200.4000244140625,-1174.6400146484375
14406,-1286.219970703125,0.0,0.0,8.68134593963623,-1286.219970703125,-1284.0,64.50993347167969,-1396.6600341796875,-1384.449951171875,-1367.5,-1337.0,-1284.0,-1229.75,-1205.0,-1200.4000244140625,-1174.6400146484375
14413,-1286.239990234375,0.0,0.0,8.68122386932373,-1286.239990234375,-1284.0,64.46643829345703,-1396.6600341796875,-1384.449951171875,-1367.5,-1337.0,-1284.0,-1229.75,-1205.0,-1200.4000244140625,-1174.6400146484375
14420,-1286.239990234375,0.0,0.0,8.682196617126465,-1286.239990234375,-1284.0,64.46643829345703,-1396.6600341796875,-1384.449951171875,-1367.5,-1337.0,-1284.0,-1229.75,-1205.0,-1200.4000244140625,-1174.6400146484375
14427,-1286.239990234375,0.0,0.0,8.676618576049805,-1286.239990234375,-1284.0,64.46643829345703,-1396.6600341796875,-1384.449951171875,-1367.5,-1337.0,-1284.0,-1229.75,-1205.0,-1200.4000244140625,-1174.6400146484375
14434,-1286.239990234375,0.0,0.0,8.67109203338623,-1286.239990234375,-1284.0,64.46643829345703,-1396.6600341796875,-1384.449951171875,-1367.5,-1337.0,-1284.0,-1229.75,-1205.0,-1200.4000244140625,-1174.6400146484375
14441,-1286.239990234375,0.0,0.0,8.669391632080078,-1286.239990234375,-1284.0,64.46643829345703,-1396.6600341796875,-1384.449951171875,-1367.5,-1337.0,-1284.0,-1229.75,-1205.0,-1200.4000244140625,-1174.6400146484375
14448,-1286.239990234375,0.0,0.0,8.653365135192871,-1286.239990234375,-1284.0,64.46643829345703,-1396.6600341796875,-1384.449951171875,-1367.5,-1337.0,-1284.0,-1229.75,-1205.0,-1200.4000244140625,-1174.6400146484375
14455,-1286.239990234375,0.0,0.0,8.646267890930176,-1286.239990234375,-1284.0,64.46643829345703,-1396.6600341796875,-1384.449951171875,-1367.5,-1337.0,-1284.0,-1229.75,-1205.0,-1200.4000244140625,-1174.6400146484375
14462,-1286.239990234375,0.0,0.0,8.648022651672363,-1286.239990234375,-1284.0,64.46643829345703,-1396.6600341796875,-1384.449951171875,-1367.5,-1337.0,-1284.0,-1229.75,-1205.0,-1200.4000244140625,-1174.6400146484375
14469,-1286.239990234375,0.0,0.0,8.64316177368164,-1286.239990234375,-1284.0,64.46643829345703,-1396.6600341796875,-1384.449951171875,-1367.5,-1337.0,-1284.0,-1229.75,-1205.0,-1200.4000244140625,-1174.6400146484375
14476,-1286.239990234375,0.0,0.0,8.636474609375,-1286.239990234375,-1284.0,64.46643829345703,-1396.6600341796875,-1384.449951171875,-1367.5,-1337.0,-1284.0,-1229.75,-1205.0,-1200.4000244140625,-1174.6400146484375
14483,-1286.239990234375,0.0,0.0,8.635735511779785,-1286.239990234375,-1284.0,64.46643829345703,-1396.6600341796875,-1384.449951171875,-1367.5,-1337.0,-1284.0,-1229.75,-1205.0,-1200.4000244140625,-1174.6400146484375
14490,-1286.239990234375,0.0,0.0,8.631536483764648,-1286.239990234375,-1284.0,64.46643829345703,-1396.6600341796875,-1384.449951171875,-1367.5,-1337.0,-1284.0,-1229.75,-1205.0,-1200.4000244140625,-1174.6400146484375
14497,-1286.239990234375,0.0,0.0,8.617258071899414,-1286.239990234375,-1284.0,64.46643829345703,-1396.6600341796875,-1384.449951171875,-1367.5,-1337.0,-1284.0,-1229.75,-1205.0,-1200.4000244140625,-1174.6400146484375
14504,-1286.239990234375,0.0,0.0,8.609749794006348,-1286.239990234375,-1284.0,64.46643829345703,-1396.6600341796875,-1384.449951171875,-1367.5,-1337.0,-1284.0,-1229.75,-1205.0,-1200.4000244140625,-1174.6400146484375
14511,-1286.239990234375,0.0,0.0,8.608351707458496,-1286.239990234375,-1284.0,64.46643829345703,-1396.6600341796875,-1384.449951171875,-1367.5,-1337.0,-1284.0,-1229.75,-1205.0,-1200.4000244140625,-1174.6400146484375
14518,-1286.239990234375,0.0,0.0,8.600739479064941,-1286.239990234375,-1284.0,64.46643829345703,-1396.6600341796875,-1384.449951171875,-1367.5,-1337.0,-1284.0,-1229.75,-1205.0,-1200.4000244140625,-1174.6400146484375
14525,-1286.239990234375,0.0,0.0,8.596779823303223,-1286.239990234375,-1284.0,64.46643829345703,-1396.6600341796875,-1384.449951171875,-1367.5,-1337.0,-1284.0,-1229.75,-1205.0,-1200.4000244140625,-1174.6400146484375
14532,-1286.239990234375,0.0,0.0,8.596480369567871,-1286.239990234375,-1284.0,64.46643829345703,-1396.6600341796875,-1384.449951171875,-1367.5,-1337.0,-1284.0,-1229.75,-1205.0,-1200.4000244140625,-1174.6400146484375
14539,-1286.239990234375,0.0,0.0,8.59409236907959,-1286.239990234375,-1284.0,64.46643829345703,-1396.6600341796875,-1384.449951171875,-1367.5,-1337.0,-1284.0,-1229.75,-1205.0,-1200.4000244140625,-1174.6400146484375
14546,-1286.239990234375,0.0,0.0,8.586831092834473,-1286.239990234375,-1284.0,64.46643829345703,-1396.6600341796875,-1384.449951171875,-1367.5,-1337.0,-1284.0,-1229.75,-1205.0,-1200.4000244140625,-1174.6400146484375
14553,-1286.239990234375,0.0,0.0,8.569853782653809,-1286.239990234375,-1284.0,64.46643829345703,-1396.6600341796875,-1384.449951171875,-1367.5,-1337.0,-1284.0,-1229.75,-1205.0,-1200.4000244140625,-1174.6400146484375
14560,-1286.260009765625,0.0,0.0,8.566756248474121,-1286.260009765625,-1284.0,64.42353820800781,-1396.6600341796875,-1384.449951171875,-1367.5,-1337.0,-1284.0,-1229.75,-1205.0,-1200.4000244140625,-1174.6400146484375
14567,-1286.260009765625,0.0,0.0,8.561351776123047,-1286.260009765625,-1284.0,64.42353820800781,-1396.6600341796875,-1384.449951171875,-1367.5,-1337.0,-1284.0,-1229.75,-1205.0,-1200.4000244140625,-1174.6400146484375
14574,-1286.260009765625,0.0,0.0,8.558273315429688,-1286.260009765625,-1284.0,64.42353820800781,-1396.6600341796875,-1384.449951171875,-1367.5,-1337.0,-1284.0,-1229.75,-1205.0,-1200.4000244140625,-1174.6400146484375
14581,-1286.260009765625,0.0,0.0,8.556964874267578,-1286.260009765625,-1284.0,64.42353820800781,-1396.6600341796875,-1384.449951171875,-1367.5,-1337.0,-1284.0,-1229.75,-1205.0,-1200.4000244140625,-1174.6400146484375
14588,-1286.260009765625,0.0,0.0,8.54432201385498,-1286.260009765625,-1284.0,64.42353820800781,-1396.6600341796875,-1384.449951171875,-1367.5,-1337.0,-1284.0,-1229.75,-1205.0,-1200.4000244140625,-1174.6400146484375
14595,-1286.260009765625,0.0,0.0,8.537192344665527,-1286.260009765625,-1284.0,64.42353820800781,-1396.6600341796875,-1384.449951171875,-1367.5,-1337.0,-1284.0,-1229.75,-1205.0,-1200.4000244140625,-1174.6400146484375
14602,-1286.280029296875,0.0,0.0,8.53005313873291,-1286.280029296875,-1284.0,64.44611358642578,-1396.6600341796875,-1384.449951171875,-1367.5,-1337.0,-1284.0,-1229.75,-1205.0,-1200.4000244140625,-1174.6400146484375
14609,-1286.3399658203125,0.0,0.0,8.526288032531738,-1286.3399658203125,-1284.0,64.43030548095703,-1396.6600341796875,-1384.449951171875,-1367.5,-1337.0,-1284.0,-1229.75,-1205.0,-1202.300048828125,-1174.6400146484375
14616,-1286.3399658203125,0.0,0.0,8.527517318725586,-1286.3399658203125,-1284.0,64.43030548095703,-1396.6600341796875,-1384.449951171875,-1367.5,-1337.0,-1284.0,-1229.75,-1205.0,-1202.300048828125,-1174.6400146484375
14623,-1286.3399658203125,0.0,0.0,8.522573471069336,-1286.3399658203125,-1284.0,64.43030548095703,-1396.6600341796875,-1384.449951171875,-1367.5,-1337.0,-1284.0,-1229.75,-1205.0,-1202.300048828125,-1174.6400146484375
14630,-1286.3399658203125,0.0,0.0,8.524054527282715,-1286.3399658203125,-1284.0,64.43030548095703,-1396.6600341796875,-1384.449951171875,-1367.5,-1337.0,-1284.0,-1229.75,-1205.0,-1202.300048828125,-1174.6400146484375
14637,-1286.3399658203125,0.0,0.0,8.517823219299316,-1286.3399658203125,-1284.0,64.43030548095703,-1396.6600341796875,-1384.449951171875,-1367.5,-1337.0,-1284.0,-1229.75,-1205.0,-1202.300048828125,-1174.6400146484375
14644,-1286.3399658203125,0.0,0.0,8.512834548950195,-1286.3399658203125,-1284.0,64.43030548095703,-1396.6600341796875,-1384.449951171875,-1367.5,-1337.0,-1284.0,-1229.75,-1205.0,-1202.300048828125,-1174.6400146484375
14651,-1286.3399658203125,0.0,0.0,8.51026439666748,-1286.3399658203125,-1284.0,64.43030548095703,-1396.6600341796875,-1384.449951171875,-1367.5,-1337.0,-1284.0,-1229.75,-1205.0,-1202.300048828125,-1174.6400146484375
14658,-1286.3399658203125,0.0,0.0,8.504599571228027,-1286.3399658203125,-1284.0,64.43030548095703,-1396.6600341796875,-1384.449951171875,-1367.5,-1337.0,-1284.0,-1229.75,-1205.0,-1202.300048828125,-1174.6400146484375
14665,-1286.3399658203125,0.0,0.0,8.499244689941406,-1286.3399658203125,-1284.0,64.43030548095703,-1396.6600341796875,-1384.449951171875,-1367.5,-1337.0,-1284.0,-1229.75,-1205.0,-1202.300048828125,-1174.6400146484375
14672,-1286.3399658203125,0.0,0.0,8.492276191711426,-1286.3399658203125,-1284.0,64.43030548095703,-1396.6600341796875,-1384.449951171875,-1367.5,-1337.0,-1284.0,-1229.75,-1205.0,-1202.300048828125,-1174.6400146484375
14679,-1286.3399658203125,0.0,0.0,8.488204002380371,-1286.3399658203125,-1284.0,64.43030548095703,-1396.6600341796875,-1384.449951171875,-1367.5,-1337.0,-1284.0,-1229.75,-1205.0,-1202.300048828125,-1174.6400146484375
14686,-1286.3399658203125,0.0,0.0,8.484989166259766,-1286.3399658203125,-1284.0,64.43030548095703,-1396.6600341796875,-1384.449951171875,-1367.5,-1337.0,-1284.0,-1229.75,-1205.0,-1202.300048828125,-1174.6400146484375
14693,-1286.3399658203125,0.0,0.0,8.477900505065918,-1286.3399658203125,-1284.0,64.43030548095703,-1396.6600341796875,-1384.449951171875,-1367.5,-1337.0,-1284.0,-1229.75,-1205.0,-1202.300048828125,-1174.6400146484375
14700,-1286.3399658203125,0.0,0.0,8.472744941711426,-1286.3399658203125,-1284.0,64.43030548095703,-1396.6600341796875,-1384.449951171875,-1367.5,-1337.0,-1284.0,-1229.75,-1205.0,-1202.300048828125,-1174.6400146484375
14707,-1286.3399658203125,0.0,0.0,8.474506378173828,-1286.3399658203125,-1284.0,64.43030548095703,-1396.6600341796875,-1384.449951171875,-1367.5,-1337.0,-1284.0,-1229.75,-1205.0,-1202.300048828125,-1174.6400146484375
14714,-1286.3399658203125,0.0,0.0,8.467254638671875,-1286.3399658203125,-1284.0,64.43030548095703,-1396.6600341796875,-1384.449951171875,-1367.5,-1337.0,-1284.0,-1229.75,-1205.0,-1202.300048828125,-1174.6400146484375
14721,-1286.3399658203125,0.0,0.0,8.459221839904785,-1286.3399658203125,-1284.0,64.43030548095703,-1396.6600341796875,-1384.449951171875,-1367.5,-1337.0,-1284.0,-1229.75,-1205.0,-1202.300048828125,-1174.6400146484375
14728,-1286.3399658203125,0.0,0.0,8.45195198059082,-1286.3399658203125,-1284.0,64.43030548095703,-1396.6600341796875,-1384.449951171875,-1367.5,-1337.0,-1284.0,-1229.75,-1205.0,-1202.300048828125,-1174.6400146484375
14735,-1286.3599853515625,0.0,0.0,8.447516441345215,-1286.3599853515625,-1284.0,64.44634246826172,-1396.6600341796875,-1384.449951171875,-1367.5,-1337.5,-1284.0,-1229.75,-1205.0,-1202.300048828125,-1174.6400146484375
14742,-1286.3599853515625,0.0,0.0,8.44509220123291,-1286.3599853515625,-1284.0,64.44634246826172,-1396.6600341796875,-1384.449951171875,-1367.5,-1337.5,-1284.0,-1229.75,-1205.0,-1202.300048828125,-1174.6400146484375
14749,-1286.3599853515625,0.0,0.0,8.441264152526855,-1286.3599853515625,-1284.0,64.44634246826172,-1396.6600341796875,-1384.449951171875,-1367.5,-1337.5,-1284.0,-1229.75,-1205.0,-1202.300048828125,-1174.6400146484375
14756,-1286.3599853515625,0.0,0.0,8.436662673950195,-1286.3599853515625,-1284.0,64.44634246826172,-1396.6600341796875,-1384.449951171875,-1367.5,-1337.5,-1284.0,-1229.75,-1205.0,-1202.300048828125,-1174.6400146484375
14763,-1286.3599853515625,0.0,0.0,8.437397003173828,-1286.3599853515625,-1284.0,64.44634246826172,-1396.6600341796875,-1384.449951171875,-1367.5,-1337.5,-1284.0,-1229.75,-1205.0,-1202.300048828125,-1174.6400146484375
14770,-1286.3599853515625,0.0,0.0,8.436189651489258,-1286.3599853515625,-1284.0,64.44634246826172,-1396.6600341796875,-1384.449951171875,-1367.5,-1337.5,-1284.0,-1229.75,-1205.0,-1202.300048828125,-1174.6400146484375
14777,-1286.3599853515625,0.0,0.0,8.42706298828125,-1286.3599853515625,-1284.0,64.44634246826172,-1396.6600341796875,-1384.449951171875,-1367.5,-1337.5,-1284.0,-1229.75,-1205.0,-1202.300048828125,-1174.6400146484375
14784,-1286.3800048828125,0.0,0.0,8.42502498626709,-1286.3800048828125,-1284.0,64.45986938476562,-1396.6600341796875,-1384.449951171875,-1367.5,-1337.5,-1284.0,-1229.75,-1205.0,-1202.300048828125,-1174.6400146484375
14791,-1286.3800048828125,0.0,0.0,8.42096996307373,-1286.3800048828125,-1284.0,64.45986938476562,-1396.6600341796875,-1384.449951171875,-1367.5,-1337.5,-1284.0,-1229.75,-1205.0,-1202.300048828125,-1174.6400146484375
14798,-1286.3800048828125,0.0,0.0,8.41629695892334,-1286.3800048828125,-1284.0,64.45986938476562,-1396.6600341796875,-1384.449951171875,-1367.5,-1337.5,-1284.0,-1229.75,-1205.0,-1202.300048828125,-1174.6400146484375
14805,-1286.47998046875,0.0,0.0,8.414348602294922,-1286.47998046875,-1284.0,64.33808135986328,-1396.6600341796875,-1384.449951171875,-1367.5,-1337.5,-1284.0,-1229.75,-1208.5999755859375,-1202.300048828125,-1174.6400146484375
14812,-1286.47998046875,0.0,0.0,8.413421630859375,-1286.47998046875,-1284.0,64.33808135986328,-1396.6600341796875,-1384.449951171875,-1367.5,-1337.5,-1284.0,-1229.75,-1208.5999755859375,-1202.300048828125,-1174.6400146484375
14819,-1286.47998046875,0.0,0.0,8.411893844604492,-1286.47998046875,-1284.0,64.33808135986328,-1396.6600341796875,-1384.449951171875,-1367.5,-1337.5,-1284.0,-1229.75,-1208.5999755859375,-1202.300048828125,-1174.6400146484375
14826,-1286.47998046875,0.0,0.0,8.409879684448242,-1286.47998046875,-1284.0,64.33808135986328,-1396.6600341796875,-1384.449951171875,-1367.5,-1337.5,-1284.0,-1229.75,-1208.5999755859375,-1202.300048828125,-1174.6400146484375
14833,-1286.5,0.0,0.0,8.40463924407959,-1286.5,-1284.0,64.36062622070312,-1396.6600341796875,-1384.449951171875,-1367.5,-1337.5,-1284.0,-1229.75,-1208.5999755859375,-1202.300048828125,-1174.6400146484375
14840,-1286.5,0.0,0.0,8.397666931152344,-1286.5,-1284.0,64.36062622070312,-1396.6600341796875,-1384.449951171875,-1367.5,-1337.5,-1284.0,-1229.75,-1208.5999755859375,-1202.300048828125,-1174.6400146484375
14847,-1286.5,0.0,0.0,8.393096923828125,-1286.5,-1284.0,64.36062622070312,-1396.6600341796875,-1384.449951171875,-1367.5,-1337.5,-1284.0,-1229.75,-1208.5999755859375,-1202.300048828125,-1174.6400146484375
14854,-1286.5,0.0,0.0,8.392640113830566,-1286.5,-1284.0,64.36062622070312,-1396.6600341796875,-1384.449951171875,-1367.5,-1337.5,-1284.0,-1229.75,-1208.5999755859375,-1202.300048828125,-1174.6400146484375
14861,-1286.5,0.0,0.0,8.385702133178711,-1286.5,-1284.0,64.36062622070312,-1396.6600341796875,-1384.449951171875,-1367.5,-1337.5,-1284.0,-1229.75,-1208.5999755859375,-1202.300048828125,-1174.6400146484375
14868,-1286.5,0.0,0.0,8.381142616271973,-1286.5,-1284.0,64.36062622070312,-1396.6600341796875,-1384.449951171875,-1367.5,-1337.5,-1284.0,-1229.75,-1208.5999755859375,-1202.300048828125,-1174.6400146484375
14875,-1286.5399169921875,0.0,0.0,8.371339797973633,-1286.5400390625,-1284.0,64.41559600830078,-1396.6600341796875,-1384.449951171875,-1367.5,-1337.5,-1284.0,-1229.75,-1208.5999755859375,-1202.300048828125,-1174.6400146484375
14882,-1286.5399169921875,0.0,0.0,8.361551284790039,-1286.5400390625,-1284.0,64.41559600830078,-1396.6600341796875,-1384.449951171875,-1367.5,-1337.5,-1284.0,-1229.75,-1208.5999755859375,-1202.300048828125,-1174.6400146484375
14889,-1286.5599365234375,0.0,0.0,8.357122421264648,-1286.56005859375,-1284.0,64.4039306640625,-1396.6600341796875,-1384.449951171875,-1367.5,-1337.5,-1284.0,-1229.75,-1208.5999755859375,-1202.300048828125,-1174.6400146484375
14896,-1286.5599365234375,0.0,0.0,8.353975296020508,-1286.56005859375,-1284.0,64.4039306640625,-1396.6600341796875,-1384.449951171875,-1367.5,-1337.5,-1284.0,-1229.75,-1208.5999755859375,-1202.300048828125,-1174.6400146484375
14903,-1286.5599365234375,0.0,0.0,8.352115631103516,-1286.56005859375,-1284.0,64.4039306640625,-1396.6600341796875,-1384.449951171875,-1367.5,-1337.5,-1284.0,-1229.75,-1208.5999755859375,-1202.300048828125,-1174.6400146484375
14910,-1286.5599365234375,0.0,0.0,8.344328880310059,-1286.56005859375,-1284.0,64.4039306640625,-1396.6600341796875,-1384.449951171875,-1367.5,-1337.5,-1284.0,-1229.75,-1208.5999755859375,-1202.300048828125,-1174.6400146484375
14917,-1286.5599365234375,0.0,0.0,8.337244987487793,-1286.56005859375,-1284.0,64.4039306640625,-1396.6600341796875,-1384.449951171875,-1367.5,-1337.5,-1284.0,-1229.75,-1208.5999755859375,-1202.300048828125,-1174.6400146484375
14924,-1286.5599365234375,0.0,0.0,8.33319091796875,-1286.56005859375,-1284.0,64.4039306640625,-1396.6600341796875,-1384.449951171875,-1367.5,-1337.5,-1284.0,-1229.75,-1208.5999755859375,-1202.300048828125,-1174.6400146484375
14931,-1286.5599365234375,0.0,0.0,8.330838203430176,-1286.56005859375,-1284.0,64.4039306640625,-1396.6600341796875,-1384.449951171875,-1367.5,-1337.5,-1284.0,-1229.75,-1208.5999755859375,-1202.300048828125,-1174.6400146484375
14938,-1286.5599365234375,0.0,0.0,8.325526237487793,-1286.56005859375,-1284.0,64.4039306640625,-1396.6600341796875,-1384.449951171875,-1367.5,-1337.5,-1284.0,-1229.75,-1208.5999755859375,-1202.300048828125,-1174.6400146484375
14945,-1286.5799560546875,0.0,0.0,8.325324058532715,-1286.5799560546875,-1284.0,64.42052459716797,-1396.6600341796875,-1384.449951171875,-1367.5,-1338.0,-1284.0,-1229.75,-1208.5999755859375,-1202.300048828125,-1174.6400146484375
14952,-1286.5799560546875,0.0,0.0,8.323755264282227,-1286.5799560546875,-1284.0,64.42052459716797,-1396.6600341796875,-1384.449951171875,-1367.5,-1338.0,-1284.0,-1229.75,-1208.5999755859375,-1202.300048828125,-1174.6400146484375
14959,-1286.5799560546875,0.0,0.0,8.320735931396484,-1286.5799560546875,-1284.0,64.42052459716797,-1396.6600341796875,-1384.449951171875,-1367.5,-1338.0,-1284.0,-1229.75,-1208.5999755859375,-1202.300048828125,-1174.6400146484375
14966,-1286.5799560546875,0.0,0.0,8.316044807434082,-1286.5799560546875,-1284.0,64.42052459716797,-1396.6600341796875,-1384.449951171875,-1367.5,-1338.0,-1284.0,-1229.75,-1208.5999755859375,-1202.300048828125,-1174.6400146484375
14973,-1286.5799560546875,0.0,0.0,8.312095642089844,-1286.5799560546875,-1284.0,64.42052459716797,-1396.6600341796875,-1384.449951171875,-1367.5,-1338.0,-1284.0,-1229.75,-1208.5999755859375,-1202.300048828125,-1174.6400146484375
14980,-1286.5799560546875,0.0,0.0,8.307455062866211,-1286.5799560546875,-1284.0,64.42052459716797,-1396.6600341796875,-1384.449951171875,-1367.5,-1338.0,-1284.0,-1229.75,-1208.5999755859375,-1202.300048828125,-1174.6400146484375
14987,-1286.5799560546875,0.0,0.0,8.305207252502441,-1286.5799560546875,-1284.0,64.42052459716797,-1396.6600341796875,-1384.449951171875,-1367.5,-1338.0,-1284.0,-1229.75,-1208.5999755859375,-1202.300048828125,-1174.6400146484375
14994,-1286.5799560546875,0.0,0.0,8.306201934814453,-1286.5799560546875,-1284.0,64.42052459716797,-1396.6600341796875,-1384.449951171875,-1367.5,-1338.0,-1284.0,-1229.75,-1208.5999755859375,-1202.300048828125,-1174.6400146484375
15001,-1286.5799560546875,0.0,0.0,8.298272132873535,-1286.5799560546875,-1284.0,64.42052459716797,-1396.6600341796875,-1384.449951171875,-1367.5,-1338.0,-1284.0,-1229.75,-1208.5999755859375,-1202.300048828125,-1174.6400146484375
15008,-1286.5799560546875,0.0,0.0,8.299347877502441,-1286.5799560546875,-1284.0,64.42052459716797,-1396.6600341796875,-1384.449951171875,-1367.5,-1338.0,-1284.0,-1229.75,-1208.5999755859375,-1202.300048828125,-1174.6400146484375
15015,-1286.5999755859375,0.0,0.0,8.292719841003418,-1286.5999755859375,-1284.0,64.3905258178711,-1396.6600341796875,-1384.449951171875,-1367.5,-1338.0,-1284.0,-1229.75,-1208.5999755859375,-1202.4000244140625,-1174.6400146484375
15022,-1286.5999755859375,0.0,0.0,8.290438652038574,-1286.5999755859375,-1284.0,64.3905258178711,-1396.6600341796875,-1384.449951171875,-1367.5,-1338.0,-1284.0,-1229.75,-1208.5999755859375,-1202.4000244140625,-1174.6400146484375
15029,-1286.5999755859375,0.0,0.0,8.28093433380127,-1286.5999755859375,-1284.0,64.3905258178711,-1396.6600341796875,-1384.449951171875,-1367.5,-1338.0,-1284.0,-1229.75,-1208.5999755859375,-1202.4000244140625,-1174.6400146484375
15036,-1286.5999755859375,0.0,0.0,8.27074909210205,-1286.5999755859375,-1284.0,64.3905258178711,-1396.6600341796875,-1384.449951171875,-1367.5,-1338.0,-1284.0,-1229.75,-1208.5999755859375,-1202.4000244140625,-1174.6400146484375
15043,-1286.5999755859375,0.0,0.0,8.265700340270996,-1286.5999755859375,-1284.0,64.3905258178711,-1396.6600341796875,-1384.449951171875,-1367.5,-1338.0,-1284.0,-1229.75,-1208.5999755859375,-1202.4000244140625,-1174.6400146484375
15050,-1286.5999755859375,0.0,0.0,8.261895179748535,-1286.5999755859375,-1284.0,64.3905258178711,-1396.6600341796875,-1384.449951171875,-1367.5,-1338.0,-1284.0,-1229.75,-1208.5999755859375,-1202.4000244140625,-1174.6400146484375
15057,-1286.5999755859375,0.0,0.0,8.25004768371582,-1286.5999755859375,-1284.0,64.3905258178711,-1396.6600341796875,-1384.449951171875,-1367.5,-1338.0,-1284.0,-1229.75,-1208.5999755859375,-1202.4000244140625,-1174.6400146484375
15064,-1286.5999755859375,0.0,0.0,8.251081466674805,-1286.5999755859375,-1284.0,64.3905258178711,-1396.6600341796875,-1384.449951171875,-1367.5,-1338.0,-1284.0,-1229.75,-1208.5999755859375,-1202.4000244140625,-1174.6400146484375
15071,-1286.6199951171875,0.0,0.0,8.244522094726562,-1286.6199951171875,-1284.0,64.392822265625,-1396.6600341796875,-1384.449951171875,-1367.5,-1338.0,-1284.0,-1229.75,-1208.5999755859375,-1202.4000244140625,-1174.6400146484375
15078,-1286.6199951171875,0.0,0.0,8.233034133911133,-1286.6199951171875,-1284.0,64.392822265625,-1396.6600341796875,-1384.449951171875,-1367.5,-1338.0,-1284.0,-1229.75,-1208.5999755859375,-1202.4000244140625,-1174.6400146484375
15085,-1286.6199951171875,0.0,0.0,8.229702949523926,-1286.6199951171875,-1284.0,64.392822265625,-1396.6600341796875,-1384.449951171875,-1367.5,-1338.0,-1284.0,-1229.75,-1208.5999755859375,-1202.4000244140625,-1174.6400146484375
15092,-1286.6199951171875,0.0,0.0,8.219627380371094,-1286.6199951171875,-1284.0,64.392822265625,-1396.6600341796875,-1384.449951171875,-1367.5,-1338.0,-1284.0,-1229.75,-1208.5999755859375,-1202.4000244140625,-1174.6400146484375
15099,-1286.6199951171875,0.0,0.0,8.213384628295898,-1286.6199951171875,-1284.0,64.392822265625,-1396.6600341796875,-1384.449951171875,-1367.5,-1338.0,-1284.0,-1229.75,-1208.5999755859375,-1202.4000244140625,-1174.6400146484375
15106,-1286.6199951171875,0.0,0.0,8.205840110778809,-1286.6199951171875,-1284.0,64.392822265625,-1396.6600341796875,-1384.449951171875,-1367.5,-1338.0,-1284.0,-1229.75,-1208.5999755859375,-1202.4000244140625,-1174.6400146484375
15113,-1286.6199951171875,0.0,0.0,8.19858169555664,-1286.6199951171875,-1284.0,64.392822265625,-1396.6600341796875,-1384.449951171875,-1367.5,-1338.0,-1284.0,-1229.75,-1208.5999755859375,-1202.4000244140625,-1174.6400146484375
15120,-1286.6199951171875,0.0,0.0,8.196770668029785,-1286.6199951171875,-1284.0,64.392822265625,-1396.6600341796875,-1384.449951171875,-1367.5,-1338.0,-1284.0,-1229.75,-1208.5999755859375,-1202.4000244140625,-1174.6400146484375
15127,-1286.6400146484375,0.0,0.0,8.199445724487305,-1286.6400146484375,-1284.0,64.4100112915039,-1396.6600341796875,-1384.449951171875,-1367.5,-1338.5,-1284.0,-1229.75,-1208.5999755859375,-1202.4000244140625,-1174.6400146484375
15134,-1286.6400146484375,0.0,0.0,8.197357177734375,-1286.6400146484375,-1284.0,64.4100112915039,-1396.6600341796875,-1384.449951171875,-1367.5,-1338.5,-1284.0,-1229.75,-1208.5999755859375,-1202.4000244140625,-1174.6400146484375
15141,-1286.6400146484375,0.0,0.0,8.189821243286133,-1286.6400146484375,-1284.0,64.4100112915039,-1396.6600341796875,-1384.449951171875,-1367.5,-1338.5,-1284.0,-1229.75,-1208.5999755859375,-1202.4000244140625,-1174.6400146484375
15148,-1286.6400146484375,0.0,0.0,8.18027114868164,-1286.6400146484375,-1284.0,64.4100112915039,-1396.6600341796875,-1384.449951171875,-1367.5,-1338.5,-1284.0,-1229.75,-1208.5999755859375,-1202.4000244140625,-1174.6400146484375
15155,-1286.6400146484375,0.0,0.0,8.177568435668945,-1286.6400146484375,-1284.0,64.4100112915039,-1396.6600341796875,-1384.449951171875,-1367.5,-1338.5,-1284.0,-1229.75,-1208.5999755859375,-1202.4000244140625,-1174.6400146484375
15162,-1286.760009765625,0.0,0.0,8.17242431640625,-1286.760009765625,-1284.0,64.49032592773438,-1396.6600341796875,-1384.449951171875,-1367.5,-1338.5,-1284.0,-1229.75,-1208.5999755859375,-1202.4000244140625,-1174.6400146484375
15169,-1286.760009765625,0.0,0.0,8.169219017028809,-1286.760009765625,-1284.0,64.49032592773438,-1396.6600341796875,-1384.449951171875,-1367.5,-1338.5,-1284.0,-1229.75,-1208.5999755859375,-1202.4000244140625,-1174.6400146484375
15176,-1286.8399658203125,0.0,0.0,8.158926963806152,-1286.8399658203125,-1284.0,64.6070785522461,-1396.6600341796875,-1385.4000244140625,-1367.5,-1338.5,-1284.0,-1229.75,-1208.5999755859375,-1202.4000244140625,-1174.6400146484375
15183,-1286.8399658203125,0.0,0.0,8.150197982788086,-1286.8399658203125,-1284.0,64.6070785522461,-1396.6600341796875,-1385.4000244140625,-1367.5,-1338.5,-1284.0,-1229.75,-1208.5999755859375,-1202.4000244140625,-1174.6400146484375
15190,-1286.8399658203125,0.0,0.0,8.140433311462402,-1286.8399658203125,-1284.0,64.6070785522461,-1396.6600341796875,-1385.4000244140625,-1367.5,-1338.5,-1284.0,-1229.75,-1208.5999755859375,-1202.4000244140625,-1174.6400146484375
15197,-1286.8399658203125,0.0,0.0,8.137099266052246,-1286.8399658203125,-1284.0,64.6070785522461,-1396.6600341796875,-1385.4000244140625,-1367.5,-1338.5,-1284.0,-1229.75,-1208.5999755859375,-1202.4000244140625,-1174.6400146484375
15204,-1286.8399658203125,0.0,0.0,8.126394271850586,-1286.8399658203125,-1284.0,64.6070785522461,-1396.6600341796875,-1385.4000244140625,-1367.5,-1338.5,-1284.0,-1229.75,-1208.5999755859375,-1202.4000244140625,-1174.6400146484375
15211,-1286.8399658203125,0.0,0.0,8.126849174499512,-1286.8399658203125,-1284.0,64.6070785522461,-1396.6600341796875,-1385.4000244140625,-1367.5,-1338.5,-1284.0,-1229.75,-1208.5999755859375,-1202.4000244140625,-1174.6400146484375
15218,-1286.8399658203125,0.0,0.0,8.12405014038086,-1286.8399658203125,-1284.0,64.6070785522461,-1396.6600341796875,-1385.4000244140625,-1367.5,-1338.5,-1284.0,-1229.75,-1208.5999755859375,-1202.4000244140625,-1174.6400146484375
15225,-1286.8399658203125,0.0,0.0,8.111943244934082,-1286.8399658203125,-1284.0,64.6070785522461,-1396.6600341796875,-1385.4000244140625,-1367.5,-1338.5,-1284.0,-1229.75,-1208.5999755859375,-1202.4000244140625,-1174.6400146484375
15232,-1286.8399658203125,0.0,0.0,8.108329772949219,-1286.8399658203125,-1284.0,64.6070785522461,-1396.6600341796875,-1385.4000244140625,-1367.5,-1338.5,-1284.0,-1229.75,-1208.5999755859375,-1202.4000244140625,-1174.6400146484375
15239,-1286.8399658203125,0.0,0.0,8.105917930603027,-1286.8399658203125,-1284.0,64.6070785522461,-1396.6600341796875,-1385.4000244140625,-1367.5,-1338.5,-1284.0,-1229.75,-1208.5999755859375,-1202.4000244140625,-1174.6400146484375
15246,-1286.8399658203125,0.0,0.0,8.103407859802246,-1286.8399658203125,-1284.0,64.6070785522461,-1396.6600341796875,-1385.4000244140625,-1367.5,-1338.5,-1284.0,-1229.75,-1208.5999755859375,-1202.4000244140625,-1174.6400146484375
15253,-1286.8399658203125,0.0,0.0,8.10518741607666,-1286.8399658203125,-1284.0,64.6070785522461,-1396.6600341796875,-1385.4000244140625,-1367.5,-1338.5,-1284.0,-1229.75,-1208.5999755859375,-1202.4000244140625,-1174.6400146484375
15260,-1286.8399658203125,0.0,0.0,8.097585678100586,-1286.8399658203125,-1284.0,64.6070785522461,-1396.6600341796875,-1385.4000244140625,-1367.5,-1338.5,-1284.0,-1229.75,-1208.5999755859375,-1202.4000244140625,-1174.6400146484375
15267,-1286.8399658203125,0.0,0.0,8.08614444732666,-1286.8399658203125,-1284.0,64.6070785522461,-1396.6600341796875,-1385.4000244140625,-1367.5,-1338.5,-1284.0,-1229.75,-1208.5999755859375,-1202.4000244140625,-1174.6400146484375
15274,-1286.8399658203125,0.0,0.0,8.078291893005371,-1286.8399658203125,-1284.0,64.6070785522461,-1396.6600341796875,-1385.4000244140625,-1367.5,-1338.5,-1284.0,-1229.75,-1208.5999755859375,-1202.4000244140625,-1174.6400146484375
15281,-1286.8800048828125,0.0,0.0,8.068018913269043,-1286.8800048828125,-1284.0,64.58548736572266,-1396.6600341796875,-1385.4000244140625,-1367.5,-1338.5,-1284.0,-1229.75,-1208.5999755859375,-1202.4000244140625,-1174.6400146484375
15288,-1287.02001953125,0.0,0.0,8.06489372253418,-1287.02001953125,-1284.0,64.75877380371094,-1396.6600341796875,-1385.4000244140625,-1372.199951171875,-1338.5,-1284.0,-1229.75,-1208.5999755859375,-1202.4000244140625,-1174.6400146484375
15295,-1287.02001953125,0.0,0.0,8.066580772399902,-1287.02001953125,-1284.0,64.75877380371094,-1396.6600341796875,-1385.4000244140625,-1372.199951171875,-1338.5,-1284.0,-1229.75,-1208.5999755859375,-1202.4000244140625,-1174.6400146484375
15302,-1287.02001953125,0.0,0.0,8.060507774353027,-1287.02001953125,-1284.0,64.75877380371094,-1396.6600341796875,-1385.4000244140625,-1372.199951171875,-1338.5,-1284.0,-1229.75,-1208.5999755859375,-1202.4000244140625,-1174.6400146484375
15309,-1287.02001953125,0.0,0.0,8.05151081085205,-1287.02001953125,-1284.0,64.75877380371094,-1396.6600341796875,-1385.4000244140625,-1372.199951171875,-1338.5,-1284.0,-1229.75,-1208.5999755859375,-1202.4000244140625,-1174.6400146484375
15316,-1287.02001953125,0.0,0.0,8.055022239685059,-1287.02001953125,-1284.0,64.75877380371094,-1396.6600341796875,-1385.4000244140625,-1372.199951171875,-1338.5,-1284.0,-1229.75,-1208.5999755859375,-1202.4000244140625,-1174.6400146484375
15323,-1287.02001953125,0.0,0.0,8.049226760864258,-1287.02001953125,-1284.0,64.75877380371094,-1396.6600341796875,-1385.4000244140625,-1372.199951171875,-1338.5,-1284.0,-1229.75,-1208.5999755859375,-1202.4000244140625,-1174.6400146484375
15330,-1287.02001953125,0.0,0.0,8.040694236755371,-1287.02001953125,-1284.0,64.75877380371094,-1396.6600341796875,-1385.4000244140625,-1372.199951171875,-1338.5,-1284.0,-1229.75,-1208.5999755859375,-1202.4000244140625,-1174.6400146484375
15337,-1287.02001953125,0.0,0.0,8.034281730651855,-1287.02001953125,-1284.0,64.75877380371094,-1396.6600341796875,-1385.4000244140625,-1372.199951171875,-1338.5,-1284.0,-1229.75,-1208.5999755859375,-1202.4000244140625,-1174.6400146484375
15344,-1287.02001953125,0.0,0.0,8.02915096282959,-1287.02001953125,-1284.0,64.75877380371094,-1396.6600341796875,-1385.4000244140625,-1372.199951171875,-1338.5,-1284.0,-1229.75,-1208.5999755859375,-1202.4000244140625,-1174.6400146484375
15351,-1287.02001953125,0.0,0.0,8.021388053894043,-1287.02001953125,-1284.0,64.75877380371094,-1396.6600341796875,-1385.4000244140625,-1372.199951171875,-1338.5,-1284.0,-1229.75,-1208.5999755859375,-1202.4000244140625,-1174.6400146484375
15358,-1287.02001953125,0.0,0.0,8.010194778442383,-1287.02001953125,-1284.0,64.75877380371094,-1396.6600341796875,-1385.4000244140625,-1372.199951171875,-1338.5,-1284.0,-1229.75,-1208.5999755859375,-1202.4000244140625,-1174.6400146484375
15365,-1287.0399169921875,0.0,0.0,8.003579139709473,-1287.0400390625,-1284.0,64.71644592285156,-1396.6600341796875,-1385.4000244140625,-1372.199951171875,-1338.5,-1284.0,-1229.75,-1208.5999755859375,-1202.4000244140625,-1174.6400146484375
15372,-1287.0399169921875,0.0,0.0,7.991994380950928,-1287.0400390625,-1284.0,64.71644592285156,-1396.6600341796875,-1385.4000244140625,-1372.199951171875,-1338.5,-1284.0,-1229.75,-1208.5999755859375,-1202.4000244140625,-1174.6400146484375
15379,-1287.0599365234375,0.0,0.0,7.978486061096191,-1287.06005859375,-1284.0,64.67469787597656,-1396.6600341796875,-1385.4000244140625,-1372.199951171875,-1338.5,-1284.0,-1229.75,-1208.5999755859375,-1202.4000244140625,-1174.6400146484375
15386,-1287.0799560546875,0.0,0.0,7.973818302154541,-1287.0799560546875,-1284.0,64.66446685791016,-1396.6600341796875,-1385.4000244140625,-1372.199951171875,-1338.5,-1284.0,-1229.75,-1208.5999755859375,-1202.4000244140625,-1174.6400146484375
15393,-1287.0799560546875,0.0,0.0,7.973763465881348,-1287.0799560546875,-1284.0,64.66446685791016,-1396.6600341796875,-1385.4000244140625,-1372.199951171875,-1338.5,-1284.0,-1229.75,-1208.5999755859375,-1202.4000244140625,-1174.6400146484375
15400,-1287.0799560546875,0.0,0.0,7.9695611000061035,-1287.0799560546875,-1284.0,64.66446685791016,-1396.6600341796875,-1385.4000244140625,-1372.199951171875,-1338.5,-1284.0,-1229.75,-1208.5999755859375,-1202.4000244140625,-1174.6400146484375
15407,-1287.0799560546875,0.0,0.0,7.965483665466309,-1287.0799560546875,-1284.0,64.66446685791016,-1396.6600341796875,-1385.4000244140625,-1372.199951171875,-1338.5,-1284.0,-1229.75,-1208.5999755859375,-1202.4000244140625,-1174.6400146484375
15414,-1287.0799560546875,0.0,0.0,7.952347278594971,-1287.0799560546875,-1284.0,64.66446685791016,-1396.6600341796875,-1385.4000244140625,-1372.199951171875,-1338.5,-1284.0,-1229.75,-1208.5999755859375,-1202.4000244140625,-1174.6400146484375
15421,-1287.0799560546875,0.0,0.0,7.9516472816467285,-1287.0799560546875,-1284.0,64.66446685791016,-1396.6600341796875,-1385.4000244140625,-1372.199951171875,-1338.5,-1284.0,-1229.75,-1208.5999755859375,-1202.4000244140625,-1174.6400146484375
15428,-1287.0799560546875,0.0,0.0,7.945767879486084,-1287.0799560546875,-1284.0,64.66446685791016,-1396.6600341796875,-1385.4000244140625,-1372.199951171875,-1338.5,-1284.0,-1229.75,-1208.5999755859375,-1202.4000244140625,-1174.6400146484375
15435,-1287.0799560546875,0.0,0.0,7.937829971313477,-1287.0799560546875,-1284.0,64.66446685791016,-1396.6600341796875,-1385.4000244140625,-1372.199951171875,-1338.5,-1284.0,-1229.75,-1208.5999755859375,-1202.4000244140625,-1174.6400146484375
15442,-1287.0799560546875,0.0,0.0,7.934632301330566,-1287.0799560546875,-1284.0,64.66446685791016,-1396.6600341796875,-1385.4000244140625,-1372.199951171875,-1338.5,-1284.0,-1229.75,-1208.5999755859375,-1202.4000244140625,-1174.6400146484375
15449,-1287.0799560546875,0.0,0.0,7.924515724182129,-1287.0799560546875,-1284.0,64.66446685791016,-1396.6600341796875,-1385.4000244140625,-1372.199951171875,-1338.5,-1284.0,-1229.75,-1208.5999755859375,-1202.4000244140625,-1174.6400146484375
15456,-1287.0799560546875,0.0,0.0,7.916454792022705,-1287.0799560546875,-1284.0,64.66446685791016,-1396.6600341796875,-1385.4000244140625,-1372.199951171875,-1338.5,-1284.0,-1229.75,-1208.5999755859375,-1202.4000244140625,-1174.6400146484375
15463,-1287.0799560546875,0.0,0.0,7.911221981048584,-1287.0799560546875,-1284.0,64.66446685791016,-1396.6600341796875,-1385.4000244140625,-1372.199951171875,-1338.5,-1284.0,-1229.75,-1208.5999755859375,-1202.4000244140625,-1174.6400146484375
15470,-1287.0799560546875,0.0,0.0,7.911851406097412,-1287.0799560546875,-1284.0,64.66446685791016,-1396.6600341796875,-1385.4000244140625,-1372.199951171875,-1338.5,-1284.0,-1229.75,-1208.5999755859375,-1202.4000244140625,-1174.6400146484375
15477,-1287.0799560546875,0.0,0.0,7.908743858337402,-1287.0799560546875,-1284.0,64.66446685791016,-1396.6600341796875,-1385.4000244140625,-1372.199951171875,-1338.5,-1284.0,-1229.75,-1208.5999755859375,-1202.4000244140625,-1174.6400146484375
15484,-1287.0999755859375,0.0,0.0,7.9145402908325195,-1287.0999755859375,-1284.0,64.6891860961914,-1396.6600341796875,-1385.4000244140625,-1372.199951171875,-1338.5,-1284.0,-1229.75,-1208.5999755859375,-1202.4000244140625,-1174.6400146484375
15491,-1287.0999755859375,0.0,0.0,7.910130500793457,-1287.0999755859375,-1284.0,64.6891860961914,-1396.6600341796875,-1385.4000244140625,-1372.199951171875,-1338.5,-1284.0,-1229.75,-1208.5999755859375,-1202.4000244140625,-1174.6400146484375
15498,-1287.0999755859375,0.0,0.0,7.90256929397583,-1287.0999755859375,-1284.0,64.6891860961914,-1396.6600341796875,-1385.4000244140625,-1372.199951171875,-1338.5,-1284.0,-1229.75,-1208.5999755859375,-1202.4000244140625,-1174.6400146484375
15505,-1287.1199951171875,0.0,0.0,7.896931171417236,-1287.1199951171875,-1284.0,64.67554473876953,-1396.6600341796875,-1385.4000244140625,-1372.199951171875,-1338.5,-1284.0,-1229.75,-1208.5999755859375,-1202.4000244140625,-1174.6400146484375
15512,-1287.1199951171875,0.0,0.0,7.891851425170898,-1287.1199951171875,-1284.0,64.67554473876953,-1396.6600341796875,-1385.4000244140625,-1372.199951171875,-1338.5,-1284.0,-1229.75,-1208.5999755859375,-1202.4000244140625,-1174.6400146484375
15519,-1287.1199951171875,0.0,0.0,7.89630651473999,-1287.1199951171875,-1284.0,64.67554473876953,-1396.6600341796875,-1385.4000244140625,-1372.199951171875,-1338.5,-1284.0,-1229.75,-1208.5999755859375,-1202.4000244140625,-1174.6400146484375
15526,-1287.1199951171875,0.0,0.0,7.894921779632568,-1287.1199951171875,-1284.0,64.67554473876953,-1396.6600341796875,-1385.4000244140625,-1372.199951171875,-1338.5,-1284.0,-1229.75,-1208.5999755859375,-1202.4000244140625,-1174.6400146484375
15533,-1287.1199951171875,0.0,0.0,7.892070293426514,-1287.1199951171875,-1284.0,64.67554473876953,-1396.6600341796875,-1385.4000244140625,-1372.199951171875,-1338.5,-1284.0,-1229.75,-1208.5999755859375,-1202.4000244140625,-1174.6400146484375
15540,-1287.1199951171875,0.0,0.0,7.886071681976318,-1287.1199951171875,-1284.0,64.67554473876953,-1396.6600341796875,-1385.4000244140625,-1372.199951171875,-1338.5,-1284.0,-1229.75,-1208.5999755859375,-1202.4000244140625,-1174.6400146484375
15547,-1287.1199951171875,0.0,0.0,7.877274513244629,-1287.1199951171875,-1284.0,64.67554473876953,-1396.6600341796875,-1385.4000244140625,-1372.199951171875,-1338.5,-1284.0,-1229.75,-1208.5999755859375,-1202.4000244140625,-1174.6400146484375
15554,-1287.1199951171875,0.0,0.0,7.879785060882568,-1287.1199951171875,-1284.0,64.67554473876953,-1396.6600341796875,-1385.4000244140625,-1372.199951171875,-1338.5,-1284.0,-1229.75,-1208.5999755859375,-1202.4000244140625,-1174.6400146484375
15561,-1287.1199951171875,0.0,0.0,7.882334232330322,-1287.1199951171875,-1284.0,64.67554473876953,-1396.6600341796875,-1385.4000244140625,-1372.199951171875,-1338.5,-1284.0,-1229.75,-1208.5999755859375,-1202.4000244140625,-1174.6400146484375
15568,-1287.1199951171875,0.0,0.0,7.8719162940979,-1287.1199951171875,-1284.0,64.67554473876953,-1396.6600341796875,-1385.4000244140625,-1372.199951171875,-1338.5,-1284.0,-1229.75,-1208.5999755859375,-1202.4000244140625,-1174.6400146484375
15575,-1287.1199951171875,0.0,0.0,7.86745548248291,-1287.1199951171875,-1284.0,64.67554473876953,-1396.6600341796875,-1385.4000244140625,-1372.199951171875,-1338.5,-1284.0,-1229.75,-1208.5999755859375,-1202.4000244140625,-1174.6400146484375
15582,-1287.1199951171875,0.0,0.0,7.866949081420898,-1287.1199951171875,-1284.0,64.67554473876953,-1396.6600341796875,-1385.4000244140625,-1372.199951171875,-1338.5,-1284.0,-1229.75,-1208.5999755859375,-1202.4000244140625,-1174.6400146484375
15589,-1287.1199951171875,0.0,0.0,7.862586498260498,-1287.1199951171875,-1284.0,64.67554473876953,-1396.6600341796875,-1385.4000244140625,-1372.199951171875,-1338.5,-1284.0,-1229.75,-1208.5999755859375,-1202.4000244140625,-1174.6400146484375
15596,-1287.1199951171875,0.0,0.0,7.863057613372803,-1287.1199951171875,-1284.0,64.67554473876953,-1396.6600341796875,-1385.4000244140625,-1372.199951171875,-1338.5,-1284.0,-1229.75,-1208.5999755859375,-1202.4000244140625,-1174.6400146484375
15603,-1287.1199951171875,0.0,0.0,7.862559795379639,-1287.1199951171875,-1284.0,64.67554473876953,-1396.6600341796875,-1385.4000244140625,-1372.199951171875,-1338.5,-1284.0,-1229.75,-1208.5999755859375,-1202.4000244140625,-1174.6400146484375
15610,-1287.1199951171875,0.0,0.0,7.862926006317139,-1287.1199951171875,-1284.0,64.67554473876953,-1396.6600341796875,-1385.4000244140625,-1372.199951171875,-1338.5,-1284.0,-1229.75,-1208.5999755859375,-1202.4000244140625,-1174.6400146484375
15617,-1287.1199951171875,0.0,0.0,7.860030174255371,-1287.1199951171875,-1284.0,64.67554473876953,-1396.6600341796875,-1385.4000244140625,-1372.199951171875,-1338.5,-1284.0,-1229.75,-1208.5999755859375,-1202.4000244140625,-1174.6400146484375
15624,-1287.1199951171875,0.0,0.0,7.8553948402404785,-1287.1199951171875,-1284.0,64.67554473876953,-1396.6600341796875,-1385.4000244140625,-1372.199951171875,-1338.5,-1284.0,-1229.75,-1208.5999755859375,-1202.4000244140625,-1174.6400146484375
15631,-1287.1199951171875,0.0,0.0,7.847329139709473,-1287.1199951171875,-1284.0,64.67554473876953,-1396.6600341796875,-1385.4000244140625,-1372.199951171875,-1338.5,-1284.0,-1229.75,-1208.5999755859375,-1202.4000244140625,-1174.6400146484375
15638,-1287.1199951171875,0.0,0.0,7.842854976654053,-1287.1199951171875,-1284.0,64.67554473876953,-1396.6600341796875,-1385.4000244140625,-1372.199951171875,-1338.5,-1284.0,-1229.75,-1208.5999755859375,-1202.4000244140625,-1174.6400146484375
15645,-1287.1199951171875,0.0,0.0,7.844635009765625,-1287.1199951171875,-1284.0,64.67554473876953,-1396.6600341796875,-1385.4000244140625,-1372.199951171875,-1338.5,-1284.0,-1229.75,-1208.5999755859375,-1202.4000244140625,-1174.6400146484375
15652,-1287.1199951171875,0.0,0.0,7.84619140625,-1287.1199951171875,-1284.0,64.67554473876953,-1396.6600341796875,-1385.4000244140625,-1372.199951171875,-1338.5,-1284.0,-1229.75,-1208.5999755859375,-1202.4000244140625,-1174.6400146484375
15659,-1287.1199951171875,0.0,0.0,7.840128421783447,-1287.1199951171875,-1284.0,64.67554473876953,-1396.6600341796875,-1385.4000244140625,-1372.199951171875,-1338.5,-1284.0,-1229.75,-1208.5999755859375,-1202.4000244140625,-1174.6400146484375
15666,-1287.1199951171875,0.0,0.0,7.844203948974609,-1287.1199951171875,-1284.0,64.67554473876953,-1396.6600341796875,-1385.4000244140625,-1372.199951171875,-1338.5,-1284.0,-1229.75,-1208.5999755859375,-1202.4000244140625,-1174.6400146484375
15673,-1287.1199951171875,0.0,0.0,7.843713283538818,-1287.1199951171875,-1284.0,64.67554473876953,-1396.6600341796875,-1385.4000244140625,-1372.199951171875,-1338.5,-1284.0,-1229.75,-1208.5999755859375,-1202.4000244140625,-1174.6400146484375
15680,-1287.1199951171875,0.0,0.0,7.844881534576416,-1287.1199951171875,-1284.0,64.67554473876953,-1396.6600341796875,-1385.4000244140625,-1372.199951171875,-1338.5,-1284.0,-1229.75,-1208.5999755859375,-1202.4000244140625,-1174.6400146484375
15687,-1287.1199951171875,0.0,0.0,7.8396759033203125,-1287.1199951171875,-1284.0,64.67554473876953,-1396.6600341796875,-1385.4000244140625,-1372.199951171875,-1338.5,-1284.0,-1229.75,-1208.5999755859375,-1202.4000244140625,-1174.6400146484375
15694,-1287.1199951171875,0.0,0.0,7.833198070526123,-1287.1199951171875,-1284.0,64.67554473876953,-1396.6600341796875,-1385.4000244140625,-1372.199951171875,-1338.5,-1284.0,-1229.75,-1208.5999755859375,-1202.4000244140625,-1174.6400146484375
15701,-1287.1199951171875,0.0,0.0,7.829050540924072,-1287.1199951171875,-1284.0,64.67554473876953,-1396.6600341796875,-1385.4000244140625,-1372.199951171875,-1338.5,-1284.0,-1229.75,-1208.5999755859375,-1202.4000244140625,-1174.6400146484375
15708,-1287.1199951171875,0.0,0.0,7.820332050323486,-1287.1199951171875,-1284.0,64.67554473876953,-1396.6600341796875,-1385.4000244140625,-1372.199951171875,-1338.5,-1284.0,-1229.75,-1208.5999755859375,-1202.4000244140625,-1174.6400146484375
15715,-1287.1400146484375,0.0,0.0,7.8219828605651855,-1287.1400146484375,-1284.0,64.69312286376953,-1396.6600341796875,-1385.4000244140625,-1372.199951171875,-1338.75,-1284.0,-1229.75,-1208.5999755859375,-1202.4000244140625,-1174.6400146484375
15722,-1287.1400146484375,0.0,0.0,7.81511926651001,-1287.1400146484375,-1284.0,64.69312286376953,-1396.6600341796875,-1385.4000244140625,-1372.199951171875,-1338.75,-1284.0,-1229.75,-1208.5999755859375,-1202.4000244140625,-1174.6400146484375
15729,-1287.1400146484375,0.0,0.0,7.807621955871582,-1287.1400146484375,-1284.0,64.69312286376953,-1396.6600341796875,-1385.4000244140625,-1372.199951171875,-1338.75,-1284.0,-1229.75,-1208.5999755859375,-1202.4000244140625,-1174.6400146484375
15736,-1287.179931640625,0.0,0.0,7.797673225402832,-1287.1800537109375,-1284.0,64.64353942871094,-1396.6600341796875,-1385.4000244140625,-1372.199951171875,-1338.75,-1284.0,-1229.75,-1209.0,-1202.4000244140625,-1174.6400146484375
15743,-1287.179931640625,0.0,0.0,7.796314716339111,-1287.1800537109375,-1284.0,64.64353942871094,-1396.6600341796875,-1385.4000244140625,-1372.199951171875,-1338.75,-1284.0,-1229.75,-1209.0,-1202.4000244140625,-1174.6400146484375
15750,-1287.179931640625,0.0,0.0,7.792435169219971,-1287.1800537109375,-1284.0,64.64353942871094,-1396.6600341796875,-1385.4000244140625,-1372.199951171875,-1338.75,-1284.0,-1229.75,-1209.0,-1202.4000244140625,-1174.6400146484375
15757,-1287.179931640625,0.0,0.0,7.792350769042969,-1287.1800537109375,-1284.0,64.64353942871094,-1396.6600341796875,-1385.4000244140625,-1372.199951171875,-1338.75,-1284.0,-1229.75,-1209.0,-1202.4000244140625,-1174.6400146484375
15764,-1287.179931640625,0.0,0.0,7.791475772857666,-1287.1800537109375,-1284.0,64.64353942871094,-1396.6600341796875,-1385.4000244140625,-1372.199951171875,-1338.75,-1284.0,-1229.75,-1209.0,-1202.4000244140625,-1174.6400146484375
15771,-1287.179931640625,0.0,0.0,7.794007778167725,-1287.1800537109375,-1284.0,64.64353942871094,-1396.6600341796875,-1385.4000244140625,-1372.199951171875,-1338.75,-1284.0,-1229.75,-1209.0,-1202.4000244140625,-1174.6400146484375
15778,-1287.179931640625,0.0,0.0,7.7921061515808105,-1287.1800537109375,-1284.0,64.64353942871094,-1396.6600341796875,-1385.4000244140625,-1372.199951171875,-1338.75,-1284.0,-1229.75,-1209.0,-1202.4000244140625,-1174.6400146484375
15785,-1287.179931640625,0.0,0.0,7.7832350730896,-1287.1800537109375,-1284.0,64.64353942871094,-1396.6600341796875,-1385.4000244140625,-1372.199951171875,-1338.75,-1284.0,-1229.75,-1209.0,-1202.4000244140625,-1174.6400146484375
15792,-1287.179931640625,0.0,0.0,7.771371841430664,-1287.1800537109375,-1284.0,64.64353942871094,-1396.6600341796875,-1385.4000244140625,-1372.199951171875,-1338.75,-1284.0,-1229.75,-1209.0,-1202.4000244140625,-1174.6400146484375
15799,-1287.179931640625,0.0,0.0,7.761546611785889,-1287.1800537109375,-1284.0,64.64353942871094,-1396.6600341796875,-1385.4000244140625,-1372.199951171875,-1338.75,-1284.0,-1229.75,-1209.0,-1202.4000244140625,-1174.6400146484375
15806,-1287.179931640625,0.0,0.0,7.758362293243408,-1287.1800537109375,-1284.0,64.64353942871094,-1396.6600341796875,-1385.4000244140625,-1372.199951171875,-1338.75,-1284.0,-1229.75,-1209.0,-1202.4000244140625,-1174.6400146484375
15813,-1287.179931640625,0.0,0.0,7.753013610839844,-1287.1800537109375,-1284.0,64.64353942871094,-1396.6600341796875,-1385.4000244140625,-1372.199951171875,-1338.75,-1284.0,-1229.75,-1209.0,-1202.4000244140625,-1174.6400146484375
15820,-1287.179931640625,0.0,0.0,7.74560546875,-1287.1800537109375,-1284.0,64.64353942871094,-1396.6600341796875,-1385.4000244140625,-1372.199951171875,-1338.75,-1284.0,-1229.75,-1209.0,-1202.4000244140625,-1174.6400146484375
15827,-1287.179931640625,0.0,0.0,7.744740009307861,-1287.1800537109375,-1284.0,64.64353942871094,-1396.6600341796875,-1385.4000244140625,-1372.199951171875,-1338.75,-1284.0,-1229.75,-1209.0,-1202.4000244140625,-1174.6400146484375
15834,-1287.179931640625,0.0,0.0,7.73629903793335,-1287.1800537109375,-1284.0,64.64353942871094,-1396.6600341796875,-1385.4000244140625,-1372.199951171875,-1338.75,-1284.0,-1229.75,-1209.0,-1202.4000244140625,-1174.6400146484375
15841,-1287.179931640625,0.0,0.0,7.741248607635498,-1287.1800537109375,-1284.0,64.64353942871094,-1396.6600341796875,-1385.4000244140625,-1372.199951171875,-1338.75,-1284.0,-1229.75,-1209.0,-1202.4000244140625,-1174.6400146484375
15848,-1287.179931640625,0.0,0.0,7.734565258026123,-1287.1800537109375,-1284.0,64.64353942871094,-1396.6600341796875,-1385.4000244140625,-1372.199951171875,-1338.75,-1284.0,-1229.75,-1209.0,-1202.4000244140625,-1174.6400146484375
15855,-1287.199951171875,0.0,0.0,7.741818904876709,-1287.199951171875,-1284.0,64.64131927490234,-1396.6600341796875,-1385.4000244140625,-1372.199951171875,-1338.75,-1284.0,-1229.75,-1209.0,-1202.4000244140625,-1174.6400146484375
15862,-1287.199951171875,0.0,0.0,7.737433910369873,-1287.199951171875,-1284.0,64.64131927490234,-1396.6600341796875,-1385.4000244140625,-1372.199951171875,-1338.75,-1284.0,-1229.75,-1209.0,-1202.4000244140625,-1174.6400146484375
15869,-1287.199951171875,0.0,0.0,7.726276874542236,-1287.199951171875,-1284.0,64.64131927490234,-1396.6600341796875,-1385.4000244140625,-1372.199951171875,-1338.75,-1284.0,-1229.75,-1209.0,-1202.4000244140625,-1174.6400146484375
15876,-1287.199951171875,0.0,0.0,7.724738121032715,-1287.199951171875,-1284.0,64.64131927490234,-1396.6600341796875,-1385.4000244140625,-1372.199951171875,-1338.75,-1284.0,-1229.75,-1209.0,-1202.4000244140625,-1174.6400146484375
15883,-1287.199951171875,0.0,0.0,7.725742816925049,-1287.199951171875,-1284.0,64.64131927490234,-1396.6600341796875,-1385.4000244140625,-1372.199951171875,-1338.75,-1284.0,-1229.75,-1209.0,-1202.4000244140625,-1174.6400146484375
15890,-1287.199951171875,0.0,0.0,7.725159168243408,-1287.199951171875,-1284.0,64.64131927490234,-1396.6600341796875,-1385.4000244140625,-1372.199951171875,-1338.75,-1284.0,-1229.75,-1209.0,-1202.4000244140625,-1174.6400146484375
15897,-1287.199951171875,0.0,0.0,7.718388557434082,-1287.199951171875,-1284.0,64.64131927490234,-1396.6600341796875,-1385.4000244140625,-1372.199951171875,-1338.75,-1284.0,-1229.75,-1209.0,-1202.4000244140625,-1174.6400146484375
15904,-1287.199951171875,0.0,0.0,7.715188980102539,-1287.199951171875,-1284.0,64.64131927490234,-1396.6600341796875,-1385.4000244140625,-1372.199951171875,-1338.75,-1284.0,-1229.75,-1209.0,-1202.4000244140625,-1174.6400146484375
15911,-1287.199951171875,0.0,0.0,7.714522361755371,-1287.199951171875,-1284.0,64.64131927490234,-1396.6600341796875,-1385.4000244140625,-1372.199951171875,-1338.75,-1284.0,-1229.75,-1209.0,-1202.4000244140625,-1174.6400146484375
15918,-1287.199951171875,0.0,0.0,7.712932586669922,-1287.199951171875,-1284.0,64.64131927490234,-1396.6600341796875,-1385.4000244140625,-1372.199951171875,-1338.75,-1284.0,-1229.75,-1209.0,-1202.4000244140625,-1174.6400146484375
15925,-1287.199951171875,0.0,0.0,7.709228515625,-1287.199951171875,-1284.0,64.64131927490234,-1396.6600341796875,-1385.4000244140625,-1372.199951171875,-1338.75,-1284.0,-1229.75,-1209.0,-1202.4000244140625,-1174.6400146484375
15932,-1287.199951171875,0.0,0.0,7.708457946777344,-1287.199951171875,-1284.0,64.64131927490234,-1396.6600341796875,-1385.4000244140625,-1372.199951171875,-1338.75,-1284.0,-1229.75,-1209.0,-1202.4000244140625,-1174.6400146484375
15939,-1287.199951171875,0.0,0.0,7.695010185241699,-1287.199951171875,-1284.0,64.64131927490234,-1396.6600341796875,-1385.4000244140625,-1372.199951171875,-1338.75,-1284.0,-1229.75,-1209.0,-1202.4000244140625,-1174.6400146484375
15946,-1287.219970703125,0.0,0.0,7.693774223327637,-1287.219970703125,-1284.0,64.65950775146484,-1396.6600341796875,-1385.4000244140625,-1372.199951171875,-1338.75,-1284.0,-1229.75,-1209.0,-1202.4000244140625,-1174.6400146484375
15953,-1287.219970703125,0.0,0.0,7.692902565002441,-1287.219970703125,-1284.0,64.65950775146484,-1396.6600341796875,-1385.4000244140625,-1372.199951171875,-1338.75,-1284.0,-1229.75,-1209.0,-1202.4000244140625,-1174.6400146484375
15960,-1287.239990234375,0.0,0.0,7.687045097351074,-1287.239990234375,-1284.0,64.68045806884766,-1396.6600341796875,-1385.4000244140625,-1372.199951171875,-1338.75,-1284.0,-1229.75,-1209.0,-1202.4000244140625,-1174.6400146484375
15967,-1287.280029296875,0.0,0.0,7.687594413757324,-1287.280029296875,-1284.0,64.67288208007812,-1396.6600341796875,-1385.4000244140625,-1372.199951171875,-1338.75,-1284.0,-1229.75,-1209.0,-1202.4000244140625,-1174.6400146484375
15974,-1287.280029296875,0.0,0.0,7.677811622619629,-1287.280029296875,-1284.0,64.67288208007812,-1396.6600341796875,-1385.4000244140625,-1372.199951171875,-1338.75,-1284.0,-1229.75,-1209.0,-1202.4000244140625,-1174.6400146484375
15981,-1287.2999267578125,0.0,0.0,7.6697001457214355,-1287.300048828125,-1284.0,64.67835998535156,-1396.6600341796875,-1385.4000244140625,-1372.199951171875,-1338.75,-1284.0,-1229.75,-1209.0,-1202.4000244140625,-1174.6400146484375
15988,-1287.2999267578125,0.0,0.0,7.661237716674805,-1287.300048828125,-1284.0,64.67835998535156,-1396.6600341796875,-1385.4000244140625,-1372.199951171875,-1338.75,-1284.0,-1229.75,-1209.0,-1202.4000244140625,-1174.6400146484375
15995,-1287.2999267578125,0.0,0.0,7.659054279327393,-1287.300048828125,-1284.0,64.67835998535156,-1396.6600341796875,-1385.4000244140625,-1372.199951171875,-1338.75,-1284.0,-1229.75,-1209.0,-1202.4000244140625,-1174.6400146484375
16002,-1287.2999267578125,0.0,0.0,7.654242992401123,-1287.300048828125,-1284.0,64.67835998535156,-1396.6600341796875,-1385.4000244140625,-1372.199951171875,-1338.75,-1284.0,-1229.75,-1209.0,-1202.4000244140625,-1174.6400146484375
16009,-1287.3199462890625,0.0,0.0,7.653170108795166,-1287.3199462890625,-1284.0,64.69959259033203,-1396.6600341796875,-1385.4000244140625,-1372.199951171875,-1338.75,-1284.0,-1229.75,-1209.0,-1202.4000244140625,-1174.6400146484375
16016,-1287.3199462890625,0.0,0.0,7.650764465332031,-1287.3199462890625,-1284.0,64.69959259033203,-1396.6600341796875,-1385.4000244140625,-1372.199951171875,-1338.75,-1284.0,-1229.75,-1209.0,-1202.4000244140625,-1174.6400146484375
16023,-1287.3199462890625,0.0,0.0,7.644043922424316,-1287.3199462890625,-1284.0,64.69959259033203,-1396.6600341796875,-1385.4000244140625,-1372.199951171875,-1338.75,-1284.0,-1229.75,-1209.0,-1202.4000244140625,-1174.6400146484375
16030,-1287.3199462890625,0.0,0.0,7.639259338378906,-1287.3199462890625,-1284.0,64.69959259033203,-1396.6600341796875,-1385.4000244140625,-1372.199951171875,-1338.75,-1284.0,-1229.75,-1209.0,-1202.4000244140625,-1174.6400146484375
16037,-1287.3199462890625,0.0,0.0,7.637645244598389,-1287.3199462890625,-1284.0,64.69959259033203,-1396.6600341796875,-1385.4000244140625,-1372.199951171875,-1338.75,-1284.0,-1229.75,-1209.0,-1202.4000244140625,-1174.6400146484375
16044,-1287.3399658203125,0.0,0.0,7.638450622558594,-1287.3399658203125,-1284.0,64.67630004882812,-1396.6600341796875,-1385.4000244140625,-1372.199951171875,-1338.75,-1284.0,-1229.75,-1209.0,-1202.4000244140625,-1174.6400146484375
16051,-1287.3399658203125,0.0,0.0,7.633312702178955,-1287.3399658203125,-1284.0,64.67630004882812,-1396.6600341796875,-1385.4000244140625,-1372.199951171875,-1338.75,-1284.0,-1229.75,-1209.0,-1202.4000244140625,-1174.6400146484375
16058,-1287.3399658203125,0.0,0.0,7.627213954925537,-1287.3399658203125,-1284.0,64.67630004882812,-1396.6600341796875,-1385.4000244140625,-1372.199951171875,-1338.75,-1284.0,-1229.75,-1209.0,-1202.4000244140625,-1174.6400146484375
16065,-1287.3399658203125,0.0,0.0,7.62542200088501,-1287.3399658203125,-1284.0,64.67630004882812,-1396.6600341796875,-1385.4000244140625,-1372.199951171875,-1338.75,-1284.0,-1229.75,-1209.0,-1202.4000244140625,-1174.6400146484375
16072,-1287.3399658203125,0.0,0.0,7.61403226852417,-1287.3399658203125,-1284.0,64.67630004882812,-1396.6600341796875,-1385.4000244140625,-1372.199951171875,-1338.75,-1284.0,-1229.75,-1209.0,-1202.4000244140625,-1174.6400146484375
16079,-1287.3399658203125,0.0,0.0,7.607949256896973,-1287.3399658203125,-1284.0,64.67630004882812,-1396.6600341796875,-1385.4000244140625,-1372.199951171875,-1338.75,-1284.0,-1229.75,-1209.0,-1202.4000244140625,-1174.6400146484375
16086,-1287.3399658203125,0.0,0.0,7.607119083404541,-1287.3399658203125,-1284.0,64.67630004882812,-1396.6600341796875,-1385.4000244140625,-1372.199951171875,-1338.75,-1284.0,-1229.75,-1209.0,-1202.4000244140625,-1174.6400146484375
16093,-1287.3399658203125,0.0,0.0,7.6069841384887695,-1287.3399658203125,-1284.0,64.67630004882812,-1396.6600341796875,-1385.4000244140625,-1372.199951171875,-1338.75,-1284.0,-1229.75,-1209.0,-1202.4000244140625,-1174.6400146484375
16100,-1287.3399658203125,0.0,0.0,7.605804443359375,-1287.3399658203125,-1284.0,64.67630004882812,-1396.6600341796875,-1385.4000244140625,-1372.199951171875,-1338.75,-1284.0,-1229.75,-1209.0,-1202.4000244140625,-1174.6400146484375
16107,-1287.3399658203125,0.0,0.0,7.607341289520264,-1287.3399658203125,-1284.0,64.67630004882812,-1396.6600341796875,-1385.4000244140625,-1372.199951171875,-1338.75,-1284.0,-1229.75,-1209.0,-1202.4000244140625,-1174.6400146484375
16114,-1287.3399658203125,0.0,0.0,7.59772253036499,-1287.3399658203125,-1284.0,64.67630004882812,-1396.6600341796875,-1385.4000244140625,-1372.199951171875,-1338.75,-1284.0,-1229.75,-1209.0,-1202.4000244140625,-1174.6400146484375
16121,-1287.3399658203125,0.0,0.0,7.600144863128662,-1287.3399658203125,-1284.0,64.67630004882812,-1396.6600341796875,-1385.4000244140625,-1372.199951171875,-1338.75,-1284.0,-1229.75,-1209.0,-1202.4000244140625,-1174.6400146484375
16128,-1287.3399658203125,0.0,0.0,7.593980312347412,-1287.3399658203125,-1284.0,64.67630004882812,-1396.6600341796875,-1385.4000244140625,-1372.199951171875,-1338.75,-1284.0,-1229.75,-1209.0,-1202.4000244140625,-1174.6400146484375
16135,-1287.3399658203125,0.0,0.0,7.592026233673096,-1287.3399658203125,-1284.0,64.67630004882812,-1396.6600341796875,-1385.4000244140625,-1372.199951171875,-1338.75,-1284.0,-1229.75,-1209.0,-1202.4000244140625,-1174.6400146484375
16142,-1287.3399658203125,0.0,0.0,7.584102153778076,-1287.3399658203125,-1284.0,64.67630004882812,-1396.6600341796875,-1385.4000244140625,-1372.199951171875,-1338.75,-1284.0,-1229.75,-1209.0,-1202.4000244140625,-1174.6400146484375
16149,-1287.3399658203125,0.0,0.0,7.574116230010986,-1287.3399658203125,-1284.0,64.67630004882812,-1396.6600341796875,-1385.4000244140625,-1372.199951171875,-1338.75,-1284.0,-1229.75,-1209.0,-1202.4000244140625,-1174.6400146484375
16156,-1287.3399658203125,0.0,0.0,7.565220832824707,-1287.3399658203125,-1284.0,64.67630004882812,-1396.6600341796875,-1385.4000244140625,-1372.199951171875,-1338.75,-1284.0,-1229.75,-1209.0,-1202.4000244140625,-1174.6400146484375
16163,-1287.3399658203125,0.0,0.0,7.564806938171387,-1287.3399658203125,-1284.0,64.67630004882812,-1396.6600341796875,-1385.4000244140625,-1372.199951171875,-1338.75,-1284.0,-1229.75,-1209.0,-1202.4000244140625,-1174.6400146484375
16170,-1287.3399658203125,0.0,0.0,7.55802583694458,-1287.3399658203125,-1284.0,64.67630004882812,-1396.6600341796875,-1385.4000244140625,-1372.199951171875,-1338.75,-1284.0,-1229.75,-1209.0,-1202.4000244140625,-1174.6400146484375
16177,-1287.3399658203125,0.0,0.0,7.554535388946533,-1287.3399658203125,-1284.0,64.67630004882812,-1396.6600341796875,-1385.4000244140625,-1372.199951171875,-1338.75,-1284.0,-1229.75,-1209.0,-1202.4000244140625,-1174.6400146484375
16184,-1287.3399658203125,0.0,0.0,7.552603721618652,-1287.3399658203125,-1284.0,64.67630004882812,-1396.6600341796875,-1385.4000244140625,-1372.199951171875,-1338.75,-1284.0,-1229.75,-1209.0,-1202.4000244140625,-1174.6400146484375
16191,-1287.3399658203125,0.0,0.0,7.547507286071777,-1287.3399658203125,-1284.0,64.67630004882812,-1396.6600341796875,-1385.4000244140625,-1372.199951171875,-1338.75,-1284.0,-1229.75,-1209.0,-1202.4000244140625,-1174.6400146484375
16198,-1287.3399658203125,0.0,0.0,7.542121887207031,-1287.3399658203125,-1284.0,64.67630004882812,-1396.6600341796875,-1385.4000244140625,-1372.199951171875,-1338.75,-1284.0,-1229.75,-1209.0,-1202.4000244140625,-1174.6400146484375
16205,-1287.3399658203125,0.0,0.0,7.534441947937012,-1287.3399658203125,-1284.0,64.67630004882812,-1396.6600341796875,-1385.4000244140625,-1372.199951171875,-1338.75,-1284.0,-1229.75,-1209.0,-1202.4000244140625,-1174.6400146484375
16212,-1287.3399658203125,0.0,0.0,7.534727573394775,-1287.3399658203125,-1284.0,64.67630004882812,-1396.6600341796875,-1385.4000244140625,-1372.199951171875,-1338.75,-1284.0,-1229.75,-1209.0,-1202.4000244140625,-1174.6400146484375
16219,-1287.3399658203125,0.0,0.0,7.534839153289795,-1287.3399658203125,-1284.0,64.67630004882812,-1396.6600341796875,-1385.4000244140625,-1372.199951171875,-1338.75,-1284.0,-1229.75,-1209.0,-1202.4000244140625,-1174.6400146484375
16226,-1287.3399658203125,0.0,0.0,7.527913570404053,-1287.3399658203125,-1284.0,64.67630004882812,-1396.6600341796875,-1385.4000244140625,-1372.199951171875,-1338.75,-1284.0,-1229.75,-1209.0,-1202.4000244140625,-1174.6400146484375
16233,-1287.3399658203125,0.0,0.0,7.526017665863037,-1287.3399658203125,-1284.0,64.67630004882812,-1396.6600341796875,-1385.4000244140625,-1372.199951171875,-1338.75,-1284.0,-1229.75,-1209.0,-1202.4000244140625,-1174.6400146484375
16240,-1287.3399658203125,0.0,0.0,7.521428108215332,-1287.3399658203125,-1284.0,64.67630004882812,-1396.6600341796875,-1385.4000244140625,-1372.199951171875,-1338.75,-1284.0,-1229.75,-1209.0,-1202.4000244140625,-1174.6400146484375
16247,-1287.3399658203125,0.0,0.0,7.513311386108398,-1287.3399658203125,-1284.0,64.67630004882812,-1396.6600341796875,-1385.4000244140625,-1372.199951171875,-1338.75,-1284.0,-1229.75,-1209.0,-1202.4000244140625,-1174.6400146484375
16254,-1287.3599853515625,0.0,0.0,7.511305809020996,-1287.3599853515625,-1284.0,64.68207550048828,-1396.6600341796875,-1385.4000244140625,-1372.199951171875,-1338.75,-1284.0,-1229.75,-1209.0,-1202.4000244140625,-1174.6400146484375
16261,-1287.3599853515625,0.0,0.0,7.505490779876709,-1287.3599853515625,-1284.0,64.68207550048828,-1396.6600341796875,-1385.4000244140625,-1372.199951171875,-1338.75,-1284.0,-1229.75,-1209.0,-1202.4000244140625,-1174.6400146484375
16268,-1287.3599853515625,0.0,0.0,7.498755931854248,-1287.3599853515625,-1284.0,64.68207550048828,-1396.6600341796875,-1385.4000244140625,-1372.199951171875,-1338.75,-1284.0,-1229.75,-1209.0,-1202.4000244140625,-1174.6400146484375
16275,-1287.3800048828125,0.0,0.0,7.499029159545898,-1287.3800048828125,-1284.0,64.704833984375,-1396.6600341796875,-1385.4000244140625,-1372.199951171875,-1338.75,-1284.0,-1229.75,-1209.0,-1202.4000244140625,-1174.6400146484375
16282,-1287.3800048828125,0.0,0.0,7.496486663818359,-1287.3800048828125,-1284.0,64.704833984375,-1396.6600341796875,-1385.4000244140625,-1372.199951171875,-1338.75,-1284.0,-1229.75,-1209.0,-1202.4000244140625,-1174.6400146484375
16289,-1287.3800048828125,0.0,0.0,7.490767478942871,-1287.3800048828125,-1284.0,64.704833984375,-1396.6600341796875,-1385.4000244140625,-1372.199951171875,-1338.75,-1284.0,-1229.75,-1209.0,-1202.4000244140625,-1174.6400146484375
16296,-1287.3800048828125,0.0,0.0,7.482999801635742,-1287.3800048828125,-1284.0,64.704833984375,-1396.6600341796875,-1385.4000244140625,-1372.199951171875,-1338.75,-1284.0,-1229.75,-1209.0,-1202.4000244140625,-1174.6400146484375
16303,-1287.3800048828125,0.0,0.0,7.483681678771973,-1287.3800048828125,-1284.0,64.704833984375,-1396.6600341796875,-1385.4000244140625,-1372.199951171875,-1338.75,-1284.0,-1229.75,-1209.0,-1202.4000244140625,-1174.6400146484375
16310,-1287.3800048828125,0.0,0.0,7.485321521759033,-1287.3800048828125,-1284.0,64.704833984375,-1396.6600341796875,-1385.4000244140625,-1372.199951171875,-1338.75,-1284.0,-1229.75,-1209.0,-1202.4000244140625,-1174.6400146484375
16317,-1287.419921875,0.0,0.0,7.4811248779296875,-1287.4200439453125,-1284.0,64.68541717529297,-1396.6600341796875,-1385.4000244140625,-1372.199951171875,-1338.75,-1284.0,-1229.75,-1209.0,-1202.4000244140625,-1174.6400146484375
16324,-1287.419921875,0.0,0.0,7.482661724090576,-1287.4200439453125,-1284.0,64.68541717529297,-1396.6600341796875,-1385.4000244140625,-1372.199951171875,-1338.75,-1284.0,-1229.75,-1209.0,-1202.4000244140625,-1174.6400146484375
16331,-1287.4599609375,0.0,0.0,7.4840264320373535,-1287.4599609375,-1284.0,64.63813018798828,-1396.6600341796875,-1385.4000244140625,-1372.199951171875,-1338.75,-1284.0,-1229.75,-1209.0,-1202.4000244140625,-1174.6400146484375
16338,-1287.4599609375,0.0,0.0,7.486033916473389,-1287.4599609375,-1284.0,64.63813018798828,-1396.6600341796875,-1385.4000244140625,-1372.199951171875,-1338.75,-1284.0,-1229.75,-1209.0,-1202.4000244140625,-1174.6400146484375
16345,-1287.4599609375,0.0,0.0,7.4774699211120605,-1287.4599609375,-1284.0,64.63813018798828,-1396.6600341796875,-1385.4000244140625,-1372.199951171875,-1338.75,-1284.0,-1229.75,-1209.0,-1202.4000244140625,-1174.6400146484375
16352,-1287.4599609375,0.0,0.0,7.474029541015625,-1287.4599609375,-1284.0,64.63813018798828,-1396.6600341796875,-1385.4000244140625,-1372.199951171875,-1338.75,-1284.0,-1229.75,-1209.0,-1202.4000244140625,-1174.6400146484375
16359,-1287.4599609375,0.0,0.0,7.4722580909729,-1287.4599609375,-1284.0,64.63813018798828,-1396.6600341796875,-1385.4000244140625,-1372.199951171875,-1338.75,-1284.0,-1229.75,-1209.0,-1202.4000244140625,-1174.6400146484375
16366,-1287.4599609375,0.0,0.0,7.469306468963623,-1287.4599609375,-1284.0,64.63813018798828,-1396.6600341796875,-1385.4000244140625,-1372.199951171875,-1338.75,-1284.0,-1229.75,-1209.0,-1202.4000244140625,-1174.6400146484375
16373,-1287.4599609375,0.0,0.0,7.460026264190674,-1287.4599609375,-1284.0,64.63813018798828,-1396.6600341796875,-1385.4000244140625,-1372.199951171875,-1338.75,-1284.0,-1229.75,-1209.0,-1202.4000244140625,-1174.6400146484375
16380,-1287.4599609375,0.0,0.0,7.463311672210693,-1287.4599609375,-1284.0,64.63813018798828,-1396.6600341796875,-1385.4000244140625,-1372.199951171875,-1338.75,-1284.0,-1229.75,-1209.0,-1202.4000244140625,-1174.6400146484375
16387,-1287.47998046875,0.0,0.0,7.4529008865356445,-1287.47998046875,-1284.0,64.61539459228516,-1396.6600341796875,-1385.4000244140625,-1372.199951171875,-1338.75,-1284.0,-1229.75,-1209.0,-1202.4000244140625,-1174.6400146484375
16394,-1287.47998046875,0.0,0.0,7.450162887573242,-1287.47998046875,-1284.0,64.61539459228516,-1396.6600341796875,-1385.4000244140625,-1372.199951171875,-1338.75,-1284.0,-1229.75,-1209.0,-1202.4000244140625,-1174.6400146484375
16401,-1287.47998046875,0.0,0.0,7.4451727867126465,-1287.47998046875,-1284.0,64.61539459228516,-1396.6600341796875,-1385.4000244140625,-1372.199951171875,-1338.75,-1284.0,-1229.75,-1209.0,-1202.4000244140625,-1174.6400146484375
16408,-1287.47998046875,0.0,0.0,7.444433212280273,-1287.47998046875,-1284.0,64.61539459228516,-1396.6600341796875,-1385.4000244140625,-1372.199951171875,-1338.75,-1284.0,-1229.75,-1209.0,-1202.4000244140625,-1174.6400146484375
16415,-1287.47998046875,0.0,0.0,7.442105770111084,-1287.47998046875,-1284.0,64.61539459228516,-1396.6600341796875,-1385.4000244140625,-1372.199951171875,-1338.75,-1284.0,-1229.75,-1209.0,-1202.4000244140625,-1174.6400146484375
16422,-1287.47998046875,0.0,0.0,7.443746089935303,-1287.47998046875,-1284.0,64.61539459228516,-1396.6600341796875,-1385.4000244140625,-1372.199951171875,-1338.75,-1284.0,-1229.75,-1209.0,-1202.4000244140625,-1174.6400146484375
16429,-1287.47998046875,0.0,0.0,7.443785190582275,-1287.47998046875,-1284.0,64.61539459228516,-1396.6600341796875,-1385.4000244140625,-1372.199951171875,-1338.75,-1284.0,-1229.75,-1209.0,-1202.4000244140625,-1174.6400146484375
16436,-1287.47998046875,0.0,0.0,7.441025257110596,-1287.47998046875,-1284.0,64.61539459228516,-1396.6600341796875,-1385.4000244140625,-1372.199951171875,-1338.75,-1284.0,-1229.75,-1209.0,-1202.4000244140625,-1174.6400146484375
16443,-1287.47998046875,0.0,0.0,7.439349174499512,-1287.47998046875,-1284.0,64.61539459228516,-1396.6600341796875,-1385.4000244140625,-1372.199951171875,-1338.75,-1284.0,-1229.75,-1209.0,-1202.4000244140625,-1174.6400146484375
16450,-1287.47998046875,0.0,0.0,7.434191703796387,-1287.47998046875,-1284.0,64.61539459228516,-1396.6600341796875,-1385.4000244140625,-1372.199951171875,-1338.75,-1284.0,-1229.75,-1209.0,-1202.4000244140625,-1174.6400146484375
16457,-1287.47998046875,0.0,0.0,7.430558204650879,-1287.47998046875,-1284.0,64.61539459228516,-1396.6600341796875,-1385.4000244140625,-1372.199951171875,-1338.75,-1284.0,-1229.75,-1209.0,-1202.4000244140625,-1174.6400146484375
16464,-1287.47998046875,0.0,0.0,7.425053596496582,-1287.47998046875,-1284.0,64.61539459228516,-1396.6600341796875,-1385.4000244140625,-1372.199951171875,-1338.75,-1284.0,-1229.75,-1209.0,-1202.4000244140625,-1174.6400146484375
16471,-1287.47998046875,0.0,0.0,7.421778202056885,-1287.47998046875,-1284.0,64.61539459228516,-1396.6600341796875,-1385.4000244140625,-1372.199951171875,-1338.75,-1284.0,-1229.75,-1209.0,-1202.4000244140625,-1174.6400146484375
16478,-1287.47998046875,0.0,0.0,7.423593521118164,-1287.47998046875,-1284.0,64.61539459228516,-1396.6600341796875,-1385.4000244140625,-1372.199951171875,-1338.75,-1284.0,-1229.75,-1209.0,-1202.4000244140625,-1174.6400146484375
16485,-1287.47998046875,0.0,0.0,7.420137882232666,-1287.47998046875,-1284.0,64.61539459228516,-1396.6600341796875,-1385.4000244140625,-1372.199951171875,-1338.75,-1284.0,-1229.75,-1209.0,-1202.4000244140625,-1174.6400146484375
16492,-1287.47998046875,0.0,0.0,7.415554046630859,-1287.47998046875,-1284.0,64.61539459228516,-1396.6600341796875,-1385.4000244140625,-1372.199951171875,-1338.75,-1284.0,-1229.75,-1209.0,-1202.4000244140625,-1174.6400146484375
16499,-1287.47998046875,0.0,0.0,7.412831783294678,-1287.47998046875,-1284.0,64.61539459228516,-1396.6600341796875,-1385.4000244140625,-1372.199951171875,-1338.75,-1284.0,-1229.75,-1209.0,-1202.4000244140625,-1174.6400146484375
16506,-1287.47998046875,0.0,0.0,7.408934593200684,-1287.47998046875,-1284.0,64.61539459228516,-1396.6600341796875,-1385.4000244140625,-1372.199951171875,-1338.75,-1284.0,-1229.75,-1209.0,-1202.4000244140625,-1174.6400146484375
16513,-1287.47998046875,0.0,0.0,7.403819561004639,-1287.47998046875,-1284.0,64.61539459228516,-1396.6600341796875,-1385.4000244140625,-1372.199951171875,-1338.75,-1284.0,-1229.75,-1209.0,-1202.4000244140625,-1174.6400146484375
16520,-1287.47998046875,0.0,0.0,7.404208183288574,-1287.47998046875,-1284.0,64.61539459228516,-1396.6600341796875,-1385.4000244140625,-1372.199951171875,-1338.75,-1284.0,-1229.75,-1209.0,-1202.4000244140625,-1174.6400146484375
16527,-1287.47998046875,0.0,0.0,7.400694370269775,-1287.47998046875,-1284.0,64.61539459228516,-1396.6600341796875,-1385.4000244140625,-1372.199951171875,-1338.75,-1284.0,-1229.75,-1209.0,-1202.4000244140625,-1174.6400146484375
16534,-1287.5,0.0,0.0,7.397087097167969,-1287.5,-1284.0,64.62174987792969,-1396.6600341796875,-1385.4000244140625,-1372.199951171875,-1338.75,-1284.0,-1229.75,-1209.0,-1202.4000244140625,-1174.6400146484375
16541,-1287.5,0.0,0.0,7.391343593597412,-1287.5,-1284.0,64.62174987792969,-1396.6600341796875,-1385.4000244140625,-1372.199951171875,-1338.75,-1284.0,-1229.75,-1209.0,-1202.4000244140625,-1174.6400146484375
16548,-1287.5,0.0,0.0,7.393251895904541,-1287.5,-1284.0,64.62174987792969,-1396.6600341796875,-1385.4000244140625,-1372.199951171875,-1338.75,-1284.0,-1229.75,-1209.0,-1202.4000244140625,-1174.6400146484375
16555,-1287.5,0.0,0.0,7.393194198608398,-1287.5,-1284.0,64.62174987792969,-1396.6600341796875,-1385.4000244140625,-1372.199951171875,-1338.75,-1284.0,-1229.75,-1209.0,-1202.4000244140625,-1174.6400146484375
16562,-1287.5,0.0,0.0,7.387432098388672,-1287.5,-1284.0,64.62174987792969,-1396.6600341796875,-1385.4000244140625,-1372.199951171875,-1338.75,-1284.0,-1229.75,-1209.0,-1202.4000244140625,-1174.6400146484375
16569,-1287.5799560546875,0.0,0.0,7.387322902679443,-1287.5799560546875,-1284.0,64.5368423461914,-1396.6600341796875,-1385.4000244140625,-1372.199951171875,-1338.75,-1284.0,-1229.75,-1209.0,-1202.4000244140625,-1174.6400146484375
16576,-1287.5799560546875,0.0,0.0,7.3912835121154785,-1287.5799560546875,-1284.0,64.5368423461914,-1396.6600341796875,-1385.4000244140625,-1372.199951171875,-1338.75,-1284.0,-1229.75,-1209.0,-1202.4000244140625,-1174.6400146484375
16583,-1287.5799560546875,0.0,0.0,7.3900065422058105,-1287.5799560546875,-1284.0,64.5368423461914,-1396.6600341796875,-1385.4000244140625,-1372.199951171875,-1338.75,-1284.0,-1229.75,-1209.0,-1202.4000244140625,-1174.6400146484375
16590,-1287.5799560546875,0.0,0.0,7.381514072418213,-1287.5799560546875,-1284.0,64.5368423461914,-1396.6600341796875,-1385.4000244140625,-1372.199951171875,-1338.75,-1284.0,-1229.75,-1209.0,-1202.4000244140625,-1174.6400146484375
16597,-1287.5799560546875,0.0,0.0,7.377402305603027,-1287.5799560546875,-1284.0,64.5368423461914,-1396.6600341796875,-1385.4000244140625,-1372.199951171875,-1338.75,-1284.0,-1229.75,-1209.0,-1202.4000244140625,-1174.6400146484375
16604,-1287.5799560546875,0.0,0.0,7.374952793121338,-1287.5799560546875,-1284.0,64.5368423461914,-1396.6600341796875,-1385.4000244140625,-1372.199951171875,-1338.75,-1284.0,-1229.75,-1209.0,-1202.4000244140625,-1174.6400146484375
16611,-1287.5799560546875,0.0,0.0,7.374125003814697,-1287.5799560546875,-1284.0,64.5368423461914,-1396.6600341796875,-1385.4000244140625,-1372.199951171875,-1338.75,-1284.0,-1229.75,-1209.0,-1202.4000244140625,-1174.6400146484375
16618,-1287.5799560546875,0.0,0.0,7.362545013427734,-1287.5799560546875,-1284.0,64.5368423461914,-1396.6600341796875,-1385.4000244140625,-1372.199951171875,-1338.75,-1284.0,-1229.75,-1209.0,-1202.4000244140625,-1174.6400146484375
16625,-1287.5799560546875,0.0,0.0,7.366532802581787,-1287.5799560546875,-1284.0,64.5368423461914,-1396.6600341796875,-1385.4000244140625,-1372.199951171875,-1338.75,-1284.0,-1229.75,-1209.0,-1202.4000244140625,-1174.6400146484375
16632,-1287.5799560546875,0.0,0.0,7.361169338226318,-1287.5799560546875,-1284.0,64.5368423461914,-1396.6600341796875,-1385.4000244140625,-1372.199951171875,-1338.75,-1284.0,-1229.75,-1209.0,-1202.4000244140625,-1174.6400146484375
16639,-1287.5799560546875,0.0,0.0,7.356680870056152,-1287.5799560546875,-1284.0,64.5368423461914,-1396.6600341796875,-1385.4000244140625,-1372.199951171875,-1338.75,-1284.0,-1229.75,-1209.0,-1202.4000244140625,-1174.6400146484375
16646,-1287.5799560546875,0.0,0.0,7.355478286743164,-1287.5799560546875,-1284.0,64.5368423461914,-1396.6600341796875,-1385.4000244140625,-1372.199951171875,-1338.75,-1284.0,-1229.75,-1209.0,-1202.4000244140625,-1174.6400146484375
16653,-1287.5799560546875,0.0,0.0,7.353211402893066,-1287.5799560546875,-1284.0,64.5368423461914,-1396.6600341796875,-1385.4000244140625,-1372.199951171875,-1338.75,-1284.0,-1229.75,-1209.0,-1202.4000244140625,-1174.6400146484375
16660,-1287.5799560546875,0.0,0.0,7.3520026206970215,-1287.5799560546875,-1284.0,64.5368423461914,-1396.6600341796875,-1385.4000244140625,-1372.199951171875,-1338.75,-1284.0,-1229.75,-1209.0,-1202.4000244140625,-1174.6400146484375
16667,-1287.5799560546875,0.0,0.0,7.3444342613220215,-1287.5799560546875,-1284.0,64.5368423461914,-1396.6600341796875,-1385.4000244140625,-1372.199951171875,-1338.75,-1284.0,-1229.75,-1209.0,-1202.4000244140625,-1174.6400146484375
16674,-1287.5799560546875,0.0,0.0,7.336919784545898,-1287.5799560546875,-1284.0,64.5368423461914,-1396.6600341796875,-1385.4000244140625,-1372.199951171875,-1338.75,-1284.0,-1229.75,-1209.0,-1202.4000244140625,-1174.6400146484375
16681,-1287.5799560546875,0.0,0.0,7.340884685516357,-1287.5799560546875,-1284.0,64.5368423461914,-1396.6600341796875,-1385.4000244140625,-1372.199951171875,-1338.75,-1284.0,-1229.75,-1209.0,-1202.4000244140625,-1174.6400146484375
16688,-1287.5799560546875,0.0,0.0,7.335533142089844,-1287.5799560546875,-1284.0,64.5368423461914,-1396.6600341796875,-1385.4000244140625,-1372.199951171875,-1338.75,-1284.0,-1229.75,-1209.0,-1202.4000244140625,-1174.6400146484375
16695,-1287.5799560546875,0.0,0.0,7.333649158477783,-1287.5799560546875,-1284.0,64.5368423461914,-1396.6600341796875,-1385.4000244140625,-1372.199951171875,-1338.75,-1284.0,-1229.75,-1209.0,-1202.4000244140625,-1174.6400146484375
16702,-1287.5799560546875,0.0,0.0,7.330939769744873,-1287.5799560546875,-1284.0,64.5368423461914,-1396.6600341796875,-1385.4000244140625,-1372.199951171875,-1338.75,-1284.0,-1229.75,-1209.0,-1202.4000244140625,-1174.6400146484375
16709,-1287.5799560546875,0.0,0.0,7.338017463684082,-1287.5799560546875,-1284.0,64.5368423461914,-1396.6600341796875,-1385.4000244140625,-1372.199951171875,-1338.75,-1284.0,-1229.75,-1209.0,-1202.4000244140625,-1174.6400146484375
16716,-1287.5799560546875,0.0,0.0,7.334627628326416,-1287.5799560546875,-1284.0,64.5368423461914,-1396.6600341796875,-1385.4000244140625,-1372.199951171875,-1338.75,-1284.0,-1229.75,-1209.0,-1202.4000244140625,-1174.6400146484375
16723,-1287.5999755859375,0.0,0.0,7.327315330505371,-1287.5999755859375,-1284.0,64.54378509521484,-1396.6600341796875,-1385.4000244140625,-1372.199951171875,-1338.75,-1284.0,-1229.75,-1209.0,-1202.4000244140625,-1174.6400146484375
16730,-1287.5999755859375,0.0,0.0,7.324343204498291,-1287.5999755859375,-1284.0,64.54378509521484,-1396.6600341796875,-1385.4000244140625,-1372.199951171875,-1338.75,-1284.0,-1229.75,-1209.0,-1202.4000244140625,-1174.6400146484375
16737,-1287.5999755859375,0.0,0.0,7.316058158874512,-1287.5999755859375,-1284.0,64.54378509521484,-1396.6600341796875,-1385.4000244140625,-1372.199951171875,-1338.75,-1284.0,-1229.75,-1209.0,-1202.4000244140625,-1174.6400146484375
16744,-1287.5999755859375,0.0,0.0,7.317841053009033,-1287.5999755859375,-1284.0,64.54378509521484,-1396.6600341796875,-1385.4000244140625,-1372.199951171875,-1338.75,-1284.0,-1229.75,-1209.0,-1202.4000244140625,-1174.6400146484375
16751,-1287.5999755859375,0.0,0.0,7.314324855804443,-1287.5999755859375,-1284.0,64.54378509521484,-1396.6600341796875,-1385.4000244140625,-1372.199951171875,-1338.75,-1284.0,-1229.75,-1209.0,-1202.4000244140625,-1174.6400146484375
16758,-1287.5999755859375,0.0,0.0,7.309795379638672,-1287.5999755859375,-1284.0,64.54378509521484,-1396.6600341796875,-1385.4000244140625,-1372.199951171875,-1338.75,-1284.0,-1229.75,-1209.0,-1202.4000244140625,-1174.6400146484375
16765,-1287.5999755859375,0.0,0.0,7.304644584655762,-1287.5999755859375,-1284.0,64.54378509521484,-1396.6600341796875,-1385.4000244140625,-1372.199951171875,-1338.75,-1284.0,-1229.75,-1209.0,-1202.4000244140625,-1174.6400146484375
16772,-1287.5999755859375,0.0,0.0,7.299890518188477,-1287.5999755859375,-1284.0,64.54378509521484,-1396.6600341796875,-1385.4000244140625,-1372.199951171875,-1338.75,-1284.0,-1229.75,-1209.0,-1202.4000244140625,-1174.6400146484375
16779,-1287.5999755859375,0.0,0.0,7.2938103675842285,-1287.5999755859375,-1284.0,64.54378509521484,-1396.6600341796875,-1385.4000244140625,-1372.199951171875,-1338.75,-1284.0,-1229.75,-1209.0,-1202.4000244140625,-1174.6400146484375
16786,-1287.5999755859375,0.0,0.0,7.286243915557861,-1287.5999755859375,-1284.0,64.54378509521484,-1396.6600341796875,-1385.4000244140625,-1372.199951171875,-1338.75,-1284.0,-1229.75,-1209.0,-1202.4000244140625,-1174.6400146484375
16793,-1287.6400146484375,0.0,0.0,7.281538963317871,-1287.6400146484375,-1284.0,64.54959869384766,-1396.6600341796875,-1385.4000244140625,-1372.199951171875,-1338.75,-1284.0,-1229.75,-1209.0,-1202.4000244140625,-1174.6400146484375
16800,-1287.6400146484375,0.0,0.0,7.280730247497559,-1287.6400146484375,-1284.0,64.54959869384766,-1396.6600341796875,-1385.4000244140625,-1372.199951171875,-1338.75,-1284.0,-1229.75,-1209.0,-1202.4000244140625,-1174.6400146484375
16807,-1287.6400146484375,0.0,0.0,7.281110763549805,-1287.6400146484375,-1284.0,64.54959869384766,-1396.6600341796875,-1385.4000244140625,-1372.199951171875,-1338.75,-1284.0,-1229.75,-1209.0,-1202.4000244140625,-1174.6400146484375
16814,-1287.6400146484375,0.0,0.0,7.271419525146484,-1287.6400146484375,-1284.0,64.54959869384766,-1396.6600341796875,-1385.4000244140625,-1372.199951171875,-1338.75,-1284.0,-1229.75,-1209.0,-1202.4000244140625,-1174.6400146484375
16821,-1287.6400146484375,0.0,0.0,7.2649455070495605,-1287.6400146484375,-1284.0,64.54959869384766,-1396.6600341796875,-1385.4000244140625,-1372.199951171875,-1338.75,-1284.0,-1229.75,-1209.0,-1202.4000244140625,-1174.6400146484375
16828,-1287.679931640625,0.0,0.0,7.261125087738037,-1287.6800537109375,-1284.0,64.46733856201172,-1396.6600341796875,-1385.4000244140625,-1372.199951171875,-1338.75,-1284.0,-1229.75,-1209.0,-1202.4000244140625,-1174.6400146484375
16835,-1287.699951171875,0.0,0.0,7.255188941955566,-1287.699951171875,-1284.0,64.46123504638672,-1396.6600341796875,-1385.4000244140625,-1372.199951171875,-1338.75,-1284.0,-1229.75,-1209.0,-1202.4000244140625,-1174.6400146484375
16842,-1287.699951171875,0.0,0.0,7.252164840698242,-1287.699951171875,-1284.0,64.46123504638672,-1396.6600341796875,-1385.4000244140625,-1372.199951171875,-1338.75,-1284.0,-1229.75,-1209.0,-1202.4000244140625,-1174.6400146484375
16849,-1287.699951171875,0.0,0.0,7.253096580505371,-1287.699951171875,-1284.0,64.46123504638672,-1396.6600341796875,-1385.4000244140625,-1372.199951171875,-1338.75,-1284.0,-1229.75,-1209.0,-1202.4000244140625,-1174.6400146484375
16856,-1287.699951171875,0.0,0.0,7.250645160675049,-1287.699951171875,-1284.0,64.46123504638672,-1396.6600341796875,-1385.4000244140625,-1372.199951171875,-1338.75,-1284.0,-1229.75,-1209.0,-1202.4000244140625,-1174.6400146484375
16863,-1287.699951171875,0.0,0.0,7.246800422668457,-1287.699951171875,-1284.0,64.46123504638672,-1396.6600341796875,-1385.4000244140625,-1372.199951171875,-1338.75,-1284.0,-1229.75,-1209.0,-1202.4000244140625,-1174.6400146484375
16870,-1287.699951171875,0.0,0.0,7.244814395904541,-1287.699951171875,-1284.0,64.46123504638672,-1396.6600341796875,-1385.4000244140625,-1372.199951171875,-1338.75,-1284.0,-1229.75,-1209.0,-1202.4000244140625,-1174.6400146484375
16877,-1287.699951171875,0.0,0.0,7.240958213806152,-1287.699951171875,-1284.0,64.46123504638672,-1396.6600341796875,-1385.4000244140625,-1372.199951171875,-1338.75,-1284.0,-1229.75,-1209.0,-1202.4000244140625,-1174.6400146484375
16884,-1287.699951171875,0.0,0.0,7.2367424964904785,-1287.699951171875,-1284.0,64.46123504638672,-1396.6600341796875,-1385.4000244140625,-1372.199951171875,-1338.75,-1284.0,-1229.75,-1209.0,-1202.4000244140625,-1174.6400146484375
16891,-1287.739990234375,0.0,0.0,7.2357401847839355,-1287.739990234375,-1284.0,64.5228042602539,-1396.6600341796875,-1389.199951171875,-1372.199951171875,-1338.75,-1284.0,-1229.75,-1209.0,-1202.4000244140625,-1174.6400146484375
16898,-1287.739990234375,0.0,0.0,7.228874206542969,-1287.739990234375,-1284.0,64.5228042602539,-1396.6600341796875,-1389.199951171875,-1372.199951171875,-1338.75,-1284.0,-1229.75,-1209.0,-1202.4000244140625,-1174.6400146484375
16905,-1287.739990234375,0.0,0.0,7.221934795379639,-1287.739990234375,-1284.0,64.5228042602539,-1396.6600341796875,-1389.199951171875,-1372.199951171875,-1338.75,-1284.0,-1229.75,-1209.0,-1202.4000244140625,-1174.6400146484375
16912,-1287.739990234375,0.0,0.0,7.2255859375,-1287.739990234375,-1284.0,64.5228042602539,-1396.6600341796875,-1389.199951171875,-1372.199951171875,-1338.75,-1284.0,-1229.75,-1209.0,-1202.4000244140625,-1174.6400146484375
16919,-1287.739990234375,0.0,0.0,7.224642276763916,-1287.739990234375,-1284.0,64.5228042602539,-1396.6600341796875,-1389.199951171875,-1372.199951171875,-1338.75,-1284.0,-1229.75,-1209.0,-1202.4000244140625,-1174.6400146484375
16926,-1287.739990234375,0.0,0.0,7.223515033721924,-1287.739990234375,-1284.0,64.5228042602539,-1396.6600341796875,-1389.199951171875,-1372.199951171875,-1338.75,-1284.0,-1229.75,-1209.0,-1202.4000244140625,-1174.6400146484375
16933,-1287.739990234375,0.0,0.0,7.218665599822998,-1287.739990234375,-1284.0,64.5228042602539,-1396.6600341796875,-1389.199951171875,-1372.199951171875,-1338.75,-1284.0,-1229.75,-1209.0,-1202.4000244140625,-1174.6400146484375
16940,-1287.739990234375,0.0,0.0,7.209048748016357,-1287.739990234375,-1284.0,64.5228042602539,-1396.6600341796875,-1389.199951171875,-1372.199951171875,-1338.75,-1284.0,-1229.75,-1209.0,-1202.4000244140625,-1174.6400146484375
16947,-1287.739990234375,0.0,0.0,7.209144115447998,-1287.739990234375,-1284.0,64.5228042602539,-1396.6600341796875,-1389.199951171875,-1372.199951171875,-1338.75,-1284.0,-1229.75,-1209.0,-1202.4000244140625,-1174.6400146484375
16954,-1287.780029296875,0.0,0.0,7.209656715393066,-1287.780029296875,-1284.0,64.47520446777344,-1396.6600341796875,-1389.199951171875,-1372.199951171875,-1338.75,-1284.0,-1229.75,-1210.800048828125,-1202.4000244140625,-1174.6400146484375
16961,-1287.780029296875,0.0,0.0,7.212609767913818,-1287.780029296875,-1284.0,64.47520446777344,-1396.6600341796875,-1389.199951171875,-1372.199951171875,-1338.75,-1284.0,-1229.75,-1210.800048828125,-1202.4000244140625,-1174.6400146484375
16968,-1287.780029296875,0.0,0.0,7.205782413482666,-1287.780029296875,-1284.0,64.47520446777344,-1396.6600341796875,-1389.199951171875,-1372.199951171875,-1338.75,-1284.0,-1229.75,-1210.800048828125,-1202.4000244140625,-1174.6400146484375
16975,-1287.780029296875,0.0,0.0,7.200647354125977,-1287.780029296875,-1284.0,64.47520446777344,-1396.6600341796875,-1389.199951171875,-1372.199951171875,-1338.75,-1284.0,-1229.75,-1210.800048828125,-1202.4000244140625,-1174.6400146484375
16982,-1287.780029296875,0.0,0.0,7.196369647979736,-1287.780029296875,-1284.0,64.47520446777344,-1396.6600341796875,-1389.199951171875,-1372.199951171875,-1338.75,-1284.0,-1229.75,-1210.800048828125,-1202.4000244140625,-1174.6400146484375
16989,-1287.780029296875,0.0,0.0,7.192496299743652,-1287.780029296875,-1284.0,64.47520446777344,-1396.6600341796875,-1389.199951171875,-1372.199951171875,-1338.75,-1284.0,-1229.75,-1210.800048828125,-1202.4000244140625,-1174.6400146484375
16996,-1287.780029296875,0.0,0.0,7.190619945526123,-1287.780029296875,-1284.0,64.47520446777344,-1396.6600341796875,-1389.199951171875,-1372.199951171875,-1338.75,-1284.0,-1229.75,-1210.800048828125,-1202.4000244140625,-1174.6400146484375
17003,-1287.780029296875,0.0,0.0,7.186830520629883,-1287.780029296875,-1284.0,64.47520446777344,-1396.6600341796875,-1389.199951171875,-1372.199951171875,-1338.75,-1284.0,-1229.75,-1210.800048828125,-1202.4000244140625,-1174.6400146484375
17010,-1287.780029296875,0.0,0.0,7.182316303253174,-1287.780029296875,-1284.0,64.47520446777344,-1396.6600341796875,-1389.199951171875,-1372.199951171875,-1338.75,-1284.0,-1229.75,-1210.800048828125,-1202.4000244140625,-1174.6400146484375
17017,-1287.780029296875,0.0,0.0,7.179449081420898,-1287.780029296875,-1284.0,64.47520446777344,-1396.6600341796875,-1389.199951171875,-1372.199951171875,-1338.75,-1284.0,-1229.75,-1210.800048828125,-1202.4000244140625,-1174.6400146484375
17024,-1287.780029296875,0.0,0.0,7.173318862915039,-1287.780029296875,-1284.0,64.47520446777344,-1396.6600341796875,-1389.199951171875,-1372.199951171875,-1338.75,-1284.0,-1229.75,-1210.800048828125,-1202.4000244140625,-1174.6400146484375
17031,-1287.780029296875,0.0,0.0,7.167011737823486,-1287.780029296875,-1284.0,64.47520446777344,-1396.6600341796875,-1389.199951171875,-1372.199951171875,-1338.75,-1284.0,-1229.75,-1210.800048828125,-1202.4000244140625,-1174.6400146484375
17038,-1287.780029296875,0.0,0.0,7.165655136108398,-1287.780029296875,-1284.0,64.47520446777344,-1396.6600341796875,-1389.199951171875,-1372.199951171875,-1338.75,-1284.0,-1229.75,-1210.800048828125,-1202.4000244140625,-1174.6400146484375
17045,-1287.780029296875,0.0,0.0,7.165480613708496,-1287.780029296875,-1284.0,64.47520446777344,-1396.6600341796875,-1389.199951171875,-1372.199951171875,-1338.75,-1284.0,-1229.75,-1210.800048828125,-1202.4000244140625,-1174.6400146484375
17052,-1287.780029296875,0.0,0.0,7.158147811889648,-1287.780029296875,-1284.0,64.47520446777344,-1396.6600341796875,-1389.199951171875,-1372.199951171875,-1338.75,-1284.0,-1229.75,-1210.800048828125,-1202.4000244140625,-1174.6400146484375
17059,-1287.780029296875,0.0,0.0,7.147263050079346,-1287.780029296875,-1284.0,64.47520446777344,-1396.6600341796875,-1389.199951171875,-1372.199951171875,-1338.75,-1284.0,-1229.75,-1210.800048828125,-1202.4000244140625,-1174.6400146484375
17066,-1287.780029296875,0.0,0.0,7.141131401062012,-1287.780029296875,-1284.0,64.47520446777344,-1396.6600341796875,-1389.199951171875,-1372.199951171875,-1338.75,-1284.0,-1229.75,-1210.800048828125,-1202.4000244140625,-1174.6400146484375
17073,-1287.780029296875,0.0,0.0,7.135964393615723,-1287.780029296875,-1284.0,64.47520446777344,-1396.6600341796875,-1389.199951171875,-1372.199951171875,-1338.75,-1284.0,-1229.75,-1210.800048828125,-1202.4000244140625,-1174.6400146484375
17080,-1287.780029296875,0.0,0.0,7.133699893951416,-1287.780029296875,-1284.0,64.47520446777344,-1396.6600341796875,-1389.199951171875,-1372.199951171875,-1338.75,-1284.0,-1229.75,-1210.800048828125,-1202.4000244140625,-1174.6400146484375
17087,-1287.780029296875,0.0,0.0,7.13092041015625,-1287.780029296875,-1284.0,64.47520446777344,-1396.6600341796875,-1389.199951171875,-1372.199951171875,-1338.75,-1284.0,-1229.75,-1210.800048828125,-1202.4000244140625,-1174.6400146484375
17094,-1287.8599853515625,0.0,0.0,7.124366283416748,-1287.8599853515625,-1284.0,64.4642562866211,-1396.6600341796875,-1389.199951171875,-1372.199951171875,-1338.75,-1284.0,-1229.75,-1210.800048828125,-1202.4000244140625,-1174.6400146484375
17101,-1287.8800048828125,0.0,0.0,7.122829437255859,-1287.8800048828125,-1284.0,64.45777893066406,-1396.6600341796875,-1389.199951171875,-1372.199951171875,-1338.75,-1284.0,-1229.75,-1210.800048828125,-1202.4000244140625,-1174.6400146484375
17108,-1287.8800048828125,0.0,0.0,7.117977142333984,-1287.8800048828125,-1284.0,64.45777893066406,-1396.6600341796875,-1389.199951171875,-1372.199951171875,-1338.75,-1284.0,-1229.75,-1210.800048828125,-1202.4000244140625,-1174.6400146484375
17115,-1287.8800048828125,0.0,0.0,7.112828254699707,-1287.8800048828125,-1284.0,64.45777893066406,-1396.6600341796875,-1389.199951171875,-1372.199951171875,-1338.75,-1284.0,-1229.75,-1210.800048828125,-1202.4000244140625,-1174.6400146484375
17122,-1287.8800048828125,0.0,0.0,7.103343963623047,-1287.8800048828125,-1284.0,64.45777893066406,-1396.6600341796875,-1389.199951171875,-1372.199951171875,-1338.75,-1284.0,-1229.75,-1210.800048828125,-1202.4000244140625,-1174.6400146484375
17129,-1287.8800048828125,0.0,0.0,7.099899768829346,-1287.8800048828125,-1284.0,64.45777893066406,-1396.6600341796875,-1389.199951171875,-1372.199951171875,-1338.75,-1284.0,-1229.75,-1210.800048828125,-1202.4000244140625,-1174.6400146484375
17136,-1287.8800048828125,0.0,0.0,7.099672317504883,-1287.8800048828125,-1284.0,64.45777893066406,-1396.6600341796875,-1389.199951171875,-1372.199951171875,-1338.75,-1284.0,-1229.75,-1210.800048828125,-1202.4000244140625,-1174.6400146484375
17143,-1287.8800048828125,0.0,0.0,7.095895290374756,-1287.8800048828125,-1284.0,64.45777893066406,-1396.6600341796875,-1389.199951171875,-1372.199951171875,-1338.75,-1284.0,-1229.75,-1210.800048828125,-1202.4000244140625,-1174.6400146484375
17150,-1287.8800048828125,0.0,0.0,7.09242582321167,-1287.8800048828125,-1284.0,64.45777893066406,-1396.6600341796875,-1389.199951171875,-1372.199951171875,-1338.75,-1284.0,-1229.75,-1210.800048828125,-1202.4000244140625,-1174.6400146484375
17157,-1287.8800048828125,0.0,0.0,7.093922138214111,-1287.8800048828125,-1284.0,64.45777893066406,-1396.6600341796875,-1389.199951171875,-1372.199951171875,-1338.75,-1284.0,-1229.75,-1210.800048828125,-1202.4000244140625,-1174.6400146484375
17164,-1287.8800048828125,0.0,0.0,7.088628768920898,-1287.8800048828125,-1284.0,64.45777893066406,-1396.6600341796875,-1389.199951171875,-1372.199951171875,-1338.75,-1284.0,-1229.75,-1210.800048828125,-1202.4000244140625,-1174.6400146484375
17171,-1287.8800048828125,0.0,0.0,7.086617469787598,-1287.8800048828125,-1284.0,64.45777893066406,-1396.6600341796875,-1389.199951171875,-1372.199951171875,-1338.75,-1284.0,-1229.75,-1210.800048828125,-1202.4000244140625,-1174.6400146484375
17178,-1287.8800048828125,0.0,0.0,7.087149620056152,-1287.8800048828125,-1284.0,64.45777893066406,-1396.6600341796875,-1389.199951171875,-1372.199951171875,-1338.75,-1284.0,-1229.75,-1210.800048828125,-1202.4000244140625,-1174.6400146484375
17185,-1287.8800048828125,0.0,0.0,7.082128524780273,-1287.8800048828125,-1284.0,64.45777893066406,-1396.6600341796875,-1389.199951171875,-1372.199951171875,-1338.75,-1284.0,-1229.75,-1210.800048828125,-1202.4000244140625,-1174.6400146484375
17192,-1287.8800048828125,0.0,0.0,7.079803466796875,-1287.8800048828125,-1284.0,64.45777893066406,-1396.6600341796875,-1389.199951171875,-1372.199951171875,-1338.75,-1284.0,-1229.75,-1210.800048828125,-1202.4000244140625,-1174.6400146484375
17199,-1287.8800048828125,0.0,0.0,7.079018592834473,-1287.8800048828125,-1284.0,64.45777893066406,-1396.6600341796875,-1389.199951171875,-1372.199951171875,-1338.75,-1284.0,-1229.75,-1210.800048828125,-1202.4000244140625,-1174.6400146484375
17206,-1287.8800048828125,0.0,0.0,7.075961589813232,-1287.8800048828125,-1284.0,64.45777893066406,-1396.6600341796875,-1389.199951171875,-1372.199951171875,-1338.75,-1284.0,-1229.75,-1210.800048828125,-1202.4000244140625,-1174.6400146484375
17213,-1287.8800048828125,0.0,0.0,7.07186222076416,-1287.8800048828125,-1284.0,64.45777893066406,-1396.6600341796875,-1389.199951171875,-1372.199951171875,-1338.75,-1284.0,-1229.75,-1210.800048828125,-1202.4000244140625,-1174.6400146484375
17220,-1287.8800048828125,0.0,0.0,7.070899486541748,-1287.8800048828125,-1284.0,64.45777893066406,-1396.6600341796875,-1389.199951171875,-1372.199951171875,-1338.75,-1284.0,-1229.75,-1210.800048828125,-1202.4000244140625,-1174.6400146484375
17227,-1287.8800048828125,0.0,0.0,7.070827007293701,-1287.8800048828125,-1284.0,64.45777893066406,-1396.6600341796875,-1389.199951171875,-1372.199951171875,-1338.75,-1284.0,-1229.75,-1210.800048828125,-1202.4000244140625,-1174.6400146484375
17234,-1287.8800048828125,0.0,0.0,7.069996356964111,-1287.8800048828125,-1284.0,64.45777893066406,-1396.6600341796875,-1389.199951171875,-1372.199951171875,-1338.75,-1284.0,-1229.75,-1210.800048828125,-1202.4000244140625,-1174.6400146484375
17241,-1287.8800048828125,0.0,0.0,7.0680999755859375,-1287.8800048828125,-1284.0,64.45777893066406,-1396.6600341796875,-1389.199951171875,-1372.199951171875,-1338.75,-1284.0,-1229.75,-1210.800048828125,-1202.4000244140625,-1174.6400146484375
17248,-1287.8800048828125,0.0,0.0,7.068517684936523,-1287.8800048828125,-1284.0,64.45777893066406,-1396.6600341796875,-1389.199951171875,-1372.199951171875,-1338.75,-1284.0,-1229.75,-1210.800048828125,-1202.4000244140625,-1174.6400146484375
17255,-1287.8800048828125,0.0,0.0,7.073646068572998,-1287.8800048828125,-1284.0,64.45777893066406,-1396.6600341796875,-1389.199951171875,-1372.199951171875,-1338.75,-1284.0,-1229.75,-1210.800048828125,-1202.4000244140625,-1174.6400146484375
17262,-1287.9000244140625,0.0,0.0,7.071634292602539,-1287.9000244140625,-1284.0,64.41746520996094,-1396.6600341796875,-1389.199951171875,-1372.199951171875,-1338.75,-1284.0,-1229.75,-1210.800048828125,-1202.4000244140625,-1174.6800537109375
17269,-1287.9000244140625,0.0,0.0,7.062489986419678,-1287.9000244140625,-1284.0,64.41746520996094,-1396.6600341796875,-1389.199951171875,-1372.199951171875,-1338.75,-1284.0,-1229.75,-1210.800048828125,-1202.4000244140625,-1174.6800537109375
17276,-1287.93994140625,0.0,0.0,7.05767822265625,-1287.93994140625,-1284.0,64.41162109375,-1396.6600341796875,-1389.199951171875,-1372.199951171875,-1338.75,-1284.0,-1229.75,-1210.800048828125,-1202.4000244140625,-1174.6800537109375
17283,-1287.93994140625,0.0,0.0,7.053460597991943,-1287.93994140625,-1284.0,64.41162109375,-1396.6600341796875,-1389.199951171875,-1372.199951171875,-1338.75,-1284.0,-1229.75,-1210.800048828125,-1202.4000244140625,-1174.6800537109375
17290,-1287.93994140625,0.0,0.0,7.042331218719482,-1287.93994140625,-1284.0,64.41162109375,-1396.6600341796875,-1389.199951171875,-1372.199951171875,-1338.75,-1284.0,-1229.75,-1210.800048828125,-1202.4000244140625,-1174.6800537109375
17297,-1287.93994140625,0.0,0.0,7.037484169006348,-1287.93994140625,-1284.0,64.41162109375,-1396.6600341796875,-1389.199951171875,-1372.199951171875,-1338.75,-1284.0,-1229.75,-1210.800048828125,-1202.4000244140625,-1174.6800537109375
17304,-1287.93994140625,0.0,0.0,7.038058757781982,-1287.93994140625,-1284.0,64.41162109375,-1396.6600341796875,-1389.199951171875,-1372.199951171875,-1338.75,-1284.0,-1229.75,-1210.800048828125,-1202.4000244140625,-1174.6800537109375
17311,-1287.93994140625,0.0,0.0,7.03556489944458,-1287.93994140625,-1284.0,64.41162109375,-1396.6600341796875,-1389.199951171875,-1372.199951171875,-1338.75,-1284.0,-1229.75,-1210.800048828125,-1202.4000244140625,-1174.6800537109375
17318,-1287.93994140625,0.0,0.0,7.033824920654297,-1287.93994140625,-1284.0,64.41162109375,-1396.6600341796875,-1389.199951171875,-1372.199951171875,-1338.75,-1284.0,-1229.75,-1210.800048828125,-1202.4000244140625,-1174.6800537109375
17325,-1287.93994140625,0.0,0.0,7.032342433929443,-1287.93994140625,-1284.0,64.41162109375,-1396.6600341796875,-1389.199951171875,-1372.199951171875,-1338.75,-1284.0,-1229.75,-1210.800048828125,-1202.4000244140625,-1174.6800537109375
17332,-1287.93994140625,0.0,0.0,7.0343194007873535,-1287.93994140625,-1284.0,64.41162109375,-1396.6600341796875,-1389.199951171875,-1372.199951171875,-1338.75,-1284.0,-1229.75,-1210.800048828125,-1202.4000244140625,-1174.6800537109375
17339,-1287.93994140625,0.0,0.0,7.030767440795898,-1287.93994140625,-1284.0,64.41162109375,-1396.6600341796875,-1389.199951171875,-1372.199951171875,-1338.75,-1284.0,-1229.75,-1210.800048828125,-1202.4000244140625,-1174.6800537109375
17346,-1287.93994140625,0.0,0.0,7.019113540649414,-1287.93994140625,-1284.0,64.41162109375,-1396.6600341796875,-1389.199951171875,-1372.199951171875,-1338.75,-1284.0,-1229.75,-1210.800048828125,-1202.4000244140625,-1174.6800537109375
17353,-1287.93994140625,0.0,0.0,7.01655387878418,-1287.93994140625,-1284.0,64.41162109375,-1396.6600341796875,-1389.199951171875,-1372.199951171875,-1338.75,-1284.0,-1229.75,-1210.800048828125,-1202.4000244140625,-1174.6800537109375
17360,-1287.93994140625,0.0,0.0,7.0191264152526855,-1287.93994140625,-1284.0,64.41162109375,-1396.6600341796875,-1389.199951171875,-1372.199951171875,-1338.75,-1284.0,-1229.75,-1210.800048828125,-1202.4000244140625,-1174.6800537109375
17367,-1287.93994140625,0.0,0.0,7.014484882354736,-1287.93994140625,-1284.0,64.41162109375,-1396.6600341796875,-1389.199951171875,-1372.199951171875,-1338.75,-1284.0,-1229.75,-1210.800048828125,-1202.4000244140625,-1174.6800537109375
17374,-1287.93994140625,0.0,0.0,7.0118889808654785,-1287.93994140625,-1284.0,64.41162109375,-1396.6600341796875,-1389.199951171875,-1372.199951171875,-1338.75,-1284.0,-1229.75,-1210.800048828125,-1202.4000244140625,-1174.6800537109375
17381,-1287.93994140625,0.0,0.0,7.005980014801025,-1287.93994140625,-1284.0,64.41162109375,-1396.6600341796875,-1389.199951171875,-1372.199951171875,-1338.75,-1284.0,-1229.75,-1210.800048828125,-1202.4000244140625,-1174.6800537109375
17388,-1287.93994140625,0.0,0.0,7.0043535232543945,-1287.93994140625,-1284.0,64.41162109375,-1396.6600341796875,-1389.199951171875,-1372.199951171875,-1338.75,-1284.0,-1229.75,-1210.800048828125,-1202.4000244140625,-1174.6800537109375
17395,-1287.93994140625,0.0,0.0,7.00175142288208,-1287.93994140625,-1284.0,64.41162109375,-1396.6600341796875,-1389.199951171875,-1372.199951171875,-1338.75,-1284.0,-1229.75,-1210.800048828125,-1202.4000244140625,-1174.6800537109375
17402,-1287.9599609375,0.0,0.0,7.004112243652344,-1287.9599609375,-1284.0,64.42622375488281,-1396.6600341796875,-1389.199951171875,-1372.199951171875,-1338.75,-1284.0,-1229.75,-1210.800048828125,-1202.4000244140625,-1174.6800537109375
17409,-1287.9599609375,0.0,0.0,6.996676921844482,-1287.9599609375,-1284.0,64.42622375488281,-1396.6600341796875,-1389.199951171875,-1372.199951171875,-1338.75,-1284.0,-1229.75,-1210.800048828125,-1202.4000244140625,-1174.6800537109375
17416,-1287.9599609375,0.0,0.0,6.995396137237549,-1287.9599609375,-1284.0,64.42622375488281,-1396.6600341796875,-1389.199951171875,-1372.199951171875,-1338.75,-1284.0,-1229.75,-1210.800048828125,-1202.4000244140625,-1174.6800537109375
17423,-1287.9599609375,0.0,0.0,6.992818355560303,-1287.9599609375,-1284.0,64.42622375488281,-1396.6600341796875,-1389.199951171875,-1372.199951171875,-1338.75,-1284.0,-1229.75,-1210.800048828125,-1202.4000244140625,-1174.6800537109375
17430,-1287.9599609375,0.0,0.0,6.990618705749512,-1287.9599609375,-1284.0,64.42622375488281,-1396.6600341796875,-1389.199951171875,-1372.199951171875,-1338.75,-1284.0,-1229.75,-1210.800048828125,-1202.4000244140625,-1174.6800537109375
17437,-1287.9599609375,0.0,0.0,6.989624977111816,-1287.9599609375,-1284.0,64.42622375488281,-1396.6600341796875,-1389.199951171875,-1372.199951171875,-1338.75,-1284.0,-1229.75,-1210.800048828125,-1202.4000244140625,-1174.6800537109375
17444,-1287.9599609375,0.0,0.0,6.980955123901367,-1287.9599609375,-1284.0,64.42622375488281,-1396.6600341796875,-1389.199951171875,-1372.199951171875,-1338.75,-1284.0,-1229.75,-1210.800048828125,-1202.4000244140625,-1174.6800537109375
17451,-1287.9599609375,0.0,0.0,6.980946063995361,-1287.9599609375,-1284.0,64.42622375488281,-1396.6600341796875,-1389.199951171875,-1372.199951171875,-1338.75,-1284.0,-1229.75,-1210.800048828125,-1202.4000244140625,-1174.6800537109375
17458,-1287.9599609375,0.0,0.0,6.981177806854248,-1287.9599609375,-1284.0,64.42622375488281,-1396.6600341796875,-1389.199951171875,-1372.199951171875,-1338.75,-1284.0,-1229.75,-1210.800048828125,-1202.4000244140625,-1174.6800537109375
17465,-1287.97998046875,0.0,0.0,6.977856159210205,-1287.97998046875,-1284.0,64.4343032836914,-1396.6600341796875,-1389.199951171875,-1372.199951171875,-1338.75,-1284.0,-1229.75,-1210.800048828125,-1202.4000244140625,-1174.6800537109375
17472,-1287.97998046875,0.0,0.0,6.975756645202637,-1287.97998046875,-1284.0,64.4343032836914,-1396.6600341796875,-1389.199951171875,-1372.199951171875,-1338.75,-1284.0,-1229.75,-1210.800048828125,-1202.4000244140625,-1174.6800537109375
17479,-1287.97998046875,0.0,0.0,6.972125053405762,-1287.97998046875,-1284.0,64.4343032836914,-1396.6600341796875,-1389.199951171875,-1372.199951171875,-1338.75,-1284.0,-1229.75,-1210.800048828125,-1202.4000244140625,-1174.6800537109375
17486,-1287.97998046875,0.0,0.0,6.97288703918457,-1287.97998046875,-1284.0,64.4343032836914,-1396.6600341796875,-1389.199951171875,-1372.199951171875,-1338.75,-1284.0,-1229.75,-1210.800048828125,-1202.4000244140625,-1174.6800537109375
17493,-1287.97998046875,0.0,0.0,6.964081287384033,-1287.97998046875,-1284.0,64.4343032836914,-1396.6600341796875,-1389.199951171875,-1372.199951171875,-1338.75,-1284.0,-1229.75,-1210.800048828125,-1202.4000244140625,-1174.6800537109375
17500,-1288.02001953125,0.0,0.0,6.967061519622803,-1288.02001953125,-1284.0,64.42313385009766,-1396.6600341796875,-1389.199951171875,-1372.199951171875,-1338.75,-1284.0,-1229.75,-1210.800048828125,-1202.4000244140625,-1174.6800537109375
17507,-1288.02001953125,0.0,0.0,6.966448783874512,-1288.02001953125,-1284.0,64.42313385009766,-1396.6600341796875,-1389.199951171875,-1372.199951171875,-1338.75,-1284.0,-1229.75,-1210.800048828125,-1202.4000244140625,-1174.6800537109375
17514,-1288.02001953125,0.0,0.0,6.9624528884887695,-1288.02001953125,-1284.0,64.42313385009766,-1396.6600341796875,-1389.199951171875,-1372.199951171875,-1338.75,-1284.0,-1229.75,-1210.800048828125,-1202.4000244140625,-1174.6800537109375
17521,-1288.0399169921875,0.0,0.0,6.957531452178955,-1288.0400390625,-1284.0,64.41194152832031,-1396.6600341796875,-1389.199951171875,-1372.199951171875,-1338.75,-1284.0,-1229.75,-1210.800048828125,-1202.4000244140625,-1174.6800537109375
17528,-1288.0399169921875,0.0,0.0,6.950221538543701,-1288.0400390625,-1284.0,64.41194152832031,-1396.6600341796875,-1389.199951171875,-1372.199951171875,-1338.75,-1284.0,-1229.75,-1210.800048828125,-1202.4000244140625,-1174.6800537109375
17535,-1288.0399169921875,0.0,0.0,6.948827743530273,-1288.0400390625,-1284.0,64.41194152832031,-1396.6600341796875,-1389.199951171875,-1372.199951171875,-1338.75,-1284.0,-1229.75,-1210.800048828125,-1202.4000244140625,-1174.6800537109375
17542,-1288.0399169921875,0.0,0.0,6.941839218139648,-1288.0400390625,-1284.0,64.41194152832031,-1396.6600341796875,-1389.199951171875,-1372.199951171875,-1338.75,-1284.0,-1229.75,-1210.800048828125,-1202.4000244140625,-1174.6800537109375
17549,-1288.0399169921875,0.0,0.0,6.93585729598999,-1288.0400390625,-1284.0,64.41194152832031,-1396.6600341796875,-1389.199951171875,-1372.199951171875,-1338.75,-1284.0,-1229.75,-1210.800048828125,-1202.4000244140625,-1174.6800537109375
17556,-1288.0399169921875,0.0,0.0,6.937304973602295,-1288.0400390625,-1284.0,64.41194152832031,-1396.6600341796875,-1389.199951171875,-1372.199951171875,-1338.75,-1284.0,-1229.75,-1210.800048828125,-1202.4000244140625,-1174.6800537109375
17563,-1288.0399169921875,0.0,0.0,6.937964916229248,-1288.0400390625,-1284.0,64.41194152832031,-1396.6600341796875,-1389.199951171875,-1372.199951171875,-1338.75,-1284.0,-1229.75,-1210.800048828125,-1202.4000244140625,-1174.6800537109375
17570,-1288.0799560546875,0.0,0.0,6.939407825469971,-1288.0799560546875,-1284.0,64.3690414428711,-1396.6600341796875,-1389.199951171875,-1372.199951171875,-1338.75,-1284.0,-1229.75,-1210.800048828125,-1202.4000244140625,-1174.6800537109375
17577,-1288.0799560546875,0.0,0.0,6.938058853149414,-1288.0799560546875,-1284.0,64.3690414428711,-1396.6600341796875,-1389.199951171875,-1372.199951171875,-1338.75,-1284.0,-1229.75,-1210.800048828125,-1202.4000244140625,-1174.6800537109375
17584,-1288.0799560546875,0.0,0.0,6.930893421173096,-1288.0799560546875,-1284.0,64.3690414428711,-1396.6600341796875,-1389.199951171875,-1372.199951171875,-1338.75,-1284.0,-1229.75,-1210.800048828125,-1202.4000244140625,-1174.6800537109375
17591,-1288.0999755859375,0.0,0.0,6.928929805755615,-1288.0999755859375,-1284.0,64.34477233886719,-1396.6600341796875,-1389.199951171875,-1372.199951171875,-1338.75,-1284.0,-1229.75,-1211.0,-1202.4000244140625,-1174.6800537109375
17598,-1288.0999755859375,0.0,0.0,6.92547607421875,-1288.0999755859375,-1284.0,64.34477233886719,-1396.6600341796875,-1389.199951171875,-1372.199951171875,-1338.75,-1284.0,-1229.75,-1211.0,-1202.4000244140625,-1174.6800537109375
17605,-1288.0999755859375,0.0,0.0,6.925090312957764,-1288.0999755859375,-1284.0,64.34477233886719,-1396.6600341796875,-1389.199951171875,-1372.199951171875,-1338.75,-1284.0,-1229.75,-1211.0,-1202.4000244140625,-1174.6800537109375
17612,-1288.0999755859375,0.0,0.0,6.923680305480957,-1288.0999755859375,-1284.0,64.34477233886719,-1396.6600341796875,-1389.199951171875,-1372.199951171875,-1338.75,-1284.0,-1229.75,-1211.0,-1202.4000244140625,-1174.6800537109375
17619,-1288.0999755859375,0.0,0.0,6.915716171264648,-1288.0999755859375,-1284.0,64.34477233886719,-1396.6600341796875,-1389.199951171875,-1372.199951171875,-1338.75,-1284.0,-1229.75,-1211.0,-1202.4000244140625,-1174.6800537109375
17626,-1288.0999755859375,0.0,0.0,6.91139030456543,-1288.0999755859375,-1284.0,64.34477233886719,-1396.6600341796875,-1389.199951171875,-1372.199951171875,-1338.75,-1284.0,-1229.75,-1211.0,-1202.4000244140625,-1174.6800537109375
17633,-1288.1199951171875,0.0,0.0,6.904843807220459,-1288.1199951171875,-1284.0,64.32391357421875,-1396.6600341796875,-1389.199951171875,-1372.199951171875,-1338.75,-1284.0,-1229.75,-1211.0,-1202.4000244140625,-1174.6800537109375
17640,-1288.1199951171875,0.0,0.0,6.896428108215332,-1288.1199951171875,-1284.0,64.32391357421875,-1396.6600341796875,-1389.199951171875,-1372.199951171875,-1338.75,-1284.0,-1229.75,-1211.0,-1202.4000244140625,-1174.6800537109375
17647,-1288.1199951171875,0.0,0.0,6.896103858947754,-1288.1199951171875,-1284.0,64.32391357421875,-1396.6600341796875,-1389.199951171875,-1372.199951171875,-1338.75,-1284.0,-1229.75,-1211.0,-1202.4000244140625,-1174.6800537109375
17654,-1288.1199951171875,0.0,0.0,6.895748138427734,-1288.1199951171875,-1284.0,64.32391357421875,-1396.6600341796875,-1389.199951171875,-1372.199951171875,-1338.75,-1284.0,-1229.75,-1211.0,-1202.4000244140625,-1174.6800537109375
17661,-1288.1199951171875,0.0,0.0,6.895821571350098,-1288.1199951171875,-1284.0,64.32391357421875,-1396.6600341796875,-1389.199951171875,-1372.199951171875,-1338.75,-1284.0,-1229.75,-1211.0,-1202.4000244140625,-1174.6800537109375
17668,-1288.1199951171875,0.0,0.0,6.89750337600708,-1288.1199951171875,-1284.0,64.32391357421875,-1396.6600341796875,-1389.199951171875,-1372.199951171875,-1338.75,-1284.0,-1229.75,-1211.0,-1202.4000244140625,-1174.6800537109375
17675,-1288.1199951171875,0.0,0.0,6.89164924621582,-1288.1199951171875,-1284.0,64.32391357421875,-1396.6600341796875,-1389.199951171875,-1372.199951171875,-1338.75,-1284.0,-1229.75,-1211.0,-1202.4000244140625,-1174.6800537109375
17682,-1288.1199951171875,0.0,0.0,6.885148048400879,-1288.1199951171875,-1284.0,64.32391357421875,-1396.6600341796875,-1389.199951171875,-1372.199951171875,-1338.75,-1284.0,-1229.75,-1211.0,-1202.4000244140625,-1174.6800537109375
17689,-1288.1199951171875,0.0,0.0,6.880057334899902,-1288.1199951171875,-1284.0,64.32391357421875,-1396.6600341796875,-1389.199951171875,-1372.199951171875,-1338.75,-1284.0,-1229.75,-1211.0,-1202.4000244140625,-1174.6800537109375
17696,-1288.1199951171875,0.0,0.0,6.880270004272461,-1288.1199951171875,-1284.0,64.32391357421875,-1396.6600341796875,-1389.199951171875,-1372.199951171875,-1338.75,-1284.0,-1229.75,-1211.0,-1202.4000244140625,-1174.6800537109375
17703,-1288.1199951171875,0.0,0.0,6.87614107131958,-1288.1199951171875,-1284.0,64.32391357421875,-1396.6600341796875,-1389.199951171875,-1372.199951171875,-1338.75,-1284.0,-1229.75,-1211.0,-1202.4000244140625,-1174.6800537109375
17710,-1288.1199951171875,0.0,0.0,6.870730400085449,-1288.1199951171875,-1284.0,64.32391357421875,-1396.6600341796875,-1389.199951171875,-1372.199951171875,-1338.75,-1284.0,-1229.75,-1211.0,-1202.4000244140625,-1174.6800537109375
17717,-1288.1199951171875,0.0,0.0,6.863326072692871,-1288.1199951171875,-1284.0,64.32391357421875,-1396.6600341796875,-1389.199951171875,-1372.199951171875,-1338.75,-1284.0,-1229.75,-1211.0,-1202.4000244140625,-1174.6800537109375
17724,-1288.1199951171875,0.0,0.0,6.862241268157959,-1288.1199951171875,-1284.0,64.32391357421875,-1396.6600341796875,-1389.199951171875,-1372.199951171875,-1338.75,-1284.0,-1229.75,-1211.0,-1202.4000244140625,-1174.6800537109375
17731,-1288.1199951171875,0.0,0.0,6.8588547706604,-1288.1199951171875,-1284.0,64.32391357421875,-1396.6600341796875,-1389.199951171875,-1372.199951171875,-1338.75,-1284.0,-1229.75,-1211.0,-1202.4000244140625,-1174.6800537109375
17738,-1288.1199951171875,0.0,0.0,6.862298488616943,-1288.1199951171875,-1284.0,64.32391357421875,-1396.6600341796875,-1389.199951171875,-1372.199951171875,-1338.75,-1284.0,-1229.75,-1211.0,-1202.4000244140625,-1174.6800537109375
17745,-1288.1199951171875,0.0,0.0,6.858479022979736,-1288.1199951171875,-1284.0,64.32391357421875,-1396.6600341796875,-1389.199951171875,-1372.199951171875,-1338.75,-1284.0,-1229.75,-1211.0,-1202.4000244140625,-1174.6800537109375
17752,-1288.1199951171875,0.0,0.0,6.849417686462402,-1288.1199951171875,-1284.0,64.32391357421875,-1396.6600341796875,-1389.199951171875,-1372.199951171875,-1338.75,-1284.0,-1229.75,-1211.0,-1202.4000244140625,-1174.6800537109375
17759,-1288.1199951171875,0.0,0.0,6.840694427490234,-1288.1199951171875,-1284.0,64.32391357421875,-1396.6600341796875,-1389.199951171875,-1372.199951171875,-1338.75,-1284.0,-1229.75,-1211.0,-1202.4000244140625,-1174.6800537109375
17766,-1288.179931640625,0.0,0.0,6.839410781860352,-1288.1800537109375,-1284.0,64.26591491699219,-1396.6600341796875,-1389.199951171875,-1372.199951171875,-1338.75,-1284.0,-1229.75,-1211.0,-1202.4000244140625,-1174.6800537109375
17773,-1288.179931640625,0.0,0.0,6.83718729019165,-1288.1800537109375,-1284.0,64.26591491699219,-1396.6600341796875,-1389.199951171875,-1372.199951171875,-1338.75,-1284.0,-1229.75,-1211.0,-1202.4000244140625,-1174.6800537109375
17780,-1288.179931640625,0.0,0.0,6.840420246124268,-1288.1800537109375,-1284.0,64.26591491699219,-1396.6600341796875,-1389.199951171875,-1372.199951171875,-1338.75,-1284.0,-1229.75,-1211.0,-1202.4000244140625,-1174.6800537109375
17787,-1288.179931640625,0.0,0.0,6.833835124969482,-1288.1800537109375,-1284.0,64.26591491699219,-1396.6600341796875,-1389.199951171875,-1372.199951171875,-1338.75,-1284.0,-1229.75,-1211.0,-1202.4000244140625,-1174.6800537109375
17794,-1288.179931640625,0.0,0.0,6.829933166503906,-1288.1800537109375,-1284.0,64.26591491699219,-1396.6600341796875,-1389.199951171875,-1372.199951171875,-1338.75,-1284.0,-1229.75,-1211.0,-1202.4000244140625,-1174.6800537109375
17801,-1288.179931640625,0.0,0.0,6.827792167663574,-1288.1800537109375,-1284.0,64.26591491699219,-1396.6600341796875,-1389.199951171875,-1372.199951171875,-1338.75,-1284.0,-1229.75,-1211.0,-1202.4000244140625,-1174.6800537109375
17808,-1288.179931640625,0.0,0.0,6.823225021362305,-1288.1800537109375,-1284.0,64.26591491699219,-1396.6600341796875,-1389.199951171875,-1372.199951171875,-1338.75,-1284.0,-1229.75,-1211.0,-1202.4000244140625,-1174.6800537109375
17815,-1288.179931640625,0.0,0.0,6.818430423736572,-1288.1800537109375,-1284.0,64.26591491699219,-1396.6600341796875,-1389.199951171875,-1372.199951171875,-1338.75,-1284.0,-1229.75,-1211.0,-1202.4000244140625,-1174.6800537109375
17822,-1288.179931640625,0.0,0.0,6.8131327629089355,-1288.1800537109375,-1284.0,64.26591491699219,-1396.6600341796875,-1389.199951171875,-1372.199951171875,-1338.75,-1284.0,-1229.75,-1211.0,-1202.4000244140625,-1174.6800537109375
17829,-1288.179931640625,0.0,0.0,6.812343120574951,-1288.1800537109375,-1284.0,64.26591491699219,-1396.6600341796875,-1389.199951171875,-1372.199951171875,-1338.75,-1284.0,-1229.75,-1211.0,-1202.4000244140625,-1174.6800537109375
17836,-1288.179931640625,0.0,0.0,6.80429744720459,-1288.1800537109375,-1284.0,64.26591491699219,-1396.6600341796875,-1389.199951171875,-1372.199951171875,-1338.75,-1284.0,-1229.75,-1211.0,-1202.4000244140625,-1174.6800537109375
17843,-1288.179931640625,0.0,0.0,6.8038530349731445,-1288.1800537109375,-1284.0,64.26591491699219,-1396.6600341796875,-1389.199951171875,-1372.199951171875,-1338.75,-1284.0,-1229.75,-1211.0,-1202.4000244140625,-1174.6800537109375
17850,-1288.179931640625,0.0,0.0,6.804174423217773,-1288.1800537109375,-1284.0,64.26591491699219,-1396.6600341796875,-1389.199951171875,-1372.199951171875,-1338.75,-1284.0,-1229.75,-1211.0,-1202.4000244140625,-1174.6800537109375
17857,-1288.179931640625,0.0,0.0,6.79356575012207,-1288.1800537109375,-1284.0,64.26591491699219,-1396.6600341796875,-1389.199951171875,-1372.199951171875,-1338.75,-1284.0,-1229.75,-1211.0,-1202.4000244140625,-1174.6800537109375
17864,-1288.179931640625,0.0,0.0,6.794554233551025,-1288.1800537109375,-1284.0,64.26591491699219,-1396.6600341796875,-1389.199951171875,-1372.199951171875,-1338.75,-1284.0,-1229.75,-1211.0,-1202.4000244140625,-1174.6800537109375
17871,-1288.179931640625,0.0,0.0,6.788186073303223,-1288.1800537109375,-1284.0,64.26591491699219,-1396.6600341796875,-1389.199951171875,-1372.199951171875,-1338.75,-1284.0,-1229.75,-1211.0,-1202.4000244140625,-1174.6800537109375
17878,-1288.179931640625,0.0,0.0,6.785867691040039,-1288.1800537109375,-1284.0,64.26591491699219,-1396.6600341796875,-1389.199951171875,-1372.199951171875,-1338.75,-1284.0,-1229.75,-1211.0,-1202.4000244140625,-1174.6800537109375
17885,-1288.179931640625,0.0,0.0,6.786343097686768,-1288.1800537109375,-1284.0,64.26591491699219,-1396.6600341796875,-1389.199951171875,-1372.199951171875,-1338.75,-1284.0,-1229.75,-1211.0,-1202.4000244140625,-1174.6800537109375
17892,-1288.179931640625,0.0,0.0,6.78033447265625,-1288.1800537109375,-1284.0,64.26591491699219,-1396.6600341796875,-1389.199951171875,-1372.199951171875,-1338.75,-1284.0,-1229.75,-1211.0,-1202.4000244140625,-1174.6800537109375
17899,-1288.179931640625,0.0,0.0,6.775866508483887,-1288.1800537109375,-1284.0,64.26591491699219,-1396.6600341796875,-1389.199951171875,-1372.199951171875,-1338.75,-1284.0,-1229.75,-1211.0,-1202.4000244140625,-1174.6800537109375
17906,-1288.179931640625,0.0,0.0,6.772256851196289,-1288.1800537109375,-1284.0,64.26591491699219,-1396.6600341796875,-1389.199951171875,-1372.199951171875,-1338.75,-1284.0,-1229.75,-1211.0,-1202.4000244140625,-1174.6800537109375
17913,-1288.179931640625,0.0,0.0,6.772989273071289,-1288.1800537109375,-1284.0,64.26591491699219,-1396.6600341796875,-1389.199951171875,-1372.199951171875,-1338.75,-1284.0,-1229.75,-1211.0,-1202.4000244140625,-1174.6800537109375
17920,-1288.179931640625,0.0,0.0,6.771420955657959,-1288.1800537109375,-1284.0,64.26591491699219,-1396.6600341796875,-1389.199951171875,-1372.199951171875,-1338.75,-1284.0,-1229.75,-1211.0,-1202.4000244140625,-1174.6800537109375
17927,-1288.179931640625,0.0,0.0,6.766299247741699,-1288.1800537109375,-1284.0,64.26591491699219,-1396.6600341796875,-1389.199951171875,-1372.199951171875,-1338.75,-1284.0,-1229.75,-1211.0,-1202.4000244140625,-1174.6800537109375
17934,-1288.179931640625,0.0,0.0,6.770668029785156,-1288.1800537109375,-1284.0,64.26591491699219,-1396.6600341796875,-1389.199951171875,-1372.199951171875,-1338.75,-1284.0,-1229.75,-1211.0,-1202.4000244140625,-1174.6800537109375
17941,-1288.179931640625,0.0,0.0,6.762083530426025,-1288.1800537109375,-1284.0,64.26591491699219,-1396.6600341796875,-1389.199951171875,-1372.199951171875,-1338.75,-1284.0,-1229.75,-1211.0,-1202.4000244140625,-1174.6800537109375
17948,-1288.179931640625,0.0,0.0,6.761081218719482,-1288.1800537109375,-1284.0,64.26591491699219,-1396.6600341796875,-1389.199951171875,-1372.199951171875,-1338.75,-1284.0,-1229.75,-1211.0,-1202.4000244140625,-1174.6800537109375
17955,-1288.179931640625,0.0,0.0,6.74912691116333,-1288.1800537109375,-1284.0,64.26591491699219,-1396.6600341796875,-1389.199951171875,-1372.199951171875,-1338.75,-1284.0,-1229.75,-1211.0,-1202.4000244140625,-1174.6800537109375
17962,-1288.179931640625,0.0,0.0,6.74383544921875,-1288.1800537109375,-1284.0,64.26591491699219,-1396.6600341796875,-1389.199951171875,-1372.199951171875,-1338.75,-1284.0,-1229.75,-1211.0,-1202.4000244140625,-1174.6800537109375
17969,-1288.179931640625,0.0,0.0,6.74030876159668,-1288.1800537109375,-1284.0,64.26591491699219,-1396.6600341796875,-1389.199951171875,-1372.199951171875,-1338.75,-1284.0,-1229.75,-1211.0,-1202.4000244140625,-1174.6800537109375
17976,-1288.179931640625,0.0,0.0,6.7335100173950195,-1288.1800537109375,-1284.0,64.26591491699219,-1396.6600341796875,-1389.199951171875,-1372.199951171875,-1338.75,-1284.0,-1229.75,-1211.0,-1202.4000244140625,-1174.6800537109375
17983,-1288.179931640625,0.0,0.0,6.727750301361084,-1288.1800537109375,-1284.0,64.26591491699219,-1396.6600341796875,-1389.199951171875,-1372.199951171875,-1338.75,-1284.0,-1229.75,-1211.0,-1202.4000244140625,-1174.6800537109375
17990,-1288.179931640625,0.0,0.0,6.7244791984558105,-1288.1800537109375,-1284.0,64.26591491699219,-1396.6600341796875,-1389.199951171875,-1372.199951171875,-1338.75,-1284.0,-1229.75,-1211.0,-1202.4000244140625,-1174.6800537109375
17997,-1288.179931640625,0.0,0.0,6.717122554779053,-1288.1800537109375,-1284.0,64.26591491699219,-1396.6600341796875,-1389.199951171875,-1372.199951171875,-1338.75,-1284.0,-1229.75,-1211.0,-1202.4000244140625,-1174.6800537109375
18004,-1288.179931640625,0.0,0.0,6.712814807891846,-1288.1800537109375,-1284.0,64.26591491699219,-1396.6600341796875,-1389.199951171875,-1372.199951171875,-1338.75,-1284.0,-1229.75,-1211.0,-1202.4000244140625,-1174.6800537109375
18011,-1288.179931640625,0.0,0.0,6.709878921508789,-1288.1800537109375,-1284.0,64.26591491699219,-1396.6600341796875,-1389.199951171875,-1372.199951171875,-1338.75,-1284.0,-1229.75,-1211.0,-1202.4000244140625,-1174.6800537109375
18018,-1288.179931640625,0.0,0.0,6.70823860168457,-1288.1800537109375,-1284.0,64.26591491699219,-1396.6600341796875,-1389.199951171875,-1372.199951171875,-1338.75,-1284.0,-1229.75,-1211.0,-1202.4000244140625,-1174.6800537109375
18025,-1288.179931640625,0.0,0.0,6.70665168762207,-1288.1800537109375,-1284.0,64.26591491699219,-1396.6600341796875,-1389.199951171875,-1372.199951171875,-1338.75,-1284.0,-1229.75,-1211.0,-1202.4000244140625,-1174.6800537109375
18032,-1288.179931640625,0.0,0.0,6.707630634307861,-1288.1800537109375,-1284.0,64.26591491699219,-1396.6600341796875,-1389.199951171875,-1372.199951171875,-1338.75,-1284.0,-1229.75,-1211.0,-1202.4000244140625,-1174.6800537109375
18039,-1288.179931640625,0.0,0.0,6.704823970794678,-1288.1800537109375,-1284.0,64.26591491699219,-1396.6600341796875,-1389.199951171875,-1372.199951171875,-1338.75,-1284.0,-1229.75,-1211.0,-1202.4000244140625,-1174.6800537109375
18046,-1288.199951171875,0.0,0.0,6.705870151519775,-1288.199951171875,-1284.0,64.25775909423828,-1396.6600341796875,-1389.199951171875,-1372.199951171875,-1338.75,-1284.0,-1229.75,-1211.0,-1202.4000244140625,-1174.6800537109375
18053,-1288.260009765625,0.0,0.0,6.707117557525635,-1288.260009765625,-1284.0,64.13978576660156,-1396.6600341796875,-1389.199951171875,-1372.199951171875,-1338.75,-1284.0,-1229.75,-1211.0,-1202.4000244140625,-1174.800048828125
18060,-1288.2999267578125,0.0,0.0,6.705023765563965,-1288.300048828125,-1284.0,64.09407043457031,-1396.6600341796875,-1389.199951171875,-1372.199951171875,-1338.75,-1284.0,-1229.75,-1211.0,-1202.4000244140625,-1174.800048828125
18067,-1288.2999267578125,0.0,0.0,6.704960823059082,-1288.300048828125,-1284.0,64.09407043457031,-1396.6600341796875,-1389.199951171875,-1372.199951171875,-1338.75,-1284.0,-1229.75,-1211.0,-1202.4000244140625,-1174.800048828125
18074,-1288.2999267578125,0.0,0.0,6.706937789916992,-1288.300048828125,-1284.0,64.09407043457031,-1396.6600341796875,-1389.199951171875,-1372.199951171875,-1338.75,-1284.0,-1229.75,-1211.0,-1202.4000244140625,-1174.800048828125
18081,-1288.2999267578125,0.0,0.0,6.706545352935791,-1288.300048828125,-1284.0,64.09407043457031,-1396.6600341796875,-1389.199951171875,-1372.199951171875,-1338.75,-1284.0,-1229.75,-1211.0,-1202.4000244140625,-1174.800048828125
18088,-1288.2999267578125,0.0,0.0,6.702115535736084,-1288.300048828125,-1284.0,64.09407043457031,-1396.6600341796875,-1389.199951171875,-1372.199951171875,-1338.75,-1284.0,-1229.75,-1211.0,-1202.4000244140625,-1174.800048828125
18095,-1288.2999267578125,0.0,0.0,6.695762634277344,-1288.300048828125,-1284.0,64.09407043457031,-1396.6600341796875,-1389.199951171875,-1372.199951171875,-1338.75,-1284.0,-1229.75,-1211.0,-1202.4000244140625,-1174.800048828125
18102,-1288.2999267578125,0.0,0.0,6.690349102020264,-1288.300048828125,-1284.0,64.09407043457031,-1396.6600341796875,-1389.199951171875,-1372.199951171875,-1338.75,-1284.0,-1229.75,-1211.0,-1202.4000244140625,-1174.800048828125
18109,-1288.2999267578125,0.0,0.0,6.691436767578125,-1288.300048828125,-1284.0,64.09407043457031,-1396.6600341796875,-1389.199951171875,-1372.199951171875,-1338.75,-1284.0,-1229.75,-1211.0,-1202.4000244140625,-1174.800048828125
18116,-1288.2999267578125,0.0,0.0,6.6846604347229,-1288.300048828125,-1284.0,64.09407043457031,-1396.6600341796875,-1389.199951171875,-1372.199951171875,-1338.75,-1284.0,-1229.75,-1211.0,-1202.4000244140625,-1174.800048828125
18123,-1288.2999267578125,0.0,0.0,6.68549919128418,-1288.300048828125,-1284.0,64.09407043457031,-1396.6600341796875,-1389.199951171875,-1372.199951171875,-1338.75,-1284.0,-1229.75,-1211.0,-1202.4000244140625,-1174.800048828125
18130,-1288.2999267578125,0.0,0.0,6.67570686340332,-1288.300048828125,-1284.0,64.09407043457031,-1396.6600341796875,-1389.199951171875,-1372.199951171875,-1338.75,-1284.0,-1229.75,-1211.0,-1202.4000244140625,-1174.800048828125
18137,-1288.2999267578125,0.0,0.0,6.671509742736816,-1288.300048828125,-1284.0,64.09407043457031,-1396.6600341796875,-1389.199951171875,-1372.199951171875,-1338.75,-1284.0,-1229.75,-1211.0,-1202.4000244140625,-1174.800048828125
18144,-1288.2999267578125,0.0,0.0,6.67317008972168,-1288.300048828125,-1284.0,64.09407043457031,-1396.6600341796875,-1389.199951171875,-1372.199951171875,-1338.75,-1284.0,-1229.75,-1211.0,-1202.4000244140625,-1174.800048828125
18151,-1288.2999267578125,0.0,0.0,6.677639007568359,-1288.300048828125,-1284.0,64.09407043457031,-1396.6600341796875,-1389.199951171875,-1372.199951171875,-1338.75,-1284.0,-1229.75,-1211.0,-1202.4000244140625,-1174.800048828125
18158,-1288.3199462890625,0.0,0.0,6.675239562988281,-1288.3199462890625,-1284.0,64.08492279052734,-1396.6600341796875,-1389.199951171875,-1372.199951171875,-1338.75,-1284.0,-1229.75,-1211.0,-1202.4000244140625,-1174.800048828125
18165,-1288.3199462890625,0.0,0.0,6.674192428588867,-1288.3199462890625,-1284.0,64.08492279052734,-1396.6600341796875,-1389.199951171875,-1372.199951171875,-1338.75,-1284.0,-1229.75,-1211.0,-1202.4000244140625,-1174.800048828125
18172,-1288.3199462890625,0.0,0.0,6.659468650817871,-1288.3199462890625,-1284.0,64.08492279052734,-1396.6600341796875,-1389.199951171875,-1372.199951171875,-1338.75,-1284.0,-1229.75,-1211.0,-1202.4000244140625,-1174.800048828125
18179,-1288.3199462890625,0.0,0.0,6.663692474365234,-1288.3199462890625,-1284.0,64.08492279052734,-1396.6600341796875,-1389.199951171875,-1372.199951171875,-1338.75,-1284.0,-1229.75,-1211.0,-1202.4000244140625,-1174.800048828125
18186,-1288.3599853515625,0.0,0.0,6.661590576171875,-1288.3599853515625,-1284.0,64.046630859375,-1396.6600341796875,-1389.199951171875,-1372.199951171875,-1338.75,-1284.0,-1229.75,-1211.0,-1202.4000244140625,-1176.760009765625
18193,-1288.3599853515625,0.0,0.0,6.659402370452881,-1288.3599853515625,-1284.0,64.046630859375,-1396.6600341796875,-1389.199951171875,-1372.199951171875,-1338.75,-1284.0,-1229.75,-1211.0,-1202.4000244140625,-1176.760009765625
18200,-1288.3599853515625,0.0,0.0,6.662139892578125,-1288.3599853515625,-1284.0,64.046630859375,-1396.6600341796875,-1389.199951171875,-1372.199951171875,-1338.75,-1284.0,-1229.75,-1211.0,-1202.4000244140625,-1176.760009765625
18207,-1288.3599853515625,0.0,0.0,6.661665916442871,-1288.3599853515625,-1284.0,64.046630859375,-1396.6600341796875,-1389.199951171875,-1372.199951171875,-1338.75,-1284.0,-1229.75,-1211.0,-1202.4000244140625,-1176.760009765625
18214,-1288.3599853515625,0.0,0.0,6.652619361877441,-1288.3599853515625,-1284.0,64.046630859375,-1396.6600341796875,-1389.199951171875,-1372.199951171875,-1338.75,-1284.0,-1229.75,-1211.0,-1202.4000244140625,-1176.760009765625
18221,-1288.3599853515625,0.0,0.0,6.646993160247803,-1288.3599853515625,-1284.0,64.046630859375,-1396.6600341796875,-1389.199951171875,-1372.199951171875,-1338.75,-1284.0,-1229.75,-1211.0,-1202.4000244140625,-1176.760009765625
18228,-1288.3599853515625,0.0,0.0,6.644553184509277,-1288.3599853515625,-1284.0,64.046630859375,-1396.6600341796875,-1389.199951171875,-1372.199951171875,-1338.75,-1284.0,-1229.75,-1211.0,-1202.4000244140625,-1176.760009765625
18235,-1288.3599853515625,0.0,0.0,6.644896030426025,-1288.3599853515625,-1284.0,64.046630859375,-1396.6600341796875,-1389.199951171875,-1372.199951171875,-1338.75,-1284.0,-1229.75,-1211.0,-1202.4000244140625,-1176.760009765625
18242,-1288.3599853515625,0.0,0.0,6.645813941955566,-1288.3599853515625,-1284.0,64.046630859375,-1396.6600341796875,-1389.199951171875,-1372.199951171875,-1338.75,-1284.0,-1229.75,-1211.0,-1202.4000244140625,-1176.760009765625
18249,-1288.3599853515625,0.0,0.0,6.642889022827148,-1288.3599853515625,-1284.0,64.046630859375,-1396.6600341796875,-1389.199951171875,-1372.199951171875,-1338.75,-1284.0,-1229.75,-1211.0,-1202.4000244140625,-1176.760009765625
18256,-1288.3599853515625,0.0,0.0,6.641170024871826,-1288.3599853515625,-1284.0,64.046630859375,-1396.6600341796875,-1389.199951171875,-1372.199951171875,-1338.75,-1284.0,-1229.75,-1211.0,-1202.4000244140625,-1176.760009765625
18263,-1288.3599853515625,0.0,0.0,6.645424842834473,-1288.3599853515625,-1284.0,64.046630859375,-1396.6600341796875,-1389.199951171875,-1372.199951171875,-1338.75,-1284.0,-1229.75,-1211.0,-1202.4000244140625,-1176.760009765625
18270,-1288.3599853515625,0.0,0.0,6.649018287658691,-1288.3599853515625,-1284.0,64.046630859375,-1396.6600341796875,-1389.199951171875,-1372.199951171875,-1338.75,-1284.0,-1229.75,-1211.0,-1202.4000244140625,-1176.760009765625
18277,-1288.3599853515625,0.0,0.0,6.6400604248046875,-1288.3599853515625,-1284.0,64.046630859375,-1396.6600341796875,-1389.199951171875,-1372.199951171875,-1338.75,-1284.0,-1229.75,-1211.0,-1202.4000244140625,-1176.760009765625
18284,-1288.3599853515625,0.0,0.0,6.628857135772705,-1288.3599853515625,-1284.0,64.046630859375,-1396.6600341796875,-1389.199951171875,-1372.199951171875,-1338.75,-1284.0,-1229.75,-1211.0,-1202.4000244140625,-1176.760009765625
18291,-1288.3599853515625,0.0,0.0,6.629390716552734,-1288.3599853515625,-1284.0,64.046630859375,-1396.6600341796875,-1389.199951171875,-1372.199951171875,-1338.75,-1284.0,-1229.75,-1211.0,-1202.4000244140625,-1176.760009765625
18298,-1288.3599853515625,0.0,0.0,6.624995708465576,-1288.3599853515625,-1284.0,64.046630859375,-1396.6600341796875,-1389.199951171875,-1372.199951171875,-1338.75,-1284.0,-1229.75,-1211.0,-1202.4000244140625,-1176.760009765625
18305,-1288.3599853515625,0.0,0.0,6.617157936096191,-1288.3599853515625,-1284.0,64.046630859375,-1396.6600341796875,-1389.199951171875,-1372.199951171875,-1338.75,-1284.0,-1229.75,-1211.0,-1202.4000244140625,-1176.760009765625
18312,-1288.3599853515625,0.0,0.0,6.615621089935303,-1288.3599853515625,-1284.0,64.046630859375,-1396.6600341796875,-1389.199951171875,-1372.199951171875,-1338.75,-1284.0,-1229.75,-1211.0,-1202.4000244140625,-1176.760009765625
18319,-1288.3599853515625,0.0,0.0,6.612016677856445,-1288.3599853515625,-1284.0,64.046630859375,-1396.6600341796875,-1389.199951171875,-1372.199951171875,-1338.75,-1284.0,-1229.75,-1211.0,-1202.4000244140625,-1176.760009765625
18326,-1288.3599853515625,0.0,0.0,6.605057716369629,-1288.3599853515625,-1284.0,64.046630859375,-1396.6600341796875,-1389.199951171875,-1372.199951171875,-1338.75,-1284.0,-1229.75,-1211.0,-1202.4000244140625,-1176.760009765625
18333,-1288.3599853515625,0.0,0.0,6.607890605926514,-1288.3599853515625,-1284.0,64.046630859375,-1396.6600341796875,-1389.199951171875,-1372.199951171875,-1338.75,-1284.0,-1229.75,-1211.0,-1202.4000244140625,-1176.760009765625
18340,-1288.3599853515625,0.0,0.0,6.61143159866333,-1288.3599853515625,-1284.0,64.046630859375,-1396.6600341796875,-1389.199951171875,-1372.199951171875,-1338.75,-1284.0,-1229.75,-1211.0,-1202.4000244140625,-1176.760009765625
18347,-1288.3599853515625,0.0,0.0,6.613057613372803,-1288.3599853515625,-1284.0,64.046630859375,-1396.6600341796875,-1389.199951171875,-1372.199951171875,-1338.75,-1284.0,-1229.75,-1211.0,-1202.4000244140625,-1176.760009765625
18354,-1288.3599853515625,0.0,0.0,6.61046028137207,-1288.3599853515625,-1284.0,64.046630859375,-1396.6600341796875,-1389.199951171875,-1372.199951171875,-1338.75,-1284.0,-1229.75,-1211.0,-1202.4000244140625,-1176.760009765625
18361,-1288.3599853515625,0.0,0.0,6.606766223907471,-1288.3599853515625,-1284.0,64.046630859375,-1396.6600341796875,-1389.199951171875,-1372.199951171875,-1338.75,-1284.0,-1229.75,-1211.0,-1202.4000244140625,-1176.760009765625
18368,-1288.3599853515625,0.0,0.0,6.607593059539795,-1288.3599853515625,-1284.0,64.046630859375,-1396.6600341796875,-1389.199951171875,-1372.199951171875,-1338.75,-1284.0,-1229.75,-1211.0,-1202.4000244140625,-1176.760009765625
18375,-1288.3599853515625,0.0,0.0,6.601412296295166,-1288.3599853515625,-1284.0,64.046630859375,-1396.6600341796875,-1389.199951171875,-1372.199951171875,-1338.75,-1284.0,-1229.75,-1211.0,-1202.4000244140625,-1176.760009765625
18382,-1288.3599853515625,0.0,0.0,6.602188587188721,-1288.3599853515625,-1284.0,64.046630859375,-1396.6600341796875,-1389.199951171875,-1372.199951171875,-1338.75,-1284.0,-1229.75,-1211.0,-1202.4000244140625,-1176.760009765625
18389,-1288.3599853515625,0.0,0.0,6.599274635314941,-1288.3599853515625,-1284.0,64.046630859375,-1396.6600341796875,-1389.199951171875,-1372.199951171875,-1338.75,-1284.0,-1229.75,-1211.0,-1202.4000244140625,-1176.760009765625
18396,-1288.3599853515625,0.0,0.0,6.596925735473633,-1288.3599853515625,-1284.0,64.046630859375,-1396.6600341796875,-1389.199951171875,-1372.199951171875,-1338.75,-1284.0,-1229.75,-1211.0,-1202.4000244140625,-1176.760009765625
18403,-1288.3599853515625,0.0,0.0,6.597910404205322,-1288.3599853515625,-1284.0,64.046630859375,-1396.6600341796875,-1389.199951171875,-1372.199951171875,-1338.75,-1284.0,-1229.75,-1211.0,-1202.4000244140625,-1176.760009765625
18410,-1288.3599853515625,0.0,0.0,6.592952728271484,-1288.3599853515625,-1284.0,64.046630859375,-1396.6600341796875,-1389.199951171875,-1372.199951171875,-1338.75,-1284.0,-1229.75,-1211.0,-1202.4000244140625,-1176.760009765625
18417,-1288.3599853515625,0.0,0.0,6.59100341796875,-1288.3599853515625,-1284.0,64.046630859375,-1396.6600341796875,-1389.199951171875,-1372.199951171875,-1338.75,-1284.0,-1229.75,-1211.0,-1202.4000244140625,-1176.760009765625
18424,-1288.3599853515625,0.0,0.0,6.588536262512207,-1288.3599853515625,-1284.0,64.046630859375,-1396.6600341796875,-1389.199951171875,-1372.199951171875,-1338.75,-1284.0,-1229.75,-1211.0,-1202.4000244140625,-1176.760009765625
18431,-1288.3599853515625,0.0,0.0,6.588878631591797,-1288.3599853515625,-1284.0,64.046630859375,-1396.6600341796875,-1389.199951171875,-1372.199951171875,-1338.75,-1284.0,-1229.75,-1211.0,-1202.4000244140625,-1176.760009765625
18438,-1288.3599853515625,0.0,0.0,6.588370323181152,-1288.3599853515625,-1284.0,64.046630859375,-1396.6600341796875,-1389.199951171875,-1372.199951171875,-1338.75,-1284.0,-1229.75,-1211.0,-1202.4000244140625,-1176.760009765625
18445,-1288.3599853515625,0.0,0.0,6.581493854522705,-1288.3599853515625,-1284.0,64.046630859375,-1396.6600341796875,-1389.199951171875,-1372.199951171875,-1338.75,-1284.0,-1229.75,-1211.0,-1202.4000244140625,-1176.760009765625
18452,-1288.3599853515625,0.0,0.0,6.581300735473633,-1288.3599853515625,-1284.0,64.046630859375,-1396.6600341796875,-1389.199951171875,-1372.199951171875,-1338.75,-1284.0,-1229.75,-1211.0,-1202.4000244140625,-1176.760009765625
18459,-1288.3599853515625,0.0,0.0,6.583731651306152,-1288.3599853515625,-1284.0,64.046630859375,-1396.6600341796875,-1389.199951171875,-1372.199951171875,-1338.75,-1284.0,-1229.75,-1211.0,-1202.4000244140625,-1176.760009765625
18466,-1288.3599853515625,0.0,0.0,6.581852912902832,-1288.3599853515625,-1284.0,64.046630859375,-1396.6600341796875,-1389.199951171875,-1372.199951171875,-1338.75,-1284.0,-1229.75,-1211.0,-1202.4000244140625,-1176.760009765625
18473,-1288.3599853515625,0.0,0.0,6.581792831420898,-1288.3599853515625,-1284.0,64.046630859375,-1396.6600341796875,-1389.199951171875,-1372.199951171875,-1338.75,-1284.0,-1229.75,-1211.0,-1202.4000244140625,-1176.760009765625
18480,-1288.3599853515625,0.0,0.0,6.581424236297607,-1288.3599853515625,-1284.0,64.046630859375,-1396.6600341796875,-1389.199951171875,-1372.199951171875,-1338.75,-1284.0,-1229.75,-1211.0,-1202.4000244140625,-1176.760009765625
18487,-1288.3599853515625,0.0,0.0,6.578706741333008,-1288.3599853515625,-1284.0,64.046630859375,-1396.6600341796875,-1389.199951171875,-1372.199951171875,-1338.75,-1284.0,-1229.75,-1211.0,-1202.4000244140625,-1176.760009765625
18494,-1288.3599853515625,0.0,0.0,6.580292701721191,-1288.3599853515625,-1284.0,64.046630859375,-1396.6600341796875,-1389.199951171875,-1372.199951171875,-1338.75,-1284.0,-1229.75,-1211.0,-1202.4000244140625,-1176.760009765625
18501,-1288.3599853515625,0.0,0.0,6.577871322631836,-1288.3599853515625,-1284.0,64.046630859375,-1396.6600341796875,-1389.199951171875,-1372.199951171875,-1338.75,-1284.0,-1229.75,-1211.0,-1202.4000244140625,-1176.760009765625
18508,-1288.3599853515625,0.0,0.0,6.576159477233887,-1288.3599853515625,-1284.0,64.046630859375,-1396.6600341796875,-1389.199951171875,-1372.199951171875,-1338.75,-1284.0,-1229.75,-1211.0,-1202.4000244140625,-1176.760009765625
18515,-1288.3599853515625,0.0,0.0,6.571056842803955,-1288.3599853515625,-1284.0,64.046630859375,-1396.6600341796875,-1389.199951171875,-1372.199951171875,-1338.75,-1284.0,-1229.75,-1211.0,-1202.4000244140625,-1176.760009765625
18522,-1288.3599853515625,0.0,0.0,6.5684733390808105,-1288.3599853515625,-1284.0,64.046630859375,-1396.6600341796875,-1389.199951171875,-1372.199951171875,-1338.75,-1284.0,-1229.75,-1211.0,-1202.4000244140625,-1176.760009765625
18529,-1288.3599853515625,0.0,0.0,6.56496000289917,-1288.3599853515625,-1284.0,64.046630859375,-1396.6600341796875,-1389.199951171875,-1372.199951171875,-1338.75,-1284.0,-1229.75,-1211.0,-1202.4000244140625,-1176.760009765625
18536,-1288.3599853515625,0.0,0.0,6.559991359710693,-1288.3599853515625,-1284.0,64.046630859375,-1396.6600341796875,-1389.199951171875,-1372.199951171875,-1338.75,-1284.0,-1229.75,-1211.0,-1202.4000244140625,-1176.760009765625
18543,-1288.3599853515625,0.0,0.0,6.5580973625183105,-1288.3599853515625,-1284.0,64.046630859375,-1396.6600341796875,-1389.199951171875,-1372.199951171875,-1338.75,-1284.0,-1229.75,-1211.0,-1202.4000244140625,-1176.760009765625
18550,-1288.3599853515625,0.0,0.0,6.548740863800049,-1288.3599853515625,-1284.0,64.046630859375,-1396.6600341796875,-1389.199951171875,-1372.199951171875,-1338.75,-1284.0,-1229.75,-1211.0,-1202.4000244140625,-1176.760009765625
18557,-1288.3599853515625,0.0,0.0,6.546552658081055,-1288.3599853515625,-1284.0,64.046630859375,-1396.6600341796875,-1389.199951171875,-1372.199951171875,-1338.75,-1284.0,-1229.75,-1211.0,-1202.4000244140625,-1176.760009765625
18564,-1288.3599853515625,0.0,0.0,6.54678201675415,-1288.3599853515625,-1284.0,64.046630859375,-1396.6600341796875,-1389.199951171875,-1372.199951171875,-1338.75,-1284.0,-1229.75,-1211.0,-1202.4000244140625,-1176.760009765625
18571,-1288.3599853515625,0.0,0.0,6.541479110717773,-1288.3599853515625,-1284.0,64.046630859375,-1396.6600341796875,-1389.199951171875,-1372.199951171875,-1338.75,-1284.0,-1229.75,-1211.0,-1202.4000244140625,-1176.760009765625
18578,-1288.3599853515625,0.0,0.0,6.5346808433532715,-1288.3599853515625,-1284.0,64.046630859375,-1396.6600341796875,-1389.199951171875,-1372.199951171875,-1338.75,-1284.0,-1229.75,-1211.0,-1202.4000244140625,-1176.760009765625
18585,-1288.3599853515625,0.0,0.0,6.530330657958984,-1288.3599853515625,-1284.0,64.046630859375,-1396.6600341796875,-1389.199951171875,-1372.199951171875,-1338.75,-1284.0,-1229.75,-1211.0,-1202.4000244140625,-1176.760009765625
18592,-1288.3599853515625,0.0,0.0,6.53021240234375,-1288.3599853515625,-1284.0,64.046630859375,-1396.6600341796875,-1389.199951171875,-1372.199951171875,-1338.75,-1284.0,-1229.75,-1211.0,-1202.4000244140625,-1176.760009765625
18599,-1288.3800048828125,0.0,0.0,6.528195858001709,-1288.3800048828125,-1284.0,64.05525207519531,-1396.6600341796875,-1389.199951171875,-1372.199951171875,-1338.75,-1284.0,-1229.75,-1211.0,-1202.4000244140625,-1176.760009765625
18606,-1288.3800048828125,0.0,0.0,6.530953884124756,-1288.3800048828125,-1284.0,64.05525207519531,-1396.6600341796875,-1389.199951171875,-1372.199951171875,-1338.75,-1284.0,-1229.75,-1211.0,-1202.4000244140625,-1176.760009765625
18613,-1288.43994140625,0.0,0.0,6.532407760620117,-1288.43994140625,-1284.0,64.03519439697266,-1396.6600341796875,-1389.199951171875,-1372.199951171875,-1338.75,-1284.0,-1229.75,-1211.0,-1202.4000244140625,-1176.760009765625
18620,-1288.43994140625,0.0,0.0,6.533018112182617,-1288.43994140625,-1284.0,64.03519439697266,-1396.6600341796875,-1389.199951171875,-1372.199951171875,-1338.75,-1284.0,-1229.75,-1211.0,-1202.4000244140625,-1176.760009765625
18627,-1288.43994140625,0.0,0.0,6.534747123718262,-1288.43994140625,-1284.0,64.03519439697266,-1396.6600341796875,-1389.199951171875,-1372.199951171875,-1338.75,-1284.0,-1229.75,-1211.0,-1202.4000244140625,-1176.760009765625
18634,-1288.43994140625,0.0,0.0,6.528678894042969,-1288.43994140625,-1284.0,64.03519439697266,-1396.6600341796875,-1389.199951171875,-1372.199951171875,-1338.75,-1284.0,-1229.75,-1211.0,-1202.4000244140625,-1176.760009765625
18641,-1288.43994140625,0.0,0.0,6.524466514587402,-1288.43994140625,-1284.0,64.03519439697266,-1396.6600341796875,-1389.199951171875,-1372.199951171875,-1338.75,-1284.0,-1229.75,-1211.0,-1202.4000244140625,-1176.760009765625
18648,-1288.43994140625,0.0,0.0,6.515281677246094,-1288.43994140625,-1284.0,64.03519439697266,-1396.6600341796875,-1389.199951171875,-1372.199951171875,-1338.75,-1284.0,-1229.75,-1211.0,-1202.4000244140625,-1176.760009765625
18655,-1288.43994140625,0.0,0.0,6.512510776519775,-1288.43994140625,-1284.0,64.03519439697266,-1396.6600341796875,-1389.199951171875,-1372.199951171875,-1338.75,-1284.0,-1229.75,-1211.0,-1202.4000244140625,-1176.760009765625
18662,-1288.43994140625,0.0,0.0,6.510749816894531,-1288.43994140625,-1284.0,64.03519439697266,-1396.6600341796875,-1389.199951171875,-1372.199951171875,-1338.75,-1284.0,-1229.75,-1211.0,-1202.4000244140625,-1176.760009765625
18669,-1288.43994140625,0.0,0.0,6.506535530090332,-1288.43994140625,-1284.0,64.03519439697266,-1396.6600341796875,-1389.199951171875,-1372.199951171875,-1338.75,-1284.0,-1229.75,-1211.0,-1202.4000244140625,-1176.760009765625
18676,-1288.43994140625,0.0,0.0,6.4986162185668945,-1288.43994140625,-1284.0,64.03519439697266,-1396.6600341796875,-1389.199951171875,-1372.199951171875,-1338.75,-1284.0,-1229.75,-1211.0,-1202.4000244140625,-1176.760009765625
18683,-1288.43994140625,0.0,0.0,6.497923374176025,-1288.43994140625,-1284.0,64.03519439697266,-1396.6600341796875,-1389.199951171875,-1372.199951171875,-1338.75,-1284.0,-1229.75,-1211.0,-1202.4000244140625,-1176.760009765625
18690,-1288.43994140625,0.0,0.0,6.487098693847656,-1288.43994140625,-1284.0,64.03519439697266,-1396.6600341796875,-1389.199951171875,-1372.199951171875,-1338.75,-1284.0,-1229.75,-1211.0,-1202.4000244140625,-1176.760009765625
18697,-1288.43994140625,0.0,0.0,6.485725402832031,-1288.43994140625,-1284.0,64.03519439697266,-1396.6600341796875,-1389.199951171875,-1372.199951171875,-1338.75,-1284.0,-1229.75,-1211.0,-1202.4000244140625,-1176.760009765625
18704,-1288.43994140625,0.0,0.0,6.485947132110596,-1288.43994140625,-1284.0,64.03519439697266,-1396.6600341796875,-1389.199951171875,-1372.199951171875,-1338.75,-1284.0,-1229.75,-1211.0,-1202.4000244140625,-1176.760009765625
18711,-1288.43994140625,0.0,0.0,6.484589576721191,-1288.43994140625,-1284.0,64.03519439697266,-1396.6600341796875,-1389.199951171875,-1372.199951171875,-1338.75,-1284.0,-1229.75,-1211.0,-1202.4000244140625,-1176.760009765625
18718,-1288.43994140625,0.0,0.0,6.480205059051514,-1288.43994140625,-1284.0,64.03519439697266,-1396.6600341796875,-1389.199951171875,-1372.199951171875,-1338.75,-1284.0,-1229.75,-1211.0,-1202.4000244140625,-1176.760009765625
18725,-1288.43994140625,0.0,0.0,6.477672576904297,-1288.43994140625,-1284.0,64.03519439697266,-1396.6600341796875,-1389.199951171875,-1372.199951171875,-1338.75,-1284.0,-1229.75,-1211.0,-1202.4000244140625,-1176.760009765625
18732,-1288.43994140625,0.0,0.0,6.475736618041992,-1288.43994140625,-1284.0,64.03519439697266,-1396.6600341796875,-1389.199951171875,-1372.199951171875,-1338.75,-1284.0,-1229.75,-1211.0,-1202.4000244140625,-1176.760009765625
18739,-1288.43994140625,0.0,0.0,6.473841190338135,-1288.43994140625,-1284.0,64.03519439697266,-1396.6600341796875,-1389.199951171875,-1372.199951171875,-1338.75,-1284.0,-1229.75,-1211.0,-1202.4000244140625,-1176.760009765625
18746,-1288.43994140625,0.0,0.0,6.476789474487305,-1288.43994140625,-1284.0,64.03519439697266,-1396.6600341796875,-1389.199951171875,-1372.199951171875,-1338.75,-1284.0,-1229.75,-1211.0,-1202.4000244140625,-1176.760009765625
18753,-1288.43994140625,0.0,0.0,6.480425834655762,-1288.43994140625,-1284.0,64.03519439697266,-1396.6600341796875,-1389.199951171875,-1372.199951171875,-1338.75,-1284.0,-1229.75,-1211.0,-1202.4000244140625,-1176.760009765625
18760,-1288.43994140625,0.0,0.0,6.482141971588135,-1288.43994140625,-1284.0,64.03519439697266,-1396.6600341796875,-1389.199951171875,-1372.199951171875,-1338.75,-1284.0,-1229.75,-1211.0,-1202.4000244140625,-1176.760009765625
18767,-1288.43994140625,0.0,0.0,6.478432655334473,-1288.43994140625,-1284.0,64.03519439697266,-1396.6600341796875,-1389.199951171875,-1372.199951171875,-1338.75,-1284.0,-1229.75,-1211.0,-1202.4000244140625,-1176.760009765625
18774,-1288.43994140625,0.0,0.0,6.475960731506348,-1288.43994140625,-1284.0,64.03519439697266,-1396.6600341796875,-1389.199951171875,-1372.199951171875,-1338.75,-1284.0,-1229.75,-1211.0,-1202.4000244140625,-1176.760009765625
18781,-1288.43994140625,0.0,0.0,6.47654390335083,-1288.43994140625,-1284.0,64.03519439697266,-1396.6600341796875,-1389.199951171875,-1372.199951171875,-1338.75,-1284.0,-1229.75,-1211.0,-1202.4000244140625,-1176.760009765625
18788,-1288.4599609375,0.0,0.0,6.473499774932861,-1288.4599609375,-1284.0,64.06159973144531,-1396.6600341796875,-1389.199951171875,-1374.0,-1338.75,-1284.0,-1229.75,-1211.0,-1202.4000244140625,-1176.760009765625
18795,-1288.4599609375,0.0,0.0,6.471210956573486,-1288.4599609375,-1284.0,64.06159973144531,-1396.6600341796875,-1389.199951171875,-1374.0,-1338.75,-1284.0,-1229.75,-1211.0,-1202.4000244140625,-1176.760009765625
18802,-1288.4599609375,0.0,0.0,6.470826148986816,-1288.4599609375,-1284.0,64.06159973144531,-1396.6600341796875,-1389.199951171875,-1374.0,-1338.75,-1284.0,-1229.75,-1211.0,-1202.4000244140625,-1176.760009765625
18809,-1288.4599609375,0.0,0.0,6.474177837371826,-1288.4599609375,-1284.0,64.06159973144531,-1396.6600341796875,-1389.199951171875,-1374.0,-1338.75,-1284.0,-1229.75,-1211.0,-1202.4000244140625,-1176.760009765625
18816,-1288.4599609375,0.0,0.0,6.4721550941467285,-1288.4599609375,-1284.0,64.06159973144531,-1396.6600341796875,-1389.199951171875,-1374.0,-1338.75,-1284.0,-1229.75,-1211.0,-1202.4000244140625,-1176.760009765625
18823,-1288.4599609375,0.0,0.0,6.469349384307861,-1288.4599609375,-1284.0,64.06159973144531,-1396.6600341796875,-1389.199951171875,-1374.0,-1338.75,-1284.0,-1229.75,-1211.0,-1202.4000244140625,-1176.760009765625
18830,-1288.4599609375,0.0,0.0,6.472658634185791,-1288.4599609375,-1284.0,64.06159973144531,-1396.6600341796875,-1389.199951171875,-1374.0,-1338.75,-1284.0,-1229.75,-1211.0,-1202.4000244140625,-1176.760009765625
18837,-1288.4599609375,0.0,0.0,6.473647117614746,-1288.4599609375,-1284.0,64.06159973144531,-1396.6600341796875,-1389.199951171875,-1374.0,-1338.75,-1284.0,-1229.75,-1211.0,-1202.4000244140625,-1176.760009765625
18844,-1288.4599609375,0.0,0.0,6.472517013549805,-1288.4599609375,-1284.0,64.06159973144531,-1396.6600341796875,-1389.199951171875,-1374.0,-1338.75,-1284.0,-1229.75,-1211.0,-1202.4000244140625,-1176.760009765625
18851,-1288.4599609375,0.0,0.0,6.46917200088501,-1288.4599609375,-1284.0,64.06159973144531,-1396.6600341796875,-1389.199951171875,-1374.0,-1338.75,-1284.0,-1229.75,-1211.0,-1202.4000244140625,-1176.760009765625
18858,-1288.4599609375,0.0,0.0,6.465585708618164,-1288.4599609375,-1284.0,64.06159973144531,-1396.6600341796875,-1389.199951171875,-1374.0,-1338.75,-1284.0,-1229.75,-1211.0,-1202.4000244140625,-1176.760009765625
18865,-1288.4599609375,0.0,0.0,6.459339618682861,-1288.4599609375,-1284.0,64.06159973144531,-1396.6600341796875,-1389.199951171875,-1374.0,-1338.75,-1284.0,-1229.75,-1211.0,-1202.4000244140625,-1176.760009765625
18872,-1288.4599609375,0.0,0.0,6.455538749694824,-1288.4599609375,-1284.0,64.06159973144531,-1396.6600341796875,-1389.199951171875,-1374.0,-1338.75,-1284.0,-1229.75,-1211.0,-1202.4000244140625,-1176.760009765625
18879,-1288.4599609375,0.0,0.0,6.457812309265137,-1288.4599609375,-1284.0,64.06159973144531,-1396.6600341796875,-1389.199951171875,-1374.0,-1338.75,-1284.0,-1229.75,-1211.0,-1202.4000244140625,-1176.760009765625
18886,-1288.4599609375,0.0,0.0,6.455416202545166,-1288.4599609375,-1284.0,64.06159973144531,-1396.6600341796875,-1389.199951171875,-1374.0,-1338.75,-1284.0,-1229.75,-1211.0,-1202.4000244140625,-1176.760009765625
18893,-1288.4599609375,0.0,0.0,6.453369140625,-1288.4599609375,-1284.0,64.06159973144531,-1396.6600341796875,-1389.199951171875,-1374.0,-1338.75,-1284.0,-1229.75,-1211.0,-1202.4000244140625,-1176.760009765625
18900,-1288.4599609375,0.0,0.0,6.44561243057251,-1288.4599609375,-1284.0,64.06159973144531,-1396.6600341796875,-1389.199951171875,-1374.0,-1338.75,-1284.0,-1229.75,-1211.0,-1202.4000244140625,-1176.760009765625
18907,-1288.4599609375,0.0,0.0,6.445466995239258,-1288.4599609375,-1284.0,64.06159973144531,-1396.6600341796875,-1389.199951171875,-1374.0,-1338.75,-1284.0,-1229.75,-1211.0,-1202.4000244140625,-1176.760009765625
18914,-1288.4599609375,0.0,0.0,6.440038681030273,-1288.4599609375,-1284.0,64.06159973144531,-1396.6600341796875,-1389.199951171875,-1374.0,-1338.75,-1284.0,-1229.75,-1211.0,-1202.4000244140625,-1176.760009765625
18921,-1288.4599609375,0.0,0.0,6.440759658813477,-1288.4599609375,-1284.0,64.06159973144531,-1396.6600341796875,-1389.199951171875,-1374.0,-1338.75,-1284.0,-1229.75,-1211.0,-1202.4000244140625,-1176.760009765625
18928,-1288.4599609375,0.0,0.0,6.437463283538818,-1288.4599609375,-1284.0,64.06159973144531,-1396.6600341796875,-1389.199951171875,-1374.0,-1338.75,-1284.0,-1229.75,-1211.0,-1202.4000244140625,-1176.760009765625
18935,-1288.47998046875,0.0,0.0,6.434892654418945,-1288.47998046875,-1284.0,64.08860778808594,-1396.6600341796875,-1389.199951171875,-1374.0999755859375,-1338.75,-1284.0,-1229.75,-1211.0,-1202.4000244140625,-1176.760009765625
18942,-1288.47998046875,0.0,0.0,6.423738956451416,-1288.47998046875,-1284.0,64.08860778808594,-1396.6600341796875,-1389.199951171875,-1374.0999755859375,-1338.75,-1284.0,-1229.75,-1211.0,-1202.4000244140625,-1176.760009765625
18949,-1288.5,0.0,0.0,6.418259143829346,-1288.5,-1284.0,64.09781646728516,-1396.6600341796875,-1389.199951171875,-1374.0999755859375,-1338.75,-1284.0,-1229.75,-1211.0,-1202.4000244140625,-1176.760009765625
18956,-1288.5,0.0,0.0,6.414888858795166,-1288.5,-1284.0,64.09781646728516,-1396.6600341796875,-1389.199951171875,-1374.0999755859375,-1338.75,-1284.0,-1229.75,-1211.0,-1202.4000244140625,-1176.760009765625
18963,-1288.5,0.0,0.0,6.420307636260986,-1288.5,-1284.0,64.09781646728516,-1396.6600341796875,-1389.199951171875,-1374.0999755859375,-1338.75,-1284.0,-1229.75,-1211.0,-1202.4000244140625,-1176.760009765625
18970,-1288.5,0.0,0.0,6.416493892669678,-1288.5,-1284.0,64.09781646728516,-1396.6600341796875,-1389.199951171875,-1374.0999755859375,-1338.75,-1284.0,-1229.75,-1211.0,-1202.4000244140625,-1176.760009765625
18977,-1288.5,0.0,0.0,6.415133476257324,-1288.5,-1284.0,64.09781646728516,-1396.6600341796875,-1389.199951171875,-1374.0999755859375,-1338.75,-1284.0,-1229.75,-1211.0,-1202.4000244140625,-1176.760009765625
18984,-1288.5399169921875,0.0,0.0,6.409521102905273,-1288.5400390625,-1284.0,64.05191802978516,-1396.6600341796875,-1389.199951171875,-1374.0999755859375,-1338.75,-1284.0,-1229.75,-1211.0,-1202.4000244140625,-1176.760009765625
18991,-1288.5399169921875,0.0,0.0,6.405867576599121,-1288.5400390625,-1284.0,64.05191802978516,-1396.6600341796875,-1389.199951171875,-1374.0999755859375,-1338.75,-1284.0,-1229.75,-1211.0,-1202.4000244140625,-1176.760009765625
18998,-1288.5399169921875,0.0,0.0,6.400137901306152,-1288.5400390625,-1284.0,64.05191802978516,-1396.6600341796875,-1389.199951171875,-1374.0999755859375,-1338.75,-1284.0,-1229.75,-1211.0,-1202.4000244140625,-1176.760009765625
19005,-1288.5399169921875,0.0,0.0,6.3982720375061035,-1288.5400390625,-1284.0,64.05191802978516,-1396.6600341796875,-1389.199951171875,-1374.0999755859375,-1338.75,-1284.0,-1229.75,-1211.0,-1202.4000244140625,-1176.760009765625
19012,-1288.5599365234375,0.0,0.0,6.398719310760498,-1288.56005859375,-1284.0,64.08203125,-1396.6600341796875,-1389.199951171875,-1374.0999755859375,-1338.75,-1284.0,-1229.75,-1211.0,-1202.4000244140625,-1176.760009765625
19019,-1288.5599365234375,0.0,0.0,6.399050712585449,-1288.56005859375,-1284.0,64.08203125,-1396.6600341796875,-1389.199951171875,-1374.0999755859375,-1338.75,-1284.0,-1229.75,-1211.0,-1202.4000244140625,-1176.760009765625
19026,-1288.5599365234375,0.0,0.0,6.400032997131348,-1288.56005859375,-1284.0,64.08203125,-1396.6600341796875,-1389.199951171875,-1374.0999755859375,-1338.75,-1284.0,-1229.75,-1211.0,-1202.4000244140625,-1176.760009765625
19033,-1288.5599365234375,0.0,0.0,6.398679256439209,-1288.56005859375,-1284.0,64.08203125,-1396.6600341796875,-1389.199951171875,-1374.0999755859375,-1338.75,-1284.0,-1229.75,-1211.0,-1202.4000244140625,-1176.760009765625
19040,-1288.5599365234375,0.0,0.0,6.398372650146484,-1288.56005859375,-1284.0,64.08203125,-1396.6600341796875,-1389.199951171875,-1374.0999755859375,-1338.75,-1284.0,-1229.75,-1211.0,-1202.4000244140625,-1176.760009765625
19047,-1288.5799560546875,0.0,0.0,6.397818565368652,-1288.5799560546875,-1284.0,64.04376220703125,-1396.6600341796875,-1389.199951171875,-1374.0999755859375,-1338.75,-1284.0,-1229.75,-1211.0,-1202.4000244140625,-1176.800048828125
19054,-1288.5799560546875,0.0,0.0,6.40085506439209,-1288.5799560546875,-1284.0,64.04376220703125,-1396.6600341796875,-1389.199951171875,-1374.0999755859375,-1338.75,-1284.0,-1229.75,-1211.0,-1202.4000244140625,-1176.800048828125
19061,-1288.5799560546875,0.0,0.0,6.395287990570068,-1288.5799560546875,-1284.0,64.04376220703125,-1396.6600341796875,-1389.199951171875,-1374.0999755859375,-1338.75,-1284.0,-1229.75,-1211.0,-1202.4000244140625,-1176.800048828125
19068,-1288.5799560546875,0.0,0.0,6.384824275970459,-1288.5799560546875,-1284.0,64.04376220703125,-1396.6600341796875,-1389.199951171875,-1374.0999755859375,-1338.75,-1284.0,-1229.75,-1211.0,-1202.4000244140625,-1176.800048828125
19075,-1288.5999755859375,0.0,0.0,6.383682727813721,-1288.5999755859375,-1284.0,64.01734161376953,-1396.6600341796875,-1389.199951171875,-1374.0999755859375,-1338.75,-1284.0,-1229.75,-1211.0,-1202.4000244140625,-1176.800048828125
19082,-1288.5999755859375,0.0,0.0,6.385280609130859,-1288.5999755859375,-1284.0,64.01734161376953,-1396.6600341796875,-1389.199951171875,-1374.0999755859375,-1338.75,-1284.0,-1229.75,-1211.0,-1202.4000244140625,-1176.800048828125
19089,-1288.5999755859375,0.0,0.0,6.378129959106445,-1288.5999755859375,-1284.0,64.01734161376953,-1396.6600341796875,-1389.199951171875,-1374.0999755859375,-1338.75,-1284.0,-1229.75,-1211.0,-1202.4000244140625,-1176.800048828125
19096,-1288.5999755859375,0.0,0.0,6.376454830169678,-1288.5999755859375,-1284.0,64.01734161376953,-1396.6600341796875,-1389.199951171875,-1374.0999755859375,-1338.75,-1284.0,-1229.75,-1211.0,-1202.4000244140625,-1176.800048828125
19103,-1288.5999755859375,0.0,0.0,6.372532844543457,-1288.5999755859375,-1284.0,64.01734161376953,-1396.6600341796875,-1389.199951171875,-1374.0999755859375,-1338.75,-1284.0,-1229.75,-1211.0,-1202.4000244140625,-1176.800048828125
19110,-1288.5999755859375,0.0,0.0,6.367462158203125,-1288.5999755859375,-1284.0,64.01734161376953,-1396.6600341796875,-1389.199951171875,-1374.0999755859375,-1338.75,-1284.0,-1229.75,-1211.0,-1202.4000244140625,-1176.800048828125
19117,-1288.5999755859375,0.0,0.0,6.366089820861816,-1288.5999755859375,-1284.0,64.01734161376953,-1396.6600341796875,-1389.199951171875,-1374.0999755859375,-1338.75,-1284.0,-1229.75,-1211.0,-1202.4000244140625,-1176.800048828125
19124,-1288.5999755859375,0.0,0.0,6.3666672706604,-1288.5999755859375,-1284.0,64.01734161376953,-1396.6600341796875,-1389.199951171875,-1374.0999755859375,-1338.75,-1284.0,-1229.75,-1211.0,-1202.4000244140625,-1176.800048828125
19131,-1288.5999755859375,0.0,0.0,6.371870994567871,-1288.5999755859375,-1284.0,64.01734161376953,-1396.6600341796875,-1389.199951171875,-1374.0999755859375,-1338.75,-1284.0,-1229.75,-1211.0,-1202.4000244140625,-1176.800048828125
19138,-1288.5999755859375,0.0,0.0,6.368929386138916,-1288.5999755859375,-1284.0,64.01734161376953,-1396.6600341796875,-1389.199951171875,-1374.0999755859375,-1338.75,-1284.0,-1229.75,-1211.0,-1202.4000244140625,-1176.800048828125
19145,-1288.5999755859375,0.0,0.0,6.370064735412598,-1288.5999755859375,-1284.0,64.01734161376953,-1396.6600341796875,-1389.199951171875,-1374.0999755859375,-1338.75,-1284.0,-1229.75,-1211.0,-1202.4000244140625,-1176.800048828125
19152,-1288.5999755859375,0.0,0.0,6.365877151489258,-1288.5999755859375,-1284.0,64.01734161376953,-1396.6600341796875,-1389.199951171875,-1374.0999755859375,-1338.75,-1284.0,-1229.75,-1211.0,-1202.4000244140625,-1176.800048828125
19159,-1288.5999755859375,0.0,0.0,6.367873191833496,-1288.5999755859375,-1284.0,64.01734161376953,-1396.6600341796875,-1389.199951171875,-1374.0999755859375,-1338.75,-1284.0,-1229.75,-1211.0,-1202.4000244140625,-1176.800048828125
19166,-1288.5999755859375,0.0,0.0,6.358633995056152,-1288.5999755859375,-1284.0,64.01734161376953,-1396.6600341796875,-1389.199951171875,-1374.0999755859375,-1338.75,-1284.0,-1229.75,-1211.0,-1202.4000244140625,-1176.800048828125
19173,-1288.5999755859375,0.0,0.0,6.354213237762451,-1288.5999755859375,-1284.0,64.01734161376953,-1396.6600341796875,-1389.199951171875,-1374.0999755859375,-1338.75,-1284.0,-1229.75,-1211.0,-1202.4000244140625,-1176.800048828125
19180,-1288.5999755859375,0.0,0.0,6.354237079620361,-1288.5999755859375,-1284.0,64.01734161376953,-1396.6600341796875,-1389.199951171875,-1374.0999755859375,-1338.75,-1284.0,-1229.75,-1211.0,-1202.4000244140625,-1176.800048828125
19187,-1288.5999755859375,0.0,0.0,6.350442886352539,-1288.5999755859375,-1284.0,64.01734161376953,-1396.6600341796875,-1389.199951171875,-1374.0999755859375,-1338.75,-1284.0,-1229.75,-1211.0,-1202.4000244140625,-1176.800048828125
19194,-1288.5999755859375,0.0,0.0,6.34843111038208,-1288.5999755859375,-1284.0,64.01734161376953,-1396.6600341796875,-1389.199951171875,-1374.0999755859375,-1338.75,-1284.0,-1229.75,-1211.0,-1202.4000244140625,-1176.800048828125
19201,-1288.5999755859375,0.0,0.0,6.342000484466553,-1288.5999755859375,-1284.0,64.01734161376953,-1396.6600341796875,-1389.199951171875,-1374.0999755859375,-1338.75,-1284.0,-1229.75,-1211.0,-1202.4000244140625,-1176.800048828125
19208,-1288.6400146484375,0.0,0.0,6.336779594421387,-1288.6400146484375,-1284.0,63.9663200378418,-1396.6600341796875,-1389.199951171875,-1374.0999755859375,-1338.75,-1284.0,-1229.75,-1211.0,-1202.4000244140625,-1176.800048828125
19215,-1288.6400146484375,0.0,0.0,6.332294940948486,-1288.6400146484375,-1284.0,63.9663200378418,-1396.6600341796875,-1389.199951171875,-1374.0999755859375,-1338.75,-1284.0,-1229.75,-1211.0,-1202.4000244140625,-1176.800048828125
19222,-1288.6400146484375,0.0,0.0,6.329391956329346,-1288.6400146484375,-1284.0,63.9663200378418,-1396.6600341796875,-1389.199951171875,-1374.0999755859375,-1338.75,-1284.0,-1229.75,-1211.0,-1202.4000244140625,-1176.800048828125
19229,-1288.679931640625,0.0,0.0,6.331618309020996,-1288.6800537109375,-1284.0,63.99591827392578,-1396.6600341796875,-1389.199951171875,-1374.0999755859375,-1339.5,-1284.0,-1229.75,-1211.0,-1202.4000244140625,-1176.800048828125
19236,-1288.679931640625,0.0,0.0,6.324920654296875,-1288.6800537109375,-1284.0,63.99591827392578,-1396.6600341796875,-1389.199951171875,-1374.0999755859375,-1339.5,-1284.0,-1229.75,-1211.0,-1202.4000244140625,-1176.800048828125
19243,-1288.679931640625,0.0,0.0,6.32234001159668,-1288.6800537109375,-1284.0,63.99591827392578,-1396.6600341796875,-1389.199951171875,-1374.0999755859375,-1339.5,-1284.0,-1229.75,-1211.0,-1202.4000244140625,-1176.800048828125
19250,-1288.679931640625,0.0,0.0,6.321661472320557,-1288.6800537109375,-1284.0,63.99591827392578,-1396.6600341796875,-1389.199951171875,-1374.0999755859375,-1339.5,-1284.0,-1229.75,-1211.0,-1202.4000244140625,-1176.800048828125
19257,-1288.679931640625,0.0,0.0,6.318017482757568,-1288.6800537109375,-1284.0,63.99591827392578,-1396.6600341796875,-1389.199951171875,-1374.0999755859375,-1339.5,-1284.0,-1229.75,-1211.0,-1202.4000244140625,-1176.800048828125
19264,-1288.679931640625,0.0,0.0,6.313137054443359,-1288.6800537109375,-1284.0,63.99591827392578,-1396.6600341796875,-1389.199951171875,-1374.0999755859375,-1339.5,-1284.0,-1229.75,-1211.0,-1202.4000244140625,-1176.800048828125
19271,-1288.679931640625,0.0,0.0,6.312657833099365,-1288.6800537109375,-1284.0,63.99591827392578,-1396.6600341796875,-1389.199951171875,-1374.0999755859375,-1339.5,-1284.0,-1229.75,-1211.0,-1202.4000244140625,-1176.800048828125
19278,-1288.679931640625,0.0,0.0,6.312777996063232,-1288.6800537109375,-1284.0,63.99591827392578,-1396.6600341796875,-1389.199951171875,-1374.0999755859375,-1339.5,-1284.0,-1229.75,-1211.0,-1202.4000244140625,-1176.800048828125
19285,-1288.679931640625,0.0,0.0,6.312373638153076,-1288.6800537109375,-1284.0,63.99591827392578,-1396.6600341796875,-1389.199951171875,-1374.0999755859375,-1339.5,-1284.0,-1229.75,-1211.0,-1202.4000244140625,-1176.800048828125
19292,-1288.679931640625,0.0,0.0,6.307502269744873,-1288.6800537109375,-1284.0,63.99591827392578,-1396.6600341796875,-1389.199951171875,-1374.0999755859375,-1339.5,-1284.0,-1229.75,-1211.0,-1202.4000244140625,-1176.800048828125
19299,-1288.679931640625,0.0,0.0,6.304318904876709,-1288.6800537109375,-1284.0,63.99591827392578,-1396.6600341796875,-1389.199951171875,-1374.0999755859375,-1339.5,-1284.0,-1229.75,-1211.0,-1202.4000244140625,-1176.800048828125
19306,-1288.679931640625,0.0,0.0,6.299445152282715,-1288.6800537109375,-1284.0,63.99591827392578,-1396.6600341796875,-1389.199951171875,-1374.0999755859375,-1339.5,-1284.0,-1229.75,-1211.0,-1202.4000244140625,-1176.800048828125
19313,-1288.679931640625,0.0,0.0,6.301058292388916,-1288.6800537109375,-1284.0,63.99591827392578,-1396.6600341796875,-1389.199951171875,-1374.0999755859375,-1339.5,-1284.0,-1229.75,-1211.0,-1202.4000244140625,-1176.800048828125
19320,-1288.679931640625,0.0,0.0,6.3022685050964355,-1288.6800537109375,-1284.0,63.99591827392578,-1396.6600341796875,-1389.199951171875,-1374.0999755859375,-1339.5,-1284.0,-1229.75,-1211.0,-1202.4000244140625,-1176.800048828125
19327,-1288.719970703125,0.0,0.0,6.2978739738464355,-1288.719970703125,-1284.0,64.05171203613281,-1396.6600341796875,-1389.199951171875,-1374.0999755859375,-1339.5,-1284.0,-1229.75,-1211.0,-1202.4000244140625,-1176.800048828125
19334,-1288.719970703125,0.0,0.0,6.300737380981445,-1288.719970703125,-1284.0,64.05171203613281,-1396.6600341796875,-1389.199951171875,-1374.0999755859375,-1339.5,-1284.0,-1229.75,-1211.0,-1202.4000244140625,-1176.800048828125
19341,-1288.719970703125,0.0,0.0,6.301140785217285,-1288.719970703125,-1284.0,64.05171203613281,-1396.6600341796875,-1389.199951171875,-1374.0999755859375,-1339.5,-1284.0,-1229.75,-1211.0,-1202.4000244140625,-1176.800048828125
19348,-1288.719970703125,0.0,0.0,6.301181316375732,-1288.719970703125,-1284.0,64.05171203613281,-1396.6600341796875,-1389.199951171875,-1374.0999755859375,-1339.5,-1284.0,-1229.75,-1211.0,-1202.4000244140625,-1176.800048828125
19355,-1288.719970703125,0.0,0.0,6.302159309387207,-1288.719970703125,-1284.0,64.05171203613281,-1396.6600341796875,-1389.199951171875,-1374.0999755859375,-1339.5,-1284.0,-1229.75,-1211.0,-1202.4000244140625,-1176.800048828125
19362,-1288.719970703125,0.0,0.0,6.3011474609375,-1288.719970703125,-1284.0,64.05171203613281,-1396.6600341796875,-1389.199951171875,-1374.0999755859375,-1339.5,-1284.0,-1229.75,-1211.0,-1202.4000244140625,-1176.800048828125
19369,-1288.719970703125,0.0,0.0,6.303831577301025,-1288.719970703125,-1284.0,64.05171203613281,-1396.6600341796875,-1389.199951171875,-1374.0999755859375,-1339.5,-1284.0,-1229.75,-1211.0,-1202.4000244140625,-1176.800048828125
19376,-1288.719970703125,0.0,0.0,6.303646087646484,-1288.719970703125,-1284.0,64.05171203613281,-1396.6600341796875,-1389.199951171875,-1374.0999755859375,-1339.5,-1284.0,-1229.75,-1211.0,-1202.4000244140625,-1176.800048828125
19383,-1288.719970703125,0.0,0.0,6.295976638793945,-1288.719970703125,-1284.0,64.05171203613281,-1396.6600341796875,-1389.199951171875,-1374.0999755859375,-1339.5,-1284.0,-1229.75,-1211.0,-1202.4000244140625,-1176.800048828125
19390,-1288.719970703125,0.0,0.0,6.297264099121094,-1288.719970703125,-1284.0,64.05171203613281,-1396.6600341796875,-1389.199951171875,-1374.0999755859375,-1339.5,-1284.0,-1229.75,-1211.0,-1202.4000244140625,-1176.800048828125
19397,-1288.719970703125,0.0,0.0,6.288785457611084,-1288.719970703125,-1284.0,64.05171203613281,-1396.6600341796875,-1389.199951171875,-1374.0999755859375,-1339.5,-1284.0,-1229.75,-1211.0,-1202.4000244140625,-1176.800048828125
19404,-1288.719970703125,0.0,0.0,6.287283420562744,-1288.719970703125,-1284.0,64.05171203613281,-1396.6600341796875,-1389.199951171875,-1374.0999755859375,-1339.5,-1284.0,-1229.75,-1211.0,-1202.4000244140625,-1176.800048828125
19411,-1288.719970703125,0.0,0.0,6.281210422515869,-1288.719970703125,-1284.0,64.05171203613281,-1396.6600341796875,-1389.199951171875,-1374.0999755859375,-1339.5,-1284.0,-1229.75,-1211.0,-1202.4000244140625,-1176.800048828125
19418,-1288.719970703125,0.0,0.0,6.2747802734375,-1288.719970703125,-1284.0,64.05171203613281,-1396.6600341796875,-1389.199951171875,-1374.0999755859375,-1339.5,-1284.0,-1229.75,-1211.0,-1202.4000244140625,-1176.800048828125
19425,-1288.719970703125,0.0,0.0,6.267933368682861,-1288.719970703125,-1284.0,64.05171203613281,-1396.6600341796875,-1389.199951171875,-1374.0999755859375,-1339.5,-1284.0,-1229.75,-1211.0,-1202.4000244140625,-1176.800048828125
19432,-1288.719970703125,0.0,0.0,6.269132137298584,-1288.719970703125,-1284.0,64.05171203613281,-1396.6600341796875,-1389.199951171875,-1374.0999755859375,-1339.5,-1284.0,-1229.75,-1211.0,-1202.4000244140625,-1176.800048828125
19439,-1288.719970703125,0.0,0.0,6.267947673797607,-1288.719970703125,-1284.0,64.05171203613281,-1396.6600341796875,-1389.199951171875,-1374.0999755859375,-1339.5,-1284.0,-1229.75,-1211.0,-1202.4000244140625,-1176.800048828125
19446,-1288.719970703125,0.0,0.0,6.267519474029541,-1288.719970703125,-1284.0,64.05171203613281,-1396.6600341796875,-1389.199951171875,-1374.0999755859375,-1339.5,-1284.0,-1229.75,-1211.0,-1202.4000244140625,-1176.800048828125
19453,-1288.719970703125,0.0,0.0,6.261758804321289,-1288.719970703125,-1284.0,64.05171203613281,-1396.6600341796875,-1389.199951171875,-1374.0999755859375,-1339.5,-1284.0,-1229.75,-1211.0,-1202.4000244140625,-1176.800048828125
19460,-1288.719970703125,0.0,0.0,6.2567572593688965,-1288.719970703125,-1284.0,64.05171203613281,-1396.6600341796875,-1389.199951171875,-1374.0999755859375,-1339.5,-1284.0,-1229.75,-1211.0,-1202.4000244140625,-1176.800048828125
19467,-1288.719970703125,0.0,0.0,6.254150390625,-1288.719970703125,-1284.0,64.05171203613281,-1396.6600341796875,-1389.199951171875,-1374.0999755859375,-1339.5,-1284.0,-1229.75,-1211.0,-1202.4000244140625,-1176.800048828125
19474,-1288.719970703125,0.0,0.0,6.252657890319824,-1288.719970703125,-1284.0,64.05171203613281,-1396.6600341796875,-1389.199951171875,-1374.0999755859375,-1339.5,-1284.0,-1229.75,-1211.0,-1202.4000244140625,-1176.800048828125
19481,-1288.719970703125,0.0,0.0,6.246591567993164,-1288.719970703125,-1284.0,64.05171203613281,-1396.6600341796875,-1389.199951171875,-1374.0999755859375,-1339.5,-1284.0,-1229.75,-1211.0,-1202.4000244140625,-1176.800048828125
19488,-1288.719970703125,0.0,0.0,6.245176792144775,-1288.719970703125,-1284.0,64.05171203613281,-1396.6600341796875,-1389.199951171875,-1374.0999755859375,-1339.5,-1284.0,-1229.75,-1211.0,-1202.4000244140625,-1176.800048828125
19495,-1288.719970703125,0.0,0.0,6.241199970245361,-1288.719970703125,-1284.0,64.05171203613281,-1396.6600341796875,-1389.199951171875,-1374.0999755859375,-1339.5,-1284.0,-1229.75,-1211.0,-1202.4000244140625,-1176.800048828125
19502,-1288.719970703125,0.0,0.0,6.2473063468933105,-1288.719970703125,-1284.0,64.05171203613281,-1396.6600341796875,-1389.199951171875,-1374.0999755859375,-1339.5,-1284.0,-1229.75,-1211.0,-1202.4000244140625,-1176.800048828125
19509,-1288.719970703125,0.0,0.0,6.246803283691406,-1288.719970703125,-1284.0,64.05171203613281,-1396.6600341796875,-1389.199951171875,-1374.0999755859375,-1339.5,-1284.0,-1229.75,-1211.0,-1202.4000244140625,-1176.800048828125
19516,-1288.719970703125,0.0,0.0,6.23907470703125,-1288.719970703125,-1284.0,64.05171203613281,-1396.6600341796875,-1389.199951171875,-1374.0999755859375,-1339.5,-1284.0,-1229.75,-1211.0,-1202.4000244140625,-1176.800048828125
19523,-1288.719970703125,0.0,0.0,6.236738204956055,-1288.719970703125,-1284.0,64.05171203613281,-1396.6600341796875,-1389.199951171875,-1374.0999755859375,-1339.5,-1284.0,-1229.75,-1211.0,-1202.4000244140625,-1176.800048828125
19530,-1288.719970703125,0.0,0.0,6.230806827545166,-1288.719970703125,-1284.0,64.05171203613281,-1396.6600341796875,-1389.199951171875,-1374.0999755859375,-1339.5,-1284.0,-1229.75,-1211.0,-1202.4000244140625,-1176.800048828125
19537,-1288.719970703125,0.0,0.0,6.224897384643555,-1288.719970703125,-1284.0,64.05171203613281,-1396.6600341796875,-1389.199951171875,-1374.0999755859375,-1339.5,-1284.0,-1229.75,-1211.0,-1202.4000244140625,-1176.800048828125
19544,-1288.739990234375,0.0,0.0,6.224221229553223,-1288.739990234375,-1284.0,64.06147766113281,-1396.6600341796875,-1389.199951171875,-1374.0999755859375,-1339.5,-1284.0,-1229.75,-1211.0,-1202.4000244140625,-1176.800048828125
19551,-1288.739990234375,0.0,0.0,6.222347736358643,-1288.739990234375,-1284.0,64.06147766113281,-1396.6600341796875,-1389.199951171875,-1374.0999755859375,-1339.5,-1284.0,-1229.75,-1211.0,-1202.4000244140625,-1176.800048828125
19558,-1288.739990234375,0.0,0.0,6.2181267738342285,-1288.739990234375,-1284.0,64.06147766113281,-1396.6600341796875,-1389.199951171875,-1374.0999755859375,-1339.5,-1284.0,-1229.75,-1211.0,-1202.4000244140625,-1176.800048828125
19565,-1288.739990234375,0.0,0.0,6.21558952331543,-1288.739990234375,-1284.0,64.06147766113281,-1396.6600341796875,-1389.199951171875,-1374.0999755859375,-1339.5,-1284.0,-1229.75,-1211.0,-1202.4000244140625,-1176.800048828125
19572,-1288.739990234375,0.0,0.0,6.214426040649414,-1288.739990234375,-1284.0,64.06147766113281,-1396.6600341796875,-1389.199951171875,-1374.0999755859375,-1339.5,-1284.0,-1229.75,-1211.0,-1202.4000244140625,-1176.800048828125
19579,-1288.739990234375,0.0,0.0,6.205812454223633,-1288.739990234375,-1284.0,64.06147766113281,-1396.6600341796875,-1389.199951171875,-1374.0999755859375,-1339.5,-1284.0,-1229.75,-1211.0,-1202.4000244140625,-1176.800048828125
19586,-1288.8199462890625,0.0,0.0,6.202586650848389,-1288.8199462890625,-1284.0,63.981773376464844,-1396.6600341796875,-1389.199951171875,-1374.0999755859375,-1339.5,-1284.0,-1229.75,-1211.0,-1202.4000244140625,-1176.800048828125
19593,-1288.8199462890625,0.0,0.0,6.196012496948242,-1288.8199462890625,-1284.0,63.981773376464844,-1396.6600341796875,-1389.199951171875,-1374.0999755859375,-1339.5,-1284.0,-1229.75,-1211.0,-1202.4000244140625,-1176.800048828125
19600,-1288.8199462890625,0.0,0.0,6.197102069854736,-1288.8199462890625,-1284.0,63.981773376464844,-1396.6600341796875,-1389.199951171875,-1374.0999755859375,-1339.5,-1284.0,-1229.75,-1211.0,-1202.4000244140625,-1176.800048828125
19607,-1288.8199462890625,0.0,0.0,6.202246189117432,-1288.8199462890625,-1284.0,63.981773376464844,-1396.6600341796875,-1389.199951171875,-1374.0999755859375,-1339.5,-1284.0,-1229.75,-1211.0,-1202.4000244140625,-1176.800048828125
19614,-1288.8199462890625,0.0,0.0,6.210312366485596,-1288.8199462890625,-1284.0,63.981773376464844,-1396.6600341796875,-1389.199951171875,-1374.0999755859375,-1339.5,-1284.0,-1229.75,-1211.0,-1202.4000244140625,-1176.800048828125
19621,-1288.8199462890625,0.0,0.0,6.207499027252197,-1288.8199462890625,-1284.0,63.981773376464844,-1396.6600341796875,-1389.199951171875,-1374.0999755859375,-1339.5,-1284.0,-1229.75,-1211.0,-1202.4000244140625,-1176.800048828125
19628,-1288.8199462890625,0.0,0.0,6.200223445892334,-1288.8199462890625,-1284.0,63.981773376464844,-1396.6600341796875,-1389.199951171875,-1374.0999755859375,-1339.5,-1284.0,-1229.75,-1211.0,-1202.4000244140625,-1176.800048828125
19635,-1288.8199462890625,0.0,0.0,6.195073127746582,-1288.8199462890625,-1284.0,63.981773376464844,-1396.6600341796875,-1389.199951171875,-1374.0999755859375,-1339.5,-1284.0,-1229.75,-1211.0,-1202.4000244140625,-1176.800048828125
19642,-1288.8199462890625,0.0,0.0,6.187551975250244,-1288.8199462890625,-1284.0,63.981773376464844,-1396.6600341796875,-1389.199951171875,-1374.0999755859375,-1339.5,-1284.0,-1229.75,-1211.0,-1202.4000244140625,-1176.800048828125
19649,-1288.8199462890625,0.0,0.0,6.187060356140137,-1288.8199462890625,-1284.0,63.981773376464844,-1396.6600341796875,-1389.199951171875,-1374.0999755859375,-1339.5,-1284.0,-1229.75,-1211.0,-1202.4000244140625,-1176.800048828125
19656,-1288.8199462890625,0.0,0.0,6.188074588775635,-1288.8199462890625,-1284.0,63.981773376464844,-1396.6600341796875,-1389.199951171875,-1374.0999755859375,-1339.5,-1284.0,-1229.75,-1211.0,-1202.4000244140625,-1176.800048828125
19663,-1288.8199462890625,0.0,0.0,6.18426513671875,-1288.8199462890625,-1284.0,63.981773376464844,-1396.6600341796875,-1389.199951171875,-1374.0999755859375,-1339.5,-1284.0,-1229.75,-1211.0,-1202.4000244140625,-1176.800048828125
19670,-1288.8199462890625,0.0,0.0,6.176666259765625,-1288.8199462890625,-1284.0,63.981773376464844,-1396.6600341796875,-1389.199951171875,-1374.0999755859375,-1339.5,-1284.0,-1229.75,-1211.0,-1202.4000244140625,-1176.800048828125
19677,-1288.8399658203125,0.0,0.0,6.171873569488525,-1288.8399658203125,-1284.0,63.97307586669922,-1396.6600341796875,-1389.199951171875,-1374.0999755859375,-1339.5,-1284.0,-1229.75,-1211.0,-1202.4000244140625,-1176.800048828125
19684,-1288.8399658203125,0.0,0.0,6.168920993804932,-1288.8399658203125,-1284.0,63.97307586669922,-1396.6600341796875,-1389.199951171875,-1374.0999755859375,-1339.5,-1284.0,-1229.75,-1211.0,-1202.4000244140625,-1176.800048828125
19691,-1288.8399658203125,0.0,0.0,6.17268705368042,-1288.8399658203125,-1284.0,63.97307586669922,-1396.6600341796875,-1389.199951171875,-1374.0999755859375,-1339.5,-1284.0,-1229.75,-1211.0,-1202.4000244140625,-1176.800048828125
19698,-1288.8399658203125,0.0,0.0,6.160556316375732,-1288.8399658203125,-1284.0,63.97307586669922,-1396.6600341796875,-1389.199951171875,-1374.0999755859375,-1339.5,-1284.0,-1229.75,-1211.0,-1202.4000244140625,-1176.800048828125
19705,-1288.8399658203125,0.0,0.0,6.156318187713623,-1288.8399658203125,-1284.0,63.97307586669922,-1396.6600341796875,-1389.199951171875,-1374.0999755859375,-1339.5,-1284.0,-1229.75,-1211.0,-1202.4000244140625,-1176.800048828125
19712,-1288.8399658203125,0.0,0.0,6.150502681732178,-1288.8399658203125,-1284.0,63.97307586669922,-1396.6600341796875,-1389.199951171875,-1374.0999755859375,-1339.5,-1284.0,-1229.75,-1211.0,-1202.4000244140625,-1176.800048828125
19719,-1288.8399658203125,0.0,0.0,6.155688285827637,-1288.8399658203125,-1284.0,63.97307586669922,-1396.6600341796875,-1389.199951171875,-1374.0999755859375,-1339.5,-1284.0,-1229.75,-1211.0,-1202.4000244140625,-1176.800048828125
19726,-1288.8399658203125,0.0,0.0,6.150010108947754,-1288.8399658203125,-1284.0,63.97307586669922,-1396.6600341796875,-1389.199951171875,-1374.0999755859375,-1339.5,-1284.0,-1229.75,-1211.0,-1202.4000244140625,-1176.800048828125
19733,-1288.8399658203125,0.0,0.0,6.147995471954346,-1288.8399658203125,-1284.0,63.97307586669922,-1396.6600341796875,-1389.199951171875,-1374.0999755859375,-1339.5,-1284.0,-1229.75,-1211.0,-1202.4000244140625,-1176.800048828125
19740,-1288.8399658203125,0.0,0.0,6.144957542419434,-1288.8399658203125,-1284.0,63.97307586669922,-1396.6600341796875,-1389.199951171875,-1374.0999755859375,-1339.5,-1284.0,-1229.75,-1211.0,-1202.4000244140625,-1176.800048828125
19747,-1288.8399658203125,0.0,0.0,6.139439582824707,-1288.8399658203125,-1284.0,63.97307586669922,-1396.6600341796875,-1389.199951171875,-1374.0999755859375,-1339.5,-1284.0,-1229.75,-1211.0,-1202.4000244140625,-1176.800048828125
19754,-1288.8399658203125,0.0,0.0,6.137574195861816,-1288.8399658203125,-1284.0,63.97307586669922,-1396.6600341796875,-1389.199951171875,-1374.0999755859375,-1339.5,-1284.0,-1229.75,-1211.0,-1202.4000244140625,-1176.800048828125
19761,-1288.8399658203125,0.0,0.0,6.13724946975708,-1288.8399658203125,-1284.0,63.97307586669922,-1396.6600341796875,-1389.199951171875,-1374.0999755859375,-1339.5,-1284.0,-1229.75,-1211.0,-1202.4000244140625,-1176.800048828125
19768,-1288.8399658203125,0.0,0.0,6.135609149932861,-1288.8399658203125,-1284.0,63.97307586669922,-1396.6600341796875,-1389.199951171875,-1374.0999755859375,-1339.5,-1284.0,-1229.75,-1211.0,-1202.4000244140625,-1176.800048828125
19775,-1288.8399658203125,0.0,0.0,6.130491256713867,-1288.8399658203125,-1284.0,63.97307586669922,-1396.6600341796875,-1389.199951171875,-1374.0999755859375,-1339.5,-1284.0,-1229.75,-1211.0,-1202.4000244140625,-1176.800048828125
19782,-1288.8399658203125,0.0,0.0,6.133721351623535,-1288.8399658203125,-1284.0,63.97307586669922,-1396.6600341796875,-1389.199951171875,-1374.0999755859375,-1339.5,-1284.0,-1229.75,-1211.0,-1202.4000244140625,-1176.800048828125
19789,-1288.8399658203125,0.0,0.0,6.127392292022705,-1288.8399658203125,-1284.0,63.97307586669922,-1396.6600341796875,-1389.199951171875,-1374.0999755859375,-1339.5,-1284.0,-1229.75,-1211.0,-1202.4000244140625,-1176.800048828125
19796,-1288.8399658203125,0.0,0.0,6.119832515716553,-1288.8399658203125,-1284.0,63.97307586669922,-1396.6600341796875,-1389.199951171875,-1374.0999755859375,-1339.5,-1284.0,-1229.75,-1211.0,-1202.4000244140625,-1176.800048828125
19803,-1288.8399658203125,0.0,0.0,6.116329669952393,-1288.8399658203125,-1284.0,63.97307586669922,-1396.6600341796875,-1389.199951171875,-1374.0999755859375,-1339.5,-1284.0,-1229.75,-1211.0,-1202.4000244140625,-1176.800048828125
19810,-1288.8399658203125,0.0,0.0,6.119906902313232,-1288.8399658203125,-1284.0,63.97307586669922,-1396.6600341796875,-1389.199951171875,-1374.0999755859375,-1339.5,-1284.0,-1229.75,-1211.0,-1202.4000244140625,-1176.800048828125
19817,-1288.8399658203125,0.0,0.0,6.127357006072998,-1288.8399658203125,-1284.0,63.97307586669922,-1396.6600341796875,-1389.199951171875,-1374.0999755859375,-1339.5,-1284.0,-1229.75,-1211.0,-1202.4000244140625,-1176.800048828125
19824,-1288.8399658203125,0.0,0.0,6.128724098205566,-1288.8399658203125,-1284.0,63.97307586669922,-1396.6600341796875,-1389.199951171875,-1374.0999755859375,-1339.5,-1284.0,-1229.75,-1211.0,-1202.4000244140625,-1176.800048828125
19831,-1288.8399658203125,0.0,0.0,6.13311767578125,-1288.8399658203125,-1284.0,63.97307586669922,-1396.6600341796875,-1389.199951171875,-1374.0999755859375,-1339.5,-1284.0,-1229.75,-1211.0,-1202.4000244140625,-1176.800048828125
19838,-1288.8599853515625,0.0,0.0,6.121623992919922,-1288.8599853515625,-1284.0,64.00468444824219,-1396.6600341796875,-1391.0999755859375,-1374.0999755859375,-1339.5,-1284.0,-1229.75,-1211.0,-1202.4000244140625,-1176.800048828125
19845,-1288.8599853515625,0.0,0.0,6.114212512969971,-1288.8599853515625,-1284.0,64.00468444824219,-1396.6600341796875,-1391.0999755859375,-1374.0999755859375,-1339.5,-1284.0,-1229.75,-1211.0,-1202.4000244140625,-1176.800048828125
19852,-1288.8599853515625,0.0,0.0,6.114857196807861,-1288.8599853515625,-1284.0,64.00468444824219,-1396.6600341796875,-1391.0999755859375,-1374.0999755859375,-1339.5,-1284.0,-1229.75,-1211.0,-1202.4000244140625,-1176.800048828125
19859,-1288.8599853515625,0.0,0.0,6.110024452209473,-1288.8599853515625,-1284.0,64.00468444824219,-1396.6600341796875,-1391.0999755859375,-1374.0999755859375,-1339.5,-1284.0,-1229.75,-1211.0,-1202.4000244140625,-1176.800048828125
19866,-1288.8599853515625,0.0,0.0,6.11020565032959,-1288.8599853515625,-1284.0,64.00468444824219,-1396.6600341796875,-1391.0999755859375,-1374.0999755859375,-1339.5,-1284.0,-1229.75,-1211.0,-1202.4000244140625,-1176.800048828125
19873,-1288.8599853515625,0.0,0.0,6.103879928588867,-1288.8599853515625,-1284.0,64.00468444824219,-1396.6600341796875,-1391.0999755859375,-1374.0999755859375,-1339.5,-1284.0,-1229.75,-1211.0,-1202.4000244140625,-1176.800048828125
19880,-1288.8599853515625,0.0,0.0,6.100902080535889,-1288.8599853515625,-1284.0,64.00468444824219,-1396.6600341796875,-1391.0999755859375,-1374.0999755859375,-1339.5,-1284.0,-1229.75,-1211.0,-1202.4000244140625,-1176.800048828125
19887,-1288.8599853515625,0.0,0.0,6.095298767089844,-1288.8599853515625,-1284.0,64.00468444824219,-1396.6600341796875,-1391.0999755859375,-1374.0999755859375,-1339.5,-1284.0,-1229.75,-1211.0,-1202.4000244140625,-1176.800048828125
19894,-1288.8800048828125,0.0,0.0,6.096398830413818,-1288.8800048828125,-1284.0,63.986289978027344,-1396.6600341796875,-1391.0999755859375,-1374.0999755859375,-1339.5,-1284.0,-1230.75,-1211.0,-1202.4000244140625,-1176.800048828125
19901,-1288.8800048828125,0.0,0.0,6.092939376831055,-1288.8800048828125,-1284.0,63.986289978027344,-1396.6600341796875,-1391.0999755859375,-1374.0999755859375,-1339.5,-1284.0,-1230.75,-1211.0,-1202.4000244140625,-1176.800048828125
19908,-1288.8800048828125,0.0,0.0,6.09600305557251,-1288.8800048828125,-1284.0,63.986289978027344,-1396.6600341796875,-1391.0999755859375,-1374.0999755859375,-1339.5,-1284.0,-1230.75,-1211.0,-1202.4000244140625,-1176.800048828125
19915,-1288.8800048828125,0.0,0.0,6.089543342590332,-1288.8800048828125,-1284.0,63.986289978027344,-1396.6600341796875,-1391.0999755859375,-1374.0999755859375,-1339.5,-1284.0,-1230.75,-1211.0,-1202.4000244140625,-1176.800048828125
19922,-1288.8800048828125,0.0,0.0,6.084038734436035,-1288.8800048828125,-1284.0,63.986289978027344,-1396.6600341796875,-1391.0999755859375,-1374.0999755859375,-1339.5,-1284.0,-1230.75,-1211.0,-1202.4000244140625,-1176.800048828125
19929,-1288.8800048828125,0.0,0.0,6.079533100128174,-1288.8800048828125,-1284.0,63.986289978027344,-1396.6600341796875,-1391.0999755859375,-1374.0999755859375,-1339.5,-1284.0,-1230.75,-1211.0,-1202.4000244140625,-1176.800048828125
19936,-1288.8800048828125,0.0,0.0,6.0715765953063965,-1288.8800048828125,-1284.0,63.986289978027344,-1396.6600341796875,-1391.0999755859375,-1374.0999755859375,-1339.5,-1284.0,-1230.75,-1211.0,-1202.4000244140625,-1176.800048828125
19943,-1288.9000244140625,0.0,0.0,6.06943941116333,-1288.9000244140625,-1284.0,63.94849395751953,-1396.6600341796875,-1391.0999755859375,-1374.0999755859375,-1339.5,-1284.0,-1230.75,-1211.0,-1202.4000244140625,-1176.8399658203125
19950,-1288.9000244140625,0.0,0.0,6.067647457122803,-1288.9000244140625,-1284.0,63.94849395751953,-1396.6600341796875,-1391.0999755859375,-1374.0999755859375,-1339.5,-1284.0,-1230.75,-1211.0,-1202.4000244140625,-1176.8399658203125
19957,-1288.9000244140625,0.0,0.0,6.072349548339844,-1288.9000244140625,-1284.0,63.94849395751953,-1396.6600341796875,-1391.0999755859375,-1374.0999755859375,-1339.5,-1284.0,-1230.75,-1211.0,-1202.4000244140625,-1176.8399658203125
19964,-1288.9000244140625,0.0,0.0,6.06366491317749,-1288.9000244140625,-1284.0,63.94849395751953,-1396.6600341796875,-1391.0999755859375,-1374.0999755859375,-1339.5,-1284.0,-1230.75,-1211.0,-1202.4000244140625,-1176.8399658203125
19971,-1288.9000244140625,0.0,0.0,6.059406757354736,-1288.9000244140625,-1284.0,63.94849395751953,-1396.6600341796875,-1391.0999755859375,-1374.0999755859375,-1339.5,-1284.0,-1230.75,-1211.0,-1202.4000244140625,-1176.8399658203125
19978,-1288.9000244140625,0.0,0.0,6.062047004699707,-1288.9000244140625,-1284.0,63.94849395751953,-1396.6600341796875,-1391.0999755859375,-1374.0999755859375,-1339.5,-1284.0,-1230.75,-1211.0,-1202.4000244140625,-1176.8399658203125
19985,-1288.9000244140625,0.0,0.0,6.060111045837402,-1288.9000244140625,-1284.0,63.94849395751953,-1396.6600341796875,-1391.0999755859375,-1374.0999755859375,-1339.5,-1284.0,-1230.75,-1211.0,-1202.4000244140625,-1176.8399658203125
19992,-1288.9000244140625,0.0,0.0,6.05791711807251,-1288.9000244140625,-1284.0,63.94849395751953,-1396.6600341796875,-1391.0999755859375,-1374.0999755859375,-1339.5,-1284.0,-1230.75,-1211.0,-1202.4000244140625,-1176.8399658203125
19999,-1288.9000244140625,0.0,0.0,6.057314395904541,-1288.9000244140625,-1284.0,63.94849395751953,-1396.6600341796875,-1391.0999755859375,-1374.0999755859375,-1339.5,-1284.0,-1230.75,-1211.0,-1202.4000244140625,-1176.8399658203125
20006,-1288.9000244140625,0.0,0.0,6.051311016082764,-1288.9000244140625,-1284.0,63.94849395751953,-1396.6600341796875,-1391.0999755859375,-1374.0999755859375,-1339.5,-1284.0,-1230.75,-1211.0,-1202.4000244140625,-1176.8399658203125
20013,-1288.9000244140625,0.0,0.0,6.047128677368164,-1288.9000244140625,-1284.0,63.94849395751953,-1396.6600341796875,-1391.0999755859375,-1374.0999755859375,-1339.5,-1284.0,-1230.75,-1211.0,-1202.4000244140625,-1176.8399658203125
20020,-1288.9000244140625,0.0,0.0,6.052582740783691,-1288.9000244140625,-1284.0,63.94849395751953,-1396.6600341796875,-1391.0999755859375,-1374.0999755859375,-1339.5,-1284.0,-1230.75,-1211.0,-1202.4000244140625,-1176.8399658203125
20027,-1288.9000244140625,0.0,0.0,6.055428504943848,-1288.9000244140625,-1284.0,63.94849395751953,-1396.6600341796875,-1391.0999755859375,-1374.0999755859375,-1339.5,-1284.0,-1230.75,-1211.0,-1202.4000244140625,-1176.8399658203125
20034,-1288.9000244140625,0.0,0.0,6.051293849945068,-1288.9000244140625,-1284.0,63.94849395751953,-1396.6600341796875,-1391.0999755859375,-1374.0999755859375,-1339.5,-1284.0,-1230.75,-1211.0,-1202.4000244140625,-1176.8399658203125
20041,-1288.9000244140625,0.0,0.0,6.051784515380859,-1288.9000244140625,-1284.0,63.94849395751953,-1396.6600341796875,-1391.0999755859375,-1374.0999755859375,-1339.5,-1284.0,-1230.75,-1211.0,-1202.4000244140625,-1176.8399658203125
20048,-1288.9000244140625,0.0,0.0,6.051053524017334,-1288.9000244140625,-1284.0,63.94849395751953,-1396.6600341796875,-1391.0999755859375,-1374.0999755859375,-1339.5,-1284.0,-1230.75,-1211.0,-1202.4000244140625,-1176.8399658203125
20055,-1288.9000244140625,0.0,0.0,6.053090572357178,-1288.9000244140625,-1284.0,63.94849395751953,-1396.6600341796875,-1391.0999755859375,-1374.0999755859375,-1339.5,-1284.0,-1230.75,-1211.0,-1202.4000244140625,-1176.8399658203125
20062,-1288.9000244140625,0.0,0.0,6.054195880889893,-1288.9000244140625,-1284.0,63.94849395751953,-1396.6600341796875,-1391.0999755859375,-1374.0999755859375,-1339.5,-1284.0,-1230.75,-1211.0,-1202.4000244140625,-1176.8399658203125
20069,-1288.9000244140625,0.0,0.0,6.056778430938721,-1288.9000244140625,-1284.0,63.94849395751953,-1396.6600341796875,-1391.0999755859375,-1374.0999755859375,-1339.5,-1284.0,-1230.75,-1211.0,-1202.4000244140625,-1176.8399658203125
20076,-1288.9000244140625,0.0,0.0,6.058815956115723,-1288.9000244140625,-1284.0,63.94849395751953,-1396.6600341796875,-1391.0999755859375,-1374.0999755859375,-1339.5,-1284.0,-1230.75,-1211.0,-1202.4000244140625,-1176.8399658203125
20083,-1288.9000244140625,0.0,0.0,6.058445930480957,-1288.9000244140625,-1284.0,63.94849395751953,-1396.6600341796875,-1391.0999755859375,-1374.0999755859375,-1339.5,-1284.0,-1230.75,-1211.0,-1202.4000244140625,-1176.8399658203125
20090,-1288.9000244140625,0.0,0.0,6.056758880615234,-1288.9000244140625,-1284.0,63.94849395751953,-1396.6600341796875,-1391.0999755859375,-1374.0999755859375,-1339.5,-1284.0,-1230.75,-1211.0,-1202.4000244140625,-1176.8399658203125
20097,-1288.9000244140625,0.0,0.0,6.058631420135498,-1288.9000244140625,-1284.0,63.94849395751953,-1396.6600341796875,-1391.0999755859375,-1374.0999755859375,-1339.5,-1284.0,-1230.75,-1211.0,-1202.4000244140625,-1176.8399658203125
20104,-1288.9000244140625,0.0,0.0,6.054226398468018,-1288.9000244140625,-1284.0,63.94849395751953,-1396.6600341796875,-1391.0999755859375,-1374.0999755859375,-1339.5,-1284.0,-1230.75,-1211.0,-1202.4000244140625,-1176.8399658203125
20111,-1288.9000244140625,0.0,0.0,6.053211688995361,-1288.9000244140625,-1284.0,63.94849395751953,-1396.6600341796875,-1391.0999755859375,-1374.0999755859375,-1339.5,-1284.0,-1230.75,-1211.0,-1202.4000244140625,-1176.8399658203125
20118,-1288.9000244140625,0.0,0.0,6.053403377532959,-1288.9000244140625,-1284.0,63.94849395751953,-1396.6600341796875,-1391.0999755859375,-1374.0999755859375,-1339.5,-1284.0,-1230.75,-1211.0,-1202.4000244140625,-1176.8399658203125
20125,-1288.9000244140625,0.0,0.0,6.051618576049805,-1288.9000244140625,-1284.0,63.94849395751953,-1396.6600341796875,-1391.0999755859375,-1374.0999755859375,-1339.5,-1284.0,-1230.75,-1211.0,-1202.4000244140625,-1176.8399658203125
20132,-1288.9000244140625,0.0,0.0,6.04778528213501,-1288.9000244140625,-1284.0,63.94849395751953,-1396.6600341796875,-1391.0999755859375,-1374.0999755859375,-1339.5,-1284.0,-1230.75,-1211.0,-1202.4000244140625,-1176.8399658203125
20139,-1288.9000244140625,0.0,0.0,6.0460052490234375,-1288.9000244140625,-1284.0,63.94849395751953,-1396.6600341796875,-1391.0999755859375,-1374.0999755859375,-1339.5,-1284.0,-1230.75,-1211.0,-1202.4000244140625,-1176.8399658203125
20146,-1288.9000244140625,0.0,0.0,6.04451322555542,-1288.9000244140625,-1284.0,63.94849395751953,-1396.6600341796875,-1391.0999755859375,-1374.0999755859375,-1339.5,-1284.0,-1230.75,-1211.0,-1202.4000244140625,-1176.8399658203125
20153,-1288.9000244140625,0.0,0.0,6.042101860046387,-1288.9000244140625,-1284.0,63.94849395751953,-1396.6600341796875,-1391.0999755859375,-1374.0999755859375,-1339.5,-1284.0,-1230.75,-1211.0,-1202.4000244140625,-1176.8399658203125
20160,-1288.9000244140625,0.0,0.0,6.037779331207275,-1288.9000244140625,-1284.0,63.94849395751953,-1396.6600341796875,-1391.0999755859375,-1374.0999755859375,-1339.5,-1284.0,-1230.75,-1211.0,-1202.4000244140625,-1176.8399658203125
20167,-1288.9000244140625,0.0,0.0,6.040872573852539,-1288.9000244140625,-1284.0,63.94849395751953,-1396.6600341796875,-1391.0999755859375,-1374.0999755859375,-1339.5,-1284.0,-1230.75,-1211.0,-1202.4000244140625,-1176.8399658203125
20174,-1288.9000244140625,0.0,0.0,6.041085243225098,-1288.9000244140625,-1284.0,63.94849395751953,-1396.6600341796875,-1391.0999755859375,-1374.0999755859375,-1339.5,-1284.0,-1230.75,-1211.0,-1202.4000244140625,-1176.8399658203125
20181,-1288.9000244140625,0.0,0.0,6.037573337554932,-1288.9000244140625,-1284.0,63.94849395751953,-1396.6600341796875,-1391.0999755859375,-1374.0999755859375,-1339.5,-1284.0,-1230.75,-1211.0,-1202.4000244140625,-1176.8399658203125
20188,-1288.9000244140625,0.0,0.0,6.036924839019775,-1288.9000244140625,-1284.0,63.94849395751953,-1396.6600341796875,-1391.0999755859375,-1374.0999755859375,-1339.5,-1284.0,-1230.75,-1211.0,-1202.4000244140625,-1176.8399658203125
20195,-1288.9000244140625,0.0,0.0,6.03769588470459,-1288.9000244140625,-1284.0,63.94849395751953,-1396.6600341796875,-1391.0999755859375,-1374.0999755859375,-1339.5,-1284.0,-1230.75,-1211.0,-1202.4000244140625,-1176.8399658203125
20202,-1288.9000244140625,0.0,0.0,6.032955169677734,-1288.9000244140625,-1284.0,63.94849395751953,-1396.6600341796875,-1391.0999755859375,-1374.0999755859375,-1339.5,-1284.0,-1230.75,-1211.0,-1202.4000244140625,-1176.8399658203125
20209,-1288.9000244140625,0.0,0.0,6.025855541229248,-1288.9000244140625,-1284.0,63.94849395751953,-1396.6600341796875,-1391.0999755859375,-1374.0999755859375,-1339.5,-1284.0,-1230.75,-1211.0,-1202.4000244140625,-1176.8399658203125
20216,-1288.93994140625,0.0,0.0,6.0213494300842285,-1288.93994140625,-1284.0,63.87468719482422,-1396.6600341796875,-1391.0999755859375,-1374.0999755859375,-1339.5,-1284.0,-1230.75,-1211.0,-1202.4000244140625,-1176.9200439453125
20223,-1288.9599609375,0.0,0.0,6.021656513214111,-1288.9599609375,-1284.0,63.856231689453125,-1396.6600341796875,-1391.0999755859375,-1374.0999755859375,-1339.5,-1284.0,-1231.0,-1211.0,-1202.4000244140625,-1176.9200439453125
20230,-1288.9599609375,0.0,0.0,6.017545223236084,-1288.9599609375,-1284.0,63.856231689453125,-1396.6600341796875,-1391.0999755859375,-1374.0999755859375,-1339.5,-1284.0,-1231.0,-1211.0,-1202.4000244140625,-1176.9200439453125
20237,-1288.9599609375,0.0,0.0,6.01409912109375,-1288.9599609375,-1284.0,63.856231689453125,-1396.6600341796875,-1391.0999755859375,-1374.0999755859375,-1339.5,-1284.0,-1231.0,-1211.0,-1202.4000244140625,-1176.9200439453125
20244,-1288.9599609375,0.0,0.0,6.010978698730469,-1288.9599609375,-1284.0,63.856231689453125,-1396.6600341796875,-1391.0999755859375,-1374.0999755859375,-1339.5,-1284.0,-1231.0,-1211.0,-1202.4000244140625,-1176.9200439453125
20251,-1288.9599609375,0.0,0.0,6.008240222930908,-1288.9599609375,-1284.0,63.856231689453125,-1396.6600341796875,-1391.0999755859375,-1374.0999755859375,-1339.5,-1284.0,-1231.0,-1211.0,-1202.4000244140625,-1176.9200439453125
20258,-1288.9599609375,0.0,0.0,6.004012107849121,-1288.9599609375,-1284.0,63.856231689453125,-1396.6600341796875,-1391.0999755859375,-1374.0999755859375,-1339.5,-1284.0,-1231.0,-1211.0,-1202.4000244140625,-1176.9200439453125
20265,-1288.9599609375,0.0,0.0,5.997714519500732,-1288.9599609375,-1284.0,63.856231689453125,-1396.6600341796875,-1391.0999755859375,-1374.0999755859375,-1339.5,-1284.0,-1231.0,-1211.0,-1202.4000244140625,-1176.9200439453125
20272,-1288.9599609375,0.0,0.0,5.991932392120361,-1288.9599609375,-1284.0,63.856231689453125,-1396.6600341796875,-1391.0999755859375,-1374.0999755859375,-1339.5,-1284.0,-1231.0,-1211.0,-1202.4000244140625,-1176.9200439453125
20279,-1288.9599609375,0.0,0.0,5.984443187713623,-1288.9599609375,-1284.0,63.856231689453125,-1396.6600341796875,-1391.0999755859375,-1374.0999755859375,-1339.5,-1284.0,-1231.0,-1211.0,-1202.4000244140625,-1176.9200439453125
20286,-1288.9599609375,0.0,0.0,5.978047847747803,-1288.9599609375,-1284.0,63.856231689453125,-1396.6600341796875,-1391.0999755859375,-1374.0999755859375,-1339.5,-1284.0,-1231.0,-1211.0,-1202.4000244140625,-1176.9200439453125
20293,-1288.9599609375,0.0,0.0,5.977090358734131,-1288.9599609375,-1284.0,63.856231689453125,-1396.6600341796875,-1391.0999755859375,-1374.0999755859375,-1339.5,-1284.0,-1231.0,-1211.0,-1202.4000244140625,-1176.9200439453125
20300,-1288.9599609375,0.0,0.0,5.977105140686035,-1288.9599609375,-1284.0,63.856231689453125,-1396.6600341796875,-1391.0999755859375,-1374.0999755859375,-1339.5,-1284.0,-1231.0,-1211.0,-1202.4000244140625,-1176.9200439453125
20307,-1288.9599609375,0.0,0.0,5.978713035583496,-1288.9599609375,-1284.0,63.856231689453125,-1396.6600341796875,-1391.0999755859375,-1374.0999755859375,-1339.5,-1284.0,-1231.0,-1211.0,-1202.4000244140625,-1176.9200439453125
20314,-1288.9599609375,0.0,0.0,5.981661796569824,-1288.9599609375,-1284.0,63.856231689453125,-1396.6600341796875,-1391.0999755859375,-1374.0999755859375,-1339.5,-1284.0,-1231.0,-1211.0,-1202.4000244140625,-1176.9200439453125
20321,-1288.9599609375,0.0,0.0,5.982011795043945,-1288.9599609375,-1284.0,63.856231689453125,-1396.6600341796875,-1391.0999755859375,-1374.0999755859375,-1339.5,-1284.0,-1231.0,-1211.0,-1202.4000244140625,-1176.9200439453125
20328,-1288.9599609375,0.0,0.0,5.976485252380371,-1288.9599609375,-1284.0,63.856231689453125,-1396.6600341796875,-1391.0999755859375,-1374.0999755859375,-1339.5,-1284.0,-1231.0,-1211.0,-1202.4000244140625,-1176.9200439453125
20335,-1288.9599609375,0.0,0.0,5.972967624664307,-1288.9599609375,-1284.0,63.856231689453125,-1396.6600341796875,-1391.0999755859375,-1374.0999755859375,-1339.5,-1284.0,-1231.0,-1211.0,-1202.4000244140625,-1176.9200439453125
20342,-1288.9599609375,0.0,0.0,5.974239826202393,-1288.9599609375,-1284.0,63.856231689453125,-1396.6600341796875,-1391.0999755859375,-1374.0999755859375,-1339.5,-1284.0,-1231.0,-1211.0,-1202.4000244140625,-1176.9200439453125
20349,-1288.9599609375,0.0,0.0,5.9787139892578125,-1288.9599609375,-1284.0,63.856231689453125,-1396.6600341796875,-1391.0999755859375,-1374.0999755859375,-1339.5,-1284.0,-1231.0,-1211.0,-1202.4000244140625,-1176.9200439453125
20356,-1288.9599609375,0.0,0.0,5.979759216308594,-1288.9599609375,-1284.0,63.856231689453125,-1396.6600341796875,-1391.0999755859375,-1374.0999755859375,-1339.5,-1284.0,-1231.0,-1211.0,-1202.4000244140625,-1176.9200439453125
20363,-1288.97998046875,0.0,0.0,5.979677677154541,-1288.97998046875,-1284.0,63.84809494018555,-1396.6600341796875,-1391.0999755859375,-1374.0999755859375,-1339.5,-1284.0,-1231.0,-1211.0,-1202.4000244140625,-1176.9200439453125
20370,-1288.97998046875,0.0,0.0,5.976602554321289,-1288.97998046875,-1284.0,63.84809494018555,-1396.6600341796875,-1391.0999755859375,-1374.0999755859375,-1339.5,-1284.0,-1231.0,-1211.0,-1202.4000244140625,-1176.9200439453125
20377,-1288.97998046875,0.0,0.0,5.964841842651367,-1288.97998046875,-1284.0,63.84809494018555,-1396.6600341796875,-1391.0999755859375,-1374.0999755859375,-1339.5,-1284.0,-1231.0,-1211.0,-1202.4000244140625,-1176.9200439453125
20384,-1288.97998046875,0.0,0.0,5.958498477935791,-1288.97998046875,-1284.0,63.84809494018555,-1396.6600341796875,-1391.0999755859375,-1374.0999755859375,-1339.5,-1284.0,-1231.0,-1211.0,-1202.4000244140625,-1176.9200439453125
20391,-1288.97998046875,0.0,0.0,5.95515775680542,-1288.97998046875,-1284.0,63.84809494018555,-1396.6600341796875,-1391.0999755859375,-1374.0999755859375,-1339.5,-1284.0,-1231.0,-1211.0,-1202.4000244140625,-1176.9200439453125
20398,-1288.97998046875,0.0,0.0,5.952602386474609,-1288.97998046875,-1284.0,63.84809494018555,-1396.6600341796875,-1391.0999755859375,-1374.0999755859375,-1339.5,-1284.0,-1231.0,-1211.0,-1202.4000244140625,-1176.9200439453125
20405,-1288.97998046875,0.0,0.0,5.95587158203125,-1288.97998046875,-1284.0,63.84809494018555,-1396.6600341796875,-1391.0999755859375,-1374.0999755859375,-1339.5,-1284.0,-1231.0,-1211.0,-1202.4000244140625,-1176.9200439453125
20412,-1289.0,0.0,0.0,5.953053951263428,-1289.0,-1284.0,63.84058380126953,-1396.6600341796875,-1391.0999755859375,-1374.0999755859375,-1339.5,-1284.0,-1231.0,-1211.0,-1202.4000244140625,-1176.9200439453125
20419,-1289.0,0.0,0.0,5.949443817138672,-1289.0,-1284.0,63.84058380126953,-1396.6600341796875,-1391.0999755859375,-1374.0999755859375,-1339.5,-1284.0,-1231.0,-1211.0,-1202.4000244140625,-1176.9200439453125
20426,-1289.0,0.0,0.0,5.94517183303833,-1289.0,-1284.0,63.84058380126953,-1396.6600341796875,-1391.0999755859375,-1374.0999755859375,-1339.5,-1284.0,-1231.0,-1211.0,-1202.4000244140625,-1176.9200439453125
20433,-1289.0,0.0,0.0,5.941661834716797,-1289.0,-1284.0,63.84058380126953,-1396.6600341796875,-1391.0999755859375,-1374.0999755859375,-1339.5,-1284.0,-1231.0,-1211.0,-1202.4000244140625,-1176.9200439453125
20440,-1289.0,0.0,0.0,5.93412446975708,-1289.0,-1284.0,63.84058380126953,-1396.6600341796875,-1391.0999755859375,-1374.0999755859375,-1339.5,-1284.0,-1231.0,-1211.0,-1202.4000244140625,-1176.9200439453125
20447,-1289.0,0.0,0.0,5.930247783660889,-1289.0,-1284.0,63.84058380126953,-1396.6600341796875,-1391.0999755859375,-1374.0999755859375,-1339.5,-1284.0,-1231.0,-1211.0,-1202.4000244140625,-1176.9200439453125
20454,-1289.0,0.0,0.0,5.930854320526123,-1289.0,-1284.0,63.84058380126953,-1396.6600341796875,-1391.0999755859375,-1374.0999755859375,-1339.5,-1284.0,-1231.0,-1211.0,-1202.4000244140625,-1176.9200439453125
20461,-1289.0,0.0,0.0,5.928725242614746,-1289.0,-1284.0,63.84058380126953,-1396.6600341796875,-1391.0999755859375,-1374.0999755859375,-1339.5,-1284.0,-1231.0,-1211.0,-1202.4000244140625,-1176.9200439453125
20468,-1289.0,0.0,0.0,5.925188064575195,-1289.0,-1284.0,63.84058380126953,-1396.6600341796875,-1391.0999755859375,-1374.0999755859375,-1339.5,-1284.0,-1231.0,-1211.0,-1202.4000244140625,-1176.9200439453125
20475,-1289.0,0.0,0.0,5.924761772155762,-1289.0,-1284.0,63.84058380126953,-1396.6600341796875,-1391.0999755859375,-1374.0999755859375,-1339.5,-1284.0,-1231.0,-1211.0,-1202.4000244140625,-1176.9200439453125
20482,-1289.0,0.0,0.0,5.924439430236816,-1289.0,-1284.0,63.84058380126953,-1396.6600341796875,-1391.0999755859375,-1374.0999755859375,-1339.5,-1284.0,-1231.0,-1211.0,-1202.4000244140625,-1176.9200439453125
20489,-1289.0,0.0,0.0,5.92486572265625,-1289.0,-1284.0,63.84058380126953,-1396.6600341796875,-1391.0999755859375,-1374.0999755859375,-1339.5,-1284.0,-1231.0,-1211.0,-1202.4000244140625,-1176.9200439453125
20496,-1289.0,0.0,0.0,5.922780513763428,-1289.0,-1284.0,63.84058380126953,-1396.6600341796875,-1391.0999755859375,-1374.0999755859375,-1339.5,-1284.0,-1231.0,-1211.0,-1202.4000244140625,-1176.9200439453125
20503,-1289.0,0.0,0.0,5.9215922355651855,-1289.0,-1284.0,63.84058380126953,-1396.6600341796875,-1391.0999755859375,-1374.0999755859375,-1339.5,-1284.0,-1231.0,-1211.0,-1202.4000244140625,-1176.9200439453125
20510,-1289.0,0.0,0.0,5.924319267272949,-1289.0,-1284.0,63.84058380126953,-1396.6600341796875,-1391.0999755859375,-1374.0999755859375,-1339.5,-1284.0,-1231.0,-1211.0,-1202.4000244140625,-1176.9200439453125
20517,-1289.0,0.0,0.0,5.931446552276611,-1289.0,-1284.0,63.84058380126953,-1396.6600341796875,-1391.0999755859375,-1374.0999755859375,-1339.5,-1284.0,-1231.0,-1211.0,-1202.4000244140625,-1176.9200439453125
20524,-1289.0,0.0,0.0,5.931396484375,-1289.0,-1284.0,63.84058380126953,-1396.6600341796875,-1391.0999755859375,-1374.0999755859375,-1339.5,-1284.0,-1231.0,-1211.0,-1202.4000244140625,-1176.9200439453125
20531,-1289.0,0.0,0.0,5.925605297088623,-1289.0,-1284.0,63.84058380126953,-1396.6600341796875,-1391.0999755859375,-1374.0999755859375,-1339.5,-1284.0,-1231.0,-1211.0,-1202.4000244140625,-1176.9200439453125
20538,-1289.0,0.0,0.0,5.918376922607422,-1289.0,-1284.0,63.84058380126953,-1396.6600341796875,-1391.0999755859375,-1374.0999755859375,-1339.5,-1284.0,-1231.0,-1211.0,-1202.4000244140625,-1176.9200439453125
20545,-1289.0,0.0,0.0,5.912552356719971,-1289.0,-1284.0,63.84058380126953,-1396.6600341796875,-1391.0999755859375,-1374.0999755859375,-1339.5,-1284.0,-1231.0,-1211.0,-1202.4000244140625,-1176.9200439453125
20552,-1289.02001953125,0.0,0.0,5.913868427276611,-1289.02001953125,-1284.0,63.834625244140625,-1396.6600341796875,-1391.0999755859375,-1374.0999755859375,-1339.5,-1284.0,-1231.0,-1211.0,-1202.4000244140625,-1176.9200439453125
20559,-1289.02001953125,0.0,0.0,5.904725074768066,-1289.02001953125,-1284.0,63.834625244140625,-1396.6600341796875,-1391.0999755859375,-1374.0999755859375,-1339.5,-1284.0,-1231.0,-1211.0,-1202.4000244140625,-1176.9200439453125
20566,-1289.02001953125,0.0,0.0,5.903941631317139,-1289.02001953125,-1284.0,63.834625244140625,-1396.6600341796875,-1391.0999755859375,-1374.0999755859375,-1339.5,-1284.0,-1231.0,-1211.0,-1202.4000244140625,-1176.9200439453125
20573,-1289.02001953125,0.0,0.0,5.905600547790527,-1289.02001953125,-1284.0,63.834625244140625,-1396.6600341796875,-1391.0999755859375,-1374.0999755859375,-1339.5,-1284.0,-1231.0,-1211.0,-1202.4000244140625,-1176.9200439453125
20580,-1289.02001953125,0.0,0.0,5.9094743728637695,-1289.02001953125,-1284.0,63.834625244140625,-1396.6600341796875,-1391.0999755859375,-1374.0999755859375,-1339.5,-1284.0,-1231.0,-1211.0,-1202.4000244140625,-1176.9200439453125
20587,-1289.02001953125,0.0,0.0,5.906665325164795,-1289.02001953125,-1284.0,63.834625244140625,-1396.6600341796875,-1391.0999755859375,-1374.0999755859375,-1339.5,-1284.0,-1231.0,-1211.0,-1202.4000244140625,-1176.9200439453125
20594,-1289.02001953125,0.0,0.0,5.905515193939209,-1289.02001953125,-1284.0,63.834625244140625,-1396.6600341796875,-1391.0999755859375,-1374.0999755859375,-1339.5,-1284.0,-1231.0,-1211.0,-1202.4000244140625,-1176.9200439453125
20601,-1289.02001953125,0.0,0.0,5.906013011932373,-1289.02001953125,-1284.0,63.834625244140625,-1396.6600341796875,-1391.0999755859375,-1374.0999755859375,-1339.5,-1284.0,-1231.0,-1211.0,-1202.4000244140625,-1176.9200439453125
20608,-1289.02001953125,0.0,0.0,5.907538890838623,-1289.02001953125,-1284.0,63.834625244140625,-1396.6600341796875,-1391.0999755859375,-1374.0999755859375,-1339.5,-1284.0,-1231.0,-1211.0,-1202.4000244140625,-1176.9200439453125
20615,-1289.02001953125,0.0,0.0,5.8989176750183105,-1289.02001953125,-1284.0,63.834625244140625,-1396.6600341796875,-1391.0999755859375,-1374.0999755859375,-1339.5,-1284.0,-1231.0,-1211.0,-1202.4000244140625,-1176.9200439453125
20622,-1289.02001953125,0.0,0.0,5.8946380615234375,-1289.02001953125,-1284.0,63.834625244140625,-1396.6600341796875,-1391.0999755859375,-1374.0999755859375,-1339.5,-1284.0,-1231.0,-1211.0,-1202.4000244140625,-1176.9200439453125
20629,-1289.02001953125,0.0,0.0,5.892518997192383,-1289.02001953125,-1284.0,63.834625244140625,-1396.6600341796875,-1391.0999755859375,-1374.0999755859375,-1339.5,-1284.0,-1231.0,-1211.0,-1202.4000244140625,-1176.9200439453125
20636,-1289.02001953125,0.0,0.0,5.890229225158691,-1289.02001953125,-1284.0,63.834625244140625,-1396.6600341796875,-1391.0999755859375,-1374.0999755859375,-1339.5,-1284.0,-1231.0,-1211.0,-1202.4000244140625,-1176.9200439453125
20643,-1289.02001953125,0.0,0.0,5.885884761810303,-1289.02001953125,-1284.0,63.834625244140625,-1396.6600341796875,-1391.0999755859375,-1374.0999755859375,-1339.5,-1284.0,-1231.0,-1211.0,-1202.4000244140625,-1176.9200439453125
20650,-1289.02001953125,0.0,0.0,5.887626647949219,-1289.02001953125,-1284.0,63.834625244140625,-1396.6600341796875,-1391.0999755859375,-1374.0999755859375,-1339.5,-1284.0,-1231.0,-1211.0,-1202.4000244140625,-1176.9200439453125
20657,-1289.02001953125,0.0,0.0,5.883459568023682,-1289.02001953125,-1284.0,63.834625244140625,-1396.6600341796875,-1391.0999755859375,-1374.0999755859375,-1339.5,-1284.0,-1231.0,-1211.0,-1202.4000244140625,-1176.9200439453125
20664,-1289.02001953125,0.0,0.0,5.875405311584473,-1289.02001953125,-1284.0,63.834625244140625,-1396.6600341796875,-1391.0999755859375,-1374.0999755859375,-1339.5,-1284.0,-1231.0,-1211.0,-1202.4000244140625,-1176.9200439453125
20671,-1289.02001953125,0.0,0.0,5.875051021575928,-1289.02001953125,-1284.0,63.834625244140625,-1396.6600341796875,-1391.0999755859375,-1374.0999755859375,-1339.5,-1284.0,-1231.0,-1211.0,-1202.4000244140625,-1176.9200439453125
20678,-1289.02001953125,0.0,0.0,5.874561786651611,-1289.02001953125,-1284.0,63.834625244140625,-1396.6600341796875,-1391.0999755859375,-1374.0999755859375,-1339.5,-1284.0,-1231.0,-1211.0,-1202.4000244140625,-1176.9200439453125
20685,-1289.02001953125,0.0,0.0,5.8778204917907715,-1289.02001953125,-1284.0,63.834625244140625,-1396.6600341796875,-1391.0999755859375,-1374.0999755859375,-1339.5,-1284.0,-1231.0,-1211.0,-1202.4000244140625,-1176.9200439453125
20692,-1289.02001953125,0.0,0.0,5.881854057312012,-1289.02001953125,-1284.0,63.834625244140625,-1396.6600341796875,-1391.0999755859375,-1374.0999755859375,-1339.5,-1284.0,-1231.0,-1211.0,-1202.4000244140625,-1176.9200439453125
20699,-1289.02001953125,0.0,0.0,5.877053260803223,-1289.02001953125,-1284.0,63.834625244140625,-1396.6600341796875,-1391.0999755859375,-1374.0999755859375,-1339.5,-1284.0,-1231.0,-1211.0,-1202.4000244140625,-1176.9200439453125
20706,-1289.02001953125,0.0,0.0,5.872724533081055,-1289.02001953125,-1284.0,63.834625244140625,-1396.6600341796875,-1391.0999755859375,-1374.0999755859375,-1339.5,-1284.0,-1231.0,-1211.0,-1202.4000244140625,-1176.9200439453125
20713,-1289.0399169921875,0.0,0.0,5.864895343780518,-1289.0400390625,-1284.0,63.8296012878418,-1396.6600341796875,-1391.0999755859375,-1374.0999755859375,-1339.5,-1284.0,-1231.0,-1211.0,-1202.4000244140625,-1176.9200439453125
20720,-1289.0399169921875,0.0,0.0,5.862763404846191,-1289.0400390625,-1284.0,63.8296012878418,-1396.6600341796875,-1391.0999755859375,-1374.0999755859375,-1339.5,-1284.0,-1231.0,-1211.0,-1202.4000244140625,-1176.9200439453125
20727,-1289.0399169921875,0.0,0.0,5.86411714553833,-1289.0400390625,-1284.0,63.8296012878418,-1396.6600341796875,-1391.0999755859375,-1374.0999755859375,-1339.5,-1284.0,-1231.0,-1211.0,-1202.4000244140625,-1176.9200439453125
20734,-1289.0399169921875,0.0,0.0,5.866862773895264,-1289.0400390625,-1284.0,63.8296012878418,-1396.6600341796875,-1391.0999755859375,-1374.0999755859375,-1339.5,-1284.0,-1231.0,-1211.0,-1202.4000244140625,-1176.9200439453125
20741,-1289.0399169921875,0.0,0.0,5.86446475982666,-1289.0400390625,-1284.0,63.8296012878418,-1396.6600341796875,-1391.0999755859375,-1374.0999755859375,-1339.5,-1284.0,-1231.0,-1211.0,-1202.4000244140625,-1176.9200439453125
20748,-1289.0399169921875,0.0,0.0,5.860735893249512,-1289.0400390625,-1284.0,63.8296012878418,-1396.6600341796875,-1391.0999755859375,-1374.0999755859375,-1339.5,-1284.0,-1231.0,-1211.0,-1202.4000244140625,-1176.9200439453125
20755,-1289.0399169921875,0.0,0.0,5.853322505950928,-1289.0400390625,-1284.0,63.8296012878418,-1396.6600341796875,-1391.0999755859375,-1374.0999755859375,-1339.5,-1284.0,-1231.0,-1211.0,-1202.4000244140625,-1176.9200439453125
20762,-1289.0399169921875,0.0,0.0,5.854988098144531,-1289.0400390625,-1284.0,63.8296012878418,-1396.6600341796875,-1391.0999755859375,-1374.0999755859375,-1339.5,-1284.0,-1231.0,-1211.0,-1202.4000244140625,-1176.9200439453125
20769,-1289.0399169921875,0.0,0.0,5.856264114379883,-1289.0400390625,-1284.0,63.8296012878418,-1396.6600341796875,-1391.0999755859375,-1374.0999755859375,-1339.5,-1284.0,-1231.0,-1211.0,-1202.4000244140625,-1176.9200439453125
20776,-1289.0399169921875,0.0,0.0,5.85498046875,-1289.0400390625,-1284.0,63.8296012878418,-1396.6600341796875,-1391.0999755859375,-1374.0999755859375,-1339.5,-1284.0,-1231.0,-1211.0,-1202.4000244140625,-1176.9200439453125
20783,-1289.0399169921875,0.0,0.0,5.8468852043151855,-1289.0400390625,-1284.0,63.8296012878418,-1396.6600341796875,-1391.0999755859375,-1374.0999755859375,-1339.5,-1284.0,-1231.0,-1211.0,-1202.4000244140625,-1176.9200439453125
20790,-1289.0399169921875,0.0,0.0,5.843671798706055,-1289.0400390625,-1284.0,63.8296012878418,-1396.6600341796875,-1391.0999755859375,-1374.0999755859375,-1339.5,-1284.0,-1231.0,-1211.0,-1202.4000244140625,-1176.9200439453125
20797,-1289.0399169921875,0.0,0.0,5.839993953704834,-1289.0400390625,-1284.0,63.8296012878418,-1396.6600341796875,-1391.0999755859375,-1374.0999755859375,-1339.5,-1284.0,-1231.0,-1211.0,-1202.4000244140625,-1176.9200439453125
20804,-1289.0399169921875,0.0,0.0,5.830679416656494,-1289.0400390625,-1284.0,63.8296012878418,-1396.6600341796875,-1391.0999755859375,-1374.0999755859375,-1339.5,-1284.0,-1231.0,-1211.0,-1202.4000244140625,-1176.9200439453125
20811,-1289.0399169921875,0.0,0.0,5.827028751373291,-1289.0400390625,-1284.0,63.8296012878418,-1396.6600341796875,-1391.0999755859375,-1374.0999755859375,-1339.5,-1284.0,-1231.0,-1211.0,-1202.4000244140625,-1176.9200439453125
20818,-1289.0399169921875,0.0,0.0,5.827615737915039,-1289.0400390625,-1284.0,63.8296012878418,-1396.6600341796875,-1391.0999755859375,-1374.0999755859375,-1339.5,-1284.0,-1231.0,-1211.0,-1202.4000244140625,-1176.9200439453125
20825,-1289.0399169921875,0.0,0.0,5.820914268493652,-1289.0400390625,-1284.0,63.8296012878418,-1396.6600341796875,-1391.0999755859375,-1374.0999755859375,-1339.5,-1284.0,-1231.0,-1211.0,-1202.4000244140625,-1176.9200439453125
20832,-1289.0399169921875,0.0,0.0,5.821204662322998,-1289.0400390625,-1284.0,63.8296012878418,-1396.6600341796875,-1391.0999755859375,-1374.0999755859375,-1339.5,-1284.0,-1231.0,-1211.0,-1202.4000244140625,-1176.9200439453125
20839,-1289.0399169921875,0.0,0.0,5.8173699378967285,-1289.0400390625,-1284.0,63.8296012878418,-1396.6600341796875,-1391.0999755859375,-1374.0999755859375,-1339.5,-1284.0,-1231.0,-1211.0,-1202.4000244140625,-1176.9200439453125
20846,-1289.0399169921875,0.0,0.0,5.813296794891357,-1289.0400390625,-1284.0,63.8296012878418,-1396.6600341796875,-1391.0999755859375,-1374.0999755859375,-1339.5,-1284.0,-1231.0,-1211.0,-1202.4000244140625,-1176.9200439453125
20853,-1289.0399169921875,0.0,0.0,5.812760353088379,-1289.0400390625,-1284.0,63.8296012878418,-1396.6600341796875,-1391.0999755859375,-1374.0999755859375,-1339.5,-1284.0,-1231.0,-1211.0,-1202.4000244140625,-1176.9200439453125
20860,-1289.0599365234375,0.0,0.0,5.81361722946167,-1289.06005859375,-1284.0,63.81172561645508,-1396.6600341796875,-1391.0999755859375,-1374.0999755859375,-1339.5,-1284.0,-1232.5,-1211.0,-1202.4000244140625,-1176.9200439453125
20867,-1289.0599365234375,0.0,0.0,5.811868667602539,-1289.06005859375,-1284.0,63.81172561645508,-1396.6600341796875,-1391.0999755859375,-1374.0999755859375,-1339.5,-1284.0,-1232.5,-1211.0,-1202.4000244140625,-1176.9200439453125
20874,-1289.0599365234375,0.0,0.0,5.815347671508789,-1289.06005859375,-1284.0,63.81172561645508,-1396.6600341796875,-1391.0999755859375,-1374.0999755859375,-1339.5,-1284.0,-1232.5,-1211.0,-1202.4000244140625,-1176.9200439453125
20881,-1289.0799560546875,0.0,0.0,5.810793399810791,-1289.0799560546875,-1284.0,63.7881965637207,-1396.6600341796875,-1391.0999755859375,-1374.0999755859375,-1339.5,-1284.0,-1232.5,-1211.0,-1202.4000244140625,-1176.9200439453125
20888,-1289.0799560546875,0.0,0.0,5.810977458953857,-1289.0799560546875,-1284.0,63.7881965637207,-1396.6600341796875,-1391.0999755859375,-1374.0999755859375,-1339.5,-1284.0,-1232.5,-1211.0,-1202.4000244140625,-1176.9200439453125
20895,-1289.0799560546875,0.0,0.0,5.807992935180664,-1289.0799560546875,-1284.0,63.7881965637207,-1396.6600341796875,-1391.0999755859375,-1374.0999755859375,-1339.5,-1284.0,-1232.5,-1211.0,-1202.4000244140625,-1176.9200439453125
20902,-1289.0799560546875,0.0,0.0,5.800739765167236,-1289.0799560546875,-1284.0,63.7881965637207,-1396.6600341796875,-1391.0999755859375,-1374.0999755859375,-1339.5,-1284.0,-1232.5,-1211.0,-1202.4000244140625,-1176.9200439453125
20909,-1289.0799560546875,0.0,0.0,5.792346000671387,-1289.0799560546875,-1284.0,63.7881965637207,-1396.6600341796875,-1391.0999755859375,-1374.0999755859375,-1339.5,-1284.0,-1232.5,-1211.0,-1202.4000244140625,-1176.9200439453125
20916,-1289.0799560546875,0.0,0.0,5.792790412902832,-1289.0799560546875,-1284.0,63.7881965637207,-1396.6600341796875,-1391.0999755859375,-1374.0999755859375,-1339.5,-1284.0,-1232.5,-1211.0,-1202.4000244140625,-1176.9200439453125
20923,-1289.0799560546875,0.0,0.0,5.795345783233643,-1289.0799560546875,-1284.0,63.7881965637207,-1396.6600341796875,-1391.0999755859375,-1374.0999755859375,-1339.5,-1284.0,-1232.5,-1211.0,-1202.4000244140625,-1176.9200439453125
20930,-1289.0799560546875,0.0,0.0,5.794203758239746,-1289.0799560546875,-1284.0,63.7881965637207,-1396.6600341796875,-1391.0999755859375,-1374.0999755859375,-1339.5,-1284.0,-1232.5,-1211.0,-1202.4000244140625,-1176.9200439453125
20937,-1289.0799560546875,0.0,0.0,5.795084476470947,-1289.0799560546875,-1284.0,63.7881965637207,-1396.6600341796875,-1391.0999755859375,-1374.0999755859375,-1339.5,-1284.0,-1232.5,-1211.0,-1202.4000244140625,-1176.9200439453125
20944,-1289.0799560546875,0.0,0.0,5.791914939880371,-1289.0799560546875,-1284.0,63.7881965637207,-1396.6600341796875,-1391.0999755859375,-1374.0999755859375,-1339.5,-1284.0,-1232.5,-1211.0,-1202.4000244140625,-1176.9200439453125
20951,-1289.0799560546875,0.0,0.0,5.785437107086182,-1289.0799560546875,-1284.0,63.7881965637207,-1396.6600341796875,-1391.0999755859375,-1374.0999755859375,-1339.5,-1284.0,-1232.5,-1211.0,-1202.4000244140625,-1176.9200439453125
20958,-1289.0799560546875,0.0,0.0,5.78538179397583,-1289.0799560546875,-1284.0,63.7881965637207,-1396.6600341796875,-1391.0999755859375,-1374.0999755859375,-1339.5,-1284.0,-1232.5,-1211.0,-1202.4000244140625,-1176.9200439453125
20965,-1289.0799560546875,0.0,0.0,5.781268119812012,-1289.0799560546875,-1284.0,63.7881965637207,-1396.6600341796875,-1391.0999755859375,-1374.0999755859375,-1339.5,-1284.0,-1232.5,-1211.0,-1202.4000244140625,-1176.9200439453125
20972,-1289.0799560546875,0.0,0.0,5.779016971588135,-1289.0799560546875,-1284.0,63.7881965637207,-1396.6600341796875,-1391.0999755859375,-1374.0999755859375,-1339.5,-1284.0,-1232.5,-1211.0,-1202.4000244140625,-1176.9200439453125
20979,-1289.0999755859375,0.0,0.0,5.777022361755371,-1289.0999755859375,-1284.0,63.77091979980469,-1396.6600341796875,-1391.0999755859375,-1374.0999755859375,-1339.5,-1284.0,-1232.5,-1211.0,-1202.4000244140625,-1176.9200439453125
20986,-1289.0999755859375,0.0,0.0,5.777805805206299,-1289.0999755859375,-1284.0,63.77091979980469,-1396.6600341796875,-1391.0999755859375,-1374.0999755859375,-1339.5,-1284.0,-1232.5,-1211.0,-1202.4000244140625,-1176.9200439453125
20993,-1289.0999755859375,0.0,0.0,5.767421245574951,-1289.0999755859375,-1284.0,63.77091979980469,-1396.6600341796875,-1391.0999755859375,-1374.0999755859375,-1339.5,-1284.0,-1232.5,-1211.0,-1202.4000244140625,-1176.9200439453125
21000,-1289.0999755859375,0.0,0.0,5.761301040649414,-1289.0999755859375,-1284.0,63.77091979980469,-1396.6600341796875,-1391.0999755859375,-1374.0999755859375,-1339.5,-1284.0,-1232.5,-1211.0,-1202.4000244140625,-1176.9200439453125
21007,-1289.0999755859375,0.0,0.0,5.759966850280762,-1289.0999755859375,-1284.0,63.77091979980469,-1396.6600341796875,-1391.0999755859375,-1374.0999755859375,-1339.5,-1284.0,-1232.5,-1211.0,-1202.4000244140625,-1176.9200439453125
21014,-1289.0999755859375,0.0,0.0,5.755861759185791,-1289.0999755859375,-1284.0,63.77091979980469,-1396.6600341796875,-1391.0999755859375,-1374.0999755859375,-1339.5,-1284.0,-1232.5,-1211.0,-1202.4000244140625,-1176.9200439453125
21021,-1289.0999755859375,0.0,0.0,5.757815837860107,-1289.0999755859375,-1284.0,63.77091979980469,-1396.6600341796875,-1391.0999755859375,-1374.0999755859375,-1339.5,-1284.0,-1232.5,-1211.0,-1202.4000244140625,-1176.9200439453125
21028,-1289.0999755859375,0.0,0.0,5.760095596313477,-1289.0999755859375,-1284.0,63.77091979980469,-1396.6600341796875,-1391.0999755859375,-1374.0999755859375,-1339.5,-1284.0,-1232.5,-1211.0,-1202.4000244140625,-1176.9200439453125
21035,-1289.0999755859375,0.0,0.0,5.7523193359375,-1289.0999755859375,-1284.0,63.77091979980469,-1396.6600341796875,-1391.0999755859375,-1374.0999755859375,-1339.5,-1284.0,-1232.5,-1211.0,-1202.4000244140625,-1176.9200439453125
21042,-1289.0999755859375,0.0,0.0,5.75592565536499,-1289.0999755859375,-1284.0,63.77091979980469,-1396.6600341796875,-1391.0999755859375,-1374.0999755859375,-1339.5,-1284.0,-1232.5,-1211.0,-1202.4000244140625,-1176.9200439453125
21049,-1289.0999755859375,0.0,0.0,5.753485202789307,-1289.0999755859375,-1284.0,63.77091979980469,-1396.6600341796875,-1391.0999755859375,-1374.0999755859375,-1339.5,-1284.0,-1232.5,-1211.0,-1202.4000244140625,-1176.9200439453125
21056,-1289.0999755859375,0.0,0.0,5.747947692871094,-1289.0999755859375,-1284.0,63.77091979980469,-1396.6600341796875,-1391.0999755859375,-1374.0999755859375,-1339.5,-1284.0,-1232.5,-1211.0,-1202.4000244140625,-1176.9200439453125
21063,-1289.0999755859375,0.0,0.0,5.749629497528076,-1289.0999755859375,-1284.0,63.77091979980469,-1396.6600341796875,-1391.0999755859375,-1374.0999755859375,-1339.5,-1284.0,-1232.5,-1211.0,-1202.4000244140625,-1176.9200439453125
21070,-1289.0999755859375,0.0,0.0,5.749482154846191,-1289.0999755859375,-1284.0,63.77091979980469,-1396.6600341796875,-1391.0999755859375,-1374.0999755859375,-1339.5,-1284.0,-1232.5,-1211.0,-1202.4000244140625,-1176.9200439453125
21077,-1289.0999755859375,0.0,0.0,5.750837802886963,-1289.0999755859375,-1284.0,63.77091979980469,-1396.6600341796875,-1391.0999755859375,-1374.0999755859375,-1339.5,-1284.0,-1232.5,-1211.0,-1202.4000244140625,-1176.9200439453125
21084,-1289.1400146484375,0.0,0.0,5.754360198974609,-1289.1400146484375,-1284.0,63.839176177978516,-1400.5799560546875,-1391.0999755859375,-1374.0999755859375,-1339.5,-1284.0,-1232.5,-1211.0,-1202.4000244140625,-1176.9200439453125
21091,-1289.1400146484375,0.0,0.0,5.753333568572998,-1289.1400146484375,-1284.0,63.839176177978516,-1400.5799560546875,-1391.0999755859375,-1374.0999755859375,-1339.5,-1284.0,-1232.5,-1211.0,-1202.4000244140625,-1176.9200439453125
21098,-1289.1400146484375,0.0,0.0,5.747105598449707,-1289.1400146484375,-1284.0,63.839176177978516,-1400.5799560546875,-1391.0999755859375,-1374.0999755859375,-1339.5,-1284.0,-1232.5,-1211.0,-1202.4000244140625,-1176.9200439453125
21105,-1289.1400146484375,0.0,0.0,5.743616104125977,-1289.1400146484375,-1284.0,63.839176177978516,-1400.5799560546875,-1391.0999755859375,-1374.0999755859375,-1339.5,-1284.0,-1232.5,-1211.0,-1202.4000244140625,-1176.9200439453125
21112,-1289.1400146484375,0.0,0.0,5.740453243255615,-1289.1400146484375,-1284.0,63.839176177978516,-1400.5799560546875,-1391.0999755859375,-1374.0999755859375,-1339.5,-1284.0,-1232.5,-1211.0,-1202.4000244140625,-1176.9200439453125
21119,-1289.1400146484375,0.0,0.0,5.732231140136719,-1289.1400146484375,-1284.0,63.839176177978516,-1400.5799560546875,-1391.0999755859375,-1374.0999755859375,-1339.5,-1284.0,-1232.5,-1211.0,-1202.4000244140625,-1176.9200439453125
21126,-1289.1400146484375,0.0,0.0,5.731026649475098,-1289.1400146484375,-1284.0,63.839176177978516,-1400.5799560546875,-1391.0999755859375,-1374.0999755859375,-1339.5,-1284.0,-1232.5,-1211.0,-1202.4000244140625,-1176.9200439453125
21133,-1289.1400146484375,0.0,0.0,5.728041648864746,-1289.1400146484375,-1284.0,63.839176177978516,-1400.5799560546875,-1391.0999755859375,-1374.0999755859375,-1339.5,-1284.0,-1232.5,-1211.0,-1202.4000244140625,-1176.9200439453125
21140,-1289.1400146484375,0.0,0.0,5.729868412017822,-1289.1400146484375,-1284.0,63.839176177978516,-1400.5799560546875,-1391.0999755859375,-1374.0999755859375,-1339.5,-1284.0,-1232.5,-1211.0,-1202.4000244140625,-1176.9200439453125
21147,-1289.1400146484375,0.0,0.0,5.723979949951172,-1289.1400146484375,-1284.0,63.839176177978516,-1400.5799560546875,-1391.0999755859375,-1374.0999755859375,-1339.5,-1284.0,-1232.5,-1211.0,-1202.4000244140625,-1176.9200439453125
21154,-1289.1400146484375,0.0,0.0,5.71943473815918,-1289.1400146484375,-1284.0,63.839176177978516,-1400.5799560546875,-1391.0999755859375,-1374.0999755859375,-1339.5,-1284.0,-1232.5,-1211.0,-1202.4000244140625,-1176.9200439453125
21161,-1289.1400146484375,0.0,0.0,5.718183994293213,-1289.1400146484375,-1284.0,63.839176177978516,-1400.5799560546875,-1391.0999755859375,-1374.0999755859375,-1339.5,-1284.0,-1232.5,-1211.0,-1202.4000244140625,-1176.9200439453125
21168,-1289.1400146484375,0.0,0.0,5.719395160675049,-1289.1400146484375,-1284.0,63.839176177978516,-1400.5799560546875,-1391.0999755859375,-1374.0999755859375,-1339.5,-1284.0,-1232.5,-1211.0,-1202.4000244140625,-1176.9200439453125
21175,-1289.1400146484375,0.0,0.0,5.718748092651367,-1289.1400146484375,-1284.0,63.839176177978516,-1400.5799560546875,-1391.0999755859375,-1374.0999755859375,-1339.5,-1284.0,-1232.5,-1211.0,-1202.4000244140625,-1176.9200439453125
21182,-1289.1400146484375,0.0,0.0,5.724403381347656,-1289.1400146484375,-1284.0,63.839176177978516,-1400.5799560546875,-1391.0999755859375,-1374.0999755859375,-1339.5,-1284.0,-1232.5,-1211.0,-1202.4000244140625,-1176.9200439453125
21189,-1289.1400146484375,0.0,0.0,5.728920936584473,-1289.1400146484375,-1284.0,63.839176177978516,-1400.5799560546875,-1391.0999755859375,-1374.0999755859375,-1339.5,-1284.0,-1232.5,-1211.0,-1202.4000244140625,-1176.9200439453125
21196,-1289.1400146484375,0.0,0.0,5.729503154754639,-1289.1400146484375,-1284.0,63.839176177978516,-1400.5799560546875,-1391.0999755859375,-1374.0999755859375,-1339.5,-1284.0,-1232.5,-1211.0,-1202.4000244140625,-1176.9200439453125
21203,-1289.1400146484375,0.0,0.0,5.727907180786133,-1289.1400146484375,-1284.0,63.839176177978516,-1400.5799560546875,-1391.0999755859375,-1374.0999755859375,-1339.5,-1284.0,-1232.5,-1211.0,-1202.4000244140625,-1176.9200439453125
21210,-1289.1400146484375,0.0,0.0,5.7324137687683105,-1289.1400146484375,-1284.0,63.839176177978516,-1400.5799560546875,-1391.0999755859375,-1374.0999755859375,-1339.5,-1284.0,-1232.5,-1211.0,-1202.4000244140625,-1176.9200439453125
21217,-1289.1400146484375,0.0,0.0,5.73188591003418,-1289.1400146484375,-1284.0,63.839176177978516,-1400.5799560546875,-1391.0999755859375,-1374.0999755859375,-1339.5,-1284.0,-1232.5,-1211.0,-1202.4000244140625,-1176.9200439453125
21224,-1289.1400146484375,0.0,0.0,5.733614444732666,-1289.1400146484375,-1284.0,63.839176177978516,-1400.5799560546875,-1391.0999755859375,-1374.0999755859375,-1339.5,-1284.0,-1232.5,-1211.0,-1202.4000244140625,-1176.9200439453125
21231,-1289.1400146484375,0.0,0.0,5.732866287231445,-1289.1400146484375,-1284.0,63.839176177978516,-1400.5799560546875,-1391.0999755859375,-1374.0999755859375,-1339.5,-1284.0,-1232.5,-1211.0,-1202.4000244140625,-1176.9200439453125
21238,-1289.1400146484375,0.0,0.0,5.725860595703125,-1289.1400146484375,-1284.0,63.839176177978516,-1400.5799560546875,-1391.0999755859375,-1374.0999755859375,-1339.5,-1284.0,-1232.5,-1211.0,-1202.4000244140625,-1176.9200439453125
21245,-1289.1400146484375,0.0,0.0,5.721922397613525,-1289.1400146484375,-1284.0,63.839176177978516,-1400.5799560546875,-1391.0999755859375,-1374.0999755859375,-1339.5,-1284.0,-1232.5,-1211.0,-1202.4000244140625,-1176.9200439453125
21252,-1289.159912109375,0.0,0.0,5.718733787536621,-1289.1600341796875,-1284.0,63.82127380371094,-1400.5799560546875,-1391.0999755859375,-1374.0999755859375,-1339.5,-1284.0,-1233.0,-1211.0,-1202.4000244140625,-1176.9200439453125
21259,-1289.159912109375,0.0,0.0,5.719946384429932,-1289.1600341796875,-1284.0,63.82127380371094,-1400.5799560546875,-1391.0999755859375,-1374.0999755859375,-1339.5,-1284.0,-1233.0,-1211.0,-1202.4000244140625,-1176.9200439453125
21266,-1289.159912109375,0.0,0.0,5.720797061920166,-1289.1600341796875,-1284.0,63.82127380371094,-1400.5799560546875,-1391.0999755859375,-1374.0999755859375,-1339.5,-1284.0,-1233.0,-1211.0,-1202.4000244140625,-1176.9200439453125
21273,-1289.159912109375,0.0,0.0,5.714975357055664,-1289.1600341796875,-1284.0,63.82127380371094,-1400.5799560546875,-1391.0999755859375,-1374.0999755859375,-1339.5,-1284.0,-1233.0,-1211.0,-1202.4000244140625,-1176.9200439453125
21280,-1289.159912109375,0.0,0.0,5.712077617645264,-1289.1600341796875,-1284.0,63.82127380371094,-1400.5799560546875,-1391.0999755859375,-1374.0999755859375,-1339.5,-1284.0,-1233.0,-1211.0,-1202.4000244140625,-1176.9200439453125
21287,-1289.159912109375,0.0,0.0,5.709627628326416,-1289.1600341796875,-1284.0,63.82127380371094,-1400.5799560546875,-1391.0999755859375,-1374.0999755859375,-1339.5,-1284.0,-1233.0,-1211.0,-1202.4000244140625,-1176.9200439453125
21294,-1289.159912109375,0.0,0.0,5.708418369293213,-1289.1600341796875,-1284.0,63.82127380371094,-1400.5799560546875,-1391.0999755859375,-1374.0999755859375,-1339.5,-1284.0,-1233.0,-1211.0,-1202.4000244140625,-1176.9200439453125
21301,-1289.159912109375,0.0,0.0,5.708226203918457,-1289.1600341796875,-1284.0,63.82127380371094,-1400.5799560546875,-1391.0999755859375,-1374.0999755859375,-1339.5,-1284.0,-1233.0,-1211.0,-1202.4000244140625,-1176.9200439453125
21308,-1289.159912109375,0.0,0.0,5.706748962402344,-1289.1600341796875,-1284.0,63.82127380371094,-1400.5799560546875,-1391.0999755859375,-1374.0999755859375,-1339.5,-1284.0,-1233.0,-1211.0,-1202.4000244140625,-1176.9200439453125
21315,-1289.159912109375,0.0,0.0,5.706390380859375,-1289.1600341796875,-1284.0,63.82127380371094,-1400.5799560546875,-1391.0999755859375,-1374.0999755859375,-1339.5,-1284.0,-1233.0,-1211.0,-1202.4000244140625,-1176.9200439453125
21322,-1289.159912109375,0.0,0.0,5.704823017120361,-1289.1600341796875,-1284.0,63.82127380371094,-1400.5799560546875,-1391.0999755859375,-1374.0999755859375,-1339.5,-1284.0,-1233.0,-1211.0,-1202.4000244140625,-1176.9200439453125
21329,-1289.159912109375,0.0,0.0,5.699709415435791,-1289.1600341796875,-1284.0,63.82127380371094,-1400.5799560546875,-1391.0999755859375,-1374.0999755859375,-1339.5,-1284.0,-1233.0,-1211.0,-1202.4000244140625,-1176.9200439453125
21336,-1289.159912109375,0.0,0.0,5.695282936096191,-1289.1600341796875,-1284.0,63.82127380371094,-1400.5799560546875,-1391.0999755859375,-1374.0999755859375,-1339.5,-1284.0,-1233.0,-1211.0,-1202.4000244140625,-1176.9200439453125
21343,-1289.159912109375,0.0,0.0,5.696561813354492,-1289.1600341796875,-1284.0,63.82127380371094,-1400.5799560546875,-1391.0999755859375,-1374.0999755859375,-1339.5,-1284.0,-1233.0,-1211.0,-1202.4000244140625,-1176.9200439453125
21350,-1289.159912109375,0.0,0.0,5.697537899017334,-1289.1600341796875,-1284.0,63.82127380371094,-1400.5799560546875,-1391.0999755859375,-1374.0999755859375,-1339.5,-1284.0,-1233.0,-1211.0,-1202.4000244140625,-1176.9200439453125
21357,-1289.159912109375,0.0,0.0,5.69484281539917,-1289.1600341796875,-1284.0,63.82127380371094,-1400.5799560546875,-1391.0999755859375,-1374.0999755859375,-1339.5,-1284.0,-1233.0,-1211.0,-1202.4000244140625,-1176.9200439453125
21364,-1289.159912109375,0.0,0.0,5.69160270690918,-1289.1600341796875,-1284.0,63.82127380371094,-1400.5799560546875,-1391.0999755859375,-1374.0999755859375,-1339.5,-1284.0,-1233.0,-1211.0,-1202.4000244140625,-1176.9200439453125
21371,-1289.159912109375,0.0,0.0,5.69007682800293,-1289.1600341796875,-1284.0,63.82127380371094,-1400.5799560546875,-1391.0999755859375,-1374.0999755859375,-1339.5,-1284.0,-1233.0,-1211.0,-1202.4000244140625,-1176.9200439453125
21378,-1289.159912109375,0.0,0.0,5.690736770629883,-1289.1600341796875,-1284.0,63.82127380371094,-1400.5799560546875,-1391.0999755859375,-1374.0999755859375,-1339.5,-1284.0,-1233.0,-1211.0,-1202.4000244140625,-1176.9200439453125
21385,-1289.159912109375,0.0,0.0,5.692296028137207,-1289.1600341796875,-1284.0,63.82127380371094,-1400.5799560546875,-1391.0999755859375,-1374.0999755859375,-1339.5,-1284.0,-1233.0,-1211.0,-1202.4000244140625,-1176.9200439453125
21392,-1289.159912109375,0.0,0.0,5.693051815032959,-1289.1600341796875,-1284.0,63.82127380371094,-1400.5799560546875,-1391.0999755859375,-1374.0999755859375,-1339.5,-1284.0,-1233.0,-1211.0,-1202.4000244140625,-1176.9200439453125
21399,-1289.159912109375,0.0,0.0,5.691072940826416,-1289.1600341796875,-1284.0,63.82127380371094,-1400.5799560546875,-1391.0999755859375,-1374.0999755859375,-1339.5,-1284.0,-1233.0,-1211.0,-1202.4000244140625,-1176.9200439453125
21406,-1289.159912109375,0.0,0.0,5.686745643615723,-1289.1600341796875,-1284.0,63.82127380371094,-1400.5799560546875,-1391.0999755859375,-1374.0999755859375,-1339.5,-1284.0,-1233.0,-1211.0,-1202.4000244140625,-1176.9200439453125
21413,-1289.159912109375,0.0,0.0,5.689732551574707,-1289.1600341796875,-1284.0,63.82127380371094,-1400.5799560546875,-1391.0999755859375,-1374.0999755859375,-1339.5,-1284.0,-1233.0,-1211.0,-1202.4000244140625,-1176.9200439453125
21420,-1289.159912109375,0.0,0.0,5.690554141998291,-1289.1600341796875,-1284.0,63.82127380371094,-1400.5799560546875,-1391.0999755859375,-1374.0999755859375,-1339.5,-1284.0,-1233.0,-1211.0,-1202.4000244140625,-1176.9200439453125
21427,-1289.159912109375,0.0,0.0,5.696815490722656,-1289.1600341796875,-1284.0,63.82127380371094,-1400.5799560546875,-1391.0999755859375,-1374.0999755859375,-1339.5,-1284.0,-1233.0,-1211.0,-1202.4000244140625,-1176.9200439453125
21434,-1289.159912109375,0.0,0.0,5.696271896362305,-1289.1600341796875,-1284.0,63.82127380371094,-1400.5799560546875,-1391.0999755859375,-1374.0999755859375,-1339.5,-1284.0,-1233.0,-1211.0,-1202.4000244140625,-1176.9200439453125
21441,-1289.159912109375,0.0,0.0,5.691614627838135,-1289.1600341796875,-1284.0,63.82127380371094,-1400.5799560546875,-1391.0999755859375,-1374.0999755859375,-1339.5,-1284.0,-1233.0,-1211.0,-1202.4000244140625,-1176.9200439453125
21448,-1289.159912109375,0.0,0.0,5.688736438751221,-1289.1600341796875,-1284.0,63.82127380371094,-1400.5799560546875,-1391.0999755859375,-1374.0999755859375,-1339.5,-1284.0,-1233.0,-1211.0,-1202.4000244140625,-1176.9200439453125
21455,-1289.159912109375,0.0,0.0,5.686831951141357,-1289.1600341796875,-1284.0,63.82127380371094,-1400.5799560546875,-1391.0999755859375,-1374.0999755859375,-1339.5,-1284.0,-1233.0,-1211.0,-1202.4000244140625,-1176.9200439453125
21462,-1289.159912109375,0.0,0.0,5.680506229400635,-1289.1600341796875,-1284.0,63.82127380371094,-1400.5799560546875,-1391.0999755859375,-1374.0999755859375,-1339.5,-1284.0,-1233.0,-1211.0,-1202.4000244140625,-1176.9200439453125
21469,-1289.159912109375,0.0,0.0,5.68276834487915,-1289.1600341796875,-1284.0,63.82127380371094,-1400.5799560546875,-1391.0999755859375,-1374.0999755859375,-1339.5,-1284.0,-1233.0,-1211.0,-1202.4000244140625,-1176.9200439453125
21476,-1289.159912109375,0.0,0.0,5.6815409660339355,-1289.1600341796875,-1284.0,63.82127380371094,-1400.5799560546875,-1391.0999755859375,-1374.0999755859375,-1339.5,-1284.0,-1233.0,-1211.0,-1202.4000244140625,-1176.9200439453125
21483,-1289.179931640625,0.0,0.0,5.682487487792969,-1289.1800537109375,-1284.0,63.80459976196289,-1400.5799560546875,-1391.0999755859375,-1374.0999755859375,-1339.5,-1284.0,-1233.0,-1211.0,-1202.4000244140625,-1176.9200439453125
21490,-1289.179931640625,0.0,0.0,5.685953140258789,-1289.1800537109375,-1284.0,63.80459976196289,-1400.5799560546875,-1391.0999755859375,-1374.0999755859375,-1339.5,-1284.0,-1233.0,-1211.0,-1202.4000244140625,-1176.9200439453125
21497,-1289.179931640625,0.0,0.0,5.687876224517822,-1289.1800537109375,-1284.0,63.80459976196289,-1400.5799560546875,-1391.0999755859375,-1374.0999755859375,-1339.5,-1284.0,-1233.0,-1211.0,-1202.4000244140625,-1176.9200439453125
21504,-1289.179931640625,0.0,0.0,5.690635681152344,-1289.1800537109375,-1284.0,63.80459976196289,-1400.5799560546875,-1391.0999755859375,-1374.0999755859375,-1339.5,-1284.0,-1233.0,-1211.0,-1202.4000244140625,-1176.9200439453125
21511,-1289.179931640625,0.0,0.0,5.687979698181152,-1289.1800537109375,-1284.0,63.80459976196289,-1400.5799560546875,-1391.0999755859375,-1374.0999755859375,-1339.5,-1284.0,-1233.0,-1211.0,-1202.4000244140625,-1176.9200439453125
21518,-1289.179931640625,0.0,0.0,5.692184925079346,-1289.1800537109375,-1284.0,63.80459976196289,-1400.5799560546875,-1391.0999755859375,-1374.0999755859375,-1339.5,-1284.0,-1233.0,-1211.0,-1202.4000244140625,-1176.9200439453125
21525,-1289.179931640625,0.0,0.0,5.689662456512451,-1289.1800537109375,-1284.0,63.80459976196289,-1400.5799560546875,-1391.0999755859375,-1374.0999755859375,-1339.5,-1284.0,-1233.0,-1211.0,-1202.4000244140625,-1176.9200439453125
21532,-1289.179931640625,0.0,0.0,5.686017990112305,-1289.1800537109375,-1284.0,63.80459976196289,-1400.5799560546875,-1391.0999755859375,-1374.0999755859375,-1339.5,-1284.0,-1233.0,-1211.0,-1202.4000244140625,-1176.9200439453125
21539,-1289.179931640625,0.0,0.0,5.689770221710205,-1289.1800537109375,-1284.0,63.80459976196289,-1400.5799560546875,-1391.0999755859375,-1374.0999755859375,-1339.5,-1284.0,-1233.0,-1211.0,-1202.4000244140625,-1176.9200439453125
21546,-1289.179931640625,0.0,0.0,5.69394588470459,-1289.1800537109375,-1284.0,63.80459976196289,-1400.5799560546875,-1391.0999755859375,-1374.0999755859375,-1339.5,-1284.0,-1233.0,-1211.0,-1202.4000244140625,-1176.9200439453125
21553,-1289.179931640625,0.0,0.0,5.695383071899414,-1289.1800537109375,-1284.0,63.80459976196289,-1400.5799560546875,-1391.0999755859375,-1374.0999755859375,-1339.5,-1284.0,-1233.0,-1211.0,-1202.4000244140625,-1176.9200439453125
21560,-1289.179931640625,0.0,0.0,5.692946434020996,-1289.1800537109375,-1284.0,63.80459976196289,-1400.5799560546875,-1391.0999755859375,-1374.0999755859375,-1339.5,-1284.0,-1233.0,-1211.0,-1202.4000244140625,-1176.9200439453125
21567,-1289.179931640625,0.0,0.0,5.687228679656982,-1289.1800537109375,-1284.0,63.80459976196289,-1400.5799560546875,-1391.0999755859375,-1374.0999755859375,-1339.5,-1284.0,-1233.0,-1211.0,-1202.4000244140625,-1176.9200439453125
21574,-1289.179931640625,0.0,0.0,5.6826066970825195,-1289.1800537109375,-1284.0,63.80459976196289,-1400.5799560546875,-1391.0999755859375,-1374.0999755859375,-1339.5,-1284.0,-1233.0,-1211.0,-1202.4000244140625,-1176.9200439453125
21581,-1289.179931640625,0.0,0.0,5.678998947143555,-1289.1800537109375,-1284.0,63.80459976196289,-1400.5799560546875,-1391.0999755859375,-1374.0999755859375,-1339.5,-1284.0,-1233.0,-1211.0,-1202.4000244140625,-1176.9200439453125
21588,-1289.179931640625,0.0,0.0,5.680469036102295,-1289.1800537109375,-1284.0,63.80459976196289,-1400.5799560546875,-1391.0999755859375,-1374.0999755859375,-1339.5,-1284.0,-1233.0,-1211.0,-1202.4000244140625,-1176.9200439453125
21595,-1289.179931640625,0.0,0.0,5.678020000457764,-1289.1800537109375,-1284.0,63.80459976196289,-1400.5799560546875,-1391.0999755859375,-1374.0999755859375,-1339.5,-1284.0,-1233.0,-1211.0,-1202.4000244140625,-1176.9200439453125
21602,-1289.179931640625,0.0,0.0,5.672934532165527,-1289.1800537109375,-1284.0,63.80459976196289,-1400.5799560546875,-1391.0999755859375,-1374.0999755859375,-1339.5,-1284.0,-1233.0,-1211.0,-1202.4000244140625,-1176.9200439453125
21609,-1289.179931640625,0.0,0.0,5.672949314117432,-1289.1800537109375,-1284.0,63.80459976196289,-1400.5799560546875,-1391.0999755859375,-1374.0999755859375,-1339.5,-1284.0,-1233.0,-1211.0,-1202.4000244140625,-1176.9200439453125
21616,-1289.179931640625,0.0,0.0,5.6667399406433105,-1289.1800537109375,-1284.0,63.80459976196289,-1400.5799560546875,-1391.0999755859375,-1374.0999755859375,-1339.5,-1284.0,-1233.0,-1211.0,-1202.4000244140625,-1176.9200439453125
21623,-1289.179931640625,0.0,0.0,5.668621063232422,-1289.1800537109375,-1284.0,63.80459976196289,-1400.5799560546875,-1391.0999755859375,-1374.0999755859375,-1339.5,-1284.0,-1233.0,-1211.0,-1202.4000244140625,-1176.9200439453125
21630,-1289.179931640625,0.0,0.0,5.664920330047607,-1289.1800537109375,-1284.0,63.80459976196289,-1400.5799560546875,-1391.0999755859375,-1374.0999755859375,-1339.5,-1284.0,-1233.0,-1211.0,-1202.4000244140625,-1176.9200439453125
21637,-1289.179931640625,0.0,0.0,5.655757904052734,-1289.1800537109375,-1284.0,63.80459976196289,-1400.5799560546875,-1391.0999755859375,-1374.0999755859375,-1339.5,-1284.0,-1233.0,-1211.0,-1202.4000244140625,-1176.9200439453125
21644,-1289.179931640625,0.0,0.0,5.648043155670166,-1289.1800537109375,-1284.0,63.80459976196289,-1400.5799560546875,-1391.0999755859375,-1374.0999755859375,-1339.5,-1284.0,-1233.0,-1211.0,-1202.4000244140625,-1176.9200439453125
21651,-1289.179931640625,0.0,0.0,5.646714210510254,-1289.1800537109375,-1284.0,63.80459976196289,-1400.5799560546875,-1391.0999755859375,-1374.0999755859375,-1339.5,-1284.0,-1233.0,-1211.0,-1202.4000244140625,-1176.9200439453125
21658,-1289.179931640625,0.0,0.0,5.643718719482422,-1289.1800537109375,-1284.0,63.80459976196289,-1400.5799560546875,-1391.0999755859375,-1374.0999755859375,-1339.5,-1284.0,-1233.0,-1211.0,-1202.4000244140625,-1176.9200439453125
21665,-1289.179931640625,0.0,0.0,5.643129825592041,-1289.1800537109375,-1284.0,63.80459976196289,-1400.5799560546875,-1391.0999755859375,-1374.0999755859375,-1339.5,-1284.0,-1233.0,-1211.0,-1202.4000244140625,-1176.9200439453125
21672,-1289.179931640625,0.0,0.0,5.6400322914123535,-1289.1800537109375,-1284.0,63.80459976196289,-1400.5799560546875,-1391.0999755859375,-1374.0999755859375,-1339.5,-1284.0,-1233.0,-1211.0,-1202.4000244140625,-1176.9200439453125
21679,-1289.179931640625,0.0,0.0,5.638428688049316,-1289.1800537109375,-1284.0,63.80459976196289,-1400.5799560546875,-1391.0999755859375,-1374.0999755859375,-1339.5,-1284.0,-1233.0,-1211.0,-1202.4000244140625,-1176.9200439453125
21686,-1289.199951171875,0.0,0.0,5.632867813110352,-1289.199951171875,-1284.0,63.78636169433594,-1400.5799560546875,-1391.0999755859375,-1374.0999755859375,-1339.5,-1284.0,-1233.0,-1211.0,-1202.4000244140625,-1176.9200439453125
21693,-1289.199951171875,0.0,0.0,5.632940769195557,-1289.199951171875,-1284.0,63.78636169433594,-1400.5799560546875,-1391.0999755859375,-1374.0999755859375,-1339.5,-1284.0,-1233.0,-1211.0,-1202.4000244140625,-1176.9200439453125
21700,-1289.199951171875,0.0,0.0,5.634829998016357,-1289.199951171875,-1284.0,63.78636169433594,-1400.5799560546875,-1391.0999755859375,-1374.0999755859375,-1339.5,-1284.0,-1233.0,-1211.0,-1202.4000244140625,-1176.9200439453125
21707,-1289.219970703125,0.0,0.0,5.634237766265869,-1289.219970703125,-1284.0,63.79663848876953,-1400.5799560546875,-1391.0999755859375,-1374.0999755859375,-1339.5,-1284.0,-1233.0,-1211.0,-1202.4000244140625,-1176.9200439453125
21714,-1289.219970703125,0.0,0.0,5.63062858581543,-1289.219970703125,-1284.0,63.79663848876953,-1400.5799560546875,-1391.0999755859375,-1374.0999755859375,-1339.5,-1284.0,-1233.0,-1211.0,-1202.4000244140625,-1176.9200439453125
21721,-1289.219970703125,0.0,0.0,5.630488872528076,-1289.219970703125,-1284.0,63.79663848876953,-1400.5799560546875,-1391.0999755859375,-1374.0999755859375,-1339.5,-1284.0,-1233.0,-1211.0,-1202.4000244140625,-1176.9200439453125
21728,-1289.219970703125,0.0,0.0,5.622247219085693,-1289.219970703125,-1284.0,63.79663848876953,-1400.5799560546875,-1391.0999755859375,-1374.0999755859375,-1339.5,-1284.0,-1233.0,-1211.0,-1202.4000244140625,-1176.9200439453125
21735,-1289.219970703125,0.0,0.0,5.624113082885742,-1289.219970703125,-1284.0,63.79663848876953,-1400.5799560546875,-1391.0999755859375,-1374.0999755859375,-1339.5,-1284.0,-1233.0,-1211.0,-1202.4000244140625,-1176.9200439453125
21742,-1289.219970703125,0.0,0.0,5.629826545715332,-1289.219970703125,-1284.0,63.79663848876953,-1400.5799560546875,-1391.0999755859375,-1374.0999755859375,-1339.5,-1284.0,-1233.0,-1211.0,-1202.4000244140625,-1176.9200439453125
21749,-1289.239990234375,0.0,0.0,5.627352237701416,-1289.239990234375,-1284.0,63.78057861328125,-1400.5799560546875,-1391.0999755859375,-1374.0999755859375,-1339.5,-1284.0,-1233.0,-1211.0,-1202.4000244140625,-1176.9200439453125
21756,-1289.239990234375,0.0,0.0,5.622434139251709,-1289.239990234375,-1284.0,63.78057861328125,-1400.5799560546875,-1391.0999755859375,-1374.0999755859375,-1339.5,-1284.0,-1233.0,-1211.0,-1202.4000244140625,-1176.9200439453125
21763,-1289.239990234375,0.0,0.0,5.6237473487854,-1289.239990234375,-1284.0,63.78057861328125,-1400.5799560546875,-1391.0999755859375,-1374.0999755859375,-1339.5,-1284.0,-1233.0,-1211.0,-1202.4000244140625,-1176.9200439453125
21770,-1289.239990234375,0.0,0.0,5.622029781341553,-1289.239990234375,-1284.0,63.78057861328125,-1400.5799560546875,-1391.0999755859375,-1374.0999755859375,-1339.5,-1284.0,-1233.0,-1211.0,-1202.4000244140625,-1176.9200439453125
21777,-1289.239990234375,0.0,0.0,5.622585296630859,-1289.239990234375,-1284.0,63.78057861328125,-1400.5799560546875,-1391.0999755859375,-1374.0999755859375,-1339.5,-1284.0,-1233.0,-1211.0,-1202.4000244140625,-1176.9200439453125
21784,-1289.239990234375,0.0,0.0,5.6226115226745605,-1289.239990234375,-1284.0,63.78057861328125,-1400.5799560546875,-1391.0999755859375,-1374.0999755859375,-1339.5,-1284.0,-1233.0,-1211.0,-1202.4000244140625,-1176.9200439453125
21791,-1289.239990234375,0.0,0.0,5.617212772369385,-1289.239990234375,-1284.0,63.78057861328125,-1400.5799560546875,-1391.0999755859375,-1374.0999755859375,-1339.5,-1284.0,-1233.0,-1211.0,-1202.4000244140625,-1176.9200439453125
21798,-1289.239990234375,0.0,0.0,5.613931655883789,-1289.239990234375,-1284.0,63.78057861328125,-1400.5799560546875,-1391.0999755859375,-1374.0999755859375,-1339.5,-1284.0,-1233.0,-1211.0,-1202.4000244140625,-1176.9200439453125
21805,-1289.260009765625,0.0,0.0,5.609792232513428,-1289.260009765625,-1284.0,63.777679443359375,-1400.5799560546875,-1391.0999755859375,-1374.0999755859375,-1339.5,-1284.0,-1233.0,-1211.0,-1202.4000244140625,-1176.9200439453125
21812,-1289.260009765625,0.0,0.0,5.6079912185668945,-1289.260009765625,-1284.0,63.777679443359375,-1400.5799560546875,-1391.0999755859375,-1374.0999755859375,-1339.5,-1284.0,-1233.0,-1211.0,-1202.4000244140625,-1176.9200439453125
21819,-1289.260009765625,0.0,0.0,5.611591815948486,-1289.260009765625,-1284.0,63.777679443359375,-1400.5799560546875,-1391.0999755859375,-1374.0999755859375,-1339.5,-1284.0,-1233.0,-1211.0,-1202.4000244140625,-1176.9200439453125
21826,-1289.260009765625,0.0,0.0,5.6121063232421875,-1289.260009765625,-1284.0,63.777679443359375,-1400.5799560546875,-1391.0999755859375,-1374.0999755859375,-1339.5,-1284.0,-1233.0,-1211.0,-1202.4000244140625,-1176.9200439453125
21833,-1289.260009765625,0.0,0.0,5.617703914642334,-1289.260009765625,-1284.0,63.777679443359375,-1400.5799560546875,-1391.0999755859375,-1374.0999755859375,-1339.5,-1284.0,-1233.0,-1211.0,-1202.4000244140625,-1176.9200439453125
21840,-1289.260009765625,0.0,0.0,5.613336086273193,-1289.260009765625,-1284.0,63.777679443359375,-1400.5799560546875,-1391.0999755859375,-1374.0999755859375,-1339.5,-1284.0,-1233.0,-1211.0,-1202.4000244140625,-1176.9200439453125
21847,-1289.260009765625,0.0,0.0,5.607975959777832,-1289.260009765625,-1284.0,63.777679443359375,-1400.5799560546875,-1391.0999755859375,-1374.0999755859375,-1339.5,-1284.0,-1233.0,-1211.0,-1202.4000244140625,-1176.9200439453125
21854,-1289.280029296875,0.0,0.0,5.602956295013428,-1289.280029296875,-1284.0,63.741519927978516,-1400.5799560546875,-1391.0999755859375,-1374.0999755859375,-1339.5,-1284.0,-1233.0,-1211.0,-1202.4000244140625,-1176.9599609375
21861,-1289.280029296875,0.0,0.0,5.598773002624512,-1289.280029296875,-1284.0,63.741519927978516,-1400.5799560546875,-1391.0999755859375,-1374.0999755859375,-1339.5,-1284.0,-1233.0,-1211.0,-1202.4000244140625,-1176.9599609375
21868,-1289.280029296875,0.0,0.0,5.598773002624512,-1289.280029296875,-1284.0,63.741519927978516,-1400.5799560546875,-1391.0999755859375,-1374.0999755859375,-1339.5,-1284.0,-1233.0,-1211.0,-1202.4000244140625,-1176.9599609375
21875,-1289.280029296875,0.0,0.0,5.599727630615234,-1289.280029296875,-1284.0,63.741519927978516,-1400.5799560546875,-1391.0999755859375,-1374.0999755859375,-1339.5,-1284.0,-1233.0,-1211.0,-1202.4000244140625,-1176.9599609375
21882,-1289.280029296875,0.0,0.0,5.589531898498535,-1289.280029296875,-1284.0,63.741519927978516,-1400.5799560546875,-1391.0999755859375,-1374.0999755859375,-1339.5,-1284.0,-1233.0,-1211.0,-1202.4000244140625,-1176.9599609375
21889,-1289.280029296875,0.0,0.0,5.581664085388184,-1289.280029296875,-1284.0,63.741519927978516,-1400.5799560546875,-1391.0999755859375,-1374.0999755859375,-1339.5,-1284.0,-1233.0,-1211.0,-1202.4000244140625,-1176.9599609375
21896,-1289.2999267578125,0.0,0.0,5.583161354064941,-1289.300048828125,-1284.0,63.75617218017578,-1400.5799560546875,-1391.0999755859375,-1374.0999755859375,-1339.5,-1284.0,-1233.0,-1211.0,-1202.4000244140625,-1176.9599609375
21903,-1289.2999267578125,0.0,0.0,5.583399295806885,-1289.300048828125,-1284.0,63.75617218017578,-1400.5799560546875,-1391.0999755859375,-1374.0999755859375,-1339.5,-1284.0,-1233.0,-1211.0,-1202.4000244140625,-1176.9599609375
21910,-1289.2999267578125,0.0,0.0,5.582242488861084,-1289.300048828125,-1284.0,63.75617218017578,-1400.5799560546875,-1391.0999755859375,-1374.0999755859375,-1339.5,-1284.0,-1233.0,-1211.0,-1202.4000244140625,-1176.9599609375
21917,-1289.2999267578125,0.0,0.0,5.583555698394775,-1289.300048828125,-1284.0,63.75617218017578,-1400.5799560546875,-1391.0999755859375,-1374.0999755859375,-1339.5,-1284.0,-1233.0,-1211.0,-1202.4000244140625,-1176.9599609375
21924,-1289.2999267578125,0.0,0.0,5.581528186798096,-1289.300048828125,-1284.0,63.75617218017578,-1400.5799560546875,-1391.0999755859375,-1374.0999755859375,-1339.5,-1284.0,-1233.0,-1211.0,-1202.4000244140625,-1176.9599609375
21931,-1289.2999267578125,0.0,0.0,5.574206829071045,-1289.300048828125,-1284.0,63.75617218017578,-1400.5799560546875,-1391.0999755859375,-1374.0999755859375,-1339.5,-1284.0,-1233.0,-1211.0,-1202.4000244140625,-1176.9599609375
21938,-1289.2999267578125,0.0,0.0,5.571147918701172,-1289.300048828125,-1284.0,63.75617218017578,-1400.5799560546875,-1391.0999755859375,-1374.0999755859375,-1339.5,-1284.0,-1233.0,-1211.0,-1202.4000244140625,-1176.9599609375
21945,-1289.2999267578125,0.0,0.0,5.572736740112305,-1289.300048828125,-1284.0,63.75617218017578,-1400.5799560546875,-1391.0999755859375,-1374.0999755859375,-1339.5,-1284.0,-1233.0,-1211.0,-1202.4000244140625,-1176.9599609375
21952,-1289.2999267578125,0.0,0.0,5.570795059204102,-1289.300048828125,-1284.0,63.75617218017578,-1400.5799560546875,-1391.0999755859375,-1374.0999755859375,-1339.5,-1284.0,-1233.0,-1211.0,-1202.4000244140625,-1176.9599609375
21959,-1289.2999267578125,0.0,0.0,5.567679405212402,-1289.300048828125,-1284.0,63.75617218017578,-1400.5799560546875,-1391.0999755859375,-1374.0999755859375,-1339.5,-1284.0,-1233.0,-1211.0,-1202.4000244140625,-1176.9599609375
21966,-1289.2999267578125,0.0,0.0,5.568741321563721,-1289.300048828125,-1284.0,63.75617218017578,-1400.5799560546875,-1391.0999755859375,-1374.0999755859375,-1339.5,-1284.0,-1233.0,-1211.0,-1202.4000244140625,-1176.9599609375
21973,-1289.3199462890625,0.0,0.0,5.570451736450195,-1289.3199462890625,-1284.0,63.74070358276367,-1400.5799560546875,-1391.0999755859375,-1374.0999755859375,-1339.5,-1284.0,-1233.0,-1211.0,-1202.4000244140625,-1176.9599609375
21980,-1289.3199462890625,0.0,0.0,5.565541744232178,-1289.3199462890625,-1284.0,63.74070358276367,-1400.5799560546875,-1391.0999755859375,-1374.0999755859375,-1339.5,-1284.0,-1233.0,-1211.0,-1202.4000244140625,-1176.9599609375
21987,-1289.3199462890625,0.0,0.0,5.564869403839111,-1289.3199462890625,-1284.0,63.74070358276367,-1400.5799560546875,-1391.0999755859375,-1374.0999755859375,-1339.5,-1284.0,-1233.0,-1211.0,-1202.4000244140625,-1176.9599609375
21994,-1289.3199462890625,0.0,0.0,5.562557697296143,-1289.3199462890625,-1284.0,63.74070358276367,-1400.5799560546875,-1391.0999755859375,-1374.0999755859375,-1339.5,-1284.0,-1233.0,-1211.0,-1202.4000244140625,-1176.9599609375
22001,-1289.3199462890625,0.0,0.0,5.5666327476501465,-1289.3199462890625,-1284.0,63.74070358276367,-1400.5799560546875,-1391.0999755859375,-1374.0999755859375,-1339.5,-1284.0,-1233.0,-1211.0,-1202.4000244140625,-1176.9599609375
22008,-1289.3199462890625,0.0,0.0,5.566601276397705,-1289.3199462890625,-1284.0,63.74070358276367,-1400.5799560546875,-1391.0999755859375,-1374.0999755859375,-1339.5,-1284.0,-1233.0,-1211.0,-1202.4000244140625,-1176.9599609375
22015,-1289.3199462890625,0.0,0.0,5.571089744567871,-1289.3199462890625,-1284.0,63.74070358276367,-1400.5799560546875,-1391.0999755859375,-1374.0999755859375,-1339.5,-1284.0,-1233.0,-1211.0,-1202.4000244140625,-1176.9599609375
22022,-1289.3199462890625,0.0,0.0,5.571155071258545,-1289.3199462890625,-1284.0,63.74070358276367,-1400.5799560546875,-1391.0999755859375,-1374.0999755859375,-1339.5,-1284.0,-1233.0,-1211.0,-1202.4000244140625,-1176.9599609375
22029,-1289.3599853515625,0.0,0.0,5.564644813537598,-1289.3599853515625,-1284.0,63.670169830322266,-1400.5799560546875,-1391.0999755859375,-1374.0999755859375,-1339.5,-1284.0,-1233.0,-1211.0,-1202.4000244140625,-1178.9599609375
22036,-1289.3599853515625,0.0,0.0,5.560370445251465,-1289.3599853515625,-1284.0,63.670169830322266,-1400.5799560546875,-1391.0999755859375,-1374.0999755859375,-1339.5,-1284.0,-1233.0,-1211.0,-1202.4000244140625,-1178.9599609375
22043,-1289.3599853515625,0.0,0.0,5.558348655700684,-1289.3599853515625,-1284.0,63.670169830322266,-1400.5799560546875,-1391.0999755859375,-1374.0999755859375,-1339.5,-1284.0,-1233.0,-1211.0,-1202.4000244140625,-1178.9599609375
22050,-1289.3599853515625,0.0,0.0,5.559401035308838,-1289.3599853515625,-1284.0,63.670169830322266,-1400.5799560546875,-1391.0999755859375,-1374.0999755859375,-1339.5,-1284.0,-1233.0,-1211.0,-1202.4000244140625,-1178.9599609375
22057,-1289.3599853515625,0.0,0.0,5.565004825592041,-1289.3599853515625,-1284.0,63.670169830322266,-1400.5799560546875,-1391.0999755859375,-1374.0999755859375,-1339.5,-1284.0,-1233.0,-1211.0,-1202.4000244140625,-1178.9599609375
22064,-1289.3599853515625,0.0,0.0,5.561388969421387,-1289.3599853515625,-1284.0,63.670169830322266,-1400.5799560546875,-1391.0999755859375,-1374.0999755859375,-1339.5,-1284.0,-1233.0,-1211.0,-1202.4000244140625,-1178.9599609375
22071,-1289.3599853515625,0.0,0.0,5.556231498718262,-1289.3599853515625,-1284.0,63.670169830322266,-1400.5799560546875,-1391.0999755859375,-1374.0999755859375,-1339.5,-1284.0,-1233.0,-1211.0,-1202.4000244140625,-1178.9599609375
22078,-1289.3599853515625,0.0,0.0,5.556734085083008,-1289.3599853515625,-1284.0,63.670169830322266,-1400.5799560546875,-1391.0999755859375,-1374.0999755859375,-1339.5,-1284.0,-1233.0,-1211.0,-1202.4000244140625,-1178.9599609375
22085,-1289.3599853515625,0.0,0.0,5.558523654937744,-1289.3599853515625,-1284.0,63.670169830322266,-1400.5799560546875,-1391.0999755859375,-1374.0999755859375,-1339.5,-1284.0,-1233.0,-1211.0,-1202.4000244140625,-1178.9599609375
22092,-1289.3599853515625,0.0,0.0,5.555580139160156,-1289.3599853515625,-1284.0,63.670169830322266,-1400.5799560546875,-1391.0999755859375,-1374.0999755859375,-1339.5,-1284.0,-1233.0,-1211.0,-1202.4000244140625,-1178.9599609375
22099,-1289.3599853515625,0.0,0.0,5.551727294921875,-1289.3599853515625,-1284.0,63.670169830322266,-1400.5799560546875,-1391.0999755859375,-1374.0999755859375,-1339.5,-1284.0,-1233.0,-1211.0,-1202.4000244140625,-1178.9599609375
22106,-1289.3599853515625,0.0,0.0,5.552402019500732,-1289.3599853515625,-1284.0,63.670169830322266,-1400.5799560546875,-1391.0999755859375,-1374.0999755859375,-1339.5,-1284.0,-1233.0,-1211.0,-1202.4000244140625,-1178.9599609375
22113,-1289.3599853515625,0.0,0.0,5.554483890533447,-1289.3599853515625,-1284.0,63.670169830322266,-1400.5799560546875,-1391.0999755859375,-1374.0999755859375,-1339.5,-1284.0,-1233.0,-1211.0,-1202.4000244140625,-1178.9599609375
22120,-1289.3599853515625,0.0,0.0,5.553528785705566,-1289.3599853515625,-1284.0,63.670169830322266,-1400.5799560546875,-1391.0999755859375,-1374.0999755859375,-1339.5,-1284.0,-1233.0,-1211.0,-1202.4000244140625,-1178.9599609375
22127,-1289.3599853515625,0.0,0.0,5.549084186553955,-1289.3599853515625,-1284.0,63.670169830322266,-1400.5799560546875,-1391.0999755859375,-1374.0999755859375,-1339.5,-1284.0,-1233.0,-1211.0,-1202.4000244140625,-1178.9599609375
22134,-1289.3599853515625,0.0,0.0,5.54638671875,-1289.3599853515625,-1284.0,63.670169830322266,-1400.5799560546875,-1391.0999755859375,-1374.0999755859375,-1339.5,-1284.0,-1233.0,-1211.0,-1202.4000244140625,-1178.9599609375
22141,-1289.3599853515625,0.0,0.0,5.546351432800293,-1289.3599853515625,-1284.0,63.670169830322266,-1400.5799560546875,-1391.0999755859375,-1374.0999755859375,-1339.5,-1284.0,-1233.0,-1211.0,-1202.4000244140625,-1178.9599609375
22148,-1289.3599853515625,0.0,0.0,5.541327953338623,-1289.3599853515625,-1284.0,63.670169830322266,-1400.5799560546875,-1391.0999755859375,-1374.0999755859375,-1339.5,-1284.0,-1233.0,-1211.0,-1202.4000244140625,-1178.9599609375
22155,-1289.3599853515625,0.0,0.0,5.54014778137207,-1289.3599853515625,-1284.0,63.670169830322266,-1400.5799560546875,-1391.0999755859375,-1374.0999755859375,-1339.5,-1284.0,-1233.0,-1211.0,-1202.4000244140625,-1178.9599609375
22162,-1289.3599853515625,0.0,0.0,5.540403842926025,-1289.3599853515625,-1284.0,63.670169830322266,-1400.5799560546875,-1391.0999755859375,-1374.0999755859375,-1339.5,-1284.0,-1233.0,-1211.0,-1202.4000244140625,-1178.9599609375
22169,-1289.3599853515625,0.0,0.0,5.539355278015137,-1289.3599853515625,-1284.0,63.670169830322266,-1400.5799560546875,-1391.0999755859375,-1374.0999755859375,-1339.5,-1284.0,-1233.0,-1211.0,-1202.4000244140625,-1178.9599609375
22176,-1289.3599853515625,0.0,0.0,5.534430980682373,-1289.3599853515625,-1284.0,63.670169830322266,-1400.5799560546875,-1391.0999755859375,-1374.0999755859375,-1339.5,-1284.0,-1233.0,-1211.0,-1202.4000244140625,-1178.9599609375
22183,-1289.3599853515625,0.0,0.0,5.53209114074707,-1289.3599853515625,-1284.0,63.670169830322266,-1400.5799560546875,-1391.0999755859375,-1374.0999755859375,-1339.5,-1284.0,-1233.0,-1211.0,-1202.4000244140625,-1178.9599609375
22190,-1289.3599853515625,0.0,0.0,5.532754898071289,-1289.3599853515625,-1284.0,63.670169830322266,-1400.5799560546875,-1391.0999755859375,-1374.0999755859375,-1339.5,-1284.0,-1233.0,-1211.0,-1202.4000244140625,-1178.9599609375
22197,-1289.3599853515625,0.0,0.0,5.527361869812012,-1289.3599853515625,-1284.0,63.670169830322266,-1400.5799560546875,-1391.0999755859375,-1374.0999755859375,-1339.5,-1284.0,-1233.0,-1211.0,-1202.4000244140625,-1178.9599609375
22204,-1289.3599853515625,0.0,0.0,5.524553298950195,-1289.3599853515625,-1284.0,63.670169830322266,-1400.5799560546875,-1391.0999755859375,-1374.0999755859375,-1339.5,-1284.0,-1233.0,-1211.0,-1202.4000244140625,-1178.9599609375
22211,-1289.3599853515625,0.0,0.0,5.528067588806152,-1289.3599853515625,-1284.0,63.670169830322266,-1400.5799560546875,-1391.0999755859375,-1374.0999755859375,-1339.5,-1284.0,-1233.0,-1211.0,-1202.4000244140625,-1178.9599609375
22218,-1289.3599853515625,0.0,0.0,5.520783424377441,-1289.3599853515625,-1284.0,63.670169830322266,-1400.5799560546875,-1391.0999755859375,-1374.0999755859375,-1339.5,-1284.0,-1233.0,-1211.0,-1202.4000244140625,-1178.9599609375
22225,-1289.3599853515625,0.0,0.0,5.524417400360107,-1289.3599853515625,-1284.0,63.670169830322266,-1400.5799560546875,-1391.0999755859375,-1374.0999755859375,-1339.5,-1284.0,-1233.0,-1211.0,-1202.4000244140625,-1178.9599609375
22232,-1289.3599853515625,0.0,0.0,5.5229973793029785,-1289.3599853515625,-1284.0,63.670169830322266,-1400.5799560546875,-1391.0999755859375,-1374.0999755859375,-1339.5,-1284.0,-1233.0,-1211.0,-1202.4000244140625,-1178.9599609375
22239,-1289.3599853515625,0.0,0.0,5.526853084564209,-1289.3599853515625,-1284.0,63.670169830322266,-1400.5799560546875,-1391.0999755859375,-1374.0999755859375,-1339.5,-1284.0,-1233.0,-1211.0,-1202.4000244140625,-1178.9599609375
22246,-1289.3599853515625,0.0,0.0,5.526462078094482,-1289.3599853515625,-1284.0,63.670169830322266,-1400.5799560546875,-1391.0999755859375,-1374.0999755859375,-1339.5,-1284.0,-1233.0,-1211.0,-1202.4000244140625,-1178.9599609375
22253,-1289.3599853515625,0.0,0.0,5.5226969718933105,-1289.3599853515625,-1284.0,63.670169830322266,-1400.5799560546875,-1391.0999755859375,-1374.0999755859375,-1339.5,-1284.0,-1233.0,-1211.0,-1202.4000244140625,-1178.9599609375
22260,-1289.3599853515625,0.0,0.0,5.51772403717041,-1289.3599853515625,-1284.0,63.670169830322266,-1400.5799560546875,-1391.0999755859375,-1374.0999755859375,-1339.5,-1284.0,-1233.0,-1211.0,-1202.4000244140625,-1178.9599609375
22267,-1289.3599853515625,0.0,0.0,5.512007713317871,-1289.3599853515625,-1284.0,63.670169830322266,-1400.5799560546875,-1391.0999755859375,-1374.0999755859375,-1339.5,-1284.0,-1233.0,-1211.0,-1202.4000244140625,-1178.9599609375
22274,-1289.3599853515625,0.0,0.0,5.507214069366455,-1289.3599853515625,-1284.0,63.670169830322266,-1400.5799560546875,-1391.0999755859375,-1374.0999755859375,-1339.5,-1284.0,-1233.0,-1211.0,-1202.4000244140625,-1178.9599609375
22281,-1289.3599853515625,0.0,0.0,5.509744644165039,-1289.3599853515625,-1284.0,63.670169830322266,-1400.5799560546875,-1391.0999755859375,-1374.0999755859375,-1339.5,-1284.0,-1233.0,-1211.0,-1202.4000244140625,-1178.9599609375
22288,-1289.3599853515625,0.0,0.0,5.505330562591553,-1289.3599853515625,-1284.0,63.670169830322266,-1400.5799560546875,-1391.0999755859375,-1374.0999755859375,-1339.5,-1284.0,-1233.0,-1211.0,-1202.4000244140625,-1178.9599609375
22295,-1289.3599853515625,0.0,0.0,5.5071001052856445,-1289.3599853515625,-1284.0,63.670169830322266,-1400.5799560546875,-1391.0999755859375,-1374.0999755859375,-1339.5,-1284.0,-1233.0,-1211.0,-1202.4000244140625,-1178.9599609375
22302,-1289.3599853515625,0.0,0.0,5.509126663208008,-1289.3599853515625,-1284.0,63.670169830322266,-1400.5799560546875,-1391.0999755859375,-1374.0999755859375,-1339.5,-1284.0,-1233.0,-1211.0,-1202.4000244140625,-1178.9599609375
22309,-1289.3599853515625,0.0,0.0,5.509748458862305,-1289.3599853515625,-1284.0,63.670169830322266,-1400.5799560546875,-1391.0999755859375,-1374.0999755859375,-1339.5,-1284.0,-1233.0,-1211.0,-1202.4000244140625,-1178.9599609375
22316,-1289.3599853515625,0.0,0.0,5.5077314376831055,-1289.3599853515625,-1284.0,63.670169830322266,-1400.5799560546875,-1391.0999755859375,-1374.0999755859375,-1339.5,-1284.0,-1233.0,-1211.0,-1202.4000244140625,-1178.9599609375
22323,-1289.3599853515625,0.0,0.0,5.50269079208374,-1289.3599853515625,-1284.0,63.670169830322266,-1400.5799560546875,-1391.0999755859375,-1374.0999755859375,-1339.5,-1284.0,-1233.0,-1211.0,-1202.4000244140625,-1178.9599609375
22330,-1289.3599853515625,0.0,0.0,5.497853755950928,-1289.3599853515625,-1284.0,63.670169830322266,-1400.5799560546875,-1391.0999755859375,-1374.0999755859375,-1339.5,-1284.0,-1233.0,-1211.0,-1202.4000244140625,-1178.9599609375
22337,-1289.3599853515625,0.0,0.0,5.493702411651611,-1289.3599853515625,-1284.0,63.670169830322266,-1400.5799560546875,-1391.0999755859375,-1374.0999755859375,-1339.5,-1284.0,-1233.0,-1211.0,-1202.4000244140625,-1178.9599609375
22344,-1289.3599853515625,0.0,0.0,5.494193077087402,-1289.3599853515625,-1284.0,63.670169830322266,-1400.5799560546875,-1391.0999755859375,-1374.0999755859375,-1339.5,-1284.0,-1233.0,-1211.0,-1202.4000244140625,-1178.9599609375
22351,-1289.3599853515625,0.0,0.0,5.496148586273193,-1289.3599853515625,-1284.0,63.670169830322266,-1400.5799560546875,-1391.0999755859375,-1374.0999755859375,-1339.5,-1284.0,-1233.0,-1211.0,-1202.4000244140625,-1178.9599609375
22358,-1289.3599853515625,0.0,0.0,5.492994785308838,-1289.3599853515625,-1284.0,63.670169830322266,-1400.5799560546875,-1391.0999755859375,-1374.0999755859375,-1339.5,-1284.0,-1233.0,-1211.0,-1202.4000244140625,-1178.9599609375
22365,-1289.3599853515625,0.0,0.0,5.48612642288208,-1289.3599853515625,-1284.0,63.670169830322266,-1400.5799560546875,-1391.0999755859375,-1374.0999755859375,-1339.5,-1284.0,-1233.0,-1211.0,-1202.4000244140625,-1178.9599609375
22372,-1289.3599853515625,0.0,0.0,5.483433246612549,-1289.3599853515625,-1284.0,63.670169830322266,-1400.5799560546875,-1391.0999755859375,-1374.0999755859375,-1339.5,-1284.0,-1233.0,-1211.0,-1202.4000244140625,-1178.9599609375
22379,-1289.3599853515625,0.0,0.0,5.481424331665039,-1289.3599853515625,-1284.0,63.670169830322266,-1400.5799560546875,-1391.0999755859375,-1374.0999755859375,-1339.5,-1284.0,-1233.0,-1211.0,-1202.4000244140625,-1178.9599609375
22386,-1289.3800048828125,0.0,0.0,5.484004974365234,-1289.3800048828125,-1284.0,63.63580322265625,-1400.5799560546875,-1391.0999755859375,-1374.0999755859375,-1339.5,-1284.0,-1233.0,-1211.0,-1202.4000244140625,-1180.9200439453125
22393,-1289.3800048828125,0.0,0.0,5.476304054260254,-1289.3800048828125,-1284.0,63.63580322265625,-1400.5799560546875,-1391.0999755859375,-1374.0999755859375,-1339.5,-1284.0,-1233.0,-1211.0,-1202.4000244140625,-1180.9200439453125
22400,-1289.3800048828125,0.0,0.0,5.474337100982666,-1289.3800048828125,-1284.0,63.63580322265625,-1400.5799560546875,-1391.0999755859375,-1374.0999755859375,-1339.5,-1284.0,-1233.0,-1211.0,-1202.4000244140625,-1180.9200439453125
22407,-1289.4000244140625,0.0,0.0,5.471654415130615,-1289.4000244140625,-1284.0,63.64667892456055,-1400.5799560546875,-1391.0999755859375,-1374.0999755859375,-1339.5,-1284.0,-1233.0,-1211.0,-1202.4000244140625,-1180.9200439453125
22414,-1289.4000244140625,0.0,0.0,5.471303462982178,-1289.4000244140625,-1284.0,63.64667892456055,-1400.5799560546875,-1391.0999755859375,-1374.0999755859375,-1339.5,-1284.0,-1233.0,-1211.0,-1202.4000244140625,-1180.9200439453125
22421,-1289.4000244140625,0.0,0.0,5.473014831542969,-1289.4000244140625,-1284.0,63.64667892456055,-1400.5799560546875,-1391.0999755859375,-1374.0999755859375,-1339.5,-1284.0,-1233.0,-1211.0,-1202.4000244140625,-1180.9200439453125
22428,-1289.4000244140625,0.0,0.0,5.472815036773682,-1289.4000244140625,-1284.0,63.64667892456055,-1400.5799560546875,-1391.0999755859375,-1374.0999755859375,-1339.5,-1284.0,-1233.0,-1211.0,-1202.4000244140625,-1180.9200439453125
22435,-1289.4000244140625,0.0,0.0,5.473489761352539,-1289.4000244140625,-1284.0,63.64667892456055,-1400.5799560546875,-1391.0999755859375,-1374.0999755859375,-1339.5,-1284.0,-1233.0,-1211.0,-1202.4000244140625,-1180.9200439453125
22442,-1289.4000244140625,0.0,0.0,5.468582630157471,-1289.4000244140625,-1284.0,63.64667892456055,-1400.5799560546875,-1391.0999755859375,-1374.0999755859375,-1339.5,-1284.0,-1233.0,-1211.0,-1202.4000244140625,-1180.9200439453125
22449,-1289.4000244140625,0.0,0.0,5.46337890625,-1289.4000244140625,-1284.0,63.64667892456055,-1400.5799560546875,-1391.0999755859375,-1374.0999755859375,-1339.5,-1284.0,-1233.0,-1211.0,-1202.4000244140625,-1180.9200439453125
22456,-1289.4000244140625,0.0,0.0,5.460832595825195,-1289.4000244140625,-1284.0,63.64667892456055,-1400.5799560546875,-1391.0999755859375,-1374.0999755859375,-1339.5,-1284.0,-1233.0,-1211.0,-1202.4000244140625,-1180.9200439453125
22463,-1289.4000244140625,0.0,0.0,5.455230712890625,-1289.4000244140625,-1284.0,63.64667892456055,-1400.5799560546875,-1391.0999755859375,-1374.0999755859375,-1339.5,-1284.0,-1233.0,-1211.0,-1202.4000244140625,-1180.9200439453125
22470,-1289.4000244140625,0.0,0.0,5.451688289642334,-1289.4000244140625,-1284.0,63.64667892456055,-1400.5799560546875,-1391.0999755859375,-1374.0999755859375,-1339.5,-1284.0,-1233.0,-1211.0,-1202.4000244140625,-1180.9200439453125
22477,-1289.4000244140625,0.0,0.0,5.448462963104248,-1289.4000244140625,-1284.0,63.64667892456055,-1400.5799560546875,-1391.0999755859375,-1374.0999755859375,-1339.5,-1284.0,-1233.0,-1211.0,-1202.4000244140625,-1180.9200439453125
22484,-1289.4000244140625,0.0,0.0,5.447892189025879,-1289.4000244140625,-1284.0,63.64667892456055,-1400.5799560546875,-1391.0999755859375,-1374.0999755859375,-1339.5,-1284.0,-1233.0,-1211.0,-1202.4000244140625,-1180.9200439453125
22491,-1289.4000244140625,0.0,0.0,5.446046829223633,-1289.4000244140625,-1284.0,63.64667892456055,-1400.5799560546875,-1391.0999755859375,-1374.0999755859375,-1339.5,-1284.0,-1233.0,-1211.0,-1202.4000244140625,-1180.9200439453125
22498,-1289.4000244140625,0.0,0.0,5.441328048706055,-1289.4000244140625,-1284.0,63.64667892456055,-1400.5799560546875,-1391.0999755859375,-1374.0999755859375,-1339.5,-1284.0,-1233.0,-1211.0,-1202.4000244140625,-1180.9200439453125
22505,-1289.43994140625,0.0,0.0,5.443500995635986,-1289.43994140625,-1284.0,63.63007736206055,-1400.5799560546875,-1391.0999755859375,-1374.0999755859375,-1339.5,-1284.0,-1233.0,-1211.0,-1202.4000244140625,-1180.9200439453125
22512,-1289.43994140625,0.0,0.0,5.446816921234131,-1289.43994140625,-1284.0,63.63007736206055,-1400.5799560546875,-1391.0999755859375,-1374.0999755859375,-1339.5,-1284.0,-1233.0,-1211.0,-1202.4000244140625,-1180.9200439453125
22519,-1289.43994140625,0.0,0.0,5.445156097412109,-1289.43994140625,-1284.0,63.63007736206055,-1400.5799560546875,-1391.0999755859375,-1374.0999755859375,-1339.5,-1284.0,-1233.0,-1211.0,-1202.4000244140625,-1180.9200439453125
22526,-1289.43994140625,0.0,0.0,5.441652774810791,-1289.43994140625,-1284.0,63.63007736206055,-1400.5799560546875,-1391.0999755859375,-1374.0999755859375,-1339.5,-1284.0,-1233.0,-1211.0,-1202.4000244140625,-1180.9200439453125
22533,-1289.43994140625,0.0,0.0,5.440951824188232,-1289.43994140625,-1284.0,63.63007736206055,-1400.5799560546875,-1391.0999755859375,-1374.0999755859375,-1339.5,-1284.0,-1233.0,-1211.0,-1202.4000244140625,-1180.9200439453125
22540,-1289.43994140625,0.0,0.0,5.4369683265686035,-1289.43994140625,-1284.0,63.63007736206055,-1400.5799560546875,-1391.0999755859375,-1374.0999755859375,-1339.5,-1284.0,-1233.0,-1211.0,-1202.4000244140625,-1180.9200439453125
22547,-1289.43994140625,0.0,0.0,5.434921741485596,-1289.43994140625,-1284.0,63.63007736206055,-1400.5799560546875,-1391.0999755859375,-1374.0999755859375,-1339.5,-1284.0,-1233.0,-1211.0,-1202.4000244140625,-1180.9200439453125
22554,-1289.43994140625,0.0,0.0,5.430677890777588,-1289.43994140625,-1284.0,63.63007736206055,-1400.5799560546875,-1391.0999755859375,-1374.0999755859375,-1339.5,-1284.0,-1233.0,-1211.0,-1202.4000244140625,-1180.9200439453125
22561,-1289.43994140625,0.0,0.0,5.427213668823242,-1289.43994140625,-1284.0,63.63007736206055,-1400.5799560546875,-1391.0999755859375,-1374.0999755859375,-1339.5,-1284.0,-1233.0,-1211.0,-1202.4000244140625,-1180.9200439453125
22568,-1289.43994140625,0.0,0.0,5.423194408416748,-1289.43994140625,-1284.0,63.63007736206055,-1400.5799560546875,-1391.0999755859375,-1374.0999755859375,-1339.5,-1284.0,-1233.0,-1211.0,-1202.4000244140625,-1180.9200439453125
22575,-1289.43994140625,0.0,0.0,5.420029163360596,-1289.43994140625,-1284.0,63.63007736206055,-1400.5799560546875,-1391.0999755859375,-1374.0999755859375,-1339.5,-1284.0,-1233.0,-1211.0,-1202.4000244140625,-1180.9200439453125
22582,-1289.43994140625,0.0,0.0,5.41671085357666,-1289.43994140625,-1284.0,63.63007736206055,-1400.5799560546875,-1391.0999755859375,-1374.0999755859375,-1339.5,-1284.0,-1233.0,-1211.0,-1202.4000244140625,-1180.9200439453125
22589,-1289.43994140625,0.0,0.0,5.413908004760742,-1289.43994140625,-1284.0,63.63007736206055,-1400.5799560546875,-1391.0999755859375,-1374.0999755859375,-1339.5,-1284.0,-1233.0,-1211.0,-1202.4000244140625,-1180.9200439453125
22596,-1289.43994140625,0.0,0.0,5.411990642547607,-1289.43994140625,-1284.0,63.63007736206055,-1400.5799560546875,-1391.0999755859375,-1374.0999755859375,-1339.5,-1284.0,-1233.0,-1211.0,-1202.4000244140625,-1180.9200439453125
22603,-1289.43994140625,0.0,0.0,5.406216144561768,-1289.43994140625,-1284.0,63.63007736206055,-1400.5799560546875,-1391.0999755859375,-1374.0999755859375,-1339.5,-1284.0,-1233.0,-1211.0,-1202.4000244140625,-1180.9200439453125
22610,-1289.43994140625,0.0,0.0,5.401293754577637,-1289.43994140625,-1284.0,63.63007736206055,-1400.5799560546875,-1391.0999755859375,-1374.0999755859375,-1339.5,-1284.0,-1233.0,-1211.0,-1202.4000244140625,-1180.9200439453125
22617,-1289.43994140625,0.0,0.0,5.401000022888184,-1289.43994140625,-1284.0,63.63007736206055,-1400.5799560546875,-1391.0999755859375,-1374.0999755859375,-1339.5,-1284.0,-1233.0,-1211.0,-1202.4000244140625,-1180.9200439453125
22624,-1289.43994140625,0.0,0.0,5.400663375854492,-1289.43994140625,-1284.0,63.63007736206055,-1400.5799560546875,-1391.0999755859375,-1374.0999755859375,-1339.5,-1284.0,-1233.0,-1211.0,-1202.4000244140625,-1180.9200439453125
22631,-1289.43994140625,0.0,0.0,5.396239280700684,-1289.43994140625,-1284.0,63.63007736206055,-1400.5799560546875,-1391.0999755859375,-1374.0999755859375,-1339.5,-1284.0,-1233.0,-1211.0,-1202.4000244140625,-1180.9200439453125
22638,-1289.43994140625,0.0,0.0,5.393326282501221,-1289.43994140625,-1284.0,63.63007736206055,-1400.5799560546875,-1391.0999755859375,-1374.0999755859375,-1339.5,-1284.0,-1233.0,-1211.0,-1202.4000244140625,-1180.9200439453125
22645,-1289.43994140625,0.0,0.0,5.39029598236084,-1289.43994140625,-1284.0,63.63007736206055,-1400.5799560546875,-1391.0999755859375,-1374.0999755859375,-1339.5,-1284.0,-1233.0,-1211.0,-1202.4000244140625,-1180.9200439453125
22652,-1289.43994140625,0.0,0.0,5.388527870178223,-1289.43994140625,-1284.0,63.63007736206055,-1400.5799560546875,-1391.0999755859375,-1374.0999755859375,-1339.5,-1284.0,-1233.0,-1211.0,-1202.4000244140625,-1180.9200439453125
22659,-1289.43994140625,0.0,0.0,5.385692119598389,-1289.43994140625,-1284.0,63.63007736206055,-1400.5799560546875,-1391.0999755859375,-1374.0999755859375,-1339.5,-1284.0,-1233.0,-1211.0,-1202.4000244140625,-1180.9200439453125
22666,-1289.43994140625,0.0,0.0,5.383726119995117,-1289.43994140625,-1284.0,63.63007736206055,-1400.5799560546875,-1391.0999755859375,-1374.0999755859375,-1339.5,-1284.0,-1233.0,-1211.0,-1202.4000244140625,-1180.9200439453125
22673,-1289.43994140625,0.0,0.0,5.377610206604004,-1289.43994140625,-1284.0,63.63007736206055,-1400.5799560546875,-1391.0999755859375,-1374.0999755859375,-1339.5,-1284.0,-1233.0,-1211.0,-1202.4000244140625,-1180.9200439453125
22680,-1289.43994140625,0.0,0.0,5.373086929321289,-1289.43994140625,-1284.0,63.63007736206055,-1400.5799560546875,-1391.0999755859375,-1374.0999755859375,-1339.5,-1284.0,-1233.0,-1211.0,-1202.4000244140625,-1180.9200439453125
22687,-1289.43994140625,0.0,0.0,5.376679420471191,-1289.43994140625,-1284.0,63.63007736206055,-1400.5799560546875,-1391.0999755859375,-1374.0999755859375,-1339.5,-1284.0,-1233.0,-1211.0,-1202.4000244140625,-1180.9200439453125
22694,-1289.47998046875,0.0,0.0,5.370920181274414,-1289.47998046875,-1286.0,63.62726974487305,-1400.5799560546875,-1391.0999755859375,-1374.0999755859375,-1339.5,-1286.0,-1233.0,-1211.0,-1202.4000244140625,-1180.9200439453125
22701,-1289.47998046875,0.0,0.0,5.370804309844971,-1289.47998046875,-1286.0,63.62726974487305,-1400.5799560546875,-1391.0999755859375,-1374.0999755859375,-1339.5,-1286.0,-1233.0,-1211.0,-1202.4000244140625,-1180.9200439453125
22708,-1289.47998046875,0.0,0.0,5.364830017089844,-1289.47998046875,-1286.0,63.62726974487305,-1400.5799560546875,-1391.0999755859375,-1374.0999755859375,-1339.5,-1286.0,-1233.0,-1211.0,-1202.4000244140625,-1180.9200439453125
22715,-1289.47998046875,0.0,0.0,5.36518669128418,-1289.47998046875,-1286.0,63.62726974487305,-1400.5799560546875,-1391.0999755859375,-1374.0999755859375,-1339.5,-1286.0,-1233.0,-1211.0,-1202.4000244140625,-1180.9200439453125
22722,-1289.47998046875,0.0,0.0,5.367323875427246,-1289.47998046875,-1286.0,63.62726974487305,-1400.5799560546875,-1391.0999755859375,-1374.0999755859375,-1339.5,-1286.0,-1233.0,-1211.0,-1202.4000244140625,-1180.9200439453125
22729,-1289.47998046875,0.0,0.0,5.3702569007873535,-1289.47998046875,-1286.0,63.62726974487305,-1400.5799560546875,-1391.0999755859375,-1374.0999755859375,-1339.5,-1286.0,-1233.0,-1211.0,-1202.4000244140625,-1180.9200439453125
22736,-1289.47998046875,0.0,0.0,5.368450164794922,-1289.47998046875,-1286.0,63.62726974487305,-1400.5799560546875,-1391.0999755859375,-1374.0999755859375,-1339.5,-1286.0,-1233.0,-1211.0,-1202.4000244140625,-1180.9200439453125
22743,-1289.5,0.0,0.0,5.36856746673584,-1289.5,-1286.0,63.619571685791016,-1400.5799560546875,-1391.0999755859375,-1374.0999755859375,-1339.5,-1286.0,-1233.0,-1211.0,-1202.4000244140625,-1180.9200439453125
22750,-1289.5,0.0,0.0,5.3671112060546875,-1289.5,-1286.0,63.619571685791016,-1400.5799560546875,-1391.0999755859375,-1374.0999755859375,-1339.5,-1286.0,-1233.0,-1211.0,-1202.4000244140625,-1180.9200439453125
22757,-1289.5,0.0,0.0,5.360414981842041,-1289.5,-1286.0,63.619571685791016,-1400.5799560546875,-1391.0999755859375,-1374.0999755859375,-1339.5,-1286.0,-1233.0,-1211.0,-1202.4000244140625,-1180.9200439453125
22764,-1289.5,0.0,0.0,5.361941814422607,-1289.5,-1286.0,63.619571685791016,-1400.5799560546875,-1391.0999755859375,-1374.0999755859375,-1339.5,-1286.0,-1233.0,-1211.0,-1202.4000244140625,-1180.9200439453125
22771,-1289.5,0.0,0.0,5.362293720245361,-1289.5,-1286.0,63.619571685791016,-1400.5799560546875,-1391.0999755859375,-1374.0999755859375,-1339.5,-1286.0,-1233.0,-1211.0,-1202.4000244140625,-1180.9200439453125
22778,-1289.5,0.0,0.0,5.359933853149414,-1289.5,-1286.0,63.619571685791016,-1400.5799560546875,-1391.0999755859375,-1374.0999755859375,-1339.5,-1286.0,-1233.0,-1211.0,-1202.4000244140625,-1180.9200439453125
22785,-1289.5,0.0,0.0,5.360208034515381,-1289.5,-1286.0,63.619571685791016,-1400.5799560546875,-1391.0999755859375,-1374.0999755859375,-1339.5,-1286.0,-1233.0,-1211.0,-1202.4000244140625,-1180.9200439453125
22792,-1289.5,0.0,0.0,5.363638401031494,-1289.5,-1286.0,63.619571685791016,-1400.5799560546875,-1391.0999755859375,-1374.0999755859375,-1339.5,-1286.0,-1233.0,-1211.0,-1202.4000244140625,-1180.9200439453125
22799,-1289.5,0.0,0.0,5.359482288360596,-1289.5,-1286.0,63.619571685791016,-1400.5799560546875,-1391.0999755859375,-1374.0999755859375,-1339.5,-1286.0,-1233.0,-1211.0,-1202.4000244140625,-1180.9200439453125
22806,-1289.5,0.0,0.0,5.358969688415527,-1289.5,-1286.0,63.619571685791016,-1400.5799560546875,-1391.0999755859375,-1374.0999755859375,-1339.5,-1286.0,-1233.0,-1211.0,-1202.4000244140625,-1180.9200439453125
22813,-1289.5,0.0,0.0,5.353121280670166,-1289.5,-1286.0,63.619571685791016,-1400.5799560546875,-1391.0999755859375,-1374.0999755859375,-1339.5,-1286.0,-1233.0,-1211.0,-1202.4000244140625,-1180.9200439453125
22820,-1289.5,0.0,0.0,5.349116802215576,-1289.5,-1286.0,63.619571685791016,-1400.5799560546875,-1391.0999755859375,-1374.0999755859375,-1339.5,-1286.0,-1233.0,-1211.0,-1202.4000244140625,-1180.9200439453125
22827,-1289.5,0.0,0.0,5.348814964294434,-1289.5,-1286.0,63.619571685791016,-1400.5799560546875,-1391.0999755859375,-1374.0999755859375,-1339.5,-1286.0,-1233.0,-1211.0,-1202.4000244140625,-1180.9200439453125
22834,-1289.5,0.0,0.0,5.348746299743652,-1289.5,-1286.0,63.619571685791016,-1400.5799560546875,-1391.0999755859375,-1374.0999755859375,-1339.5,-1286.0,-1233.0,-1211.0,-1202.4000244140625,-1180.9200439453125
22841,-1289.5,0.0,0.0,5.347794532775879,-1289.5,-1286.0,63.619571685791016,-1400.5799560546875,-1391.0999755859375,-1374.0999755859375,-1339.5,-1286.0,-1233.0,-1211.0,-1202.4000244140625,-1180.9200439453125
22848,-1289.5,0.0,0.0,5.349892616271973,-1289.5,-1286.0,63.619571685791016,-1400.5799560546875,-1391.0999755859375,-1374.0999755859375,-1339.5,-1286.0,-1233.0,-1211.0,-1202.4000244140625,-1180.9200439453125
22855,-1289.5,0.0,0.0,5.35087776184082,-1289.5,-1286.0,63.619571685791016,-1400.5799560546875,-1391.0999755859375,-1374.0999755859375,-1339.5,-1286.0,-1233.0,-1211.0,-1202.4000244140625,-1180.9200439453125
22862,-1289.5,0.0,0.0,5.349947929382324,-1289.5,-1286.0,63.619571685791016,-1400.5799560546875,-1391.0999755859375,-1374.0999755859375,-1339.5,-1286.0,-1233.0,-1211.0,-1202.4000244140625,-1180.9200439453125
22869,-1289.5,0.0,0.0,5.345090389251709,-1289.5,-1286.0,63.619571685791016,-1400.5799560546875,-1391.0999755859375,-1374.0999755859375,-1339.5,-1286.0,-1233.0,-1211.0,-1202.4000244140625,-1180.9200439453125
22876,-1289.5,0.0,0.0,5.345927715301514,-1289.5,-1286.0,63.619571685791016,-1400.5799560546875,-1391.0999755859375,-1374.0999755859375,-1339.5,-1286.0,-1233.0,-1211.0,-1202.4000244140625,-1180.9200439453125
22883,-1289.5,0.0,0.0,5.348896503448486,-1289.5,-1286.0,63.619571685791016,-1400.5799560546875,-1391.0999755859375,-1374.0999755859375,-1339.5,-1286.0,-1233.0,-1211.0,-1202.4000244140625,-1180.9200439453125
22890,-1289.5,0.0,0.0,5.346574783325195,-1289.5,-1286.0,63.619571685791016,-1400.5799560546875,-1391.0999755859375,-1374.0999755859375,-1339.5,-1286.0,-1233.0,-1211.0,-1202.4000244140625,-1180.9200439453125
22897,-1289.5399169921875,0.0,0.0,5.344897270202637,-1289.5400390625,-1286.0,63.58528518676758,-1400.5799560546875,-1391.0999755859375,-1374.0999755859375,-1339.5,-1286.0,-1236.0,-1211.0,-1202.4000244140625,-1180.9200439453125
22904,-1289.5399169921875,0.0,0.0,5.344688415527344,-1289.5400390625,-1286.0,63.58528518676758,-1400.5799560546875,-1391.0999755859375,-1374.0999755859375,-1339.5,-1286.0,-1236.0,-1211.0,-1202.4000244140625,-1180.9200439453125
22911,-1289.5399169921875,0.0,0.0,5.342268943786621,-1289.5400390625,-1286.0,63.58528518676758,-1400.5799560546875,-1391.0999755859375,-1374.0999755859375,-1339.5,-1286.0,-1236.0,-1211.0,-1202.4000244140625,-1180.9200439453125
22918,-1289.5399169921875,0.0,0.0,5.338484764099121,-1289.5400390625,-1286.0,63.58528518676758,-1400.5799560546875,-1391.0999755859375,-1374.0999755859375,-1339.5,-1286.0,-1236.0,-1211.0,-1202.4000244140625,-1180.9200439453125
22925,-1289.5399169921875,0.0,0.0,5.343369483947754,-1289.5400390625,-1286.0,63.58528518676758,-1400.5799560546875,-1391.0999755859375,-1374.0999755859375,-1339.5,-1286.0,-1236.0,-1211.0,-1202.4000244140625,-1180.9200439453125
22932,-1289.5399169921875,0.0,0.0,5.339975357055664,-1289.5400390625,-1286.0,63.58528518676758,-1400.5799560546875,-1391.0999755859375,-1374.0999755859375,-1339.5,-1286.0,-1236.0,-1211.0,-1202.4000244140625,-1180.9200439453125
22939,-1289.5399169921875,0.0,0.0,5.341788291931152,-1289.5400390625,-1286.0,63.58528518676758,-1400.5799560546875,-1391.0999755859375,-1374.0999755859375,-1339.5,-1286.0,-1236.0,-1211.0,-1202.4000244140625,-1180.9200439453125
22946,-1289.5599365234375,0.0,0.0,5.340207576751709,-1289.56005859375,-1286.0,63.61027145385742,-1400.5799560546875,-1391.0999755859375,-1374.0999755859375,-1339.5,-1286.0,-1236.0,-1211.0,-1202.4000244140625,-1180.9200439453125
22953,-1289.5599365234375,0.0,0.0,5.341882228851318,-1289.56005859375,-1286.0,63.61027145385742,-1400.5799560546875,-1391.0999755859375,-1374.0999755859375,-1339.5,-1286.0,-1236.0,-1211.0,-1202.4000244140625,-1180.9200439453125
22960,-1289.5599365234375,0.0,0.0,5.340041160583496,-1289.56005859375,-1286.0,63.61027145385742,-1400.5799560546875,-1391.0999755859375,-1374.0999755859375,-1339.5,-1286.0,-1236.0,-1211.0,-1202.4000244140625,-1180.9200439453125
22967,-1289.5599365234375,0.0,0.0,5.334364414215088,-1289.56005859375,-1286.0,63.61027145385742,-1400.5799560546875,-1391.0999755859375,-1374.0999755859375,-1339.5,-1286.0,-1236.0,-1211.0,-1202.4000244140625,-1180.9200439453125
22974,-1289.5599365234375,0.0,0.0,5.337759971618652,-1289.56005859375,-1286.0,63.61027145385742,-1400.5799560546875,-1391.0999755859375,-1374.0999755859375,-1339.5,-1286.0,-1236.0,-1211.0,-1202.4000244140625,-1180.9200439453125
22981,-1289.5599365234375,0.0,0.0,5.34161376953125,-1289.56005859375,-1286.0,63.61027145385742,-1400.5799560546875,-1391.0999755859375,-1374.0999755859375,-1339.5,-1286.0,-1236.0,-1211.0,-1202.4000244140625,-1180.9200439453125
22988,-1289.5599365234375,0.0,0.0,5.3455047607421875,-1289.56005859375,-1286.0,63.61027145385742,-1400.5799560546875,-1391.0999755859375,-1374.0999755859375,-1339.5,-1286.0,-1236.0,-1211.0,-1202.4000244140625,-1180.9200439453125
22995,-1289.5599365234375,0.0,0.0,5.342830657958984,-1289.56005859375,-1286.0,63.61027145385742,-1400.5799560546875,-1391.0999755859375,-1374.0999755859375,-1339.5,-1286.0,-1236.0,-1211.0,-1202.4000244140625,-1180.9200439453125
23002,-1289.5599365234375,0.0,0.0,5.335467338562012,-1289.56005859375,-1286.0,63.61027145385742,-1400.5799560546875,-1391.0999755859375,-1374.0999755859375,-1339.5,-1286.0,-1236.0,-1211.0,-1202.4000244140625,-1180.9200439453125
23009,-1289.5599365234375,0.0,0.0,5.334100246429443,-1289.56005859375,-1286.0,63.61027145385742,-1400.5799560546875,-1391.0999755859375,-1374.0999755859375,-1339.5,-1286.0,-1236.0,-1211.0,-1202.4000244140625,-1180.9200439453125
23016,-1289.5599365234375,0.0,0.0,5.3363542556762695,-1289.56005859375,-1286.0,63.61027145385742,-1400.5799560546875,-1391.0999755859375,-1374.0999755859375,-1339.5,-1286.0,-1236.0,-1211.0,-1202.4000244140625,-1180.9200439453125
23023,-1289.5599365234375,0.0,0.0,5.331104755401611,-1289.56005859375,-1286.0,63.61027145385742,-1400.5799560546875,-1391.0999755859375,-1374.0999755859375,-1339.5,-1286.0,-1236.0,-1211.0,-1202.4000244140625,-1180.9200439453125
23030,-1289.5599365234375,0.0,0.0,5.325668811798096,-1289.56005859375,-1286.0,63.61027145385742,-1400.5799560546875,-1391.0999755859375,-1374.0999755859375,-1339.5,-1286.0,-1236.0,-1211.0,-1202.4000244140625,-1180.9200439453125
23037,-1289.5599365234375,0.0,0.0,5.327363014221191,-1289.56005859375,-1286.0,63.61027145385742,-1400.5799560546875,-1391.0999755859375,-1374.0999755859375,-1339.5,-1286.0,-1236.0,-1211.0,-1202.4000244140625,-1180.9200439453125
23044,-1289.5599365234375,0.0,0.0,5.326409816741943,-1289.56005859375,-1286.0,63.61027145385742,-1400.5799560546875,-1391.0999755859375,-1374.0999755859375,-1339.5,-1286.0,-1236.0,-1211.0,-1202.4000244140625,-1180.9200439453125
23051,-1289.5599365234375,0.0,0.0,5.321232795715332,-1289.56005859375,-1286.0,63.61027145385742,-1400.5799560546875,-1391.0999755859375,-1374.0999755859375,-1339.5,-1286.0,-1236.0,-1211.0,-1202.4000244140625,-1180.9200439453125
23058,-1289.5799560546875,0.0,0.0,5.324225902557373,-1289.5799560546875,-1286.0,63.576438903808594,-1400.5799560546875,-1391.0999755859375,-1374.0999755859375,-1339.5,-1286.0,-1236.0,-1211.0,-1202.4000244140625,-1182.8800048828125
23065,-1289.5799560546875,0.0,0.0,5.323275089263916,-1289.5799560546875,-1286.0,63.576438903808594,-1400.5799560546875,-1391.0999755859375,-1374.0999755859375,-1339.5,-1286.0,-1236.0,-1211.0,-1202.4000244140625,-1182.8800048828125
23072,-1289.5799560546875,0.0,0.0,5.320242404937744,-1289.5799560546875,-1286.0,63.576438903808594,-1400.5799560546875,-1391.0999755859375,-1374.0999755859375,-1339.5,-1286.0,-1236.0,-1211.0,-1202.4000244140625,-1182.8800048828125
23079,-1289.5799560546875,0.0,0.0,5.319130897521973,-1289.5799560546875,-1286.0,63.576438903808594,-1400.5799560546875,-1391.0999755859375,-1374.0999755859375,-1339.5,-1286.0,-1236.0,-1211.0,-1202.4000244140625,-1182.8800048828125
23086,-1289.5799560546875,0.0,0.0,5.315491676330566,-1289.5799560546875,-1286.0,63.576438903808594,-1400.5799560546875,-1391.0999755859375,-1374.0999755859375,-1339.5,-1286.0,-1236.0,-1211.0,-1202.4000244140625,-1182.8800048828125
23093,-1289.5799560546875,0.0,0.0,5.3069868087768555,-1289.5799560546875,-1286.0,63.576438903808594,-1400.5799560546875,-1391.0999755859375,-1374.0999755859375,-1339.5,-1286.0,-1236.0,-1211.0,-1202.4000244140625,-1182.8800048828125
23100,-1289.5799560546875,0.0,0.0,5.306605815887451,-1289.5799560546875,-1286.0,63.576438903808594,-1400.5799560546875,-1391.0999755859375,-1374.0999755859375,-1339.5,-1286.0,-1236.0,-1211.0,-1202.4000244140625,-1182.8800048828125
23107,-1289.5799560546875,0.0,0.0,5.299384117126465,-1289.5799560546875,-1286.0,63.576438903808594,-1400.5799560546875,-1391.0999755859375,-1374.0999755859375,-1339.5,-1286.0,-1236.0,-1211.0,-1202.4000244140625,-1182.8800048828125
23114,-1289.5799560546875,0.0,0.0,5.294655799865723,-1289.5799560546875,-1286.0,63.576438903808594,-1400.5799560546875,-1391.0999755859375,-1374.0999755859375,-1339.5,-1286.0,-1236.0,-1211.0,-1202.4000244140625,-1182.8800048828125
23121,-1289.5799560546875,0.0,0.0,5.297204971313477,-1289.5799560546875,-1286.0,63.576438903808594,-1400.5799560546875,-1391.0999755859375,-1374.0999755859375,-1339.5,-1286.0,-1236.0,-1211.0,-1202.4000244140625,-1182.8800048828125
23128,-1289.5799560546875,0.0,0.0,5.292065143585205,-1289.5799560546875,-1286.0,63.576438903808594,-1400.5799560546875,-1391.0999755859375,-1374.0999755859375,-1339.5,-1286.0,-1236.0,-1211.0,-1202.4000244140625,-1182.8800048828125
23135,-1289.5799560546875,0.0,0.0,5.287083625793457,-1289.5799560546875,-1286.0,63.576438903808594,-1400.5799560546875,-1391.0999755859375,-1374.0999755859375,-1339.5,-1286.0,-1236.0,-1211.0,-1202.4000244140625,-1182.8800048828125
23142,-1289.5799560546875,0.0,0.0,5.285590648651123,-1289.5799560546875,-1286.0,63.576438903808594,-1400.5799560546875,-1391.0999755859375,-1374.0999755859375,-1339.5,-1286.0,-1236.0,-1211.0,-1202.4000244140625,-1182.8800048828125
23149,-1289.5799560546875,0.0,0.0,5.290315628051758,-1289.5799560546875,-1286.0,63.576438903808594,-1400.5799560546875,-1391.0999755859375,-1374.0999755859375,-1339.5,-1286.0,-1236.0,-1211.0,-1202.4000244140625,-1182.8800048828125
23156,-1289.5799560546875,0.0,0.0,5.292295455932617,-1289.5799560546875,-1286.0,63.576438903808594,-1400.5799560546875,-1391.0999755859375,-1374.0999755859375,-1339.5,-1286.0,-1236.0,-1211.0,-1202.4000244140625,-1182.8800048828125
23163,-1289.5799560546875,0.0,0.0,5.294310092926025,-1289.5799560546875,-1286.0,63.576438903808594,-1400.5799560546875,-1391.0999755859375,-1374.0999755859375,-1339.5,-1286.0,-1236.0,-1211.0,-1202.4000244140625,-1182.8800048828125
23170,-1289.5799560546875,0.0,0.0,5.287972450256348,-1289.5799560546875,-1286.0,63.576438903808594,-1400.5799560546875,-1391.0999755859375,-1374.0999755859375,-1339.5,-1286.0,-1236.0,-1211.0,-1202.4000244140625,-1182.8800048828125
23177,-1289.5799560546875,0.0,0.0,5.285387992858887,-1289.5799560546875,-1286.0,63.576438903808594,-1400.5799560546875,-1391.0999755859375,-1374.0999755859375,-1339.5,-1286.0,-1236.0,-1211.0,-1202.4000244140625,-1182.8800048828125
23184,-1289.5799560546875,0.0,0.0,5.292557716369629,-1289.5799560546875,-1286.0,63.576438903808594,-1400.5799560546875,-1391.0999755859375,-1374.0999755859375,-1339.5,-1286.0,-1236.0,-1211.0,-1202.4000244140625,-1182.8800048828125
23191,-1289.5799560546875,0.0,0.0,5.29410982131958,-1289.5799560546875,-1286.0,63.576438903808594,-1400.5799560546875,-1391.0999755859375,-1374.0999755859375,-1339.5,-1286.0,-1236.0,-1211.0,-1202.4000244140625,-1182.8800048828125
23198,-1289.5799560546875,0.0,0.0,5.290669918060303,-1289.5799560546875,-1286.0,63.576438903808594,-1400.5799560546875,-1391.0999755859375,-1374.0999755859375,-1339.5,-1286.0,-1236.0,-1211.0,-1202.4000244140625,-1182.8800048828125
23205,-1289.5799560546875,0.0,0.0,5.295196533203125,-1289.5799560546875,-1286.0,63.576438903808594,-1400.5799560546875,-1391.0999755859375,-1374.0999755859375,-1339.5,-1286.0,-1236.0,-1211.0,-1202.4000244140625,-1182.8800048828125
23212,-1289.5799560546875,0.0,0.0,5.292408466339111,-1289.5799560546875,-1286.0,63.576438903808594,-1400.5799560546875,-1391.0999755859375,-1374.0999755859375,-1339.5,-1286.0,-1236.0,-1211.0,-1202.4000244140625,-1182.8800048828125
23219,-1289.5799560546875,0.0,0.0,5.291696071624756,-1289.5799560546875,-1286.0,63.576438903808594,-1400.5799560546875,-1391.0999755859375,-1374.0999755859375,-1339.5,-1286.0,-1236.0,-1211.0,-1202.4000244140625,-1182.8800048828125
23226,-1289.5799560546875,0.0,0.0,5.291913986206055,-1289.5799560546875,-1286.0,63.576438903808594,-1400.5799560546875,-1391.0999755859375,-1374.0999755859375,-1339.5,-1286.0,-1236.0,-1211.0,-1202.4000244140625,-1182.8800048828125
23233,-1289.5799560546875,0.0,0.0,5.290821552276611,-1289.5799560546875,-1286.0,63.576438903808594,-1400.5799560546875,-1391.0999755859375,-1374.0999755859375,-1339.5,-1286.0,-1236.0,-1211.0,-1202.4000244140625,-1182.8800048828125
23240,-1289.5799560546875,0.0,0.0,5.291622638702393,-1289.5799560546875,-1286.0,63.576438903808594,-1400.5799560546875,-1391.0999755859375,-1374.0999755859375,-1339.5,-1286.0,-1236.0,-1211.0,-1202.4000244140625,-1182.8800048828125
23247,-1289.5799560546875,0.0,0.0,5.2946062088012695,-1289.5799560546875,-1286.0,63.576438903808594,-1400.5799560546875,-1391.0999755859375,-1374.0999755859375,-1339.5,-1286.0,-1236.0,-1211.0,-1202.4000244140625,-1182.8800048828125
23254,-1289.5799560546875,0.0,0.0,5.300492286682129,-1289.5799560546875,-1286.0,63.576438903808594,-1400.5799560546875,-1391.0999755859375,-1374.0999755859375,-1339.5,-1286.0,-1236.0,-1211.0,-1202.4000244140625,-1182.8800048828125
23261,-1289.5799560546875,0.0,0.0,5.292849063873291,-1289.5799560546875,-1286.0,63.576438903808594,-1400.5799560546875,-1391.0999755859375,-1374.0999755859375,-1339.5,-1286.0,-1236.0,-1211.0,-1202.4000244140625,-1182.8800048828125
23268,-1289.5799560546875,0.0,0.0,5.295163631439209,-1289.5799560546875,-1286.0,63.576438903808594,-1400.5799560546875,-1391.0999755859375,-1374.0999755859375,-1339.5,-1286.0,-1236.0,-1211.0,-1202.4000244140625,-1182.8800048828125
23275,-1289.5799560546875,0.0,0.0,5.289017677307129,-1289.5799560546875,-1286.0,63.576438903808594,-1400.5799560546875,-1391.0999755859375,-1374.0999755859375,-1339.5,-1286.0,-1236.0,-1211.0,-1202.4000244140625,-1182.8800048828125
23282,-1289.5799560546875,0.0,0.0,5.2859930992126465,-1289.5799560546875,-1286.0,63.576438903808594,-1400.5799560546875,-1391.0999755859375,-1374.0999755859375,-1339.5,-1286.0,-1236.0,-1211.0,-1202.4000244140625,-1182.8800048828125
23289,-1289.5799560546875,0.0,0.0,5.282698154449463,-1289.5799560546875,-1286.0,63.576438903808594,-1400.5799560546875,-1391.0999755859375,-1374.0999755859375,-1339.5,-1286.0,-1236.0,-1211.0,-1202.4000244140625,-1182.8800048828125
23296,-1289.5799560546875,0.0,0.0,5.2828192710876465,-1289.5799560546875,-1286.0,63.576438903808594,-1400.5799560546875,-1391.0999755859375,-1374.0999755859375,-1339.5,-1286.0,-1236.0,-1211.0,-1202.4000244140625,-1182.8800048828125
23303,-1289.5799560546875,0.0,0.0,5.291574478149414,-1289.5799560546875,-1286.0,63.576438903808594,-1400.5799560546875,-1391.0999755859375,-1374.0999755859375,-1339.5,-1286.0,-1236.0,-1211.0,-1202.4000244140625,-1182.8800048828125
23310,-1289.5799560546875,0.0,0.0,5.286440372467041,-1289.5799560546875,-1286.0,63.576438903808594,-1400.5799560546875,-1391.0999755859375,-1374.0999755859375,-1339.5,-1286.0,-1236.0,-1211.0,-1202.4000244140625,-1182.8800048828125
23317,-1289.5799560546875,0.0,0.0,5.281832218170166,-1289.5799560546875,-1286.0,63.576438903808594,-1400.5799560546875,-1391.0999755859375,-1374.0999755859375,-1339.5,-1286.0,-1236.0,-1211.0,-1202.4000244140625,-1182.8800048828125
23324,-1289.5799560546875,0.0,0.0,5.280889987945557,-1289.5799560546875,-1286.0,63.576438903808594,-1400.5799560546875,-1391.0999755859375,-1374.0999755859375,-1339.5,-1286.0,-1236.0,-1211.0,-1202.4000244140625,-1182.8800048828125
23331,-1289.5799560546875,0.0,0.0,5.279809474945068,-1289.5799560546875,-1286.0,63.576438903808594,-1400.5799560546875,-1391.0999755859375,-1374.0999755859375,-1339.5,-1286.0,-1236.0,-1211.0,-1202.4000244140625,-1182.8800048828125
23338,-1289.5799560546875,0.0,0.0,5.282060623168945,-1289.5799560546875,-1286.0,63.576438903808594,-1400.5799560546875,-1391.0999755859375,-1374.0999755859375,-1339.5,-1286.0,-1236.0,-1211.0,-1202.4000244140625,-1182.8800048828125
23345,-1289.5799560546875,0.0,0.0,5.284919738769531,-1289.5799560546875,-1286.0,63.576438903808594,-1400.5799560546875,-1391.0999755859375,-1374.0999755859375,-1339.5,-1286.0,-1236.0,-1211.0,-1202.4000244140625,-1182.8800048828125
23352,-1289.5799560546875,0.0,0.0,5.284502029418945,-1289.5799560546875,-1286.0,63.576438903808594,-1400.5799560546875,-1391.0999755859375,-1374.0999755859375,-1339.5,-1286.0,-1236.0,-1211.0,-1202.4000244140625,-1182.8800048828125
23359,-1289.5799560546875,0.0,0.0,5.282952308654785,-1289.5799560546875,-1286.0,63.576438903808594,-1400.5799560546875,-1391.0999755859375,-1374.0999755859375,-1339.5,-1286.0,-1236.0,-1211.0,-1202.4000244140625,-1182.8800048828125
23366,-1289.5999755859375,0.0,0.0,5.280407428741455,-1289.5999755859375,-1286.0,63.5693359375,-1400.5799560546875,-1391.0999755859375,-1374.0999755859375,-1339.5,-1286.0,-1236.0,-1211.0,-1202.4000244140625,-1182.8800048828125
23373,-1289.5999755859375,0.0,0.0,5.272475242614746,-1289.5999755859375,-1286.0,63.5693359375,-1400.5799560546875,-1391.0999755859375,-1374.0999755859375,-1339.5,-1286.0,-1236.0,-1211.0,-1202.4000244140625,-1182.8800048828125
23380,-1289.5999755859375,0.0,0.0,5.269814491271973,-1289.5999755859375,-1286.0,63.5693359375,-1400.5799560546875,-1391.0999755859375,-1374.0999755859375,-1339.5,-1286.0,-1236.0,-1211.0,-1202.4000244140625,-1182.8800048828125
23387,-1289.5999755859375,0.0,0.0,5.2665863037109375,-1289.5999755859375,-1286.0,63.5693359375,-1400.5799560546875,-1391.0999755859375,-1374.0999755859375,-1339.5,-1286.0,-1236.0,-1211.0,-1202.4000244140625,-1182.8800048828125
23394,-1289.5999755859375,0.0,0.0,5.264840126037598,-1289.5999755859375,-1286.0,63.5693359375,-1400.5799560546875,-1391.0999755859375,-1374.0999755859375,-1339.5,-1286.0,-1236.0,-1211.0,-1202.4000244140625,-1182.8800048828125
23401,-1289.5999755859375,0.0,0.0,5.260486125946045,-1289.5999755859375,-1286.0,63.5693359375,-1400.5799560546875,-1391.0999755859375,-1374.0999755859375,-1339.5,-1286.0,-1236.0,-1211.0,-1202.4000244140625,-1182.8800048828125
23408,-1289.5999755859375,0.0,0.0,5.259217262268066,-1289.5999755859375,-1286.0,63.5693359375,-1400.5799560546875,-1391.0999755859375,-1374.0999755859375,-1339.5,-1286.0,-1236.0,-1211.0,-1202.4000244140625,-1182.8800048828125
23415,-1289.5999755859375,0.0,0.0,5.252040863037109,-1289.5999755859375,-1286.0,63.5693359375,-1400.5799560546875,-1391.0999755859375,-1374.0999755859375,-1339.5,-1286.0,-1236.0,-1211.0,-1202.4000244140625,-1182.8800048828125
23422,-1289.5999755859375,0.0,0.0,5.2542643547058105,-1289.5999755859375,-1286.0,63.5693359375,-1400.5799560546875,-1391.0999755859375,-1374.0999755859375,-1339.5,-1286.0,-1236.0,-1211.0,-1202.4000244140625,-1182.8800048828125
23429,-1289.6199951171875,0.0,0.0,5.254694938659668,-1289.6199951171875,-1286.0,63.572601318359375,-1400.5799560546875,-1391.0999755859375,-1374.0999755859375,-1339.5,-1286.0,-1236.0,-1211.0,-1202.4000244140625,-1182.8800048828125
23436,-1289.6199951171875,0.0,0.0,5.251822471618652,-1289.6199951171875,-1286.0,63.572601318359375,-1400.5799560546875,-1391.0999755859375,-1374.0999755859375,-1339.5,-1286.0,-1236.0,-1211.0,-1202.4000244140625,-1182.8800048828125
23443,-1289.659912109375,0.0,0.0,5.250203609466553,-1289.6600341796875,-1286.0,63.54072952270508,-1400.5799560546875,-1391.0999755859375,-1374.0999755859375,-1339.5,-1286.0,-1236.0,-1211.0,-1202.4000244140625,-1182.8800048828125
23450,-1289.659912109375,0.0,0.0,5.245070457458496,-1289.6600341796875,-1286.0,63.54072952270508,-1400.5799560546875,-1391.0999755859375,-1374.0999755859375,-1339.5,-1286.0,-1236.0,-1211.0,-1202.4000244140625,-1182.8800048828125
23457,-1289.659912109375,0.0,0.0,5.245395183563232,-1289.6600341796875,-1286.0,63.54072952270508,-1400.5799560546875,-1391.0999755859375,-1374.0999755859375,-1339.5,-1286.0,-1236.0,-1211.0,-1202.4000244140625,-1182.8800048828125
23464,-1289.659912109375,0.0,0.0,5.241725444793701,-1289.6600341796875,-1286.0,63.54072952270508,-1400.5799560546875,-1391.0999755859375,-1374.0999755859375,-1339.5,-1286.0,-1236.0,-1211.0,-1202.4000244140625,-1182.8800048828125
23471,-1289.659912109375,0.0,0.0,5.239168167114258,-1289.6600341796875,-1286.0,63.54072952270508,-1400.5799560546875,-1391.0999755859375,-1374.0999755859375,-1339.5,-1286.0,-1236.0,-1211.0,-1202.4000244140625,-1182.8800048828125
23478,-1289.659912109375,0.0,0.0,5.240847587585449,-1289.6600341796875,-1286.0,63.54072952270508,-1400.5799560546875,-1391.0999755859375,-1374.0999755859375,-1339.5,-1286.0,-1236.0,-1211.0,-1202.4000244140625,-1182.8800048828125
23485,-1289.659912109375,0.0,0.0,5.236344337463379,-1289.6600341796875,-1286.0,63.54072952270508,-1400.5799560546875,-1391.0999755859375,-1374.0999755859375,-1339.5,-1286.0,-1236.0,-1211.0,-1202.4000244140625,-1182.8800048828125
23492,-1289.659912109375,0.0,0.0,5.235987663269043,-1289.6600341796875,-1286.0,63.54072952270508,-1400.5799560546875,-1391.0999755859375,-1374.0999755859375,-1339.5,-1286.0,-1236.0,-1211.0,-1202.4000244140625,-1182.8800048828125
23499,-1289.659912109375,0.0,0.0,5.2343058586120605,-1289.6600341796875,-1286.0,63.54072952270508,-1400.5799560546875,-1391.0999755859375,-1374.0999755859375,-1339.5,-1286.0,-1236.0,-1211.0,-1202.4000244140625,-1182.8800048828125
23506,-1289.659912109375,0.0,0.0,5.234246253967285,-1289.6600341796875,-1286.0,63.54072952270508,-1400.5799560546875,-1391.0999755859375,-1374.0999755859375,-1339.5,-1286.0,-1236.0,-1211.0,-1202.4000244140625,-1182.8800048828125
23513,-1289.659912109375,0.0,0.0,5.229756832122803,-1289.6600341796875,-1286.0,63.54072952270508,-1400.5799560546875,-1391.0999755859375,-1374.0999755859375,-1339.5,-1286.0,-1236.0,-1211.0,-1202.4000244140625,-1182.8800048828125
23520,-1289.659912109375,0.0,0.0,5.228975296020508,-1289.6600341796875,-1286.0,63.54072952270508,-1400.5799560546875,-1391.0999755859375,-1374.0999755859375,-1339.5,-1286.0,-1236.0,-1211.0,-1202.4000244140625,-1182.8800048828125
23527,-1289.659912109375,0.0,0.0,5.232036113739014,-1289.6600341796875,-1286.0,63.54072952270508,-1400.5799560546875,-1391.0999755859375,-1374.0999755859375,-1339.5,-1286.0,-1236.0,-1211.0,-1202.4000244140625,-1182.8800048828125
23534,-1289.659912109375,0.0,0.0,5.232917785644531,-1289.6600341796875,-1286.0,63.54072952270508,-1400.5799560546875,-1391.0999755859375,-1374.0999755859375,-1339.5,-1286.0,-1236.0,-1211.0,-1202.4000244140625,-1182.8800048828125
23541,-1289.659912109375,0.0,0.0,5.22660493850708,-1289.6600341796875,-1286.0,63.54072952270508,-1400.5799560546875,-1391.0999755859375,-1374.0999755859375,-1339.5,-1286.0,-1236.0,-1211.0,-1202.4000244140625,-1182.8800048828125
23548,-1289.659912109375,0.0,0.0,5.223949909210205,-1289.6600341796875,-1286.0,63.54072952270508,-1400.5799560546875,-1391.0999755859375,-1374.0999755859375,-1339.5,-1286.0,-1236.0,-1211.0,-1202.4000244140625,-1182.8800048828125
23555,-1289.659912109375,0.0,0.0,5.218793869018555,-1289.6600341796875,-1286.0,63.54072952270508,-1400.5799560546875,-1391.0999755859375,-1374.0999755859375,-1339.5,-1286.0,-1236.0,-1211.0,-1202.4000244140625,-1182.8800048828125
23562,-1289.659912109375,0.0,0.0,5.221625328063965,-1289.6600341796875,-1286.0,63.54072952270508,-1400.5799560546875,-1391.0999755859375,-1374.0999755859375,-1339.5,-1286.0,-1236.0,-1211.0,-1202.4000244140625,-1182.8800048828125
23569,-1289.659912109375,0.0,0.0,5.216328144073486,-1289.6600341796875,-1286.0,63.54072952270508,-1400.5799560546875,-1391.0999755859375,-1374.0999755859375,-1339.5,-1286.0,-1236.0,-1211.0,-1202.4000244140625,-1182.8800048828125
23576,-1289.659912109375,0.0,0.0,5.2142791748046875,-1289.6600341796875,-1286.0,63.54072952270508,-1400.5799560546875,-1391.0999755859375,-1374.0999755859375,-1339.5,-1286.0,-1236.0,-1211.0,-1202.4000244140625,-1182.8800048828125
23583,-1289.659912109375,0.0,0.0,5.213372707366943,-1289.6600341796875,-1286.0,63.54072952270508,-1400.5799560546875,-1391.0999755859375,-1374.0999755859375,-1339.5,-1286.0,-1236.0,-1211.0,-1202.4000244140625,-1182.8800048828125
23590,-1289.659912109375,0.0,0.0,5.208483695983887,-1289.6600341796875,-1286.0,63.54072952270508,-1400.5799560546875,-1391.0999755859375,-1374.0999755859375,-1339.5,-1286.0,-1236.0,-1211.0,-1202.4000244140625,-1182.8800048828125
23597,-1289.659912109375,0.0,0.0,5.207498550415039,-1289.6600341796875,-1286.0,63.54072952270508,-1400.5799560546875,-1391.0999755859375,-1374.0999755859375,-1339.5,-1286.0,-1236.0,-1211.0,-1202.4000244140625,-1182.8800048828125
23604,-1289.659912109375,0.0,0.0,5.208459854125977,-1289.6600341796875,-1286.0,63.54072952270508,-1400.5799560546875,-1391.0999755859375,-1374.0999755859375,-1339.5,-1286.0,-1236.0,-1211.0,-1202.4000244140625,-1182.8800048828125
23611,-1289.659912109375,0.0,0.0,5.21035623550415,-1289.6600341796875,-1286.0,63.54072952270508,-1400.5799560546875,-1391.0999755859375,-1374.0999755859375,-1339.5,-1286.0,-1236.0,-1211.0,-1202.4000244140625,-1182.8800048828125
23618,-1289.659912109375,0.0,0.0,5.209610939025879,-1289.6600341796875,-1286.0,63.54072952270508,-1400.5799560546875,-1391.0999755859375,-1374.0999755859375,-1339.5,-1286.0,-1236.0,-1211.0,-1202.4000244140625,-1182.8800048828125
23625,-1289.659912109375,0.0,0.0,5.207191467285156,-1289.6600341796875,-1286.0,63.54072952270508,-1400.5799560546875,-1391.0999755859375,-1374.0999755859375,-1339.5,-1286.0,-1236.0,-1211.0,-1202.4000244140625,-1182.8800048828125
23632,-1289.659912109375,0.0,0.0,5.210562229156494,-1289.6600341796875,-1286.0,63.54072952270508,-1400.5799560546875,-1391.0999755859375,-1374.0999755859375,-1339.5,-1286.0,-1236.0,-1211.0,-1202.4000244140625,-1182.8800048828125
23639,-1289.679931640625,0.0,0.0,5.202463150024414,-1289.6800537109375,-1286.0,63.56947326660156,-1400.5799560546875,-1391.0999755859375,-1374.0999755859375,-1339.5,-1286.0,-1236.0,-1211.0,-1202.4000244140625,-1182.8800048828125
23646,-1289.679931640625,0.0,0.0,5.201694011688232,-1289.6800537109375,-1286.0,63.56947326660156,-1400.5799560546875,-1391.0999755859375,-1374.0999755859375,-1339.5,-1286.0,-1236.0,-1211.0,-1202.4000244140625,-1182.8800048828125
23653,-1289.679931640625,0.0,0.0,5.198299884796143,-1289.6800537109375,-1286.0,63.56947326660156,-1400.5799560546875,-1391.0999755859375,-1374.0999755859375,-1339.5,-1286.0,-1236.0,-1211.0,-1202.4000244140625,-1182.8800048828125
23660,-1289.679931640625,0.0,0.0,5.199678897857666,-1289.6800537109375,-1286.0,63.56947326660156,-1400.5799560546875,-1391.0999755859375,-1374.0999755859375,-1339.5,-1286.0,-1236.0,-1211.0,-1202.4000244140625,-1182.8800048828125
23667,-1289.679931640625,0.0,0.0,5.198803424835205,-1289.6800537109375,-1286.0,63.56947326660156,-1400.5799560546875,-1391.0999755859375,-1374.0999755859375,-1339.5,-1286.0,-1236.0,-1211.0,-1202.4000244140625,-1182.8800048828125
23674,-1289.679931640625,0.0,0.0,5.196650505065918,-1289.6800537109375,-1286.0,63.56947326660156,-1400.5799560546875,-1391.0999755859375,-1374.0999755859375,-1339.5,-1286.0,-1236.0,-1211.0,-1202.4000244140625,-1182.8800048828125
23681,-1289.679931640625,0.0,0.0,5.195443630218506,-1289.6800537109375,-1286.0,63.56947326660156,-1400.5799560546875,-1391.0999755859375,-1374.0999755859375,-1339.5,-1286.0,-1236.0,-1211.0,-1202.4000244140625,-1182.8800048828125
23688,-1289.679931640625,0.0,0.0,5.190832614898682,-1289.6800537109375,-1286.0,63.56947326660156,-1400.5799560546875,-1391.0999755859375,-1374.0999755859375,-1339.5,-1286.0,-1236.0,-1211.0,-1202.4000244140625,-1182.8800048828125
23695,-1289.679931640625,0.0,0.0,5.193278789520264,-1289.6800537109375,-1286.0,63.56947326660156,-1400.5799560546875,-1391.0999755859375,-1374.0999755859375,-1339.5,-1286.0,-1236.0,-1211.0,-1202.4000244140625,-1182.8800048828125
23702,-1289.679931640625,0.0,0.0,5.188812255859375,-1289.6800537109375,-1286.0,63.56947326660156,-1400.5799560546875,-1391.0999755859375,-1374.0999755859375,-1339.5,-1286.0,-1236.0,-1211.0,-1202.4000244140625,-1182.8800048828125
23709,-1289.679931640625,0.0,0.0,5.184202671051025,-1289.6800537109375,-1286.0,63.56947326660156,-1400.5799560546875,-1391.0999755859375,-1374.0999755859375,-1339.5,-1286.0,-1236.0,-1211.0,-1202.4000244140625,-1182.8800048828125
23716,-1289.679931640625,0.0,0.0,5.181973934173584,-1289.6800537109375,-1286.0,63.56947326660156,-1400.5799560546875,-1391.0999755859375,-1374.0999755859375,-1339.5,-1286.0,-1236.0,-1211.0,-1202.4000244140625,-1182.8800048828125
23723,-1289.679931640625,0.0,0.0,5.180424690246582,-1289.6800537109375,-1286.0,63.56947326660156,-1400.5799560546875,-1391.0999755859375,-1374.0999755859375,-1339.5,-1286.0,-1236.0,-1211.0,-1202.4000244140625,-1182.8800048828125
23730,-1289.679931640625,0.0,0.0,5.1821441650390625,-1289.6800537109375,-1286.0,63.56947326660156,-1400.5799560546875,-1391.0999755859375,-1374.0999755859375,-1339.5,-1286.0,-1236.0,-1211.0,-1202.4000244140625,-1182.8800048828125
23737,-1289.679931640625,0.0,0.0,5.183879375457764,-1289.6800537109375,-1286.0,63.56947326660156,-1400.5799560546875,-1391.0999755859375,-1374.0999755859375,-1339.5,-1286.0,-1236.0,-1211.0,-1202.4000244140625,-1182.8800048828125
23744,-1289.679931640625,0.0,0.0,5.184859275817871,-1289.6800537109375,-1286.0,63.56947326660156,-1400.5799560546875,-1391.0999755859375,-1374.0999755859375,-1339.5,-1286.0,-1236.0,-1211.0,-1202.4000244140625,-1182.8800048828125
23751,-1289.679931640625,0.0,0.0,5.180707931518555,-1289.6800537109375,-1286.0,63.56947326660156,-1400.5799560546875,-1391.0999755859375,-1374.0999755859375,-1339.5,-1286.0,-1236.0,-1211.0,-1202.4000244140625,-1182.8800048828125
23758,-1289.679931640625,0.0,0.0,5.181860446929932,-1289.6800537109375,-1286.0,63.56947326660156,-1400.5799560546875,-1391.0999755859375,-1374.0999755859375,-1339.5,-1286.0,-1236.0,-1211.0,-1202.4000244140625,-1182.8800048828125
23765,-1289.679931640625,0.0,0.0,5.178090572357178,-1289.6800537109375,-1286.0,63.56947326660156,-1400.5799560546875,-1391.0999755859375,-1374.0999755859375,-1339.5,-1286.0,-1236.0,-1211.0,-1202.4000244140625,-1182.8800048828125
23772,-1289.679931640625,0.0,0.0,5.173125267028809,-1289.6800537109375,-1286.0,63.56947326660156,-1400.5799560546875,-1391.0999755859375,-1374.0999755859375,-1339.5,-1286.0,-1236.0,-1211.0,-1202.4000244140625,-1182.8800048828125
23779,-1289.679931640625,0.0,0.0,5.169920444488525,-1289.6800537109375,-1286.0,63.56947326660156,-1400.5799560546875,-1391.0999755859375,-1374.0999755859375,-1339.5,-1286.0,-1236.0,-1211.0,-1202.4000244140625,-1182.8800048828125
23786,-1289.679931640625,0.0,0.0,5.170888423919678,-1289.6800537109375,-1286.0,63.56947326660156,-1400.5799560546875,-1391.0999755859375,-1374.0999755859375,-1339.5,-1286.0,-1236.0,-1211.0,-1202.4000244140625,-1182.8800048828125
23793,-1289.679931640625,0.0,0.0,5.166675090789795,-1289.6800537109375,-1286.0,63.56947326660156,-1400.5799560546875,-1391.0999755859375,-1374.0999755859375,-1339.5,-1286.0,-1236.0,-1211.0,-1202.4000244140625,-1182.8800048828125
23800,-1289.679931640625,0.0,0.0,5.168936252593994,-1289.6800537109375,-1286.0,63.56947326660156,-1400.5799560546875,-1391.0999755859375,-1374.0999755859375,-1339.5,-1286.0,-1236.0,-1211.0,-1202.4000244140625,-1182.8800048828125
23807,-1289.679931640625,0.0,0.0,5.163820743560791,-1289.6800537109375,-1286.0,63.56947326660156,-1400.5799560546875,-1391.0999755859375,-1374.0999755859375,-1339.5,-1286.0,-1236.0,-1211.0,-1202.4000244140625,-1182.8800048828125
23814,-1289.679931640625,0.0,0.0,5.169814109802246,-1289.6800537109375,-1286.0,63.56947326660156,-1400.5799560546875,-1391.0999755859375,-1374.0999755859375,-1339.5,-1286.0,-1236.0,-1211.0,-1202.4000244140625,-1182.8800048828125
23821,-1289.679931640625,0.0,0.0,5.171387672424316,-1289.6800537109375,-1286.0,63.56947326660156,-1400.5799560546875,-1391.0999755859375,-1374.0999755859375,-1339.5,-1286.0,-1236.0,-1211.0,-1202.4000244140625,-1182.8800048828125
23828,-1289.679931640625,0.0,0.0,5.169061660766602,-1289.6800537109375,-1286.0,63.56947326660156,-1400.5799560546875,-1391.0999755859375,-1374.0999755859375,-1339.5,-1286.0,-1236.0,-1211.0,-1202.4000244140625,-1182.8800048828125
23835,-1289.699951171875,0.0,0.0,5.168424129486084,-1289.699951171875,-1286.0,63.57680130004883,-1400.5799560546875,-1391.0999755859375,-1374.0999755859375,-1339.5,-1286.0,-1236.0,-1211.0,-1202.4000244140625,-1182.8800048828125
23842,-1289.699951171875,0.0,0.0,5.167445182800293,-1289.699951171875,-1286.0,63.57680130004883,-1400.5799560546875,-1391.0999755859375,-1374.0999755859375,-1339.5,-1286.0,-1236.0,-1211.0,-1202.4000244140625,-1182.8800048828125
23849,-1289.699951171875,0.0,0.0,5.165743827819824,-1289.699951171875,-1286.0,63.57680130004883,-1400.5799560546875,-1391.0999755859375,-1374.0999755859375,-1339.5,-1286.0,-1236.0,-1211.0,-1202.4000244140625,-1182.8800048828125
23856,-1289.699951171875,0.0,0.0,5.168967247009277,-1289.699951171875,-1286.0,63.57680130004883,-1400.5799560546875,-1391.0999755859375,-1374.0999755859375,-1339.5,-1286.0,-1236.0,-1211.0,-1202.4000244140625,-1182.8800048828125
23863,-1289.699951171875,0.0,0.0,5.166502475738525,-1289.699951171875,-1286.0,63.57680130004883,-1400.5799560546875,-1391.0999755859375,-1374.0999755859375,-1339.5,-1286.0,-1236.0,-1211.0,-1202.4000244140625,-1182.8800048828125
23870,-1289.699951171875,0.0,0.0,5.157537937164307,-1289.699951171875,-1286.0,63.57680130004883,-1400.5799560546875,-1391.0999755859375,-1374.0999755859375,-1339.5,-1286.0,-1236.0,-1211.0,-1202.4000244140625,-1182.8800048828125
23877,-1289.699951171875,0.0,0.0,5.15640115737915,-1289.699951171875,-1286.0,63.57680130004883,-1400.5799560546875,-1391.0999755859375,-1374.0999755859375,-1339.5,-1286.0,-1236.0,-1211.0,-1202.4000244140625,-1182.8800048828125
23884,-1289.699951171875,0.0,0.0,5.154221057891846,-1289.699951171875,-1286.0,63.57680130004883,-1400.5799560546875,-1391.0999755859375,-1374.0999755859375,-1339.5,-1286.0,-1236.0,-1211.0,-1202.4000244140625,-1182.8800048828125
23891,-1289.699951171875,0.0,0.0,5.155651569366455,-1289.699951171875,-1286.0,63.57680130004883,-1400.5799560546875,-1391.0999755859375,-1374.0999755859375,-1339.5,-1286.0,-1236.0,-1211.0,-1202.4000244140625,-1182.8800048828125
23898,-1289.699951171875,0.0,0.0,5.154786109924316,-1289.699951171875,-1286.0,63.57680130004883,-1400.5799560546875,-1391.0999755859375,-1374.0999755859375,-1339.5,-1286.0,-1236.0,-1211.0,-1202.4000244140625,-1182.8800048828125
23905,-1289.699951171875,0.0,0.0,5.1534247398376465,-1289.699951171875,-1286.0,63.57680130004883,-1400.5799560546875,-1391.0999755859375,-1374.0999755859375,-1339.5,-1286.0,-1236.0,-1211.0,-1202.4000244140625,-1182.8800048828125
23912,-1289.699951171875,0.0,0.0,5.150166034698486,-1289.699951171875,-1286.0,63.57680130004883,-1400.5799560546875,-1391.0999755859375,-1374.0999755859375,-1339.5,-1286.0,-1236.0,-1211.0,-1202.4000244140625,-1182.8800048828125
23919,-1289.699951171875,0.0,0.0,5.144497394561768,-1289.699951171875,-1286.0,63.57680130004883,-1400.5799560546875,-1391.0999755859375,-1374.0999755859375,-1339.5,-1286.0,-1236.0,-1211.0,-1202.4000244140625,-1182.8800048828125
23926,-1289.699951171875,0.0,0.0,5.137945652008057,-1289.699951171875,-1286.0,63.57680130004883,-1400.5799560546875,-1391.0999755859375,-1374.0999755859375,-1339.5,-1286.0,-1236.0,-1211.0,-1202.4000244140625,-1182.8800048828125
23933,-1289.699951171875,0.0,0.0,5.139970779418945,-1289.699951171875,-1286.0,63.57680130004883,-1400.5799560546875,-1391.0999755859375,-1374.0999755859375,-1339.5,-1286.0,-1236.0,-1211.0,-1202.4000244140625,-1182.8800048828125
23940,-1289.699951171875,0.0,0.0,5.140976905822754,-1289.699951171875,-1286.0,63.57680130004883,-1400.5799560546875,-1391.0999755859375,-1374.0999755859375,-1339.5,-1286.0,-1236.0,-1211.0,-1202.4000244140625,-1182.8800048828125
23947,-1289.699951171875,0.0,0.0,5.136664867401123,-1289.699951171875,-1286.0,63.57680130004883,-1400.5799560546875,-1391.0999755859375,-1374.0999755859375,-1339.5,-1286.0,-1236.0,-1211.0,-1202.4000244140625,-1182.8800048828125
23954,-1289.699951171875,0.0,0.0,5.135555267333984,-1289.699951171875,-1286.0,63.57680130004883,-1400.5799560546875,-1391.0999755859375,-1374.0999755859375,-1339.5,-1286.0,-1236.0,-1211.0,-1202.4000244140625,-1182.8800048828125
23961,-1289.699951171875,0.0,0.0,5.132451057434082,-1289.699951171875,-1286.0,63.57680130004883,-1400.5799560546875,-1391.0999755859375,-1374.0999755859375,-1339.5,-1286.0,-1236.0,-1211.0,-1202.4000244140625,-1182.8800048828125
23968,-1289.699951171875,0.0,0.0,5.129580020904541,-1289.699951171875,-1286.0,63.57680130004883,-1400.5799560546875,-1391.0999755859375,-1374.0999755859375,-1339.5,-1286.0,-1236.0,-1211.0,-1202.4000244140625,-1182.8800048828125
23975,-1289.699951171875,0.0,0.0,5.130145072937012,-1289.699951171875,-1286.0,63.57680130004883,-1400.5799560546875,-1391.0999755859375,-1374.0999755859375,-1339.5,-1286.0,-1236.0,-1211.0,-1202.4000244140625,-1182.8800048828125
23982,-1289.699951171875,0.0,0.0,5.1277594566345215,-1289.699951171875,-1286.0,63.57680130004883,-1400.5799560546875,-1391.0999755859375,-1374.0999755859375,-1339.5,-1286.0,-1236.0,-1211.0,-1202.4000244140625,-1182.8800048828125
23989,-1289.699951171875,0.0,0.0,5.127712249755859,-1289.699951171875,-1286.0,63.57680130004883,-1400.5799560546875,-1391.0999755859375,-1374.0999755859375,-1339.5,-1286.0,-1236.0,-1211.0,-1202.4000244140625,-1182.8800048828125
23996,-1289.699951171875,0.0,0.0,5.128182411193848,-1289.699951171875,-1286.0,63.57680130004883,-1400.5799560546875,-1391.0999755859375,-1374.0999755859375,-1339.5,-1286.0,-1236.0,-1211.0,-1202.4000244140625,-1182.8800048828125
24003,-1289.699951171875,0.0,0.0,5.129123210906982,-1289.699951171875,-1286.0,63.57680130004883,-1400.5799560546875,-1391.0999755859375,-1374.0999755859375,-1339.5,-1286.0,-1236.0,-1211.0,-1202.4000244140625,-1182.8800048828125
24010,-1289.699951171875,0.0,0.0,5.131364822387695,-1289.699951171875,-1286.0,63.57680130004883,-1400.5799560546875,-1391.0999755859375,-1374.0999755859375,-1339.5,-1286.0,-1236.0,-1211.0,-1202.4000244140625,-1182.8800048828125
24017,-1289.699951171875,0.0,0.0,5.126262664794922,-1289.699951171875,-1286.0,63.57680130004883,-1400.5799560546875,-1391.0999755859375,-1374.0999755859375,-1339.5,-1286.0,-1236.0,-1211.0,-1202.4000244140625,-1182.8800048828125
24024,-1289.699951171875,0.0,0.0,5.12549352645874,-1289.699951171875,-1286.0,63.57680130004883,-1400.5799560546875,-1391.0999755859375,-1374.0999755859375,-1339.5,-1286.0,-1236.0,-1211.0,-1202.4000244140625,-1182.8800048828125
24031,-1289.699951171875,0.0,0.0,5.125473499298096,-1289.699951171875,-1286.0,63.57680130004883,-1400.5799560546875,-1391.0999755859375,-1374.0999755859375,-1339.5,-1286.0,-1236.0,-1211.0,-1202.4000244140625,-1182.8800048828125
24038,-1289.760009765625,0.0,0.0,5.122500419616699,-1289.760009765625,-1286.0,63.64214324951172,-1400.5799560546875,-1391.0999755859375,-1374.0999755859375,-1339.5,-1286.0,-1236.0,-1211.0,-1202.4000244140625,-1182.8800048828125
24045,-1289.760009765625,0.0,0.0,5.124941349029541,-1289.760009765625,-1286.0,63.64214324951172,-1400.5799560546875,-1391.0999755859375,-1374.0999755859375,-1339.5,-1286.0,-1236.0,-1211.0,-1202.4000244140625,-1182.8800048828125
24052,-1289.760009765625,0.0,0.0,5.128867149353027,-1289.760009765625,-1286.0,63.64214324951172,-1400.5799560546875,-1391.0999755859375,-1374.0999755859375,-1339.5,-1286.0,-1236.0,-1211.0,-1202.4000244140625,-1182.8800048828125
24059,-1289.760009765625,0.0,0.0,5.12957763671875,-1289.760009765625,-1286.0,63.64214324951172,-1400.5799560546875,-1391.0999755859375,-1374.0999755859375,-1339.5,-1286.0,-1236.0,-1211.0,-1202.4000244140625,-1182.8800048828125
24066,-1289.760009765625,0.0,0.0,5.129736423492432,-1289.760009765625,-1286.0,63.64214324951172,-1400.5799560546875,-1391.0999755859375,-1374.0999755859375,-1339.5,-1286.0,-1236.0,-1211.0,-1202.4000244140625,-1182.8800048828125
24073,-1289.760009765625,0.0,0.0,5.131319522857666,-1289.760009765625,-1286.0,63.64214324951172,-1400.5799560546875,-1391.0999755859375,-1374.0999755859375,-1339.5,-1286.0,-1236.0,-1211.0,-1202.4000244140625,-1182.8800048828125
24080,-1289.760009765625,0.0,0.0,5.132937908172607,-1289.760009765625,-1286.0,63.64214324951172,-1400.5799560546875,-1391.0999755859375,-1374.0999755859375,-1339.5,-1286.0,-1236.0,-1211.0,-1202.4000244140625,-1182.8800048828125
24087,-1289.760009765625,0.0,0.0,5.129983901977539,-1289.760009765625,-1286.0,63.64214324951172,-1400.5799560546875,-1391.0999755859375,-1374.0999755859375,-1339.5,-1286.0,-1236.0,-1211.0,-1202.4000244140625,-1182.8800048828125
24094,-1289.760009765625,0.0,0.0,5.128156661987305,-1289.760009765625,-1286.0,63.64214324951172,-1400.5799560546875,-1391.0999755859375,-1374.0999755859375,-1339.5,-1286.0,-1236.0,-1211.0,-1202.4000244140625,-1182.8800048828125
24101,-1289.780029296875,0.0,0.0,5.125177383422852,-1289.780029296875,-1286.0,63.67144012451172,-1400.5799560546875,-1391.0999755859375,-1374.0999755859375,-1339.5,-1286.0,-1236.0,-1211.0,-1202.4000244140625,-1182.8800048828125
24108,-1289.780029296875,0.0,0.0,5.1224589347839355,-1289.780029296875,-1286.0,63.67144012451172,-1400.5799560546875,-1391.0999755859375,-1374.0999755859375,-1339.5,-1286.0,-1236.0,-1211.0,-1202.4000244140625,-1182.8800048828125
24115,-1289.780029296875,0.0,0.0,5.121628761291504,-1289.780029296875,-1286.0,63.67144012451172,-1400.5799560546875,-1391.0999755859375,-1374.0999755859375,-1339.5,-1286.0,-1236.0,-1211.0,-1202.4000244140625,-1182.8800048828125
24122,-1289.780029296875,0.0,0.0,5.122745990753174,-1289.780029296875,-1286.0,63.67144012451172,-1400.5799560546875,-1391.0999755859375,-1374.0999755859375,-1339.5,-1286.0,-1236.0,-1211.0,-1202.4000244140625,-1182.8800048828125
24129,-1289.780029296875,0.0,0.0,5.119582653045654,-1289.780029296875,-1286.0,63.67144012451172,-1400.5799560546875,-1391.0999755859375,-1374.0999755859375,-1339.5,-1286.0,-1236.0,-1211.0,-1202.4000244140625,-1182.8800048828125
24136,-1289.780029296875,0.0,0.0,5.123343467712402,-1289.780029296875,-1286.0,63.67144012451172,-1400.5799560546875,-1391.0999755859375,-1374.0999755859375,-1339.5,-1286.0,-1236.0,-1211.0,-1202.4000244140625,-1182.8800048828125
24143,-1289.780029296875,0.0,0.0,5.124630451202393,-1289.780029296875,-1286.0,63.67144012451172,-1400.5799560546875,-1391.0999755859375,-1374.0999755859375,-1339.5,-1286.0,-1236.0,-1211.0,-1202.4000244140625,-1182.8800048828125
24150,-1289.7999267578125,0.0,0.0,5.12147331237793,-1289.800048828125,-1286.0,63.66679000854492,-1400.5799560546875,-1391.0999755859375,-1374.0999755859375,-1339.5,-1286.0,-1236.0,-1211.0,-1202.4000244140625,-1182.8800048828125
24157,-1289.7999267578125,0.0,0.0,5.1205339431762695,-1289.800048828125,-1286.0,63.66679000854492,-1400.5799560546875,-1391.0999755859375,-1374.0999755859375,-1339.5,-1286.0,-1236.0,-1211.0,-1202.4000244140625,-1182.8800048828125
24164,-1289.7999267578125,0.0,0.0,5.1204447746276855,-1289.800048828125,-1286.0,63.66679000854492,-1400.5799560546875,-1391.0999755859375,-1374.0999755859375,-1339.5,-1286.0,-1236.0,-1211.0,-1202.4000244140625,-1182.8800048828125
24171,-1289.7999267578125,0.0,0.0,5.113642692565918,-1289.800048828125,-1286.0,63.66679000854492,-1400.5799560546875,-1391.0999755859375,-1374.0999755859375,-1339.5,-1286.0,-1236.0,-1211.0,-1202.4000244140625,-1182.8800048828125
24178,-1289.7999267578125,0.0,0.0,5.113417625427246,-1289.800048828125,-1286.0,63.66679000854492,-1400.5799560546875,-1391.0999755859375,-1374.0999755859375,-1339.5,-1286.0,-1236.0,-1211.0,-1202.4000244140625,-1182.8800048828125
24185,-1289.7999267578125,0.0,0.0,5.110239028930664,-1289.800048828125,-1286.0,63.66679000854492,-1400.5799560546875,-1391.0999755859375,-1374.0999755859375,-1339.5,-1286.0,-1236.0,-1211.0,-1202.4000244140625,-1182.8800048828125
24192,-1289.7999267578125,0.0,0.0,5.112768650054932,-1289.800048828125,-1286.0,63.66679000854492,-1400.5799560546875,-1391.0999755859375,-1374.0999755859375,-1339.5,-1286.0,-1236.0,-1211.0,-1202.4000244140625,-1182.8800048828125
24199,-1289.7999267578125,0.0,0.0,5.1111159324646,-1289.800048828125,-1286.0,63.66679000854492,-1400.5799560546875,-1391.0999755859375,-1374.0999755859375,-1339.5,-1286.0,-1236.0,-1211.0,-1202.4000244140625,-1182.8800048828125
24206,-1289.8599853515625,0.0,0.0,5.117370128631592,-1289.8599853515625,-1286.0,63.5688591003418,-1400.5799560546875,-1391.0999755859375,-1374.0999755859375,-1339.5,-1286.0,-1236.0,-1211.0,-1202.4000244140625,-1184.8399658203125
24213,-1289.8599853515625,0.0,0.0,5.113587856292725,-1289.8599853515625,-1286.0,63.5688591003418,-1400.5799560546875,-1391.0999755859375,-1374.0999755859375,-1339.5,-1286.0,-1236.0,-1211.0,-1202.4000244140625,-1184.8399658203125
24220,-1289.8599853515625,0.0,0.0,5.117544651031494,-1289.8599853515625,-1286.0,63.5688591003418,-1400.5799560546875,-1391.0999755859375,-1374.0999755859375,-1339.5,-1286.0,-1236.0,-1211.0,-1202.4000244140625,-1184.8399658203125
24227,-1289.8599853515625,0.0,0.0,5.113855361938477,-1289.8599853515625,-1286.0,63.5688591003418,-1400.5799560546875,-1391.0999755859375,-1374.0999755859375,-1339.5,-1286.0,-1236.0,-1211.0,-1202.4000244140625,-1184.8399658203125
24234,-1289.8599853515625,0.0,0.0,5.112166404724121,-1289.8599853515625,-1286.0,63.5688591003418,-1400.5799560546875,-1391.0999755859375,-1374.0999755859375,-1339.5,-1286.0,-1236.0,-1211.0,-1202.4000244140625,-1184.8399658203125
24241,-1289.8599853515625,0.0,0.0,5.108745574951172,-1289.8599853515625,-1286.0,63.5688591003418,-1400.5799560546875,-1391.0999755859375,-1374.0999755859375,-1339.5,-1286.0,-1236.0,-1211.0,-1202.4000244140625,-1184.8399658203125
24248,-1289.8599853515625,0.0,0.0,5.109305381774902,-1289.8599853515625,-1286.0,63.5688591003418,-1400.5799560546875,-1391.0999755859375,-1374.0999755859375,-1339.5,-1286.0,-1236.0,-1211.0,-1202.4000244140625,-1184.8399658203125
24255,-1289.8599853515625,0.0,0.0,5.109294891357422,-1289.8599853515625,-1286.0,63.5688591003418,-1400.5799560546875,-1391.0999755859375,-1374.0999755859375,-1339.5,-1286.0,-1236.0,-1211.0,-1202.4000244140625,-1184.8399658203125
24262,-1289.8599853515625,0.0,0.0,5.108088493347168,-1289.8599853515625,-1286.0,63.5688591003418,-1400.5799560546875,-1391.0999755859375,-1374.0999755859375,-1339.5,-1286.0,-1236.0,-1211.0,-1202.4000244140625,-1184.8399658203125
24269,-1289.8599853515625,0.0,0.0,5.1105875968933105,-1289.8599853515625,-1286.0,63.5688591003418,-1400.5799560546875,-1391.0999755859375,-1374.0999755859375,-1339.5,-1286.0,-1236.0,-1211.0,-1202.4000244140625,-1184.8399658203125
24276,-1289.8599853515625,0.0,0.0,5.108970642089844,-1289.8599853515625,-1286.0,63.5688591003418,-1400.5799560546875,-1391.0999755859375,-1374.0999755859375,-1339.5,-1286.0,-1236.0,-1211.0,-1202.4000244140625,-1184.8399658203125
24283,-1289.8599853515625,0.0,0.0,5.103437900543213,-1289.8599853515625,-1286.0,63.5688591003418,-1400.5799560546875,-1391.0999755859375,-1374.0999755859375,-1339.5,-1286.0,-1236.0,-1211.0,-1202.4000244140625,-1184.8399658203125
24290,-1289.8599853515625,0.0,0.0,5.104538917541504,-1289.8599853515625,-1286.0,63.5688591003418,-1400.5799560546875,-1391.0999755859375,-1374.0999755859375,-1339.5,-1286.0,-1236.0,-1211.0,-1202.4000244140625,-1184.8399658203125
24297,-1289.8599853515625,0.0,0.0,5.102352142333984,-1289.8599853515625,-1286.0,63.5688591003418,-1400.5799560546875,-1391.0999755859375,-1374.0999755859375,-1339.5,-1286.0,-1236.0,-1211.0,-1202.4000244140625,-1184.8399658203125
24304,-1289.8599853515625,0.0,0.0,5.10119104385376,-1289.8599853515625,-1286.0,63.5688591003418,-1400.5799560546875,-1391.0999755859375,-1374.0999755859375,-1339.5,-1286.0,-1236.0,-1211.0,-1202.4000244140625,-1184.8399658203125
24311,-1289.8599853515625,0.0,0.0,5.101477146148682,-1289.8599853515625,-1286.0,63.5688591003418,-1400.5799560546875,-1391.0999755859375,-1374.0999755859375,-1339.5,-1286.0,-1236.0,-1211.0,-1202.4000244140625,-1184.8399658203125
24318,-1289.8599853515625,0.0,0.0,5.0969157218933105,-1289.8599853515625,-1286.0,63.5688591003418,-1400.5799560546875,-1391.0999755859375,-1374.0999755859375,-1339.5,-1286.0,-1236.0,-1211.0,-1202.4000244140625,-1184.8399658203125
24325,-1289.8599853515625,0.0,0.0,5.094937801361084,-1289.8599853515625,-1286.0,63.5688591003418,-1400.5799560546875,-1391.0999755859375,-1374.0999755859375,-1339.5,-1286.0,-1236.0,-1211.0,-1202.4000244140625,-1184.8399658203125
24332,-1289.8599853515625,0.0,0.0,5.094825744628906,-1289.8599853515625,-1286.0,63.5688591003418,-1400.5799560546875,-1391.0999755859375,-1374.0999755859375,-1339.5,-1286.0,-1236.0,-1211.0,-1202.4000244140625,-1184.8399658203125
24339,-1289.8599853515625,0.0,0.0,5.094758033752441,-1289.8599853515625,-1286.0,63.5688591003418,-1400.5799560546875,-1391.0999755859375,-1374.0999755859375,-1339.5,-1286.0,-1236.0,-1211.0,-1202.4000244140625,-1184.8399658203125
24346,-1289.8800048828125,0.0,0.0,5.096113681793213,-1289.8800048828125,-1286.0,63.560096740722656,-1400.5799560546875,-1391.0999755859375,-1374.0999755859375,-1339.5,-1286.0,-1236.0,-1211.0,-1202.4000244140625,-1184.8399658203125
24353,-1289.8800048828125,0.0,0.0,5.096696853637695,-1289.8800048828125,-1286.0,63.560096740722656,-1400.5799560546875,-1391.0999755859375,-1374.0999755859375,-1339.5,-1286.0,-1236.0,-1211.0,-1202.4000244140625,-1184.8399658203125
24360,-1289.8800048828125,0.0,0.0,5.092446804046631,-1289.8800048828125,-1286.0,63.560096740722656,-1400.5799560546875,-1391.0999755859375,-1374.0999755859375,-1339.5,-1286.0,-1236.0,-1211.0,-1202.4000244140625,-1184.8399658203125
24367,-1289.8800048828125,0.0,0.0,5.093146800994873,-1289.8800048828125,-1286.0,63.560096740722656,-1400.5799560546875,-1391.0999755859375,-1374.0999755859375,-1339.5,-1286.0,-1236.0,-1211.0,-1202.4000244140625,-1184.8399658203125
24374,-1289.8800048828125,0.0,0.0,5.089045524597168,-1289.8800048828125,-1286.0,63.560096740722656,-1400.5799560546875,-1391.0999755859375,-1374.0999755859375,-1339.5,-1286.0,-1236.0,-1211.0,-1202.4000244140625,-1184.8399658203125
24381,-1289.8800048828125,0.0,0.0,5.088200092315674,-1289.8800048828125,-1286.0,63.560096740722656,-1400.5799560546875,-1391.0999755859375,-1374.0999755859375,-1339.5,-1286.0,-1236.0,-1211.0,-1202.4000244140625,-1184.8399658203125
24388,-1289.8800048828125,0.0,0.0,5.094992160797119,-1289.8800048828125,-1286.0,63.560096740722656,-1400.5799560546875,-1391.0999755859375,-1374.0999755859375,-1339.5,-1286.0,-1236.0,-1211.0,-1202.4000244140625,-1184.8399658203125
24395,-1289.8800048828125,0.0,0.0,5.095584392547607,-1289.8800048828125,-1286.0,63.560096740722656,-1400.5799560546875,-1391.0999755859375,-1374.0999755859375,-1339.5,-1286.0,-1236.0,-1211.0,-1202.4000244140625,-1184.8399658203125
24402,-1289.8800048828125,0.0,0.0,5.095324993133545,-1289.8800048828125,-1286.0,63.560096740722656,-1400.5799560546875,-1391.0999755859375,-1374.0999755859375,-1339.5,-1286.0,-1236.0,-1211.0,-1202.4000244140625,-1184.8399658203125
24409,-1289.8800048828125,0.0,0.0,5.0985870361328125,-1289.8800048828125,-1286.0,63.560096740722656,-1400.5799560546875,-1391.0999755859375,-1374.0999755859375,-1339.5,-1286.0,-1236.0,-1211.0,-1202.4000244140625,-1184.8399658203125
24416,-1289.8800048828125,0.0,0.0,5.102807998657227,-1289.8800048828125,-1286.0,63.560096740722656,-1400.5799560546875,-1391.0999755859375,-1374.0999755859375,-1339.5,-1286.0,-1236.0,-1211.0,-1202.4000244140625,-1184.8399658203125
24423,-1289.93994140625,0.0,0.0,5.1029767990112305,-1289.93994140625,-1286.0,63.46759796142578,-1400.5799560546875,-1391.0999755859375,-1374.0999755859375,-1339.5,-1286.0,-1236.0,-1211.0,-1202.5999755859375,-1184.8399658203125
24430,-1289.93994140625,0.0,0.0,5.098708629608154,-1289.93994140625,-1286.0,63.46759796142578,-1400.5799560546875,-1391.0999755859375,-1374.0999755859375,-1339.5,-1286.0,-1236.0,-1211.0,-1202.5999755859375,-1184.8399658203125
24437,-1289.93994140625,0.0,0.0,5.099453449249268,-1289.93994140625,-1286.0,63.46759796142578,-1400.5799560546875,-1391.0999755859375,-1374.0999755859375,-1339.5,-1286.0,-1236.0,-1211.0,-1202.5999755859375,-1184.8399658203125
24444,-1289.93994140625,0.0,0.0,5.103298664093018,-1289.93994140625,-1286.0,63.46759796142578,-1400.5799560546875,-1391.0999755859375,-1374.0999755859375,-1339.5,-1286.0,-1236.0,-1211.0,-1202.5999755859375,-1184.8399658203125
24451,-1289.93994140625,0.0,0.0,5.101527214050293,-1289.93994140625,-1286.0,63.46759796142578,-1400.5799560546875,-1391.0999755859375,-1374.0999755859375,-1339.5,-1286.0,-1236.0,-1211.0,-1202.5999755859375,-1184.8399658203125
24458,-1289.93994140625,0.0,0.0,5.09326171875,-1289.93994140625,-1286.0,63.46759796142578,-1400.5799560546875,-1391.0999755859375,-1374.0999755859375,-1339.5,-1286.0,-1236.0,-1211.0,-1202.5999755859375,-1184.8399658203125
24465,-1289.93994140625,0.0,0.0,5.089978218078613,-1289.93994140625,-1286.0,63.46759796142578,-1400.5799560546875,-1391.0999755859375,-1374.0999755859375,-1339.5,-1286.0,-1236.0,-1211.0,-1202.5999755859375,-1184.8399658203125
24472,-1289.93994140625,0.0,0.0,5.0865654945373535,-1289.93994140625,-1286.0,63.46759796142578,-1400.5799560546875,-1391.0999755859375,-1374.0999755859375,-1339.5,-1286.0,-1236.0,-1211.0,-1202.5999755859375,-1184.8399658203125
24479,-1289.93994140625,0.0,0.0,5.092662334442139,-1289.93994140625,-1286.0,63.46759796142578,-1400.5799560546875,-1391.0999755859375,-1374.0999755859375,-1339.5,-1286.0,-1236.0,-1211.0,-1202.5999755859375,-1184.8399658203125
24486,-1289.93994140625,0.0,0.0,5.096169471740723,-1289.93994140625,-1286.0,63.46759796142578,-1400.5799560546875,-1391.0999755859375,-1374.0999755859375,-1339.5,-1286.0,-1236.0,-1211.0,-1202.5999755859375,-1184.8399658203125
24493,-1289.93994140625,0.0,0.0,5.094762325286865,-1289.93994140625,-1286.0,63.46759796142578,-1400.5799560546875,-1391.0999755859375,-1374.0999755859375,-1339.5,-1286.0,-1236.0,-1211.0,-1202.5999755859375,-1184.8399658203125
24500,-1289.93994140625,0.0,0.0,5.095461845397949,-1289.93994140625,-1286.0,63.46759796142578,-1400.5799560546875,-1391.0999755859375,-1374.0999755859375,-1339.5,-1286.0,-1236.0,-1211.0,-1202.5999755859375,-1184.8399658203125
24507,-1289.93994140625,0.0,0.0,5.095686435699463,-1289.93994140625,-1286.0,63.46759796142578,-1400.5799560546875,-1391.0999755859375,-1374.0999755859375,-1339.5,-1286.0,-1236.0,-1211.0,-1202.5999755859375,-1184.8399658203125
24514,-1289.93994140625,0.0,0.0,5.09175443649292,-1289.93994140625,-1286.0,63.46759796142578,-1400.5799560546875,-1391.0999755859375,-1374.0999755859375,-1339.5,-1286.0,-1236.0,-1211.0,-1202.5999755859375,-1184.8399658203125
24521,-1289.93994140625,0.0,0.0,5.093330383300781,-1289.93994140625,-1286.0,63.46759796142578,-1400.5799560546875,-1391.0999755859375,-1374.0999755859375,-1339.5,-1286.0,-1236.0,-1211.0,-1202.5999755859375,-1184.8399658203125
24528,-1289.93994140625,0.0,0.0,5.0939531326293945,-1289.93994140625,-1286.0,63.46759796142578,-1400.5799560546875,-1391.0999755859375,-1374.0999755859375,-1339.5,-1286.0,-1236.0,-1211.0,-1202.5999755859375,-1184.8399658203125
24535,-1289.93994140625,0.0,0.0,5.090767860412598,-1289.93994140625,-1286.0,63.46759796142578,-1400.5799560546875,-1391.0999755859375,-1374.0999755859375,-1339.5,-1286.0,-1236.0,-1211.0,-1202.5999755859375,-1184.8399658203125
24542,-1289.93994140625,0.0,0.0,5.084953308105469,-1289.93994140625,-1286.0,63.46759796142578,-1400.5799560546875,-1391.0999755859375,-1374.0999755859375,-1339.5,-1286.0,-1236.0,-1211.0,-1202.5999755859375,-1184.8399658203125
24549,-1289.93994140625,0.0,0.0,5.089498519897461,-1289.93994140625,-1286.0,63.46759796142578,-1400.5799560546875,-1391.0999755859375,-1374.0999755859375,-1339.5,-1286.0,-1236.0,-1211.0,-1202.5999755859375,-1184.8399658203125
24556,-1289.93994140625,0.0,0.0,5.087806224822998,-1289.93994140625,-1286.0,63.46759796142578,-1400.5799560546875,-1391.0999755859375,-1374.0999755859375,-1339.5,-1286.0,-1236.0,-1211.0,-1202.5999755859375,-1184.8399658203125
24563,-1289.93994140625,0.0,0.0,5.087038040161133,-1289.93994140625,-1286.0,63.46759796142578,-1400.5799560546875,-1391.0999755859375,-1374.0999755859375,-1339.5,-1286.0,-1236.0,-1211.0,-1202.5999755859375,-1184.8399658203125
24570,-1289.93994140625,0.0,0.0,5.092711925506592,-1289.93994140625,-1286.0,63.46759796142578,-1400.5799560546875,-1391.0999755859375,-1374.0999755859375,-1339.5,-1286.0,-1236.0,-1211.0,-1202.5999755859375,-1184.8399658203125
24577,-1289.93994140625,0.0,0.0,5.098480224609375,-1289.93994140625,-1286.0,63.46759796142578,-1400.5799560546875,-1391.0999755859375,-1374.0999755859375,-1339.5,-1286.0,-1236.0,-1211.0,-1202.5999755859375,-1184.8399658203125
24584,-1289.93994140625,0.0,0.0,5.092378616333008,-1289.93994140625,-1286.0,63.46759796142578,-1400.5799560546875,-1391.0999755859375,-1374.0999755859375,-1339.5,-1286.0,-1236.0,-1211.0,-1202.5999755859375,-1184.8399658203125
24591,-1289.93994140625,0.0,0.0,5.088779926300049,-1289.93994140625,-1286.0,63.46759796142578,-1400.5799560546875,-1391.0999755859375,-1374.0999755859375,-1339.5,-1286.0,-1236.0,-1211.0,-1202.5999755859375,-1184.8399658203125
24598,-1289.93994140625,0.0,0.0,5.084870338439941,-1289.93994140625,-1286.0,63.46759796142578,-1400.5799560546875,-1391.0999755859375,-1374.0999755859375,-1339.5,-1286.0,-1236.0,-1211.0,-1202.5999755859375,-1184.8399658203125
24605,-1289.93994140625,0.0,0.0,5.085681438446045,-1289.93994140625,-1286.0,63.46759796142578,-1400.5799560546875,-1391.0999755859375,-1374.0999755859375,-1339.5,-1286.0,-1236.0,-1211.0,-1202.5999755859375,-1184.8399658203125
24612,-1289.93994140625,0.0,0.0,5.083670139312744,-1289.93994140625,-1286.0,63.46759796142578,-1400.5799560546875,-1391.0999755859375,-1374.0999755859375,-1339.5,-1286.0,-1236.0,-1211.0,-1202.5999755859375,-1184.8399658203125
24619,-1289.93994140625,0.0,0.0,5.084239959716797,-1289.93994140625,-1286.0,63.46759796142578,-1400.5799560546875,-1391.0999755859375,-1374.0999755859375,-1339.5,-1286.0,-1236.0,-1211.0,-1202.5999755859375,-1184.8399658203125
24626,-1289.93994140625,0.0,0.0,5.081234931945801,-1289.93994140625,-1286.0,63.46759796142578,-1400.5799560546875,-1391.0999755859375,-1374.0999755859375,-1339.5,-1286.0,-1236.0,-1211.0,-1202.5999755859375,-1184.8399658203125
24633,-1289.93994140625,0.0,0.0,5.08571720123291,-1289.93994140625,-1286.0,63.46759796142578,-1400.5799560546875,-1391.0999755859375,-1374.0999755859375,-1339.5,-1286.0,-1236.0,-1211.0,-1202.5999755859375,-1184.8399658203125
24640,-1289.93994140625,0.0,0.0,5.0820465087890625,-1289.93994140625,-1286.0,63.46759796142578,-1400.5799560546875,-1391.0999755859375,-1374.0999755859375,-1339.5,-1286.0,-1236.0,-1211.0,-1202.5999755859375,-1184.8399658203125
24647,-1289.93994140625,0.0,0.0,5.084519863128662,-1289.93994140625,-1286.0,63.46759796142578,-1400.5799560546875,-1391.0999755859375,-1374.0999755859375,-1339.5,-1286.0,-1236.0,-1211.0,-1202.5999755859375,-1184.8399658203125
24654,-1289.93994140625,0.0,0.0,5.077371597290039,-1289.93994140625,-1286.0,63.46759796142578,-1400.5799560546875,-1391.0999755859375,-1374.0999755859375,-1339.5,-1286.0,-1236.0,-1211.0,-1202.5999755859375,-1184.8399658203125
24661,-1289.93994140625,0.0,0.0,5.074782371520996,-1289.93994140625,-1286.0,63.46759796142578,-1400.5799560546875,-1391.0999755859375,-1374.0999755859375,-1339.5,-1286.0,-1236.0,-1211.0,-1202.5999755859375,-1184.8399658203125
24668,-1289.93994140625,0.0,0.0,5.07712984085083,-1289.93994140625,-1286.0,63.46759796142578,-1400.5799560546875,-1391.0999755859375,-1374.0999755859375,-1339.5,-1286.0,-1236.0,-1211.0,-1202.5999755859375,-1184.8399658203125
24675,-1289.93994140625,0.0,0.0,5.072475910186768,-1289.93994140625,-1286.0,63.46759796142578,-1400.5799560546875,-1391.0999755859375,-1374.0999755859375,-1339.5,-1286.0,-1236.0,-1211.0,-1202.5999755859375,-1184.8399658203125
24682,-1289.93994140625,0.0,0.0,5.069982528686523,-1289.93994140625,-1286.0,63.46759796142578,-1400.5799560546875,-1391.0999755859375,-1374.0999755859375,-1339.5,-1286.0,-1236.0,-1211.0,-1202.5999755859375,-1184.8399658203125
24689,-1289.93994140625,0.0,0.0,5.067999362945557,-1289.93994140625,-1286.0,63.46759796142578,-1400.5799560546875,-1391.0999755859375,-1374.0999755859375,-1339.5,-1286.0,-1236.0,-1211.0,-1202.5999755859375,-1184.8399658203125
24696,-1289.93994140625,0.0,0.0,5.064672946929932,-1289.93994140625,-1286.0,63.46759796142578,-1400.5799560546875,-1391.0999755859375,-1374.0999755859375,-1339.5,-1286.0,-1236.0,-1211.0,-1202.5999755859375,-1184.8399658203125
24703,-1289.93994140625,0.0,0.0,5.067019462585449,-1289.93994140625,-1286.0,63.46759796142578,-1400.5799560546875,-1391.0999755859375,-1374.0999755859375,-1339.5,-1286.0,-1236.0,-1211.0,-1202.5999755859375,-1184.8399658203125
24710,-1289.93994140625,0.0,0.0,5.060703277587891,-1289.93994140625,-1286.0,63.46759796142578,-1400.5799560546875,-1391.0999755859375,-1374.0999755859375,-1339.5,-1286.0,-1236.0,-1211.0,-1202.5999755859375,-1184.8399658203125
24717,-1289.93994140625,0.0,0.0,5.057999610900879,-1289.93994140625,-1286.0,63.46759796142578,-1400.5799560546875,-1391.0999755859375,-1374.0999755859375,-1339.5,-1286.0,-1236.0,-1211.0,-1202.5999755859375,-1184.8399658203125
24724,-1289.93994140625,0.0,0.0,5.053471088409424,-1289.93994140625,-1286.0,63.46759796142578,-1400.5799560546875,-1391.0999755859375,-1374.0999755859375,-1339.5,-1286.0,-1236.0,-1211.0,-1202.5999755859375,-1184.8399658203125
24731,-1289.93994140625,0.0,0.0,5.049825191497803,-1289.93994140625,-1286.0,63.46759796142578,-1400.5799560546875,-1391.0999755859375,-1374.0999755859375,-1339.5,-1286.0,-1236.0,-1211.0,-1202.5999755859375,-1184.8399658203125
24738,-1289.93994140625,0.0,0.0,5.049812316894531,-1289.93994140625,-1286.0,63.46759796142578,-1400.5799560546875,-1391.0999755859375,-1374.0999755859375,-1339.5,-1286.0,-1236.0,-1211.0,-1202.5999755859375,-1184.8399658203125
24745,-1289.93994140625,0.0,0.0,5.049243450164795,-1289.93994140625,-1286.0,63.46759796142578,-1400.5799560546875,-1391.0999755859375,-1374.0999755859375,-1339.5,-1286.0,-1236.0,-1211.0,-1202.5999755859375,-1184.8399658203125
24752,-1289.93994140625,0.0,0.0,5.050315856933594,-1289.93994140625,-1286.0,63.46759796142578,-1400.5799560546875,-1391.0999755859375,-1374.0999755859375,-1339.5,-1286.0,-1236.0,-1211.0,-1202.5999755859375,-1184.8399658203125
24759,-1289.93994140625,0.0,0.0,5.052753925323486,-1289.93994140625,-1286.0,63.46759796142578,-1400.5799560546875,-1391.0999755859375,-1374.0999755859375,-1339.5,-1286.0,-1236.0,-1211.0,-1202.5999755859375,-1184.8399658203125
24766,-1289.93994140625,0.0,0.0,5.049626350402832,-1289.93994140625,-1286.0,63.46759796142578,-1400.5799560546875,-1391.0999755859375,-1374.0999755859375,-1339.5,-1286.0,-1236.0,-1211.0,-1202.5999755859375,-1184.8399658203125
24773,-1289.93994140625,0.0,0.0,5.047601699829102,-1289.93994140625,-1286.0,63.46759796142578,-1400.5799560546875,-1391.0999755859375,-1374.0999755859375,-1339.5,-1286.0,-1236.0,-1211.0,-1202.5999755859375,-1184.8399658203125
24780,-1289.93994140625,0.0,0.0,5.0450568199157715,-1289.93994140625,-1286.0,63.46759796142578,-1400.5799560546875,-1391.0999755859375,-1374.0999755859375,-1339.5,-1286.0,-1236.0,-1211.0,-1202.5999755859375,-1184.8399658203125
24787,-1289.93994140625,0.0,0.0,5.041899681091309,-1289.93994140625,-1286.0,63.46759796142578,-1400.5799560546875,-1391.0999755859375,-1374.0999755859375,-1339.5,-1286.0,-1236.0,-1211.0,-1202.5999755859375,-1184.8399658203125
24794,-1289.93994140625,0.0,0.0,5.04070520401001,-1289.93994140625,-1286.0,63.46759796142578,-1400.5799560546875,-1391.0999755859375,-1374.0999755859375,-1339.5,-1286.0,-1236.0,-1211.0,-1202.5999755859375,-1184.8399658203125
24801,-1289.93994140625,0.0,0.0,5.044922351837158,-1289.93994140625,-1286.0,63.46759796142578,-1400.5799560546875,-1391.0999755859375,-1374.0999755859375,-1339.5,-1286.0,-1236.0,-1211.0,-1202.5999755859375,-1184.8399658203125
24808,-1289.93994140625,0.0,0.0,5.045654773712158,-1289.93994140625,-1286.0,63.46759796142578,-1400.5799560546875,-1391.0999755859375,-1374.0999755859375,-1339.5,-1286.0,-1236.0,-1211.0,-1202.5999755859375,-1184.8399658203125
24815,-1289.93994140625,0.0,0.0,5.041316509246826,-1289.93994140625,-1286.0,63.46759796142578,-1400.5799560546875,-1391.0999755859375,-1374.0999755859375,-1339.5,-1286.0,-1236.0,-1211.0,-1202.5999755859375,-1184.8399658203125
24822,-1289.93994140625,0.0,0.0,5.043970584869385,-1289.93994140625,-1286.0,63.46759796142578,-1400.5799560546875,-1391.0999755859375,-1374.0999755859375,-1339.5,-1286.0,-1236.0,-1211.0,-1202.5999755859375,-1184.8399658203125
24829,-1289.93994140625,0.0,0.0,5.04102087020874,-1289.93994140625,-1286.0,63.46759796142578,-1400.5799560546875,-1391.0999755859375,-1374.0999755859375,-1339.5,-1286.0,-1236.0,-1211.0,-1202.5999755859375,-1184.8399658203125
24836,-1289.93994140625,0.0,0.0,5.038732528686523,-1289.93994140625,-1286.0,63.46759796142578,-1400.5799560546875,-1391.0999755859375,-1374.0999755859375,-1339.5,-1286.0,-1236.0,-1211.0,-1202.5999755859375,-1184.8399658203125
24843,-1289.93994140625,0.0,0.0,5.040156841278076,-1289.93994140625,-1286.0,63.46759796142578,-1400.5799560546875,-1391.0999755859375,-1374.0999755859375,-1339.5,-1286.0,-1236.0,-1211.0,-1202.5999755859375,-1184.8399658203125
24850,-1289.93994140625,0.0,0.0,5.036779880523682,-1289.93994140625,-1286.0,63.46759796142578,-1400.5799560546875,-1391.0999755859375,-1374.0999755859375,-1339.5,-1286.0,-1236.0,-1211.0,-1202.5999755859375,-1184.8399658203125
24857,-1289.93994140625,0.0,0.0,5.036327838897705,-1289.93994140625,-1286.0,63.46759796142578,-1400.5799560546875,-1391.0999755859375,-1374.0999755859375,-1339.5,-1286.0,-1236.0,-1211.0,-1202.5999755859375,-1184.8399658203125
24864,-1289.93994140625,0.0,0.0,5.03199577331543,-1289.93994140625,-1286.0,63.46759796142578,-1400.5799560546875,-1391.0999755859375,-1374.0999755859375,-1339.5,-1286.0,-1236.0,-1211.0,-1202.5999755859375,-1184.8399658203125
24871,-1289.93994140625,0.0,0.0,5.0294880867004395,-1289.93994140625,-1286.0,63.46759796142578,-1400.5799560546875,-1391.0999755859375,-1374.0999755859375,-1339.5,-1286.0,-1236.0,-1211.0,-1202.5999755859375,-1184.8399658203125
24878,-1289.93994140625,0.0,0.0,5.026542663574219,-1289.93994140625,-1286.0,63.46759796142578,-1400.5799560546875,-1391.0999755859375,-1374.0999755859375,-1339.5,-1286.0,-1236.0,-1211.0,-1202.5999755859375,-1184.8399658203125
24885,-1289.93994140625,0.0,0.0,5.029028415679932,-1289.93994140625,-1286.0,63.46759796142578,-1400.5799560546875,-1391.0999755859375,-1374.0999755859375,-1339.5,-1286.0,-1236.0,-1211.0,-1202.5999755859375,-1184.8399658203125
24892,-1289.93994140625,0.0,0.0,5.022556304931641,-1289.93994140625,-1286.0,63.46759796142578,-1400.5799560546875,-1391.0999755859375,-1374.0999755859375,-1339.5,-1286.0,-1236.0,-1211.0,-1202.5999755859375,-1184.8399658203125
24899,-1289.93994140625,0.0,0.0,5.019134521484375,-1289.93994140625,-1286.0,63.46759796142578,-1400.5799560546875,-1391.0999755859375,-1374.0999755859375,-1339.5,-1286.0,-1236.0,-1211.0,-1202.5999755859375,-1184.8399658203125
24906,-1289.93994140625,0.0,0.0,5.023212909698486,-1289.93994140625,-1286.0,63.46759796142578,-1400.5799560546875,-1391.0999755859375,-1374.0999755859375,-1339.5,-1286.0,-1236.0,-1211.0,-1202.5999755859375,-1184.8399658203125
24913,-1289.93994140625,0.0,0.0,5.021727561950684,-1289.93994140625,-1286.0,63.46759796142578,-1400.5799560546875,-1391.0999755859375,-1374.0999755859375,-1339.5,-1286.0,-1236.0,-1211.0,-1202.5999755859375,-1184.8399658203125
24920,-1289.93994140625,0.0,0.0,5.023536682128906,-1289.93994140625,-1286.0,63.46759796142578,-1400.5799560546875,-1391.0999755859375,-1374.0999755859375,-1339.5,-1286.0,-1236.0,-1211.0,-1202.5999755859375,-1184.8399658203125
24927,-1289.93994140625,0.0,0.0,5.019524574279785,-1289.93994140625,-1286.0,63.46759796142578,-1400.5799560546875,-1391.0999755859375,-1374.0999755859375,-1339.5,-1286.0,-1236.0,-1211.0,-1202.5999755859375,-1184.8399658203125
24934,-1289.93994140625,0.0,0.0,5.0177083015441895,-1289.93994140625,-1286.0,63.46759796142578,-1400.5799560546875,-1391.0999755859375,-1374.0999755859375,-1339.5,-1286.0,-1236.0,-1211.0,-1202.5999755859375,-1184.8399658203125
24941,-1289.93994140625,0.0,0.0,5.020313739776611,-1289.93994140625,-1286.0,63.46759796142578,-1400.5799560546875,-1391.0999755859375,-1374.0999755859375,-1339.5,-1286.0,-1236.0,-1211.0,-1202.5999755859375,-1184.8399658203125
24948,-1289.93994140625,0.0,0.0,5.0221099853515625,-1289.93994140625,-1286.0,63.46759796142578,-1400.5799560546875,-1391.0999755859375,-1374.0999755859375,-1339.5,-1286.0,-1236.0,-1211.0,-1202.5999755859375,-1184.8399658203125
24955,-1289.93994140625,0.0,0.0,5.0167236328125,-1289.93994140625,-1286.0,63.46759796142578,-1400.5799560546875,-1391.0999755859375,-1374.0999755859375,-1339.5,-1286.0,-1236.0,-1211.0,-1202.5999755859375,-1184.8399658203125
24962,-1289.93994140625,0.0,0.0,5.012420177459717,-1289.93994140625,-1286.0,63.46759796142578,-1400.5799560546875,-1391.0999755859375,-1374.0999755859375,-1339.5,-1286.0,-1236.0,-1211.0,-1202.5999755859375,-1184.8399658203125
24969,-1289.93994140625,0.0,0.0,5.013782978057861,-1289.93994140625,-1286.0,63.46759796142578,-1400.5799560546875,-1391.0999755859375,-1374.0999755859375,-1339.5,-1286.0,-1236.0,-1211.0,-1202.5999755859375,-1184.8399658203125
24976,-1289.93994140625,0.0,0.0,5.0124688148498535,-1289.93994140625,-1286.0,63.46759796142578,-1400.5799560546875,-1391.0999755859375,-1374.0999755859375,-1339.5,-1286.0,-1236.0,-1211.0,-1202.5999755859375,-1184.8399658203125
24983,-1289.93994140625,0.0,0.0,5.01231050491333,-1289.93994140625,-1286.0,63.46759796142578,-1400.5799560546875,-1391.0999755859375,-1374.0999755859375,-1339.5,-1286.0,-1236.0,-1211.0,-1202.5999755859375,-1184.8399658203125
24990,-1289.93994140625,0.0,0.0,5.009587287902832,-1289.93994140625,-1286.0,63.46759796142578,-1400.5799560546875,-1391.0999755859375,-1374.0999755859375,-1339.5,-1286.0,-1236.0,-1211.0,-1202.5999755859375,-1184.8399658203125
24997,-1289.93994140625,0.0,0.0,5.006226062774658,-1289.93994140625,-1286.0,63.46759796142578,-1400.5799560546875,-1391.0999755859375,-1374.0999755859375,-1339.5,-1286.0,-1236.0,-1211.0,-1202.5999755859375,-1184.8399658203125
25004,-1289.93994140625,0.0,0.0,5.008347034454346,-1289.93994140625,-1286.0,63.46759796142578,-1400.5799560546875,-1391.0999755859375,-1374.0999755859375,-1339.5,-1286.0,-1236.0,-1211.0,-1202.5999755859375,-1184.8399658203125
25011,-1289.93994140625,0.0,0.0,5.0061516761779785,-1289.93994140625,-1286.0,63.46759796142578,-1400.5799560546875,-1391.0999755859375,-1374.0999755859375,-1339.5,-1286.0,-1236.0,-1211.0,-1202.5999755859375,-1184.8399658203125
25018,-1289.93994140625,0.0,0.0,5.006613254547119,-1289.93994140625,-1286.0,63.46759796142578,-1400.5799560546875,-1391.0999755859375,-1374.0999755859375,-1339.5,-1286.0,-1236.0,-1211.0,-1202.5999755859375,-1184.8399658203125
25025,-1289.9599609375,0.0,0.0,5.005482196807861,-1289.9599609375,-1286.0,63.45185852050781,-1400.5799560546875,-1391.0999755859375,-1374.0999755859375,-1339.5,-1286.0,-1236.0,-1211.0,-1202.5999755859375,-1184.8399658203125
25032,-1289.9599609375,0.0,0.0,5.00390625,-1289.9599609375,-1286.0,63.45185852050781,-1400.5799560546875,-1391.0999755859375,-1374.0999755859375,-1339.5,-1286.0,-1236.0,-1211.0,-1202.5999755859375,-1184.8399658203125
25039,-1289.9599609375,0.0,0.0,5.003796577453613,-1289.9599609375,-1286.0,63.45185852050781,-1400.5799560546875,-1391.0999755859375,-1374.0999755859375,-1339.5,-1286.0,-1236.0,-1211.0,-1202.5999755859375,-1184.8399658203125
25046,-1289.9599609375,0.0,0.0,5.003684997558594,-1289.9599609375,-1286.0,63.45185852050781,-1400.5799560546875,-1391.0999755859375,-1374.0999755859375,-1339.5,-1286.0,-1236.0,-1211.0,-1202.5999755859375,-1184.8399658203125
25053,-1289.9599609375,0.0,0.0,5.00247049331665,-1289.9599609375,-1286.0,63.45185852050781,-1400.5799560546875,-1391.0999755859375,-1374.0999755859375,-1339.5,-1286.0,-1236.0,-1211.0,-1202.5999755859375,-1184.8399658203125
25060,-1290.0,0.0,0.0,5.001770973205566,-1290.0,-1286.0,63.47519302368164,-1400.5799560546875,-1391.0999755859375,-1374.0999755859375,-1339.5,-1286.0,-1236.0,-1211.0,-1202.5999755859375,-1184.8399658203125
25067,-1290.0,0.0,0.0,5.003854751586914,-1290.0,-1286.0,63.47519302368164,-1400.5799560546875,-1391.0999755859375,-1374.0999755859375,-1339.5,-1286.0,-1236.0,-1211.0,-1202.5999755859375,-1184.8399658203125
25074,-1290.0,0.0,0.0,5.002416133880615,-1290.0,-1286.0,63.47519302368164,-1400.5799560546875,-1391.0999755859375,-1374.0999755859375,-1339.5,-1286.0,-1236.0,-1211.0,-1202.5999755859375,-1184.8399658203125
25081,-1290.0,0.0,0.0,5.000397682189941,-1290.0,-1286.0,63.47519302368164,-1400.5799560546875,-1391.0999755859375,-1374.0999755859375,-1339.5,-1286.0,-1236.0,-1211.0,-1202.5999755859375,-1184.8399658203125
25088,-1290.0,0.0,0.0,5.001047134399414,-1290.0,-1286.0,63.47519302368164,-1400.5799560546875,-1391.0999755859375,-1374.0999755859375,-1339.5,-1286.0,-1236.0,-1211.0,-1202.5999755859375,-1184.8399658203125
25095,-1290.0,0.0,0.0,4.9970316886901855,-1290.0,-1286.0,63.47519302368164,-1400.5799560546875,-1391.0999755859375,-1374.0999755859375,-1339.5,-1286.0,-1236.0,-1211.0,-1202.5999755859375,-1184.8399658203125
25102,-1290.0,0.0,0.0,4.993955612182617,-1290.0,-1286.0,63.47519302368164,-1400.5799560546875,-1391.0999755859375,-1374.0999755859375,-1339.5,-1286.0,-1236.0,-1211.0,-1202.5999755859375,-1184.8399658203125
25109,-1290.0,0.0,0.0,4.998341083526611,-1290.0,-1286.0,63.47519302368164,-1400.5799560546875,-1391.0999755859375,-1374.0999755859375,-1339.5,-1286.0,-1236.0,-1211.0,-1202.5999755859375,-1184.8399658203125
25116,-1290.0,0.0,0.0,4.992037296295166,-1290.0,-1286.0,63.47519302368164,-1400.5799560546875,-1391.0999755859375,-1374.0999755859375,-1339.5,-1286.0,-1236.0,-1211.0,-1202.5999755859375,-1184.8399658203125
25123,-1290.0,0.0,0.0,4.989368915557861,-1290.0,-1286.0,63.47519302368164,-1400.5799560546875,-1391.0999755859375,-1374.0999755859375,-1339.5,-1286.0,-1236.0,-1211.0,-1202.5999755859375,-1184.8399658203125
25130,-1290.0,0.0,0.0,4.98908805847168,-1290.0,-1286.0,63.47519302368164,-1400.5799560546875,-1391.0999755859375,-1374.0999755859375,-1339.5,-1286.0,-1236.0,-1211.0,-1202.5999755859375,-1184.8399658203125
25137,-1290.0,0.0,0.0,4.991274356842041,-1290.0,-1286.0,63.47519302368164,-1400.5799560546875,-1391.0999755859375,-1374.0999755859375,-1339.5,-1286.0,-1236.0,-1211.0,-1202.5999755859375,-1184.8399658203125
25144,-1290.0,0.0,0.0,4.9903998374938965,-1290.0,-1286.0,63.47519302368164,-1400.5799560546875,-1391.0999755859375,-1374.0999755859375,-1339.5,-1286.0,-1236.0,-1211.0,-1202.5999755859375,-1184.8399658203125
25151,-1290.0,0.0,0.0,4.988487243652344,-1290.0,-1286.0,63.47519302368164,-1400.5799560546875,-1391.0999755859375,-1374.0999755859375,-1339.5,-1286.0,-1236.0,-1211.0,-1202.5999755859375,-1184.8399658203125
25158,-1290.0,0.0,0.0,4.987302303314209,-1290.0,-1286.0,63.47519302368164,-1400.5799560546875,-1391.0999755859375,-1374.0999755859375,-1339.5,-1286.0,-1236.0,-1211.0,-1202.5999755859375,-1184.8399658203125
25165,-1290.0,0.0,0.0,4.981315612792969,-1290.0,-1286.0,63.47519302368164,-1400.5799560546875,-1391.0999755859375,-1374.0999755859375,-1339.5,-1286.0,-1236.0,-1211.0,-1202.5999755859375,-1184.8399658203125
25172,-1290.0,0.0,0.0,4.980618953704834,-1290.0,-1286.0,63.47519302368164,-1400.5799560546875,-1391.0999755859375,-1374.0999755859375,-1339.5,-1286.0,-1236.0,-1211.0,-1202.5999755859375,-1184.8399658203125
25179,-1290.0,0.0,0.0,4.981502532958984,-1290.0,-1286.0,63.47519302368164,-1400.5799560546875,-1391.0999755859375,-1374.0999755859375,-1339.5,-1286.0,-1236.0,-1211.0,-1202.5999755859375,-1184.8399658203125
25186,-1290.0,0.0,0.0,4.981619358062744,-1290.0,-1286.0,63.47519302368164,-1400.5799560546875,-1391.0999755859375,-1374.0999755859375,-1339.5,-1286.0,-1236.0,-1211.0,-1202.5999755859375,-1184.8399658203125
25193,-1290.02001953125,0.0,0.0,4.978225231170654,-1290.02001953125,-1286.0,63.49062728881836,-1400.5799560546875,-1391.0999755859375,-1374.0999755859375,-1341.0,-1286.0,-1236.0,-1211.0,-1202.5999755859375,-1184.8399658203125
25200,-1290.02001953125,0.0,0.0,4.981245517730713,-1290.02001953125,-1286.0,63.49062728881836,-1400.5799560546875,-1391.0999755859375,-1374.0999755859375,-1341.0,-1286.0,-1236.0,-1211.0,-1202.5999755859375,-1184.8399658203125
25207,-1290.02001953125,0.0,0.0,4.980832576751709,-1290.02001953125,-1286.0,63.49062728881836,-1400.5799560546875,-1391.0999755859375,-1374.0999755859375,-1341.0,-1286.0,-1236.0,-1211.0,-1202.5999755859375,-1184.8399658203125
25214,-1290.02001953125,0.0,0.0,4.976739883422852,-1290.02001953125,-1286.0,63.49062728881836,-1400.5799560546875,-1391.0999755859375,-1374.0999755859375,-1341.0,-1286.0,-1236.0,-1211.0,-1202.5999755859375,-1184.8399658203125
25221,-1290.0399169921875,0.0,0.0,4.972171306610107,-1290.0400390625,-1286.0,63.49440002441406,-1400.5799560546875,-1391.0999755859375,-1374.0999755859375,-1341.0,-1286.0,-1236.0,-1211.0,-1202.5999755859375,-1184.8399658203125
25228,-1290.0399169921875,0.0,0.0,4.969834327697754,-1290.0400390625,-1286.0,63.49440002441406,-1400.5799560546875,-1391.0999755859375,-1374.0999755859375,-1341.0,-1286.0,-1236.0,-1211.0,-1202.5999755859375,-1184.8399658203125
25235,-1290.0399169921875,0.0,0.0,4.968878746032715,-1290.0400390625,-1286.0,63.49440002441406,-1400.5799560546875,-1391.0999755859375,-1374.0999755859375,-1341.0,-1286.0,-1236.0,-1211.0,-1202.5999755859375,-1184.8399658203125
25242,-1290.0399169921875,0.0,0.0,4.969613552093506,-1290.0400390625,-1286.0,63.49440002441406,-1400.5799560546875,-1391.0999755859375,-1374.0999755859375,-1341.0,-1286.0,-1236.0,-1211.0,-1202.5999755859375,-1184.8399658203125
25249,-1290.0399169921875,0.0,0.0,4.969120979309082,-1290.0400390625,-1286.0,63.49440002441406,-1400.5799560546875,-1391.0999755859375,-1374.0999755859375,-1341.0,-1286.0,-1236.0,-1211.0,-1202.5999755859375,-1184.8399658203125
25256,-1290.0399169921875,0.0,0.0,4.965148448944092,-1290.0400390625,-1286.0,63.49440002441406,-1400.5799560546875,-1391.0999755859375,-1374.0999755859375,-1341.0,-1286.0,-1236.0,-1211.0,-1202.5999755859375,-1184.8399658203125
25263,-1290.0399169921875,0.0,0.0,4.96524715423584,-1290.0400390625,-1286.0,63.49440002441406,-1400.5799560546875,-1391.0999755859375,-1374.0999755859375,-1341.0,-1286.0,-1236.0,-1211.0,-1202.5999755859375,-1184.8399658203125
25270,-1290.0399169921875,0.0,0.0,4.969480037689209,-1290.0400390625,-1286.0,63.49440002441406,-1400.5799560546875,-1391.0999755859375,-1374.0999755859375,-1341.0,-1286.0,-1236.0,-1211.0,-1202.5999755859375,-1184.8399658203125
25277,-1290.0399169921875,0.0,0.0,4.973184108734131,-1290.0400390625,-1286.0,63.49440002441406,-1400.5799560546875,-1391.0999755859375,-1374.0999755859375,-1341.0,-1286.0,-1236.0,-1211.0,-1202.5999755859375,-1184.8399658203125
25284,-1290.0399169921875,0.0,0.0,4.967433929443359,-1290.0400390625,-1286.0,63.49440002441406,-1400.5799560546875,-1391.0999755859375,-1374.0999755859375,-1341.0,-1286.0,-1236.0,-1211.0,-1202.5999755859375,-1184.8399658203125
25291,-1290.0399169921875,0.0,0.0,4.970029830932617,-1290.0400390625,-1286.0,63.49440002441406,-1400.5799560546875,-1391.0999755859375,-1374.0999755859375,-1341.0,-1286.0,-1236.0,-1211.0,-1202.5999755859375,-1184.8399658203125
25298,-1290.0399169921875,0.0,0.0,4.967130184173584,-1290.0400390625,-1286.0,63.49440002441406,-1400.5799560546875,-1391.0999755859375,-1374.0999755859375,-1341.0,-1286.0,-1236.0,-1211.0,-1202.5999755859375,-1184.8399658203125
25305,-1290.0399169921875,0.0,0.0,4.9678239822387695,-1290.0400390625,-1286.0,63.49440002441406,-1400.5799560546875,-1391.0999755859375,-1374.0999755859375,-1341.0,-1286.0,-1236.0,-1211.0,-1202.5999755859375,-1184.8399658203125
25312,-1290.0399169921875,0.0,0.0,4.9709930419921875,-1290.0400390625,-1286.0,63.49440002441406,-1400.5799560546875,-1391.0999755859375,-1374.0999755859375,-1341.0,-1286.0,-1236.0,-1211.0,-1202.5999755859375,-1184.8399658203125
25319,-1290.0399169921875,0.0,0.0,4.967287540435791,-1290.0400390625,-1286.0,63.49440002441406,-1400.5799560546875,-1391.0999755859375,-1374.0999755859375,-1341.0,-1286.0,-1236.0,-1211.0,-1202.5999755859375,-1184.8399658203125
25326,-1290.0399169921875,0.0,0.0,4.964442253112793,-1290.0400390625,-1286.0,63.49440002441406,-1400.5799560546875,-1391.0999755859375,-1374.0999755859375,-1341.0,-1286.0,-1236.0,-1211.0,-1202.5999755859375,-1184.8399658203125
25333,-1290.0399169921875,0.0,0.0,4.9609808921813965,-1290.0400390625,-1286.0,63.49440002441406,-1400.5799560546875,-1391.0999755859375,-1374.0999755859375,-1341.0,-1286.0,-1236.0,-1211.0,-1202.5999755859375,-1184.8399658203125
25340,-1290.0399169921875,0.0,0.0,4.96068000793457,-1290.0400390625,-1286.0,63.49440002441406,-1400.5799560546875,-1391.0999755859375,-1374.0999755859375,-1341.0,-1286.0,-1236.0,-1211.0,-1202.5999755859375,-1184.8399658203125
25347,-1290.0399169921875,0.0,0.0,4.960726261138916,-1290.0400390625,-1286.0,63.49440002441406,-1400.5799560546875,-1391.0999755859375,-1374.0999755859375,-1341.0,-1286.0,-1236.0,-1211.0,-1202.5999755859375,-1184.8399658203125
25354,-1290.0399169921875,0.0,0.0,4.963169097900391,-1290.0400390625,-1286.0,63.49440002441406,-1400.5799560546875,-1391.0999755859375,-1374.0999755859375,-1341.0,-1286.0,-1236.0,-1211.0,-1202.5999755859375,-1184.8399658203125
25361,-1290.0399169921875,0.0,0.0,4.955895900726318,-1290.0400390625,-1286.0,63.49440002441406,-1400.5799560546875,-1391.0999755859375,-1374.0999755859375,-1341.0,-1286.0,-1236.0,-1211.0,-1202.5999755859375,-1184.8399658203125
25368,-1290.0399169921875,0.0,0.0,4.954763889312744,-1290.0400390625,-1286.0,63.49440002441406,-1400.5799560546875,-1391.0999755859375,-1374.0999755859375,-1341.0,-1286.0,-1236.0,-1211.0,-1202.5999755859375,-1184.8399658203125
25375,-1290.0399169921875,0.0,0.0,4.949726581573486,-1290.0400390625,-1286.0,63.49440002441406,-1400.5799560546875,-1391.0999755859375,-1374.0999755859375,-1341.0,-1286.0,-1236.0,-1211.0,-1202.5999755859375,-1184.8399658203125
25382,-1290.0399169921875,0.0,0.0,4.949970722198486,-1290.0400390625,-1286.0,63.49440002441406,-1400.5799560546875,-1391.0999755859375,-1374.0999755859375,-1341.0,-1286.0,-1236.0,-1211.0,-1202.5999755859375,-1184.8399658203125
25389,-1290.0399169921875,0.0,0.0,4.948853492736816,-1290.0400390625,-1286.0,63.49440002441406,-1400.5799560546875,-1391.0999755859375,-1374.0999755859375,-1341.0,-1286.0,-1236.0,-1211.0,-1202.5999755859375,-1184.8399658203125
25396,-1290.0399169921875,0.0,0.0,4.943181991577148,-1290.0400390625,-1286.0,63.49440002441406,-1400.5799560546875,-1391.0999755859375,-1374.0999755859375,-1341.0,-1286.0,-1236.0,-1211.0,-1202.5999755859375,-1184.8399658203125
25403,-1290.0399169921875,0.0,0.0,4.9341559410095215,-1290.0400390625,-1286.0,63.49440002441406,-1400.5799560546875,-1391.0999755859375,-1374.0999755859375,-1341.0,-1286.0,-1236.0,-1211.0,-1202.5999755859375,-1184.8399658203125
25410,-1290.0399169921875,0.0,0.0,4.929766654968262,-1290.0400390625,-1286.0,63.49440002441406,-1400.5799560546875,-1391.0999755859375,-1374.0999755859375,-1341.0,-1286.0,-1236.0,-1211.0,-1202.5999755859375,-1184.8399658203125
25417,-1290.0399169921875,0.0,0.0,4.925882339477539,-1290.0400390625,-1286.0,63.49440002441406,-1400.5799560546875,-1391.0999755859375,-1374.0999755859375,-1341.0,-1286.0,-1236.0,-1211.0,-1202.5999755859375,-1184.8399658203125
25424,-1290.0399169921875,0.0,0.0,4.9216437339782715,-1290.0400390625,-1286.0,63.49440002441406,-1400.5799560546875,-1391.0999755859375,-1374.0999755859375,-1341.0,-1286.0,-1236.0,-1211.0,-1202.5999755859375,-1184.8399658203125
25431,-1290.0399169921875,0.0,0.0,4.9204792976379395,-1290.0400390625,-1286.0,63.49440002441406,-1400.5799560546875,-1391.0999755859375,-1374.0999755859375,-1341.0,-1286.0,-1236.0,-1211.0,-1202.5999755859375,-1184.8399658203125
25438,-1290.0599365234375,0.0,0.0,4.923342227935791,-1290.06005859375,-1286.0,63.51264572143555,-1400.5799560546875,-1391.0999755859375,-1374.0999755859375,-1341.0,-1286.0,-1236.0,-1211.0,-1202.5999755859375,-1184.8399658203125
25445,-1290.0599365234375,0.0,0.0,4.921903133392334,-1290.06005859375,-1286.0,63.51264572143555,-1400.5799560546875,-1391.0999755859375,-1374.0999755859375,-1341.0,-1286.0,-1236.0,-1211.0,-1202.5999755859375,-1184.8399658203125
25452,-1290.0599365234375,0.0,0.0,4.9224982261657715,-1290.06005859375,-1286.0,63.51264572143555,-1400.5799560546875,-1391.0999755859375,-1374.0999755859375,-1341.0,-1286.0,-1236.0,-1211.0,-1202.5999755859375,-1184.8399658203125
25459,-1290.0599365234375,0.0,0.0,4.923481464385986,-1290.06005859375,-1286.0,63.51264572143555,-1400.5799560546875,-1391.0999755859375,-1374.0999755859375,-1341.0,-1286.0,-1236.0,-1211.0,-1202.5999755859375,-1184.8399658203125
25466,-1290.0599365234375,0.0,0.0,4.921926021575928,-1290.06005859375,-1286.0,63.51264572143555,-1400.5799560546875,-1391.0999755859375,-1374.0999755859375,-1341.0,-1286.0,-1236.0,-1211.0,-1202.5999755859375,-1184.8399658203125
25473,-1290.0599365234375,0.0,0.0,4.922959327697754,-1290.06005859375,-1286.0,63.51264572143555,-1400.5799560546875,-1391.0999755859375,-1374.0999755859375,-1341.0,-1286.0,-1236.0,-1211.0,-1202.5999755859375,-1184.8399658203125
25480,-1290.0599365234375,0.0,0.0,4.927066326141357,-1290.06005859375,-1286.0,63.51264572143555,-1400.5799560546875,-1391.0999755859375,-1374.0999755859375,-1341.0,-1286.0,-1236.0,-1211.0,-1202.5999755859375,-1184.8399658203125
25487,-1290.0599365234375,0.0,0.0,4.921383380889893,-1290.06005859375,-1286.0,63.51264572143555,-1400.5799560546875,-1391.0999755859375,-1374.0999755859375,-1341.0,-1286.0,-1236.0,-1211.0,-1202.5999755859375,-1184.8399658203125
25494,-1290.0599365234375,0.0,0.0,4.922746658325195,-1290.06005859375,-1286.0,63.51264572143555,-1400.5799560546875,-1391.0999755859375,-1374.0999755859375,-1341.0,-1286.0,-1236.0,-1211.0,-1202.5999755859375,-1184.8399658203125
25501,-1290.0599365234375,0.0,0.0,4.917067527770996,-1290.06005859375,-1286.0,63.51264572143555,-1400.5799560546875,-1391.0999755859375,-1374.0999755859375,-1341.0,-1286.0,-1236.0,-1211.0,-1202.5999755859375,-1184.8399658203125
25508,-1290.0599365234375,0.0,0.0,4.918089866638184,-1290.06005859375,-1286.0,63.51264572143555,-1400.5799560546875,-1391.0999755859375,-1374.0999755859375,-1341.0,-1286.0,-1236.0,-1211.0,-1202.5999755859375,-1184.8399658203125
25515,-1290.0599365234375,0.0,0.0,4.915150165557861,-1290.06005859375,-1286.0,63.51264572143555,-1400.5799560546875,-1391.0999755859375,-1374.0999755859375,-1341.0,-1286.0,-1236.0,-1211.0,-1202.5999755859375,-1184.8399658203125
25522,-1290.0599365234375,0.0,0.0,4.910028457641602,-1290.06005859375,-1286.0,63.51264572143555,-1400.5799560546875,-1391.0999755859375,-1374.0999755859375,-1341.0,-1286.0,-1236.0,-1211.0,-1202.5999755859375,-1184.8399658203125
25529,-1290.0599365234375,0.0,0.0,4.908899307250977,-1290.06005859375,-1286.0,63.51264572143555,-1400.5799560546875,-1391.0999755859375,-1374.0999755859375,-1341.0,-1286.0,-1236.0,-1211.0,-1202.5999755859375,-1184.8399658203125
25536,-1290.0599365234375,0.0,0.0,4.908392906188965,-1290.06005859375,-1286.0,63.51264572143555,-1400.5799560546875,-1391.0999755859375,-1374.0999755859375,-1341.0,-1286.0,-1236.0,-1211.0,-1202.5999755859375,-1184.8399658203125
25543,-1290.0599365234375,0.0,0.0,4.9031243324279785,-1290.06005859375,-1286.0,63.51264572143555,-1400.5799560546875,-1391.0999755859375,-1374.0999755859375,-1341.0,-1286.0,-1236.0,-1211.0,-1202.5999755859375,-1184.8399658203125
25550,-1290.0599365234375,0.0,0.0,4.9065446853637695,-1290.06005859375,-1286.0,63.51264572143555,-1400.5799560546875,-1391.0999755859375,-1374.0999755859375,-1341.0,-1286.0,-1236.0,-1211.0,-1202.5999755859375,-1184.8399658203125
25557,-1290.0599365234375,0.0,0.0,4.905697822570801,-1290.06005859375,-1286.0,63.51264572143555,-1400.5799560546875,-1391.0999755859375,-1374.0999755859375,-1341.0,-1286.0,-1236.0,-1211.0,-1202.5999755859375,-1184.8399658203125
25564,-1290.0599365234375,0.0,0.0,4.9002885818481445,-1290.06005859375,-1286.0,63.51264572143555,-1400.5799560546875,-1391.0999755859375,-1374.0999755859375,-1341.0,-1286.0,-1236.0,-1211.0,-1202.5999755859375,-1184.8399658203125
25571,-1290.0599365234375,0.0,0.0,4.897297382354736,-1290.06005859375,-1286.0,63.51264572143555,-1400.5799560546875,-1391.0999755859375,-1374.0999755859375,-1341.0,-1286.0,-1236.0,-1211.0,-1202.5999755859375,-1184.8399658203125
25578,-1290.0599365234375,0.0,0.0,4.896399021148682,-1290.06005859375,-1286.0,63.51264572143555,-1400.5799560546875,-1391.0999755859375,-1374.0999755859375,-1341.0,-1286.0,-1236.0,-1211.0,-1202.5999755859375,-1184.8399658203125
25585,-1290.0599365234375,0.0,0.0,4.894364356994629,-1290.06005859375,-1286.0,63.51264572143555,-1400.5799560546875,-1391.0999755859375,-1374.0999755859375,-1341.0,-1286.0,-1236.0,-1211.0,-1202.5999755859375,-1184.8399658203125
25592,-1290.0599365234375,0.0,0.0,4.891456604003906,-1290.06005859375,-1286.0,63.51264572143555,-1400.5799560546875,-1391.0999755859375,-1374.0999755859375,-1341.0,-1286.0,-1236.0,-1211.0,-1202.5999755859375,-1184.8399658203125
25599,-1290.0599365234375,0.0,0.0,4.884489059448242,-1290.06005859375,-1286.0,63.51264572143555,-1400.5799560546875,-1391.0999755859375,-1374.0999755859375,-1341.0,-1286.0,-1236.0,-1211.0,-1202.5999755859375,-1184.8399658203125
25606,-1290.0599365234375,0.0,0.0,4.8810529708862305,-1290.06005859375,-1286.0,63.51264572143555,-1400.5799560546875,-1391.0999755859375,-1374.0999755859375,-1341.0,-1286.0,-1236.0,-1211.0,-1202.5999755859375,-1184.8399658203125
25613,-1290.0599365234375,0.0,0.0,4.877413272857666,-1290.06005859375,-1286.0,63.51264572143555,-1400.5799560546875,-1391.0999755859375,-1374.0999755859375,-1341.0,-1286.0,-1236.0,-1211.0,-1202.5999755859375,-1184.8399658203125
25620,-1290.0599365234375,0.0,0.0,4.875584125518799,-1290.06005859375,-1286.0,63.51264572143555,-1400.5799560546875,-1391.0999755859375,-1374.0999755859375,-1341.0,-1286.0,-1236.0,-1211.0,-1202.5999755859375,-1184.8399658203125
25627,-1290.0599365234375,0.0,0.0,4.877193927764893,-1290.06005859375,-1286.0,63.51264572143555,-1400.5799560546875,-1391.0999755859375,-1374.0999755859375,-1341.0,-1286.0,-1236.0,-1211.0,-1202.5999755859375,-1184.8399658203125
25634,-1290.0599365234375,0.0,0.0,4.8758955001831055,-1290.06005859375,-1286.0,63.51264572143555,-1400.5799560546875,-1391.0999755859375,-1374.0999755859375,-1341.0,-1286.0,-1236.0,-1211.0,-1202.5999755859375,-1184.8399658203125
25641,-1290.0599365234375,0.0,0.0,4.8734893798828125,-1290.06005859375,-1286.0,63.51264572143555,-1400.5799560546875,-1391.0999755859375,-1374.0999755859375,-1341.0,-1286.0,-1236.0,-1211.0,-1202.5999755859375,-1184.8399658203125
25648,-1290.0599365234375,0.0,0.0,4.876098155975342,-1290.06005859375,-1286.0,63.51264572143555,-1400.5799560546875,-1391.0999755859375,-1374.0999755859375,-1341.0,-1286.0,-1236.0,-1211.0,-1202.5999755859375,-1184.8399658203125
25655,-1290.0599365234375,0.0,0.0,4.874902248382568,-1290.06005859375,-1286.0,63.51264572143555,-1400.5799560546875,-1391.0999755859375,-1374.0999755859375,-1341.0,-1286.0,-1236.0,-1211.0,-1202.5999755859375,-1184.8399658203125
25662,-1290.0599365234375,0.0,0.0,4.873212814331055,-1290.06005859375,-1286.0,63.51264572143555,-1400.5799560546875,-1391.0999755859375,-1374.0999755859375,-1341.0,-1286.0,-1236.0,-1211.0,-1202.5999755859375,-1184.8399658203125
25669,-1290.0599365234375,0.0,0.0,4.873832702636719,-1290.06005859375,-1286.0,63.51264572143555,-1400.5799560546875,-1391.0999755859375,-1374.0999755859375,-1341.0,-1286.0,-1236.0,-1211.0,-1202.5999755859375,-1184.8399658203125
25676,-1290.0599365234375,0.0,0.0,4.871890544891357,-1290.06005859375,-1286.0,63.51264572143555,-1400.5799560546875,-1391.0999755859375,-1374.0999755859375,-1341.0,-1286.0,-1236.0,-1211.0,-1202.5999755859375,-1184.8399658203125
25683,-1290.0599365234375,0.0,0.0,4.869720935821533,-1290.06005859375,-1286.0,63.51264572143555,-1400.5799560546875,-1391.0999755859375,-1374.0999755859375,-1341.0,-1286.0,-1236.0,-1211.0,-1202.5999755859375,-1184.8399658203125
25690,-1290.0599365234375,0.0,0.0,4.867611408233643,-1290.06005859375,-1286.0,63.51264572143555,-1400.5799560546875,-1391.0999755859375,-1374.0999755859375,-1341.0,-1286.0,-1236.0,-1211.0,-1202.5999755859375,-1184.8399658203125
25697,-1290.0599365234375,0.0,0.0,4.86451530456543,-1290.06005859375,-1286.0,63.51264572143555,-1400.5799560546875,-1391.0999755859375,-1374.0999755859375,-1341.0,-1286.0,-1236.0,-1211.0,-1202.5999755859375,-1184.8399658203125
25704,-1290.0599365234375,0.0,0.0,4.8599534034729,-1290.06005859375,-1286.0,63.51264572143555,-1400.5799560546875,-1391.0999755859375,-1374.0999755859375,-1341.0,-1286.0,-1236.0,-1211.0,-1202.5999755859375,-1184.8399658203125
25711,-1290.0599365234375,0.0,0.0,4.860280513763428,-1290.06005859375,-1286.0,63.51264572143555,-1400.5799560546875,-1391.0999755859375,-1374.0999755859375,-1341.0,-1286.0,-1236.0,-1211.0,-1202.5999755859375,-1184.8399658203125
25718,-1290.0599365234375,0.0,0.0,4.861059665679932,-1290.06005859375,-1286.0,63.51264572143555,-1400.5799560546875,-1391.0999755859375,-1374.0999755859375,-1341.0,-1286.0,-1236.0,-1211.0,-1202.5999755859375,-1184.8399658203125
25725,-1290.0599365234375,0.0,0.0,4.862332344055176,-1290.06005859375,-1286.0,63.51264572143555,-1400.5799560546875,-1391.0999755859375,-1374.0999755859375,-1341.0,-1286.0,-1236.0,-1211.0,-1202.5999755859375,-1184.8399658203125
25732,-1290.0599365234375,0.0,0.0,4.8649725914001465,-1290.06005859375,-1286.0,63.51264572143555,-1400.5799560546875,-1391.0999755859375,-1374.0999755859375,-1341.0,-1286.0,-1236.0,-1211.0,-1202.5999755859375,-1184.8399658203125
25739,-1290.0599365234375,0.0,0.0,4.859891891479492,-1290.06005859375,-1286.0,63.51264572143555,-1400.5799560546875,-1391.0999755859375,-1374.0999755859375,-1341.0,-1286.0,-1236.0,-1211.0,-1202.5999755859375,-1184.8399658203125
25746,-1290.0799560546875,0.0,0.0,4.859199047088623,-1290.0799560546875,-1286.0,63.510108947753906,-1400.5799560546875,-1391.0999755859375,-1374.0999755859375,-1341.0,-1286.0,-1236.0,-1211.0,-1202.5999755859375,-1184.8399658203125
25753,-1290.0799560546875,0.0,0.0,4.858560562133789,-1290.0799560546875,-1286.0,63.510108947753906,-1400.5799560546875,-1391.0999755859375,-1374.0999755859375,-1341.0,-1286.0,-1236.0,-1211.0,-1202.5999755859375,-1184.8399658203125
25760,-1290.0799560546875,0.0,0.0,4.856773376464844,-1290.0799560546875,-1286.0,63.510108947753906,-1400.5799560546875,-1391.0999755859375,-1374.0999755859375,-1341.0,-1286.0,-1236.0,-1211.0,-1202.5999755859375,-1184.8399658203125
25767,-1290.0999755859375,0.0,0.0,4.8610944747924805,-1290.0999755859375,-1286.0,63.49243927001953,-1400.5799560546875,-1391.0999755859375,-1374.0999755859375,-1341.0,-1286.0,-1236.5,-1211.0,-1202.5999755859375,-1184.8399658203125
25774,-1290.0999755859375,0.0,0.0,4.862771034240723,-1290.0999755859375,-1286.0,63.49243927001953,-1400.5799560546875,-1391.0999755859375,-1374.0999755859375,-1341.0,-1286.0,-1236.5,-1211.0,-1202.5999755859375,-1184.8399658203125
25781,-1290.0999755859375,0.0,0.0,4.860180854797363,-1290.0999755859375,-1286.0,63.49243927001953,-1400.5799560546875,-1391.0999755859375,-1374.0999755859375,-1341.0,-1286.0,-1236.5,-1211.0,-1202.5999755859375,-1184.8399658203125
25788,-1290.0999755859375,0.0,0.0,4.860482215881348,-1290.0999755859375,-1286.0,63.49243927001953,-1400.5799560546875,-1391.0999755859375,-1374.0999755859375,-1341.0,-1286.0,-1236.5,-1211.0,-1202.5999755859375,-1184.8399658203125
25795,-1290.0999755859375,0.0,0.0,4.8604536056518555,-1290.0999755859375,-1286.0,63.49243927001953,-1400.5799560546875,-1391.0999755859375,-1374.0999755859375,-1341.0,-1286.0,-1236.5,-1211.0,-1202.5999755859375,-1184.8399658203125
25802,-1290.0999755859375,0.0,0.0,4.860917091369629,-1290.0999755859375,-1286.0,63.49243927001953,-1400.5799560546875,-1391.0999755859375,-1374.0999755859375,-1341.0,-1286.0,-1236.5,-1211.0,-1202.5999755859375,-1184.8399658203125
25809,-1290.0999755859375,0.0,0.0,4.860485076904297,-1290.0999755859375,-1286.0,63.49243927001953,-1400.5799560546875,-1391.0999755859375,-1374.0999755859375,-1341.0,-1286.0,-1236.5,-1211.0,-1202.5999755859375,-1184.8399658203125
25816,-1290.0999755859375,0.0,0.0,4.862222671508789,-1290.0999755859375,-1286.0,63.49243927001953,-1400.5799560546875,-1391.0999755859375,-1374.0999755859375,-1341.0,-1286.0,-1236.5,-1211.0,-1202.5999755859375,-1184.8399658203125
25823,-1290.0999755859375,0.0,0.0,4.861255645751953,-1290.0999755859375,-1286.0,63.49243927001953,-1400.5799560546875,-1391.0999755859375,-1374.0999755859375,-1341.0,-1286.0,-1236.5,-1211.0,-1202.5999755859375,-1184.8399658203125
25830,-1290.0999755859375,0.0,0.0,4.8571906089782715,-1290.0999755859375,-1286.0,63.49243927001953,-1400.5799560546875,-1391.0999755859375,-1374.0999755859375,-1341.0,-1286.0,-1236.5,-1211.0,-1202.5999755859375,-1184.8399658203125
25837,-1290.0999755859375,0.0,0.0,4.857893466949463,-1290.0999755859375,-1286.0,63.49243927001953,-1400.5799560546875,-1391.0999755859375,-1374.0999755859375,-1341.0,-1286.0,-1236.5,-1211.0,-1202.5999755859375,-1184.8399658203125
25844,-1290.0999755859375,0.0,0.0,4.8574018478393555,-1290.0999755859375,-1286.0,63.49243927001953,-1400.5799560546875,-1391.0999755859375,-1374.0999755859375,-1341.0,-1286.0,-1236.5,-1211.0,-1202.5999755859375,-1184.8399658203125
25851,-1290.0999755859375,0.0,0.0,4.855215072631836,-1290.0999755859375,-1286.0,63.49243927001953,-1400.5799560546875,-1391.0999755859375,-1374.0999755859375,-1341.0,-1286.0,-1236.5,-1211.0,-1202.5999755859375,-1184.8399658203125
25858,-1290.0999755859375,0.0,0.0,4.853968143463135,-1290.0999755859375,-1286.0,63.49243927001953,-1400.5799560546875,-1391.0999755859375,-1374.0999755859375,-1341.0,-1286.0,-1236.5,-1211.0,-1202.5999755859375,-1184.8399658203125
25865,-1290.0999755859375,0.0,0.0,4.853330135345459,-1290.0999755859375,-1286.0,63.49243927001953,-1400.5799560546875,-1391.0999755859375,-1374.0999755859375,-1341.0,-1286.0,-1236.5,-1211.0,-1202.5999755859375,-1184.8399658203125
25872,-1290.0999755859375,0.0,0.0,4.8476362228393555,-1290.0999755859375,-1286.0,63.49243927001953,-1400.5799560546875,-1391.0999755859375,-1374.0999755859375,-1341.0,-1286.0,-1236.5,-1211.0,-1202.5999755859375,-1184.8399658203125
25879,-1290.0999755859375,0.0,0.0,4.84664249420166,-1290.0999755859375,-1286.0,63.49243927001953,-1400.5799560546875,-1391.0999755859375,-1374.0999755859375,-1341.0,-1286.0,-1236.5,-1211.0,-1202.5999755859375,-1184.8399658203125
25886,-1290.0999755859375,0.0,0.0,4.839601516723633,-1290.0999755859375,-1286.0,63.49243927001953,-1400.5799560546875,-1391.0999755859375,-1374.0999755859375,-1341.0,-1286.0,-1236.5,-1211.0,-1202.5999755859375,-1184.8399658203125
25893,-1290.0999755859375,0.0,0.0,4.83290958404541,-1290.0999755859375,-1286.0,63.49243927001953,-1400.5799560546875,-1391.0999755859375,-1374.0999755859375,-1341.0,-1286.0,-1236.5,-1211.0,-1202.5999755859375,-1184.8399658203125
25900,-1290.0999755859375,0.0,0.0,4.834528923034668,-1290.0999755859375,-1286.0,63.49243927001953,-1400.5799560546875,-1391.0999755859375,-1374.0999755859375,-1341.0,-1286.0,-1236.5,-1211.0,-1202.5999755859375,-1184.8399658203125
25907,-1290.0999755859375,0.0,0.0,4.836528301239014,-1290.0999755859375,-1286.0,63.49243927001953,-1400.5799560546875,-1391.0999755859375,-1374.0999755859375,-1341.0,-1286.0,-1236.5,-1211.0,-1202.5999755859375,-1184.8399658203125
25914,-1290.0999755859375,0.0,0.0,4.829452991485596,-1290.0999755859375,-1286.0,63.49243927001953,-1400.5799560546875,-1391.0999755859375,-1374.0999755859375,-1341.0,-1286.0,-1236.5,-1211.0,-1202.5999755859375,-1184.8399658203125
25921,-1290.0999755859375,0.0,0.0,4.828608512878418,-1290.0999755859375,-1286.0,63.49243927001953,-1400.5799560546875,-1391.0999755859375,-1374.0999755859375,-1341.0,-1286.0,-1236.5,-1211.0,-1202.5999755859375,-1184.8399658203125
25928,-1290.0999755859375,0.0,0.0,4.826815605163574,-1290.0999755859375,-1286.0,63.49243927001953,-1400.5799560546875,-1391.0999755859375,-1374.0999755859375,-1341.0,-1286.0,-1236.5,-1211.0,-1202.5999755859375,-1184.8399658203125
25935,-1290.0999755859375,0.0,0.0,4.823951721191406,-1290.0999755859375,-1286.0,63.49243927001953,-1400.5799560546875,-1391.0999755859375,-1374.0999755859375,-1341.0,-1286.0,-1236.5,-1211.0,-1202.5999755859375,-1184.8399658203125
25942,-1290.0999755859375,0.0,0.0,4.815249919891357,-1290.0999755859375,-1286.0,63.49243927001953,-1400.5799560546875,-1391.0999755859375,-1374.0999755859375,-1341.0,-1286.0,-1236.5,-1211.0,-1202.5999755859375,-1184.8399658203125
25949,-1290.0999755859375,0.0,0.0,4.810567855834961,-1290.0999755859375,-1286.0,63.49243927001953,-1400.5799560546875,-1391.0999755859375,-1374.0999755859375,-1341.0,-1286.0,-1236.5,-1211.0,-1202.5999755859375,-1184.8399658203125
25956,-1290.0999755859375,0.0,0.0,4.808701992034912,-1290.0999755859375,-1286.0,63.49243927001953,-1400.5799560546875,-1391.0999755859375,-1374.0999755859375,-1341.0,-1286.0,-1236.5,-1211.0,-1202.5999755859375,-1184.8399658203125
25963,-1290.0999755859375,0.0,0.0,4.810121536254883,-1290.0999755859375,-1286.0,63.49243927001953,-1400.5799560546875,-1391.0999755859375,-1374.0999755859375,-1341.0,-1286.0,-1236.5,-1211.0,-1202.5999755859375,-1184.8399658203125
25970,-1290.0999755859375,0.0,0.0,4.808990478515625,-1290.0999755859375,-1286.0,63.49243927001953,-1400.5799560546875,-1391.0999755859375,-1374.0999755859375,-1341.0,-1286.0,-1236.5,-1211.0,-1202.5999755859375,-1184.8399658203125
25977,-1290.0999755859375,0.0,0.0,4.8081865310668945,-1290.0999755859375,-1286.0,63.49243927001953,-1400.5799560546875,-1391.0999755859375,-1374.0999755859375,-1341.0,-1286.0,-1236.5,-1211.0,-1202.5999755859375,-1184.8399658203125
25984,-1290.0999755859375,0.0,0.0,4.808011531829834,-1290.0999755859375,-1286.0,63.49243927001953,-1400.5799560546875,-1391.0999755859375,-1374.0999755859375,-1341.0,-1286.0,-1236.5,-1211.0,-1202.5999755859375,-1184.8399658203125
25991,-1290.0999755859375,0.0,0.0,4.80983829498291,-1290.0999755859375,-1286.0,63.49243927001953,-1400.5799560546875,-1391.0999755859375,-1374.0999755859375,-1341.0,-1286.0,-1236.5,-1211.0,-1202.5999755859375,-1184.8399658203125
25998,-1290.0999755859375,0.0,0.0,4.807265281677246,-1290.0999755859375,-1286.0,63.49243927001953,-1400.5799560546875,-1391.0999755859375,-1374.0999755859375,-1341.0,-1286.0,-1236.5,-1211.0,-1202.5999755859375,-1184.8399658203125
26005,-1290.0999755859375,0.0,0.0,4.806750774383545,-1290.0999755859375,-1286.0,63.49243927001953,-1400.5799560546875,-1391.0999755859375,-1374.0999755859375,-1341.0,-1286.0,-1236.5,-1211.0,-1202.5999755859375,-1184.8399658203125
26012,-1290.0999755859375,0.0,0.0,4.809108257293701,-1290.0999755859375,-1286.0,63.49243927001953,-1400.5799560546875,-1391.0999755859375,-1374.0999755859375,-1341.0,-1286.0,-1236.5,-1211.0,-1202.5999755859375,-1184.8399658203125
26019,-1290.0999755859375,0.0,0.0,4.80311918258667,-1290.0999755859375,-1286.0,63.49243927001953,-1400.5799560546875,-1391.0999755859375,-1374.0999755859375,-1341.0,-1286.0,-1236.5,-1211.0,-1202.5999755859375,-1184.8399658203125
26026,-1290.0999755859375,0.0,0.0,4.797780513763428,-1290.0999755859375,-1286.0,63.49243927001953,-1400.5799560546875,-1391.0999755859375,-1374.0999755859375,-1341.0,-1286.0,-1236.5,-1211.0,-1202.5999755859375,-1184.8399658203125
26033,-1290.0999755859375,0.0,0.0,4.798312664031982,-1290.0999755859375,-1286.0,63.49243927001953,-1400.5799560546875,-1391.0999755859375,-1374.0999755859375,-1341.0,-1286.0,-1236.5,-1211.0,-1202.5999755859375,-1184.8399658203125
26040,-1290.0999755859375,0.0,0.0,4.800364971160889,-1290.0999755859375,-1286.0,63.49243927001953,-1400.5799560546875,-1391.0999755859375,-1374.0999755859375,-1341.0,-1286.0,-1236.5,-1211.0,-1202.5999755859375,-1184.8399658203125
26047,-1290.0999755859375,0.0,0.0,4.801543235778809,-1290.0999755859375,-1286.0,63.49243927001953,-1400.5799560546875,-1391.0999755859375,-1374.0999755859375,-1341.0,-1286.0,-1236.5,-1211.0,-1202.5999755859375,-1184.8399658203125
26054,-1290.0999755859375,0.0,0.0,4.803981781005859,-1290.0999755859375,-1286.0,63.49243927001953,-1400.5799560546875,-1391.0999755859375,-1374.0999755859375,-1341.0,-1286.0,-1236.5,-1211.0,-1202.5999755859375,-1184.8399658203125
26061,-1290.0999755859375,0.0,0.0,4.804152965545654,-1290.0999755859375,-1286.0,63.49243927001953,-1400.5799560546875,-1391.0999755859375,-1374.0999755859375,-1341.0,-1286.0,-1236.5,-1211.0,-1202.5999755859375,-1184.8399658203125
26068,-1290.0999755859375,0.0,0.0,4.805268287658691,-1290.0999755859375,-1286.0,63.49243927001953,-1400.5799560546875,-1391.0999755859375,-1374.0999755859375,-1341.0,-1286.0,-1236.5,-1211.0,-1202.5999755859375,-1184.8399658203125
26075,-1290.0999755859375,0.0,0.0,4.802976608276367,-1290.0999755859375,-1286.0,63.49243927001953,-1400.5799560546875,-1391.0999755859375,-1374.0999755859375,-1341.0,-1286.0,-1236.5,-1211.0,-1202.5999755859375,-1184.8399658203125
26082,-1290.0999755859375,0.0,0.0,4.800087928771973,-1290.0999755859375,-1286.0,63.49243927001953,-1400.5799560546875,-1391.0999755859375,-1374.0999755859375,-1341.0,-1286.0,-1236.5,-1211.0,-1202.5999755859375,-1184.8399658203125
26089,-1290.0999755859375,0.0,0.0,4.798605918884277,-1290.0999755859375,-1286.0,63.49243927001953,-1400.5799560546875,-1391.0999755859375,-1374.0999755859375,-1341.0,-1286.0,-1236.5,-1211.0,-1202.5999755859375,-1184.8399658203125
26096,-1290.0999755859375,0.0,0.0,4.796779155731201,-1290.0999755859375,-1286.0,63.49243927001953,-1400.5799560546875,-1391.0999755859375,-1374.0999755859375,-1341.0,-1286.0,-1236.5,-1211.0,-1202.5999755859375,-1184.8399658203125
26103,-1290.0999755859375,0.0,0.0,4.7974371910095215,-1290.0999755859375,-1286.0,63.49243927001953,-1400.5799560546875,-1391.0999755859375,-1374.0999755859375,-1341.0,-1286.0,-1236.5,-1211.0,-1202.5999755859375,-1184.8399658203125
26110,-1290.0999755859375,0.0,0.0,4.798867702484131,-1290.0999755859375,-1286.0,63.49243927001953,-1400.5799560546875,-1391.0999755859375,-1374.0999755859375,-1341.0,-1286.0,-1236.5,-1211.0,-1202.5999755859375,-1184.8399658203125
26117,-1290.0999755859375,0.0,0.0,4.796492576599121,-1290.0999755859375,-1286.0,63.49243927001953,-1400.5799560546875,-1391.0999755859375,-1374.0999755859375,-1341.0,-1286.0,-1236.5,-1211.0,-1202.5999755859375,-1184.8399658203125
26124,-1290.0999755859375,0.0,0.0,4.797336578369141,-1290.0999755859375,-1286.0,63.49243927001953,-1400.5799560546875,-1391.0999755859375,-1374.0999755859375,-1341.0,-1286.0,-1236.5,-1211.0,-1202.5999755859375,-1184.8399658203125
26131,-1290.0999755859375,0.0,0.0,4.796885967254639,-1290.0999755859375,-1286.0,63.49243927001953,-1400.5799560546875,-1391.0999755859375,-1374.0999755859375,-1341.0,-1286.0,-1236.5,-1211.0,-1202.5999755859375,-1184.8399658203125
26138,-1290.0999755859375,0.0,0.0,4.793622970581055,-1290.0999755859375,-1286.0,63.49243927001953,-1400.5799560546875,-1391.0999755859375,-1374.0999755859375,-1341.0,-1286.0,-1236.5,-1211.0,-1202.5999755859375,-1184.8399658203125
26145,-1290.0999755859375,0.0,0.0,4.79334831237793,-1290.0999755859375,-1286.0,63.49243927001953,-1400.5799560546875,-1391.0999755859375,-1374.0999755859375,-1341.0,-1286.0,-1236.5,-1211.0,-1202.5999755859375,-1184.8399658203125
26152,-1290.0999755859375,0.0,0.0,4.791146755218506,-1290.0999755859375,-1286.0,63.49243927001953,-1400.5799560546875,-1391.0999755859375,-1374.0999755859375,-1341.0,-1286.0,-1236.5,-1211.0,-1202.5999755859375,-1184.8399658203125
26159,-1290.0999755859375,0.0,0.0,4.788514614105225,-1290.0999755859375,-1286.0,63.49243927001953,-1400.5799560546875,-1391.0999755859375,-1374.0999755859375,-1341.0,-1286.0,-1236.5,-1211.0,-1202.5999755859375,-1184.8399658203125
26166,-1290.0999755859375,0.0,0.0,4.785452365875244,-1290.0999755859375,-1286.0,63.49243927001953,-1400.5799560546875,-1391.0999755859375,-1374.0999755859375,-1341.0,-1286.0,-1236.5,-1211.0,-1202.5999755859375,-1184.8399658203125
26173,-1290.0999755859375,0.0,0.0,4.788971424102783,-1290.0999755859375,-1286.0,63.49243927001953,-1400.5799560546875,-1391.0999755859375,-1374.0999755859375,-1341.0,-1286.0,-1236.5,-1211.0,-1202.5999755859375,-1184.8399658203125
26180,-1290.0999755859375,0.0,0.0,4.789067268371582,-1290.0999755859375,-1286.0,63.49243927001953,-1400.5799560546875,-1391.0999755859375,-1374.0999755859375,-1341.0,-1286.0,-1236.5,-1211.0,-1202.5999755859375,-1184.8399658203125
26187,-1290.0999755859375,0.0,0.0,4.7896528244018555,-1290.0999755859375,-1286.0,63.49243927001953,-1400.5799560546875,-1391.0999755859375,-1374.0999755859375,-1341.0,-1286.0,-1236.5,-1211.0,-1202.5999755859375,-1184.8399658203125
26194,-1290.0999755859375,0.0,0.0,4.786840438842773,-1290.0999755859375,-1286.0,63.49243927001953,-1400.5799560546875,-1391.0999755859375,-1374.0999755859375,-1341.0,-1286.0,-1236.5,-1211.0,-1202.5999755859375,-1184.8399658203125
26201,-1290.0999755859375,0.0,0.0,4.783273220062256,-1290.0999755859375,-1286.0,63.49243927001953,-1400.5799560546875,-1391.0999755859375,-1374.0999755859375,-1341.0,-1286.0,-1236.5,-1211.0,-1202.5999755859375,-1184.8399658203125
26208,-1290.0999755859375,0.0,0.0,4.781911373138428,-1290.0999755859375,-1286.0,63.49243927001953,-1400.5799560546875,-1391.0999755859375,-1374.0999755859375,-1341.0,-1286.0,-1236.5,-1211.0,-1202.5999755859375,-1184.8399658203125
26215,-1290.0999755859375,0.0,0.0,4.78113317489624,-1290.0999755859375,-1286.0,63.49243927001953,-1400.5799560546875,-1391.0999755859375,-1374.0999755859375,-1341.0,-1286.0,-1236.5,-1211.0,-1202.5999755859375,-1184.8399658203125
26222,-1290.0999755859375,0.0,0.0,4.781254291534424,-1290.0999755859375,-1286.0,63.49243927001953,-1400.5799560546875,-1391.0999755859375,-1374.0999755859375,-1341.0,-1286.0,-1236.5,-1211.0,-1202.5999755859375,-1184.8399658203125
26229,-1290.0999755859375,0.0,0.0,4.781325340270996,-1290.0999755859375,-1286.0,63.49243927001953,-1400.5799560546875,-1391.0999755859375,-1374.0999755859375,-1341.0,-1286.0,-1236.5,-1211.0,-1202.5999755859375,-1184.8399658203125
26236,-1290.0999755859375,0.0,0.0,4.782020092010498,-1290.0999755859375,-1286.0,63.49243927001953,-1400.5799560546875,-1391.0999755859375,-1374.0999755859375,-1341.0,-1286.0,-1236.5,-1211.0,-1202.5999755859375,-1184.8399658203125
26243,-1290.1199951171875,0.0,0.0,4.7792158126831055,-1290.1199951171875,-1286.0,63.49177551269531,-1400.5799560546875,-1391.0999755859375,-1374.0999755859375,-1341.0,-1286.0,-1236.5,-1211.0,-1202.5999755859375,-1184.8399658203125
26250,-1290.1199951171875,0.0,0.0,4.777344703674316,-1290.1199951171875,-1286.0,63.49177551269531,-1400.5799560546875,-1391.0999755859375,-1374.0999755859375,-1341.0,-1286.0,-1236.5,-1211.0,-1202.5999755859375,-1184.8399658203125
26257,-1290.1199951171875,0.0,0.0,4.776162624359131,-1290.1199951171875,-1286.0,63.49177551269531,-1400.5799560546875,-1391.0999755859375,-1374.0999755859375,-1341.0,-1286.0,-1236.5,-1211.0,-1202.5999755859375,-1184.8399658203125
26264,-1290.1199951171875,0.0,0.0,4.776259422302246,-1290.1199951171875,-1286.0,63.49177551269531,-1400.5799560546875,-1391.0999755859375,-1374.0999755859375,-1341.0,-1286.0,-1236.5,-1211.0,-1202.5999755859375,-1184.8399658203125
26271,-1290.1199951171875,0.0,0.0,4.775135517120361,-1290.1199951171875,-1286.0,63.49177551269531,-1400.5799560546875,-1391.0999755859375,-1374.0999755859375,-1341.0,-1286.0,-1236.5,-1211.0,-1202.5999755859375,-1184.8399658203125
26278,-1290.1199951171875,0.0,0.0,4.774369239807129,-1290.1199951171875,-1286.0,63.49177551269531,-1400.5799560546875,-1391.0999755859375,-1374.0999755859375,-1341.0,-1286.0,-1236.5,-1211.0,-1202.5999755859375,-1184.8399658203125
26285,-1290.1199951171875,0.0,0.0,4.7714643478393555,-1290.1199951171875,-1286.0,63.49177551269531,-1400.5799560546875,-1391.0999755859375,-1374.0999755859375,-1341.0,-1286.0,-1236.5,-1211.0,-1202.5999755859375,-1184.8399658203125
26292,-1290.1400146484375,0.0,0.0,4.77425479888916,-1290.1400146484375,-1286.0,63.50433349609375,-1400.5799560546875,-1391.0999755859375,-1374.0999755859375,-1341.0,-1286.0,-1236.5,-1211.0,-1202.5999755859375,-1184.8399658203125
26299,-1290.1400146484375,0.0,0.0,4.7716193199157715,-1290.1400146484375,-1286.0,63.50433349609375,-1400.5799560546875,-1391.0999755859375,-1374.0999755859375,-1341.0,-1286.0,-1236.5,-1211.0,-1202.5999755859375,-1184.8399658203125
26306,-1290.1400146484375,0.0,0.0,4.773985385894775,-1290.1400146484375,-1286.0,63.50433349609375,-1400.5799560546875,-1391.0999755859375,-1374.0999755859375,-1341.0,-1286.0,-1236.5,-1211.0,-1202.5999755859375,-1184.8399658203125
26313,-1290.1400146484375,0.0,0.0,4.771610736846924,-1290.1400146484375,-1286.0,63.50433349609375,-1400.5799560546875,-1391.0999755859375,-1374.0999755859375,-1341.0,-1286.0,-1236.5,-1211.0,-1202.5999755859375,-1184.8399658203125
26320,-1290.1400146484375,0.0,0.0,4.77150821685791,-1290.1400146484375,-1286.0,63.50433349609375,-1400.5799560546875,-1391.0999755859375,-1374.0999755859375,-1341.0,-1286.0,-1236.5,-1211.0,-1202.5999755859375,-1184.8399658203125
26327,-1290.1400146484375,0.0,0.0,4.772483825683594,-1290.1400146484375,-1286.0,63.50433349609375,-1400.5799560546875,-1391.0999755859375,-1374.0999755859375,-1341.0,-1286.0,-1236.5,-1211.0,-1202.5999755859375,-1184.8399658203125
26334,-1290.1400146484375,0.0,0.0,4.772279262542725,-1290.1400146484375,-1286.0,63.50433349609375,-1400.5799560546875,-1391.0999755859375,-1374.0999755859375,-1341.0,-1286.0,-1236.5,-1211.0,-1202.5999755859375,-1184.8399658203125
26341,-1290.1400146484375,0.0,0.0,4.771962642669678,-1290.1400146484375,-1286.0,63.50433349609375,-1400.5799560546875,-1391.0999755859375,-1374.0999755859375,-1341.0,-1286.0,-1236.5,-1211.0,-1202.5999755859375,-1184.8399658203125
26348,-1290.1400146484375,0.0,0.0,4.77642822265625,-1290.1400146484375,-1286.0,63.50433349609375,-1400.5799560546875,-1391.0999755859375,-1374.0999755859375,-1341.0,-1286.0,-1236.5,-1211.0,-1202.5999755859375,-1184.8399658203125
26355,-1290.159912109375,0.0,0.0,4.778041362762451,-1290.1600341796875,-1286.0,63.517513275146484,-1400.5799560546875,-1391.0999755859375,-1374.0999755859375,-1341.0,-1286.0,-1236.5,-1211.0,-1202.5999755859375,-1184.8399658203125
26362,-1290.159912109375,0.0,0.0,4.779776096343994,-1290.1600341796875,-1286.0,63.517513275146484,-1400.5799560546875,-1391.0999755859375,-1374.0999755859375,-1341.0,-1286.0,-1236.5,-1211.0,-1202.5999755859375,-1184.8399658203125
26369,-1290.159912109375,0.0,0.0,4.78243350982666,-1290.1600341796875,-1286.0,63.517513275146484,-1400.5799560546875,-1391.0999755859375,-1374.0999755859375,-1341.0,-1286.0,-1236.5,-1211.0,-1202.5999755859375,-1184.8399658203125
26376,-1290.159912109375,0.0,0.0,4.775493144989014,-1290.1600341796875,-1286.0,63.517513275146484,-1400.5799560546875,-1391.0999755859375,-1374.0999755859375,-1341.0,-1286.0,-1236.5,-1211.0,-1202.5999755859375,-1184.8399658203125
26383,-1290.159912109375,0.0,0.0,4.777895450592041,-1290.1600341796875,-1286.0,63.517513275146484,-1400.5799560546875,-1391.0999755859375,-1374.0999755859375,-1341.0,-1286.0,-1236.5,-1211.0,-1202.5999755859375,-1184.8399658203125
26390,-1290.159912109375,0.0,0.0,4.772239685058594,-1290.1600341796875,-1286.0,63.517513275146484,-1400.5799560546875,-1391.0999755859375,-1374.0999755859375,-1341.0,-1286.0,-1236.5,-1211.0,-1202.5999755859375,-1184.8399658203125
26397,-1290.159912109375,0.0,0.0,4.773560523986816,-1290.1600341796875,-1286.0,63.517513275146484,-1400.5799560546875,-1391.0999755859375,-1374.0999755859375,-1341.0,-1286.0,-1236.5,-1211.0,-1202.5999755859375,-1184.8399658203125
26404,-1290.159912109375,0.0,0.0,4.7723212242126465,-1290.1600341796875,-1286.0,63.517513275146484,-1400.5799560546875,-1391.0999755859375,-1374.0999755859375,-1341.0,-1286.0,-1236.5,-1211.0,-1202.5999755859375,-1184.8399658203125
26411,-1290.159912109375,0.0,0.0,4.771557331085205,-1290.1600341796875,-1286.0,63.517513275146484,-1400.5799560546875,-1391.0999755859375,-1374.0999755859375,-1341.0,-1286.0,-1236.5,-1211.0,-1202.5999755859375,-1184.8399658203125
26418,-1290.159912109375,0.0,0.0,4.764976501464844,-1290.1600341796875,-1286.0,63.517513275146484,-1400.5799560546875,-1391.0999755859375,-1374.0999755859375,-1341.0,-1286.0,-1236.5,-1211.0,-1202.5999755859375,-1184.8399658203125
26425,-1290.159912109375,0.0,0.0,4.766320705413818,-1290.1600341796875,-1286.0,63.517513275146484,-1400.5799560546875,-1391.0999755859375,-1374.0999755859375,-1341.0,-1286.0,-1236.5,-1211.0,-1202.5999755859375,-1184.8399658203125
26432,-1290.159912109375,0.0,0.0,4.76062536239624,-1290.1600341796875,-1286.0,63.517513275146484,-1400.5799560546875,-1391.0999755859375,-1374.0999755859375,-1341.0,-1286.0,-1236.5,-1211.0,-1202.5999755859375,-1184.8399658203125
26439,-1290.159912109375,0.0,0.0,4.75706672668457,-1290.1600341796875,-1286.0,63.517513275146484,-1400.5799560546875,-1391.0999755859375,-1374.0999755859375,-1341.0,-1286.0,-1236.5,-1211.0,-1202.5999755859375,-1184.8399658203125
26446,-1290.159912109375,0.0,0.0,4.750648498535156,-1290.1600341796875,-1286.0,63.517513275146484,-1400.5799560546875,-1391.0999755859375,-1374.0999755859375,-1341.0,-1286.0,-1236.5,-1211.0,-1202.5999755859375,-1184.8399658203125
26453,-1290.159912109375,0.0,0.0,4.751320838928223,-1290.1600341796875,-1286.0,63.517513275146484,-1400.5799560546875,-1391.0999755859375,-1374.0999755859375,-1341.0,-1286.0,-1236.5,-1211.0,-1202.5999755859375,-1184.8399658203125
26460,-1290.159912109375,0.0,0.0,4.7516093254089355,-1290.1600341796875,-1286.0,63.517513275146484,-1400.5799560546875,-1391.0999755859375,-1374.0999755859375,-1341.0,-1286.0,-1236.5,-1211.0,-1202.5999755859375,-1184.8399658203125
26467,-1290.159912109375,0.0,0.0,4.749455451965332,-1290.1600341796875,-1286.0,63.517513275146484,-1400.5799560546875,-1391.0999755859375,-1374.0999755859375,-1341.0,-1286.0,-1236.5,-1211.0,-1202.5999755859375,-1184.8399658203125
26474,-1290.159912109375,0.0,0.0,4.745275020599365,-1290.1600341796875,-1286.0,63.517513275146484,-1400.5799560546875,-1391.0999755859375,-1374.0999755859375,-1341.0,-1286.0,-1236.5,-1211.0,-1202.5999755859375,-1184.8399658203125
26481,-1290.159912109375,0.0,0.0,4.740804195404053,-1290.1600341796875,-1286.0,63.517513275146484,-1400.5799560546875,-1391.0999755859375,-1374.0999755859375,-1341.0,-1286.0,-1236.5,-1211.0,-1202.5999755859375,-1184.8399658203125
26488,-1290.159912109375,0.0,0.0,4.738801002502441,-1290.1600341796875,-1286.0,63.517513275146484,-1400.5799560546875,-1391.0999755859375,-1374.0999755859375,-1341.0,-1286.0,-1236.5,-1211.0,-1202.5999755859375,-1184.8399658203125
26495,-1290.159912109375,0.0,0.0,4.744720458984375,-1290.1600341796875,-1286.0,63.517513275146484,-1400.5799560546875,-1391.0999755859375,-1374.0999755859375,-1341.0,-1286.0,-1236.5,-1211.0,-1202.5999755859375,-1184.8399658203125
26502,-1290.159912109375,0.0,0.0,4.746858596801758,-1290.1600341796875,-1286.0,63.517513275146484,-1400.5799560546875,-1391.0999755859375,-1374.0999755859375,-1341.0,-1286.0,-1236.5,-1211.0,-1202.5999755859375,-1184.8399658203125
26509,-1290.159912109375,0.0,0.0,4.748999118804932,-1290.1600341796875,-1286.0,63.517513275146484,-1400.5799560546875,-1391.0999755859375,-1374.0999755859375,-1341.0,-1286.0,-1236.5,-1211.0,-1202.5999755859375,-1184.8399658203125
26516,-1290.159912109375,0.0,0.0,4.746427536010742,-1290.1600341796875,-1286.0,63.517513275146484,-1400.5799560546875,-1391.0999755859375,-1374.0999755859375,-1341.0,-1286.0,-1236.5,-1211.0,-1202.5999755859375,-1184.8399658203125
26523,-1290.159912109375,0.0,0.0,4.744437217712402,-1290.1600341796875,-1286.0,63.517513275146484,-1400.5799560546875,-1391.0999755859375,-1374.0999755859375,-1341.0,-1286.0,-1236.5,-1211.0,-1202.5999755859375,-1184.8399658203125
26530,-1290.159912109375,0.0,0.0,4.7431488037109375,-1290.1600341796875,-1286.0,63.517513275146484,-1400.5799560546875,-1391.0999755859375,-1374.0999755859375,-1341.0,-1286.0,-1236.5,-1211.0,-1202.5999755859375,-1184.8399658203125
26537,-1290.159912109375,0.0,0.0,4.739221572875977,-1290.1600341796875,-1286.0,63.517513275146484,-1400.5799560546875,-1391.0999755859375,-1374.0999755859375,-1341.0,-1286.0,-1236.5,-1211.0,-1202.5999755859375,-1184.8399658203125
26544,-1290.159912109375,0.0,0.0,4.7353692054748535,-1290.1600341796875,-1286.0,63.517513275146484,-1400.5799560546875,-1391.0999755859375,-1374.0999755859375,-1341.0,-1286.0,-1236.5,-1211.0,-1202.5999755859375,-1184.8399658203125
26551,-1290.159912109375,0.0,0.0,4.72736930847168,-1290.1600341796875,-1286.0,63.517513275146484,-1400.5799560546875,-1391.0999755859375,-1374.0999755859375,-1341.0,-1286.0,-1236.5,-1211.0,-1202.5999755859375,-1184.8399658203125
26558,-1290.159912109375,0.0,0.0,4.726329326629639,-1290.1600341796875,-1286.0,63.517513275146484,-1400.5799560546875,-1391.0999755859375,-1374.0999755859375,-1341.0,-1286.0,-1236.5,-1211.0,-1202.5999755859375,-1184.8399658203125
26565,-1290.159912109375,0.0,0.0,4.7285919189453125,-1290.1600341796875,-1286.0,63.517513275146484,-1400.5799560546875,-1391.0999755859375,-1374.0999755859375,-1341.0,-1286.0,-1236.5,-1211.0,-1202.5999755859375,-1184.8399658203125
26572,-1290.159912109375,0.0,0.0,4.727501392364502,-1290.1600341796875,-1286.0,63.517513275146484,-1400.5799560546875,-1391.0999755859375,-1374.0999755859375,-1341.0,-1286.0,-1236.5,-1211.0,-1202.5999755859375,-1184.8399658203125
26579,-1290.159912109375,0.0,0.0,4.727967739105225,-1290.1600341796875,-1286.0,63.517513275146484,-1400.5799560546875,-1391.0999755859375,-1374.0999755859375,-1341.0,-1286.0,-1236.5,-1211.0,-1202.5999755859375,-1184.8399658203125
26586,-1290.159912109375,0.0,0.0,4.726948261260986,-1290.1600341796875,-1286.0,63.517513275146484,-1400.5799560546875,-1391.0999755859375,-1374.0999755859375,-1341.0,-1286.0,-1236.5,-1211.0,-1202.5999755859375,-1184.8399658203125
26593,-1290.159912109375,0.0,0.0,4.723742485046387,-1290.1600341796875,-1286.0,63.517513275146484,-1400.5799560546875,-1391.0999755859375,-1374.0999755859375,-1341.0,-1286.0,-1236.5,-1211.0,-1202.5999755859375,-1184.8399658203125
26600,-1290.159912109375,0.0,0.0,4.722236156463623,-1290.1600341796875,-1286.0,63.517513275146484,-1400.5799560546875,-1391.0999755859375,-1374.0999755859375,-1341.0,-1286.0,-1236.5,-1211.0,-1202.5999755859375,-1184.8399658203125
26607,-1290.159912109375,0.0,0.0,4.711297035217285,-1290.1600341796875,-1286.0,63.517513275146484,-1400.5799560546875,-1391.0999755859375,-1374.0999755859375,-1341.0,-1286.0,-1236.5,-1211.0,-1202.5999755859375,-1184.8399658203125
26614,-1290.159912109375,0.0,0.0,4.706912517547607,-1290.1600341796875,-1286.0,63.517513275146484,-1400.5799560546875,-1391.0999755859375,-1374.0999755859375,-1341.0,-1286.0,-1236.5,-1211.0,-1202.5999755859375,-1184.8399658203125
26621,-1290.159912109375,0.0,0.0,4.709529876708984,-1290.1600341796875,-1286.0,63.517513275146484,-1400.5799560546875,-1391.0999755859375,-1374.0999755859375,-1341.0,-1286.0,-1236.5,-1211.0,-1202.5999755859375,-1184.8399658203125
26628,-1290.159912109375,0.0,0.0,4.7115397453308105,-1290.1600341796875,-1286.0,63.517513275146484,-1400.5799560546875,-1391.0999755859375,-1374.0999755859375,-1341.0,-1286.0,-1236.5,-1211.0,-1202.5999755859375,-1184.8399658203125
26635,-1290.159912109375,0.0,0.0,4.71245002746582,-1290.1600341796875,-1286.0,63.517513275146484,-1400.5799560546875,-1391.0999755859375,-1374.0999755859375,-1341.0,-1286.0,-1236.5,-1211.0,-1202.5999755859375,-1184.8399658203125
26642,-1290.159912109375,0.0,0.0,4.712153911590576,-1290.1600341796875,-1286.0,63.517513275146484,-1400.5799560546875,-1391.0999755859375,-1374.0999755859375,-1341.0,-1286.0,-1236.5,-1211.0,-1202.5999755859375,-1184.8399658203125
26649,-1290.159912109375,0.0,0.0,4.708274841308594,-1290.1600341796875,-1286.0,63.517513275146484,-1400.5799560546875,-1391.0999755859375,-1374.0999755859375,-1341.0,-1286.0,-1236.5,-1211.0,-1202.5999755859375,-1184.8399658203125
26656,-1290.159912109375,0.0,0.0,4.70280122756958,-1290.1600341796875,-1286.0,63.517513275146484,-1400.5799560546875,-1391.0999755859375,-1374.0999755859375,-1341.0,-1286.0,-1236.5,-1211.0,-1202.5999755859375,-1184.8399658203125
26663,-1290.159912109375,0.0,0.0,4.700584411621094,-1290.1600341796875,-1286.0,63.517513275146484,-1400.5799560546875,-1391.0999755859375,-1374.0999755859375,-1341.0,-1286.0,-1236.5,-1211.0,-1202.5999755859375,-1184.8399658203125
26670,-1290.159912109375,0.0,0.0,4.701454162597656,-1290.1600341796875,-1286.0,63.517513275146484,-1400.5799560546875,-1391.0999755859375,-1374.0999755859375,-1341.0,-1286.0,-1236.5,-1211.0,-1202.5999755859375,-1184.8399658203125
26677,-1290.159912109375,0.0,0.0,4.702333450317383,-1290.1600341796875,-1286.0,63.517513275146484,-1400.5799560546875,-1391.0999755859375,-1374.0999755859375,-1341.0,-1286.0,-1236.5,-1211.0,-1202.5999755859375,-1184.8399658203125
26684,-1290.159912109375,0.0,0.0,4.698240756988525,-1290.1600341796875,-1286.0,63.517513275146484,-1400.5799560546875,-1391.0999755859375,-1374.0999755859375,-1341.0,-1286.0,-1236.5,-1211.0,-1202.5999755859375,-1184.8399658203125
26691,-1290.159912109375,0.0,0.0,4.69974422454834,-1290.1600341796875,-1286.0,63.517513275146484,-1400.5799560546875,-1391.0999755859375,-1374.0999755859375,-1341.0,-1286.0,-1236.5,-1211.0,-1202.5999755859375,-1184.8399658203125
26698,-1290.159912109375,0.0,0.0,4.696447849273682,-1290.1600341796875,-1286.0,63.517513275146484,-1400.5799560546875,-1391.0999755859375,-1374.0999755859375,-1341.0,-1286.0,-1236.5,-1211.0,-1202.5999755859375,-1184.8399658203125
26705,-1290.159912109375,0.0,0.0,4.700416088104248,-1290.1600341796875,-1286.0,63.517513275146484,-1400.5799560546875,-1391.0999755859375,-1374.0999755859375,-1341.0,-1286.0,-1236.5,-1211.0,-1202.5999755859375,-1184.8399658203125
26712,-1290.159912109375,0.0,0.0,4.697915077209473,-1290.1600341796875,-1286.0,63.517513275146484,-1400.5799560546875,-1391.0999755859375,-1374.0999755859375,-1341.0,-1286.0,-1236.5,-1211.0,-1202.5999755859375,-1184.8399658203125
26719,-1290.159912109375,0.0,0.0,4.6974287033081055,-1290.1600341796875,-1286.0,63.517513275146484,-1400.5799560546875,-1391.0999755859375,-1374.0999755859375,-1341.0,-1286.0,-1236.5,-1211.0,-1202.5999755859375,-1184.8399658203125
26726,-1290.159912109375,0.0,0.0,4.69404935836792,-1290.1600341796875,-1286.0,63.517513275146484,-1400.5799560546875,-1391.0999755859375,-1374.0999755859375,-1341.0,-1286.0,-1236.5,-1211.0,-1202.5999755859375,-1184.8399658203125
26733,-1290.159912109375,0.0,0.0,4.688810348510742,-1290.1600341796875,-1286.0,63.517513275146484,-1400.5799560546875,-1391.0999755859375,-1374.0999755859375,-1341.0,-1286.0,-1236.5,-1211.0,-1202.5999755859375,-1184.8399658203125
26740,-1290.159912109375,0.0,0.0,4.689772129058838,-1290.1600341796875,-1286.0,63.517513275146484,-1400.5799560546875,-1391.0999755859375,-1374.0999755859375,-1341.0,-1286.0,-1236.5,-1211.0,-1202.5999755859375,-1184.8399658203125
26747,-1290.159912109375,0.0,0.0,4.69055700302124,-1290.1600341796875,-1286.0,63.517513275146484,-1400.5799560546875,-1391.0999755859375,-1374.0999755859375,-1341.0,-1286.0,-1236.5,-1211.0,-1202.5999755859375,-1184.8399658203125
26754,-1290.159912109375,0.0,0.0,4.690084934234619,-1290.1600341796875,-1286.0,63.517513275146484,-1400.5799560546875,-1391.0999755859375,-1374.0999755859375,-1341.0,-1286.0,-1236.5,-1211.0,-1202.5999755859375,-1184.8399658203125
26761,-1290.159912109375,0.0,0.0,4.6865458488464355,-1290.1600341796875,-1286.0,63.517513275146484,-1400.5799560546875,-1391.0999755859375,-1374.0999755859375,-1341.0,-1286.0,-1236.5,-1211.0,-1202.5999755859375,-1184.8399658203125
26768,-1290.159912109375,0.0,0.0,4.6921257972717285,-1290.1600341796875,-1286.0,63.517513275146484,-1400.5799560546875,-1391.0999755859375,-1374.0999755859375,-1341.0,-1286.0,-1236.5,-1211.0,-1202.5999755859375,-1184.8399658203125
26775,-1290.159912109375,0.0,0.0,4.690511226654053,-1290.1600341796875,-1286.0,63.517513275146484,-1400.5799560546875,-1391.0999755859375,-1374.0999755859375,-1341.0,-1286.0,-1236.5,-1211.0,-1202.5999755859375,-1184.8399658203125
26782,-1290.159912109375,0.0,0.0,4.683102607727051,-1290.1600341796875,-1286.0,63.517513275146484,-1400.5799560546875,-1391.0999755859375,-1374.0999755859375,-1341.0,-1286.0,-1236.5,-1211.0,-1202.5999755859375,-1184.8399658203125
26789,-1290.159912109375,0.0,0.0,4.680527687072754,-1290.1600341796875,-1286.0,63.517513275146484,-1400.5799560546875,-1391.0999755859375,-1374.0999755859375,-1341.0,-1286.0,-1236.5,-1211.0,-1202.5999755859375,-1184.8399658203125
26796,-1290.159912109375,0.0,0.0,4.6817169189453125,-1290.1600341796875,-1286.0,63.517513275146484,-1400.5799560546875,-1391.0999755859375,-1374.0999755859375,-1341.0,-1286.0,-1236.5,-1211.0,-1202.5999755859375,-1184.8399658203125
26803,-1290.159912109375,0.0,0.0,4.679963111877441,-1290.1600341796875,-1286.0,63.517513275146484,-1400.5799560546875,-1391.0999755859375,-1374.0999755859375,-1341.0,-1286.0,-1236.5,-1211.0,-1202.5999755859375,-1184.8399658203125
26810,-1290.159912109375,0.0,0.0,4.679090976715088,-1290.1600341796875,-1286.0,63.517513275146484,-1400.5799560546875,-1391.0999755859375,-1374.0999755859375,-1341.0,-1286.0,-1236.5,-1211.0,-1202.5999755859375,-1184.8399658203125
26817,-1290.159912109375,0.0,0.0,4.6749396324157715,-1290.1600341796875,-1286.0,63.517513275146484,-1400.5799560546875,-1391.0999755859375,-1374.0999755859375,-1341.0,-1286.0,-1236.5,-1211.0,-1202.5999755859375,-1184.8399658203125
26824,-1290.159912109375,0.0,0.0,4.671382904052734,-1290.1600341796875,-1286.0,63.517513275146484,-1400.5799560546875,-1391.0999755859375,-1374.0999755859375,-1341.0,-1286.0,-1236.5,-1211.0,-1202.5999755859375,-1184.8399658203125
26831,-1290.159912109375,0.0,0.0,4.669177055358887,-1290.1600341796875,-1286.0,63.517513275146484,-1400.5799560546875,-1391.0999755859375,-1374.0999755859375,-1341.0,-1286.0,-1236.5,-1211.0,-1202.5999755859375,-1184.8399658203125
26838,-1290.159912109375,0.0,0.0,4.674090385437012,-1290.1600341796875,-1286.0,63.517513275146484,-1400.5799560546875,-1391.0999755859375,-1374.0999755859375,-1341.0,-1286.0,-1236.5,-1211.0,-1202.5999755859375,-1184.8399658203125
26845,-1290.159912109375,0.0,0.0,4.671881198883057,-1290.1600341796875,-1286.0,63.517513275146484,-1400.5799560546875,-1391.0999755859375,-1374.0999755859375,-1341.0,-1286.0,-1236.5,-1211.0,-1202.5999755859375,-1184.8399658203125
26852,-1290.159912109375,0.0,0.0,4.668332576751709,-1290.1600341796875,-1286.0,63.517513275146484,-1400.5799560546875,-1391.0999755859375,-1374.0999755859375,-1341.0,-1286.0,-1236.5,-1211.0,-1202.5999755859375,-1184.8399658203125
26859,-1290.159912109375,0.0,0.0,4.66148042678833,-1290.1600341796875,-1286.0,63.517513275146484,-1400.5799560546875,-1391.0999755859375,-1374.0999755859375,-1341.0,-1286.0,-1236.5,-1211.0,-1202.5999755859375,-1184.8399658203125
26866,-1290.159912109375,0.0,0.0,4.657502174377441,-1290.1600341796875,-1286.0,63.517513275146484,-1400.5799560546875,-1391.0999755859375,-1374.0999755859375,-1341.0,-1286.0,-1236.5,-1211.0,-1202.5999755859375,-1184.8399658203125
26873,-1290.159912109375,0.0,0.0,4.653548717498779,-1290.1600341796875,-1286.0,63.517513275146484,-1400.5799560546875,-1391.0999755859375,-1374.0999755859375,-1341.0,-1286.0,-1236.5,-1211.0,-1202.5999755859375,-1184.8399658203125
26880,-1290.159912109375,0.0,0.0,4.645823955535889,-1290.1600341796875,-1286.0,63.517513275146484,-1400.5799560546875,-1391.0999755859375,-1374.0999755859375,-1341.0,-1286.0,-1236.5,-1211.0,-1202.5999755859375,-1184.8399658203125
26887,-1290.159912109375,0.0,0.0,4.645541667938232,-1290.1600341796875,-1286.0,63.517513275146484,-1400.5799560546875,-1391.0999755859375,-1374.0999755859375,-1341.0,-1286.0,-1236.5,-1211.0,-1202.5999755859375,-1184.8399658203125
26894,-1290.159912109375,0.0,0.0,4.641663074493408,-1290.1600341796875,-1286.0,63.517513275146484,-1400.5799560546875,-1391.0999755859375,-1374.0999755859375,-1341.0,-1286.0,-1236.5,-1211.0,-1202.5999755859375,-1184.8399658203125
26901,-1290.159912109375,0.0,0.0,4.6415934562683105,-1290.1600341796875,-1286.0,63.517513275146484,-1400.5799560546875,-1391.0999755859375,-1374.0999755859375,-1341.0,-1286.0,-1236.5,-1211.0,-1202.5999755859375,-1184.8399658203125
26908,-1290.159912109375,0.0,0.0,4.640317440032959,-1290.1600341796875,-1286.0,63.517513275146484,-1400.5799560546875,-1391.0999755859375,-1374.0999755859375,-1341.0,-1286.0,-1236.5,-1211.0,-1202.5999755859375,-1184.8399658203125
26915,-1290.159912109375,0.0,0.0,4.640556812286377,-1290.1600341796875,-1286.0,63.517513275146484,-1400.5799560546875,-1391.0999755859375,-1374.0999755859375,-1341.0,-1286.0,-1236.5,-1211.0,-1202.5999755859375,-1184.8399658203125
26922,-1290.159912109375,0.0,0.0,4.635095119476318,-1290.1600341796875,-1286.0,63.517513275146484,-1400.5799560546875,-1391.0999755859375,-1374.0999755859375,-1341.0,-1286.0,-1236.5,-1211.0,-1202.5999755859375,-1184.8399658203125
26929,-1290.159912109375,0.0,0.0,4.631537437438965,-1290.1600341796875,-1286.0,63.517513275146484,-1400.5799560546875,-1391.0999755859375,-1374.0999755859375,-1341.0,-1286.0,-1236.5,-1211.0,-1202.5999755859375,-1184.8399658203125
26936,-1290.159912109375,0.0,0.0,4.631153106689453,-1290.1600341796875,-1286.0,63.517513275146484,-1400.5799560546875,-1391.0999755859375,-1374.0999755859375,-1341.0,-1286.0,-1236.5,-1211.0,-1202.5999755859375,-1184.8399658203125
26943,-1290.159912109375,0.0,0.0,4.628849983215332,-1290.1600341796875,-1286.0,63.517513275146484,-1400.5799560546875,-1391.0999755859375,-1374.0999755859375,-1341.0,-1286.0,-1236.5,-1211.0,-1202.5999755859375,-1184.8399658203125
26950,-1290.159912109375,0.0,0.0,4.625114440917969,-1290.1600341796875,-1286.0,63.517513275146484,-1400.5799560546875,-1391.0999755859375,-1374.0999755859375,-1341.0,-1286.0,-1236.5,-1211.0,-1202.5999755859375,-1184.8399658203125
26957,-1290.159912109375,0.0,0.0,4.624849796295166,-1290.1600341796875,-1286.0,63.517513275146484,-1400.5799560546875,-1391.0999755859375,-1374.0999755859375,-1341.0,-1286.0,-1236.5,-1211.0,-1202.5999755859375,-1184.8399658203125
26964,-1290.159912109375,0.0,0.0,4.622261047363281,-1290.1600341796875,-1286.0,63.517513275146484,-1400.5799560546875,-1391.0999755859375,-1374.0999755859375,-1341.0,-1286.0,-1236.5,-1211.0,-1202.5999755859375,-1184.8399658203125
26971,-1290.159912109375,0.0,0.0,4.61907958984375,-1290.1600341796875,-1286.0,63.517513275146484,-1400.5799560546875,-1391.0999755859375,-1374.0999755859375,-1341.0,-1286.0,-1236.5,-1211.0,-1202.5999755859375,-1184.8399658203125
26978,-1290.159912109375,0.0,0.0,4.620850086212158,-1290.1600341796875,-1286.0,63.517513275146484,-1400.5799560546875,-1391.0999755859375,-1374.0999755859375,-1341.0,-1286.0,-1236.5,-1211.0,-1202.5999755859375,-1184.8399658203125
26985,-1290.159912109375,0.0,0.0,4.616568088531494,-1290.1600341796875,-1286.0,63.517513275146484,-1400.5799560546875,-1391.0999755859375,-1374.0999755859375,-1341.0,-1286.0,-1236.5,-1211.0,-1202.5999755859375,-1184.8399658203125
26992,-1290.159912109375,0.0,0.0,4.615754127502441,-1290.1600341796875,-1286.0,63.517513275146484,-1400.5799560546875,-1391.0999755859375,-1374.0999755859375,-1341.0,-1286.0,-1236.5,-1211.0,-1202.5999755859375,-1184.8399658203125
26999,-1290.159912109375,0.0,0.0,4.616379737854004,-1290.1600341796875,-1286.0,63.517513275146484,-1400.5799560546875,-1391.0999755859375,-1374.0999755859375,-1341.0,-1286.0,-1236.5,-1211.0,-1202.5999755859375,-1184.8399658203125
27006,-1290.159912109375,0.0,0.0,4.613988399505615,-1290.1600341796875,-1286.0,63.517513275146484,-1400.5799560546875,-1391.0999755859375,-1374.0999755859375,-1341.0,-1286.0,-1236.5,-1211.0,-1202.5999755859375,-1184.8399658203125
27013,-1290.159912109375,0.0,0.0,4.611466407775879,-1290.1600341796875,-1286.0,63.517513275146484,-1400.5799560546875,-1391.0999755859375,-1374.0999755859375,-1341.0,-1286.0,-1236.5,-1211.0,-1202.5999755859375,-1184.8399658203125
27020,-1290.159912109375,0.0,0.0,4.610946178436279,-1290.1600341796875,-1286.0,63.517513275146484,-1400.5799560546875,-1391.0999755859375,-1374.0999755859375,-1341.0,-1286.0,-1236.5,-1211.0,-1202.5999755859375,-1184.8399658203125
27027,-1290.159912109375,0.0,0.0,4.607060432434082,-1290.1600341796875,-1286.0,63.517513275146484,-1400.5799560546875,-1391.0999755859375,-1374.0999755859375,-1341.0,-1286.0,-1236.5,-1211.0,-1202.5999755859375,-1184.8399658203125
27034,-1290.159912109375,0.0,0.0,4.610981464385986,-1290.1600341796875,-1286.0,63.517513275146484,-1400.5799560546875,-1391.0999755859375,-1374.0999755859375,-1341.0,-1286.0,-1236.5,-1211.0,-1202.5999755859375,-1184.8399658203125
27041,-1290.159912109375,0.0,0.0,4.610650062561035,-1290.1600341796875,-1286.0,63.517513275146484,-1400.5799560546875,-1391.0999755859375,-1374.0999755859375,-1341.0,-1286.0,-1236.5,-1211.0,-1202.5999755859375,-1184.8399658203125
27048,-1290.159912109375,0.0,0.0,4.615533828735352,-1290.1600341796875,-1286.0,63.517513275146484,-1400.5799560546875,-1391.0999755859375,-1374.0999755859375,-1341.0,-1286.0,-1236.5,-1211.0,-1202.5999755859375,-1184.8399658203125
27055,-1290.159912109375,0.0,0.0,4.610645294189453,-1290.1600341796875,-1286.0,63.517513275146484,-1400.5799560546875,-1391.0999755859375,-1374.0999755859375,-1341.0,-1286.0,-1236.5,-1211.0,-1202.5999755859375,-1184.8399658203125
27062,-1290.159912109375,0.0,0.0,4.606276035308838,-1290.1600341796875,-1286.0,63.517513275146484,-1400.5799560546875,-1391.0999755859375,-1374.0999755859375,-1341.0,-1286.0,-1236.5,-1211.0,-1202.5999755859375,-1184.8399658203125
27069,-1290.159912109375,0.0,0.0,4.612699031829834,-1290.1600341796875,-1286.0,63.517513275146484,-1400.5799560546875,-1391.0999755859375,-1374.0999755859375,-1341.0,-1286.0,-1236.5,-1211.0,-1202.5999755859375,-1184.8399658203125
27076,-1290.159912109375,0.0,0.0,4.611785888671875,-1290.1600341796875,-1286.0,63.517513275146484,-1400.5799560546875,-1391.0999755859375,-1374.0999755859375,-1341.0,-1286.0,-1236.5,-1211.0,-1202.5999755859375,-1184.8399658203125
27083,-1290.159912109375,0.0,0.0,4.607898235321045,-1290.1600341796875,-1286.0,63.517513275146484,-1400.5799560546875,-1391.0999755859375,-1374.0999755859375,-1341.0,-1286.0,-1236.5,-1211.0,-1202.5999755859375,-1184.8399658203125
27090,-1290.159912109375,0.0,0.0,4.602240562438965,-1290.1600341796875,-1286.0,63.517513275146484,-1400.5799560546875,-1391.0999755859375,-1374.0999755859375,-1341.0,-1286.0,-1236.5,-1211.0,-1202.5999755859375,-1184.8399658203125
27097,-1290.159912109375,0.0,0.0,4.600437164306641,-1290.1600341796875,-1286.0,63.517513275146484,-1400.5799560546875,-1391.0999755859375,-1374.0999755859375,-1341.0,-1286.0,-1236.5,-1211.0,-1202.5999755859375,-1184.8399658203125
27104,-1290.159912109375,0.0,0.0,4.600233554840088,-1290.1600341796875,-1286.0,63.517513275146484,-1400.5799560546875,-1391.0999755859375,-1374.0999755859375,-1341.0,-1286.0,-1236.5,-1211.0,-1202.5999755859375,-1184.8399658203125
27111,-1290.159912109375,0.0,0.0,4.594010353088379,-1290.1600341796875,-1286.0,63.517513275146484,-1400.5799560546875,-1391.0999755859375,-1374.0999755859375,-1341.0,-1286.0,-1236.5,-1211.0,-1202.5999755859375,-1184.8399658203125
27118,-1290.159912109375,0.0,0.0,4.597108364105225,-1290.1600341796875,-1286.0,63.517513275146484,-1400.5799560546875,-1391.0999755859375,-1374.0999755859375,-1341.0,-1286.0,-1236.5,-1211.0,-1202.5999755859375,-1184.8399658203125
27125,-1290.159912109375,0.0,0.0,4.598759651184082,-1290.1600341796875,-1286.0,63.517513275146484,-1400.5799560546875,-1391.0999755859375,-1374.0999755859375,-1341.0,-1286.0,-1236.5,-1211.0,-1202.5999755859375,-1184.8399658203125
27132,-1290.159912109375,0.0,0.0,4.591223239898682,-1290.1600341796875,-1286.0,63.517513275146484,-1400.5799560546875,-1391.0999755859375,-1374.0999755859375,-1341.0,-1286.0,-1236.5,-1211.0,-1202.5999755859375,-1184.8399658203125
27139,-1290.159912109375,0.0,0.0,4.587437152862549,-1290.1600341796875,-1286.0,63.517513275146484,-1400.5799560546875,-1391.0999755859375,-1374.0999755859375,-1341.0,-1286.0,-1236.5,-1211.0,-1202.5999755859375,-1184.8399658203125
27146,-1290.159912109375,0.0,0.0,4.588122844696045,-1290.1600341796875,-1286.0,63.517513275146484,-1400.5799560546875,-1391.0999755859375,-1374.0999755859375,-1341.0,-1286.0,-1236.5,-1211.0,-1202.5999755859375,-1184.8399658203125
27153,-1290.159912109375,0.0,0.0,4.587247371673584,-1290.1600341796875,-1286.0,63.517513275146484,-1400.5799560546875,-1391.0999755859375,-1374.0999755859375,-1341.0,-1286.0,-1236.5,-1211.0,-1202.5999755859375,-1184.8399658203125
27160,-1290.159912109375,0.0,0.0,4.58482551574707,-1290.1600341796875,-1286.0,63.517513275146484,-1400.5799560546875,-1391.0999755859375,-1374.0999755859375,-1341.0,-1286.0,-1236.5,-1211.0,-1202.5999755859375,-1184.8399658203125
27167,-1290.159912109375,0.0,0.0,4.580379962921143,-1290.1600341796875,-1286.0,63.517513275146484,-1400.5799560546875,-1391.0999755859375,-1374.0999755859375,-1341.0,-1286.0,-1236.5,-1211.0,-1202.5999755859375,-1184.8399658203125
27174,-1290.159912109375,0.0,0.0,4.581384181976318,-1290.1600341796875,-1286.0,63.517513275146484,-1400.5799560546875,-1391.0999755859375,-1374.0999755859375,-1341.0,-1286.0,-1236.5,-1211.0,-1202.5999755859375,-1184.8399658203125
27181,-1290.159912109375,0.0,0.0,4.583205699920654,-1290.1600341796875,-1286.0,63.517513275146484,-1400.5799560546875,-1391.0999755859375,-1374.0999755859375,-1341.0,-1286.0,-1236.5,-1211.0,-1202.5999755859375,-1184.8399658203125
27188,-1290.159912109375,0.0,0.0,4.581271648406982,-1290.1600341796875,-1286.0,63.517513275146484,-1400.5799560546875,-1391.0999755859375,-1374.0999755859375,-1341.0,-1286.0,-1236.5,-1211.0,-1202.5999755859375,-1184.8399658203125
27195,-1290.159912109375,0.0,0.0,4.581252098083496,-1290.1600341796875,-1286.0,63.517513275146484,-1400.5799560546875,-1391.0999755859375,-1374.0999755859375,-1341.0,-1286.0,-1236.5,-1211.0,-1202.5999755859375,-1184.8399658203125
27202,-1290.159912109375,0.0,0.0,4.585510730743408,-1290.1600341796875,-1286.0,63.517513275146484,-1400.5799560546875,-1391.0999755859375,-1374.0999755859375,-1341.0,-1286.0,-1236.5,-1211.0,-1202.5999755859375,-1184.8399658203125
27209,-1290.159912109375,0.0,0.0,4.5754075050354,-1290.1600341796875,-1286.0,63.517513275146484,-1400.5799560546875,-1391.0999755859375,-1374.0999755859375,-1341.0,-1286.0,-1236.5,-1211.0,-1202.5999755859375,-1184.8399658203125
27216,-1290.159912109375,0.0,0.0,4.575538158416748,-1290.1600341796875,-1286.0,63.517513275146484,-1400.5799560546875,-1391.0999755859375,-1374.0999755859375,-1341.0,-1286.0,-1236.5,-1211.0,-1202.5999755859375,-1184.8399658203125
27223,-1290.159912109375,0.0,0.0,4.570185661315918,-1290.1600341796875,-1286.0,63.517513275146484,-1400.5799560546875,-1391.0999755859375,-1374.0999755859375,-1341.0,-1286.0,-1236.5,-1211.0,-1202.5999755859375,-1184.8399658203125
27230,-1290.159912109375,0.0,0.0,4.570733547210693,-1290.1600341796875,-1286.0,63.517513275146484,-1400.5799560546875,-1391.0999755859375,-1374.0999755859375,-1341.0,-1286.0,-1236.5,-1211.0,-1202.5999755859375,-1184.8399658203125
27237,-1290.159912109375,0.0,0.0,4.570672512054443,-1290.1600341796875,-1286.0,63.517513275146484,-1400.5799560546875,-1391.0999755859375,-1374.0999755859375,-1341.0,-1286.0,-1236.5,-1211.0,-1202.5999755859375,-1184.8399658203125
27244,-1290.159912109375,0.0,0.0,4.56599760055542,-1290.1600341796875,-1286.0,63.517513275146484,-1400.5799560546875,-1391.0999755859375,-1374.0999755859375,-1341.0,-1286.0,-1236.5,-1211.0,-1202.5999755859375,-1184.8399658203125
27251,-1290.159912109375,0.0,0.0,4.570745944976807,-1290.1600341796875,-1286.0,63.517513275146484,-1400.5799560546875,-1391.0999755859375,-1374.0999755859375,-1341.0,-1286.0,-1236.5,-1211.0,-1202.5999755859375,-1184.8399658203125
27258,-1290.159912109375,0.0,0.0,4.570412635803223,-1290.1600341796875,-1286.0,63.517513275146484,-1400.5799560546875,-1391.0999755859375,-1374.0999755859375,-1341.0,-1286.0,-1236.5,-1211.0,-1202.5999755859375,-1184.8399658203125
27265,-1290.159912109375,0.0,0.0,4.571578502655029,-1290.1600341796875,-1286.0,63.517513275146484,-1400.5799560546875,-1391.0999755859375,-1374.0999755859375,-1341.0,-1286.0,-1236.5,-1211.0,-1202.5999755859375,-1184.8399658203125
27272,-1290.159912109375,0.0,0.0,4.569087505340576,-1290.1600341796875,-1286.0,63.517513275146484,-1400.5799560546875,-1391.0999755859375,-1374.0999755859375,-1341.0,-1286.0,-1236.5,-1211.0,-1202.5999755859375,-1184.8399658203125
27279,-1290.159912109375,0.0,0.0,4.570159435272217,-1290.1600341796875,-1286.0,63.517513275146484,-1400.5799560546875,-1391.0999755859375,-1374.0999755859375,-1341.0,-1286.0,-1236.5,-1211.0,-1202.5999755859375,-1184.8399658203125
27286,-1290.159912109375,0.0,0.0,4.5694193840026855,-1290.1600341796875,-1286.0,63.517513275146484,-1400.5799560546875,-1391.0999755859375,-1374.0999755859375,-1341.0,-1286.0,-1236.5,-1211.0,-1202.5999755859375,-1184.8399658203125
27293,-1290.159912109375,0.0,0.0,4.567094326019287,-1290.1600341796875,-1286.0,63.517513275146484,-1400.5799560546875,-1391.0999755859375,-1374.0999755859375,-1341.0,-1286.0,-1236.5,-1211.0,-1202.5999755859375,-1184.8399658203125
27300,-1290.159912109375,0.0,0.0,4.5660505294799805,-1290.1600341796875,-1286.0,63.517513275146484,-1400.5799560546875,-1391.0999755859375,-1374.0999755859375,-1341.0,-1286.0,-1236.5,-1211.0,-1202.5999755859375,-1184.8399658203125
27307,-1290.159912109375,0.0,0.0,4.567068576812744,-1290.1600341796875,-1286.0,63.517513275146484,-1400.5799560546875,-1391.0999755859375,-1374.0999755859375,-1341.0,-1286.0,-1236.5,-1211.0,-1202.5999755859375,-1184.8399658203125
27314,-1290.159912109375,0.0,0.0,4.5660295486450195,-1290.1600341796875,-1286.0,63.517513275146484,-1400.5799560546875,-1391.0999755859375,-1374.0999755859375,-1341.0,-1286.0,-1236.5,-1211.0,-1202.5999755859375,-1184.8399658203125
27321,-1290.159912109375,0.0,0.0,4.565054893493652,-1290.1600341796875,-1286.0,63.517513275146484,-1400.5799560546875,-1391.0999755859375,-1374.0999755859375,-1341.0,-1286.0,-1236.5,-1211.0,-1202.5999755859375,-1184.8399658203125
27328,-1290.159912109375,0.0,0.0,4.557346343994141,-1290.1600341796875,-1286.0,63.517513275146484,-1400.5799560546875,-1391.0999755859375,-1374.0999755859375,-1341.0,-1286.0,-1236.5,-1211.0,-1202.5999755859375,-1184.8399658203125
27335,-1290.159912109375,0.0,0.0,4.554324626922607,-1290.1600341796875,-1286.0,63.517513275146484,-1400.5799560546875,-1391.0999755859375,-1374.0999755859375,-1341.0,-1286.0,-1236.5,-1211.0,-1202.5999755859375,-1184.8399658203125
27342,-1290.159912109375,0.0,0.0,4.551663875579834,-1290.1600341796875,-1286.0,63.517513275146484,-1400.5799560546875,-1391.0999755859375,-1374.0999755859375,-1341.0,-1286.0,-1236.5,-1211.0,-1202.5999755859375,-1184.8399658203125
27349,-1290.159912109375,0.0,0.0,4.550502300262451,-1290.1600341796875,-1286.0,63.517513275146484,-1400.5799560546875,-1391.0999755859375,-1374.0999755859375,-1341.0,-1286.0,-1236.5,-1211.0,-1202.5999755859375,-1184.8399658203125
27356,-1290.159912109375,0.0,0.0,4.551063060760498,-1290.1600341796875,-1286.0,63.517513275146484,-1400.5799560546875,-1391.0999755859375,-1374.0999755859375,-1341.0,-1286.0,-1236.5,-1211.0,-1202.5999755859375,-1184.8399658203125
27363,-1290.159912109375,0.0,0.0,4.54904317855835,-1290.1600341796875,-1286.0,63.517513275146484,-1400.5799560546875,-1391.0999755859375,-1374.0999755859375,-1341.0,-1286.0,-1236.5,-1211.0,-1202.5999755859375,-1184.8399658203125
27370,-1290.159912109375,0.0,0.0,4.549801349639893,-1290.1600341796875,-1286.0,63.517513275146484,-1400.5799560546875,-1391.0999755859375,-1374.0999755859375,-1341.0,-1286.0,-1236.5,-1211.0,-1202.5999755859375,-1184.8399658203125
27377,-1290.179931640625,0.0,0.0,4.544228553771973,-1290.1800537109375,-1286.0,63.531314849853516,-1400.5799560546875,-1391.0999755859375,-1374.0999755859375,-1341.0,-1286.0,-1236.5,-1211.0,-1202.5999755859375,-1184.8399658203125
27384,-1290.179931640625,0.0,0.0,4.546642780303955,-1290.1800537109375,-1286.0,63.531314849853516,-1400.5799560546875,-1391.0999755859375,-1374.0999755859375,-1341.0,-1286.0,-1236.5,-1211.0,-1202.5999755859375,-1184.8399658203125
27391,-1290.179931640625,0.0,0.0,4.548913955688477,-1290.1800537109375,-1286.0,63.531314849853516,-1400.5799560546875,-1391.0999755859375,-1374.0999755859375,-1341.0,-1286.0,-1236.5,-1211.0,-1202.5999755859375,-1184.8399658203125
27398,-1290.179931640625,0.0,0.0,4.553857803344727,-1290.1800537109375,-1286.0,63.531314849853516,-1400.5799560546875,-1391.0999755859375,-1374.0999755859375,-1341.0,-1286.0,-1236.5,-1211.0,-1202.5999755859375,-1184.8399658203125
27405,-1290.179931640625,0.0,0.0,4.557521343231201,-1290.1800537109375,-1286.0,63.531314849853516,-1400.5799560546875,-1391.0999755859375,-1374.0999755859375,-1341.0,-1286.0,-1236.5,-1211.0,-1202.5999755859375,-1184.8399658203125
27412,-1290.179931640625,0.0,0.0,4.556275844573975,-1290.1800537109375,-1286.0,63.531314849853516,-1400.5799560546875,-1391.0999755859375,-1374.0999755859375,-1341.0,-1286.0,-1236.5,-1211.0,-1202.5999755859375,-1184.8399658203125
27419,-1290.179931640625,0.0,0.0,4.558313369750977,-1290.1800537109375,-1286.0,63.531314849853516,-1400.5799560546875,-1391.0999755859375,-1374.0999755859375,-1341.0,-1286.0,-1236.5,-1211.0,-1202.5999755859375,-1184.8399658203125
27426,-1290.179931640625,0.0,0.0,4.55804967880249,-1290.1800537109375,-1286.0,63.531314849853516,-1400.5799560546875,-1391.0999755859375,-1374.0999755859375,-1341.0,-1286.0,-1236.5,-1211.0,-1202.5999755859375,-1184.8399658203125
27433,-1290.179931640625,0.0,0.0,4.562976360321045,-1290.1800537109375,-1286.0,63.531314849853516,-1400.5799560546875,-1391.0999755859375,-1374.0999755859375,-1341.0,-1286.0,-1236.5,-1211.0,-1202.5999755859375,-1184.8399658203125
27440,-1290.179931640625,0.0,0.0,4.5563225746154785,-1290.1800537109375,-1286.0,63.531314849853516,-1400.5799560546875,-1391.0999755859375,-1374.0999755859375,-1341.0,-1286.0,-1236.5,-1211.0,-1202.5999755859375,-1184.8399658203125
27447,-1290.179931640625,0.0,0.0,4.55725622177124,-1290.1800537109375,-1286.0,63.531314849853516,-1400.5799560546875,-1391.0999755859375,-1374.0999755859375,-1341.0,-1286.0,-1236.5,-1211.0,-1202.5999755859375,-1184.8399658203125
27454,-1290.179931640625,0.0,0.0,4.553394317626953,-1290.1800537109375,-1286.0,63.531314849853516,-1400.5799560546875,-1391.0999755859375,-1374.0999755859375,-1341.0,-1286.0,-1236.5,-1211.0,-1202.5999755859375,-1184.8399658203125
27461,-1290.179931640625,0.0,0.0,4.555285930633545,-1290.1800537109375,-1286.0,63.531314849853516,-1400.5799560546875,-1391.0999755859375,-1374.0999755859375,-1341.0,-1286.0,-1236.5,-1211.0,-1202.5999755859375,-1184.8399658203125
27468,-1290.179931640625,0.0,0.0,4.552211761474609,-1290.1800537109375,-1286.0,63.531314849853516,-1400.5799560546875,-1391.0999755859375,-1374.0999755859375,-1341.0,-1286.0,-1236.5,-1211.0,-1202.5999755859375,-1184.8399658203125
27475,-1290.179931640625,0.0,0.0,4.552602291107178,-1290.1800537109375,-1286.0,63.531314849853516,-1400.5799560546875,-1391.0999755859375,-1374.0999755859375,-1341.0,-1286.0,-1236.5,-1211.0,-1202.5999755859375,-1184.8399658203125
27482,-1290.179931640625,0.0,0.0,4.544849872589111,-1290.1800537109375,-1286.0,63.531314849853516,-1400.5799560546875,-1391.0999755859375,-1374.0999755859375,-1341.0,-1286.0,-1236.5,-1211.0,-1202.5999755859375,-1184.8399658203125
27489,-1290.199951171875,0.0,0.0,4.545816898345947,-1290.199951171875,-1286.0,63.514251708984375,-1400.5799560546875,-1391.0999755859375,-1374.0999755859375,-1341.0,-1286.0,-1237.0,-1211.0,-1202.5999755859375,-1184.8399658203125
27496,-1290.199951171875,0.0,0.0,4.5429301261901855,-1290.199951171875,-1286.0,63.514251708984375,-1400.5799560546875,-1391.0999755859375,-1374.0999755859375,-1341.0,-1286.0,-1237.0,-1211.0,-1202.5999755859375,-1184.8399658203125
27503,-1290.199951171875,0.0,0.0,4.541511058807373,-1290.199951171875,-1286.0,63.514251708984375,-1400.5799560546875,-1391.0999755859375,-1374.0999755859375,-1341.0,-1286.0,-1237.0,-1211.0,-1202.5999755859375,-1184.8399658203125
27510,-1290.199951171875,0.0,0.0,4.53948974609375,-1290.199951171875,-1286.0,63.514251708984375,-1400.5799560546875,-1391.0999755859375,-1374.0999755859375,-1341.0,-1286.0,-1237.0,-1211.0,-1202.5999755859375,-1184.8399658203125
27517,-1290.199951171875,0.0,0.0,4.538214206695557,-1290.199951171875,-1286.0,63.514251708984375,-1400.5799560546875,-1391.0999755859375,-1374.0999755859375,-1341.0,-1286.0,-1237.0,-1211.0,-1202.5999755859375,-1184.8399658203125
27524,-1290.199951171875,0.0,0.0,4.535731315612793,-1290.199951171875,-1286.0,63.514251708984375,-1400.5799560546875,-1391.0999755859375,-1374.0999755859375,-1341.0,-1286.0,-1237.0,-1211.0,-1202.5999755859375,-1184.8399658203125
27531,-1290.199951171875,0.0,0.0,4.533315181732178,-1290.199951171875,-1286.0,63.514251708984375,-1400.5799560546875,-1391.0999755859375,-1374.0999755859375,-1341.0,-1286.0,-1237.0,-1211.0,-1202.5999755859375,-1184.8399658203125
27538,-1290.199951171875,0.0,0.0,4.539297580718994,-1290.199951171875,-1286.0,63.514251708984375,-1400.5799560546875,-1391.0999755859375,-1374.0999755859375,-1341.0,-1286.0,-1237.0,-1211.0,-1202.5999755859375,-1184.8399658203125
27545,-1290.199951171875,0.0,0.0,4.536574840545654,-1290.199951171875,-1286.0,63.514251708984375,-1400.5799560546875,-1391.0999755859375,-1374.0999755859375,-1341.0,-1286.0,-1237.0,-1211.0,-1202.5999755859375,-1184.8399658203125
27552,-1290.199951171875,0.0,0.0,4.537879943847656,-1290.199951171875,-1286.0,63.514251708984375,-1400.5799560546875,-1391.0999755859375,-1374.0999755859375,-1341.0,-1286.0,-1237.0,-1211.0,-1202.5999755859375,-1184.8399658203125
27559,-1290.199951171875,0.0,0.0,4.538554668426514,-1290.199951171875,-1286.0,63.514251708984375,-1400.5799560546875,-1391.0999755859375,-1374.0999755859375,-1341.0,-1286.0,-1237.0,-1211.0,-1202.5999755859375,-1184.8399658203125
27566,-1290.199951171875,0.0,0.0,4.539048194885254,-1290.199951171875,-1286.0,63.514251708984375,-1400.5799560546875,-1391.0999755859375,-1374.0999755859375,-1341.0,-1286.0,-1237.0,-1211.0,-1202.5999755859375,-1184.8399658203125
27573,-1290.199951171875,0.0,0.0,4.539973258972168,-1290.199951171875,-1286.0,63.514251708984375,-1400.5799560546875,-1391.0999755859375,-1374.0999755859375,-1341.0,-1286.0,-1237.0,-1211.0,-1202.5999755859375,-1184.8399658203125
27580,-1290.219970703125,0.0,0.0,4.54592752456665,-1290.219970703125,-1286.0,63.48457717895508,-1400.5799560546875,-1391.0999755859375,-1374.0999755859375,-1341.0,-1286.0,-1237.0,-1211.0,-1202.699951171875,-1184.8399658203125
27587,-1290.219970703125,0.0,0.0,4.544397354125977,-1290.219970703125,-1286.0,63.48457717895508,-1400.5799560546875,-1391.0999755859375,-1374.0999755859375,-1341.0,-1286.0,-1237.0,-1211.0,-1202.699951171875,-1184.8399658203125
27594,-1290.219970703125,0.0,0.0,4.547543048858643,-1290.219970703125,-1286.0,63.48457717895508,-1400.5799560546875,-1391.0999755859375,-1374.0999755859375,-1341.0,-1286.0,-1237.0,-1211.0,-1202.699951171875,-1184.8399658203125
27601,-1290.219970703125,0.0,0.0,4.545312404632568,-1290.219970703125,-1286.0,63.48457717895508,-1400.5799560546875,-1391.0999755859375,-1374.0999755859375,-1341.0,-1286.0,-1237.0,-1211.0,-1202.699951171875,-1184.8399658203125
27608,-1290.219970703125,0.0,0.0,4.543535232543945,-1290.219970703125,-1286.0,63.48457717895508,-1400.5799560546875,-1391.0999755859375,-1374.0999755859375,-1341.0,-1286.0,-1237.0,-1211.0,-1202.699951171875,-1184.8399658203125
27615,-1290.219970703125,0.0,0.0,4.540508270263672,-1290.219970703125,-1286.0,63.48457717895508,-1400.5799560546875,-1391.0999755859375,-1374.0999755859375,-1341.0,-1286.0,-1237.0,-1211.0,-1202.699951171875,-1184.8399658203125
27622,-1290.219970703125,0.0,0.0,4.539281368255615,-1290.219970703125,-1286.0,63.48457717895508,-1400.5799560546875,-1391.0999755859375,-1374.0999755859375,-1341.0,-1286.0,-1237.0,-1211.0,-1202.699951171875,-1184.8399658203125
27629,-1290.219970703125,0.0,0.0,4.537892818450928,-1290.219970703125,-1286.0,63.48457717895508,-1400.5799560546875,-1391.0999755859375,-1374.0999755859375,-1341.0,-1286.0,-1237.0,-1211.0,-1202.699951171875,-1184.8399658203125
27636,-1290.219970703125,0.0,0.0,4.539549350738525,-1290.219970703125,-1286.0,63.48457717895508,-1400.5799560546875,-1391.0999755859375,-1374.0999755859375,-1341.0,-1286.0,-1237.0,-1211.0,-1202.699951171875,-1184.8399658203125
27643,-1290.219970703125,0.0,0.0,4.541713714599609,-1290.219970703125,-1286.0,63.48457717895508,-1400.5799560546875,-1391.0999755859375,-1374.0999755859375,-1341.0,-1286.0,-1237.0,-1211.0,-1202.699951171875,-1184.8399658203125
27650,-1290.219970703125,0.0,0.0,4.542088508605957,-1290.219970703125,-1286.0,63.48457717895508,-1400.5799560546875,-1391.0999755859375,-1374.0999755859375,-1341.0,-1286.0,-1237.0,-1211.0,-1202.699951171875,-1184.8399658203125
27657,-1290.219970703125,0.0,0.0,4.538665294647217,-1290.219970703125,-1286.0,63.48457717895508,-1400.5799560546875,-1391.0999755859375,-1374.0999755859375,-1341.0,-1286.0,-1237.0,-1211.0,-1202.699951171875,-1184.8399658203125
27664,-1290.219970703125,0.0,0.0,4.5355224609375,-1290.219970703125,-1286.0,63.48457717895508,-1400.5799560546875,-1391.0999755859375,-1374.0999755859375,-1341.0,-1286.0,-1237.0,-1211.0,-1202.699951171875,-1184.8399658203125
27671,-1290.219970703125,0.0,0.0,4.537475109100342,-1290.219970703125,-1286.0,63.48457717895508,-1400.5799560546875,-1391.0999755859375,-1374.0999755859375,-1341.0,-1286.0,-1237.0,-1211.0,-1202.699951171875,-1184.8399658203125
27678,-1290.219970703125,0.0,0.0,4.540226936340332,-1290.219970703125,-1286.0,63.48457717895508,-1400.5799560546875,-1391.0999755859375,-1374.0999755859375,-1341.0,-1286.0,-1237.0,-1211.0,-1202.699951171875,-1184.8399658203125
27685,-1290.219970703125,0.0,0.0,4.537500381469727,-1290.219970703125,-1286.0,63.48457717895508,-1400.5799560546875,-1391.0999755859375,-1374.0999755859375,-1341.0,-1286.0,-1237.0,-1211.0,-1202.699951171875,-1184.8399658203125
27692,-1290.219970703125,0.0,0.0,4.544178485870361,-1290.219970703125,-1286.0,63.48457717895508,-1400.5799560546875,-1391.0999755859375,-1374.0999755859375,-1341.0,-1286.0,-1237.0,-1211.0,-1202.699951171875,-1184.8399658203125
27699,-1290.219970703125,0.0,0.0,4.543989658355713,-1290.219970703125,-1286.0,63.48457717895508,-1400.5799560546875,-1391.0999755859375,-1374.0999755859375,-1341.0,-1286.0,-1237.0,-1211.0,-1202.699951171875,-1184.8399658203125
27706,-1290.219970703125,0.0,0.0,4.543428897857666,-1290.219970703125,-1286.0,63.48457717895508,-1400.5799560546875,-1391.0999755859375,-1374.0999755859375,-1341.0,-1286.0,-1237.0,-1211.0,-1202.699951171875,-1184.8399658203125
27713,-1290.219970703125,0.0,0.0,4.548097610473633,-1290.219970703125,-1286.0,63.48457717895508,-1400.5799560546875,-1391.0999755859375,-1374.0999755859375,-1341.0,-1286.0,-1237.0,-1211.0,-1202.699951171875,-1184.8399658203125
27720,-1290.219970703125,0.0,0.0,4.553410053253174,-1290.219970703125,-1286.0,63.48457717895508,-1400.5799560546875,-1391.0999755859375,-1374.0999755859375,-1341.0,-1286.0,-1237.0,-1211.0,-1202.699951171875,-1184.8399658203125
27727,-1290.219970703125,0.0,0.0,4.5483503341674805,-1290.219970703125,-1286.0,63.48457717895508,-1400.5799560546875,-1391.0999755859375,-1374.0999755859375,-1341.0,-1286.0,-1237.0,-1211.0,-1202.699951171875,-1184.8399658203125
27734,-1290.219970703125,0.0,0.0,4.552680015563965,-1290.219970703125,-1286.0,63.48457717895508,-1400.5799560546875,-1391.0999755859375,-1374.0999755859375,-1341.0,-1286.0,-1237.0,-1211.0,-1202.699951171875,-1184.8399658203125
27741,-1290.219970703125,0.0,0.0,4.554310321807861,-1290.219970703125,-1286.0,63.48457717895508,-1400.5799560546875,-1391.0999755859375,-1374.0999755859375,-1341.0,-1286.0,-1237.0,-1211.0,-1202.699951171875,-1184.8399658203125
27748,-1290.219970703125,0.0,0.0,4.552433967590332,-1290.219970703125,-1286.0,63.48457717895508,-1400.5799560546875,-1391.0999755859375,-1374.0999755859375,-1341.0,-1286.0,-1237.0,-1211.0,-1202.699951171875,-1184.8399658203125
27755,-1290.219970703125,0.0,0.0,4.550619602203369,-1290.219970703125,-1286.0,63.48457717895508,-1400.5799560546875,-1391.0999755859375,-1374.0999755859375,-1341.0,-1286.0,-1237.0,-1211.0,-1202.699951171875,-1184.8399658203125
27762,-1290.219970703125,0.0,0.0,4.5524582862854,-1290.219970703125,-1286.0,63.48457717895508,-1400.5799560546875,-1391.0999755859375,-1374.0999755859375,-1341.0,-1286.0,-1237.0,-1211.0,-1202.699951171875,-1184.8399658203125
27769,-1290.219970703125,0.0,0.0,4.553074836730957,-1290.219970703125,-1286.0,63.48457717895508,-1400.5799560546875,-1391.0999755859375,-1374.0999755859375,-1341.0,-1286.0,-1237.0,-1211.0,-1202.699951171875,-1184.8399658203125
27776,-1290.219970703125,0.0,0.0,4.553079605102539,-1290.219970703125,-1286.0,63.48457717895508,-1400.5799560546875,-1391.0999755859375,-1374.0999755859375,-1341.0,-1286.0,-1237.0,-1211.0,-1202.699951171875,-1184.8399658203125
27783,-1290.219970703125,0.0,0.0,4.550286293029785,-1290.219970703125,-1286.0,63.48457717895508,-1400.5799560546875,-1391.0999755859375,-1374.0999755859375,-1341.0,-1286.0,-1237.0,-1211.0,-1202.699951171875,-1184.8399658203125
27790,-1290.219970703125,0.0,0.0,4.5422868728637695,-1290.219970703125,-1286.0,63.48457717895508,-1400.5799560546875,-1391.0999755859375,-1374.0999755859375,-1341.0,-1286.0,-1237.0,-1211.0,-1202.699951171875,-1184.8399658203125
27797,-1290.219970703125,0.0,0.0,4.537392616271973,-1290.219970703125,-1286.0,63.48457717895508,-1400.5799560546875,-1391.0999755859375,-1374.0999755859375,-1341.0,-1286.0,-1237.0,-1211.0,-1202.699951171875,-1184.8399658203125
27804,-1290.219970703125,0.0,0.0,4.537454605102539,-1290.219970703125,-1286.0,63.48457717895508,-1400.5799560546875,-1391.0999755859375,-1374.0999755859375,-1341.0,-1286.0,-1237.0,-1211.0,-1202.699951171875,-1184.8399658203125
27811,-1290.219970703125,0.0,0.0,4.539889335632324,-1290.219970703125,-1286.0,63.48457717895508,-1400.5799560546875,-1391.0999755859375,-1374.0999755859375,-1341.0,-1286.0,-1237.0,-1211.0,-1202.699951171875,-1184.8399658203125
27818,-1290.219970703125,0.0,0.0,4.540340900421143,-1290.219970703125,-1286.0,63.48457717895508,-1400.5799560546875,-1391.0999755859375,-1374.0999755859375,-1341.0,-1286.0,-1237.0,-1211.0,-1202.699951171875,-1184.8399658203125
27825,-1290.219970703125,0.0,0.0,4.536016941070557,-1290.219970703125,-1286.0,63.48457717895508,-1400.5799560546875,-1391.0999755859375,-1374.0999755859375,-1341.0,-1286.0,-1237.0,-1211.0,-1202.699951171875,-1184.8399658203125
27832,-1290.219970703125,0.0,0.0,4.537969589233398,-1290.219970703125,-1286.0,63.48457717895508,-1400.5799560546875,-1391.0999755859375,-1374.0999755859375,-1341.0,-1286.0,-1237.0,-1211.0,-1202.699951171875,-1184.8399658203125
27839,-1290.219970703125,0.0,0.0,4.539767265319824,-1290.219970703125,-1286.0,63.48457717895508,-1400.5799560546875,-1391.0999755859375,-1374.0999755859375,-1341.0,-1286.0,-1237.0,-1211.0,-1202.699951171875,-1184.8399658203125
27846,-1290.219970703125,0.0,0.0,4.542550086975098,-1290.219970703125,-1286.0,63.48457717895508,-1400.5799560546875,-1391.0999755859375,-1374.0999755859375,-1341.0,-1286.0,-1237.0,-1211.0,-1202.699951171875,-1184.8399658203125
27853,-1290.219970703125,0.0,0.0,4.54315185546875,-1290.219970703125,-1286.0,63.48457717895508,-1400.5799560546875,-1391.0999755859375,-1374.0999755859375,-1341.0,-1286.0,-1237.0,-1211.0,-1202.699951171875,-1184.8399658203125
27860,-1290.219970703125,0.0,0.0,4.541643142700195,-1290.219970703125,-1286.0,63.48457717895508,-1400.5799560546875,-1391.0999755859375,-1374.0999755859375,-1341.0,-1286.0,-1237.0,-1211.0,-1202.699951171875,-1184.8399658203125
27867,-1290.219970703125,0.0,0.0,4.542872428894043,-1290.219970703125,-1286.0,63.48457717895508,-1400.5799560546875,-1391.0999755859375,-1374.0999755859375,-1341.0,-1286.0,-1237.0,-1211.0,-1202.699951171875,-1184.8399658203125
27874,-1290.219970703125,0.0,0.0,4.547413349151611,-1290.219970703125,-1286.0,63.48457717895508,-1400.5799560546875,-1391.0999755859375,-1374.0999755859375,-1341.0,-1286.0,-1237.0,-1211.0,-1202.699951171875,-1184.8399658203125
27881,-1290.219970703125,0.0,0.0,4.54816198348999,-1290.219970703125,-1286.0,63.48457717895508,-1400.5799560546875,-1391.0999755859375,-1374.0999755859375,-1341.0,-1286.0,-1237.0,-1211.0,-1202.699951171875,-1184.8399658203125
27888,-1290.219970703125,0.0,0.0,4.549694061279297,-1290.219970703125,-1286.0,63.48457717895508,-1400.5799560546875,-1391.0999755859375,-1374.0999755859375,-1341.0,-1286.0,-1237.0,-1211.0,-1202.699951171875,-1184.8399658203125
27895,-1290.219970703125,0.0,0.0,4.545810222625732,-1290.219970703125,-1286.0,63.48457717895508,-1400.5799560546875,-1391.0999755859375,-1374.0999755859375,-1341.0,-1286.0,-1237.0,-1211.0,-1202.699951171875,-1184.8399658203125
27902,-1290.219970703125,0.0,0.0,4.544007301330566,-1290.219970703125,-1286.0,63.48457717895508,-1400.5799560546875,-1391.0999755859375,-1374.0999755859375,-1341.0,-1286.0,-1237.0,-1211.0,-1202.699951171875,-1184.8399658203125
27909,-1290.219970703125,0.0,0.0,4.543691158294678,-1290.219970703125,-1286.0,63.48457717895508,-1400.5799560546875,-1391.0999755859375,-1374.0999755859375,-1341.0,-1286.0,-1237.0,-1211.0,-1202.699951171875,-1184.8399658203125
27916,-1290.219970703125,0.0,0.0,4.541274547576904,-1290.219970703125,-1286.0,63.48457717895508,-1400.5799560546875,-1391.0999755859375,-1374.0999755859375,-1341.0,-1286.0,-1237.0,-1211.0,-1202.699951171875,-1184.8399658203125
27923,-1290.219970703125,0.0,0.0,4.543019771575928,-1290.219970703125,-1286.0,63.48457717895508,-1400.5799560546875,-1391.0999755859375,-1374.0999755859375,-1341.0,-1286.0,-1237.0,-1211.0,-1202.699951171875,-1184.8399658203125
27930,-1290.219970703125,0.0,0.0,4.5466718673706055,-1290.219970703125,-1286.0,63.48457717895508,-1400.5799560546875,-1391.0999755859375,-1374.0999755859375,-1341.0,-1286.0,-1237.0,-1211.0,-1202.699951171875,-1184.8399658203125
27937,-1290.219970703125,0.0,0.0,4.542575359344482,-1290.219970703125,-1286.0,63.48457717895508,-1400.5799560546875,-1391.0999755859375,-1374.0999755859375,-1341.0,-1286.0,-1237.0,-1211.0,-1202.699951171875,-1184.8399658203125
27944,-1290.219970703125,0.0,0.0,4.5450825691223145,-1290.219970703125,-1286.0,63.48457717895508,-1400.5799560546875,-1391.0999755859375,-1374.0999755859375,-1341.0,-1286.0,-1237.0,-1211.0,-1202.699951171875,-1184.8399658203125
27951,-1290.219970703125,0.0,0.0,4.545191764831543,-1290.219970703125,-1286.0,63.48457717895508,-1400.5799560546875,-1391.0999755859375,-1374.0999755859375,-1341.0,-1286.0,-1237.0,-1211.0,-1202.699951171875,-1184.8399658203125
27958,-1290.219970703125,0.0,0.0,4.545166969299316,-1290.219970703125,-1286.0,63.48457717895508,-1400.5799560546875,-1391.0999755859375,-1374.0999755859375,-1341.0,-1286.0,-1237.0,-1211.0,-1202.699951171875,-1184.8399658203125
27965,-1290.219970703125,0.0,0.0,4.547911643981934,-1290.219970703125,-1286.0,63.48457717895508,-1400.5799560546875,-1391.0999755859375,-1374.0999755859375,-1341.0,-1286.0,-1237.0,-1211.0,-1202.699951171875,-1184.8399658203125
27972,-1290.219970703125,0.0,0.0,4.548913955688477,-1290.219970703125,-1286.0,63.48457717895508,-1400.5799560546875,-1391.0999755859375,-1374.0999755859375,-1341.0,-1286.0,-1237.0,-1211.0,-1202.699951171875,-1184.8399658203125
27979,-1290.219970703125,0.0,0.0,4.548438549041748,-1290.219970703125,-1286.0,63.48457717895508,-1400.5799560546875,-1391.0999755859375,-1374.0999755859375,-1341.0,-1286.0,-1237.0,-1211.0,-1202.699951171875,-1184.8399658203125
27986,-1290.219970703125,0.0,0.0,4.549167156219482,-1290.219970703125,-1286.0,63.48457717895508,-1400.5799560546875,-1391.0999755859375,-1374.0999755859375,-1341.0,-1286.0,-1237.0,-1211.0,-1202.699951171875,-1184.8399658203125
27993,-1290.219970703125,0.0,0.0,4.54668664932251,-1290.219970703125,-1286.0,63.48457717895508,-1400.5799560546875,-1391.0999755859375,-1374.0999755859375,-1341.0,-1286.0,-1237.0,-1211.0,-1202.699951171875,-1184.8399658203125
28000,-1290.219970703125,0.0,0.0,4.548971652984619,-1290.219970703125,-1286.0,63.48457717895508,-1400.5799560546875,-1391.0999755859375,-1374.0999755859375,-1341.0,-1286.0,-1237.0,-1211.0,-1202.699951171875,-1184.8399658203125
28007,-1290.219970703125,0.0,0.0,4.549632549285889,-1290.219970703125,-1286.0,63.48457717895508,-1400.5799560546875,-1391.0999755859375,-1374.0999755859375,-1341.0,-1286.0,-1237.0,-1211.0,-1202.699951171875,-1184.8399658203125
28014,-1290.219970703125,0.0,0.0,4.5511274337768555,-1290.219970703125,-1286.0,63.48457717895508,-1400.5799560546875,-1391.0999755859375,-1374.0999755859375,-1341.0,-1286.0,-1237.0,-1211.0,-1202.699951171875,-1184.8399658203125
28021,-1290.219970703125,0.0,0.0,4.550388813018799,-1290.219970703125,-1286.0,63.48457717895508,-1400.5799560546875,-1391.0999755859375,-1374.0999755859375,-1341.0,-1286.0,-1237.0,-1211.0,-1202.699951171875,-1184.8399658203125
28028,-1290.219970703125,0.0,0.0,4.548513889312744,-1290.219970703125,-1286.0,63.48457717895508,-1400.5799560546875,-1391.0999755859375,-1374.0999755859375,-1341.0,-1286.0,-1237.0,-1211.0,-1202.699951171875,-1184.8399658203125
28035,-1290.219970703125,0.0,0.0,4.5487213134765625,-1290.219970703125,-1286.0,63.48457717895508,-1400.5799560546875,-1391.0999755859375,-1374.0999755859375,-1341.0,-1286.0,-1237.0,-1211.0,-1202.699951171875,-1184.8399658203125
28042,-1290.219970703125,0.0,0.0,4.54886531829834,-1290.219970703125,-1286.0,63.48457717895508,-1400.5799560546875,-1391.0999755859375,-1374.0999755859375,-1341.0,-1286.0,-1237.0,-1211.0,-1202.699951171875,-1184.8399658203125
28049,-1290.219970703125,0.0,0.0,4.554924011230469,-1290.219970703125,-1286.0,63.48457717895508,-1400.5799560546875,-1391.0999755859375,-1374.0999755859375,-1341.0,-1286.0,-1237.0,-1211.0,-1202.699951171875,-1184.8399658203125
28056,-1290.219970703125,0.0,0.0,4.556039333343506,-1290.219970703125,-1286.0,63.48457717895508,-1400.5799560546875,-1391.0999755859375,-1374.0999755859375,-1341.0,-1286.0,-1237.0,-1211.0,-1202.699951171875,-1184.8399658203125
28063,-1290.219970703125,0.0,0.0,4.559450149536133,-1290.219970703125,-1286.0,63.48457717895508,-1400.5799560546875,-1391.0999755859375,-1374.0999755859375,-1341.0,-1286.0,-1237.0,-1211.0,-1202.699951171875,-1184.8399658203125
28070,-1290.219970703125,0.0,0.0,4.560730934143066,-1290.219970703125,-1286.0,63.48457717895508,-1400.5799560546875,-1391.0999755859375,-1374.0999755859375,-1341.0,-1286.0,-1237.0,-1211.0,-1202.699951171875,-1184.8399658203125
28077,-1290.219970703125,0.0,0.0,4.552289962768555,-1290.219970703125,-1286.0,63.48457717895508,-1400.5799560546875,-1391.0999755859375,-1374.0999755859375,-1341.0,-1286.0,-1237.0,-1211.0,-1202.699951171875,-1184.8399658203125
28084,-1290.219970703125,0.0,0.0,4.553388595581055,-1290.219970703125,-1286.0,63.48457717895508,-1400.5799560546875,-1391.0999755859375,-1374.0999755859375,-1341.0,-1286.0,-1237.0,-1211.0,-1202.699951171875,-1184.8399658203125
28091,-1290.219970703125,0.0,0.0,4.551167964935303,-1290.219970703125,-1286.0,63.48457717895508,-1400.5799560546875,-1391.0999755859375,-1374.0999755859375,-1341.0,-1286.0,-1237.0,-1211.0,-1202.699951171875,-1184.8399658203125
28098,-1290.219970703125,0.0,0.0,4.549948215484619,-1290.219970703125,-1286.0,63.48457717895508,-1400.5799560546875,-1391.0999755859375,-1374.0999755859375,-1341.0,-1286.0,-1237.0,-1211.0,-1202.699951171875,-1184.8399658203125
28105,-1290.219970703125,0.0,0.0,4.5495219230651855,-1290.219970703125,-1286.0,63.48457717895508,-1400.5799560546875,-1391.0999755859375,-1374.0999755859375,-1341.0,-1286.0,-1237.0,-1211.0,-1202.699951171875,-1184.8399658203125
28112,-1290.219970703125,0.0,0.0,4.5451884269714355,-1290.219970703125,-1286.0,63.48457717895508,-1400.5799560546875,-1391.0999755859375,-1374.0999755859375,-1341.0,-1286.0,-1237.0,-1211.0,-1202.699951171875,-1184.8399658203125
28119,-1290.219970703125,0.0,0.0,4.548333168029785,-1290.219970703125,-1286.0,63.48457717895508,-1400.5799560546875,-1391.0999755859375,-1374.0999755859375,-1341.0,-1286.0,-1237.0,-1211.0,-1202.699951171875,-1184.8399658203125
28126,-1290.219970703125,0.0,0.0,4.549192428588867,-1290.219970703125,-1286.0,63.48457717895508,-1400.5799560546875,-1391.0999755859375,-1374.0999755859375,-1341.0,-1286.0,-1237.0,-1211.0,-1202.699951171875,-1184.8399658203125
28133,-1290.219970703125,0.0,0.0,4.5497846603393555,-1290.219970703125,-1286.0,63.48457717895508,-1400.5799560546875,-1391.0999755859375,-1374.0999755859375,-1341.0,-1286.0,-1237.0,-1211.0,-1202.699951171875,-1184.8399658203125
28140,-1290.219970703125,0.0,0.0,4.548215389251709,-1290.219970703125,-1286.0,63.48457717895508,-1400.5799560546875,-1391.0999755859375,-1374.0999755859375,-1341.0,-1286.0,-1237.0,-1211.0,-1202.699951171875,-1184.8399658203125
28147,-1290.219970703125,0.0,0.0,4.547391891479492,-1290.219970703125,-1286.0,63.48457717895508,-1400.5799560546875,-1391.0999755859375,-1374.0999755859375,-1341.0,-1286.0,-1237.0,-1211.0,-1202.699951171875,-1184.8399658203125
28154,-1290.219970703125,0.0,0.0,4.545004844665527,-1290.219970703125,-1286.0,63.48457717895508,-1400.5799560546875,-1391.0999755859375,-1374.0999755859375,-1341.0,-1286.0,-1237.0,-1211.0,-1202.699951171875,-1184.8399658203125
28161,-1290.219970703125,0.0,0.0,4.543684482574463,-1290.219970703125,-1286.0,63.48457717895508,-1400.5799560546875,-1391.0999755859375,-1374.0999755859375,-1341.0,-1286.0,-1237.0,-1211.0,-1202.699951171875,-1184.8399658203125
28168,-1290.239990234375,0.0,0.0,4.547572612762451,-1290.239990234375,-1286.0,63.4709587097168,-1400.5799560546875,-1391.0999755859375,-1374.0999755859375,-1341.0,-1286.0,-1237.0,-1211.0,-1202.699951171875,-1184.8399658203125
28175,-1290.260009765625,0.0,0.0,4.550574779510498,-1290.260009765625,-1286.0,63.45574951171875,-1400.5799560546875,-1391.0999755859375,-1374.0999755859375,-1341.0,-1286.0,-1237.0,-1211.0,-1202.699951171875,-1184.8399658203125
28182,-1290.260009765625,0.0,0.0,4.54944372177124,-1290.260009765625,-1286.0,63.45574951171875,-1400.5799560546875,-1391.0999755859375,-1374.0999755859375,-1341.0,-1286.0,-1237.0,-1211.0,-1202.699951171875,-1184.8399658203125
28189,-1290.260009765625,0.0,0.0,4.547930717468262,-1290.260009765625,-1286.0,63.45574951171875,-1400.5799560546875,-1391.0999755859375,-1374.0999755859375,-1341.0,-1286.0,-1237.0,-1211.0,-1202.699951171875,-1184.8399658203125
28196,-1290.260009765625,0.0,0.0,4.547370433807373,-1290.260009765625,-1286.0,63.45574951171875,-1400.5799560546875,-1391.0999755859375,-1374.0999755859375,-1341.0,-1286.0,-1237.0,-1211.0,-1202.699951171875,-1184.8399658203125
28203,-1290.260009765625,0.0,0.0,4.543677806854248,-1290.260009765625,-1286.0,63.45574951171875,-1400.5799560546875,-1391.0999755859375,-1374.0999755859375,-1341.0,-1286.0,-1237.0,-1211.0,-1202.699951171875,-1184.8399658203125
28210,-1290.260009765625,0.0,0.0,4.537036895751953,-1290.260009765625,-1286.0,63.45574951171875,-1400.5799560546875,-1391.0999755859375,-1374.0999755859375,-1341.0,-1286.0,-1237.0,-1211.0,-1202.699951171875,-1184.8399658203125
28217,-1290.260009765625,0.0,0.0,4.530937194824219,-1290.260009765625,-1286.0,63.45574951171875,-1400.5799560546875,-1391.0999755859375,-1374.0999755859375,-1341.0,-1286.0,-1237.0,-1211.0,-1202.699951171875,-1184.8399658203125
28224,-1290.260009765625,0.0,0.0,4.532140254974365,-1290.260009765625,-1286.0,63.45574951171875,-1400.5799560546875,-1391.0999755859375,-1374.0999755859375,-1341.0,-1286.0,-1237.0,-1211.0,-1202.699951171875,-1184.8399658203125
28231,-1290.260009765625,0.0,0.0,4.52595853805542,-1290.260009765625,-1286.0,63.45574951171875,-1400.5799560546875,-1391.0999755859375,-1374.0999755859375,-1341.0,-1286.0,-1237.0,-1211.0,-1202.699951171875,-1184.8399658203125
28238,-1290.260009765625,0.0,0.0,4.520744323730469,-1290.260009765625,-1286.0,63.45574951171875,-1400.5799560546875,-1391.0999755859375,-1374.0999755859375,-1341.0,-1286.0,-1237.0,-1211.0,-1202.699951171875,-1184.8399658203125
28245,-1290.260009765625,0.0,0.0,4.520843982696533,-1290.260009765625,-1286.0,63.45574951171875,-1400.5799560546875,-1391.0999755859375,-1374.0999755859375,-1341.0,-1286.0,-1237.0,-1211.0,-1202.699951171875,-1184.8399658203125
28252,-1290.280029296875,0.0,0.0,4.517552375793457,-1290.280029296875,-1286.0,63.43928146362305,-1400.5799560546875,-1391.0999755859375,-1374.0999755859375,-1341.0,-1286.0,-1238.5,-1211.0,-1202.699951171875,-1184.8399658203125
28259,-1290.280029296875,0.0,0.0,4.514199733734131,-1290.280029296875,-1286.0,63.43928146362305,-1400.5799560546875,-1391.0999755859375,-1374.0999755859375,-1341.0,-1286.0,-1238.5,-1211.0,-1202.699951171875,-1184.8399658203125
28266,-1290.280029296875,0.0,0.0,4.509706497192383,-1290.280029296875,-1286.0,63.43928146362305,-1400.5799560546875,-1391.0999755859375,-1374.0999755859375,-1341.0,-1286.0,-1238.5,-1211.0,-1202.699951171875,-1184.8399658203125
28273,-1290.280029296875,0.0,0.0,4.511624336242676,-1290.280029296875,-1286.0,63.43928146362305,-1400.5799560546875,-1391.0999755859375,-1374.0999755859375,-1341.0,-1286.0,-1238.5,-1211.0,-1202.699951171875,-1184.8399658203125
28280,-1290.280029296875,0.0,0.0,4.510124206542969,-1290.280029296875,-1286.0,63.43928146362305,-1400.5799560546875,-1391.0999755859375,-1374.0999755859375,-1341.0,-1286.0,-1238.5,-1211.0,-1202.699951171875,-1184.8399658203125
28287,-1290.280029296875,0.0,0.0,4.511857032775879,-1290.280029296875,-1286.0,63.43928146362305,-1400.5799560546875,-1391.0999755859375,-1374.0999755859375,-1341.0,-1286.0,-1238.5,-1211.0,-1202.699951171875,-1184.8399658203125
28294,-1290.280029296875,0.0,0.0,4.513194561004639,-1290.280029296875,-1286.0,63.43928146362305,-1400.5799560546875,-1391.0999755859375,-1374.0999755859375,-1341.0,-1286.0,-1238.5,-1211.0,-1202.699951171875,-1184.8399658203125
28301,-1290.280029296875,0.0,0.0,4.511967182159424,-1290.280029296875,-1286.0,63.43928146362305,-1400.5799560546875,-1391.0999755859375,-1374.0999755859375,-1341.0,-1286.0,-1238.5,-1211.0,-1202.699951171875,-1184.8399658203125
28308,-1290.280029296875,0.0,0.0,4.5053606033325195,-1290.280029296875,-1286.0,63.43928146362305,-1400.5799560546875,-1391.0999755859375,-1374.0999755859375,-1341.0,-1286.0,-1238.5,-1211.0,-1202.699951171875,-1184.8399658203125
28315,-1290.280029296875,0.0,0.0,4.502578258514404,-1290.280029296875,-1286.0,63.43928146362305,-1400.5799560546875,-1391.0999755859375,-1374.0999755859375,-1341.0,-1286.0,-1238.5,-1211.0,-1202.699951171875,-1184.8399658203125
28322,-1290.280029296875,0.0,0.0,4.498801231384277,-1290.280029296875,-1286.0,63.43928146362305,-1400.5799560546875,-1391.0999755859375,-1374.0999755859375,-1341.0,-1286.0,-1238.5,-1211.0,-1202.699951171875,-1184.8399658203125
28329,-1290.280029296875,0.0,0.0,4.498880386352539,-1290.280029296875,-1286.0,63.43928146362305,-1400.5799560546875,-1391.0999755859375,-1374.0999755859375,-1341.0,-1286.0,-1238.5,-1211.0,-1202.699951171875,-1184.8399658203125
28336,-1290.280029296875,0.0,0.0,4.491444110870361,-1290.280029296875,-1286.0,63.43928146362305,-1400.5799560546875,-1391.0999755859375,-1374.0999755859375,-1341.0,-1286.0,-1238.5,-1211.0,-1202.699951171875,-1184.8399658203125
28343,-1290.280029296875,0.0,0.0,4.488372325897217,-1290.280029296875,-1286.0,63.43928146362305,-1400.5799560546875,-1391.0999755859375,-1374.0999755859375,-1341.0,-1286.0,-1238.5,-1211.0,-1202.699951171875,-1184.8399658203125
28350,-1290.280029296875,0.0,0.0,4.489920616149902,-1290.280029296875,-1286.0,63.43928146362305,-1400.5799560546875,-1391.0999755859375,-1374.0999755859375,-1341.0,-1286.0,-1238.5,-1211.0,-1202.699951171875,-1184.8399658203125
28357,-1290.280029296875,0.0,0.0,4.489832878112793,-1290.280029296875,-1286.0,63.43928146362305,-1400.5799560546875,-1391.0999755859375,-1374.0999755859375,-1341.0,-1286.0,-1238.5,-1211.0,-1202.699951171875,-1184.8399658203125
28364,-1290.280029296875,0.0,0.0,4.487359046936035,-1290.280029296875,-1286.0,63.43928146362305,-1400.5799560546875,-1391.0999755859375,-1374.0999755859375,-1341.0,-1286.0,-1238.5,-1211.0,-1202.699951171875,-1184.8399658203125
28371,-1290.280029296875,0.0,0.0,4.488352298736572,-1290.280029296875,-1286.0,63.43928146362305,-1400.5799560546875,-1391.0999755859375,-1374.0999755859375,-1341.0,-1286.0,-1238.5,-1211.0,-1202.699951171875,-1184.8399658203125
28378,-1290.280029296875,0.0,0.0,4.483453750610352,-1290.280029296875,-1286.0,63.43928146362305,-1400.5799560546875,-1391.0999755859375,-1374.0999755859375,-1341.0,-1286.0,-1238.5,-1211.0,-1202.699951171875,-1184.8399658203125
28385,-1290.280029296875,0.0,0.0,4.479888439178467,-1290.280029296875,-1286.0,63.43928146362305,-1400.5799560546875,-1391.0999755859375,-1374.0999755859375,-1341.0,-1286.0,-1238.5,-1211.0,-1202.699951171875,-1184.8399658203125
28392,-1290.2999267578125,0.0,0.0,4.478301048278809,-1290.300048828125,-1286.0,63.41017532348633,-1400.5799560546875,-1391.0999755859375,-1374.0999755859375,-1341.0,-1286.0,-1238.5,-1211.0,-1202.800048828125,-1184.8399658203125
28399,-1290.2999267578125,0.0,0.0,4.481025218963623,-1290.300048828125,-1286.0,63.41017532348633,-1400.5799560546875,-1391.0999755859375,-1374.0999755859375,-1341.0,-1286.0,-1238.5,-1211.0,-1202.800048828125,-1184.8399658203125
28406,-1290.2999267578125,0.0,0.0,4.482726097106934,-1290.300048828125,-1286.0,63.41017532348633,-1400.5799560546875,-1391.0999755859375,-1374.0999755859375,-1341.0,-1286.0,-1238.5,-1211.0,-1202.800048828125,-1184.8399658203125
28413,-1290.2999267578125,0.0,0.0,4.48322057723999,-1290.300048828125,-1286.0,63.41017532348633,-1400.5799560546875,-1391.0999755859375,-1374.0999755859375,-1341.0,-1286.0,-1238.5,-1211.0,-1202.800048828125,-1184.8399658203125
28420,-1290.2999267578125,0.0,0.0,4.486968517303467,-1290.300048828125,-1286.0,63.41017532348633,-1400.5799560546875,-1391.0999755859375,-1374.0999755859375,-1341.0,-1286.0,-1238.5,-1211.0,-1202.800048828125,-1184.8399658203125
28427,-1290.2999267578125,0.0,0.0,4.4802398681640625,-1290.300048828125,-1286.0,63.41017532348633,-1400.5799560546875,-1391.0999755859375,-1374.0999755859375,-1341.0,-1286.0,-1238.5,-1211.0,-1202.800048828125,-1184.8399658203125
28434,-1290.2999267578125,0.0,0.0,4.477016925811768,-1290.300048828125,-1286.0,63.41017532348633,-1400.5799560546875,-1391.0999755859375,-1374.0999755859375,-1341.0,-1286.0,-1238.5,-1211.0,-1202.800048828125,-1184.8399658203125
28441,-1290.2999267578125,0.0,0.0,4.473724365234375,-1290.300048828125,-1286.0,63.41017532348633,-1400.5799560546875,-1391.0999755859375,-1374.0999755859375,-1341.0,-1286.0,-1238.5,-1211.0,-1202.800048828125,-1184.8399658203125
28448,-1290.2999267578125,0.0,0.0,4.473763465881348,-1290.300048828125,-1286.0,63.41017532348633,-1400.5799560546875,-1391.0999755859375,-1374.0999755859375,-1341.0,-1286.0,-1238.5,-1211.0,-1202.800048828125,-1184.8399658203125
28455,-1290.2999267578125,0.0,0.0,4.474849224090576,-1290.300048828125,-1286.0,63.41017532348633,-1400.5799560546875,-1391.0999755859375,-1374.0999755859375,-1341.0,-1286.0,-1238.5,-1211.0,-1202.800048828125,-1184.8399658203125
28462,-1290.2999267578125,0.0,0.0,4.472177028656006,-1290.300048828125,-1286.0,63.41017532348633,-1400.5799560546875,-1391.0999755859375,-1374.0999755859375,-1341.0,-1286.0,-1238.5,-1211.0,-1202.800048828125,-1184.8399658203125
28469,-1290.2999267578125,0.0,0.0,4.468500137329102,-1290.300048828125,-1286.0,63.41017532348633,-1400.5799560546875,-1391.0999755859375,-1374.0999755859375,-1341.0,-1286.0,-1238.5,-1211.0,-1202.800048828125,-1184.8399658203125
28476,-1290.2999267578125,0.0,0.0,4.469478607177734,-1290.300048828125,-1286.0,63.41017532348633,-1400.5799560546875,-1391.0999755859375,-1374.0999755859375,-1341.0,-1286.0,-1238.5,-1211.0,-1202.800048828125,-1184.8399658203125
28483,-1290.2999267578125,0.0,0.0,4.465775489807129,-1290.300048828125,-1286.0,63.41017532348633,-1400.5799560546875,-1391.0999755859375,-1374.0999755859375,-1341.0,-1286.0,-1238.5,-1211.0,-1202.800048828125,-1184.8399658203125
28490,-1290.2999267578125,0.0,0.0,4.466775894165039,-1290.300048828125,-1286.0,63.41017532348633,-1400.5799560546875,-1391.0999755859375,-1374.0999755859375,-1341.0,-1286.0,-1238.5,-1211.0,-1202.800048828125,-1184.8399658203125
28497,-1290.2999267578125,0.0,0.0,4.470768451690674,-1290.300048828125,-1286.0,63.41017532348633,-1400.5799560546875,-1391.0999755859375,-1374.0999755859375,-1341.0,-1286.0,-1238.5,-1211.0,-1202.800048828125,-1184.8399658203125
28504,-1290.2999267578125,0.0,0.0,4.468423366546631,-1290.300048828125,-1286.0,63.41017532348633,-1400.5799560546875,-1391.0999755859375,-1374.0999755859375,-1341.0,-1286.0,-1238.5,-1211.0,-1202.800048828125,-1184.8399658203125
28511,-1290.2999267578125,0.0,0.0,4.466529846191406,-1290.300048828125,-1286.0,63.41017532348633,-1400.5799560546875,-1391.0999755859375,-1374.0999755859375,-1341.0,-1286.0,-1238.5,-1211.0,-1202.800048828125,-1184.8399658203125
28518,-1290.2999267578125,0.0,0.0,4.464667320251465,-1290.300048828125,-1286.0,63.41017532348633,-1400.5799560546875,-1391.0999755859375,-1374.0999755859375,-1341.0,-1286.0,-1238.5,-1211.0,-1202.800048828125,-1184.8399658203125
28525,-1290.2999267578125,0.0,0.0,4.465338230133057,-1290.300048828125,-1286.0,63.41017532348633,-1400.5799560546875,-1391.0999755859375,-1374.0999755859375,-1341.0,-1286.0,-1238.5,-1211.0,-1202.800048828125,-1184.8399658203125
28532,-1290.2999267578125,0.0,0.0,4.466492176055908,-1290.300048828125,-1286.0,63.41017532348633,-1400.5799560546875,-1391.0999755859375,-1374.0999755859375,-1341.0,-1286.0,-1238.5,-1211.0,-1202.800048828125,-1184.8399658203125
28539,-1290.2999267578125,0.0,0.0,4.466334819793701,-1290.300048828125,-1286.0,63.41017532348633,-1400.5799560546875,-1391.0999755859375,-1374.0999755859375,-1341.0,-1286.0,-1238.5,-1211.0,-1202.800048828125,-1184.8399658203125
28546,-1290.2999267578125,0.0,0.0,4.467928409576416,-1290.300048828125,-1286.0,63.41017532348633,-1400.5799560546875,-1391.0999755859375,-1374.0999755859375,-1341.0,-1286.0,-1238.5,-1211.0,-1202.800048828125,-1184.8399658203125
28553,-1290.2999267578125,0.0,0.0,4.464986801147461,-1290.300048828125,-1286.0,63.41017532348633,-1400.5799560546875,-1391.0999755859375,-1374.0999755859375,-1341.0,-1286.0,-1238.5,-1211.0,-1202.800048828125,-1184.8399658203125
28560,-1290.2999267578125,0.0,0.0,4.458608150482178,-1290.300048828125,-1286.0,63.41017532348633,-1400.5799560546875,-1391.0999755859375,-1374.0999755859375,-1341.0,-1286.0,-1238.5,-1211.0,-1202.800048828125,-1184.8399658203125
28567,-1290.2999267578125,0.0,0.0,4.461001873016357,-1290.300048828125,-1286.0,63.41017532348633,-1400.5799560546875,-1391.0999755859375,-1374.0999755859375,-1341.0,-1286.0,-1238.5,-1211.0,-1202.800048828125,-1184.8399658203125
28574,-1290.2999267578125,0.0,0.0,4.4566497802734375,-1290.300048828125,-1286.0,63.41017532348633,-1400.5799560546875,-1391.0999755859375,-1374.0999755859375,-1341.0,-1286.0,-1238.5,-1211.0,-1202.800048828125,-1184.8399658203125
28581,-1290.2999267578125,0.0,0.0,4.454497814178467,-1290.300048828125,-1286.0,63.41017532348633,-1400.5799560546875,-1391.0999755859375,-1374.0999755859375,-1341.0,-1286.0,-1238.5,-1211.0,-1202.800048828125,-1184.8399658203125
28588,-1290.2999267578125,0.0,0.0,4.455537796020508,-1290.300048828125,-1286.0,63.41017532348633,-1400.5799560546875,-1391.0999755859375,-1374.0999755859375,-1341.0,-1286.0,-1238.5,-1211.0,-1202.800048828125,-1184.8399658203125
28595,-1290.2999267578125,0.0,0.0,4.444260597229004,-1290.300048828125,-1286.0,63.41017532348633,-1400.5799560546875,-1391.0999755859375,-1374.0999755859375,-1341.0,-1286.0,-1238.5,-1211.0,-1202.800048828125,-1184.8399658203125
28602,-1290.2999267578125,0.0,0.0,4.4438252449035645,-1290.300048828125,-1286.0,63.41017532348633,-1400.5799560546875,-1391.0999755859375,-1374.0999755859375,-1341.0,-1286.0,-1238.5,-1211.0,-1202.800048828125,-1184.8399658203125
28609,-1290.2999267578125,0.0,0.0,4.4406280517578125,-1290.300048828125,-1286.0,63.41017532348633,-1400.5799560546875,-1391.0999755859375,-1374.0999755859375,-1341.0,-1286.0,-1238.5,-1211.0,-1202.800048828125,-1184.8399658203125
28616,-1290.2999267578125,0.0,0.0,4.439638137817383,-1290.300048828125,-1286.0,63.41017532348633,-1400.5799560546875,-1391.0999755859375,-1374.0999755859375,-1341.0,-1286.0,-1238.5,-1211.0,-1202.800048828125,-1184.8399658203125
28623,-1290.2999267578125,0.0,0.0,4.436499118804932,-1290.300048828125,-1286.0,63.41017532348633,-1400.5799560546875,-1391.0999755859375,-1374.0999755859375,-1341.0,-1286.0,-1238.5,-1211.0,-1202.800048828125,-1184.8399658203125
28630,-1290.2999267578125,0.0,0.0,4.435096263885498,-1290.300048828125,-1286.0,63.41017532348633,-1400.5799560546875,-1391.0999755859375,-1374.0999755859375,-1341.0,-1286.0,-1238.5,-1211.0,-1202.800048828125,-1184.8399658203125
28637,-1290.2999267578125,0.0,0.0,4.438714504241943,-1290.300048828125,-1286.0,63.41017532348633,-1400.5799560546875,-1391.0999755859375,-1374.0999755859375,-1341.0,-1286.0,-1238.5,-1211.0,-1202.800048828125,-1184.8399658203125
28644,-1290.2999267578125,0.0,0.0,4.435935974121094,-1290.300048828125,-1286.0,63.41017532348633,-1400.5799560546875,-1391.0999755859375,-1374.0999755859375,-1341.0,-1286.0,-1238.5,-1211.0,-1202.800048828125,-1184.8399658203125
28651,-1290.2999267578125,0.0,0.0,4.4330220222473145,-1290.300048828125,-1286.0,63.41017532348633,-1400.5799560546875,-1391.0999755859375,-1374.0999755859375,-1341.0,-1286.0,-1238.5,-1211.0,-1202.800048828125,-1184.8399658203125
28658,-1290.2999267578125,0.0,0.0,4.431885719299316,-1290.300048828125,-1286.0,63.41017532348633,-1400.5799560546875,-1391.0999755859375,-1374.0999755859375,-1341.0,-1286.0,-1238.5,-1211.0,-1202.800048828125,-1184.8399658203125
28665,-1290.3199462890625,0.0,0.0,4.426537990570068,-1290.3199462890625,-1286.0,63.4406623840332,-1400.5799560546875,-1391.0999755859375,-1374.0999755859375,-1341.0,-1286.0,-1238.5,-1211.0,-1202.800048828125,-1184.8399658203125
28672,-1290.3199462890625,0.0,0.0,4.428029537200928,-1290.3199462890625,-1286.0,63.4406623840332,-1400.5799560546875,-1391.0999755859375,-1374.0999755859375,-1341.0,-1286.0,-1238.5,-1211.0,-1202.800048828125,-1184.8399658203125
28679,-1290.3199462890625,0.0,0.0,4.430392265319824,-1290.3199462890625,-1286.0,63.4406623840332,-1400.5799560546875,-1391.0999755859375,-1374.0999755859375,-1341.0,-1286.0,-1238.5,-1211.0,-1202.800048828125,-1184.8399658203125
28686,-1290.3199462890625,0.0,0.0,4.4290618896484375,-1290.3199462890625,-1286.0,63.4406623840332,-1400.5799560546875,-1391.0999755859375,-1374.0999755859375,-1341.0,-1286.0,-1238.5,-1211.0,-1202.800048828125,-1184.8399658203125
28693,-1290.3199462890625,0.0,0.0,4.4227447509765625,-1290.3199462890625,-1286.0,63.4406623840332,-1400.5799560546875,-1391.0999755859375,-1374.0999755859375,-1341.0,-1286.0,-1238.5,-1211.0,-1202.800048828125,-1184.8399658203125
28700,-1290.3199462890625,0.0,0.0,4.4167160987854,-1290.3199462890625,-1286.0,63.4406623840332,-1400.5799560546875,-1391.0999755859375,-1374.0999755859375,-1341.0,-1286.0,-1238.5,-1211.0,-1202.800048828125,-1184.8399658203125
28707,-1290.3199462890625,0.0,0.0,4.418323040008545,-1290.3199462890625,-1286.0,63.4406623840332,-1400.5799560546875,-1391.0999755859375,-1374.0999755859375,-1341.0,-1286.0,-1238.5,-1211.0,-1202.800048828125,-1184.8399658203125
28714,-1290.3199462890625,0.0,0.0,4.421581745147705,-1290.3199462890625,-1286.0,63.4406623840332,-1400.5799560546875,-1391.0999755859375,-1374.0999755859375,-1341.0,-1286.0,-1238.5,-1211.0,-1202.800048828125,-1184.8399658203125
28721,-1290.3199462890625,0.0,0.0,4.416644096374512,-1290.3199462890625,-1286.0,63.4406623840332,-1400.5799560546875,-1391.0999755859375,-1374.0999755859375,-1341.0,-1286.0,-1238.5,-1211.0,-1202.800048828125,-1184.8399658203125
28728,-1290.3199462890625,0.0,0.0,4.415447235107422,-1290.3199462890625,-1286.0,63.4406623840332,-1400.5799560546875,-1391.0999755859375,-1374.0999755859375,-1341.0,-1286.0,-1238.5,-1211.0,-1202.800048828125,-1184.8399658203125
28735,-1290.3199462890625,0.0,0.0,4.414690971374512,-1290.3199462890625,-1286.0,63.4406623840332,-1400.5799560546875,-1391.0999755859375,-1374.0999755859375,-1341.0,-1286.0,-1238.5,-1211.0,-1202.800048828125,-1184.8399658203125
28742,-1290.3199462890625,0.0,0.0,4.410141944885254,-1290.3199462890625,-1286.0,63.4406623840332,-1400.5799560546875,-1391.0999755859375,-1374.0999755859375,-1341.0,-1286.0,-1238.5,-1211.0,-1202.800048828125,-1184.8399658203125
28749,-1290.3199462890625,0.0,0.0,4.4181976318359375,-1290.3199462890625,-1286.0,63.4406623840332,-1400.5799560546875,-1391.0999755859375,-1374.0999755859375,-1341.0,-1286.0,-1238.5,-1211.0,-1202.800048828125,-1184.8399658203125
28756,-1290.3199462890625,0.0,0.0,4.412679672241211,-1290.3199462890625,-1286.0,63.4406623840332,-1400.5799560546875,-1391.0999755859375,-1374.0999755859375,-1341.0,-1286.0,-1238.5,-1211.0,-1202.800048828125,-1184.8399658203125
28763,-1290.3199462890625,0.0,0.0,4.4077630043029785,-1290.3199462890625,-1286.0,63.4406623840332,-1400.5799560546875,-1391.0999755859375,-1374.0999755859375,-1341.0,-1286.0,-1238.5,-1211.0,-1202.800048828125,-1184.8399658203125
28770,-1290.3199462890625,0.0,0.0,4.4132795333862305,-1290.3199462890625,-1286.0,63.4406623840332,-1400.5799560546875,-1391.0999755859375,-1374.0999755859375,-1341.0,-1286.0,-1238.5,-1211.0,-1202.800048828125,-1184.8399658203125
28777,-1290.3199462890625,0.0,0.0,4.410068988800049,-1290.3199462890625,-1286.0,63.4406623840332,-1400.5799560546875,-1391.0999755859375,-1374.0999755859375,-1341.0,-1286.0,-1238.5,-1211.0,-1202.800048828125,-1184.8399658203125
28784,-1290.3199462890625,0.0,0.0,4.413100719451904,-1290.3199462890625,-1286.0,63.4406623840332,-1400.5799560546875,-1391.0999755859375,-1374.0999755859375,-1341.0,-1286.0,-1238.5,-1211.0,-1202.800048828125,-1184.8399658203125
28791,-1290.3199462890625,0.0,0.0,4.415555477142334,-1290.3199462890625,-1286.0,63.4406623840332,-1400.5799560546875,-1391.0999755859375,-1374.0999755859375,-1341.0,-1286.0,-1238.5,-1211.0,-1202.800048828125,-1184.8399658203125
28798,-1290.3199462890625,0.0,0.0,4.41467809677124,-1290.3199462890625,-1286.0,63.4406623840332,-1400.5799560546875,-1391.0999755859375,-1374.0999755859375,-1341.0,-1286.0,-1238.5,-1211.0,-1202.800048828125,-1184.8399658203125
28805,-1290.3199462890625,0.0,0.0,4.413877010345459,-1290.3199462890625,-1286.0,63.4406623840332,-1400.5799560546875,-1391.0999755859375,-1374.0999755859375,-1341.0,-1286.0,-1238.5,-1211.0,-1202.800048828125,-1184.8399658203125
28812,-1290.3199462890625,0.0,0.0,4.414137363433838,-1290.3199462890625,-1286.0,63.4406623840332,-1400.5799560546875,-1391.0999755859375,-1374.0999755859375,-1341.0,-1286.0,-1238.5,-1211.0,-1202.800048828125,-1184.8399658203125
28819,-1290.3199462890625,0.0,0.0,4.412008285522461,-1290.3199462890625,-1286.0,63.4406623840332,-1400.5799560546875,-1391.0999755859375,-1374.0999755859375,-1341.0,-1286.0,-1238.5,-1211.0,-1202.800048828125,-1184.8399658203125
28826,-1290.3199462890625,0.0,0.0,4.414103984832764,-1290.3199462890625,-1286.0,63.4406623840332,-1400.5799560546875,-1391.0999755859375,-1374.0999755859375,-1341.0,-1286.0,-1238.5,-1211.0,-1202.800048828125,-1184.8399658203125
28833,-1290.3199462890625,0.0,0.0,4.413514137268066,-1290.3199462890625,-1286.0,63.4406623840332,-1400.5799560546875,-1391.0999755859375,-1374.0999755859375,-1341.0,-1286.0,-1238.5,-1211.0,-1202.800048828125,-1184.8399658203125
28840,-1290.3199462890625,0.0,0.0,4.411423206329346,-1290.3199462890625,-1286.0,63.4406623840332,-1400.5799560546875,-1391.0999755859375,-1374.0999755859375,-1341.0,-1286.0,-1238.5,-1211.0,-1202.800048828125,-1184.8399658203125
28847,-1290.3199462890625,0.0,0.0,4.4108781814575195,-1290.3199462890625,-1286.0,63.4406623840332,-1400.5799560546875,-1391.0999755859375,-1374.0999755859375,-1341.0,-1286.0,-1238.5,-1211.0,-1202.800048828125,-1184.8399658203125
28854,-1290.3199462890625,0.0,0.0,4.4091715812683105,-1290.3199462890625,-1286.0,63.4406623840332,-1400.5799560546875,-1391.0999755859375,-1374.0999755859375,-1341.0,-1286.0,-1238.5,-1211.0,-1202.800048828125,-1184.8399658203125
28861,-1290.3199462890625,0.0,0.0,4.412647724151611,-1290.3199462890625,-1286.0,63.4406623840332,-1400.5799560546875,-1391.0999755859375,-1374.0999755859375,-1341.0,-1286.0,-1238.5,-1211.0,-1202.800048828125,-1184.8399658203125
28868,-1290.3199462890625,0.0,0.0,4.408792972564697,-1290.3199462890625,-1286.0,63.4406623840332,-1400.5799560546875,-1391.0999755859375,-1374.0999755859375,-1341.0,-1286.0,-1238.5,-1211.0,-1202.800048828125,-1184.8399658203125
28875,-1290.3199462890625,0.0,0.0,4.40981388092041,-1290.3199462890625,-1286.0,63.4406623840332,-1400.5799560546875,-1391.0999755859375,-1374.0999755859375,-1341.0,-1286.0,-1238.5,-1211.0,-1202.800048828125,-1184.8399658203125
28882,-1290.3199462890625,0.0,0.0,4.404323101043701,-1290.3199462890625,-1286.0,63.4406623840332,-1400.5799560546875,-1391.0999755859375,-1374.0999755859375,-1341.0,-1286.0,-1238.5,-1211.0,-1202.800048828125,-1184.8399658203125
28889,-1290.3199462890625,0.0,0.0,4.4036149978637695,-1290.3199462890625,-1286.0,63.4406623840332,-1400.5799560546875,-1391.0999755859375,-1374.0999755859375,-1341.0,-1286.0,-1238.5,-1211.0,-1202.800048828125,-1184.8399658203125
28896,-1290.3199462890625,0.0,0.0,4.402089595794678,-1290.3199462890625,-1286.0,63.4406623840332,-1400.5799560546875,-1391.0999755859375,-1374.0999755859375,-1341.0,-1286.0,-1238.5,-1211.0,-1202.800048828125,-1184.8399658203125
28903,-1290.3199462890625,0.0,0.0,4.400411128997803,-1290.3199462890625,-1286.0,63.4406623840332,-1400.5799560546875,-1391.0999755859375,-1374.0999755859375,-1341.0,-1286.0,-1238.5,-1211.0,-1202.800048828125,-1184.8399658203125
28910,-1290.3199462890625,0.0,0.0,4.393406867980957,-1290.3199462890625,-1286.0,63.4406623840332,-1400.5799560546875,-1391.0999755859375,-1374.0999755859375,-1341.0,-1286.0,-1238.5,-1211.0,-1202.800048828125,-1184.8399658203125
28917,-1290.3199462890625,0.0,0.0,4.395889759063721,-1290.3199462890625,-1286.0,63.4406623840332,-1400.5799560546875,-1391.0999755859375,-1374.0999755859375,-1341.0,-1286.0,-1238.5,-1211.0,-1202.800048828125,-1184.8399658203125
28924,-1290.3199462890625,0.0,0.0,4.3971848487854,-1290.3199462890625,-1286.0,63.4406623840332,-1400.5799560546875,-1391.0999755859375,-1374.0999755859375,-1341.0,-1286.0,-1238.5,-1211.0,-1202.800048828125,-1184.8399658203125
28931,-1290.3199462890625,0.0,0.0,4.399299144744873,-1290.3199462890625,-1286.0,63.4406623840332,-1400.5799560546875,-1391.0999755859375,-1374.0999755859375,-1341.0,-1286.0,-1238.5,-1211.0,-1202.800048828125,-1184.8399658203125
28938,-1290.3199462890625,0.0,0.0,4.393970012664795,-1290.3199462890625,-1286.0,63.4406623840332,-1400.5799560546875,-1391.0999755859375,-1374.0999755859375,-1341.0,-1286.0,-1238.5,-1211.0,-1202.800048828125,-1184.8399658203125
28945,-1290.3199462890625,0.0,0.0,4.398270606994629,-1290.3199462890625,-1286.0,63.4406623840332,-1400.5799560546875,-1391.0999755859375,-1374.0999755859375,-1341.0,-1286.0,-1238.5,-1211.0,-1202.800048828125,-1184.8399658203125
28952,-1290.3199462890625,0.0,0.0,4.401556968688965,-1290.3199462890625,-1286.0,63.4406623840332,-1400.5799560546875,-1391.0999755859375,-1374.0999755859375,-1341.0,-1286.0,-1238.5,-1211.0,-1202.800048828125,-1184.8399658203125
28959,-1290.3199462890625,0.0,0.0,4.403758525848389,-1290.3199462890625,-1286.0,63.4406623840332,-1400.5799560546875,-1391.0999755859375,-1374.0999755859375,-1341.0,-1286.0,-1238.5,-1211.0,-1202.800048828125,-1184.8399658203125
28966,-1290.3199462890625,0.0,0.0,4.402064800262451,-1290.3199462890625,-1286.0,63.4406623840332,-1400.5799560546875,-1391.0999755859375,-1374.0999755859375,-1341.0,-1286.0,-1238.5,-1211.0,-1202.800048828125,-1184.8399658203125
28973,-1290.3199462890625,0.0,0.0,4.405676364898682,-1290.3199462890625,-1286.0,63.4406623840332,-1400.5799560546875,-1391.0999755859375,-1374.0999755859375,-1341.0,-1286.0,-1238.5,-1211.0,-1202.800048828125,-1184.8399658203125
28980,-1290.3199462890625,0.0,0.0,4.403834342956543,-1290.3199462890625,-1286.0,63.4406623840332,-1400.5799560546875,-1391.0999755859375,-1374.0999755859375,-1341.0,-1286.0,-1238.5,-1211.0,-1202.800048828125,-1184.8399658203125
28987,-1290.3199462890625,0.0,0.0,4.400425910949707,-1290.3199462890625,-1286.0,63.4406623840332,-1400.5799560546875,-1391.0999755859375,-1374.0999755859375,-1341.0,-1286.0,-1238.5,-1211.0,-1202.800048828125,-1184.8399658203125
28994,-1290.3199462890625,0.0,0.0,4.400414943695068,-1290.3199462890625,-1286.0,63.4406623840332,-1400.5799560546875,-1391.0999755859375,-1374.0999755859375,-1341.0,-1286.0,-1238.5,-1211.0,-1202.800048828125,-1184.8399658203125
29001,-1290.3199462890625,0.0,0.0,4.398343563079834,-1290.3199462890625,-1286.0,63.4406623840332,-1400.5799560546875,-1391.0999755859375,-1374.0999755859375,-1341.0,-1286.0,-1238.5,-1211.0,-1202.800048828125,-1184.8399658203125
29008,-1290.3199462890625,0.0,0.0,4.396045207977295,-1290.3199462890625,-1286.0,63.4406623840332,-1400.5799560546875,-1391.0999755859375,-1374.0999755859375,-1341.0,-1286.0,-1238.5,-1211.0,-1202.800048828125,-1184.8399658203125
29015,-1290.3199462890625,0.0,0.0,4.397225379943848,-1290.3199462890625,-1286.0,63.4406623840332,-1400.5799560546875,-1391.0999755859375,-1374.0999755859375,-1341.0,-1286.0,-1238.5,-1211.0,-1202.800048828125,-1184.8399658203125
29022,-1290.3199462890625,0.0,0.0,4.3997039794921875,-1290.3199462890625,-1286.0,63.4406623840332,-1400.5799560546875,-1391.0999755859375,-1374.0999755859375,-1341.0,-1286.0,-1238.5,-1211.0,-1202.800048828125,-1184.8399658203125
29029,-1290.3199462890625,0.0,0.0,4.393871784210205,-1290.3199462890625,-1286.0,63.4406623840332,-1400.5799560546875,-1391.0999755859375,-1374.0999755859375,-1341.0,-1286.0,-1238.5,-1211.0,-1202.800048828125,-1184.8399658203125
29036,-1290.3199462890625,0.0,0.0,4.3981781005859375,-1290.3199462890625,-1286.0,63.4406623840332,-1400.5799560546875,-1391.0999755859375,-1374.0999755859375,-1341.0,-1286.0,-1238.5,-1211.0,-1202.800048828125,-1184.8399658203125
29043,-1290.3199462890625,0.0,0.0,4.3955397605896,-1290.3199462890625,-1286.0,63.4406623840332,-1400.5799560546875,-1391.0999755859375,-1374.0999755859375,-1341.0,-1286.0,-1238.5,-1211.0,-1202.800048828125,-1184.8399658203125
29050,-1290.3199462890625,0.0,0.0,4.393211841583252,-1290.3199462890625,-1286.0,63.4406623840332,-1400.5799560546875,-1391.0999755859375,-1374.0999755859375,-1341.0,-1286.0,-1238.5,-1211.0,-1202.800048828125,-1184.8399658203125
29057,-1290.3199462890625,0.0,0.0,4.395469665527344,-1290.3199462890625,-1286.0,63.4406623840332,-1400.5799560546875,-1391.0999755859375,-1374.0999755859375,-1341.0,-1286.0,-1238.5,-1211.0,-1202.800048828125,-1184.8399658203125
29064,-1290.3199462890625,0.0,0.0,4.388017654418945,-1290.3199462890625,-1286.0,63.4406623840332,-1400.5799560546875,-1391.0999755859375,-1374.0999755859375,-1341.0,-1286.0,-1238.5,-1211.0,-1202.800048828125,-1184.8399658203125
29071,-1290.3399658203125,0.0,0.0,4.392430305480957,-1290.3399658203125,-1286.0,63.47050094604492,-1400.5799560546875,-1391.0999755859375,-1374.0999755859375,-1341.0,-1286.0,-1238.5,-1211.0,-1202.800048828125,-1184.8399658203125
29078,-1290.3399658203125,0.0,0.0,4.395934581756592,-1290.3399658203125,-1286.0,63.47050094604492,-1400.5799560546875,-1391.0999755859375,-1374.0999755859375,-1341.0,-1286.0,-1238.5,-1211.0,-1202.800048828125,-1184.8399658203125
29085,-1290.3399658203125,0.0,0.0,4.396719455718994,-1290.3399658203125,-1286.0,63.47050094604492,-1400.5799560546875,-1391.0999755859375,-1374.0999755859375,-1341.0,-1286.0,-1238.5,-1211.0,-1202.800048828125,-1184.8399658203125
29092,-1290.3399658203125,0.0,0.0,4.396451473236084,-1290.3399658203125,-1286.0,63.47050094604492,-1400.5799560546875,-1391.0999755859375,-1374.0999755859375,-1341.0,-1286.0,-1238.5,-1211.0,-1202.800048828125,-1184.8399658203125
29099,-1290.3399658203125,0.0,0.0,4.392640590667725,-1290.3399658203125,-1286.0,63.47050094604492,-1400.5799560546875,-1391.0999755859375,-1374.0999755859375,-1341.0,-1286.0,-1238.5,-1211.0,-1202.800048828125,-1184.8399658203125
29106,-1290.3399658203125,0.0,0.0,4.390580177307129,-1290.3399658203125,-1286.0,63.47050094604492,-1400.5799560546875,-1391.0999755859375,-1374.0999755859375,-1341.0,-1286.0,-1238.5,-1211.0,-1202.800048828125,-1184.8399658203125
29113,-1290.3399658203125,0.0,0.0,4.389471530914307,-1290.3399658203125,-1286.0,63.47050094604492,-1400.5799560546875,-1391.0999755859375,-1374.0999755859375,-1341.0,-1286.0,-1238.5,-1211.0,-1202.800048828125,-1184.8399658203125
29120,-1290.3399658203125,0.0,0.0,4.390072345733643,-1290.3399658203125,-1286.0,63.47050094604492,-1400.5799560546875,-1391.0999755859375,-1374.0999755859375,-1341.0,-1286.0,-1238.5,-1211.0,-1202.800048828125,-1184.8399658203125
29127,-1290.3399658203125,0.0,0.0,4.385131359100342,-1290.3399658203125,-1286.0,63.47050094604492,-1400.5799560546875,-1391.0999755859375,-1374.0999755859375,-1341.0,-1286.0,-1238.5,-1211.0,-1202.800048828125,-1184.8399658203125
29134,-1290.3399658203125,0.0,0.0,4.3822455406188965,-1290.3399658203125,-1286.0,63.47050094604492,-1400.5799560546875,-1391.0999755859375,-1374.0999755859375,-1341.0,-1286.0,-1238.5,-1211.0,-1202.800048828125,-1184.8399658203125
29141,-1290.3399658203125,0.0,0.0,4.378108024597168,-1290.3399658203125,-1286.0,63.47050094604492,-1400.5799560546875,-1391.0999755859375,-1374.0999755859375,-1341.0,-1286.0,-1238.5,-1211.0,-1202.800048828125,-1184.8399658203125
29148,-1290.3399658203125,0.0,0.0,4.379134654998779,-1290.3399658203125,-1286.0,63.47050094604492,-1400.5799560546875,-1391.0999755859375,-1374.0999755859375,-1341.0,-1286.0,-1238.5,-1211.0,-1202.800048828125,-1184.8399658203125
29155,-1290.3399658203125,0.0,0.0,4.376665115356445,-1290.3399658203125,-1286.0,63.47050094604492,-1400.5799560546875,-1391.0999755859375,-1374.0999755859375,-1341.0,-1286.0,-1238.5,-1211.0,-1202.800048828125,-1184.8399658203125
29162,-1290.3399658203125,0.0,0.0,4.37791109085083,-1290.3399658203125,-1286.0,63.47050094604492,-1400.5799560546875,-1391.0999755859375,-1374.0999755859375,-1341.0,-1286.0,-1238.5,-1211.0,-1202.800048828125,-1184.8399658203125
29169,-1290.3399658203125,0.0,0.0,4.378257751464844,-1290.3399658203125,-1286.0,63.47050094604492,-1400.5799560546875,-1391.0999755859375,-1374.0999755859375,-1341.0,-1286.0,-1238.5,-1211.0,-1202.800048828125,-1184.8399658203125
29176,-1290.3399658203125,0.0,0.0,4.374267578125,-1290.3399658203125,-1286.0,63.47050094604492,-1400.5799560546875,-1391.0999755859375,-1374.0999755859375,-1341.0,-1286.0,-1238.5,-1211.0,-1202.800048828125,-1184.8399658203125
29183,-1290.3399658203125,0.0,0.0,4.378582000732422,-1290.3399658203125,-1286.0,63.47050094604492,-1400.5799560546875,-1391.0999755859375,-1374.0999755859375,-1341.0,-1286.0,-1238.5,-1211.0,-1202.800048828125,-1184.8399658203125
29190,-1290.3399658203125,0.0,0.0,4.375985145568848,-1290.3399658203125,-1286.0,63.47050094604492,-1400.5799560546875,-1391.0999755859375,-1374.0999755859375,-1341.0,-1286.0,-1238.5,-1211.0,-1202.800048828125,-1184.8399658203125
29197,-1290.3399658203125,0.0,0.0,4.379333019256592,-1290.3399658203125,-1286.0,63.47050094604492,-1400.5799560546875,-1391.0999755859375,-1374.0999755859375,-1341.0,-1286.0,-1238.5,-1211.0,-1202.800048828125,-1184.8399658203125
29204,-1290.3399658203125,0.0,0.0,4.375737190246582,-1290.3399658203125,-1286.0,63.47050094604492,-1400.5799560546875,-1391.0999755859375,-1374.0999755859375,-1341.0,-1286.0,-1238.5,-1211.0,-1202.800048828125,-1184.8399658203125
29211,-1290.3399658203125,0.0,0.0,4.375150203704834,-1290.3399658203125,-1286.0,63.47050094604492,-1400.5799560546875,-1391.0999755859375,-1374.0999755859375,-1341.0,-1286.0,-1238.5,-1211.0,-1202.800048828125,-1184.8399658203125
29218,-1290.3399658203125,0.0,0.0,4.375556468963623,-1290.3399658203125,-1286.0,63.47050094604492,-1400.5799560546875,-1391.0999755859375,-1374.0999755859375,-1341.0,-1286.0,-1238.5,-1211.0,-1202.800048828125,-1184.8399658203125
29225,-1290.3399658203125,0.0,0.0,4.374841690063477,-1290.3399658203125,-1286.0,63.47050094604492,-1400.5799560546875,-1391.0999755859375,-1374.0999755859375,-1341.0,-1286.0,-1238.5,-1211.0,-1202.800048828125,-1184.8399658203125
29232,-1290.3399658203125,0.0,0.0,4.376796722412109,-1290.3399658203125,-1286.0,63.47050094604492,-1400.5799560546875,-1391.0999755859375,-1374.0999755859375,-1341.0,-1286.0,-1238.5,-1211.0,-1202.800048828125,-1184.8399658203125
29239,-1290.3399658203125,0.0,0.0,4.372082233428955,-1290.3399658203125,-1286.0,63.47050094604492,-1400.5799560546875,-1391.0999755859375,-1374.0999755859375,-1341.0,-1286.0,-1238.5,-1211.0,-1202.800048828125,-1184.8399658203125
29246,-1290.3399658203125,0.0,0.0,4.370697021484375,-1290.3399658203125,-1286.0,63.47050094604492,-1400.5799560546875,-1391.0999755859375,-1374.0999755859375,-1341.0,-1286.0,-1238.5,-1211.0,-1202.800048828125,-1184.8399658203125
29253,-1290.3399658203125,0.0,0.0,4.370907783508301,-1290.3399658203125,-1286.0,63.47050094604492,-1400.5799560546875,-1391.0999755859375,-1374.0999755859375,-1341.0,-1286.0,-1238.5,-1211.0,-1202.800048828125,-1184.8399658203125
29260,-1290.3399658203125,0.0,0.0,4.372531890869141,-1290.3399658203125,-1286.0,63.47050094604492,-1400.5799560546875,-1391.0999755859375,-1374.0999755859375,-1341.0,-1286.0,-1238.5,-1211.0,-1202.800048828125,-1184.8399658203125
29267,-1290.3399658203125,0.0,0.0,4.373266696929932,-1290.3399658203125,-1286.0,63.47050094604492,-1400.5799560546875,-1391.0999755859375,-1374.0999755859375,-1341.0,-1286.0,-1238.5,-1211.0,-1202.800048828125,-1184.8399658203125
29274,-1290.3399658203125,0.0,0.0,4.36969518661499,-1290.3399658203125,-1286.0,63.47050094604492,-1400.5799560546875,-1391.0999755859375,-1374.0999755859375,-1341.0,-1286.0,-1238.5,-1211.0,-1202.800048828125,-1184.8399658203125
29281,-1290.3399658203125,0.0,0.0,4.370985507965088,-1290.3399658203125,-1286.0,63.47050094604492,-1400.5799560546875,-1391.0999755859375,-1374.0999755859375,-1341.0,-1286.0,-1238.5,-1211.0,-1202.800048828125,-1184.8399658203125
29288,-1290.3399658203125,0.0,0.0,4.3702921867370605,-1290.3399658203125,-1286.0,63.47050094604492,-1400.5799560546875,-1391.0999755859375,-1374.0999755859375,-1341.0,-1286.0,-1238.5,-1211.0,-1202.800048828125,-1184.8399658203125
29295,-1290.3399658203125,0.0,0.0,4.366354465484619,-1290.3399658203125,-1286.0,63.47050094604492,-1400.5799560546875,-1391.0999755859375,-1374.0999755859375,-1341.0,-1286.0,-1238.5,-1211.0,-1202.800048828125,-1184.8399658203125
29302,-1290.3399658203125,0.0,0.0,4.366148471832275,-1290.3399658203125,-1286.0,63.47050094604492,-1400.5799560546875,-1391.0999755859375,-1374.0999755859375,-1341.0,-1286.0,-1238.5,-1211.0,-1202.800048828125,-1184.8399658203125
29309,-1290.3399658203125,0.0,0.0,4.363157272338867,-1290.3399658203125,-1286.0,63.47050094604492,-1400.5799560546875,-1391.0999755859375,-1374.0999755859375,-1341.0,-1286.0,-1238.5,-1211.0,-1202.800048828125,-1184.8399658203125
29316,-1290.3399658203125,0.0,0.0,4.3630475997924805,-1290.3399658203125,-1286.0,63.47050094604492,-1400.5799560546875,-1391.0999755859375,-1374.0999755859375,-1341.0,-1286.0,-1238.5,-1211.0,-1202.800048828125,-1184.8399658203125
29323,-1290.3399658203125,0.0,0.0,4.36655855178833,-1290.3399658203125,-1286.0,63.47050094604492,-1400.5799560546875,-1391.0999755859375,-1374.0999755859375,-1341.0,-1286.0,-1238.5,-1211.0,-1202.800048828125,-1184.8399658203125
29330,-1290.3399658203125,0.0,0.0,4.3624982833862305,-1290.3399658203125,-1286.0,63.47050094604492,-1400.5799560546875,-1391.0999755859375,-1374.0999755859375,-1341.0,-1286.0,-1238.5,-1211.0,-1202.800048828125,-1184.8399658203125
29337,-1290.3399658203125,0.0,0.0,4.35523796081543,-1290.3399658203125,-1286.0,63.47050094604492,-1400.5799560546875,-1391.0999755859375,-1374.0999755859375,-1341.0,-1286.0,-1238.5,-1211.0,-1202.800048828125,-1184.8399658203125
29344,-1290.3399658203125,0.0,0.0,4.357953071594238,-1290.3399658203125,-1286.0,63.47050094604492,-1400.5799560546875,-1391.0999755859375,-1374.0999755859375,-1341.0,-1286.0,-1238.5,-1211.0,-1202.800048828125,-1184.8399658203125
29351,-1290.3399658203125,0.0,0.0,4.357844829559326,-1290.3399658203125,-1286.0,63.47050094604492,-1400.5799560546875,-1391.0999755859375,-1374.0999755859375,-1341.0,-1286.0,-1238.5,-1211.0,-1202.800048828125,-1184.8399658203125
29358,-1290.3399658203125,0.0,0.0,4.3557233810424805,-1290.3399658203125,-1286.0,63.47050094604492,-1400.5799560546875,-1391.0999755859375,-1374.0999755859375,-1341.0,-1286.0,-1238.5,-1211.0,-1202.800048828125,-1184.8399658203125
29365,-1290.3399658203125,0.0,0.0,4.351706027984619,-1290.3399658203125,-1286.0,63.47050094604492,-1400.5799560546875,-1391.0999755859375,-1374.0999755859375,-1341.0,-1286.0,-1238.5,-1211.0,-1202.800048828125,-1184.8399658203125
29372,-1290.3399658203125,0.0,0.0,4.3541436195373535,-1290.3399658203125,-1286.0,63.47050094604492,-1400.5799560546875,-1391.0999755859375,-1374.0999755859375,-1341.0,-1286.0,-1238.5,-1211.0,-1202.800048828125,-1184.8399658203125
29379,-1290.3399658203125,0.0,0.0,4.350308895111084,-1290.3399658203125,-1286.0,63.47050094604492,-1400.5799560546875,-1391.0999755859375,-1374.0999755859375,-1341.0,-1286.0,-1238.5,-1211.0,-1202.800048828125,-1184.8399658203125
29386,-1290.3399658203125,0.0,0.0,4.35135555267334,-1290.3399658203125,-1286.0,63.47050094604492,-1400.5799560546875,-1391.0999755859375,-1374.0999755859375,-1341.0,-1286.0,-1238.5,-1211.0,-1202.800048828125,-1184.8399658203125
29393,-1290.3399658203125,0.0,0.0,4.347732067108154,-1290.3399658203125,-1286.0,63.47050094604492,-1400.5799560546875,-1391.0999755859375,-1374.0999755859375,-1341.0,-1286.0,-1238.5,-1211.0,-1202.800048828125,-1184.8399658203125
29400,-1290.3399658203125,0.0,0.0,4.345703601837158,-1290.3399658203125,-1286.0,63.47050094604492,-1400.5799560546875,-1391.0999755859375,-1374.0999755859375,-1341.0,-1286.0,-1238.5,-1211.0,-1202.800048828125,-1184.8399658203125
29407,-1290.3399658203125,0.0,0.0,4.347083568572998,-1290.3399658203125,-1286.0,63.47050094604492,-1400.5799560546875,-1391.0999755859375,-1374.0999755859375,-1341.0,-1286.0,-1238.5,-1211.0,-1202.800048828125,-1184.8399658203125
29414,-1290.3399658203125,0.0,0.0,4.34527587890625,-1290.3399658203125,-1286.0,63.47050094604492,-1400.5799560546875,-1391.0999755859375,-1374.0999755859375,-1341.0,-1286.0,-1238.5,-1211.0,-1202.800048828125,-1184.8399658203125
29421,-1290.3399658203125,0.0,0.0,4.341688632965088,-1290.3399658203125,-1286.0,63.47050094604492,-1400.5799560546875,-1391.0999755859375,-1374.0999755859375,-1341.0,-1286.0,-1238.5,-1211.0,-1202.800048828125,-1184.8399658203125
29428,-1290.3399658203125,0.0,0.0,4.343536853790283,-1290.3399658203125,-1286.0,63.47050094604492,-1400.5799560546875,-1391.0999755859375,-1374.0999755859375,-1341.0,-1286.0,-1238.5,-1211.0,-1202.800048828125,-1184.8399658203125
29435,-1290.3399658203125,0.0,0.0,4.347142696380615,-1290.3399658203125,-1286.0,63.47050094604492,-1400.5799560546875,-1391.0999755859375,-1374.0999755859375,-1341.0,-1286.0,-1238.5,-1211.0,-1202.800048828125,-1184.8399658203125
29442,-1290.3399658203125,0.0,0.0,4.345419406890869,-1290.3399658203125,-1286.0,63.47050094604492,-1400.5799560546875,-1391.0999755859375,-1374.0999755859375,-1341.0,-1286.0,-1238.5,-1211.0,-1202.800048828125,-1184.8399658203125
29449,-1290.3399658203125,0.0,0.0,4.344110488891602,-1290.3399658203125,-1286.0,63.47050094604492,-1400.5799560546875,-1391.0999755859375,-1374.0999755859375,-1341.0,-1286.0,-1238.5,-1211.0,-1202.800048828125,-1184.8399658203125
29456,-1290.3399658203125,0.0,0.0,4.337548732757568,-1290.3399658203125,-1286.0,63.47050094604492,-1400.5799560546875,-1391.0999755859375,-1374.0999755859375,-1341.0,-1286.0,-1238.5,-1211.0,-1202.800048828125,-1184.8399658203125
29463,-1290.3399658203125,0.0,0.0,4.340371131896973,-1290.3399658203125,-1286.0,63.47050094604492,-1400.5799560546875,-1391.0999755859375,-1374.0999755859375,-1341.0,-1286.0,-1238.5,-1211.0,-1202.800048828125,-1184.8399658203125
29470,-1290.3399658203125,0.0,0.0,4.337821960449219,-1290.3399658203125,-1286.0,63.47050094604492,-1400.5799560546875,-1391.0999755859375,-1374.0999755859375,-1341.0,-1286.0,-1238.5,-1211.0,-1202.800048828125,-1184.8399658203125
29477,-1290.3399658203125,0.0,0.0,4.33600378036499,-1290.3399658203125,-1286.0,63.47050094604492,-1400.5799560546875,-1391.0999755859375,-1374.0999755859375,-1341.0,-1286.0,-1238.5,-1211.0,-1202.800048828125,-1184.8399658203125
29484,-1290.3399658203125,0.0,0.0,4.336877822875977,-1290.3399658203125,-1286.0,63.47050094604492,-1400.5799560546875,-1391.0999755859375,-1374.0999755859375,-1341.0,-1286.0,-1238.5,-1211.0,-1202.800048828125,-1184.8399658203125
29491,-1290.3399658203125,0.0,0.0,4.3390727043151855,-1290.3399658203125,-1286.0,63.47050094604492,-1400.5799560546875,-1391.0999755859375,-1374.0999755859375,-1341.0,-1286.0,-1238.5,-1211.0,-1202.800048828125,-1184.8399658203125
29498,-1290.3399658203125,0.0,0.0,4.337814807891846,-1290.3399658203125,-1286.0,63.47050094604492,-1400.5799560546875,-1391.0999755859375,-1374.0999755859375,-1341.0,-1286.0,-1238.5,-1211.0,-1202.800048828125,-1184.8399658203125
29505,-1290.3399658203125,0.0,0.0,4.335041522979736,-1290.3399658203125,-1286.0,63.47050094604492,-1400.5799560546875,-1391.0999755859375,-1374.0999755859375,-1341.0,-1286.0,-1238.5,-1211.0,-1202.800048828125,-1184.8399658203125
29512,-1290.3399658203125,0.0,0.0,4.3315300941467285,-1290.3399658203125,-1286.0,63.47050094604492,-1400.5799560546875,-1391.0999755859375,-1374.0999755859375,-1341.0,-1286.0,-1238.5,-1211.0,-1202.800048828125,-1184.8399658203125
29519,-1290.3399658203125,0.0,0.0,4.329522132873535,-1290.3399658203125,-1286.0,63.47050094604492,-1400.5799560546875,-1391.0999755859375,-1374.0999755859375,-1341.0,-1286.0,-1238.5,-1211.0,-1202.800048828125,-1184.8399658203125
29526,-1290.3399658203125,0.0,0.0,4.328639984130859,-1290.3399658203125,-1286.0,63.47050094604492,-1400.5799560546875,-1391.0999755859375,-1374.0999755859375,-1341.0,-1286.0,-1238.5,-1211.0,-1202.800048828125,-1184.8399658203125
29533,-1290.3399658203125,0.0,0.0,4.322293758392334,-1290.3399658203125,-1286.0,63.47050094604492,-1400.5799560546875,-1391.0999755859375,-1374.0999755859375,-1341.0,-1286.0,-1238.5,-1211.0,-1202.800048828125,-1184.8399658203125
29540,-1290.3399658203125,0.0,0.0,4.3285231590271,-1290.3399658203125,-1286.0,63.47050094604492,-1400.5799560546875,-1391.0999755859375,-1374.0999755859375,-1341.0,-1286.0,-1238.5,-1211.0,-1202.800048828125,-1184.8399658203125
29547,-1290.3399658203125,0.0,0.0,4.3313727378845215,-1290.3399658203125,-1286.0,63.47050094604492,-1400.5799560546875,-1391.0999755859375,-1374.0999755859375,-1341.0,-1286.0,-1238.5,-1211.0,-1202.800048828125,-1184.8399658203125
29554,-1290.3399658203125,0.0,0.0,4.337908744812012,-1290.3399658203125,-1286.0,63.47050094604492,-1400.5799560546875,-1391.0999755859375,-1374.0999755859375,-1341.0,-1286.0,-1238.5,-1211.0,-1202.800048828125,-1184.8399658203125
29561,-1290.3399658203125,0.0,0.0,4.3365478515625,-1290.3399658203125,-1286.0,63.47050094604492,-1400.5799560546875,-1391.0999755859375,-1374.0999755859375,-1341.0,-1286.0,-1238.5,-1211.0,-1202.800048828125,-1184.8399658203125
29568,-1290.3399658203125,0.0,0.0,4.330550670623779,-1290.3399658203125,-1286.0,63.47050094604492,-1400.5799560546875,-1391.0999755859375,-1374.0999755859375,-1341.0,-1286.0,-1238.5,-1211.0,-1202.800048828125,-1184.8399658203125
29575,-1290.3399658203125,0.0,0.0,4.327037811279297,-1290.3399658203125,-1286.0,63.47050094604492,-1400.5799560546875,-1391.0999755859375,-1374.0999755859375,-1341.0,-1286.0,-1238.5,-1211.0,-1202.800048828125,-1184.8399658203125
29582,-1290.3399658203125,0.0,0.0,4.330491065979004,-1290.3399658203125,-1286.0,63.47050094604492,-1400.5799560546875,-1391.0999755859375,-1374.0999755859375,-1341.0,-1286.0,-1238.5,-1211.0,-1202.800048828125,-1184.8399658203125
29589,-1290.3399658203125,0.0,0.0,4.329560279846191,-1290.3399658203125,-1286.0,63.47050094604492,-1400.5799560546875,-1391.0999755859375,-1374.0999755859375,-1341.0,-1286.0,-1238.5,-1211.0,-1202.800048828125,-1184.8399658203125
29596,-1290.3399658203125,0.0,0.0,4.325632095336914,-1290.3399658203125,-1286.0,63.47050094604492,-1400.5799560546875,-1391.0999755859375,-1374.0999755859375,-1341.0,-1286.0,-1238.5,-1211.0,-1202.800048828125,-1184.8399658203125
29603,-1290.3399658203125,0.0,0.0,4.3214287757873535,-1290.3399658203125,-1286.0,63.47050094604492,-1400.5799560546875,-1391.0999755859375,-1374.0999755859375,-1341.0,-1286.0,-1238.5,-1211.0,-1202.800048828125,-1184.8399658203125
29610,-1290.3399658203125,0.0,0.0,4.32111120223999,-1290.3399658203125,-1286.0,63.47050094604492,-1400.5799560546875,-1391.0999755859375,-1374.0999755859375,-1341.0,-1286.0,-1238.5,-1211.0,-1202.800048828125,-1184.8399658203125
29617,-1290.3399658203125,0.0,0.0,4.319705486297607,-1290.3399658203125,-1286.0,63.47050094604492,-1400.5799560546875,-1391.0999755859375,-1374.0999755859375,-1341.0,-1286.0,-1238.5,-1211.0,-1202.800048828125,-1184.8399658203125
29624,-1290.3399658203125,0.0,0.0,4.320212364196777,-1290.3399658203125,-1286.0,63.47050094604492,-1400.5799560546875,-1391.0999755859375,-1374.0999755859375,-1341.0,-1286.0,-1238.5,-1211.0,-1202.800048828125,-1184.8399658203125
29631,-1290.3399658203125,0.0,0.0,4.321831703186035,-1290.3399658203125,-1286.0,63.47050094604492,-1400.5799560546875,-1391.0999755859375,-1374.0999755859375,-1341.0,-1286.0,-1238.5,-1211.0,-1202.800048828125,-1184.8399658203125
29638,-1290.3399658203125,0.0,0.0,4.316211223602295,-1290.3399658203125,-1286.0,63.47050094604492,-1400.5799560546875,-1391.0999755859375,-1374.0999755859375,-1341.0,-1286.0,-1238.5,-1211.0,-1202.800048828125,-1184.8399658203125
29645,-1290.3399658203125,0.0,0.0,4.31265115737915,-1290.3399658203125,-1286.0,63.47050094604492,-1400.5799560546875,-1391.0999755859375,-1374.0999755859375,-1341.0,-1286.0,-1238.5,-1211.0,-1202.800048828125,-1184.8399658203125
29652,-1290.3399658203125,0.0,0.0,4.311821937561035,-1290.3399658203125,-1286.0,63.47050094604492,-1400.5799560546875,-1391.0999755859375,-1374.0999755859375,-1341.0,-1286.0,-1238.5,-1211.0,-1202.800048828125,-1184.8399658203125
29659,-1290.3399658203125,0.0,0.0,4.307730197906494,-1290.3399658203125,-1286.0,63.47050094604492,-1400.5799560546875,-1391.0999755859375,-1374.0999755859375,-1341.0,-1286.0,-1238.5,-1211.0,-1202.800048828125,-1184.8399658203125
29666,-1290.3399658203125,0.0,0.0,4.307188034057617,-1290.3399658203125,-1286.0,63.47050094604492,-1400.5799560546875,-1391.0999755859375,-1374.0999755859375,-1341.0,-1286.0,-1238.5,-1211.0,-1202.800048828125,-1184.8399658203125
29673,-1290.3399658203125,0.0,0.0,4.308864593505859,-1290.3399658203125,-1286.0,63.47050094604492,-1400.5799560546875,-1391.0999755859375,-1374.0999755859375,-1341.0,-1286.0,-1238.5,-1211.0,-1202.800048828125,-1184.8399658203125
29680,-1290.3399658203125,0.0,0.0,4.308186054229736,-1290.3399658203125,-1286.0,63.47050094604492,-1400.5799560546875,-1391.0999755859375,-1374.0999755859375,-1341.0,-1286.0,-1238.5,-1211.0,-1202.800048828125,-1184.8399658203125
29687,-1290.3399658203125,0.0,0.0,4.304006099700928,-1290.3399658203125,-1286.0,63.47050094604492,-1400.5799560546875,-1391.0999755859375,-1374.0999755859375,-1341.0,-1286.0,-1238.5,-1211.0,-1202.800048828125,-1184.8399658203125
29694,-1290.3399658203125,0.0,0.0,4.302494525909424,-1290.3399658203125,-1286.0,63.47050094604492,-1400.5799560546875,-1391.0999755859375,-1374.0999755859375,-1341.0,-1286.0,-1238.5,-1211.0,-1202.800048828125,-1184.8399658203125
29701,-1290.3399658203125,0.0,0.0,4.301436901092529,-1290.3399658203125,-1286.0,63.47050094604492,-1400.5799560546875,-1391.0999755859375,-1374.0999755859375,-1341.0,-1286.0,-1238.5,-1211.0,-1202.800048828125,-1184.8399658203125
29708,-1290.3399658203125,0.0,0.0,4.301682472229004,-1290.3399658203125,-1286.0,63.47050094604492,-1400.5799560546875,-1391.0999755859375,-1374.0999755859375,-1341.0,-1286.0,-1238.5,-1211.0,-1202.800048828125,-1184.8399658203125
29715,-1290.3399658203125,0.0,0.0,4.305222034454346,-1290.3399658203125,-1286.0,63.47050094604492,-1400.5799560546875,-1391.0999755859375,-1374.0999755859375,-1341.0,-1286.0,-1238.5,-1211.0,-1202.800048828125,-1184.8399658203125
29722,-1290.3399658203125,0.0,0.0,4.3070831298828125,-1290.3399658203125,-1286.0,63.47050094604492,-1400.5799560546875,-1391.0999755859375,-1374.0999755859375,-1341.0,-1286.0,-1238.5,-1211.0,-1202.800048828125,-1184.8399658203125
29729,-1290.3599853515625,0.0,0.0,4.308676242828369,-1290.3599853515625,-1286.0,63.48645782470703,-1400.5799560546875,-1391.0999755859375,-1374.0999755859375,-1342.5,-1286.0,-1238.5,-1211.0,-1202.800048828125,-1184.8399658203125
29736,-1290.3599853515625,0.0,0.0,4.317541599273682,-1290.3599853515625,-1286.0,63.48645782470703,-1400.5799560546875,-1391.0999755859375,-1374.0999755859375,-1342.5,-1286.0,-1238.5,-1211.0,-1202.800048828125,-1184.8399658203125
29743,-1290.3599853515625,0.0,0.0,4.313201904296875,-1290.3599853515625,-1286.0,63.48645782470703,-1400.5799560546875,-1391.0999755859375,-1374.0999755859375,-1342.5,-1286.0,-1238.5,-1211.0,-1202.800048828125,-1184.8399658203125
29750,-1290.3599853515625,0.0,0.0,4.311272621154785,-1290.3599853515625,-1286.0,63.48645782470703,-1400.5799560546875,-1391.0999755859375,-1374.0999755859375,-1342.5,-1286.0,-1238.5,-1211.0,-1202.800048828125,-1184.8399658203125
29757,-1290.3599853515625,0.0,0.0,4.315257549285889,-1290.3599853515625,-1286.0,63.48645782470703,-1400.5799560546875,-1391.0999755859375,-1374.0999755859375,-1342.5,-1286.0,-1238.5,-1211.0,-1202.800048828125,-1184.8399658203125
29764,-1290.3599853515625,0.0,0.0,4.316353797912598,-1290.3599853515625,-1286.0,63.48645782470703,-1400.5799560546875,-1391.0999755859375,-1374.0999755859375,-1342.5,-1286.0,-1238.5,-1211.0,-1202.800048828125,-1184.8399658203125
29771,-1290.3599853515625,0.0,0.0,4.315371990203857,-1290.3599853515625,-1286.0,63.48645782470703,-1400.5799560546875,-1391.0999755859375,-1374.0999755859375,-1342.5,-1286.0,-1238.5,-1211.0,-1202.800048828125,-1184.8399658203125
29778,-1290.3599853515625,0.0,0.0,4.313145637512207,-1290.3599853515625,-1286.0,63.48645782470703,-1400.5799560546875,-1391.0999755859375,-1374.0999755859375,-1342.5,-1286.0,-1238.5,-1211.0,-1202.800048828125,-1184.8399658203125
29785,-1290.3599853515625,0.0,0.0,4.309427261352539,-1290.3599853515625,-1286.0,63.48645782470703,-1400.5799560546875,-1391.0999755859375,-1374.0999755859375,-1342.5,-1286.0,-1238.5,-1211.0,-1202.800048828125,-1184.8399658203125
29792,-1290.3599853515625,0.0,0.0,4.303861141204834,-1290.3599853515625,-1286.0,63.48645782470703,-1400.5799560546875,-1391.0999755859375,-1374.0999755859375,-1342.5,-1286.0,-1238.5,-1211.0,-1202.800048828125,-1184.8399658203125
29799,-1290.3599853515625,0.0,0.0,4.304449558258057,-1290.3599853515625,-1286.0,63.48645782470703,-1400.5799560546875,-1391.0999755859375,-1374.0999755859375,-1342.5,-1286.0,-1238.5,-1211.0,-1202.800048828125,-1184.8399658203125
29806,-1290.3599853515625,0.0,0.0,4.3027143478393555,-1290.3599853515625,-1286.0,63.48645782470703,-1400.5799560546875,-1391.0999755859375,-1374.0999755859375,-1342.5,-1286.0,-1238.5,-1211.0,-1202.800048828125,-1184.8399658203125
29813,-1290.3599853515625,0.0,0.0,4.295411109924316,-1290.3599853515625,-1286.0,63.48645782470703,-1400.5799560546875,-1391.0999755859375,-1374.0999755859375,-1342.5,-1286.0,-1238.5,-1211.0,-1202.800048828125,-1184.8399658203125
29820,-1290.3599853515625,0.0,0.0,4.29889440536499,-1290.3599853515625,-1286.0,63.48645782470703,-1400.5799560546875,-1391.0999755859375,-1374.0999755859375,-1342.5,-1286.0,-1238.5,-1211.0,-1202.800048828125,-1184.8399658203125
29827,-1290.3599853515625,0.0,0.0,4.303295135498047,-1290.3599853515625,-1286.0,63.48645782470703,-1400.5799560546875,-1391.0999755859375,-1374.0999755859375,-1342.5,-1286.0,-1238.5,-1211.0,-1202.800048828125,-1184.8399658203125
29834,-1290.3599853515625,0.0,0.0,4.3005146980285645,-1290.3599853515625,-1286.0,63.48645782470703,-1400.5799560546875,-1391.0999755859375,-1374.0999755859375,-1342.5,-1286.0,-1238.5,-1211.0,-1202.800048828125,-1184.8399658203125
29841,-1290.3599853515625,0.0,0.0,4.300766468048096,-1290.3599853515625,-1286.0,63.48645782470703,-1400.5799560546875,-1391.0999755859375,-1374.0999755859375,-1342.5,-1286.0,-1238.5,-1211.0,-1202.800048828125,-1184.8399658203125
29848,-1290.3599853515625,0.0,0.0,4.303153991699219,-1290.3599853515625,-1286.0,63.48645782470703,-1400.5799560546875,-1391.0999755859375,-1374.0999755859375,-1342.5,-1286.0,-1238.5,-1211.0,-1202.800048828125,-1184.8399658203125
29855,-1290.3599853515625,0.0,0.0,4.303800582885742,-1290.3599853515625,-1286.0,63.48645782470703,-1400.5799560546875,-1391.0999755859375,-1374.0999755859375,-1342.5,-1286.0,-1238.5,-1211.0,-1202.800048828125,-1184.8399658203125
29862,-1290.3599853515625,0.0,0.0,4.307474136352539,-1290.3599853515625,-1286.0,63.48645782470703,-1400.5799560546875,-1391.0999755859375,-1374.0999755859375,-1342.5,-1286.0,-1238.5,-1211.0,-1202.800048828125,-1184.8399658203125
29869,-1290.3599853515625,0.0,0.0,4.30482292175293,-1290.3599853515625,-1286.0,63.48645782470703,-1400.5799560546875,-1391.0999755859375,-1374.0999755859375,-1342.5,-1286.0,-1238.5,-1211.0,-1202.800048828125,-1184.8399658203125
29876,-1290.3599853515625,0.0,0.0,4.30198335647583,-1290.3599853515625,-1286.0,63.48645782470703,-1400.5799560546875,-1391.0999755859375,-1374.0999755859375,-1342.5,-1286.0,-1238.5,-1211.0,-1202.800048828125,-1184.8399658203125
29883,-1290.3599853515625,0.0,0.0,4.299624919891357,-1290.3599853515625,-1286.0,63.48645782470703,-1400.5799560546875,-1391.0999755859375,-1374.0999755859375,-1342.5,-1286.0,-1238.5,-1211.0,-1202.800048828125,-1184.8399658203125
29890,-1290.3599853515625,0.0,0.0,4.299054145812988,-1290.3599853515625,-1286.0,63.48645782470703,-1400.5799560546875,-1391.0999755859375,-1374.0999755859375,-1342.5,-1286.0,-1238.5,-1211.0,-1202.800048828125,-1184.8399658203125
29897,-1290.3599853515625,0.0,0.0,4.295151710510254,-1290.3599853515625,-1286.0,63.48645782470703,-1400.5799560546875,-1391.0999755859375,-1374.0999755859375,-1342.5,-1286.0,-1238.5,-1211.0,-1202.800048828125,-1184.8399658203125
29904,-1290.419921875,0.0,0.0,4.294851779937744,-1290.4200439453125,-1286.0,63.44921875,-1400.5799560546875,-1391.0999755859375,-1374.0999755859375,-1342.5,-1286.0,-1238.5,-1211.0,-1202.800048828125,-1184.8399658203125
29911,-1290.419921875,0.0,0.0,4.2930169105529785,-1290.4200439453125,-1286.0,63.44921875,-1400.5799560546875,-1391.0999755859375,-1374.0999755859375,-1342.5,-1286.0,-1238.5,-1211.0,-1202.800048828125,-1184.8399658203125
29918,-1290.419921875,0.0,0.0,4.289910793304443,-1290.4200439453125,-1286.0,63.44921875,-1400.5799560546875,-1391.0999755859375,-1374.0999755859375,-1342.5,-1286.0,-1238.5,-1211.0,-1202.800048828125,-1184.8399658203125
29925,-1290.419921875,0.0,0.0,4.2860870361328125,-1290.4200439453125,-1286.0,63.44921875,-1400.5799560546875,-1391.0999755859375,-1374.0999755859375,-1342.5,-1286.0,-1238.5,-1211.0,-1202.800048828125,-1184.8399658203125
29932,-1290.419921875,0.0,0.0,4.2833967208862305,-1290.4200439453125,-1286.0,63.44921875,-1400.5799560546875,-1391.0999755859375,-1374.0999755859375,-1342.5,-1286.0,-1238.5,-1211.0,-1202.800048828125,-1184.8399658203125
29939,-1290.419921875,0.0,0.0,4.282967567443848,-1290.4200439453125,-1286.0,63.44921875,-1400.5799560546875,-1391.0999755859375,-1374.0999755859375,-1342.5,-1286.0,-1238.5,-1211.0,-1202.800048828125,-1184.8399658203125
29946,-1290.419921875,0.0,0.0,4.2841362953186035,-1290.4200439453125,-1286.0,63.44921875,-1400.5799560546875,-1391.0999755859375,-1374.0999755859375,-1342.5,-1286.0,-1238.5,-1211.0,-1202.800048828125,-1184.8399658203125
29953,-1290.419921875,0.0,0.0,4.279009819030762,-1290.4200439453125,-1286.0,63.44921875,-1400.5799560546875,-1391.0999755859375,-1374.0999755859375,-1342.5,-1286.0,-1238.5,-1211.0,-1202.800048828125,-1184.8399658203125
29960,-1290.419921875,0.0,0.0,4.2772393226623535,-1290.4200439453125,-1286.0,63.44921875,-1400.5799560546875,-1391.0999755859375,-1374.0999755859375,-1342.5,-1286.0,-1238.5,-1211.0,-1202.800048828125,-1184.8399658203125
29967,-1290.419921875,0.0,0.0,4.279047966003418,-1290.4200439453125,-1286.0,63.44921875,-1400.5799560546875,-1391.0999755859375,-1374.0999755859375,-1342.5,-1286.0,-1238.5,-1211.0,-1202.800048828125,-1184.8399658203125
29974,-1290.419921875,0.0,0.0,4.276037216186523,-1290.4200439453125,-1286.0,63.44921875,-1400.5799560546875,-1391.0999755859375,-1374.0999755859375,-1342.5,-1286.0,-1238.5,-1211.0,-1202.800048828125,-1184.8399658203125
29981,-1290.419921875,0.0,0.0,4.275926113128662,-1290.4200439453125,-1286.0,63.44921875,-1400.5799560546875,-1391.0999755859375,-1374.0999755859375,-1342.5,-1286.0,-1238.5,-1211.0,-1202.800048828125,-1184.8399658203125
29988,-1290.419921875,0.0,0.0,4.281704902648926,-1290.4200439453125,-1286.0,63.44921875,-1400.5799560546875,-1391.0999755859375,-1374.0999755859375,-1342.5,-1286.0,-1238.5,-1211.0,-1202.800048828125,-1184.8399658203125
29995,-1290.419921875,0.0,0.0,4.276782035827637,-1290.4200439453125,-1286.0,63.44921875,-1400.5799560546875,-1391.0999755859375,-1374.0999755859375,-1342.5,-1286.0,-1238.5,-1211.0,-1202.800048828125,-1184.8399658203125
