step,best_fitness,avg_hamming,avg_l1,avg_entropy,mean,median,std,2%,5%,10%,25%,50%,75%,90%,95%,98%
52,-0.5572248697280884,63.940826416015625,4.370786190032959,88.42888450622559,0.5572248697280884,0.5561661720275879,0.011436138302087784,0.5358903408050537,0.5388190746307373,0.5437993407249451,0.5496395230293274,0.5561661720275879,0.5655497312545776,0.5720319747924805,0.576869010925293,0.5808597207069397
104,-0.5640131235122681,63.870155334472656,4.987212657928467,88.28664779663086,0.5640131831169128,0.561747670173645,0.011574547737836838,0.5484846830368042,0.5513743162155151,0.5515946745872498,0.5552982091903687,0.561747670173645,0.571834146976471,0.5778198838233948,0.5824701189994812,0.586799681186676
156,-0.5680152177810669,63.793792724609375,5.576743125915527,88.1329116821289,0.5680152773857117,0.5688831806182861,0.011562691070139408,0.5500504970550537,0.5518754720687866,0.5538965463638306,0.5596399307250977,0.5688831806182861,0.5747708082199097,0.5819868445396423,0.5866521000862122,0.5947690010070801
208,-0.571891725063324,63.70394515991211,6.061715602874756,87.972412109375,0.571891725063324,0.5714543461799622,0.011288998648524284,0.5534910559654236,0.5547000169754028,0.5583231449127197,0.5630728006362915,0.5714543461799622,0.5776869654655457,0.586044192314148,0.5953267812728882,0.597808301448822
260,-0.573903501033783,63.601806640625,6.530494689941406,87.79545593261719,0.573903501033783,0.5734535455703735,0.010576395317912102,0.5547263026237488,0.5581632852554321,0.5610604882240295,0.5664621591567993,0.5734535455703735,0.5801834464073181,0.5879789590835571,0.5953267812728882,0.597808301448822
312,-0.5758448243141174,63.50739288330078,6.957568168640137,87.62677764892578,0.5758448839187622,0.5744724273681641,0.010540013201534748,0.5582754015922546,0.561119794845581,0.5633552670478821,0.5691941380500793,0.5744724273681641,0.5812583565711975,0.5905634760856628,0.5957266092300415,0.5999711155891418
364,-0.5770456790924072,63.39556121826172,7.36811637878418,87.43953704833984,0.5770456790924072,0.5761041641235352,0.010662674903869629,0.5582754015922546,0.5617331266403198,0.5644566416740417,0.5694695711135864,0.5761041641235352,0.5844224095344543,0.5918673872947693,0.5962997078895569,0.5999711155891418
416,-0.5784832835197449,63.282127380371094,7.7804412841796875,87.24603271484375,0.5784832835197449,0.577226459980011,0.01018321793526411,0.5599603652954102,0.5633304119110107,0.5663279294967651,0.5711417198181152,0.577226459980011,0.5861063599586487,0.5921803712844849,0.5962997078895569,0.5999711155891418
468,-0.5797330141067505,63.154624938964844,8.154407501220703,87.03998374938965,0.5797330141067505,0.5777839422225952,0.010202054865658283,0.5618140697479248,0.5650715827941895,0.5681334137916565,0.5719783306121826,0.5777839422225952,0.5869350433349609,0.5930752754211426,0.5977974534034729,0.6016313433647156
520,-0.5822179913520813,63.02172088623047,8.501035690307617,86.8339614868164,0.5822179317474365,0.5812649726867676,0.010234308429062366,0.5618140697479248,0.5666173100471497,0.5693106651306152,0.5753779411315918,0.5812649726867676,0.5884610414505005,0.5960642695426941,0.5984931588172913,0.6041868925094604
572,-0.5834697484970093,62.87998580932617,8.822712898254395,86.61431884765625,0.5834697484970093,0.5818072557449341,0.00986260175704956,0.5649778842926025,0.5683203339576721,0.5707645416259766,0.5771411061286926,0.5818072557449341,0.5893186330795288,0.5965172648429871,0.6000203490257263,0.6041868925094604
624,-0.5850263833999634,62.72334289550781,9.156167984008789,86.3788948059082,0.5850263833999634,0.583586573600769,0.010025124065577984,0.5683343410491943,0.5693328976631165,0.5728117823600769,0.5781886577606201,0.583586573600769,0.5914795994758606,0.5978112816810608,0.6015955209732056,0.6067573428153992
676,-0.5868902802467346,62.55510711669922,9.46722412109375,86.13202476501465,0.5868902802467346,0.5863515138626099,0.010291273705661297,0.569320023059845,0.5695115923881531,0.5755452513694763,0.5797335505485535,0.5863515138626099,0.5934838652610779,0.5985692143440247,0.6039477586746216,0.6107473373413086
728,-0.5874975919723511,62.38861846923828,9.745054244995117,85.88993263244629,0.5874975919723511,0.5867608785629272,0.010270681232213974,0.569320023059845,0.5708160400390625,0.5766118764877319,0.5800210237503052,0.5867608785629272,0.594998836517334,0.599978506565094,0.6039477586746216,0.6107473373413086
780,-0.5885546207427979,62.21141815185547,10.053216934204102,85.62871742248535,0.5885546207427979,0.5880419015884399,0.009991169907152653,0.5693302750587463,0.573747992515564,0.5771642327308655,0.580470085144043,0.5880419015884399,0.5955319404602051,0.599978506565094,0.6039477586746216,0.6107473373413086
832,-0.5893028974533081,62.01871871948242,10.305903434753418,85.35941123962402,0.5893028974533081,0.5889844298362732,0.009711287915706635,0.5729532241821289,0.5764016509056091,0.5775349736213684,0.5809370279312134,0.5889844298362732,0.5959802269935608,0.6004643440246582,0.6039477586746216,0.6107473373413086
884,-0.5901764631271362,61.823272705078125,10.556915283203125,85.08538627624512,0.5901764631271362,0.5901497006416321,0.009652028791606426,0.5742878913879395,0.5767033696174622,0.5783079862594604,0.5820671319961548,0.5901497006416321,0.5963112115859985,0.6018904447555542,0.6074035167694092,0.6107473373413086
936,-0.5909513235092163,61.6107177734375,10.792044639587402,84.79598236083984,0.5909512042999268,0.5908585786819458,0.009466112591326237,0.5742878913879395,0.5769933462142944,0.5786612629890442,0.5840295553207397,0.5908585786819458,0.5964190363883972,0.6020317077636719,0.6074035167694092,0.6107473373413086
988,-0.5920416712760925,61.4027214050293,11.03150749206543,84.5049057006836,0.5920416116714478,0.5921016931533813,0.00948034692555666,0.5755780935287476,0.5775741338729858,0.5788705348968506,0.5847058296203613,0.5921016931533813,0.598360538482666,0.6036698222160339,0.6074035167694092,0.6107473373413086
1040,-0.5931118130683899,61.18815231323242,11.259554862976074,84.2099380493164,0.5931118130683899,0.5927838087081909,0.0092384098097682,0.5781412720680237,0.5793584585189819,0.5814608931541443,0.5861780047416687,0.5927838087081909,0.5995217561721802,0.6045522093772888,0.6076290011405945,0.6107473373413086
1092,-0.5950937271118164,60.96163558959961,11.492521286010742,83.90253067016602,0.5950937271118164,0.5949034690856934,0.010314062237739563,0.5786448121070862,0.5810267329216003,0.5819847583770752,0.5883234739303589,0.5949034690856934,0.6014997959136963,0.6076364517211914,0.6106131076812744,0.6188465356826782
1144,-0.5963513851165771,60.72715377807617,11.691194534301758,83.58810997009277,0.5963513851165771,0.59579998254776,0.010304379276931286,0.5814549326896667,0.5819893479347229,0.5834894180297852,0.5887758135795593,0.59579998254776,0.6019347906112671,0.6085702180862427,0.6114165782928467,0.6188465356826782
1196,-0.5970646739006042,60.49369430541992,11.90731430053711,83.26973342895508,0.597064733505249,0.5963690280914307,0.010491229593753815,0.5814549326896667,0.5821307301521301,0.5845842957496643,0.5889672040939331,0.5963690280914307,0.603808581829071,0.6100839972496033,0.6140068173408508,0.6188465356826782
1248,-0.5983583927154541,60.25128173828125,12.129050254821777,82.93579483032227,0.5983583927154541,0.5983543395996094,0.010175618343055248,0.5819921493530273,0.5828846096992493,0.5859545469284058,0.5903536677360535,0.5983543395996094,0.6047354936599731,0.6106438636779785,0.6140068173408508,0.6188465356826782
1300,-0.5991373062133789,60.001792907714844,12.324121475219727,82.60087203979492,0.5991373658180237,0.5990680456161499,0.010129226371645927,0.5819921493530273,0.5828846096992493,0.5864343047142029,0.5910356640815735,0.5990680456161499,0.6055263876914978,0.6106438636779785,0.6140084862709045,0.6195642352104187
1352,-0.6004453301429749,59.74782943725586,12.49995231628418,82.26644134521484,0.6004453897476196,0.6007498502731323,0.010144242085516453,0.5821350812911987,0.5846521258354187,0.5873052477836609,0.5924204587936401,0.6007498502731323,0.6074494123458862,0.6113329529762268,0.6181907057762146,0.6195642352104187
1404,-0.6012341976165771,59.49195861816406,12.667013168334961,81.92489242553711,0.6012342572212219,0.6008951663970947,0.010522681288421154,0.5821350812911987,0.5861640572547913,0.5876361131668091,0.5926535129547119,0.6008951663970947,0.6074494123458862,0.6118094325065613,0.6182188391685486,0.6248736381530762
1456,-0.6027876734733582,59.226646423339844,12.859659194946289,81.56906700134277,0.6027877330780029,0.6023775339126587,0.010765609331429005,0.5861680507659912,0.5876505970954895,0.5899254083633423,0.5951701998710632,0.6023775339126587,0.608569860458374,0.6151459217071533,0.6195814609527588,0.636682391166687
1508,-0.6033493876457214,58.947845458984375,13.020258903503418,81.20420265197754,0.6033494472503662,0.6029700040817261,0.01074011716991663,0.5861680507659912,0.5879204869270325,0.5904192924499512,0.5955983996391296,0.6029700040817261,0.6090066432952881,0.6152844429016113,0.6203357577323914,0.636682391166687
1560,-0.6049083471298218,58.666473388671875,13.188421249389648,80.82895851135254,0.6049084067344666,0.6040703654289246,0.011009176261723042,0.5873531103134155,0.5896440148353577,0.5907455086708069,0.5970506072044373,0.6040703654289246,0.6107362508773804,0.6188967227935791,0.6220126748085022,0.636682391166687
1612,-0.6066681742668152,58.37943649291992,13.342578887939453,80.45365524291992,0.60666823387146,0.6073649525642395,0.010935426689684391,0.5892643928527832,0.590401291847229,0.5917502045631409,0.5985870957374573,0.6073649525642395,0.612284779548645,0.6195887923240662,0.6247925162315369,0.636682391166687
1664,-0.6078190207481384,58.063438415527344,13.493925094604492,80.04525756835938,0.6078190803527832,0.6084169745445251,0.011048671789467335,0.5897128582000732,0.5913090705871582,0.5923110246658325,0.5993220806121826,0.6084169745445251,0.6125714778900146,0.6210469007492065,0.6265419721603394,0.636682391166687
1716,-0.609360933303833,57.744041442871094,13.63007926940918,79.63589096069336,0.609360933303833,0.609624445438385,0.01155594177544117,0.5900136828422546,0.5916128158569336,0.5943766832351685,0.600822925567627,0.609624445438385,0.615512490272522,0.6246410012245178,0.6306499242782593,0.636682391166687
1768,-0.611160397529602,57.44462203979492,13.804033279418945,79.2321949005127,0.6111604571342468,0.6108901500701904,0.011229496449232101,0.591292679309845,0.592336893081665,0.5975196957588196,0.6037353873252869,0.6108901500701904,0.617495059967041,0.6248759031295776,0.6306499242782593,0.6385271549224854
1820,-0.6124436855316162,57.120811462402344,13.941595077514648,78.81176376342773,0.612443745136261,0.6114692091941833,0.011652431450784206,0.591292679309845,0.5951856374740601,0.598048210144043,0.6044597625732422,0.6114692091941833,0.6189907193183899,0.6297057867050171,0.6332292556762695,0.6388393044471741
1872,-0.6136468052864075,56.81232833862305,14.098724365234375,78.39854431152344,0.6136468052864075,0.6125359535217285,0.011705737560987473,0.591292679309845,0.5951856374740601,0.598048210144043,0.6069480180740356,0.6125359535217285,0.6209146976470947,0.6299149990081787,0.6332292556762695,0.6388393044471741
1924,-0.6150794625282288,56.46897888183594,14.209676742553711,77.95904922485352,0.6150795221328735,0.6129733324050903,0.012142794206738472,0.5918404459953308,0.5977201461791992,0.5999326109886169,0.6078667640686035,0.6129733324050903,0.6223971843719482,0.6315593123435974,0.6374898552894592,0.6397234201431274
1976,-0.6156435012817383,56.15932846069336,14.339178085327148,77.55096626281738,0.6156435608863831,0.613713264465332,0.012359934858977795,0.5918404459953308,0.5977201461791992,0.5999326109886169,0.6078967452049255,0.613713264465332,0.622543454170227,0.6325851678848267,0.6385193467140198,0.6414689421653748
2028,-0.6166351437568665,55.799434661865234,14.455771446228027,77.08171463012695,0.6166351437568665,0.6155869960784912,0.01252940483391285,0.5954794883728027,0.5980517268180847,0.6016954183578491,0.6078967452049255,0.6155869960784912,0.622543454170227,0.6366513967514038,0.6388652920722961,0.6439201235771179
2080,-0.6176990866661072,55.46458053588867,14.596380233764648,76.63302421569824,0.617699146270752,0.6155869960784912,0.012461419217288494,0.5979713797569275,0.5989917516708374,0.6037477850914001,0.6088416576385498,0.6155869960784912,0.6238540410995483,0.6367114186286926,0.6388652920722961,0.6439201235771179
2132,-0.6187670826911926,55.12459945678711,14.711837768554688,76.18588447570801,0.6187671422958374,0.6163660883903503,0.012906397692859173,0.5979713797569275,0.6036460399627686,0.6046401858329773,0.6096785068511963,0.6163660883903503,0.6264965534210205,0.6367114186286926,0.6388652920722961,0.6478333473205566
2184,-0.6198795437812805,54.77484130859375,14.823519706726074,75.73176383972168,0.6198795437812805,0.6170569062232971,0.013014636002480984,0.6017728447914124,0.6036460399627686,0.6054462790489197,0.6101969480514526,0.6170569062232971,0.6283650994300842,0.6367983818054199,0.6405161619186401,0.6478333473205566
2236,-0.6203752160072327,54.42179489135742,14.915098190307617,75.27276611328125,0.6203752756118774,0.6177108883857727,0.012925687246024609,0.6017728447914124,0.6036460399627686,0.6061058640480042,0.6109596490859985,0.6177108883857727,0.629730224609375,0.6369864344596863,0.6405161619186401,0.6478333473205566
2288,-0.6218228936195374,54.04338836669922,14.986333847045898,74.78671455383301,0.6218229532241821,0.6193000078201294,0.013598247431218624,0.6017728447914124,0.6036460399627686,0.6064175963401794,0.6114226579666138,0.6193000078201294,0.6306743025779724,0.6376991868019104,0.6440351605415344,0.6554750800132751
2340,-0.6234697103500366,53.664215087890625,15.058677673339844,74.3002758026123,0.6234697699546814,0.6215219497680664,0.01496434397995472,0.6017789244651794,0.604607343673706,0.6064175963401794,0.612358570098877,0.6215219497680664,0.6318058967590332,0.6401830911636353,0.64805668592453,0.6587314605712891
2392,-0.6246539950370789,53.306026458740234,15.131208419799805,73.83898544311523,0.6246540546417236,0.6228375434875488,0.014618907123804092,0.6053285598754883,0.6061486005783081,0.6089877486228943,0.6134501695632935,0.6228375434875488,0.6326905488967896,0.6422009468078613,0.6510213613510132,0.6587314605712891
2444,-0.6255595088005066,52.91435241699219,15.179624557495117,73.34450912475586,0.6255595684051514,0.6234004497528076,0.014464030042290688,0.605742335319519,0.6064180731773376,0.6096600890159607,0.6146796941757202,0.6234004497528076,0.6335275173187256,0.6422009468078613,0.6510213613510132,0.6587314605712891
2496,-0.6269501447677612,52.539466857910156,15.279825210571289,72.84283256530762,0.626950204372406,0.6255125999450684,0.01417495496571064,0.6061609387397766,0.6080803871154785,0.6105090975761414,0.6154147386550903,0.6255125999450684,0.6365959644317627,0.6455813050270081,0.6510213613510132,0.6587314605712891
2548,-0.628231942653656,52.16728973388672,15.358965873718262,72.35023307800293,0.6282320618629456,0.6264605522155762,0.013850238174200058,0.6080590486526489,0.6104905605316162,0.6125365495681763,0.6177079677581787,0.6264605522155762,0.6368787288665771,0.6476800441741943,0.6512872576713562,0.6587314605712891
2600,-0.6295697689056396,51.77293014526367,15.428993225097656,71.83453559875488,0.6295697689056396,0.6274320483207703,0.01427763793617487,0.6096450686454773,0.6115897297859192,0.6136916875839233,0.6186139583587646,0.6274320483207703,0.6385031342506409,0.6488004326820374,0.6525678634643555,0.6587314605712891
2652,-0.6316001415252686,51.3430290222168,15.454187393188477,71.28894805908203,0.6316002011299133,0.630348265171051,0.014844206161797047,0.6096450686454773,0.6115897297859192,0.6148642897605896,0.6199122071266174,0.630348265171051,0.641101598739624,0.651941180229187,0.6567419171333313,0.6608114242553711
2704,-0.6326829195022583,50.94328308105469,15.557279586791992,70.74741744995117,0.6326829791069031,0.630548357963562,0.014249415136873722,0.6097244620323181,0.612552285194397,0.6154040098190308,0.622063159942627,0.630548357963562,0.641286313533783,0.651941180229187,0.6567419171333313,0.6608114242553711
2756,-0.6340047717094421,50.52663803100586,15.587648391723633,70.21161842346191,0.6340048313140869,0.6320829391479492,0.014270813204348087,0.6122374534606934,0.6153199076652527,0.6184232831001282,0.6231011152267456,0.6320829391479492,0.6421945691108704,0.6520753502845764,0.6567419171333313,0.6695693135261536
2808,-0.6349480748176575,50.12997055053711,15.636529922485352,69.69322967529297,0.6349480748176575,0.6327084898948669,0.014694991521537304,0.613274097442627,0.6156090497970581,0.6184532642364502,0.6233914494514465,0.6327084898948669,0.6421945691108704,0.6537486910820007,0.6632790565490723,0.6695693135261536
2860,-0.6364384889602661,49.730918884277344,15.668224334716797,69.17440986633301,0.6364385485649109,0.6334393620491028,0.014638997614383698,0.6153827905654907,0.6158725023269653,0.6190189719200134,0.625840961933136,0.6334393620491028,0.6475419998168945,0.6551001071929932,0.6632790565490723,0.6695693135261536
2912,-0.6384479403495789,49.31332015991211,15.698580741882324,68.6218433380127,0.6384479403495789,0.6369560956954956,0.01572309620678425,0.6153827905654907,0.6158725023269653,0.6195993423461914,0.6265502572059631,0.6369560956954956,0.6489530205726624,0.656267523765564,0.6668636202812195,0.6759612560272217
2964,-0.6406996846199036,48.912689208984375,15.760919570922852,68.0788402557373,0.6406996846199036,0.6395879983901978,0.015930406749248505,0.6153827905654907,0.6158725023269653,0.6219785213470459,0.6301413178443909,0.6395879983901978,0.651165246963501,0.6610345244407654,0.6732861399650574,0.6759612560272217
3016,-0.6423977017402649,48.513145446777344,15.811086654663086,67.53878021240234,0.6423977017402649,0.6413447856903076,0.015453016385436058,0.6158759593963623,0.6200302839279175,0.6242625117301941,0.63075852394104,0.6413447856903076,0.6515641808509827,0.6614956259727478,0.6732861399650574,0.6759612560272217
3068,-0.6444348096847534,48.102535247802734,15.854482650756836,66.99067687988281,0.6444348096847534,0.6434190273284912,0.01569763757288456,0.6174001693725586,0.6202532052993774,0.6251913905143738,0.6320976614952087,0.6434190273284912,0.6533382534980774,0.6672379970550537,0.6732861399650574,0.6759612560272217
3120,-0.6457371115684509,47.692420959472656,15.8770751953125,66.44586753845215,0.6457371711730957,0.6458988189697266,0.01599075086414814,0.6174001693725586,0.6202532052993774,0.6252534985542297,0.6342068910598755,0.6458988189697266,0.6549577116966248,0.6686425805091858,0.674155592918396,0.6781278848648071
3172,-0.6472674608230591,47.25797653198242,15.898290634155273,65.87160110473633,0.6472674012184143,0.646475076675415,0.015204162336885929,0.6199969053268433,0.6251438856124878,0.6288774013519287,0.636568546295166,0.646475076675415,0.6562609672546387,0.6686425805091858,0.674155592918396,0.6781278848648071
3224,-0.6482822895050049,46.85148239135742,15.930689811706543,65.32145690917969,0.6482822895050049,0.646843671798706,0.015021748840808868,0.6218196153640747,0.6266101002693176,0.6292567849159241,0.6368840336799622,0.646843671798706,0.6574262380599976,0.6704950928688049,0.674155592918396,0.6781278848648071
3276,-0.6493920087814331,46.446800231933594,15.960472106933594,64.77143859863281,0.6493920087814331,0.6487546563148499,0.014730039983987808,0.6266356706619263,0.6288256049156189,0.63038170337677,0.6390078663825989,0.6487546563148499,0.6580055356025696,0.6724856495857239,0.674155592918396,0.6807976961135864
3328,-0.6510099172592163,46.031349182128906,15.981136322021484,64.2093563079834,0.6510099172592163,0.6507507562637329,0.014903737232089043,0.6266356706619263,0.6299343705177307,0.6326837539672852,0.6400693655014038,0.6507507562637329,0.6612326502799988,0.6726692914962769,0.6760028600692749,0.6819790005683899
3380,-0.6516789793968201,45.614105224609375,16.019893646240234,63.638895988464355,0.6516789197921753,0.6509498357772827,0.014725318178534508,0.6287660002708435,0.63044273853302,0.6330200433731079,0.6405692100524902,0.6509498357772827,0.6616222262382507,0.6726692914962769,0.6779264807701111,0.6819790005683899
3432,-0.6541720628738403,45.18744659423828,16.049823760986328,63.05535125732422,0.6541720032691956,0.6524027585983276,0.016948727890849113,0.6287660002708435,0.6309479475021362,0.6330200433731079,0.6417502164840698,0.6524027585983276,0.6626565456390381,0.6752482056617737,0.6882615685462952,0.6915726065635681
3484,-0.6562222242355347,44.75676727294922,16.050113677978516,62.4785680770874,0.656222403049469,0.6534417867660522,0.016636008396744728,0.6300135850906372,0.6327120065689087,0.6346012949943542,0.6451777219772339,0.6534417867660522,0.6645496487617493,0.6798005104064941,0.6897078156471252,0.6915726065635681
3536,-0.6578857898712158,44.341331481933594,16.07671546936035,61.90310764312744,0.6578859090805054,0.654784619808197,0.01615736074745655,0.6309773325920105,0.6332898736000061,0.6402714848518372,0.646360456943512,0.654784619808197,0.6666117906570435,0.681310772895813,0.6897078156471252,0.6915726065635681
3588,-0.6595554351806641,43.92534637451172,16.08535385131836,61.335415840148926,0.6595556139945984,0.6574984192848206,0.016334593296051025,0.6309773325920105,0.6378270983695984,0.6406930685043335,0.6478753089904785,0.6574984192848206,0.6703417897224426,0.6828742027282715,0.6897078156471252,0.6915726065635681
3640,-0.6612752676010132,43.51566696166992,16.084026336669922,60.77003479003906,0.661275327205658,0.6588090658187866,0.016728946939110756,0.6327053904533386,0.6395644545555115,0.6407963633537292,0.6501035094261169,0.6588090658187866,0.6731290817260742,0.6839805841445923,0.6907774806022644,0.6966123580932617
3692,-0.6628196835517883,43.0667724609375,16.08599090576172,60.1566047668457,0.6628197431564331,0.6596364974975586,0.016465621069073677,0.6327053904533386,0.6395644545555115,0.6443496346473694,0.6515481472015381,0.6596364974975586,0.6746421456336975,0.6839805841445923,0.6912985444068909,0.6966123580932617
3744,-0.6646623015403748,42.631134033203125,16.0982666015625,59.55518627166748,0.6646624207496643,0.6625999808311462,0.01696612499654293,0.6327053904533386,0.6403926014900208,0.6452309489250183,0.6521404981613159,0.6625999808311462,0.6765732765197754,0.6883373260498047,0.6939908266067505,0.6995052695274353
3796,-0.6660148501396179,42.2017936706543,16.094100952148438,58.963637351989746,0.6660149097442627,0.6640869975090027,0.016828129068017006,0.6370401978492737,0.6408019065856934,0.6465587615966797,0.6534242033958435,0.6640869975090027,0.6778485774993896,0.6897169947624207,0.6961385011672974,0.700776219367981
3848,-0.6674363017082214,41.798954010009766,16.09711456298828,58.39089107513428,0.667436420917511,0.6659001111984253,0.0168357752263546,0.6370401978492737,0.6408019065856934,0.6470536589622498,0.6545995473861694,0.6659001111984253,0.6778692007064819,0.6897169947624207,0.6966972947120667,0.7053481936454773
3900,-0.6690510511398315,41.386234283447266,16.106538772583008,57.80380439758301,0.6690510511398315,0.6666399240493774,0.016662007197737694,0.6395476460456848,0.6451667547225952,0.6486328840255737,0.6576486229896545,0.6666399240493774,0.6786525249481201,0.6913520693778992,0.6994519829750061,0.7053481936454773
3952,-0.6704533100128174,40.95021057128906,16.09540367126465,57.19970417022705,0.6704534292221069,0.6686551570892334,0.01770070008933544,0.6405565738677979,0.6461721062660217,0.6503053307533264,0.6577374339103699,0.6686551570892334,0.6821495294570923,0.6944851875305176,0.6994519829750061,0.7080035209655762
4004,-0.6714314222335815,40.493873596191406,16.07539176940918,56.573856353759766,0.6714314222335815,0.6697434186935425,0.017809320241212845,0.6405565738677979,0.6461721062660217,0.6517247557640076,0.6581453084945679,0.6697434186935425,0.6830899715423584,0.6956422924995422,0.7013668417930603,0.7080035209655762
4056,-0.6732491850852966,40.07596969604492,16.06096649169922,55.974599838256836,0.6732493042945862,0.6712258458137512,0.017696592956781387,0.6408249139785767,0.6485503911972046,0.6517998576164246,0.6621583700180054,0.6712258458137512,0.685174286365509,0.6968393325805664,0.703698992729187,0.7080035209655762
4108,-0.6749580502510071,39.65266036987305,16.05547523498535,55.37380027770996,0.6749581098556519,0.6736291646957397,0.01765925996005535,0.6423481702804565,0.6485503911972046,0.6551057696342468,0.6627354621887207,0.6736291646957397,0.6866804361343384,0.6992528438568115,0.7044664621353149,0.7113528251647949
4160,-0.6771137714385986,39.200904846191406,16.026702880859375,54.74015712738037,0.6771138906478882,0.6745918393135071,0.01739596016705036,0.6445332169532776,0.6528186202049255,0.6565823554992676,0.6644695997238159,0.6745918393135071,0.6891827583312988,0.6999881267547607,0.7044664621353149,0.7113528251647949
4212,-0.6787512302398682,38.767940521240234,16.016286849975586,54.11811828613281,0.6787512898445129,0.674981951713562,0.017458632588386536,0.6466699838638306,0.6528186202049255,0.6590816974639893,0.6655744314193726,0.674981951713562,0.6904750466346741,0.7031046152114868,0.7080453634262085,0.7113528251647949
4264,-0.6796844601631165,38.36011505126953,15.99737548828125,53.53856086730957,0.6796844601631165,0.6762903332710266,0.017516348510980606,0.6477214097976685,0.6528186202049255,0.6593910455703735,0.6690003275871277,0.6762903332710266,0.6904750466346741,0.7045100927352905,0.7092347145080566,0.7114449143409729
4316,-0.681148886680603,37.941776275634766,15.97303581237793,52.93966484069824,0.6811490058898926,0.6774816513061523,0.017171403393149376,0.6511044502258301,0.6557744145393372,0.6602442264556885,0.6696082353591919,0.6774816513061523,0.6913295984268188,0.7053966522216797,0.7102608680725098,0.7143358588218689
4368,-0.6825857162475586,37.529510498046875,15.952022552490234,52.354352951049805,0.6825858354568481,0.6807681918144226,0.017057370394468307,0.6528679132461548,0.6588094234466553,0.6609678864479065,0.6708661317825317,0.6807681918144226,0.69395911693573,0.7064049243927002,0.7105988264083862,0.7143358588218689
4420,-0.6839618682861328,37.103172302246094,15.917844772338867,51.745944023132324,0.6839619278907776,0.6826891899108887,0.01716080866754055,0.6558038592338562,0.6591869592666626,0.6625707149505615,0.6710519194602966,0.6826891899108887,0.6961601972579956,0.7066566944122314,0.7105988264083862,0.7143358588218689
4472,-0.6852443814277649,36.67656326293945,15.875421524047852,51.139055252075195,0.6852443814277649,0.6834044456481934,0.017562612891197205,0.6563686728477478,0.6595944762229919,0.6647530794143677,0.6729288101196289,0.6834044456481934,0.6975959539413452,0.7092480063438416,0.714379608631134,0.7191586494445801
4524,-0.6864257454872131,36.243629455566406,15.830127716064453,50.528523445129395,0.6864258646965027,0.6844396591186523,0.017766600474715233,0.6563686728477478,0.6595944762229919,0.664912223815918,0.6739987134933472,0.6844396591186523,0.698988139629364,0.7106935977935791,0.7151780128479004,0.7191586494445801
4576,-0.6890686750411987,35.82215881347656,15.787714958190918,49.92044544219971,0.6890686750411987,0.6857179403305054,0.017611511051654816,0.6590176224708557,0.6604739427566528,0.6687821745872498,0.6756260395050049,0.6857179403305054,0.7047386169433594,0.7120549082756042,0.7162243127822876,0.7221299409866333
4628,-0.689994215965271,35.400962829589844,15.74456787109375,49.30884075164795,0.6899940967559814,0.6876429319381714,0.017578616738319397,0.6590176224708557,0.6604739427566528,0.6687821745872498,0.6773017048835754,0.6876429319381714,0.7053861618041992,0.712131679058075,0.7162243127822876,0.7221299409866333
4680,-0.6921929717063904,34.9863395690918,15.69678020477295,48.71031475067139,0.6921929717063904,0.6900531649589539,0.01682412251830101,0.6603140234947205,0.6687581539154053,0.6727734804153442,0.679385781288147,0.6900531649589539,0.7072514891624451,0.714063823223114,0.716965913772583,0.7221299409866333
4732,-0.6937615275382996,34.61281967163086,15.683707237243652,48.14341449737549,0.6937615275382996,0.6922569274902344,0.017114844173192978,0.6626932621002197,0.6688012480735779,0.6727734804153442,0.6808046698570251,0.6922569274902344,0.7078208923339844,0.7152398824691772,0.7194275259971619,0.7308357357978821
4784,-0.6951503753662109,34.179168701171875,15.621073722839355,47.52681541442871,0.6951503157615662,0.6948137283325195,0.01673576422035694,0.6681172251701355,0.6690967679023743,0.6741670370101929,0.6822619438171387,0.6948137283325195,0.7080423831939697,0.7170687913894653,0.71968013048172,0.7309074401855469
4836,-0.6965655088424683,33.744083404541016,15.546244621276855,46.9082555770874,0.696565568447113,0.6952412128448486,0.016266880556941032,0.6687654852867126,0.6722126603126526,0.6758742332458496,0.685730516910553,0.6952412128448486,0.7091747522354126,0.7191742062568665,0.7208850979804993,0.7309074401855469
4888,-0.6977654099464417,33.36237335205078,15.515953063964844,46.31792068481445,0.6977653503417969,0.6964080333709717,0.01658756285905838,0.6687976717948914,0.6722135543823242,0.6758742332458496,0.6868900060653687,0.6964080333709717,0.7091747522354126,0.7197341918945312,0.7247197031974792,0.7309074401855469
4940,-0.6988482475280762,32.963783264160156,15.4696044921875,45.712575912475586,0.6988482475280762,0.6968763470649719,0.016790028661489487,0.6687976717948914,0.6722135543823242,0.6784384250640869,0.6870735883712769,0.6968763470649719,0.7107827663421631,0.7202197313308716,0.7291269302368164,0.737119734287262
4992,-0.7003361582756042,32.5809326171875,15.437423706054688,45.133057594299316,0.7003361582756042,0.6977401375770569,0.01732896827161312,0.6699854135513306,0.6747152805328369,0.6786971092224121,0.6874399781227112,0.6977401375770569,0.7123881578445435,0.7219904661178589,0.7308449745178223,0.7392122745513916
5044,-0.7016514539718628,32.17039489746094,15.392696380615234,44.52389144897461,0.701651394367218,0.7014967799186707,0.017156656831502914,0.6699854135513306,0.6747152805328369,0.6795825958251953,0.6892420649528503,0.7014967799186707,0.7136959433555603,0.7219904661178589,0.7322632074356079,0.7392122745513916
5096,-0.7029222846031189,31.7532958984375,15.329692840576172,43.905898094177246,0.7029222249984741,0.7031903862953186,0.017378292977809906,0.6699854135513306,0.6776029467582703,0.6810543537139893,0.6892420649528503,0.7031903862953186,0.714846134185791,0.7225421667098999,0.7322632074356079,0.7396247982978821
5148,-0.7041798233985901,31.385356903076172,15.292991638183594,43.33602237701416,0.7041798233985901,0.7039492130279541,0.01718352548778057,0.6770285367965698,0.6786579489707947,0.6815305352210999,0.690184473991394,0.7039492130279541,0.7167473435401917,0.7232706546783447,0.7322632074356079,0.7396247982978821
5200,-0.7065348625183105,30.999691009521484,15.246363639831543,42.7432222366333,0.7065348625183105,0.7083864212036133,0.017519764602184296,0.6775984764099121,0.6796325445175171,0.6841387152671814,0.6933169960975647,0.7083864212036133,0.7190859913825989,0.7260957956314087,0.7364577651023865,0.7396247982978821
5252,-0.7072178721427917,30.61165428161621,15.190508842468262,42.14865493774414,0.7072178721427917,0.7085185050964355,0.017410481348633766,0.6775984764099121,0.6813077330589294,0.684904158115387,0.6941568851470947,0.7085185050964355,0.7196044921875,0.7280287146568298,0.7364577651023865,0.7396247982978821
5304,-0.7083157896995544,30.23316192626953,15.139914512634277,41.56601905822754,0.708315908908844,0.7086547017097473,0.017618240788578987,0.6786911487579346,0.6813143491744995,0.6860138177871704,0.6948658227920532,0.7086547017097473,0.7199404239654541,0.730475902557373,0.7392076849937439,0.7410925030708313
5356,-0.7101354598999023,29.84308624267578,15.082229614257812,40.96397304534912,0.7101355791091919,0.7110044956207275,0.01753009669482708,0.678697407245636,0.6813143491744995,0.6864598989486694,0.6964561939239502,0.7110044956207275,0.7213732600212097,0.7346996665000916,0.7393190264701843,0.7413326501846313
5408,-0.7120274305343628,29.443801879882812,15.013998985290527,40.352728843688965,0.7120276093482971,0.7126091718673706,0.017444569617509842,0.6787304878234863,0.6842001080513,0.689074695110321,0.698920488357544,0.7126091718673706,0.7226167321205139,0.7346996665000916,0.7395504117012024,0.7443997263908386
5460,-0.7130775451660156,29.103710174560547,14.985404968261719,39.791192054748535,0.7130774855613708,0.7138736248016357,0.01728525012731552,0.6787304878234863,0.6849072575569153,0.6893032789230347,0.7010242938995361,0.7138736248016357,0.7255290746688843,0.7347086071968079,0.7395504117012024,0.7443997263908386
5512,-0.7141516804695129,28.745214462280273,14.931737899780273,39.23203468322754,0.7141517400741577,0.715981125831604,0.017534635961055756,0.6787304878234863,0.6874516010284424,0.6893044114112854,0.7030801773071289,0.715981125831604,0.7258549928665161,0.7363985776901245,0.7409854531288147,0.7469775080680847
5564,-0.7153344750404358,28.40679931640625,14.904760360717773,38.670209884643555,0.715334415435791,0.7174390554428101,0.017642347142100334,0.679146945476532,0.6874516010284424,0.6893044114112854,0.704049289226532,0.7174390554428101,0.7278457880020142,0.7393272519111633,0.7412518858909607,0.7469775080680847
5616,-0.7163967490196228,28.06665802001953,14.863777160644531,38.11675262451172,0.7163968086242676,0.7187345027923584,0.01770886778831482,0.679146945476532,0.6882843375205994,0.6907728314399719,0.7041763067245483,0.7187345027923584,0.7278457880020142,0.739589273929596,0.7443861365318298,0.7488963603973389
5668,-0.7175105214118958,27.697982788085938,14.77829647064209,37.55217456817627,0.717510461807251,0.7196623086929321,0.01738392934203148,0.6791649460792542,0.6882843375205994,0.6923638582229614,0.7063012719154358,0.7196623086929321,0.727966845035553,0.739589273929596,0.7445741295814514,0.7501100301742554
5720,-0.7181182503700256,27.35085678100586,14.72614574432373,36.97122573852539,0.7181183695793152,0.7196623086929321,0.01734662801027298,0.6791649460792542,0.6894633769989014,0.6939560770988464,0.7070544958114624,0.7196623086929321,0.7296656370162964,0.739589273929596,0.7489253878593445,0.7515233159065247
5772,-0.7194588780403137,27.016773223876953,14.679769515991211,36.41789531707764,0.7194589376449585,0.7198827266693115,0.017013801261782646,0.6791649460792542,0.6900335550308228,0.696845293045044,0.7100785374641418,0.7198827266693115,0.7314600348472595,0.7412441968917847,0.7489253878593445,0.7515233159065247
5824,-0.7205549478530884,26.678279876708984,14.626571655273438,35.863715171813965,0.7205549478530884,0.7213395833969116,0.016913803294301033,0.6833171248435974,0.6909000277519226,0.698500394821167,0.7112058997154236,0.7213395833969116,0.7318523526191711,0.741509735584259,0.7490154504776001,0.7533777356147766
5876,-0.7216490507125854,26.346149444580078,14.560518264770508,35.32787609100342,0.7216491103172302,0.7217859029769897,0.0165341105312109,0.6900607943534851,0.694316565990448,0.7000408172607422,0.7118298411369324,0.7217859029769897,0.733310341835022,0.7417523264884949,0.7490154504776001,0.7533777356147766
5928,-0.7227841019630432,25.988250732421875,14.479145050048828,34.77136516571045,0.7227841019630432,0.7231872081756592,0.016203802078962326,0.6901068091392517,0.694888174533844,0.7016428112983704,0.7139310240745544,0.7231872081756592,0.7341058254241943,0.7427854537963867,0.7499393224716187,0.7533777356147766
5980,-0.7239996790885925,25.67059326171875,14.42389965057373,34.242133140563965,0.7239997386932373,0.7245430946350098,0.01606726460158825,0.6905810832977295,0.697632908821106,0.7018609046936035,0.7139310240745544,0.7245430946350098,0.7346289157867432,0.7443795204162598,0.7499443888664246,0.7533777356147766
6032,-0.7250151038169861,25.3704891204834,14.388435363769531,33.71531105041504,0.7250151038169861,0.7245430946350098,0.01593061350286007,0.692558228969574,0.7011719346046448,0.7035948634147644,0.7147179245948792,0.7245430946350098,0.7359727621078491,0.746586263179779,0.7499443888664246,0.7600315809249878
6084,-0.7260770797729492,25.028623580932617,14.321142196655273,33.14835262298584,0.7260771989822388,0.7247846722602844,0.015925731509923935,0.6956393122673035,0.701193630695343,0.7041847109794617,0.7162171006202698,0.7247846722602844,0.7378241419792175,0.7470315098762512,0.7501333951950073,0.7600315809249878
6136,-0.7269494533538818,24.708229064941406,14.250442504882812,32.612704277038574,0.7269495129585266,0.7262179851531982,0.015930434688925743,0.6956648230552673,0.701193630695343,0.7053578495979309,0.7167508602142334,0.7262179851531982,0.7390985488891602,0.7486131191253662,0.751170814037323,0.7604148387908936
6188,-0.7281724214553833,24.41690444946289,14.222867965698242,32.08535575866699,0.7281725406646729,0.7265365123748779,0.01660028100013733,0.6956648230552673,0.701193630695343,0.7067111730575562,0.7169331312179565,0.7265365123748779,0.740708589553833,0.750137448310852,0.7533504366874695,0.763209879398346
6240,-0.7291804552078247,24.098651885986328,14.160942077636719,31.54691982269287,0.7291805148124695,0.7268379926681519,0.016423510387539864,0.6956648230552673,0.701193630695343,0.7077423334121704,0.7207658886909485,0.7268379926681519,0.74210524559021,0.750137448310852,0.7533504366874695,0.763209879398346
6292,-0.7299795150756836,23.80181121826172,14.11954402923584,31.019769191741943,0.7299794554710388,0.7278348207473755,0.016485286876559258,0.6960897445678711,0.703367292881012,0.7085317373275757,0.7207868099212646,0.7278348207473755,0.7425053715705872,0.750137448310852,0.7541964054107666,0.7632690072059631
6344,-0.7307249903678894,23.51806640625,14.07118034362793,30.518109798431396,0.7307250499725342,0.7284914255142212,0.01628471352159977,0.6960897445678711,0.705304741859436,0.7094030380249023,0.7207935452461243,0.7284914255142212,0.7431303262710571,0.7506741881370544,0.75724196434021,0.7632690072059631
6396,-0.7314666509628296,23.214744567871094,14.014422416687012,29.993372440338135,0.7314667701721191,0.7284914255142212,0.01596900261938572,0.7027584314346313,0.7060143351554871,0.7116265296936035,0.7211273312568665,0.7284914255142212,0.7433327436447144,0.7510159015655518,0.7596397399902344,0.7632690072059631
6448,-0.7324995398521423,22.944984436035156,13.976324081420898,29.480792999267578,0.7324995398521423,0.7323756217956543,0.015740610659122467,0.7028024792671204,0.7065649032592773,0.7149000763893127,0.7215229868888855,0.7323756217956543,0.7437978386878967,0.7512487173080444,0.7596397399902344,0.7632690072059631
6500,-0.7336365580558777,22.667654037475586,13.937570571899414,28.974778652191162,0.7336366176605225,0.7327473759651184,0.01583212800323963,0.7029709815979004,0.7085077166557312,0.7149997353553772,0.7216074466705322,0.7327473759651184,0.7454397082328796,0.7530844807624817,0.7601040601730347,0.7666195034980774
6552,-0.7341330051422119,22.3841609954834,13.87903118133545,28.469159603118896,0.7341330647468567,0.7330089807510376,0.015785718336701393,0.7030020952224731,0.7085209488868713,0.7151483297348022,0.723907470703125,0.7330089807510376,0.7460044622421265,0.7536067962646484,0.7601040601730347,0.7672111392021179
6604,-0.7348516583442688,22.10736656188965,13.838577270507812,27.959556579589844,0.7348516583442688,0.7332973480224609,0.015733245760202408,0.7030020952224731,0.7092093229293823,0.7151483297348022,0.7246847152709961,0.7332973480224609,0.7466450929641724,0.7548795938491821,0.7601040601730347,0.7672111392021179
6656,-0.7354549765586853,21.847949981689453,13.797002792358398,27.459496021270752,0.7354550361633301,0.7348793148994446,0.01571892388164997,0.7030069828033447,0.7101976871490479,0.7151483297348022,0.7246847152709961,0.7348793148994446,0.7473074197769165,0.7568703889846802,0.7601040601730347,0.7672111392021179
6708,-0.7360816597938538,21.58230209350586,13.750707626342773,26.95757293701172,0.7360817193984985,0.7360439300537109,0.015842007473111153,0.7055786848068237,0.7101976871490479,0.715611457824707,0.7246847152709961,0.7360439300537109,0.748187780380249,0.7569930553436279,0.7616015076637268,0.7672111392021179
6760,-0.7370553612709045,21.30987548828125,13.69419002532959,26.475014686584473,0.7370553016662598,0.7375019788742065,0.01588703691959381,0.7059147357940674,0.7101976871490479,0.715611457824707,0.7255151867866516,0.7375019788742065,0.7488285303115845,0.7569930553436279,0.7632569074630737,0.7678318619728088
6812,-0.7376421689987183,21.040987014770508,13.637105941772461,25.986213207244873,0.737642228603363,0.7389199733734131,0.01556437462568283,0.7064961791038513,0.7118868827819824,0.7165250778198242,0.7257823944091797,0.7389199733734131,0.7488285303115845,0.7569930553436279,0.7632569074630737,0.7678318619728088
6864,-0.7381954789161682,20.791879653930664,13.595680236816406,25.49058198928833,0.7381954789161682,0.7398463487625122,0.015531519427895546,0.7064961791038513,0.7118868827819824,0.7170622944831848,0.7265282273292542,0.7398463487625122,0.7489325404167175,0.7571871280670166,0.7632569074630737,0.7678318619728088
6916,-0.738977313041687,20.526344299316406,13.528200149536133,25.00305986404419,0.7389774322509766,0.7408792972564697,0.015332888811826706,0.710163414478302,0.7136820554733276,0.7178776264190674,0.7267166972160339,0.7408792972564697,0.7501245737075806,0.7571871280670166,0.7643253207206726,0.7678318619728088
6968,-0.7396082282066345,20.269285202026367,13.477343559265137,24.50782537460327,0.7396082282066345,0.741148829460144,0.015198838897049427,0.7117958068847656,0.7141775488853455,0.719176709651947,0.7267166972160339,0.741148829460144,0.7512454986572266,0.7581431865692139,0.7643253207206726,0.7678415179252625
7020,-0.7401368021965027,20.015094757080078,13.412717819213867,24.035571575164795,0.7401368021965027,0.741148829460144,0.014958512037992477,0.7117958068847656,0.7156955599784851,0.7194326519966125,0.7290647029876709,0.741148829460144,0.7513123750686646,0.7581431865692139,0.7645686864852905,0.7678415179252625
7072,-0.7405546307563782,19.767147064208984,13.358007431030273,23.570932388305664,0.7405546307563782,0.741148829460144,0.014887952245771885,0.7137121558189392,0.7167007923126221,0.7194326519966125,0.7306340336799622,0.741148829460144,0.7516266107559204,0.7581431865692139,0.7645686864852905,0.7695168852806091
7124,-0.7413064241409302,19.545141220092773,13.313785552978516,23.130372524261475,0.7413063645362854,0.7425256967544556,0.014578244648873806,0.7137121558189392,0.7178109288215637,0.7221183776855469,0.7311445474624634,0.7425256967544556,0.7516266107559204,0.758268415927887,0.7645686864852905,0.7695168852806091
7176,-0.7423322200775146,19.33175277709961,13.279863357543945,22.67864751815796,0.7423321604728699,0.7441086173057556,0.014436290599405766,0.7179247736930847,0.7188913822174072,0.7222776412963867,0.7311445474624634,0.7441086173057556,0.752240777015686,0.7592959403991699,0.7664357423782349,0.7695168852806091
7228,-0.7428110241889954,19.108686447143555,13.229049682617188,22.237351894378662,0.7428109645843506,0.7447534799575806,0.014488110318779945,0.7188060879707336,0.7195349931716919,0.7230368852615356,0.7311445474624634,0.7447534799575806,0.752240777015686,0.7602103352546692,0.7675974369049072,0.7695879340171814
7280,-0.7433666586875916,18.891916275024414,13.193893432617188,21.782898902893066,0.743366539478302,0.745712161064148,0.014491512440145016,0.7193429470062256,0.7221719026565552,0.7237153053283691,0.7311445474624634,0.745712161064148,0.7532769441604614,0.7604619264602661,0.7676320672035217,0.7696594595909119
7332,-0.7446082234382629,18.679641723632812,13.13650894165039,21.34410524368286,0.7446082234382629,0.7467471361160278,0.014110674150288105,0.7198930382728577,0.7223988771438599,0.7245098948478699,0.7326716184616089,0.7467471361160278,0.7547356486320496,0.763961672782898,0.7677570581436157,0.7697917222976685
7384,-0.7451122403144836,18.481252670288086,13.092238426208496,20.921438694000244,0.7451122403144836,0.7467471361160278,0.013964947313070297,0.7222346663475037,0.7235355973243713,0.7250475287437439,0.7345749139785767,0.7467471361160278,0.754780113697052,0.763961672782898,0.7677570581436157,0.770520806312561
7436,-0.7456703186035156,18.29246711730957,13.069890975952148,20.487314224243164,0.7456703186035156,0.7469558715820312,0.013672451488673687,0.7222742438316345,0.724510669708252,0.7278297543525696,0.7348732948303223,0.7469558715820312,0.754780113697052,0.763961672782898,0.7695178985595703,0.7705277800559998
7488,-0.7460476756095886,18.058713912963867,13.00459098815918,20.04858922958374,0.7460477352142334,0.7473195791244507,0.013693462125957012,0.7222742438316345,0.724510669708252,0.7278297543525696,0.7350714206695557,0.7473195791244507,0.7548869848251343,0.763961672782898,0.7695178985595703,0.7705277800559998
7540,-0.7466127872467041,17.853042602539062,12.95796012878418,19.617042541503906,0.7466128468513489,0.7480250000953674,0.013857695274055004,0.7222742438316345,0.7250267267227173,0.7278297543525696,0.7352325916290283,0.7480250000953674,0.755431592464447,0.7650390267372131,0.7699782848358154,0.7713025808334351
7592,-0.7471155524253845,17.653335571289062,12.910911560058594,19.19469165802002,0.7471155524253845,0.7480250000953674,0.01401007641106844,0.7230272889137268,0.7250344753265381,0.7280881404876709,0.7361130714416504,0.7480250000953674,0.7562640905380249,0.7652416229248047,0.7703548073768616,0.7724113464355469
7644,-0.7474297881126404,17.46676254272461,12.881239891052246,18.773856163024902,0.7474299669265747,0.7480250000953674,0.014198039658367634,0.723273754119873,0.7250502109527588,0.7287785410881042,0.7361130714416504,0.7480250000953674,0.7569454312324524,0.7652416229248047,0.7704579830169678,0.7724453210830688
7696,-0.7478997111320496,17.269817352294922,12.839414596557617,18.35136842727661,0.7478997111320496,0.7480250000953674,0.0141630033031106,0.7245209217071533,0.7255982160568237,0.7287785410881042,0.7368230223655701,0.7480250000953674,0.7571371793746948,0.7652416229248047,0.7705552577972412,0.7724619507789612
7748,-0.748134434223175,17.07574462890625,12.796317100524902,17.920534133911133,0.7481343746185303,0.7480250000953674,0.014188534580171108,0.7245209217071533,0.7258691787719727,0.7288167476654053,0.7371913194656372,0.7480250000953674,0.7574397921562195,0.7653050422668457,0.7705552577972412,0.7724619507789612
7800,-0.7486374974250793,16.856365203857422,12.713961601257324,17.494256019592285,0.7486374378204346,0.7489988207817078,0.014257834292948246,0.7245209217071533,0.7268256545066833,0.729678213596344,0.737560510635376,0.7489988207817078,0.7594559192657471,0.7674177289009094,0.7705562710762024,0.7724619507789612
7852,-0.7490530014038086,16.666776657104492,12.671340942382812,17.06837797164917,0.7490530610084534,0.7491780519485474,0.014333727769553661,0.7245209217071533,0.7271547913551331,0.730600893497467,0.737648606300354,0.7491780519485474,0.7603708505630493,0.7675642967224121,0.7715117931365967,0.7724718451499939
7904,-0.7495760321617126,16.479846954345703,12.612066268920898,16.68250846862793,0.7495760917663574,0.7491780519485474,0.01427849568426609,0.7245209217071533,0.7281643152236938,0.7309852242469788,0.7387734651565552,0.7491780519485474,0.7605813145637512,0.7675642967224121,0.7720682621002197,0.7724841237068176
7956,-0.7498140335083008,16.291353225708008,12.555816650390625,16.27301597595215,0.7498140931129456,0.7491780519485474,0.014209343120455742,0.7245387434959412,0.7281643152236938,0.7309852242469788,0.7390269041061401,0.7491780519485474,0.7611469030380249,0.7675642967224121,0.7720682621002197,0.7734820246696472
8008,-0.7502111792564392,16.10068130493164,12.4991455078125,15.853803157806396,0.7502111792564392,0.7496538758277893,0.014066210016608238,0.7255945205688477,0.7281643152236938,0.7324512004852295,0.7393639087677002,0.7496538758277893,0.7619545459747314,0.7675642967224121,0.7722846865653992,0.7734820246696472
8060,-0.7504679560661316,15.95196533203125,12.472441673278809,15.482162237167358,0.7504680752754211,0.7503752112388611,0.013988640159368515,0.7255945205688477,0.7296900153160095,0.7325927019119263,0.7405002117156982,0.7503752112388611,0.7625436782836914,0.7675642967224121,0.7722846865653992,0.7737723588943481
8112,-0.75091552734375,15.818473815917969,12.465572357177734,15.10311245918274,0.7509155869483948,0.7505221366882324,0.014042486436665058,0.7255945205688477,0.7296900153160095,0.7325927019119263,0.740569531917572,0.7505221366882324,0.7631921768188477,0.7681800723075867,0.7723042964935303,0.7737723588943481
8164,-0.7511246204376221,15.704721450805664,12.473627090454102,14.731054544448853,0.7511247396469116,0.7511375546455383,0.014078144915401936,0.7267668843269348,0.7296900153160095,0.7332050800323486,0.7406476140022278,0.7511375546455383,0.7631921768188477,0.7681800723075867,0.7731598615646362,0.7750934362411499
8216,-0.7514843344688416,15.55100154876709,12.447787284851074,14.330310583114624,0.7514844536781311,0.7518050670623779,0.01401900127530098,0.7267668843269348,0.7296993136405945,0.7332050800323486,0.7406476140022278,0.7518050670623779,0.7632684707641602,0.7688779830932617,0.7735884189605713,0.7750934362411499
8268,-0.7517465949058533,15.445518493652344,12.460306167602539,13.956528186798096,0.751746654510498,0.7518050670623779,0.013964608311653137,0.7268288135528564,0.7301140427589417,0.7333565354347229,0.740816056728363,0.7518050670623779,0.7632684707641602,0.7688779830932617,0.7735884189605713,0.7801117897033691
8320,-0.7520765662193298,15.28805160522461,12.432097434997559,13.553435802459717,0.7520767450332642,0.7520918846130371,0.014046399854123592,0.7268288135528564,0.7301140427589417,0.7333565354347229,0.7410038709640503,0.7520918846130371,0.763592004776001,0.7688779830932617,0.7735884189605713,0.7801117897033691
8372,-0.7525394558906555,15.163352966308594,12.421388626098633,13.200299978256226,0.7525395750999451,0.7520918846130371,0.013879185542464256,0.7274709939956665,0.7313012480735779,0.7341107130050659,0.741430401802063,0.7520918846130371,0.763592004776001,0.7692632079124451,0.7735986709594727,0.7801304459571838
8424,-0.7527256608009338,15.033462524414062,12.39729118347168,12.844962358474731,0.7527257800102234,0.7521951198577881,0.013750843703746796,0.7285523414611816,0.7315748333930969,0.7345200181007385,0.7415928840637207,0.7521951198577881,0.763592004776001,0.7692632079124451,0.7735986709594727,0.7801311016082764
8476,-0.7529836893081665,14.938735961914062,12.416463851928711,12.471331596374512,0.7529838681221008,0.7529615163803101,0.013735189102590084,0.7289643883705139,0.7320957183837891,0.7345778942108154,0.7418766021728516,0.7529615163803101,0.7638742923736572,0.770465612411499,0.7739085555076599,0.7801311016082764
8528,-0.7531927824020386,14.824928283691406,12.400835990905762,12.119928359985352,0.7531928420066833,0.7529615163803101,0.013826647773385048,0.7289643883705139,0.7320957183837891,0.7345778942108154,0.7419278025627136,0.7529615163803101,0.7647792100906372,0.770465612411499,0.7739292979240417,0.7801311016082764
8580,-0.7534974217414856,14.706454277038574,12.388594627380371,11.771514892578125,0.7534974813461304,0.7531594634056091,0.01369097363203764,0.7293094396591187,0.7321082949638367,0.7359983921051025,0.7419593930244446,0.7531594634056091,0.7649062275886536,0.7705407738685608,0.775015115737915,0.7805826663970947
8632,-0.7537041902542114,14.59288215637207,12.373497009277344,11.425619840621948,0.7537042498588562,0.7531594634056091,0.0135962450876832,0.7301160097122192,0.7321082949638367,0.7366911768913269,0.7426792979240417,0.7531594634056091,0.7649062275886536,0.7705407738685608,0.7750314474105835,0.7805826663970947
8684,-0.7539581656455994,14.452848434448242,12.329469680786133,11.064393997192383,0.7539581060409546,0.7536504864692688,0.013578271493315697,0.7301160097122192,0.7321082949638367,0.7366911768913269,0.7429640293121338,0.7536504864692688,0.7649062275886536,0.7711501717567444,0.7752262949943542,0.7805826663970947
8736,-0.754239022731781,14.349430084228516,12.312342643737793,10.742262601852417,0.754239022731781,0.7537015676498413,0.013585061766207218,0.7301160097122192,0.732745885848999,0.7367895841598511,0.743863582611084,0.7537015676498413,0.7653229236602783,0.7711501717567444,0.7752262949943542,0.7805826663970947
8788,-0.7546603083610535,14.282869338989258,12.339200973510742,10.414890766143799,0.7546602487564087,0.7539314031600952,0.013499393127858639,0.7301160097122192,0.732745885848999,0.7376190423965454,0.7443336844444275,0.7539314031600952,0.7656346559524536,0.7711882591247559,0.7752470970153809,0.7805826663970947
8840,-0.7548699975013733,14.199485778808594,12.350897789001465,10.084219217300415,0.7548700571060181,0.7544462084770203,0.01351646427065134,0.7301160097122192,0.732745885848999,0.7377708554267883,0.7449675798416138,0.7544462084770203,0.7661070823669434,0.7712644338607788,0.775248110294342,0.7805826663970947
8892,-0.7550929188728333,14.107787132263184,12.352252006530762,9.75184941291809,0.755092978477478,0.7544462084770203,0.013424012809991837,0.7301160097122192,0.7327483296394348,0.7381964921951294,0.7458826303482056,0.7544462084770203,0.7663599252700806,0.7712644338607788,0.775248110294342,0.7805826663970947
8944,-0.7551653981208801,14.042242050170898,12.368647575378418,9.422057151794434,0.7551653981208801,0.7544462084770203,0.01335940882563591,0.7304105162620544,0.7328473925590515,0.7381964921951294,0.7458826303482056,0.7544462084770203,0.7663599252700806,0.7712644338607788,0.775248110294342,0.7805826663970947
8996,-0.7553706169128418,13.92933464050293,12.337203979492188,9.094661474227905,0.7553704977035522,0.7544462084770203,0.013230804353952408,0.7304105162620544,0.7328473925590515,0.7381964921951294,0.7463499307632446,0.7544462084770203,0.7663599252700806,0.7716543078422546,0.775248110294342,0.7805826663970947
9048,-0.7555071115493774,13.858489990234375,12.354101181030273,8.76692271232605,0.7555071115493774,0.7544462084770203,0.013239588588476181,0.7304105162620544,0.7328473925590515,0.7381964921951294,0.7466228008270264,0.7544462084770203,0.7667196393013,0.7716543078422546,0.775248110294342,0.7805826663970947
9100,-0.7558220028877258,13.786434173583984,12.35815715789795,8.433353900909424,0.7558220028877258,0.7560680508613586,0.013308200985193253,0.7309303283691406,0.7328473925590515,0.7382267713546753,0.7468729019165039,0.7560680508613586,0.7668323516845703,0.7732065916061401,0.7762746214866638,0.7805826663970947
9152,-0.7560716271400452,13.707971572875977,12.35791015625,8.136796951293945,0.7560716271400452,0.7566807270050049,0.013202037662267685,0.7309303283691406,0.733386754989624,0.7383078932762146,0.7468729019165039,0.7566807270050049,0.7668355107307434,0.7732065916061401,0.7762746214866638,0.7805826663970947
9204,-0.7563107013702393,13.66744613647461,12.395673751831055,7.799657821655273,0.7563108205795288,0.7567089796066284,0.01316299568861723,0.7309303879737854,0.7345572710037231,0.7383078932762146,0.7469529509544373,0.7567089796066284,0.766927182674408,0.7738741040229797,0.7762746214866638,0.7805826663970947
9256,-0.7564802169799805,13.639697074890137,12.445578575134277,7.507589340209961,0.75648033618927,0.7567089796066284,0.013100686483085155,0.7321218848228455,0.7346088290214539,0.739032506942749,0.7469841241836548,0.7567089796066284,0.7672359347343445,0.7738741040229797,0.7762746214866638,0.7805826663970947
9308,-0.7567412257194519,13.595779418945312,12.479225158691406,7.163751006126404,0.7567412853240967,0.7576240301132202,0.013078060001134872,0.7321218848228455,0.7348450422286987,0.7396951913833618,0.7469841241836548,0.7576240301132202,0.7676122188568115,0.7747337222099304,0.7763147354125977,0.7805826663970947
9360,-0.7568925023078918,13.509451866149902,12.474207878112793,6.854939818382263,0.7568925619125366,0.7576240301132202,0.01300475187599659,0.7321218848228455,0.7348450422286987,0.7408157587051392,0.7470803260803223,0.7576240301132202,0.7676122188568115,0.7747337222099304,0.7763147354125977,0.7805826663970947
9412,-0.7570138573646545,13.440016746520996,12.465067863464355,6.555717587471008,0.7570137977600098,0.7576240301132202,0.012936838902533054,0.7321218848228455,0.7348450422286987,0.7408157587051392,0.7470803260803223,0.7576240301132202,0.7676122188568115,0.7747337222099304,0.7763147354125977,0.7811703681945801
9464,-0.7571656703948975,13.383769989013672,12.481351852416992,6.219418525695801,0.7571657299995422,0.7578009366989136,0.012900582514703274,0.7321252822875977,0.7348450422286987,0.7408627271652222,0.7471398711204529,0.7578009366989136,0.7677352428436279,0.7747337222099304,0.7763147354125977,0.7811703681945801
9516,-0.7572555541992188,13.313545227050781,12.48399543762207,5.847919821739197,0.7572556138038635,0.7578009366989136,0.012868518009781837,0.7321252822875977,0.7348450422286987,0.74088454246521,0.7474695444107056,0.7578009366989136,0.7677352428436279,0.7747337222099304,0.7763147354125977,0.7811703681945801
9568,-0.7573699951171875,13.270883560180664,12.502519607543945,5.530221104621887,0.7573699355125427,0.7579612731933594,0.012848439626395702,0.7321252822875977,0.7348450422286987,0.7409510016441345,0.7475025653839111,0.7579612731933594,0.7683274149894714,0.7747337222099304,0.7763147354125977,0.7811703681945801
9620,-0.7575434446334839,13.296862602233887,12.595497131347656,5.218057155609131,0.7575435042381287,0.7579612731933594,0.012866342440247536,0.7321252822875977,0.7348450422286987,0.7410253882408142,0.748528242111206,0.7579612731933594,0.7683274149894714,0.7747337222099304,0.7763147354125977,0.7811703681945801
9672,-0.7576984763145447,13.302668571472168,12.668365478515625,4.889277815818787,0.7576985955238342,0.7579612731933594,0.012747903354465961,0.7321252822875977,0.7356736660003662,0.7414788603782654,0.748528242111206,0.7579612731933594,0.7683274149894714,0.7747337222099304,0.7763147354125977,0.7811703681945801
9724,-0.7577741742134094,13.346083641052246,12.774252891540527,4.569255590438843,0.7577741742134094,0.7581510543823242,0.012775897979736328,0.7321252822875977,0.7356736660003662,0.7414788603782654,0.748528242111206,0.7581510543823242,0.7683274149894714,0.7747337222099304,0.7763147354125977,0.7811703681945801
9776,-0.7579725980758667,13.40142822265625,12.880025863647461,4.3197633028030396,0.7579725384712219,0.758591890335083,0.012784803286194801,0.7321252822875977,0.7366980314254761,0.7414788603782654,0.7488266825675964,0.758591890335083,0.7686089277267456,0.7748370170593262,0.7764144539833069,0.7811703681945801
9828,-0.7580558657646179,13.52861213684082,13.074679374694824,4.03383082151413,0.7580558657646179,0.758591890335083,0.012681720778346062,0.7330977916717529,0.7366980314254761,0.7415053248405457,0.7491093277931213,0.758591890335083,0.7686089277267456,0.7748370170593262,0.7764144539833069,0.7811703681945801
9880,-0.7581335306167603,13.567301750183105,13.175055503845215,3.677023947238922,0.7581335306167603,0.758591890335083,0.012579113245010376,0.7345871925354004,0.7367568016052246,0.7415053248405457,0.7491093277931213,0.758591890335083,0.7686089277267456,0.7748370170593262,0.7764144539833069,0.7811703681945801
9932,-0.7583204507827759,13.772253036499023,13.444076538085938,3.356048107147217,0.7583204507827759,0.7590827941894531,0.01255123969167471,0.7345871925354004,0.7367568016052246,0.7418437600135803,0.7491803169250488,0.7590827941894531,0.7686089277267456,0.7748370170593262,0.7764232158660889,0.7812439203262329
9984,-0.7583613395690918,14.04793930053711,13.783588409423828,3.1099334359169006,0.758361279964447,0.7590827941894531,0.012571997940540314,0.7345871925354004,0.7367568016052246,0.7418931722640991,0.7491803169250488,0.7590827941894531,0.7686089277267456,0.7748370170593262,0.7764232158660889,0.7812439203262329
