step,best_fitness,avg_hamming,avg_l1,avg_entropy,mean,median,std,2%,5%,10%,25%,50%,75%,90%,95%,98%
60,-272.1999816894531,127.56634521484375,11.109067916870117,176.25054931640625,-272.20001220703125,-276.5,50.94133758544922,-365.4599914550781,-356.1499938964844,-325.6000061035156,-299.5,-276.5,-241.0,-196.8000030517578,-181.85000610351562,-174.72000122070312
120,-297.91998291015625,127.13568115234375,13.974024772644043,175.37328084309897,-297.9200134277344,-293.0,42.04632568359375,-422.05999755859375,-368.04998779296875,-345.20001220703125,-318.25,-293.0,-272.75,-246.89999389648438,-240.6999969482422,-227.9600067138672
180,-307.7599792480469,126.71067810058594,16.218978881835938,174.51463317871094,-307.760009765625,-302.5,41.95810317993164,-422.05999755859375,-394.25,-361.1000061035156,-323.0,-302.5,-276.75,-260.79998779296875,-248.9499969482422,-245.94000244140625
240,-322.03997802734375,126.29658508300781,18.08060646057129,173.68936157226562,-322.0400085449219,-315.5,40.950439453125,-425.20001220703125,-405.04998779296875,-388.29998779296875,-340.75,-315.5,-296.5,-274.8999938964844,-264.79998779296875,-255.89999389648438
300,-329.7200012207031,125.9227523803711,19.873197555541992,172.87767028808594,-329.7200012207031,-319.5,42.02548599243164,-435.1600036621094,-406.79998779296875,-394.5,-353.5,-319.5,-300.5,-288.79998779296875,-271.0,-264.8800048828125
360,-340.67999267578125,125.5101547241211,21.40789031982422,172.05484517415366,-340.67999267578125,-330.5,43.70260238647461,-444.0199890136719,-435.1499938964844,-405.1000061035156,-362.25,-330.5,-310.5,-293.0,-285.0,-273.9800109863281
420,-347.1000061035156,125.0660629272461,22.848690032958984,171.18707275390625,-347.1000061035156,-337.0,44.26567840576172,-445.17999267578125,-438.25,-406.20001220703125,-371.75,-337.0,-317.0,-297.8999938964844,-291.95001220703125,-287.0
480,-351.53997802734375,124.65828704833984,24.171096801757812,170.36417134602866,-351.5400085449219,-341.0,42.30376052856445,-445.17999267578125,-438.25,-408.20001220703125,-374.0,-341.0,-322.5,-303.0,-297.95001220703125,-292.9200134277344
540,-357.3199768066406,124.21485900878906,25.36445426940918,169.5152130126953,-357.32000732421875,-349.5,41.38016128540039,-445.17999267578125,-438.25,-422.29998779296875,-382.5,-349.5,-329.75,-312.79998779296875,-302.79998779296875,-296.9200134277344
600,-367.7200012207031,123.78248596191406,26.521053314208984,168.6759490966797,-367.7200012207031,-361.0,44.07699966430664,-454.82000732421875,-444.04998779296875,-429.20001220703125,-399.0,-361.0,-336.5,-317.0,-306.8999938964844,-297.8999938964844
660,-374.6199951171875,123.2936019897461,27.54153060913086,167.79399617513022,-374.6199951171875,-366.0,42.24210739135742,-466.5799865722656,-445.3500061035156,-431.3999938964844,-405.25,-366.0,-345.0,-322.79998779296875,-317.0,-308.9200134277344
720,-381.2200012207031,122.79061126708984,28.55831527709961,166.88440958658853,-381.2200012207031,-369.0,42.89815139770508,-471.4800109863281,-454.45001220703125,-444.1000061035156,-410.0,-369.0,-350.5,-332.79998779296875,-319.8500061035156,-314.8800048828125
780,-385.44000244140625,122.27596282958984,29.41683006286621,165.99378967285156,-385.44000244140625,-376.0,42.850276947021484,-471.4800109863281,-460.1499938964844,-446.1000061035156,-413.0,-376.0,-354.25,-334.79998779296875,-319.8500061035156,-314.8800048828125
840,-391.79998779296875,121.77601623535156,30.281570434570312,165.10029093424478,-391.79998779296875,-387.5,41.74565887451172,-471.4800109863281,-460.1499938964844,-447.0,-421.5,-387.5,-361.0,-343.0,-332.3999938964844,-314.8800048828125
900,-401.2200012207031,121.19821166992188,31.180511474609375,164.1063690185547,-401.2200012207031,-400.5,42.38456726074219,-495.0199890136719,-471.5,-453.1000061035156,-430.25,-400.5,-367.0,-349.0,-344.8500061035156,-320.8800048828125
960,-408.2200012207031,120.6236572265625,31.891063690185547,163.1566619873047,-408.2200012207031,-404.5,48.067989349365234,-520.0599975585938,-491.20001220703125,-460.29998779296875,-436.25,-404.5,-373.0,-351.79998779296875,-344.8500061035156,-320.9599914550781
1020,-415.44000244140625,119.9976806640625,32.62080383300781,162.12520345052084,-415.44000244140625,-411.5,47.18290328979492,-541.6199951171875,-496.6499938964844,-466.5,-437.25,-411.5,-381.0,-364.8999938964844,-356.75,-345.0
1080,-431.7599792480469,119.35191345214844,33.27062225341797,161.103515625,-431.760009765625,-426.0,55.00947570800781,-589.0800170898438,-542.5499877929688,-491.3999938964844,-453.25,-426.0,-394.5,-370.6000061035156,-360.79998779296875,-351.9599914550781
1140,-444.9599914550781,118.71202087402344,33.94346237182617,160.0560557047526,-444.9599914550781,-434.0,59.42203903198242,-593.6199951171875,-573.2999877929688,-510.3999938964844,-471.0,-434.0,-408.75,-380.79998779296875,-366.95001220703125,-356.94000244140625
1200,-457.0,118.07328796386719,34.53231430053711,159.03237915039062,-457.0,-446.5,58.793025970458984,-593.6199951171875,-579.4000244140625,-535.5999755859375,-481.0,-446.5,-417.0,-392.6000061035156,-378.8999938964844,-368.94000244140625
1260,-472.5,117.39974212646484,35.149169921875,157.94988505045572,-472.5,-460.0,58.68364334106445,-593.6199951171875,-585.0999755859375,-565.7000122070312,-502.0,-460.0,-434.5,-409.70001220703125,-392.79998779296875,-376.8800048828125
1320,-489.1199951171875,116.7686767578125,35.71151351928711,156.92487080891928,-489.1199951171875,-471.0,68.4096908569336,-659.1400146484375,-593.2999877929688,-585.2000122070312,-509.5,-471.0,-443.0,-420.70001220703125,-409.95001220703125,-392.8999938964844
1380,-501.3599853515625,116.02679443359375,36.18932342529297,155.79544067382812,-501.3599853515625,-480.5,73.20526123046875,-681.6799926757812,-624.0999755859375,-593.0,-549.0,-480.5,-444.75,-427.0,-416.79998779296875,-406.7200012207031
1440,-514.7999877929688,115.3374252319336,36.67137145996094,154.71503194173178,-514.7999877929688,-503.5,73.40912628173828,-681.6799926757812,-632.3499755859375,-601.5,-572.75,-503.5,-462.25,-433.29998779296875,-417.0,-409.94000244140625
1500,-526.0999755859375,114.65696716308594,37.103416442871094,153.64974466959634,-526.0999755859375,-514.5,73.66960144042969,-681.6799926757812,-658.0499877929688,-612.2999877929688,-582.0,-514.5,-467.25,-442.5,-426.70001220703125,-416.8599853515625
1560,-538.719970703125,113.92552947998047,37.54711151123047,152.5212198893229,-538.719970703125,-535.0,73.05738830566406,-716.1599731445312,-658.0499877929688,-612.2999877929688,-591.25,-535.0,-480.75,-445.0,-436.8999938964844,-420.9200134277344
1620,-551.0399780273438,113.21221160888672,37.92971420288086,151.41510518391928,-551.0399780273438,-550.5,72.9044418334961,-716.1599731445312,-663.7000122070312,-634.2999877929688,-596.25,-550.5,-487.0,-465.0,-458.79998779296875,-442.760009765625
1680,-563.6599731445312,112.52362060546875,38.313507080078125,150.34105936686197,-563.6599731445312,-566.0,70.13661193847656,-718.1199951171875,-678.7999877929688,-658.0999755859375,-599.75,-566.0,-504.5,-482.70001220703125,-469.0,-459.0
1740,-576.3200073242188,111.82353973388672,38.706600189208984,149.2473907470703,-576.3200073242188,-573.0,68.92138671875,-724.0,-713.0999755859375,-663.7000122070312,-610.0,-573.0,-521.75,-492.70001220703125,-476.79998779296875,-468.79998779296875
1800,-588.5199584960938,111.1058578491211,39.018470764160156,148.13451131184897,-588.52001953125,-582.5,69.09840393066406,-763.2000122070312,-717.9000244140625,-690.5999755859375,-620.25,-582.5,-537.5,-507.0,-493.0,-489.6600036621094
1860,-602.97998046875,110.40498352050781,39.360198974609375,147.05533345540366,-602.97998046875,-592.5,66.81661224365234,-767.1199951171875,-718.4000244140625,-701.4000244140625,-640.75,-592.5,-562.5,-518.9000244140625,-506.70001220703125,-493.0
1920,-612.760009765625,109.73873138427734,39.69233703613281,145.98690287272134,-612.760009765625,-601.5,67.22203826904297,-775.52001953125,-745.0,-705.4000244140625,-653.0,-601.5,-570.75,-530.4000244140625,-514.7999877929688,-498.8800048828125
1980,-625.4400024414062,109.08452606201172,40.01325607299805,144.92792765299478,-625.4400024414062,-619.0,66.49982452392578,-787.280029296875,-749.9000244140625,-715.2000122070312,-655.25,-619.0,-585.0,-545.0,-530.7999877929688,-498.8800048828125
2040,-634.9599609375,108.42840576171875,40.28131866455078,143.88248697916666,-634.9600219726562,-626.0,69.79325103759766,-819.0399780273438,-775.25,-724.2999877929688,-667.0,-626.0,-590.5,-560.9000244140625,-539.5499877929688,-508.67999267578125
2100,-649.1199951171875,107.70397186279297,40.54635238647461,142.73960876464844,-649.1199951171875,-644.0,66.97526550292969,-819.0399780273438,-780.3499755859375,-745.4000244140625,-684.0,-644.0,-603.75,-570.5999755859375,-559.75,-531.0
2160,-664.719970703125,107.03207397460938,40.77659225463867,141.67375691731772,-664.719970703125,-654.5,65.83329010009766,-824.02001953125,-789.0999755859375,-754.7999877929688,-701.75,-654.5,-620.5,-589.0,-580.9000244140625,-566.280029296875
2220,-676.0199584960938,106.39595031738281,41.079498291015625,140.60362243652344,-676.02001953125,-663.5,68.78880310058594,-827.0800170898438,-805.9000244140625,-780.0999755859375,-711.25,-663.5,-627.75,-597.7000122070312,-584.9000244140625,-570.9199829101562
2280,-690.8599853515625,105.7330551147461,41.34282684326172,139.52689107259116,-690.8599853515625,-679.0,73.32203674316406,-836.1400146484375,-824.1500244140625,-798.0999755859375,-741.5,-679.0,-641.75,-606.7999877929688,-597.0,-583.0
2340,-699.3999633789062,105.09654235839844,41.572933197021484,138.49919637044272,-699.4000244140625,-683.0,72.77046203613281,-843.4400024414062,-824.3499755859375,-804.0999755859375,-745.5,-683.0,-650.75,-617.7000122070312,-600.9500122070312,-583.0
2400,-706.6599731445312,104.418701171875,41.790077209472656,137.40768432617188,-706.6599731445312,-686.0,73.79366302490234,-865.3599853515625,-843.5499877929688,-806.5999755859375,-754.5,-686.0,-660.75,-622.5999755859375,-602.8499755859375,-588.8800048828125
2460,-718.4400024414062,103.75492858886719,41.959197998046875,136.35297139485678,-718.4400024414062,-706.0,73.66455078125,-883.8800048828125,-843.5499877929688,-806.5999755859375,-769.75,-706.0,-670.5,-635.7999877929688,-610.5999755859375,-588.8800048828125
2520,-727.47998046875,103.0906982421875,42.144203186035156,135.27616373697916,-727.47998046875,-717.5,72.74853515625,-893.6799926757812,-859.2999877929688,-815.9000244140625,-775.0,-717.5,-677.75,-648.7000122070312,-620.6500244140625,-602.9400024414062
2580,-738.3599853515625,102.44731140136719,42.340721130371094,134.22394307454428,-738.3599853515625,-736.0,72.3201904296875,-893.6799926757812,-883.2000122070312,-833.2000122070312,-789.25,-736.0,-687.25,-661.9000244140625,-637.5999755859375,-606.8599853515625
2640,-749.5799560546875,101.79012298583984,42.52232360839844,133.1573740641276,-749.5800170898438,-745.0,72.50216674804688,-913.280029296875,-889.0999755859375,-841.5,-802.5,-745.0,-694.0,-662.9000244140625,-643.7000122070312,-624.6400146484375
2700,-759.4400024414062,101.17012786865234,42.712371826171875,132.11831665039062,-759.4400024414062,-751.0,71.42735290527344,-927.2000122070312,-891.7000122070312,-847.7000122070312,-805.25,-751.0,-712.0,-663.0,-652.7999877929688,-636.9600219726562
2760,-768.4199829101562,100.56414031982422,42.91610336303711,131.09860229492188,-768.4199829101562,-759.0,71.79529571533203,-937.5999755859375,-893.0499877929688,-863.0,-809.75,-759.0,-732.0,-670.7000122070312,-658.9000244140625,-648.9000244140625
2820,-778.9599609375,99.97057342529297,43.13475799560547,130.07315063476562,-778.9600219726562,-767.0,70.76707458496094,-937.5999755859375,-893.1500244140625,-867.9000244140625,-824.0,-767.0,-735.75,-691.0,-667.8499755859375,-656.9400024414062
2880,-785.9400024414062,99.32109832763672,43.317413330078125,128.9897003173828,-785.9400024414062,-770.5,70.86561584472656,-967.1199951171875,-905.5,-876.7000122070312,-825.0,-770.5,-741.75,-699.2999877929688,-680.7999877929688,-664.780029296875
2940,-794.9599609375,98.74122619628906,43.525390625,127.97367858886719,-794.9600219726562,-790.0,68.52896118164062,-967.1199951171875,-915.4000244140625,-887.4000244140625,-835.0,-790.0,-747.25,-716.2000122070312,-699.5499877929688,-686.7999877929688
3000,-801.0399780273438,98.12620544433594,43.707061767578125,126.92645009358723,-801.0399780273438,-793.0,68.4062728881836,-967.1199951171875,-924.2999877929688,-891.0999755859375,-842.5,-793.0,-749.75,-717.0,-701.9000244140625,-690.9199829101562
3060,-809.6799926757812,97.50733947753906,43.852020263671875,125.90853627522786,-809.6799926757812,-804.5,68.86942291259766,-967.1199951171875,-946.1500244140625,-906.5999755859375,-850.0,-804.5,-755.0,-735.0,-709.0,-701.780029296875
3120,-816.8999633789062,96.90611267089844,44.02509689331055,124.87259165445964,-816.9000244140625,-811.5,67.34278106689453,-973.1599731445312,-947.2000122070312,-906.7999877929688,-850.25,-811.5,-767.0,-735.0,-720.9000244140625,-707.8800048828125
3180,-824.719970703125,96.2506332397461,44.164302825927734,123.79803721110027,-824.719970703125,-816.0,68.33551025390625,-973.1599731445312,-947.2000122070312,-924.0,-873.75,-816.0,-773.75,-736.7999877929688,-723.9500122070312,-712.9000244140625
3240,-831.0,95.61016845703125,44.28364562988281,122.74173227945964,-831.0,-824.5,69.16082763671875,-981.0,-961.2000122070312,-924.0,-879.75,-824.5,-779.25,-743.7000122070312,-728.9500122070312,-722.7999877929688
3300,-837.739990234375,94.94552612304688,44.38909149169922,121.65962982177734,-837.739990234375,-831.5,70.32490539550781,-991.1199951171875,-971.5,-929.4000244140625,-888.25,-831.5,-781.75,-746.7000122070312,-734.7999877929688,-727.9199829101562
3360,-844.6199951171875,94.30303955078125,44.484100341796875,120.57215627034505,-844.6199951171875,-840.0,70.67160034179688,-997.0399780273438,-975.2999877929688,-931.2000122070312,-891.75,-840.0,-783.75,-759.7999877929688,-735.0,-727.9600219726562
3420,-850.219970703125,93.70411682128906,44.63324737548828,119.53084564208984,-850.219970703125,-842.0,70.96965026855469,-1009.239990234375,-983.4000244140625,-931.2000122070312,-906.25,-842.0,-796.0,-760.5999755859375,-740.9500122070312,-734.8599853515625
3480,-857.6199951171875,93.14043426513672,44.78876495361328,118.52314758300781,-857.6199951171875,-848.0,71.19575500488281,-1009.3599853515625,-983.4000244140625,-961.0999755859375,-910.0,-848.0,-807.75,-764.7000122070312,-748.5999755859375,-736.8200073242188
3540,-862.6399536132812,92.55076599121094,44.9100456237793,117.50382741292317,-862.6400146484375,-851.0,71.3420639038086,-1023.0800170898438,-983.4000244140625,-961.0999755859375,-911.0,-851.0,-810.5,-764.7000122070312,-752.7999877929688,-744.8400268554688
3600,-868.719970703125,91.89727783203125,45.03862762451172,116.39210764567058,-868.719970703125,-859.0,70.64234924316406,-1025.0400390625,-991.4000244140625,-972.2000122070312,-921.25,-859.0,-813.0,-778.9000244140625,-760.8499755859375,-752.9199829101562
3660,-874.1599731445312,91.24578857421875,45.136322021484375,115.30809275309245,-874.1599731445312,-865.0,70.38490295410156,-1027.0400390625,-991.9000244140625,-972.2000122070312,-924.0,-865.0,-823.0,-782.5999755859375,-768.9000244140625,-757.9600219726562
3720,-882.47998046875,90.63444519042969,45.21173095703125,114.26868184407552,-882.47998046875,-866.5,72.5340576171875,-1047.43994140625,-1015.7000122070312,-983.4000244140625,-925.25,-866.5,-832.5,-789.0,-777.0,-775.8400268554688
3780,-889.1399536132812,89.95188903808594,45.239784240722656,113.2054214477539,-889.1400146484375,-883.0,74.31635284423828,-1065.0799560546875,-1029.800048828125,-987.5999755859375,-930.75,-883.0,-836.75,-800.7000122070312,-777.9500122070312,-775.8400268554688
3840,-894.719970703125,89.29043579101562,45.31173324584961,112.1218744913737,-894.719970703125,-884.0,74.08739471435547,-1065.0799560546875,-1045.0,-989.0,-946.25,-884.0,-846.0,-808.9000244140625,-784.9000244140625,-776.0
3900,-901.8599853515625,88.63301849365234,45.38161849975586,111.04595184326172,-901.8599853515625,-892.0,74.56326293945312,-1069.1199951171875,-1045.699951171875,-995.5999755859375,-951.25,-892.0,-848.75,-810.7999877929688,-788.75,-777.9600219726562
3960,-908.5,88.02294921875,45.44393539428711,109.99371846516927,-908.5,-902.5,76.73701477050781,-1075.0400390625,-1067.0,-1028.699951171875,-954.0,-902.5,-849.75,-813.7000122070312,-788.7999877929688,-782.97998046875
4020,-914.9400024414062,87.46482849121094,45.56062316894531,108.9591293334961,-914.9400024414062,-905.5,74.48661804199219,-1077.0799560546875,-1067.0,-1029.5,-958.25,-905.5,-858.5,-823.5,-810.9000244140625,-788.8800048828125
4080,-920.2999877929688,86.8137435913086,45.597450256347656,107.8948491414388,-920.2999877929688,-908.5,74.47126770019531,-1081.1199951171875,-1067.4000244140625,-1029.5,-968.25,-908.5,-863.0,-830.9000244140625,-816.7000122070312,-788.8800048828125
4140,-924.8999633789062,86.25010681152344,45.68352508544922,106.92325337727864,-924.9000244140625,-910.5,75.25057983398438,-1087.1199951171875,-1067.4000244140625,-1045.0999755859375,-971.5,-910.5,-866.75,-840.9000244140625,-818.9000244140625,-799.8400268554688
4200,-931.3200073242188,85.64389038085938,45.74327850341797,105.87960052490234,-931.3200073242188,-921.0,77.8868179321289,-1093.280029296875,-1076.050048828125,-1046.5999755859375,-982.0,-921.0,-873.75,-840.9000244140625,-823.6500244140625,-799.8400268554688
4260,-937.1799926757812,85.00773620605469,45.72740936279297,104.85568745930989,-937.1799926757812,-922.5,79.01333618164062,-1107.1600341796875,-1089.0,-1061.5999755859375,-994.25,-922.5,-874.75,-841.9000244140625,-823.9500122070312,-816.9000244140625
4320,-943.4599609375,84.40996551513672,45.75968551635742,103.84901936848958,-943.4600219726562,-929.5,76.62355041503906,-1107.1600341796875,-1089.199951171875,-1067.5999755859375,-997.25,-929.5,-882.5,-851.0,-831.0,-824.97998046875
4380,-948.6399536132812,83.8746337890625,45.83666229248047,102.87435150146484,-948.6400146484375,-939.0,76.7010498046875,-1107.1600341796875,-1093.0,-1068.4000244140625,-997.75,-939.0,-887.0,-855.5,-831.0,-824.97998046875
4440,-951.8399658203125,83.2558364868164,45.85274887084961,101.81360371907552,-951.8400268554688,-939.0,76.08702087402344,-1107.1600341796875,-1093.0,-1068.5999755859375,-1000.5,-939.0,-891.0,-855.5,-839.5499877929688,-824.97998046875
4500,-957.9199829101562,82.67489624023438,45.8862419128418,100.78503926595052,-957.9199829101562,-946.0,76.44509887695312,-1116.02001953125,-1099.0999755859375,-1089.199951171875,-1007.0,-946.0,-899.75,-864.2999877929688,-840.5,-829.9000244140625
4560,-964.1399536132812,82.04113006591797,45.89289474487305,99.70773315429688,-964.1400146484375,-955.0,77.60026550292969,-1127.02001953125,-1101.0999755859375,-1091.199951171875,-1014.75,-955.0,-906.75,-872.2000122070312,-844.7999877929688,-829.9000244140625
4620,-970.6199951171875,81.35713195800781,45.85211181640625,98.61212666829427,-970.6199951171875,-966.0,77.41185760498047,-1128.02001953125,-1103.699951171875,-1096.0999755859375,-1027.25,-966.0,-909.5,-880.7000122070312,-858.2999877929688,-829.9000244140625
4680,-976.0399780273438,80.74497985839844,45.868736267089844,97.55740865071614,-976.0399780273438,-970.5,77.79420471191406,-1129.1600341796875,-1119.4000244140625,-1097.0,-1029.0,-970.5,-915.0,-887.2999877929688,-858.2999877929688,-833.9400024414062
4740,-982.199951171875,80.11691284179688,45.903404235839844,96.4360860188802,-982.2000122070312,-973.5,77.98885345458984,-1147.0999755859375,-1127.5,-1101.4000244140625,-1039.25,-973.5,-918.0,-896.7999877929688,-880.7999877929688,-855.9600219726562
4800,-987.0999755859375,79.51160430908203,45.93914031982422,95.36843363444011,-987.0999755859375,-974.5,76.649658203125,-1147.3599853515625,-1137.4000244140625,-1101.4000244140625,-1039.25,-974.5,-927.75,-902.7999877929688,-882.9000244140625,-860.9600219726562
4860,-991.6399536132812,78.86336517333984,45.88872528076172,94.3090591430664,-991.6400146484375,-977.5,76.71642303466797,-1149.3199462890625,-1145.0,-1101.4000244140625,-1044.0,-977.5,-937.75,-902.7999877929688,-886.7000122070312,-867.0
4920,-996.3800048828125,78.28491973876953,45.90129089355469,93.28564707438152,-996.3800048828125,-985.5,77.99766540527344,-1165.02001953125,-1147.0999755859375,-1113.0,-1051.75,-985.5,-938.75,-903.0,-887.9500122070312,-867.97998046875
4980,-1000.6399536132812,77.66484069824219,45.901363372802734,92.22265625,-1000.6400146484375,-989.0,77.38094329833984,-1168.02001953125,-1149.800048828125,-1113.0,-1054.5,-989.0,-941.0,-904.7999877929688,-894.9000244140625,-879.8800048828125
5040,-1005.3999633789062,77.00238037109375,45.844139099121094,91.13166809082031,-1005.4000244140625,-994.0,76.59673309326172,-1168.02001953125,-1149.800048828125,-1113.0,-1060.25,-994.0,-945.75,-916.2999877929688,-894.9000244140625,-879.8800048828125
5100,-1011.1599731445312,76.40518188476562,45.82212829589844,90.09200795491536,-1011.1599731445312,-1001.0,76.42560577392578,-1171.199951171875,-1153.75,-1117.9000244140625,-1063.25,-1001.0,-954.5,-916.9000244140625,-901.0,-892.9000244140625
5160,-1015.0999755859375,75.7728271484375,45.798274993896484,89.01102956136067,-1015.0999755859375,-1004.0,76.15911102294922,-1181.239990234375,-1165.1500244140625,-1117.9000244140625,-1069.25,-1004.0,-959.0,-923.2999877929688,-910.5,-894.9600219726562
5220,-1022.199951171875,75.15571594238281,45.731788635253906,87.9712422688802,-1022.2000122070312,-1009.0,77.38488006591797,-1193.0400390625,-1170.050048828125,-1143.800048828125,-1072.25,-1009.0,-967.0,-929.0,-914.7999877929688,-894.9600219726562
5280,-1025.3599853515625,74.52071380615234,45.662986755371094,86.89412180582683,-1025.3599853515625,-1009.0,77.01824951171875,-1193.0400390625,-1172.1500244140625,-1152.300048828125,-1072.25,-1009.0,-967.0,-929.0,-914.8499755859375,-898.9199829101562
5340,-1031.199951171875,73.85356903076172,45.54421615600586,85.81154123942058,-1031.199951171875,-1015.5,77.44249725341797,-1195.280029296875,-1175.5999755859375,-1152.300048828125,-1077.5,-1015.5,-975.5,-935.5,-915.9500122070312,-900.9600219726562
5400,-1036.739990234375,73.21104431152344,45.48535919189453,84.71648915608723,-1036.739990234375,-1018.0,78.57527160644531,-1217.199951171875,-1187.050048828125,-1152.300048828125,-1084.5,-1018.0,-981.0,-945.9000244140625,-923.5999755859375,-911.780029296875
5460,-1042.3800048828125,72.54364013671875,45.383872985839844,83.6161117553711,-1042.3800048828125,-1032.5,77.89298248291016,-1217.199951171875,-1191.449951171875,-1152.300048828125,-1084.5,-1032.5,-985.0,-956.0999755859375,-929.9500122070312,-915.0
5520,-1047.8399658203125,71.90031433105469,45.29232406616211,82.54664611816406,-1047.8399658203125,-1039.5,76.56183624267578,-1217.199951171875,-1201.1500244140625,-1152.300048828125,-1090.25,-1039.5,-987.5,-958.7999877929688,-938.7999877929688,-921.8599853515625
5580,-1051.8599853515625,71.21150970458984,45.1690788269043,81.44765726725261,-1051.8599853515625,-1047.5,77.16606140136719,-1217.239990234375,-1201.1500244140625,-1155.0,-1091.25,-1047.5,-991.25,-959.0,-938.7999877929688,-921.8599853515625
5640,-1057.5,70.59700012207031,45.096275329589844,80.40634663899739,-1057.5,-1050.0,76.3778076171875,-1217.239990234375,-1205.300048828125,-1160.4000244140625,-1095.75,-1050.0,-1000.5,-970.7999877929688,-956.6500244140625,-929.97998046875
5700,-1060.5599365234375,69.96394348144531,44.95355224609375,79.37385559082031,-1060.56005859375,-1053.5,76.25841522216797,-1224.3399658203125,-1205.300048828125,-1171.0,-1098.5,-1053.5,-1004.25,-971.9000244140625,-958.9500122070312,-933.9000244140625
5760,-1064.93994140625,69.3560791015625,44.871246337890625,78.32120005289714,-1064.93994140625,-1054.5,76.39277648925781,-1230.219970703125,-1211.0999755859375,-1176.199951171875,-1100.75,-1054.5,-1009.75,-974.7999877929688,-959.0,-933.9000244140625
5820,-1069.0799560546875,68.73712158203125,44.79833221435547,77.25789642333984,-1069.0799560546875,-1056.0,77.3812255859375,-1241.1199951171875,-1213.0999755859375,-1176.199951171875,-1122.25,-1056.0,-1009.75,-977.0,-959.0,-936.9400024414062
5880,-1073.2999267578125,68.1229476928711,44.689453125,76.20561218261719,-1073.300048828125,-1060.5,77.75326538085938,-1243.0799560546875,-1223.0999755859375,-1194.199951171875,-1123.25,-1060.5,-1017.0,-984.4000244140625,-959.0,-938.9600219726562
5940,-1077.1400146484375,67.47081756591797,44.573768615722656,75.1127700805664,-1077.1400146484375,-1063.0,77.56725311279297,-1253.0,-1225.0999755859375,-1194.300048828125,-1125.0,-1063.0,-1019.0,-984.4000244140625,-971.3499755859375,-957.8400268554688
6000,-1082.43994140625,66.87213134765625,44.47515106201172,74.0538558959961,-1082.43994140625,-1070.0,77.36760711669922,-1253.280029296875,-1225.5,-1194.300048828125,-1132.25,-1070.0,-1024.75,-988.5999755859375,-978.6500244140625,-958.0
6060,-1087.43994140625,66.25291442871094,44.356201171875,73.00848388671875,-1087.43994140625,-1077.0,76.21329498291016,-1269.0400390625,-1225.5,-1194.300048828125,-1135.25,-1077.0,-1029.25,-996.4000244140625,-979.0,-971.719970703125
6120,-1091.0999755859375,65.67120361328125,44.28129196166992,71.96454366048177,-1091.0999755859375,-1079.0,76.67156982421875,-1274.0999755859375,-1225.5,-1207.9000244140625,-1142.25,-1079.0,-1034.25,-1001.0,-986.9000244140625,-971.7999877929688
6180,-1095.179931640625,65.10673522949219,44.198020935058594,70.89532216389973,-1095.1800537109375,-1083.5,76.88372039794922,-1279.0400390625,-1227.4000244140625,-1207.9000244140625,-1146.75,-1083.5,-1034.5,-1001.0,-986.9000244140625,-975.9199829101562
6240,-1099.0999755859375,64.53240203857422,44.12236785888672,69.8305435180664,-1099.0999755859375,-1090.5,78.4472427368164,-1279.1199951171875,-1241.300048828125,-1223.5999755859375,-1146.75,-1090.5,-1034.5,-1002.7999877929688,-988.9000244140625,-975.9199829101562
6300,-1101.280029296875,63.992122650146484,44.02806854248047,68.82465108235677,-1101.280029296875,-1092.0,78.31820678710938,-1282.06005859375,-1249.300048828125,-1223.5999755859375,-1147.0,-1092.0,-1041.5,-1008.4000244140625,-990.7999877929688,-975.9199829101562
6360,-1103.1600341796875,63.46031951904297,43.958702087402344,67.80322774251302,-1103.1600341796875,-1092.0,77.72974395751953,-1282.06005859375,-1249.300048828125,-1223.5999755859375,-1150.0,-1092.0,-1043.75,-1010.5999755859375,-992.9000244140625,-977.8800048828125
6420,-1107.43994140625,62.92460250854492,43.86064910888672,66.82590230305989,-1107.43994140625,-1093.5,77.79759979248047,-1285.0999755859375,-1249.300048828125,-1230.0,-1158.5,-1093.5,-1050.0,-1021.0,-996.75,-978.8599853515625
6480,-1109.9000244140625,62.304840087890625,43.7092399597168,65.7602030436198,-1109.9000244140625,-1094.5,77.88896179199219,-1285.0999755859375,-1251.199951171875,-1230.0,-1160.25,-1094.5,-1055.25,-1021.0,-996.8499755859375,-980.8599853515625
6540,-1112.8800048828125,61.789581298828125,43.639404296875,64.78184000651042,-1112.8800048828125,-1101.0,77.6062240600586,-1289.219970703125,-1251.199951171875,-1230.0,-1161.0,-1101.0,-1056.75,-1022.7999877929688,-1002.5499877929688,-980.8599853515625
6600,-1115.0399169921875,61.2550048828125,43.5079460144043,63.80984369913737,-1115.0400390625,-1103.0,77.65061950683594,-1289.300048828125,-1254.050048828125,-1233.5999755859375,-1161.0,-1103.0,-1056.75,-1029.300048828125,-1006.4000244140625,-980.9000244140625
6660,-1117.8199462890625,60.68859100341797,43.369529724121094,62.78974533081055,-1117.8199462890625,-1104.0,77.19784545898438,-1295.1800537109375,-1265.199951171875,-1233.5999755859375,-1164.5,-1104.0,-1059.75,-1030.199951171875,-1006.8499755859375,-993.739990234375
6720,-1123.02001953125,60.141082763671875,43.252464294433594,61.74936548868815,-1123.02001953125,-1112.0,78.1118392944336,-1307.1800537109375,-1269.0,-1239.199951171875,-1168.0,-1112.0,-1062.5,-1030.5999755859375,-1014.4500122070312,-998.6799926757812
6780,-1126.419921875,59.60753631591797,43.151912689208984,60.763250986735024,-1126.4200439453125,-1114.0,77.14093017578125,-1307.1800537109375,-1269.5,-1239.5999755859375,-1169.25,-1114.0,-1067.75,-1032.5999755859375,-1020.5499877929688,-1002.9199829101562
6840,-1130.0599365234375,59.10566329956055,43.084041595458984,59.785457611083984,-1130.06005859375,-1122.0,76.62360382080078,-1309.1400146484375,-1272.6500244140625,-1239.5999755859375,-1177.5,-1122.0,-1070.25,-1034.4000244140625,-1023.0,-1010.0
6900,-1134.0399169921875,58.64097213745117,42.995079040527344,58.864663441975914,-1134.0400390625,-1125.0,75.53633117675781,-1309.1400146484375,-1272.6500244140625,-1243.199951171875,-1179.5,-1125.0,-1082.0,-1043.0,-1024.9000244140625,-1015.9600219726562
6960,-1137.8199462890625,58.09806442260742,42.859710693359375,57.90195337931315,-1137.8199462890625,-1125.0,74.51864624023438,-1309.219970703125,-1272.6500244140625,-1243.5999755859375,-1181.25,-1125.0,-1083.0,-1046.800048828125,-1035.6500244140625,-1026.780029296875
7020,-1141.8599853515625,57.520233154296875,42.69944381713867,56.839508056640625,-1141.8599853515625,-1131.0,74.90741729736328,-1319.1800537109375,-1282.6500244140625,-1251.199951171875,-1182.75,-1131.0,-1084.5,-1048.800048828125,-1039.0,-1028.9599609375
7080,-1144.8800048828125,57.01607894897461,42.582435607910156,55.856894175211586,-1144.8800048828125,-1134.0,74.72781372070312,-1321.3399658203125,-1282.6500244140625,-1251.199951171875,-1191.5,-1134.0,-1092.0,-1053.0,-1040.9000244140625,-1028.9599609375
7140,-1148.0399169921875,56.498626708984375,42.431724548339844,54.88537724812826,-1148.0400390625,-1139.0,74.48904418945312,-1333.0999755859375,-1283.800048828125,-1253.199951171875,-1194.0,-1139.0,-1093.5,-1053.0,-1045.949951171875,-1035.8599853515625
7200,-1150.6600341796875,56.03727340698242,42.342552185058594,53.94986470540365,-1150.6600341796875,-1139.5,74.54304504394531,-1338.02001953125,-1283.800048828125,-1253.800048828125,-1198.25,-1139.5,-1098.0,-1058.4000244140625,-1050.800048828125,-1035.8599853515625
7260,-1153.419921875,55.53899383544922,42.198341369628906,53.01030476888021,-1153.4200439453125,-1139.5,74.01056671142578,-1338.02001953125,-1283.800048828125,-1261.0,-1199.75,-1139.5,-1100.5,-1066.800048828125,-1051.949951171875,-1041.780029296875
7320,-1157.419921875,55.05924606323242,42.04691696166992,52.11894861857096,-1157.4200439453125,-1141.5,73.50458526611328,-1346.02001953125,-1299.550048828125,-1261.0,-1199.75,-1141.5,-1101.75,-1070.800048828125,-1055.0,-1051.9000244140625
7380,-1160.2999267578125,54.54543685913086,41.88121032714844,51.18345387776693,-1160.300048828125,-1144.0,73.86290740966797,-1346.02001953125,-1299.550048828125,-1261.199951171875,-1205.75,-1144.0,-1101.75,-1074.699951171875,-1056.9000244140625,-1051.93994140625
7440,-1162.5399169921875,54.00115203857422,41.69035720825195,50.26034800211588,-1162.5400390625,-1148.0,73.39651489257812,-1347.0999755859375,-1299.550048828125,-1261.199951171875,-1207.25,-1148.0,-1104.5,-1076.5,-1066.699951171875,-1054.93994140625
7500,-1165.239990234375,53.52732467651367,41.55060958862305,49.327860514322914,-1165.239990234375,-1149.0,72.21276092529297,-1347.0999755859375,-1299.550048828125,-1261.199951171875,-1209.25,-1149.0,-1113.0,-1080.4000244140625,-1070.800048828125,-1060.9200439453125
7560,-1167.3599853515625,53.16982650756836,41.55061721801758,48.41330337524414,-1167.3599853515625,-1152.5,72.12496185302734,-1347.0999755859375,-1300.050048828125,-1261.199951171875,-1213.0,-1152.5,-1114.75,-1080.4000244140625,-1072.949951171875,-1060.93994140625
7620,-1169.43994140625,52.666908264160156,41.38206481933594,47.47459157307943,-1169.43994140625,-1154.5,71.97295379638672,-1347.0999755859375,-1300.050048828125,-1265.4000244140625,-1213.0,-1154.5,-1116.25,-1081.9000244140625,-1072.949951171875,-1060.93994140625
7680,-1171.97998046875,52.25629425048828,41.29359817504883,46.57350540161133,-1171.97998046875,-1160.0,71.3861312866211,-1352.06005859375,-1300.050048828125,-1265.4000244140625,-1219.0,-1160.0,-1120.0,-1084.800048828125,-1074.9000244140625,-1070.800048828125
7740,-1173.8800048828125,51.79939270019531,41.13124084472656,45.69700241088867,-1173.8800048828125,-1162.0,71.79781341552734,-1352.06005859375,-1303.8499755859375,-1273.0,-1219.0,-1162.0,-1120.25,-1086.5999755859375,-1074.9000244140625,-1070.800048828125
7800,-1177.1600341796875,51.4117431640625,41.07298278808594,44.827850341796875,-1177.1600341796875,-1162.5,71.18900299072266,-1352.1400146484375,-1304.25,-1273.0,-1222.25,-1162.5,-1124.5,-1089.5,-1076.9000244140625,-1070.9599609375
7860,-1179.3800048828125,50.89840316772461,40.84049606323242,43.944802602132164,-1179.3800048828125,-1162.5,71.86011505126953,-1356.0999755859375,-1308.300048828125,-1274.5999755859375,-1223.5,-1162.5,-1125.0,-1090.9000244140625,-1081.75,-1070.9599609375
7920,-1181.43994140625,50.50111389160156,40.744293212890625,43.084512074788414,-1181.43994140625,-1165.5,71.24314880371094,-1356.0999755859375,-1308.300048828125,-1274.5999755859375,-1225.75,-1165.5,-1127.0,-1094.9000244140625,-1082.949951171875,-1070.9599609375
7980,-1184.1199951171875,50.0268669128418,40.56676483154297,42.22952397664388,-1184.1199951171875,-1168.0,71.4703140258789,-1356.1400146484375,-1315.9000244140625,-1284.199951171875,-1232.25,-1168.0,-1130.0,-1102.5999755859375,-1082.949951171875,-1071.93994140625
8040,-1186.5599365234375,49.648651123046875,40.471866607666016,41.37644068400065,-1186.56005859375,-1173.0,71.4637451171875,-1356.1400146484375,-1315.9000244140625,-1291.4000244140625,-1233.5,-1173.0,-1134.75,-1105.300048828125,-1082.949951171875,-1071.93994140625
8100,-1188.4599609375,49.20752716064453,40.31635665893555,40.48324076334635,-1188.4599609375,-1177.0,71.17477416992188,-1356.260009765625,-1315.9000244140625,-1291.4000244140625,-1235.5,-1177.0,-1136.25,-1105.300048828125,-1083.0,-1071.93994140625
8160,-1190.219970703125,48.81951904296875,40.20658874511719,39.67263158162435,-1190.219970703125,-1182.5,70.85344696044922,-1356.300048828125,-1321.5999755859375,-1291.4000244140625,-1237.5,-1182.5,-1139.5,-1109.5999755859375,-1086.800048828125,-1071.93994140625
8220,-1192.52001953125,48.467708587646484,40.146766662597656,38.84846496582031,-1192.52001953125,-1185.0,70.29046630859375,-1358.260009765625,-1321.5999755859375,-1291.800048828125,-1239.0,-1185.0,-1144.0,-1114.5,-1092.699951171875,-1073.9000244140625
8280,-1194.5,48.06107711791992,40.0189323425293,38.021759033203125,-1194.5,-1186.0,69.60035705566406,-1358.300048828125,-1321.5999755859375,-1292.0,-1239.0,-1186.0,-1144.5,-1115.9000244140625,-1096.800048828125,-1073.9000244140625
8340,-1197.3800048828125,47.68272018432617,39.866668701171875,37.199625651041664,-1197.3800048828125,-1186.5,69.79424285888672,-1358.3399658203125,-1321.5999755859375,-1295.5999755859375,-1245.5,-1186.5,-1147.0,-1116.9000244140625,-1096.800048828125,-1080.93994140625
8400,-1199.6400146484375,47.320892333984375,39.744014739990234,36.39795684814453,-1199.6400146484375,-1190.0,69.93061065673828,-1358.3399658203125,-1325.5,-1297.4000244140625,-1247.0,-1190.0,-1147.0,-1116.9000244140625,-1096.800048828125,-1080.9599609375
8460,-1201.1400146484375,46.8978271484375,39.57250213623047,35.57358042399088,-1201.1400146484375,-1191.5,69.8323745727539,-1358.4599609375,-1325.5,-1297.4000244140625,-1247.0,-1191.5,-1147.0,-1118.9000244140625,-1096.800048828125,-1082.9200439453125
8520,-1203.179931640625,46.52709197998047,39.449092864990234,34.733594258626304,-1203.1800537109375,-1192.5,69.54011535644531,-1358.4599609375,-1325.5,-1297.5999755859375,-1247.0,-1192.5,-1149.0,-1121.699951171875,-1097.0,-1083.97998046875
8580,-1204.719970703125,46.160194396972656,39.334266662597656,33.92007573445638,-1204.719970703125,-1193.0,69.30557250976562,-1358.4599609375,-1329.300048828125,-1297.5999755859375,-1247.0,-1193.0,-1149.0,-1121.9000244140625,-1098.9000244140625,-1084.97998046875
8640,-1206.43994140625,45.85688018798828,39.25444030761719,33.13479868570963,-1206.43994140625,-1199.0,68.90650939941406,-1358.5,-1329.300048828125,-1301.199951171875,-1247.0,-1199.0,-1149.0,-1124.5999755859375,-1104.800048828125,-1094.780029296875
8700,-1207.780029296875,45.5423583984375,39.111785888671875,32.44491704305013,-1207.780029296875,-1200.0,69.01776123046875,-1358.5400390625,-1335.199951171875,-1303.199951171875,-1248.5,-1200.0,-1156.5,-1124.800048828125,-1104.800048828125,-1094.780029296875
8760,-1209.0599365234375,45.295204162597656,39.07989501953125,31.719214757283527,-1209.06005859375,-1200.0,69.74652099609375,-1366.3800048828125,-1335.300048828125,-1307.4000244140625,-1251.5,-1200.0,-1157.0,-1124.9000244140625,-1104.800048828125,-1094.780029296875
8820,-1210.159912109375,44.91558837890625,38.920143127441406,30.930988311767578,-1210.1600341796875,-1201.0,69.46476745605469,-1366.3800048828125,-1337.199951171875,-1311.4000244140625,-1251.5,-1201.0,-1157.0,-1128.5999755859375,-1105.0,-1094.8399658203125
8880,-1212.0,44.60114288330078,38.82929992675781,30.183064142862957,-1212.0,-1202.0,69.01521301269531,-1366.3800048828125,-1337.199951171875,-1312.199951171875,-1253.5,-1202.0,-1164.25,-1132.699951171875,-1105.0,-1102.6800537109375
8940,-1213.47998046875,44.25987243652344,38.69557189941406,29.469385147094727,-1213.47998046875,-1202.0,68.77201080322266,-1366.3800048828125,-1337.199951171875,-1315.800048828125,-1255.5,-1202.0,-1165.0,-1132.699951171875,-1106.9000244140625,-1102.6800537109375
9000,-1215.47998046875,43.933162689208984,38.571006774902344,28.725807825724285,-1215.47998046875,-1204.0,68.13185119628906,-1370.300048828125,-1341.199951171875,-1317.5999755859375,-1257.0,-1204.0,-1168.0,-1136.5999755859375,-1112.9000244140625,-1102.8399658203125
9060,-1216.93994140625,43.726173400878906,38.548797607421875,28.05061149597168,-1216.93994140625,-1206.0,67.85762023925781,-1370.300048828125,-1341.199951171875,-1323.0,-1257.0,-1206.0,-1168.5,-1140.5999755859375,-1113.0,-1104.800048828125
9120,-1218.3800048828125,43.411048889160156,38.422752380371094,27.3312562306722,-1218.3800048828125,-1206.0,67.3426742553711,-1378.1400146484375,-1345.0,-1323.0,-1257.0,-1206.0,-1170.5,-1140.5999755859375,-1117.0,-1112.6400146484375
9180,-1220.1199951171875,43.08636474609375,38.284915924072266,26.631913503011067,-1220.1199951171875,-1206.5,66.83656311035156,-1378.1400146484375,-1347.199951171875,-1323.0,-1257.5,-1206.5,-1175.0,-1144.5999755859375,-1120.9000244140625,-1116.56005859375
9240,-1221.8199462890625,42.79446029663086,38.163612365722656,25.88985824584961,-1221.8199462890625,-1210.0,66.6086196899414,-1378.1400146484375,-1347.199951171875,-1323.199951171875,-1259.25,-1210.0,-1175.0,-1144.5999755859375,-1120.9000244140625,-1116.5799560546875
9300,-1223.3199462890625,42.56132507324219,38.08587646484375,25.188044865926106,-1223.3199462890625,-1210.0,66.21569061279297,-1382.06005859375,-1347.199951171875,-1323.199951171875,-1261.0,-1210.0,-1175.75,-1147.300048828125,-1122.9000244140625,-1118.780029296875
9360,-1224.47998046875,42.36860656738281,38.06206512451172,24.521203994750977,-1224.47998046875,-1211.5,66.7597885131836,-1382.06005859375,-1351.4000244140625,-1323.199951171875,-1261.0,-1211.5,-1175.75,-1147.699951171875,-1123.0,-1118.780029296875
9420,-1225.3800048828125,42.16120147705078,38.00172424316406,23.901343663533527,-1225.3800048828125,-1213.5,66.65819549560547,-1382.06005859375,-1351.4000244140625,-1323.199951171875,-1262.5,-1213.5,-1175.75,-1147.699951171875,-1123.0,-1118.780029296875
9480,-1226.5399169921875,41.94403839111328,37.95269012451172,23.247399012247723,-1226.5400390625,-1213.5,65.84442138671875,-1382.0999755859375,-1353.5,-1323.199951171875,-1262.5,-1213.5,-1175.75,-1154.800048828125,-1128.699951171875,-1120.9599609375
9540,-1227.919921875,41.77970504760742,37.93198776245117,22.63538996378581,-1227.9200439453125,-1213.5,66.01555633544922,-1382.0999755859375,-1361.5,-1327.0,-1263.25,-1213.5,-1180.25,-1154.800048828125,-1128.800048828125,-1121.0
9600,-1229.0,41.42718505859375,37.76263427734375,21.946040471394856,-1229.0,-1215.5,65.79072570800781,-1384.06005859375,-1361.5,-1327.0,-1269.25,-1215.5,-1180.75,-1154.800048828125,-1129.0,-1122.9599609375
9660,-1230.280029296875,41.09124755859375,37.56744384765625,21.288935979207356,-1230.280029296875,-1217.0,65.58552551269531,-1384.06005859375,-1361.5,-1327.199951171875,-1269.25,-1217.0,-1181.0,-1160.199951171875,-1129.0,-1123.0
9720,-1231.179931640625,40.899925231933594,37.50975799560547,20.665729522705078,-1231.1800537109375,-1218.0,65.20174407958984,-1387.0,-1363.4000244140625,-1327.199951171875,-1270.25,-1218.0,-1181.0,-1160.4000244140625,-1131.949951171875,-1123.0
9780,-1232.5599365234375,40.6978759765625,37.44392395019531,20.0760981241862,-1232.56005859375,-1220.5,65.27684020996094,-1387.0,-1363.4000244140625,-1327.800048828125,-1273.25,-1220.5,-1183.0,-1160.4000244140625,-1131.949951171875,-1123.0
9840,-1233.0,40.53151321411133,37.400421142578125,19.478517532348633,-1233.0,-1220.5,65.14369201660156,-1387.0,-1363.4000244140625,-1327.800048828125,-1273.25,-1220.5,-1183.0,-1160.4000244140625,-1131.949951171875,-1124.9599609375
9900,-1234.280029296875,40.38555908203125,37.38828659057617,18.884326299031574,-1234.280029296875,-1223.5,64.61193084716797,-1387.0,-1363.4000244140625,-1327.800048828125,-1277.25,-1223.5,-1183.0,-1161.9000244140625,-1134.8499755859375,-1126.9599609375
9960,-1235.1199951171875,40.219696044921875,37.354530334472656,18.308404286702473,-1235.1199951171875,-1223.5,64.29747772216797,-1387.0,-1363.4000244140625,-1327.800048828125,-1278.25,-1223.5,-1183.0,-1161.9000244140625,-1137.8499755859375,-1130.8800048828125
