step,best_fitness,avg_hamming,avg_l1,avg_entropy,mean,median,std,2%,5%,10%,25%,50%,75%,90%,95%,98%
24,-53.939998626708984,31.947887420654297,2.3524487018585205,44.17189025878906,-53.939998626708984,-53.0,12.232595443725586,-83.0,-74.0,-70.0999984741211,-61.0,-53.0,-45.75,-40.80000305175781,-34.90000915527344,-31.979995727539062
48,-63.73999786376953,31.90896224975586,2.6756434440612793,44.09111404418945,-63.7400016784668,-63.0,11.705229759216309,-91.04000091552734,-83.19999694824219,-77.0999984741211,-71.25,-63.0,-55.0,-48.900001525878906,-46.95000457763672,-44.0
72,-67.15999603271484,31.875225067138672,2.9147987365722656,44.0218874613444,-67.16000366210938,-65.0,11.815853118896484,-93.0199966430664,-91.0,-83.0,-74.25,-65.0,-59.75,-53.900001525878906,-49.0,-48.0
96,-70.33999633789062,31.842662811279297,3.1423754692077637,43.95514170328776,-70.33999633789062,-69.0,11.13931655883789,-94.0,-91.05000305175781,-87.19999694824219,-77.0,-69.0,-62.75,-58.0,-54.95000457763672,-52.89997863769531
120,-73.4000015258789,31.815404891967773,3.3363280296325684,43.89543914794922,-73.4000015258789,-71.5,11.68588924407959,-99.05999755859375,-94.05000305175781,-92.0,-80.25,-71.5,-65.0,-60.0,-57.90000915527344,-54.97999572753906
144,-75.25999450683594,31.783355712890625,3.5134410858154297,43.83103815714518,-75.26000213623047,-72.5,11.820845603942871,-102.0199966430664,-95.05000305175781,-92.0999984741211,-82.25,-72.5,-67.0,-62.900001525878906,-61.0,-58.91998291015625
168,-76.41999816894531,31.750638961791992,3.6901283264160156,43.765586853027344,-76.41999816894531,-73.0,11.51796817779541,-102.0199966430664,-96.1500015258789,-93.0,-83.0,-73.0,-68.0,-64.0,-62.0,-60.959991455078125
192,-78.23999786376953,31.720054626464844,3.8236284255981445,43.707645416259766,-78.23999786376953,-76.5,11.010104179382324,-102.0199966430664,-97.0999984741211,-93.0999984741211,-84.25,-76.5,-71.0,-65.0,-63.95000457763672,-61.97999572753906
216,-79.91999816894531,31.69085693359375,3.9574761390686035,43.651893615722656,-79.91999816894531,-78.5,10.871687889099121,-102.0199966430664,-97.0999984741211,-94.0999984741211,-87.5,-78.5,-71.75,-66.9000015258789,-64.95000457763672,-63.97999572753906
240,-81.25999450683594,31.658748626708984,4.102518558502197,43.58986028035482,-81.26000213623047,-80.0,10.700112342834473,-102.0199966430664,-97.0999984741211,-95.0,-89.25,-80.0,-73.0,-67.0,-65.0,-63.97999572753906
264,-82.13999938964844,31.628780364990234,4.2108306884765625,43.535797119140625,-82.13999938964844,-81.0,10.492874145507812,-102.0199966430664,-99.05000305175781,-95.0999984741211,-90.25,-81.0,-74.75,-68.0,-65.0,-63.97999572753906
288,-83.04000091552734,31.596385955810547,4.3385844230651855,43.476478576660156,-83.04000091552734,-82.0,9.903454780578613,-102.0199966430664,-99.05000305175781,-96.0,-91.0,-82.0,-76.0,-72.0,-70.85001373291016,-64.97999572753906
312,-83.79999542236328,31.561050415039062,4.455907821655273,43.413561503092446,-83.80000305175781,-82.5,10.48808765411377,-103.27999877929688,-100.05000305175781,-97.0,-92.0,-82.5,-76.0,-72.0,-70.90000915527344,-64.97999572753906
336,-84.27999877929688,31.526187896728516,4.569867134094238,43.3515993754069,-84.27999877929688,-83.0,10.270423889160156,-103.27999877929688,-100.05000305175781,-97.0,-92.0,-83.0,-77.0,-73.0,-71.0,-67.93998718261719
360,-85.31999969482422,31.492530822753906,4.6980767250061035,43.287253061930336,-85.31999969482422,-84.0,9.982865333557129,-103.27999877929688,-101.05000305175781,-97.0,-93.0,-84.0,-77.0,-73.9000015258789,-72.0,-70.93998718261719
384,-86.23999786376953,31.45142936706543,4.805376052856445,43.217342376708984,-86.23999786376953,-85.5,10.13619327545166,-111.12000274658203,-102.05000305175781,-99.0999984741211,-93.0,-85.5,-77.0,-74.9000015258789,-72.95000457763672,-71.97999572753906
408,-86.81999969482422,31.404338836669922,4.9072113037109375,43.14207458496094,-86.81999969482422,-86.0,9.85533332824707,-111.12000274658203,-102.05000305175781,-100.0,-93.25,-86.0,-78.0,-75.0,-73.0,-72.0
432,-87.65999603271484,31.358516693115234,5.003022193908691,43.0692507425944,-87.66000366210938,-87.0,9.767518043518066,-111.12000274658203,-103.0,-100.0999984741211,-94.0,-87.0,-79.75,-76.0,-73.0,-72.97999572753906
456,-88.36000061035156,31.310157775878906,5.12074089050293,42.98893483479818,-88.36000061035156,-89.0,9.595331192016602,-111.12000274658203,-103.0,-100.0999984741211,-94.25,-89.0,-80.0,-76.9000015258789,-74.90000915527344,-72.97999572753906
480,-88.75999450683594,31.255512237548828,5.226144790649414,42.90052032470703,-88.76000213623047,-89.0,9.640664100646973,-116.0199966430664,-103.0,-101.0,-94.25,-89.0,-81.75,-77.0,-75.0,-72.97999572753906
504,-89.29999542236328,31.19850730895996,5.330171585083008,42.808911641438804,-89.30000305175781,-89.0,9.393083572387695,-116.0199966430664,-103.0,-101.0,-95.0,-89.0,-82.0,-77.9000015258789,-76.90000915527344,-72.97999572753906
528,-90.9000015258789,31.141517639160156,5.427396297454834,42.71874237060547,-90.9000015258789,-90.0,11.76562786102295,-119.08000183105469,-116.05000305175781,-102.0,-96.25,-90.0,-83.0,-77.9000015258789,-76.90000915527344,-72.97999572753906
552,-91.07999420166016,31.0815486907959,5.515780925750732,42.625099182128906,-91.08000183105469,-90.0,11.71467399597168,-119.08000183105469,-116.05000305175781,-102.0,-97.0,-90.0,-83.0,-78.0,-77.0,-74.95999145507812
576,-91.68000030517578,31.02303695678711,5.605196952819824,42.53459040323893,-91.68000030517578,-91.0,11.912077903747559,-119.08000183105469,-116.05000305175781,-103.0,-97.0,-91.0,-83.75,-79.0,-77.0,-74.95999145507812
600,-92.36000061035156,30.952098846435547,5.693859100341797,42.43040211995443,-92.36000061035156,-91.0,12.160197257995605,-119.08000183105469,-116.05000305175781,-110.0999984741211,-97.25,-91.0,-84.75,-79.0,-77.0,-74.95999145507812
624,-93.23999786376953,30.889495849609375,5.7893266677856445,42.32977294921875,-93.23999786376953,-91.5,12.611993789672852,-121.04000091552734,-117.0999984741211,-111.0,-99.25,-91.5,-85.0,-79.0,-77.0,-74.97999572753906
648,-94.31999969482422,30.8165340423584,5.881623268127441,42.21910095214844,-94.31999969482422,-92.0,13.012977600097656,-121.04000091552734,-119.0,-113.29999542236328,-100.25,-92.0,-85.75,-80.0,-77.0,-74.97999572753906
672,-94.86000061035156,30.73834800720215,5.978623867034912,42.10126241048177,-94.86000061035156,-93.0,12.966896057128906,-121.04000091552734,-119.0,-116.0999984741211,-101.0,-93.0,-86.0,-80.0,-77.0,-74.97999572753906
696,-95.31999969482422,30.651824951171875,6.064852714538574,41.97468566894531,-95.31999969482422,-94.0,12.867695808410645,-121.04000091552734,-119.0,-116.0999984741211,-101.0,-94.0,-86.0,-80.9000015258789,-77.0,-74.97999572753906
720,-95.87999725341797,30.56981658935547,6.1406989097595215,41.85543568929037,-95.87999725341797,-94.0,13.030179977416992,-123.16000366210938,-119.0,-116.0999984741211,-102.0,-94.0,-86.75,-81.0,-79.85001373291016,-76.95999145507812
744,-97.0,30.47304916381836,6.219703197479248,41.71666463216146,-97.0,-95.0,12.89651107788086,-123.16000366210938,-119.05000305175781,-117.0,-103.0,-95.0,-88.75,-81.9000015258789,-80.0,-77.0
768,-98.0199966430664,30.381458282470703,6.285134315490723,41.58673095703125,-98.0199966430664,-96.0,13.280044555664062,-123.16000366210938,-121.0,-117.0999984741211,-105.25,-96.0,-89.75,-82.0,-80.0,-77.0
792,-98.5,30.279556274414062,6.388076305389404,41.43325932820638,-98.5,-96.0,13.199621200561523,-123.16000366210938,-121.0,-117.0999984741211,-106.0,-96.0,-90.0,-82.9000015258789,-80.95000457763672,-77.0
816,-99.22000122070312,30.17593002319336,6.49578857421875,41.27900950113932,-99.22000122070312,-97.0,13.480043411254883,-125.12000274658203,-121.0999984741211,-119.0,-106.25,-97.0,-90.75,-83.0,-80.95000457763672,-77.0
840,-99.91999816894531,30.082733154296875,6.596015930175781,41.12877400716146,-99.91999816894531,-97.0,13.468245506286621,-131.0,-123.0,-119.0999984741211,-107.25,-97.0,-91.0,-83.9000015258789,-81.95000457763672,-79.93998718261719
864,-101.0199966430664,29.97028350830078,6.676557540893555,40.969407399495445,-101.0199966430664,-99.0,13.696700096130371,-131.0,-123.0999984741211,-120.0999984741211,-111.0,-99.0,-91.0,-84.9000015258789,-82.95000457763672,-79.93998718261719
888,-102.91999816894531,29.855663299560547,6.760969161987305,40.79548899332682,-102.91999816894531,-100.5,14.09090518951416,-131.0399932861328,-125.05000305175781,-121.0,-113.25,-100.5,-91.0,-85.9000015258789,-83.0,-81.97999572753906
912,-103.5199966430664,29.74761199951172,6.827075958251953,40.63999938964844,-103.5199966430664,-100.5,14.053098678588867,-131.0399932861328,-126.05000305175781,-121.19999694824219,-114.0,-100.5,-91.0,-86.0,-83.0,-82.97999572753906
936,-104.27999877929688,29.616958618164062,6.9000678062438965,40.45432917277018,-104.27999877929688,-100.5,14.208504676818848,-133.0399932861328,-129.10000610351562,-123.0999984741211,-116.0,-100.5,-93.0,-86.9000015258789,-83.0,-82.97999572753906
960,-105.47999572753906,29.483551025390625,6.993937969207764,40.254110972086586,-105.4800033569336,-102.5,14.60717487335205,-135.24000549316406,-129.10000610351562,-124.0,-117.0,-102.5,-94.0,-90.0,-83.0,-82.97999572753906
984,-106.36000061035156,29.346614837646484,7.068346977233887,40.05852762858073,-106.36000061035156,-103.5,14.764496803283691,-135.24000549316406,-131.10000610351562,-124.0999984741211,-118.0,-103.5,-95.75,-90.0,-83.0,-82.97999572753906
1008,-107.22000122070312,29.220563888549805,7.14764404296875,39.86731719970703,-107.22000122070312,-106.0,14.41913890838623,-135.24000549316406,-131.10000610351562,-124.0999984741211,-118.0,-106.0,-97.0,-90.9000015258789,-84.90000915527344,-82.97999572753906
1032,-107.79999542236328,29.074508666992188,7.22264289855957,39.65831629435221,-107.80000305175781,-107.0,14.426363945007324,-135.24000549316406,-133.0,-125.0999984741211,-118.0,-107.0,-97.0,-90.9000015258789,-88.80001831054688,-82.97999572753906
1056,-108.29999542236328,28.94129753112793,7.312122344970703,39.45672353108724,-108.30000305175781,-107.5,14.261487007141113,-135.24000549316406,-133.0,-125.0999984741211,-118.25,-107.5,-98.75,-91.0,-88.80001831054688,-82.97999572753906
1080,-109.5999984741211,28.80291748046875,7.400211334228516,39.236376444498696,-109.5999984741211,-110.0,14.733635902404785,-137.1999969482422,-134.0500030517578,-129.1999969482422,-119.0,-110.0,-99.0,-91.0,-88.80001831054688,-82.97999572753906
1104,-110.57999420166016,28.666555404663086,7.469041347503662,39.027444203694664,-110.58000183105469,-110.5,14.869552612304688,-137.1999969482422,-134.0500030517578,-131.1999969482422,-122.0,-110.5,-99.0,-92.9000015258789,-89.95000457763672,-83.0
1128,-111.0199966430664,28.531402587890625,7.545220375061035,38.82174428304037,-111.0199966430664,-111.0,14.692842483520508,-137.1999969482422,-135.0500030517578,-131.1999969482422,-122.0,-111.0,-99.0,-93.9000015258789,-89.95000457763672,-83.0
1152,-111.55999755859375,28.399169921875,7.602160453796387,38.62176513671875,-111.55999755859375,-111.0,14.345953941345215,-137.1999969482422,-135.0500030517578,-131.1999969482422,-122.0,-111.0,-99.75,-94.0,-90.95000457763672,-84.95999145507812
1176,-112.6199951171875,28.248754501342773,7.671643257141113,38.39111836751302,-112.62000274658203,-111.0,14.632006645202637,-138.1800079345703,-136.0500030517578,-133.10000610351562,-124.0,-111.0,-100.0,-94.0,-93.0,-88.91998291015625
1200,-113.22000122070312,28.100448608398438,7.74538516998291,38.162957509358726,-113.22000122070312,-111.0,14.467605590820312,-138.1800079345703,-136.0500030517578,-133.10000610351562,-124.0,-111.0,-103.0,-94.0,-93.0,-88.91998291015625
1224,-114.91999816894531,27.962026596069336,7.821846008300781,37.94500605265299,-114.91999816894531,-113.0,14.002628326416016,-142.10000610351562,-137.0500030517578,-133.10000610351562,-125.25,-113.0,-103.75,-97.0,-93.95000457763672,-92.95999145507812
1248,-115.95999908447266,27.81658935546875,7.891963005065918,37.7192497253418,-115.95999908447266,-114.0,14.103843688964844,-143.0800018310547,-138.14999389648438,-133.10000610351562,-126.5,-114.0,-105.0,-97.0,-94.0,-92.95999145507812
1272,-116.5,27.683483123779297,7.98062801361084,37.49479420979818,-116.5,-115.0,13.949551582336426,-143.1199951171875,-138.14999389648438,-133.10000610351562,-127.25,-115.0,-105.0,-99.0,-95.90000915527344,-93.0
1296,-117.25999450683594,27.54400634765625,8.062508583068848,37.260327657063804,-117.26000213623047,-116.0,13.787400245666504,-149.0,-138.1999969482422,-133.10000610351562,-127.25,-116.0,-107.0,-99.0,-95.90000915527344,-93.0
1320,-117.75999450683594,27.38564682006836,8.125421524047852,37.0185546875,-117.76000213623047,-116.0,13.99079704284668,-149.0800018310547,-138.1999969482422,-133.1999969482422,-128.25,-116.0,-107.75,-99.0,-95.95000457763672,-93.0
1344,-118.45999908447266,27.233182907104492,8.170463562011719,36.78485870361328,-118.45999908447266,-117.0,13.783628463745117,-151.0399932861328,-138.1999969482422,-135.0,-129.0,-117.0,-109.0,-99.0,-96.95000457763672,-93.97999572753906
1368,-119.15999603271484,27.069812774658203,8.237857818603516,36.52802658081055,-119.16000366210938,-117.5,13.676783561706543,-151.0399932861328,-142.0500030517578,-136.0,-129.25,-117.5,-110.5,-102.80000305175781,-97.0,-94.95999145507812
1392,-120.19999694824219,26.922943115234375,8.308174133300781,36.29080708821615,-120.19999694824219,-118.0,13.840519905090332,-151.0399932861328,-143.0,-137.10000610351562,-131.0,-118.0,-111.0,-103.0,-97.0,-94.95999145507812
1416,-120.77999877929688,26.75482749938965,8.358179092407227,36.02616882324219,-120.77999877929688,-118.0,13.808387756347656,-151.0399932861328,-145.0,-137.10000610351562,-131.25,-118.0,-112.0,-103.9000015258789,-97.0,-94.95999145507812
1440,-121.0999984741211,26.610103607177734,8.432188987731934,35.78501001993815,-121.0999984741211,-118.0,13.871914863586426,-151.0399932861328,-145.0,-138.0,-132.25,-118.0,-112.0,-104.9000015258789,-97.0,-94.95999145507812
1464,-122.15999603271484,26.454071044921875,8.501520156860352,35.52944691975912,-122.16000366210938,-120.0,14.255329132080078,-153.0399932861328,-145.0,-138.0,-133.0,-120.0,-113.75,-104.9000015258789,-97.0,-94.95999145507812
1488,-123.13999938964844,26.290077209472656,8.549692153930664,35.27844492594401,-123.13999938964844,-120.5,14.576020240783691,-159.16000366210938,-145.1999969482422,-138.0,-133.0,-120.5,-114.0,-107.0,-98.90000915527344,-94.95999145507812
1512,-123.55999755859375,26.134597778320312,8.634056091308594,35.01810963948568,-123.55999755859375,-121.5,14.74063777923584,-159.16000366210938,-145.1999969482422,-138.1999969482422,-134.0,-121.5,-114.0,-107.0,-99.0,-94.95999145507812
1536,-124.15999603271484,25.94684410095215,8.664042472839355,34.7330322265625,-124.16000366210938,-121.5,14.730051040649414,-159.16000366210938,-149.0500030517578,-140.1999969482422,-134.25,-121.5,-114.75,-107.0,-102.80001831054688,-95.97999572753906
1560,-124.87999725341797,25.79070281982422,8.725356101989746,34.48103332519531,-124.87999725341797,-123.0,14.813021659851074,-159.1999969482422,-149.0500030517578,-142.10000610351562,-135.0,-123.0,-115.0,-108.80000305175781,-102.80001831054688,-95.97999572753906
1584,-125.36000061035156,25.6549129486084,8.790079116821289,34.24847284952799,-125.36000061035156,-124.0,14.752302169799805,-159.1999969482422,-149.0500030517578,-142.10000610351562,-135.0,-124.0,-115.0,-108.80000305175781,-102.80001831054688,-95.97999572753906
1608,-126.23999786376953,25.469158172607422,8.832921981811523,33.961778004964195,-126.23999786376953,-124.5,14.666369438171387,-159.1999969482422,-149.0500030517578,-143.10000610351562,-136.0,-124.5,-117.0,-109.0,-103.0,-95.97999572753906
1632,-126.93999481201172,25.29413414001465,8.862994194030762,33.69319534301758,-126.94000244140625,-125.0,14.449788093566895,-159.1999969482422,-149.0500030517578,-143.10000610351562,-136.25,-125.0,-118.0,-110.80000305175781,-103.0,-95.97999572753906
1656,-127.63999938964844,25.146892547607422,8.916841506958008,33.44097010294596,-127.63999938964844,-125.5,14.598299980163574,-159.1999969482422,-150.1999969482422,-143.10000610351562,-137.25,-125.5,-118.0,-111.0,-105.85001373291016,-95.97999572753906
1680,-128.25999450683594,24.97076988220215,8.952784538269043,33.160439809163414,-128.25999450683594,-127.0,14.629162788391113,-159.1999969482422,-150.1999969482422,-143.10000610351562,-138.0,-127.0,-119.0,-111.0,-105.85001373291016,-95.97999572753906
1704,-128.8000030517578,24.82546043395996,9.015928268432617,32.91299311319987,-128.8000030517578,-128.5,14.724129676818848,-159.1999969482422,-150.1999969482422,-145.0,-138.0,-128.5,-119.0,-111.0,-108.95000457763672,-95.97999572753906
1728,-129.59999084472656,24.669147491455078,9.051650047302246,32.65489196777344,-129.60000610351562,-129.5,14.64923095703125,-159.1999969482422,-150.1999969482422,-145.0,-139.0,-129.5,-120.75,-111.0,-108.95000457763672,-95.97999572753906
1752,-130.33999633789062,24.498779296875,9.087251663208008,32.38665008544922,-130.33999633789062,-130.5,14.250768661499023,-159.1999969482422,-150.1999969482422,-145.0,-139.25,-130.5,-121.0,-115.0,-109.0,-96.97999572753906
1776,-131.25999450683594,24.348663330078125,9.123181343078613,32.135484059651695,-131.25999450683594,-131.5,14.765242576599121,-161.16000366210938,-154.25,-148.0,-140.0,-131.5,-121.0,-115.0,-110.90000915527344,-96.97999572753906
1800,-131.86000061035156,24.195119857788086,9.16036605834961,31.888554255167644,-131.86000061035156,-132.5,14.434001922607422,-161.16000366210938,-154.25,-148.0,-140.0,-132.5,-122.75,-115.0,-110.95000457763672,-101.89997863769531
1824,-132.4199981689453,24.037328720092773,9.189729690551758,31.63023058573405,-132.4199981689453,-133.0,14.301873207092285,-163.1199951171875,-154.25,-148.0,-141.25,-133.0,-123.0,-116.80000305175781,-110.95000457763672,-105.81996154785156
1848,-133.0399932861328,23.879257202148438,9.224102973937988,31.36754862467448,-133.0399932861328,-133.0,14.524406433105469,-171.0399932861328,-156.25,-149.10000610351562,-141.25,-133.0,-123.0,-116.80000305175781,-110.95000457763672,-105.93998718261719
1872,-133.52000427246094,23.726787567138672,9.255657196044922,31.104347864786785,-133.52000427246094,-133.0,14.47928237915039,-171.0399932861328,-156.25,-150.0,-142.0,-133.0,-123.0,-117.0,-114.80001831054688,-105.93998718261719
1896,-134.05999755859375,23.581085205078125,9.289618492126465,30.85655911763509,-134.05999755859375,-133.0,14.373461723327637,-171.0399932861328,-156.25,-150.0,-142.25,-133.0,-123.75,-117.0,-114.80001831054688,-105.93998718261719
1920,-134.5800018310547,23.413761138916016,9.332571983337402,30.578379313151043,-134.5800018310547,-133.0,14.3618803024292,-171.0399932861328,-156.25,-150.1999969482422,-143.25,-133.0,-124.75,-117.9000015258789,-114.80001831054688,-105.93998718261719
1944,-134.77999877929688,23.259593963623047,9.374258995056152,30.318140665690105,-134.77999877929688,-133.0,14.445469856262207,-171.0399932861328,-156.25,-152.0,-144.25,-133.0,-125.0,-117.9000015258789,-114.80001831054688,-105.93998718261719
1968,-135.02000427246094,23.085927963256836,9.408869743347168,30.04235331217448,-135.02000427246094,-134.0,14.569818496704102,-173.0,-158.14999389648438,-152.0,-144.25,-134.0,-125.0,-118.0,-114.80001831054688,-105.93998718261719
1992,-135.5,22.927303314208984,9.456350326538086,29.774587631225586,-135.5,-134.5,14.513097763061523,-173.0,-158.14999389648438,-152.0,-145.0,-134.5,-126.0,-118.0,-114.80001831054688,-105.93998718261719
2016,-135.94000244140625,22.780601501464844,9.485675811767578,29.516185124715168,-135.94000244140625,-134.5,14.158967971801758,-173.0,-158.14999389648438,-152.0,-145.0,-134.5,-127.75,-118.0,-114.80001831054688,-110.89997863769531
2040,-136.5800018310547,22.617412567138672,9.510302543640137,29.248307545979817,-136.5800018310547,-137.0,14.137312889099121,-173.0399932861328,-158.14999389648438,-152.0,-145.25,-137.0,-128.0,-118.0,-114.80001831054688,-110.89997863769531
2064,-136.9199981689453,22.47081756591797,9.552652359008789,28.99019495646159,-136.9199981689453,-137.0,14.236348152160645,-173.0399932861328,-158.14999389648438,-152.0,-146.0,-137.0,-128.0,-118.0,-114.80001831054688,-110.89997863769531
2088,-137.17999267578125,22.32863998413086,9.584981918334961,28.73942756652832,-137.17999267578125,-137.0,14.238245010375977,-173.0399932861328,-158.34999084472656,-152.0,-146.0,-137.0,-128.0,-119.80000305175781,-114.80001831054688,-110.89997863769531
2112,-137.5399932861328,22.179443359375,9.621410369873047,28.4779847462972,-137.5399932861328,-137.5,14.233354568481445,-173.0399932861328,-158.34999084472656,-152.0,-147.0,-137.5,-128.75,-119.80000305175781,-114.90000915527344,-110.89997863769531
2136,-137.86000061035156,22.038986206054688,9.65074348449707,28.232208887736004,-137.86000061035156,-137.5,14.111711502075195,-173.0399932861328,-158.34999084472656,-152.10000610351562,-147.0,-137.5,-129.75,-121.9000015258789,-114.90000915527344,-110.89997863769531
2160,-138.27999877929688,21.883991241455078,9.679359436035156,27.95715077718099,-138.27999877929688,-138.5,14.287113189697266,-173.0399932861328,-163.10000610351562,-153.10000610351562,-147.0,-138.5,-129.75,-122.9000015258789,-114.90000915527344,-110.89997863769531
2184,-138.66000366210938,21.736236572265625,9.714437484741211,27.69250424702962,-138.66000366210938,-139.0,14.29280948638916,-173.0399932861328,-163.39999389648438,-153.10000610351562,-147.0,-139.0,-131.0,-122.9000015258789,-114.90000915527344,-110.89997863769531
2208,-139.0,21.581897735595703,9.71788215637207,27.43545087178548,-139.0,-139.0,14.334573745727539,-173.0399932861328,-163.39999389648438,-154.10000610351562,-147.25,-139.0,-131.0,-122.9000015258789,-114.90000915527344,-110.89997863769531
2232,-139.3199920654297,21.46977996826172,9.781529426574707,27.189419428507488,-139.32000732421875,-139.0,14.165366172790527,-173.0399932861328,-163.39999389648438,-154.10000610351562,-147.25,-139.0,-131.75,-122.9000015258789,-114.90000915527344,-110.93998718261719
2256,-139.5,21.329965591430664,9.791410446166992,26.956615447998047,-139.5,-139.0,14.19823932647705,-173.0399932861328,-163.39999389648438,-154.10000610351562,-148.0,-139.0,-131.75,-122.9000015258789,-114.90000915527344,-110.93998718261719
2280,-139.59999084472656,21.176605224609375,9.810790061950684,26.688488006591797,-139.60000610351562,-139.0,14.161920547485352,-173.0399932861328,-163.39999389648438,-154.10000610351562,-148.0,-139.0,-132.75,-122.9000015258789,-114.90000915527344,-110.93998718261719
2304,-139.97999572753906,21.03668212890625,9.852544784545898,26.44130007425944,-139.97999572753906,-139.5,14.166143417358398,-173.0399932861328,-163.39999389648438,-154.10000610351562,-148.5,-139.5,-133.0,-122.9000015258789,-114.90000915527344,-110.93998718261719
2328,-140.17999267578125,20.882835388183594,9.868743896484375,26.169321695963543,-140.17999267578125,-140.0,14.16077709197998,-173.0399932861328,-163.39999389648438,-154.10000610351562,-148.5,-140.0,-133.0,-122.9000015258789,-114.90000915527344,-110.93998718261719
2352,-140.5,20.739017486572266,9.895179748535156,25.918877283732098,-140.5,-140.0,14.03388786315918,-173.0399932861328,-163.39999389648438,-155.0,-150.0,-140.0,-133.0,-122.9000015258789,-114.95000457763672,-111.0
2376,-140.95999145507812,20.582921981811523,9.904653549194336,25.651456832885742,-140.9600067138672,-140.5,13.852018356323242,-175.0,-163.39999389648438,-155.0,-150.25,-140.5,-133.0,-123.0,-115.0,-112.95999145507812
2400,-141.3199920654297,20.453107833862305,9.932793617248535,25.39737319946289,-141.32000732421875,-141.0,13.544651985168457,-175.0,-163.39999389648438,-155.10000610351562,-150.25,-141.0,-133.0,-123.9000015258789,-116.90000915527344,-113.97999572753906
2424,-141.37998962402344,20.34091567993164,9.995593070983887,25.15345509847005,-141.3800048828125,-141.0,13.613801002502441,-175.0,-164.34999084472656,-156.10000610351562,-150.25,-141.0,-133.0,-123.9000015258789,-116.90000915527344,-113.97999572753906
2448,-141.59999084472656,20.202377319335938,10.055208206176758,24.868263244628906,-141.60000610351562,-141.0,13.546955108642578,-175.0,-164.34999084472656,-157.0,-150.25,-141.0,-133.0,-124.9000015258789,-116.90000915527344,-113.97999572753906
2472,-142.0,20.074831008911133,10.103151321411133,24.587149302164715,-142.0,-141.0,13.728801727294922,-175.0800018310547,-171.0,-157.0,-150.25,-141.0,-134.75,-124.9000015258789,-116.90000915527344,-113.97999572753906
2496,-142.17999267578125,19.90829849243164,10.12387466430664,24.287397384643555,-142.17999267578125,-141.0,13.766902923583984,-175.0800018310547,-171.0,-157.0,-151.0,-141.0,-134.75,-125.0,-116.90000915527344,-113.97999572753906
2520,-142.25999450683594,19.776363372802734,10.142166137695312,24.039450963338215,-142.25999450683594,-141.0,13.838077545166016,-177.0399932861328,-171.0,-157.0,-151.25,-141.0,-134.75,-125.0,-116.90000915527344,-113.97999572753906
2544,-142.47999572753906,19.638385772705078,10.182409286499023,23.76724370320638,-142.47999572753906,-141.0,13.977468490600586,-177.0399932861328,-171.10000610351562,-157.0,-151.25,-141.0,-134.75,-125.0,-116.90000915527344,-113.97999572753906
2568,-142.72000122070312,19.507930755615234,10.191459655761719,23.511132558186848,-142.72000122070312,-141.5,13.987194061279297,-177.0399932861328,-171.10000610351562,-157.0,-152.0,-141.5,-134.75,-125.0,-116.90000915527344,-113.97999572753906
2592,-142.97999572753906,19.394020080566406,10.233860969543457,23.264658610026043,-142.97999572753906,-141.5,13.883788108825684,-177.0399932861328,-171.10000610351562,-157.0,-152.0,-141.5,-136.5,-125.0,-116.90000915527344,-113.97999572753906
2616,-143.239990234375,19.258338928222656,10.248710632324219,23.012144088745117,-143.24000549316406,-142.0,13.887490272521973,-179.0,-171.10000610351562,-157.0,-152.0,-142.0,-136.75,-126.80000305175781,-116.90000915527344,-113.97999572753906
2640,-143.4199981689453,19.142728805541992,10.27759075164795,22.782150268554688,-143.4199981689453,-142.0,13.863029479980469,-179.0,-171.1999969482422,-157.0,-152.0,-142.0,-136.75,-127.0,-116.90000915527344,-113.97999572753906
2664,-143.55999755859375,18.996353149414062,10.269868850708008,22.543893178304035,-143.55999755859375,-142.0,13.702787399291992,-179.0,-171.1999969482422,-157.0,-152.0,-142.0,-136.75,-127.0,-118.80001831054688,-114.97999572753906
2688,-143.63999938964844,18.875022888183594,10.279657363891602,22.309210459391277,-143.63999938964844,-142.0,13.629026412963867,-179.0,-171.1999969482422,-157.0,-152.0,-142.0,-137.0,-127.9000015258789,-118.80001831054688,-114.97999572753906
2712,-143.77999877929688,18.78127670288086,10.293821334838867,22.11665153503418,-143.77999877929688,-142.0,13.649600982666016,-179.0,-171.1999969482422,-157.0,-152.0,-142.0,-137.0,-128.89999389648438,-118.80001831054688,-114.97999572753906
2736,-143.87998962402344,18.692611694335938,10.32530403137207,21.917430241902668,-143.8800048828125,-142.0,13.530174255371094,-179.0,-171.1999969482422,-157.0,-152.0,-142.0,-137.75,-128.89999389648438,-118.80001831054688,-114.97999572753906
2760,-143.95999145507812,18.609149932861328,10.396135330200195,21.665586471557617,-143.9600067138672,-142.0,13.59111499786377,-179.0,-171.1999969482422,-157.10000610351562,-152.0,-142.0,-137.75,-128.89999389648438,-118.80001831054688,-114.97999572753906
2784,-144.16000366210938,18.493892669677734,10.419805526733398,21.422799428304035,-144.16000366210938,-142.0,13.415453910827637,-179.0,-171.1999969482422,-157.10000610351562,-152.0,-142.0,-138.75,-128.89999389648438,-118.90000915527344,-115.0
2808,-144.37998962402344,18.374216079711914,10.439837455749512,21.187203725179035,-144.3800048828125,-142.0,13.14897632598877,-179.0,-171.1999969482422,-157.10000610351562,-152.0,-142.0,-138.75,-129.0,-122.80001831054688,-115.97999572753906
2832,-144.44000244140625,18.255020141601562,10.45923900604248,20.93324597676595,-144.44000244140625,-142.0,13.1516695022583,-179.0,-171.1999969482422,-157.10000610351562,-152.0,-142.0,-139.0,-129.0,-122.80001831054688,-115.97999572753906
2856,-144.739990234375,18.14025115966797,10.469555854797363,20.689483642578125,-144.74000549316406,-142.5,13.040414810180664,-179.0,-173.10000610351562,-158.0,-152.0,-142.5,-139.0,-129.0,-124.90000915527344,-115.97999572753906
2880,-144.83999633789062,18.016216278076172,10.490214347839355,20.44162940979004,-144.83999633789062,-143.0,13.009780883789062,-179.0,-173.10000610351562,-158.0,-152.0,-143.0,-139.0,-129.0,-124.90000915527344,-115.97999572753906
2904,-144.9199981689453,17.892101287841797,10.484244346618652,20.21355374654134,-144.9199981689453,-143.0,12.911762237548828,-179.0,-173.10000610351562,-158.0,-152.0,-143.0,-139.0,-130.8000030517578,-124.90000915527344,-115.97999572753906
2928,-144.97999572753906,17.75472640991211,10.49232292175293,19.96308708190918,-144.97999572753906,-143.0,12.938299179077148,-179.0,-173.10000610351562,-158.0,-152.25,-143.0,-139.0,-130.8000030517578,-124.90000915527344,-115.97999572753906
2952,-145.1199951171875,17.67905044555664,10.557347297668457,19.720527013142902,-145.1199951171875,-143.0,12.931573867797852,-179.0,-173.10000610351562,-158.0,-153.0,-143.0,-139.0,-130.8000030517578,-125.0,-115.97999572753906
2976,-145.17999267578125,17.575607299804688,10.577507972717285,19.48997751871745,-145.17999267578125,-143.0,12.947879791259766,-179.0,-173.10000610351562,-158.1999969482422,-153.0,-143.0,-139.0,-130.8000030517578,-125.0,-115.97999572753906
3000,-145.239990234375,17.476276397705078,10.608227729797363,19.272727330525715,-145.24000549316406,-143.5,12.942273139953613,-179.0,-173.10000610351562,-158.1999969482422,-153.0,-143.5,-139.0,-130.8000030517578,-125.0,-115.97999572753906
3024,-145.39999389648438,17.327449798583984,10.620357513427734,18.994408289591473,-145.39999389648438,-144.0,12.880993843078613,-179.0,-173.10000610351562,-158.1999969482422,-153.0,-144.0,-139.0,-130.8000030517578,-125.0,-116.97999572753906
3048,-145.45999145507812,17.212923049926758,10.631577491760254,18.762532552083332,-145.4600067138672,-144.0,12.894510269165039,-179.0,-173.10000610351562,-158.1999969482422,-153.25,-144.0,-139.0,-130.8000030517578,-125.0,-116.97999572753906
3072,-145.6199951171875,17.110137939453125,10.645421981811523,18.539321899414062,-145.6199951171875,-144.0,12.884703636169434,-179.0,-173.10000610351562,-158.1999969482422,-154.0,-144.0,-139.0,-132.60000610351562,-125.0,-117.0
3096,-145.75999450683594,17.017913818359375,10.665914535522461,18.311155319213867,-145.75999450683594,-144.5,12.87409782409668,-179.0,-173.10000610351562,-158.1999969482422,-154.0,-144.5,-139.0,-132.60000610351562,-125.0,-117.0
3120,-145.9199981689453,16.925495147705078,10.68757152557373,18.085583368937176,-145.9199981689453,-145.0,12.832521438598633,-179.0,-173.10000610351562,-158.1999969482422,-154.0,-145.0,-139.0,-132.60000610351562,-125.0,-117.0
3144,-145.95999145507812,16.79862403869629,10.652864456176758,17.872740427652996,-145.9600067138672,-145.0,12.829590797424316,-179.0,-173.10000610351562,-158.1999969482422,-154.0,-145.0,-139.0,-132.60000610351562,-125.0,-117.0
3168,-146.05999755859375,16.711288452148438,10.680654525756836,17.654373168945312,-146.05999755859375,-145.0,12.768570899963379,-179.0,-173.10000610351562,-158.1999969482422,-154.0,-145.0,-139.0,-132.60000610351562,-125.0,-117.97999572753906
3192,-146.13999938964844,16.625869750976562,10.704526901245117,17.433968861897785,-146.13999938964844,-145.0,12.675188064575195,-179.0,-173.10000610351562,-160.0,-154.0,-145.0,-139.0,-132.60000610351562,-125.0,-117.97999572753906
3216,-146.33999633789062,16.51950454711914,10.723976135253906,17.217047373453777,-146.33999633789062,-145.0,12.899782180786133,-179.0,-175.10000610351562,-160.0,-154.25,-145.0,-139.0,-132.60000610351562,-125.0,-117.97999572753906
3240,-146.4199981689453,16.41223907470703,10.733085632324219,16.993645350138348,-146.4199981689453,-145.0,12.916021347045898,-179.0,-175.10000610351562,-160.0,-154.25,-145.0,-139.0,-132.60000610351562,-125.0,-117.97999572753906
3264,-146.44000244140625,16.31012725830078,10.743128776550293,16.777140935262043,-146.44000244140625,-145.0,12.9617280960083,-179.0,-177.0,-160.0,-154.25,-145.0,-139.0,-132.60000610351562,-125.0,-117.97999572753906
3288,-146.44000244140625,16.22921371459961,10.737857818603516,16.56245295206706,-146.44000244140625,-145.0,12.9617280960083,-179.0,-177.0,-160.0,-154.25,-145.0,-139.0,-132.60000610351562,-125.0,-117.97999572753906
3312,-146.52000427246094,16.088516235351562,10.701647758483887,16.324974695841473,-146.52000427246094,-145.0,12.998830795288086,-179.0,-177.0,-160.0,-154.25,-145.0,-139.0,-132.60000610351562,-125.0,-117.97999572753906
3336,-146.6199951171875,15.972491264343262,10.715266227722168,16.0828758875529,-146.6199951171875,-145.5,13.025189399719238,-179.0,-177.0,-160.0,-154.25,-145.5,-139.0,-132.60000610351562,-125.0,-117.97999572753906
3360,-146.66000366210938,15.858996391296387,10.709075927734375,15.862358411153158,-146.66000366210938,-146.0,13.02629566192627,-179.0,-177.0,-160.0,-154.25,-146.0,-139.0,-132.60000610351562,-125.0,-117.97999572753906
3384,-146.739990234375,15.757301330566406,10.718999862670898,15.625434239705404,-146.74000549316406,-146.0,13.035811424255371,-179.0,-177.0,-160.0,-155.0,-146.0,-139.0,-132.60000610351562,-125.0,-119.93998718261719
3408,-146.8199920654297,15.710700988769531,10.75284481048584,15.439788182576498,-146.82000732421875,-146.0,13.024884223937988,-179.0,-177.0,-160.0,-155.0,-146.0,-139.0,-132.60000610351562,-125.0,-119.93998718261719
3432,-146.86000061035156,15.605616569519043,10.7637357711792,15.208861351013184,-146.86000061035156,-146.0,13.039188385009766,-179.0,-177.0,-160.0,-155.0,-146.0,-139.0,-132.60000610351562,-125.0,-119.93998718261719
3456,-146.9199981689453,15.520930290222168,10.790212631225586,14.98002020517985,-146.9199981689453,-146.0,13.039692878723145,-179.0,-177.0,-160.0,-155.0,-146.0,-139.75,-132.60000610351562,-125.0,-119.93998718261719
3480,-146.95999145507812,15.415229797363281,10.799816131591797,14.72636890411377,-146.9600067138672,-146.0,13.02760124206543,-179.0,-177.0,-160.0,-155.0,-146.0,-139.75,-132.60000610351562,-125.0,-119.93998718261719
3504,-147.05999755859375,15.32868766784668,10.783973693847656,14.557405789693197,-147.05999755859375,-146.0,12.993704795837402,-179.0,-177.0,-160.0,-155.0,-146.0,-139.75,-132.60000610351562,-125.0,-119.93998718261719
3528,-147.1199951171875,15.241559982299805,10.800537109375,14.31559149424235,-147.1199951171875,-146.0,13.025575637817383,-179.0,-177.0,-160.1999969482422,-155.0,-146.0,-139.75,-132.60000610351562,-125.0,-119.93998718261719
3552,-147.16000366210938,15.151205062866211,10.8275146484375,14.065427780151367,-147.16000366210938,-146.0,13.002091407775879,-179.0,-177.0,-160.1999969482422,-155.0,-146.0,-139.75,-132.60000610351562,-126.90000915527344,-119.93998718261719
3576,-147.1999969482422,15.061736106872559,10.81434440612793,13.881558100382486,-147.1999969482422,-146.0,13.015375137329102,-179.0,-177.0,-160.1999969482422,-155.0,-146.0,-139.75,-132.60000610351562,-126.90000915527344,-119.93998718261719
3600,-147.25999450683594,14.963081359863281,10.812400817871094,13.661675453186035,-147.25999450683594,-146.0,12.968130111694336,-179.0,-177.0,-160.1999969482422,-155.0,-146.0,-139.75,-133.5,-126.90000915527344,-119.93998718261719
3624,-147.27999877929688,14.8936767578125,10.8250150680542,13.467077573140463,-147.27999877929688,-146.0,12.941468238830566,-179.0,-177.0,-160.1999969482422,-155.0,-146.0,-139.75,-133.70001220703125,-126.90000915527344,-119.93998718261719
3648,-147.3000030517578,14.843391418457031,10.871910095214844,13.232654571533203,-147.3000030517578,-146.0,12.936383247375488,-179.0,-177.0,-160.1999969482422,-155.0,-146.0,-139.75,-133.70001220703125,-126.90000915527344,-119.93998718261719
3672,-147.33999633789062,14.776521682739258,10.884140014648438,13.045746485392252,-147.33999633789062,-146.0,12.938484191894531,-179.0,-177.10000610351562,-160.1999969482422,-155.0,-146.0,-139.75,-133.70001220703125,-126.90000915527344,-119.97999572753906
3696,-147.36000061035156,14.721441268920898,10.895599365234375,12.884063084920248,-147.36000061035156,-146.0,12.9857759475708,-179.0,-179.0,-160.1999969482422,-155.0,-146.0,-139.75,-133.70001220703125,-126.90000915527344,-119.97999572753906
3720,-147.45999145507812,14.58064079284668,10.862738609313965,12.637972513834635,-147.4600067138672,-146.0,12.851007461547852,-179.0,-179.0,-160.1999969482422,-155.0,-146.0,-139.75,-133.89999389648438,-126.90000915527344,-124.89997863769531
3744,-147.45999145507812,14.544515609741211,10.869789123535156,12.508961995442709,-147.4600067138672,-146.0,12.851007461547852,-179.0,-179.0,-160.1999969482422,-155.0,-146.0,-139.75,-133.89999389648438,-126.90000915527344,-124.89997863769531
3768,-147.5399932861328,14.458219528198242,10.86291790008545,12.326340039571127,-147.5399932861328,-146.0,12.78391170501709,-179.0,-179.0,-160.1999969482422,-155.0,-146.0,-139.75,-133.89999389648438,-126.90000915527344,-124.93998718261719
3792,-147.5800018310547,14.368120193481445,10.861440658569336,12.132726669311523,-147.5800018310547,-146.0,12.771202087402344,-179.0,-179.0,-160.1999969482422,-155.0,-146.0,-139.75,-133.89999389648438,-126.90000915527344,-124.93998718261719
3816,-147.5800018310547,14.303230285644531,10.876495361328125,11.938892364501953,-147.5800018310547,-146.0,12.771202087402344,-179.0,-179.0,-160.1999969482422,-155.0,-146.0,-139.75,-133.89999389648438,-126.90000915527344,-124.93998718261719
3840,-147.59999084472656,14.279914855957031,10.907438278198242,11.797633171081543,-147.60000610351562,-146.0,12.767146110534668,-179.0,-179.0,-160.1999969482422,-155.0,-146.0,-139.75,-133.89999389648438,-126.90000915527344,-124.93998718261719
3864,-147.59999084472656,14.183470726013184,10.878509521484375,11.62078825632731,-147.60000610351562,-146.0,12.767146110534668,-179.0,-179.0,-160.1999969482422,-155.0,-146.0,-139.75,-133.89999389648438,-126.90000915527344,-124.93998718261719
3888,-147.63999938964844,14.090815544128418,10.852763175964355,11.432876904805502,-147.63999938964844,-146.0,12.752662658691406,-179.0,-179.0,-160.1999969482422,-155.0,-146.0,-139.75,-133.89999389648438,-126.90000915527344,-124.93998718261719
3912,-147.63999938964844,13.985692977905273,10.816032409667969,11.237702369689941,-147.63999938964844,-146.0,12.752662658691406,-179.0,-179.0,-160.1999969482422,-155.0,-146.0,-139.75,-133.89999389648438,-126.90000915527344,-124.93998718261719
3936,-147.66000366210938,13.922408103942871,10.8162260055542,11.078234672546387,-147.66000366210938,-146.0,12.767316818237305,-179.0,-179.0,-160.1999969482422,-155.0,-146.0,-139.75,-133.89999389648438,-126.90000915527344,-124.93998718261719
3960,-147.8199920654297,13.859652519226074,10.80329704284668,10.95157559712728,-147.82000732421875,-146.0,12.65731430053711,-179.0,-179.0,-160.1999969482422,-155.0,-146.0,-139.75,-134.89999389648438,-127.95000457763672,-124.93998718261719
3984,-147.86000061035156,13.822378158569336,10.832742691040039,10.797432581583658,-147.86000061035156,-146.0,12.654659271240234,-179.0,-179.0,-160.1999969482422,-155.0,-146.0,-139.75,-134.89999389648438,-127.95000457763672,-124.93998718261719
4008,-147.89999389648438,13.736655235290527,10.792612075805664,10.66411018371582,-147.89999389648438,-146.0,12.639225006103516,-179.0,-179.0,-160.1999969482422,-155.0,-146.0,-139.75,-134.89999389648438,-127.95000457763672,-124.93998718261719
4032,-147.9199981689453,13.704511642456055,10.805145263671875,10.555232683817545,-147.9199981689453,-146.0,12.648858070373535,-179.0,-179.0,-160.1999969482422,-155.0,-146.0,-139.75,-134.89999389648438,-127.95000457763672,-124.93998718261719
4056,-147.9199981689453,13.74078369140625,10.873884201049805,10.441250483194986,-147.9199981689453,-146.0,12.648858070373535,-179.0,-179.0,-160.1999969482422,-155.0,-146.0,-139.75,-134.89999389648438,-127.95000457763672,-124.93998718261719
4080,-147.9199981689453,13.717486381530762,10.886056900024414,10.337145805358887,-147.9199981689453,-146.0,12.648858070373535,-179.0,-179.0,-160.1999969482422,-155.0,-146.0,-139.75,-134.89999389648438,-127.95000457763672,-124.93998718261719
4104,-147.9199981689453,13.66727352142334,10.896448135375977,10.191038767496744,-147.9199981689453,-146.0,12.648858070373535,-179.0,-179.0,-160.1999969482422,-155.0,-146.0,-139.75,-134.89999389648438,-127.95000457763672,-124.93998718261719
4128,-147.9199981689453,13.644206047058105,10.91535758972168,10.083733558654785,-147.9199981689453,-146.0,12.648858070373535,-179.0,-179.0,-160.1999969482422,-155.0,-146.0,-139.75,-134.89999389648438,-127.95000457763672,-124.93998718261719
4152,-147.95999145507812,13.608787536621094,10.916345596313477,9.973037083943685,-147.9600067138672,-146.0,12.607871055603027,-179.0,-179.0,-160.1999969482422,-155.0,-146.0,-139.75,-134.89999389648438,-127.95000457763672,-124.93998718261719
4176,-147.97999572753906,13.599334716796875,10.939537048339844,9.879022280375162,-147.97999572753906,-146.0,12.588869094848633,-179.0,-179.0,-160.1999969482422,-155.0,-146.0,-139.75,-134.89999389648438,-127.95000457763672,-124.93998718261719
4200,-148.0,13.537707328796387,10.921226501464844,9.740784962972006,-148.0,-146.0,12.59999942779541,-179.0,-179.0,-160.1999969482422,-155.0,-146.0,-139.75,-134.89999389648438,-127.95000457763672,-124.93998718261719
4224,-148.0,13.47419261932373,10.906519889831543,9.617491086324057,-148.0,-146.0,12.59999942779541,-179.0,-179.0,-160.1999969482422,-155.0,-146.0,-139.75,-134.89999389648438,-127.95000457763672,-124.93998718261719
4248,-148.02000427246094,13.374613761901855,10.863119125366211,9.470654487609863,-148.02000427246094,-146.0,12.609504699707031,-179.0,-179.0,-160.1999969482422,-155.0,-146.0,-139.75,-134.89999389648438,-127.95000457763672,-124.93998718261719
4272,-148.0800018310547,13.277438163757324,10.810579299926758,9.358026504516602,-148.0800018310547,-146.0,12.610852241516113,-179.0,-179.0,-160.1999969482422,-155.0,-146.0,-139.75,-134.89999389648438,-128.90000915527344,-124.93998718261719
4296,-148.0800018310547,13.221038818359375,10.797652244567871,9.236392656962076,-148.0800018310547,-146.0,12.610852241516113,-179.0,-179.0,-160.1999969482422,-155.0,-146.0,-139.75,-134.89999389648438,-128.90000915527344,-124.93998718261719
4320,-148.16000366210938,13.185145378112793,10.801057815551758,9.120989163716635,-148.16000366210938,-146.0,12.671795845031738,-179.0,-179.0,-162.1999969482422,-155.0,-146.0,-139.75,-134.89999389648438,-128.90000915527344,-124.93998718261719
4344,-148.22000122070312,13.177371978759766,10.830591201782227,9.018480936686197,-148.22000122070312,-146.0,12.661422729492188,-179.0,-179.0,-162.1999969482422,-155.0,-146.0,-140.0,-134.89999389648438,-128.90000915527344,-124.93998718261719
4368,-148.22000122070312,13.176267623901367,10.863451957702637,8.943809509277344,-148.22000122070312,-146.0,12.661422729492188,-179.0,-179.0,-162.1999969482422,-155.0,-146.0,-140.0,-134.89999389648438,-128.90000915527344,-124.93998718261719
4392,-148.239990234375,13.083724021911621,10.81592082977295,8.781413396199545,-148.24000549316406,-146.0,12.646833419799805,-179.0,-179.0,-162.1999969482422,-155.0,-146.0,-140.0,-134.89999389648438,-128.90000915527344,-124.93998718261719
4416,-148.239990234375,13.026354789733887,10.810155868530273,8.665266354878744,-148.24000549316406,-146.0,12.646833419799805,-179.0,-179.0,-162.1999969482422,-155.0,-146.0,-140.0,-134.89999389648438,-128.90000915527344,-124.93998718261719
4440,-148.239990234375,12.979559898376465,10.78384780883789,8.593055725097656,-148.24000549316406,-146.0,12.646833419799805,-179.0,-179.0,-162.1999969482422,-155.0,-146.0,-140.0,-134.89999389648438,-128.90000915527344,-124.93998718261719
4464,-148.239990234375,12.987823486328125,10.804040908813477,8.528306325276693,-148.24000549316406,-146.0,12.646833419799805,-179.0,-179.0,-162.1999969482422,-155.0,-146.0,-140.0,-134.89999389648438,-128.90000915527344,-124.93998718261719
4488,-148.239990234375,12.99781608581543,10.833301544189453,8.457052866617838,-148.24000549316406,-146.0,12.646833419799805,-179.0,-179.0,-162.1999969482422,-155.0,-146.0,-140.0,-134.89999389648438,-128.90000915527344,-124.93998718261719
4512,-148.25999450683594,12.908480644226074,10.788450241088867,8.334479967753092,-148.25999450683594,-146.0,12.611598014831543,-179.0,-179.0,-162.1999969482422,-155.0,-146.0,-140.0,-134.89999389648438,-128.90000915527344,-124.93998718261719
4536,-148.25999450683594,12.896453857421875,10.795782089233398,8.265682538350424,-148.25999450683594,-146.0,12.611598014831543,-179.0,-179.0,-162.1999969482422,-155.0,-146.0,-140.0,-134.89999389648438,-128.90000915527344,-124.93998718261719
4560,-148.25999450683594,12.878829002380371,10.807624816894531,8.184989293416342,-148.25999450683594,-146.0,12.611598014831543,-179.0,-179.0,-162.1999969482422,-155.0,-146.0,-140.0,-134.89999389648438,-128.90000915527344,-124.93998718261719
4584,-148.3000030517578,12.832845687866211,10.789924621582031,8.07029390335083,-148.3000030517578,-146.0,12.575770378112793,-179.0,-179.0,-162.1999969482422,-155.0,-146.0,-140.0,-134.89999389648438,-128.90000915527344,-124.93998718261719
4608,-148.3000030517578,12.829813003540039,10.817927360534668,7.97471268971761,-148.3000030517578,-146.0,12.575770378112793,-179.0,-179.0,-162.1999969482422,-155.0,-146.0,-140.0,-134.89999389648438,-128.90000915527344,-124.93998718261719
4632,-148.3000030517578,12.759318351745605,10.784175872802734,7.887593428293864,-148.3000030517578,-146.0,12.575770378112793,-179.0,-179.0,-162.1999969482422,-155.0,-146.0,-140.0,-134.89999389648438,-128.90000915527344,-124.93998718261719
4656,-148.3000030517578,12.649500846862793,10.715242385864258,7.78894567489624,-148.3000030517578,-146.0,12.575770378112793,-179.0,-179.0,-162.1999969482422,-155.0,-146.0,-140.0,-134.89999389648438,-128.90000915527344,-124.93998718261719
4680,-148.3000030517578,12.666269302368164,10.736818313598633,7.765661557515462,-148.3000030517578,-146.0,12.575770378112793,-179.0,-179.0,-162.1999969482422,-155.0,-146.0,-140.0,-134.89999389648438,-128.90000915527344,-124.93998718261719
4704,-148.3000030517578,12.637298583984375,10.728803634643555,7.697417418162028,-148.3000030517578,-146.0,12.575770378112793,-179.0,-179.0,-162.1999969482422,-155.0,-146.0,-140.0,-134.89999389648438,-128.90000915527344,-124.93998718261719
4728,-148.33999633789062,12.605711936950684,10.718546867370605,7.619259039560954,-148.33999633789062,-146.0,12.5811128616333,-179.0,-179.0,-162.1999969482422,-155.0,-146.0,-140.0,-134.89999389648438,-128.90000915527344,-124.93998718261719
4752,-148.37998962402344,12.534690856933594,10.677931785583496,7.514951705932617,-148.3800048828125,-146.0,12.600619316101074,-179.0,-179.0,-164.0,-155.0,-146.0,-140.0,-134.89999389648438,-128.90000915527344,-124.93998718261719
4776,-148.37998962402344,12.485849380493164,10.661046981811523,7.425268491109212,-148.3800048828125,-146.0,12.600619316101074,-179.0,-179.0,-164.0,-155.0,-146.0,-140.0,-134.89999389648438,-128.90000915527344,-124.93998718261719
4800,-148.39999389648438,12.464923858642578,10.66907787322998,7.334132830301921,-148.39999389648438,-146.0,12.612691879272461,-179.0,-179.0,-164.0,-155.0,-146.0,-140.0,-134.89999389648438,-128.90000915527344,-124.93998718261719
4824,-148.39999389648438,12.419249534606934,10.648488998413086,7.270779291788737,-148.39999389648438,-146.0,12.612691879272461,-179.0,-179.0,-164.0,-155.0,-146.0,-140.0,-134.89999389648438,-128.90000915527344,-124.93998718261719
4848,-148.4199981689453,12.398241996765137,10.650107383728027,7.21006457010905,-148.4199981689453,-146.0,12.632640838623047,-179.0,-179.0,-164.0,-155.0,-146.0,-140.0,-134.89999389648438,-128.90000915527344,-124.93998718261719
4872,-148.4199981689453,12.370489120483398,10.63827896118164,7.157543500264485,-148.4199981689453,-146.0,12.632640838623047,-179.0,-179.0,-164.0,-155.0,-146.0,-140.0,-134.89999389648438,-128.90000915527344,-124.93998718261719
4896,-148.4199981689453,12.338279724121094,10.621927261352539,7.090030670166016,-148.4199981689453,-146.0,12.632640838623047,-179.0,-179.0,-164.0,-155.0,-146.0,-140.0,-134.89999389648438,-128.90000915527344,-124.93998718261719
4920,-148.4199981689453,12.275301933288574,10.582666397094727,7.018972078959147,-148.4199981689453,-146.0,12.632640838623047,-179.0,-179.0,-164.0,-155.0,-146.0,-140.0,-134.89999389648438,-128.90000915527344,-124.93998718261719
4944,-148.4199981689453,12.23962688446045,10.572044372558594,6.957194646199544,-148.4199981689453,-146.0,12.632640838623047,-179.0,-179.0,-164.0,-155.0,-146.0,-140.0,-134.89999389648438,-128.90000915527344,-124.93998718261719
4968,-148.4199981689453,12.205066680908203,10.542509078979492,6.901250998179118,-148.4199981689453,-146.0,12.632640838623047,-179.0,-179.0,-164.0,-155.0,-146.0,-140.0,-134.89999389648438,-128.90000915527344,-124.93998718261719
4992,-148.4199981689453,12.171664237976074,10.532027244567871,6.835669835408528,-148.4199981689453,-146.0,12.632640838623047,-179.0,-179.0,-164.0,-155.0,-146.0,-140.0,-134.89999389648438,-128.90000915527344,-124.93998718261719
5016,-148.4199981689453,12.147857666015625,10.51334285736084,6.795561790466309,-148.4199981689453,-146.0,12.632640838623047,-179.0,-179.0,-164.0,-155.0,-146.0,-140.0,-134.89999389648438,-128.90000915527344,-124.93998718261719
5040,-148.4199981689453,12.125006675720215,10.513246536254883,6.72565491994222,-148.4199981689453,-146.0,12.632640838623047,-179.0,-179.0,-164.0,-155.0,-146.0,-140.0,-134.89999389648438,-128.90000915527344,-124.93998718261719
5064,-148.4199981689453,12.096382141113281,10.510095596313477,6.656581083933513,-148.4199981689453,-146.0,12.632640838623047,-179.0,-179.0,-164.0,-155.0,-146.0,-140.0,-134.89999389648438,-128.90000915527344,-124.93998718261719
5088,-148.44000244140625,12.042526245117188,10.498210906982422,6.5492316881815595,-148.44000244140625,-146.0,12.61770248413086,-179.0,-179.0,-164.0,-155.0,-146.0,-140.0,-134.89999389648438,-128.90000915527344,-124.93998718261719
5112,-148.44000244140625,11.998315811157227,10.46859073638916,6.480439821879069,-148.44000244140625,-146.0,12.61770248413086,-179.0,-179.0,-164.0,-155.0,-146.0,-140.0,-134.89999389648438,-128.90000915527344,-124.93998718261719
5136,-148.44000244140625,11.985487937927246,10.47542953491211,6.415315310160319,-148.44000244140625,-146.0,12.61770248413086,-179.0,-179.0,-164.0,-155.0,-146.0,-140.0,-134.89999389648438,-128.90000915527344,-124.93998718261719
5160,-148.44000244140625,11.98035717010498,10.494037628173828,6.343450546264648,-148.44000244140625,-146.0,12.61770248413086,-179.0,-179.0,-164.0,-155.0,-146.0,-140.0,-134.89999389648438,-128.90000915527344,-124.93998718261719
5184,-148.44000244140625,11.919382095336914,10.450356483459473,6.262063980102539,-148.44000244140625,-146.0,12.61770248413086,-179.0,-179.0,-164.0,-155.0,-146.0,-140.0,-134.89999389648438,-128.90000915527344,-124.93998718261719
5208,-148.45999145507812,11.90088176727295,10.45565414428711,6.192678610483806,-148.4600067138672,-146.0,12.624911308288574,-179.0,-179.0,-164.0,-155.0,-146.0,-140.0,-134.89999389648438,-128.90000915527344,-124.93998718261719
5232,-148.45999145507812,11.90665054321289,10.487771987915039,6.139336744944255,-148.4600067138672,-146.0,12.624911308288574,-179.0,-179.0,-164.0,-155.0,-146.0,-140.0,-134.89999389648438,-128.90000915527344,-124.93998718261719
5256,-148.45999145507812,11.875314712524414,10.476577758789062,6.07982079188029,-148.4600067138672,-146.0,12.624911308288574,-179.0,-179.0,-164.0,-155.0,-146.0,-140.0,-134.89999389648438,-128.90000915527344,-124.93998718261719
5280,-148.45999145507812,11.833181381225586,10.449214935302734,6.019651730855306,-148.4600067138672,-146.0,12.624911308288574,-179.0,-179.0,-164.0,-155.0,-146.0,-140.0,-134.89999389648438,-128.90000915527344,-124.93998718261719
5304,-148.45999145507812,11.830068588256836,10.452751159667969,5.974284013112386,-148.4600067138672,-146.0,12.624911308288574,-179.0,-179.0,-164.0,-155.0,-146.0,-140.0,-134.89999389648438,-128.90000915527344,-124.93998718261719
5328,-148.45999145507812,11.826091766357422,10.456533432006836,5.933825333913167,-148.4600067138672,-146.0,12.624911308288574,-179.0,-179.0,-164.0,-155.0,-146.0,-140.0,-134.89999389648438,-128.90000915527344,-124.93998718261719
5352,-148.45999145507812,11.83509349822998,10.471907615661621,5.919582049051921,-148.4600067138672,-146.0,12.624911308288574,-179.0,-179.0,-164.0,-155.0,-146.0,-140.0,-134.89999389648438,-128.90000915527344,-124.93998718261719
5376,-148.45999145507812,11.855287551879883,10.505720138549805,5.885627428690593,-148.4600067138672,-146.0,12.624911308288574,-179.0,-179.0,-164.0,-155.0,-146.0,-140.0,-134.89999389648438,-128.90000915527344,-124.93998718261719
5400,-148.45999145507812,11.85670280456543,10.515515327453613,5.86242135365804,-148.4600067138672,-146.0,12.624911308288574,-179.0,-179.0,-164.0,-155.0,-146.0,-140.0,-134.89999389648438,-128.90000915527344,-124.93998718261719
5424,-148.45999145507812,11.82575511932373,10.499542236328125,5.811690489451091,-148.4600067138672,-146.0,12.624911308288574,-179.0,-179.0,-164.0,-155.0,-146.0,-140.0,-134.89999389648438,-128.90000915527344,-124.93998718261719
5448,-148.45999145507812,11.791799545288086,10.486417770385742,5.752025763193767,-148.4600067138672,-146.0,12.624911308288574,-179.0,-179.0,-164.0,-155.0,-146.0,-140.0,-134.89999389648438,-128.90000915527344,-124.93998718261719
5472,-148.45999145507812,11.800677299499512,10.498207092285156,5.731118996938069,-148.4600067138672,-146.0,12.624911308288574,-179.0,-179.0,-164.0,-155.0,-146.0,-140.0,-134.89999389648438,-128.90000915527344,-124.93998718261719
5496,-148.45999145507812,11.809476852416992,10.520669937133789,5.693718910217285,-148.4600067138672,-146.0,12.624911308288574,-179.0,-179.0,-164.0,-155.0,-146.0,-140.0,-134.89999389648438,-128.90000915527344,-124.93998718261719
5520,-148.45999145507812,11.78541374206543,10.511558532714844,5.658829847971599,-148.4600067138672,-146.0,12.624911308288574,-179.0,-179.0,-164.0,-155.0,-146.0,-140.0,-134.89999389648438,-128.90000915527344,-124.93998718261719
5544,-148.45999145507812,11.777578353881836,10.517300605773926,5.61507002512614,-148.4600067138672,-146.0,12.624911308288574,-179.0,-179.0,-164.0,-155.0,-146.0,-140.0,-134.89999389648438,-128.90000915527344,-124.93998718261719
5568,-148.45999145507812,11.782453536987305,10.529777526855469,5.585992972056071,-148.4600067138672,-146.0,12.624911308288574,-179.0,-179.0,-164.0,-155.0,-146.0,-140.0,-134.89999389648438,-128.90000915527344,-124.93998718261719
5592,-148.47999572753906,11.758214950561523,10.52288818359375,5.543440183003743,-148.47999572753906,-146.0,12.647909164428711,-179.0,-179.0,-164.0,-155.0,-146.0,-140.0,-134.89999389648438,-128.90000915527344,-124.93998718261719
5616,-148.47999572753906,11.76934814453125,10.552968978881836,5.489617983500163,-148.47999572753906,-146.0,12.647909164428711,-179.0,-179.0,-164.0,-155.0,-146.0,-140.0,-134.89999389648438,-128.90000915527344,-124.93998718261719
5640,-148.52000427246094,11.767385482788086,10.560060501098633,5.433592637379964,-148.52000427246094,-146.0,12.662131309509277,-179.0,-179.0,-164.0,-155.0,-146.0,-140.0,-134.89999389648438,-128.90000915527344,-124.93998718261719
5664,-148.52000427246094,11.743989944458008,10.56123161315918,5.3859860102335615,-148.52000427246094,-146.0,12.662131309509277,-179.0,-179.0,-164.0,-155.0,-146.0,-140.0,-134.89999389648438,-128.90000915527344,-124.93998718261719
5688,-148.52000427246094,11.732973098754883,10.55545711517334,5.349948565165202,-148.52000427246094,-146.0,12.662131309509277,-179.0,-179.0,-164.0,-155.0,-146.0,-140.0,-134.89999389648438,-128.90000915527344,-124.93998718261719
5712,-148.52000427246094,11.707347869873047,10.541895866394043,5.313699881235759,-148.52000427246094,-146.0,12.662131309509277,-179.0,-179.0,-164.0,-155.0,-146.0,-140.0,-134.89999389648438,-128.90000915527344,-124.93998718261719
5736,-148.52000427246094,11.700565338134766,10.55032730102539,5.284409999847412,-148.52000427246094,-146.0,12.662131309509277,-179.0,-179.0,-164.0,-155.0,-146.0,-140.0,-134.89999389648438,-128.90000915527344,-124.93998718261719
5760,-148.52000427246094,11.692538261413574,10.553033828735352,5.243778387705485,-148.52000427246094,-146.0,12.662131309509277,-179.0,-179.0,-164.0,-155.0,-146.0,-140.0,-134.89999389648438,-128.90000915527344,-124.93998718261719
5784,-148.52000427246094,11.674217224121094,10.553991317749023,5.171352704366048,-148.52000427246094,-146.0,12.662131309509277,-179.0,-179.0,-164.0,-155.0,-146.0,-140.0,-134.89999389648438,-128.90000915527344,-124.93998718261719
5808,-148.52000427246094,11.675460815429688,10.557365417480469,5.150381724039714,-148.52000427246094,-146.0,12.662131309509277,-179.0,-179.0,-164.0,-155.0,-146.0,-140.0,-134.89999389648438,-128.90000915527344,-124.93998718261719
5832,-148.52000427246094,11.648162841796875,10.547808647155762,5.097047011057536,-148.52000427246094,-146.0,12.662131309509277,-179.0,-179.0,-164.0,-155.0,-146.0,-140.0,-134.89999389648438,-128.90000915527344,-124.93998718261719
5856,-148.5399932861328,11.65088176727295,10.556608200073242,5.082579612731934,-148.5399932861328,-146.0,12.661294937133789,-179.0,-179.0,-164.0,-155.0,-146.0,-140.0,-134.89999389648438,-128.90000915527344,-124.93998718261719
5880,-148.5399932861328,11.608930587768555,10.545785903930664,5.01212215423584,-148.5399932861328,-146.0,12.661294937133789,-179.0,-179.0,-164.0,-155.0,-146.0,-140.0,-134.89999389648438,-128.90000915527344,-124.93998718261719
5904,-148.5399932861328,11.607328414916992,10.55378532409668,4.98031759262085,-148.5399932861328,-146.0,12.661294937133789,-179.0,-179.0,-164.0,-155.0,-146.0,-140.0,-134.89999389648438,-128.90000915527344,-124.93998718261719
5928,-148.5399932861328,11.586530685424805,10.546281814575195,4.946581681569417,-148.5399932861328,-146.0,12.661294937133789,-179.0,-179.0,-164.0,-155.0,-146.0,-140.0,-134.89999389648438,-128.90000915527344,-124.93998718261719
5952,-148.5399932861328,11.582965850830078,10.544866561889648,4.916547616322835,-148.5399932861328,-146.0,12.661294937133789,-179.0,-179.0,-164.0,-155.0,-146.0,-140.0,-134.89999389648438,-128.90000915527344,-124.93998718261719
5976,-148.55999755859375,11.561251640319824,10.545756340026855,4.846728801727295,-148.55999755859375,-146.0,12.669900894165039,-179.0,-179.0,-164.0,-155.0,-146.0,-140.0,-134.89999389648438,-128.90000915527344,-124.93998718261719
6000,-148.55999755859375,11.529875755310059,10.530830383300781,4.802630106608073,-148.55999755859375,-146.0,12.669900894165039,-179.0,-179.0,-164.0,-155.0,-146.0,-140.0,-134.89999389648438,-128.90000915527344,-124.93998718261719
6024,-148.55999755859375,11.556175231933594,10.563730239868164,4.781758467356364,-148.55999755859375,-146.0,12.669900894165039,-179.0,-179.0,-164.0,-155.0,-146.0,-140.0,-134.89999389648438,-128.90000915527344,-124.93998718261719
6048,-148.55999755859375,11.492846488952637,10.524967193603516,4.698921203613281,-148.55999755859375,-146.0,12.669900894165039,-179.0,-179.0,-164.0,-155.0,-146.0,-140.0,-134.89999389648438,-128.90000915527344,-124.93998718261719
6072,-148.55999755859375,11.517168998718262,10.564737319946289,4.663443247477214,-148.55999755859375,-146.0,12.669900894165039,-179.0,-179.0,-164.0,-155.0,-146.0,-140.0,-134.89999389648438,-128.90000915527344,-124.93998718261719
6096,-148.55999755859375,11.489883422851562,10.553459167480469,4.617279529571533,-148.55999755859375,-146.0,12.669900894165039,-179.0,-179.0,-164.0,-155.0,-146.0,-140.0,-134.89999389648438,-128.90000915527344,-124.93998718261719
6120,-148.55999755859375,11.528556823730469,10.595962524414062,4.605302174886067,-148.55999755859375,-146.0,12.669900894165039,-179.0,-179.0,-164.0,-155.0,-146.0,-140.0,-134.89999389648438,-128.90000915527344,-124.93998718261719
6144,-148.55999755859375,11.516641616821289,10.587677001953125,4.570088863372803,-148.55999755859375,-146.0,12.669900894165039,-179.0,-179.0,-164.0,-155.0,-146.0,-140.0,-134.89999389648438,-128.90000915527344,-124.93998718261719
6168,-148.55999755859375,11.508880615234375,10.588674545288086,4.534536679585774,-148.55999755859375,-146.0,12.669900894165039,-179.0,-179.0,-164.0,-155.0,-146.0,-140.0,-134.89999389648438,-128.90000915527344,-124.93998718261719
6192,-148.55999755859375,11.510271072387695,10.597146987915039,4.508107821146647,-148.55999755859375,-146.0,12.669900894165039,-179.0,-179.0,-164.0,-155.0,-146.0,-140.0,-134.89999389648438,-128.90000915527344,-124.93998718261719
6216,-148.55999755859375,11.505849838256836,10.598955154418945,4.485043048858643,-148.55999755859375,-146.0,12.669900894165039,-179.0,-179.0,-164.0,-155.0,-146.0,-140.0,-134.89999389648438,-128.90000915527344,-124.93998718261719
6240,-148.55999755859375,11.460847854614258,10.555773735046387,4.448531150817871,-148.55999755859375,-146.0,12.669900894165039,-179.0,-179.0,-164.0,-155.0,-146.0,-140.0,-134.89999389648438,-128.90000915527344,-124.93998718261719
6264,-148.55999755859375,11.461067199707031,10.563234329223633,4.4063723882039385,-148.55999755859375,-146.0,12.669900894165039,-179.0,-179.0,-164.0,-155.0,-146.0,-140.0,-134.89999389648438,-128.90000915527344,-124.93998718261719
6288,-148.55999755859375,11.456418991088867,10.563749313354492,4.382489045461019,-148.55999755859375,-146.0,12.669900894165039,-179.0,-179.0,-164.0,-155.0,-146.0,-140.0,-134.89999389648438,-128.90000915527344,-124.93998718261719
6312,-148.55999755859375,11.465571403503418,10.570032119750977,4.384143352508545,-148.55999755859375,-146.0,12.669900894165039,-179.0,-179.0,-164.0,-155.0,-146.0,-140.0,-134.89999389648438,-128.90000915527344,-124.93998718261719
6336,-148.55999755859375,11.427855491638184,10.554269790649414,4.323032061258952,-148.55999755859375,-146.0,12.669900894165039,-179.0,-179.0,-164.0,-155.0,-146.0,-140.0,-134.89999389648438,-128.90000915527344,-124.93998718261719
6360,-148.55999755859375,11.394281387329102,10.529114723205566,4.300845464070638,-148.55999755859375,-146.0,12.669900894165039,-179.0,-179.0,-164.0,-155.0,-146.0,-140.0,-134.89999389648438,-128.90000915527344,-124.93998718261719
6384,-148.55999755859375,11.368293762207031,10.512614250183105,4.261793931325276,-148.55999755859375,-146.0,12.669900894165039,-179.0,-179.0,-164.0,-155.0,-146.0,-140.0,-134.89999389648438,-128.90000915527344,-124.93998718261719
6408,-148.55999755859375,11.35049819946289,10.50577449798584,4.224984804789226,-148.55999755859375,-146.0,12.669900894165039,-179.0,-179.0,-164.0,-155.0,-146.0,-140.0,-134.89999389648438,-128.90000915527344,-124.93998718261719
6432,-148.55999755859375,11.33941650390625,10.509328842163086,4.182405153910319,-148.55999755859375,-146.0,12.669900894165039,-179.0,-179.0,-164.0,-155.0,-146.0,-140.0,-134.89999389648438,-128.90000915527344,-124.93998718261719
6456,-148.55999755859375,11.323443412780762,10.500558853149414,4.159503936767578,-148.55999755859375,-146.0,12.669900894165039,-179.0,-179.0,-164.0,-155.0,-146.0,-140.0,-134.89999389648438,-128.90000915527344,-124.93998718261719
6480,-148.55999755859375,11.293668746948242,10.47916316986084,4.1101484298706055,-148.55999755859375,-146.0,12.669900894165039,-179.0,-179.0,-164.0,-155.0,-146.0,-140.0,-134.89999389648438,-128.90000915527344,-124.93998718261719
6504,-148.55999755859375,11.282224655151367,10.470420837402344,4.0932723681132,-148.55999755859375,-146.0,12.669900894165039,-179.0,-179.0,-164.0,-155.0,-146.0,-140.0,-134.89999389648438,-128.90000915527344,-124.93998718261719
6528,-148.55999755859375,11.267889976501465,10.457636833190918,4.088564236958821,-148.55999755859375,-146.0,12.669900894165039,-179.0,-179.0,-164.0,-155.0,-146.0,-140.0,-134.89999389648438,-128.90000915527344,-124.93998718261719
6552,-148.55999755859375,11.26908016204834,10.457275390625,4.0840638478597,-148.55999755859375,-146.0,12.669900894165039,-179.0,-179.0,-164.0,-155.0,-146.0,-140.0,-134.89999389648438,-128.90000915527344,-124.93998718261719
6576,-148.55999755859375,11.26113510131836,10.4586820602417,4.050857782363892,-148.55999755859375,-146.0,12.669900894165039,-179.0,-179.0,-164.0,-155.0,-146.0,-140.0,-134.89999389648438,-128.90000915527344,-124.93998718261719
6600,-148.55999755859375,11.27450180053711,10.468395233154297,4.066983540852864,-148.55999755859375,-146.0,12.669900894165039,-179.0,-179.0,-164.0,-155.0,-146.0,-140.0,-134.89999389648438,-128.90000915527344,-124.93998718261719
6624,-148.55999755859375,11.273077011108398,10.474458694458008,4.033529043197632,-148.55999755859375,-146.0,12.669900894165039,-179.0,-179.0,-164.0,-155.0,-146.0,-140.0,-134.89999389648438,-128.90000915527344,-124.93998718261719
6648,-148.55999755859375,11.233173370361328,10.43768310546875,3.997334639231364,-148.55999755859375,-146.0,12.669900894165039,-179.0,-179.0,-164.0,-155.0,-146.0,-140.0,-134.89999389648438,-128.90000915527344,-124.93998718261719
6672,-148.55999755859375,11.228147506713867,10.439445495605469,3.9574668407440186,-148.55999755859375,-146.0,12.669900894165039,-179.0,-179.0,-164.0,-155.0,-146.0,-140.0,-134.89999389648438,-128.90000915527344,-124.93998718261719
6696,-148.55999755859375,11.24580192565918,10.466085433959961,3.91477902730306,-148.55999755859375,-146.0,12.669900894165039,-179.0,-179.0,-164.0,-155.0,-146.0,-140.0,-134.89999389648438,-128.90000915527344,-124.93998718261719
6720,-148.55999755859375,11.251097679138184,10.484670639038086,3.8838104406992593,-148.55999755859375,-146.0,12.669900894165039,-179.0,-179.0,-164.0,-155.0,-146.0,-140.0,-134.89999389648438,-128.90000915527344,-124.93998718261719
6744,-148.55999755859375,11.225906372070312,10.469367980957031,3.8426846663157144,-148.55999755859375,-146.0,12.669900894165039,-179.0,-179.0,-164.0,-155.0,-146.0,-140.0,-134.89999389648438,-128.90000915527344,-124.93998718261719
6768,-148.55999755859375,11.197589874267578,10.450342178344727,3.8017099698384604,-148.55999755859375,-146.0,12.669900894165039,-179.0,-179.0,-164.0,-155.0,-146.0,-140.0,-134.89999389648438,-128.90000915527344,-124.93998718261719
6792,-148.55999755859375,11.180682182312012,10.434457778930664,3.782066583633423,-148.55999755859375,-146.0,12.669900894165039,-179.0,-179.0,-164.0,-155.0,-146.0,-140.0,-134.89999389648438,-128.90000915527344,-124.93998718261719
6816,-148.55999755859375,11.186065673828125,10.455804824829102,3.7379724979400635,-148.55999755859375,-146.0,12.669900894165039,-179.0,-179.0,-164.0,-155.0,-146.0,-140.0,-134.89999389648438,-128.90000915527344,-124.93998718261719
6840,-148.55999755859375,11.190610885620117,10.468082427978516,3.7239492734273276,-148.55999755859375,-146.0,12.669900894165039,-179.0,-179.0,-164.0,-155.0,-146.0,-140.0,-134.89999389648438,-128.90000915527344,-124.93998718261719
6864,-148.55999755859375,11.164252281188965,10.448043823242188,3.7068727811177573,-148.55999755859375,-146.0,12.669900894165039,-179.0,-179.0,-164.0,-155.0,-146.0,-140.0,-134.89999389648438,-128.90000915527344,-124.93998718261719
6888,-148.55999755859375,11.146598815917969,10.427202224731445,3.6999696095784507,-148.55999755859375,-146.0,12.669900894165039,-179.0,-179.0,-164.0,-155.0,-146.0,-140.0,-134.89999389648438,-128.90000915527344,-124.93998718261719
6912,-148.55999755859375,11.137413024902344,10.41889762878418,3.685670773188273,-148.55999755859375,-146.0,12.669900894165039,-179.0,-179.0,-164.0,-155.0,-146.0,-140.0,-134.89999389648438,-128.90000915527344,-124.93998718261719
6936,-148.55999755859375,11.117225646972656,10.40861701965332,3.6542694568634033,-148.55999755859375,-146.0,12.669900894165039,-179.0,-179.0,-164.0,-155.0,-146.0,-140.0,-134.89999389648438,-128.90000915527344,-124.93998718261719
6960,-148.55999755859375,11.115957260131836,10.4190034866333,3.636678695678711,-148.55999755859375,-146.0,12.669900894165039,-179.0,-179.0,-164.0,-155.0,-146.0,-140.0,-134.89999389648438,-128.90000915527344,-124.93998718261719
6984,-148.55999755859375,11.105367660522461,10.414774894714355,3.59987743695577,-148.55999755859375,-146.0,12.669900894165039,-179.0,-179.0,-164.0,-155.0,-146.0,-140.0,-134.89999389648438,-128.90000915527344,-124.93998718261719
7008,-148.55999755859375,11.088861465454102,10.406179428100586,3.5621753533681235,-148.55999755859375,-146.0,12.669900894165039,-179.0,-179.0,-164.0,-155.0,-146.0,-140.0,-134.89999389648438,-128.90000915527344,-124.93998718261719
7032,-148.55999755859375,11.077326774597168,10.390841484069824,3.5671494007110596,-148.55999755859375,-146.0,12.669900894165039,-179.0,-179.0,-164.0,-155.0,-146.0,-140.0,-134.89999389648438,-128.90000915527344,-124.93998718261719
7056,-148.55999755859375,11.061152458190918,10.385640144348145,3.524700323740641,-148.55999755859375,-146.0,12.669900894165039,-179.0,-179.0,-164.0,-155.0,-146.0,-140.0,-134.89999389648438,-128.90000915527344,-124.93998718261719
7080,-148.55999755859375,11.07012939453125,10.399459838867188,3.4983792304992676,-148.55999755859375,-146.0,12.669900894165039,-179.0,-179.0,-164.0,-155.0,-146.0,-140.0,-134.89999389648438,-128.90000915527344,-124.93998718261719
7104,-148.55999755859375,11.069815635681152,10.397371292114258,3.496745983759562,-148.55999755859375,-146.0,12.669900894165039,-179.0,-179.0,-164.0,-155.0,-146.0,-140.0,-134.89999389648438,-128.90000915527344,-124.93998718261719
7128,-148.55999755859375,11.043075561523438,10.37193489074707,3.459843476613363,-148.55999755859375,-146.0,12.669900894165039,-179.0,-179.0,-164.0,-155.0,-146.0,-140.0,-134.89999389648438,-128.90000915527344,-124.93998718261719
7152,-148.55999755859375,11.009593963623047,10.345488548278809,3.4285360177357993,-148.55999755859375,-146.0,12.669900894165039,-179.0,-179.0,-164.0,-155.0,-146.0,-140.0,-134.89999389648438,-128.90000915527344,-124.93998718261719
7176,-148.55999755859375,10.980096817016602,10.317259788513184,3.4027977784474692,-148.55999755859375,-146.0,12.669900894165039,-179.0,-179.0,-164.0,-155.0,-146.0,-140.0,-134.89999389648438,-128.90000915527344,-124.93998718261719
7200,-148.55999755859375,10.995272636413574,10.336151123046875,3.38985276222229,-148.55999755859375,-146.0,12.669900894165039,-179.0,-179.0,-164.0,-155.0,-146.0,-140.0,-134.89999389648438,-128.90000915527344,-124.93998718261719
7224,-148.55999755859375,10.986308097839355,10.35493278503418,3.3195374806722007,-148.55999755859375,-146.0,12.669900894165039,-179.0,-179.0,-164.0,-155.0,-146.0,-140.0,-134.89999389648438,-128.90000915527344,-124.93998718261719
7248,-148.55999755859375,10.969062805175781,10.344839096069336,3.2884883880615234,-148.55999755859375,-146.0,12.669900894165039,-179.0,-179.0,-164.0,-155.0,-146.0,-140.0,-134.89999389648438,-128.90000915527344,-124.93998718261719
7272,-148.55999755859375,10.967721939086914,10.342828750610352,3.2815237045288086,-148.55999755859375,-146.0,12.669900894165039,-179.0,-179.0,-164.0,-155.0,-146.0,-140.0,-134.89999389648438,-128.90000915527344,-124.93998718261719
7296,-148.55999755859375,10.973913192749023,10.359880447387695,3.241419712702433,-148.55999755859375,-146.0,12.669900894165039,-179.0,-179.0,-164.0,-155.0,-146.0,-140.0,-134.89999389648438,-128.90000915527344,-124.93998718261719
7320,-148.55999755859375,10.957423210144043,10.359660148620605,3.1940844853719077,-148.55999755859375,-146.0,12.669900894165039,-179.0,-179.0,-164.0,-155.0,-146.0,-140.0,-134.89999389648438,-128.90000915527344,-124.93998718261719
7344,-148.55999755859375,10.960304260253906,10.373510360717773,3.1715591748555503,-148.55999755859375,-146.0,12.669900894165039,-179.0,-179.0,-164.0,-155.0,-146.0,-140.0,-134.89999389648438,-128.90000915527344,-124.93998718261719
7368,-148.55999755859375,10.963188171386719,10.375240325927734,3.1707244714101157,-148.55999755859375,-146.0,12.669900894165039,-179.0,-179.0,-164.0,-155.0,-146.0,-140.0,-134.89999389648438,-128.90000915527344,-124.93998718261719
7392,-148.55999755859375,10.934988021850586,10.350131034851074,3.1521312395731607,-148.55999755859375,-146.0,12.669900894165039,-179.0,-179.0,-164.0,-155.0,-146.0,-140.0,-134.89999389648438,-128.90000915527344,-124.93998718261719
7416,-148.55999755859375,10.923006057739258,10.343889236450195,3.132312615712484,-148.55999755859375,-146.0,12.669900894165039,-179.0,-179.0,-164.0,-155.0,-146.0,-140.0,-134.89999389648438,-128.90000915527344,-124.93998718261719
7440,-148.55999755859375,10.89530086517334,10.325896263122559,3.0966552098592124,-148.55999755859375,-146.0,12.669900894165039,-179.0,-179.0,-164.0,-155.0,-146.0,-140.0,-134.89999389648438,-128.90000915527344,-124.93998718261719
7464,-148.55999755859375,10.878703117370605,10.313989639282227,3.0734965006510415,-148.55999755859375,-146.0,12.669900894165039,-179.0,-179.0,-164.0,-155.0,-146.0,-140.0,-134.89999389648438,-128.90000915527344,-124.93998718261719
7488,-148.55999755859375,10.854429244995117,10.294727325439453,3.0612895488739014,-148.55999755859375,-146.0,12.669900894165039,-179.0,-179.0,-164.0,-155.0,-146.0,-140.0,-134.89999389648438,-128.90000915527344,-124.93998718261719
7512,-148.55999755859375,10.850288391113281,10.298477172851562,3.0449856917063394,-148.55999755859375,-146.0,12.669900894165039,-179.0,-179.0,-164.0,-155.0,-146.0,-140.0,-134.89999389648438,-128.90000915527344,-124.93998718261719
7536,-148.59999084472656,10.842500686645508,10.296714782714844,3.0142430464426675,-148.60000610351562,-146.0,12.60793399810791,-179.0,-179.0,-164.0,-155.0,-146.0,-140.0,-134.89999389648438,-129.95001220703125,-124.93998718261719
7560,-148.59999084472656,10.840189933776855,10.297521591186523,2.987302541732788,-148.60000610351562,-146.0,12.60793399810791,-179.0,-179.0,-164.0,-155.0,-146.0,-140.0,-134.89999389648438,-129.95001220703125,-124.93998718261719
7584,-148.59999084472656,10.804553031921387,10.267875671386719,2.965425729751587,-148.60000610351562,-146.0,12.60793399810791,-179.0,-179.0,-164.0,-155.0,-146.0,-140.0,-134.89999389648438,-129.95001220703125,-124.93998718261719
7608,-148.59999084472656,10.773101806640625,10.24663257598877,2.923452377319336,-148.60000610351562,-146.0,12.60793399810791,-179.0,-179.0,-164.0,-155.0,-146.0,-140.0,-134.89999389648438,-129.95001220703125,-124.93998718261719
7632,-148.59999084472656,10.776447296142578,10.252574920654297,2.911686817804972,-148.60000610351562,-146.0,12.60793399810791,-179.0,-179.0,-164.0,-155.0,-146.0,-140.0,-134.89999389648438,-129.95001220703125,-124.93998718261719
7656,-148.59999084472656,10.78254508972168,10.254880905151367,2.912233273188273,-148.60000610351562,-146.0,12.60793399810791,-179.0,-179.0,-164.0,-155.0,-146.0,-140.0,-134.89999389648438,-129.95001220703125,-124.93998718261719
7680,-148.59999084472656,10.762014389038086,10.240669250488281,2.8962913354237876,-148.60000610351562,-146.0,12.60793399810791,-179.0,-179.0,-164.0,-155.0,-146.0,-140.0,-134.89999389648438,-129.95001220703125,-124.93998718261719
7704,-148.59999084472656,10.748905181884766,10.227665901184082,2.8911565144856772,-148.60000610351562,-146.0,12.60793399810791,-179.0,-179.0,-164.0,-155.0,-146.0,-140.0,-134.89999389648438,-129.95001220703125,-124.93998718261719
7728,-148.59999084472656,10.71711254119873,10.192453384399414,2.8665521144866943,-148.60000610351562,-146.0,12.60793399810791,-179.0,-179.0,-164.0,-155.0,-146.0,-140.0,-134.89999389648438,-129.95001220703125,-124.93998718261719
7752,-148.59999084472656,10.739967346191406,10.2213134765625,2.8503878911336265,-148.60000610351562,-146.0,12.60793399810791,-179.0,-179.0,-164.0,-155.0,-146.0,-140.0,-134.89999389648438,-129.95001220703125,-124.93998718261719
7776,-148.59999084472656,10.72290325164795,10.211605072021484,2.8236471017201743,-148.60000610351562,-146.0,12.60793399810791,-179.0,-179.0,-164.0,-155.0,-146.0,-140.0,-134.89999389648438,-129.95001220703125,-124.93998718261719
7800,-148.59999084472656,10.709354400634766,10.207873344421387,2.7899372577667236,-148.60000610351562,-146.0,12.60793399810791,-179.0,-179.0,-164.0,-155.0,-146.0,-140.0,-134.89999389648438,-129.95001220703125,-124.93998718261719
7824,-148.59999084472656,10.706801414489746,10.220832824707031,2.74221134185791,-148.60000610351562,-146.0,12.60793399810791,-179.0,-179.0,-164.0,-155.0,-146.0,-140.0,-134.89999389648438,-129.95001220703125,-124.93998718261719
7848,-148.59999084472656,10.697896957397461,10.220573425292969,2.7268513838450112,-148.60000610351562,-146.0,12.60793399810791,-179.0,-179.0,-164.0,-155.0,-146.0,-140.0,-134.89999389648438,-129.95001220703125,-124.93998718261719
7872,-148.59999084472656,10.706939697265625,10.241787910461426,2.6818273862202964,-148.60000610351562,-146.0,12.60793399810791,-179.0,-179.0,-164.0,-155.0,-146.0,-140.0,-134.89999389648438,-129.95001220703125,-124.93998718261719
7896,-148.59999084472656,10.686962127685547,10.22480583190918,2.6608999570210776,-148.60000610351562,-146.0,12.60793399810791,-179.0,-179.0,-164.0,-155.0,-146.0,-140.0,-134.89999389648438,-129.95001220703125,-124.93998718261719
7920,-148.59999084472656,10.681339263916016,10.220293045043945,2.646469831466675,-148.60000610351562,-146.0,12.60793399810791,-179.0,-179.0,-164.0,-155.0,-146.0,-140.0,-134.89999389648438,-129.95001220703125,-124.93998718261719
7944,-148.59999084472656,10.689828872680664,10.232336044311523,2.632805347442627,-148.60000610351562,-146.0,12.60793399810791,-179.0,-179.0,-164.0,-155.0,-146.0,-140.0,-134.89999389648438,-129.95001220703125,-124.93998718261719
7968,-148.59999084472656,10.676295280456543,10.218515396118164,2.6237529118855796,-148.60000610351562,-146.0,12.60793399810791,-179.0,-179.0,-164.0,-155.0,-146.0,-140.0,-134.89999389648438,-129.95001220703125,-124.93998718261719
7992,-148.59999084472656,10.712362289428711,10.261480331420898,2.622744639714559,-148.60000610351562,-146.0,12.60793399810791,-179.0,-179.0,-164.0,-155.0,-146.0,-140.0,-134.89999389648438,-129.95001220703125,-124.93998718261719
8016,-148.59999084472656,10.689864158630371,10.237325668334961,2.6070292790730796,-148.60000610351562,-146.0,12.60793399810791,-179.0,-179.0,-164.0,-155.0,-146.0,-140.0,-134.89999389648438,-129.95001220703125,-124.93998718261719
8040,-148.59999084472656,10.698760986328125,10.253100395202637,2.5917550722757974,-148.60000610351562,-146.0,12.60793399810791,-179.0,-179.0,-164.0,-155.0,-146.0,-140.0,-134.89999389648438,-129.95001220703125,-124.93998718261719
8064,-148.59999084472656,10.6533203125,10.206602096557617,2.567828416824341,-148.60000610351562,-146.0,12.60793399810791,-179.0,-179.0,-164.0,-155.0,-146.0,-140.0,-134.89999389648438,-129.95001220703125,-124.93998718261719
8088,-148.59999084472656,10.63891887664795,10.191410064697266,2.563691775004069,-148.60000610351562,-146.0,12.60793399810791,-179.0,-179.0,-164.0,-155.0,-146.0,-140.0,-134.89999389648438,-129.95001220703125,-124.93998718261719
8112,-148.59999084472656,10.636998176574707,10.199913024902344,2.5359944502512612,-148.60000610351562,-146.0,12.60793399810791,-179.0,-179.0,-164.0,-155.0,-146.0,-140.0,-134.89999389648438,-129.95001220703125,-124.93998718261719
8136,-148.59999084472656,10.603036880493164,10.176040649414062,2.5006649494171143,-148.60000610351562,-146.0,12.60793399810791,-179.0,-179.0,-164.0,-155.0,-146.0,-140.0,-134.89999389648438,-129.95001220703125,-124.93998718261719
8160,-148.59999084472656,10.614588737487793,10.187004089355469,2.4858690102895102,-148.60000610351562,-146.0,12.60793399810791,-179.0,-179.0,-164.0,-155.0,-146.0,-140.0,-134.89999389648438,-129.95001220703125,-124.93998718261719
8184,-148.59999084472656,10.621474266052246,10.1919527053833,2.4907655715942383,-148.60000610351562,-146.0,12.60793399810791,-179.0,-179.0,-164.0,-155.0,-146.0,-140.0,-134.89999389648438,-129.95001220703125,-124.93998718261719
8208,-148.59999084472656,10.588607788085938,10.166132926940918,2.4683104356129966,-148.60000610351562,-146.0,12.60793399810791,-179.0,-179.0,-164.0,-155.0,-146.0,-140.0,-134.89999389648438,-129.95001220703125,-124.93998718261719
8232,-148.59999084472656,10.553841590881348,10.14541244506836,2.39545472462972,-148.60000610351562,-146.0,12.60793399810791,-179.0,-179.0,-164.0,-155.0,-146.0,-140.0,-134.89999389648438,-129.95001220703125,-124.93998718261719
8256,-148.59999084472656,10.567764282226562,10.16477108001709,2.3690388202667236,-148.60000610351562,-146.0,12.60793399810791,-179.0,-179.0,-164.0,-155.0,-146.0,-140.0,-134.89999389648438,-129.95001220703125,-124.93998718261719
8280,-148.59999084472656,10.57619857788086,10.176432609558105,2.3609506289164224,-148.60000610351562,-146.0,12.60793399810791,-179.0,-179.0,-164.0,-155.0,-146.0,-140.0,-134.89999389648438,-129.95001220703125,-124.93998718261719
8304,-148.59999084472656,10.570199012756348,10.17508316040039,2.345822016398112,-148.60000610351562,-146.0,12.60793399810791,-179.0,-179.0,-164.0,-155.0,-146.0,-140.0,-134.89999389648438,-129.95001220703125,-124.93998718261719
8328,-148.59999084472656,10.572196960449219,10.176046371459961,2.3209916750590005,-148.60000610351562,-146.0,12.60793399810791,-179.0,-179.0,-164.0,-155.0,-146.0,-140.0,-134.89999389648438,-129.95001220703125,-124.93998718261719
8352,-148.59999084472656,10.536107063293457,10.151823043823242,2.28656800587972,-148.60000610351562,-146.0,12.60793399810791,-179.0,-179.0,-164.0,-155.0,-146.0,-140.0,-134.89999389648438,-129.95001220703125,-124.93998718261719
8376,-148.59999084472656,10.539572715759277,10.156009674072266,2.2977245648701987,-148.60000610351562,-146.0,12.60793399810791,-179.0,-179.0,-164.0,-155.0,-146.0,-140.0,-134.89999389648438,-129.95001220703125,-124.93998718261719
8400,-148.59999084472656,10.562216758728027,10.173469543457031,2.3000396887461343,-148.60000610351562,-146.0,12.60793399810791,-179.0,-179.0,-164.0,-155.0,-146.0,-140.0,-134.89999389648438,-129.95001220703125,-124.93998718261719
8424,-148.59999084472656,10.557295799255371,10.17580795288086,2.27703857421875,-148.60000610351562,-146.0,12.60793399810791,-179.0,-179.0,-164.0,-155.0,-146.0,-140.0,-134.89999389648438,-129.95001220703125,-124.93998718261719
8448,-148.59999084472656,10.567955017089844,10.193785667419434,2.2514663537343345,-148.60000610351562,-146.0,12.60793399810791,-179.0,-179.0,-164.0,-155.0,-146.0,-140.0,-134.89999389648438,-129.95001220703125,-124.93998718261719
8472,-148.59999084472656,10.580596923828125,10.208133697509766,2.250417709350586,-148.60000610351562,-146.0,12.60793399810791,-179.0,-179.0,-164.0,-155.0,-146.0,-140.0,-134.89999389648438,-129.95001220703125,-124.93998718261719
8496,-148.59999084472656,10.583626747131348,10.198383331298828,2.249588410059611,-148.60000610351562,-146.0,12.60793399810791,-179.0,-179.0,-164.0,-155.0,-146.0,-140.0,-134.89999389648438,-129.95001220703125,-124.93998718261719
8520,-148.59999084472656,10.592884063720703,10.213531494140625,2.226348638534546,-148.60000610351562,-146.0,12.60793399810791,-179.0,-179.0,-164.0,-155.0,-146.0,-140.0,-134.89999389648438,-129.95001220703125,-124.93998718261719
8544,-148.59999084472656,10.577896118164062,10.204656600952148,2.196035305658976,-148.60000610351562,-146.0,12.60793399810791,-179.0,-179.0,-164.0,-155.0,-146.0,-140.0,-134.89999389648438,-129.95001220703125,-124.93998718261719
8568,-148.59999084472656,10.536006927490234,10.16456127166748,2.1573793093363443,-148.60000610351562,-146.0,12.60793399810791,-179.0,-179.0,-164.0,-155.0,-146.0,-140.0,-134.89999389648438,-129.95001220703125,-124.93998718261719
8592,-148.59999084472656,10.530654907226562,10.1585054397583,2.1621227264404297,-148.60000610351562,-146.0,12.60793399810791,-179.0,-179.0,-164.0,-155.0,-146.0,-140.0,-134.89999389648438,-129.95001220703125,-124.93998718261719
8616,-148.59999084472656,10.532576560974121,10.168153762817383,2.1431947549184165,-148.60000610351562,-146.0,12.60793399810791,-179.0,-179.0,-164.0,-155.0,-146.0,-140.0,-134.89999389648438,-129.95001220703125,-124.93998718261719
8640,-148.59999084472656,10.516096115112305,10.161317825317383,2.100450277328491,-148.60000610351562,-146.0,12.60793399810791,-179.0,-179.0,-164.0,-155.0,-146.0,-140.0,-134.89999389648438,-129.95001220703125,-124.93998718261719
8664,-148.59999084472656,10.51797103881836,10.168986320495605,2.066685517628988,-148.60000610351562,-146.0,12.60793399810791,-179.0,-179.0,-164.0,-155.0,-146.0,-140.0,-134.89999389648438,-129.95001220703125,-124.93998718261719
8688,-148.59999084472656,10.5021390914917,10.154975891113281,2.0555500189463296,-148.60000610351562,-146.0,12.60793399810791,-179.0,-179.0,-164.0,-155.0,-146.0,-140.0,-134.89999389648438,-129.95001220703125,-124.93998718261719
8712,-148.59999084472656,10.46668815612793,10.12716293334961,2.043843070665995,-148.60000610351562,-146.0,12.60793399810791,-179.0,-179.0,-164.0,-155.0,-146.0,-140.0,-134.89999389648438,-129.95001220703125,-124.93998718261719
8736,-148.59999084472656,10.484962463378906,10.145061492919922,2.0414613087972007,-148.60000610351562,-146.0,12.60793399810791,-179.0,-179.0,-164.0,-155.0,-146.0,-140.0,-134.89999389648438,-129.95001220703125,-124.93998718261719
8760,-148.59999084472656,10.462903022766113,10.122367858886719,2.0429343779881797,-148.60000610351562,-146.0,12.60793399810791,-179.0,-179.0,-164.0,-155.0,-146.0,-140.0,-134.89999389648438,-129.95001220703125,-124.93998718261719
8784,-148.59999084472656,10.451202392578125,10.120561599731445,2.012301802635193,-148.60000610351562,-146.0,12.60793399810791,-179.0,-179.0,-164.0,-155.0,-146.0,-140.0,-134.89999389648438,-129.95001220703125,-124.93998718261719
8808,-148.59999084472656,10.41678237915039,10.0977783203125,1.971173882484436,-148.60000610351562,-146.0,12.60793399810791,-179.0,-179.0,-164.0,-155.0,-146.0,-140.0,-134.89999389648438,-129.95001220703125,-124.93998718261719
8832,-148.59999084472656,10.435072898864746,10.115538597106934,1.9580147663752239,-148.60000610351562,-146.0,12.60793399810791,-179.0,-179.0,-164.0,-155.0,-146.0,-140.0,-134.89999389648438,-129.95001220703125,-124.93998718261719
8856,-148.59999084472656,10.440174102783203,10.129043579101562,1.9195516109466553,-148.60000610351562,-146.0,12.60793399810791,-179.0,-179.0,-164.0,-155.0,-146.0,-140.0,-134.89999389648438,-129.95001220703125,-124.93998718261719
8880,-148.59999084472656,10.45129680633545,10.142244338989258,1.88914155960083,-148.60000610351562,-146.0,12.60793399810791,-179.0,-179.0,-164.0,-155.0,-146.0,-140.0,-134.89999389648438,-129.95001220703125,-124.93998718261719
8904,-148.63999938964844,10.462099075317383,10.152460098266602,1.8883763949076335,-148.63999938964844,-146.0,12.577375411987305,-179.0,-179.0,-164.0,-155.0,-146.0,-140.0,-134.89999389648438,-129.95001220703125,-124.93998718261719
8928,-148.63999938964844,10.443473815917969,10.138079643249512,1.8659606377283733,-148.63999938964844,-146.0,12.577375411987305,-179.0,-179.0,-164.0,-155.0,-146.0,-140.0,-134.89999389648438,-129.95001220703125,-124.93998718261719
8952,-148.63999938964844,10.413551330566406,10.107681274414062,1.8541029691696167,-148.63999938964844,-146.0,12.577375411987305,-179.0,-179.0,-164.0,-155.0,-146.0,-140.0,-134.89999389648438,-129.95001220703125,-124.93998718261719
8976,-148.63999938964844,10.43332290649414,10.121479034423828,1.8536587158838909,-148.63999938964844,-146.0,12.577375411987305,-179.0,-179.0,-164.0,-155.0,-146.0,-140.0,-134.89999389648438,-129.95001220703125,-124.93998718261719
9000,-148.63999938964844,10.417329788208008,10.109636306762695,1.8317273457845051,-148.63999938964844,-146.0,12.577375411987305,-179.0,-179.0,-164.0,-155.0,-146.0,-140.0,-134.89999389648438,-129.95001220703125,-124.93998718261719
9024,-148.63999938964844,10.427986145019531,10.124820709228516,1.8242897192637126,-148.63999938964844,-146.0,12.577375411987305,-179.0,-179.0,-164.0,-155.0,-146.0,-140.0,-134.89999389648438,-129.95001220703125,-124.93998718261719
9048,-148.63999938964844,10.370574951171875,10.068767547607422,1.8025048573811848,-148.63999938964844,-146.0,12.577375411987305,-179.0,-179.0,-164.0,-155.0,-146.0,-140.0,-134.89999389648438,-129.95001220703125,-124.93998718261719
9072,-148.63999938964844,10.358972549438477,10.055667877197266,1.815839370091756,-148.63999938964844,-146.0,12.577375411987305,-179.0,-179.0,-164.0,-155.0,-146.0,-140.0,-134.89999389648438,-129.95001220703125,-124.93998718261719
9096,-148.63999938964844,10.357629776000977,10.05607795715332,1.7948482831319172,-148.63999938964844,-146.0,12.577375411987305,-179.0,-179.0,-164.0,-155.0,-146.0,-140.0,-134.89999389648438,-129.95001220703125,-124.93998718261719
9120,-148.63999938964844,10.36507797241211,10.067946434020996,1.7649141152699788,-148.63999938964844,-146.0,12.577375411987305,-179.0,-179.0,-164.0,-155.0,-146.0,-140.0,-134.89999389648438,-129.95001220703125,-124.93998718261719
9144,-148.63999938964844,10.36551284790039,10.070972442626953,1.7571038007736206,-148.63999938964844,-146.0,12.577375411987305,-179.0,-179.0,-164.0,-155.0,-146.0,-140.0,-134.89999389648438,-129.95001220703125,-124.93998718261719
9168,-148.63999938964844,10.369592666625977,10.081411361694336,1.7159080505371094,-148.63999938964844,-146.0,12.577375411987305,-179.0,-179.0,-164.0,-155.0,-146.0,-140.0,-134.89999389648438,-129.95001220703125,-124.93998718261719
9192,-148.63999938964844,10.375250816345215,10.086451530456543,1.7108270327250164,-148.63999938964844,-146.0,12.577375411987305,-179.0,-179.0,-164.0,-155.0,-146.0,-140.0,-134.89999389648438,-129.95001220703125,-124.93998718261719
9216,-148.63999938964844,10.386215209960938,10.110264778137207,1.6726377407709758,-148.63999938964844,-146.0,12.577375411987305,-179.0,-179.0,-164.0,-155.0,-146.0,-140.0,-134.89999389648438,-129.95001220703125,-124.93998718261719
9240,-148.63999938964844,10.373583793640137,10.100509643554688,1.6604002316792805,-148.63999938964844,-146.0,12.577375411987305,-179.0,-179.0,-164.0,-155.0,-146.0,-140.0,-134.89999389648438,-129.95001220703125,-124.93998718261719
9264,-148.63999938964844,10.359569549560547,10.095067977905273,1.6317001581192017,-148.63999938964844,-146.0,12.577375411987305,-179.0,-179.0,-164.0,-155.0,-146.0,-140.0,-134.89999389648438,-129.95001220703125,-124.93998718261719
9288,-148.63999938964844,10.349210739135742,10.090128898620605,1.5969878435134888,-148.63999938964844,-146.0,12.577375411987305,-179.0,-179.0,-164.0,-155.0,-146.0,-140.0,-134.89999389648438,-129.95001220703125,-124.93998718261719
9312,-148.63999938964844,10.35752010345459,10.101200103759766,1.5796691179275513,-148.63999938964844,-146.0,12.577375411987305,-179.0,-179.0,-164.0,-155.0,-146.0,-140.0,-134.89999389648438,-129.95001220703125,-124.93998718261719
9336,-148.63999938964844,10.354031562805176,10.103469848632812,1.5564911365509033,-148.63999938964844,-146.0,12.577375411987305,-179.0,-179.0,-164.0,-155.0,-146.0,-140.0,-134.89999389648438,-129.95001220703125,-124.93998718261719
9360,-148.63999938964844,10.3450345993042,10.103439331054688,1.5259467363357544,-148.63999938964844,-146.0,12.577375411987305,-179.0,-179.0,-164.0,-155.0,-146.0,-140.0,-134.89999389648438,-129.95001220703125,-124.93998718261719
9384,-148.63999938964844,10.306017875671387,10.064445495605469,1.5171929200490315,-148.63999938964844,-146.0,12.577375411987305,-179.0,-179.0,-164.0,-155.0,-146.0,-140.0,-134.89999389648438,-129.95001220703125,-124.93998718261719
9408,-148.63999938964844,10.308233261108398,10.060164451599121,1.5171828667322795,-148.63999938964844,-146.0,12.577375411987305,-179.0,-179.0,-164.0,-155.0,-146.0,-140.0,-134.89999389648438,-129.95001220703125,-124.93998718261719
9432,-148.63999938964844,10.324493408203125,10.074732780456543,1.513487418492635,-148.63999938964844,-146.0,12.577375411987305,-179.0,-179.0,-164.0,-155.0,-146.0,-140.0,-134.89999389648438,-129.95001220703125,-124.93998718261719
9456,-148.63999938964844,10.30305004119873,10.063405990600586,1.4729535182317097,-148.63999938964844,-146.0,12.577375411987305,-179.0,-179.0,-164.0,-155.0,-146.0,-140.0,-134.89999389648438,-129.95001220703125,-124.93998718261719
9480,-148.63999938964844,10.241351127624512,10.003467559814453,1.442995270093282,-148.63999938964844,-146.0,12.577375411987305,-179.0,-179.0,-164.0,-155.0,-146.0,-140.0,-134.89999389648438,-129.95001220703125,-124.93998718261719
9504,-148.63999938964844,10.270697593688965,10.041116714477539,1.4235629638036091,-148.63999938964844,-146.0,12.577375411987305,-179.0,-179.0,-164.0,-155.0,-146.0,-140.0,-134.89999389648438,-129.95001220703125,-124.93998718261719
9528,-148.63999938964844,10.241283416748047,10.01486873626709,1.4055635531743367,-148.63999938964844,-146.0,12.577375411987305,-179.0,-179.0,-164.0,-155.0,-146.0,-140.0,-134.89999389648438,-129.95001220703125,-124.93998718261719
9552,-148.63999938964844,10.263174057006836,10.03713607788086,1.3830835819244385,-148.63999938964844,-146.0,12.577375411987305,-179.0,-179.0,-164.0,-155.0,-146.0,-140.0,-134.89999389648438,-129.95001220703125,-124.93998718261719
9576,-148.63999938964844,10.22844123840332,10.004487991333008,1.3619319200515747,-148.63999938964844,-146.0,12.577375411987305,-179.0,-179.0,-164.0,-155.0,-146.0,-140.0,-134.89999389648438,-129.95001220703125,-124.93998718261719
9600,-148.63999938964844,10.271919250488281,10.047731399536133,1.3419772783915203,-148.63999938964844,-146.0,12.577375411987305,-179.0,-179.0,-164.0,-155.0,-146.0,-140.0,-134.89999389648438,-129.95001220703125,-124.93998718261719
9624,-148.63999938964844,10.227249145507812,10.01346206665039,1.3143610954284668,-148.63999938964844,-146.0,12.577375411987305,-179.0,-179.0,-164.0,-155.0,-146.0,-140.0,-134.89999389648438,-129.95001220703125,-124.93998718261719
9648,-148.63999938964844,10.20608139038086,9.99493408203125,1.2917651732762654,-148.63999938964844,-146.0,12.577375411987305,-179.0,-179.0,-164.0,-155.0,-146.0,-140.0,-134.89999389648438,-129.95001220703125,-124.93998718261719
9672,-148.63999938964844,10.175561904907227,9.983306884765625,1.2034449179967244,-148.63999938964844,-146.0,12.577375411987305,-179.0,-179.0,-164.0,-155.0,-146.0,-140.0,-134.89999389648438,-129.95001220703125,-124.93998718261719
9696,-148.63999938964844,10.12175178527832,9.934062957763672,1.1989410718282063,-148.63999938964844,-146.0,12.577375411987305,-179.0,-179.0,-164.0,-155.0,-146.0,-140.0,-134.89999389648438,-129.95001220703125,-124.93998718261719
9720,-148.63999938964844,10.15780258178711,9.962162017822266,1.2113428910573323,-148.63999938964844,-146.0,12.577375411987305,-179.0,-179.0,-164.0,-155.0,-146.0,-140.0,-134.89999389648438,-129.95001220703125,-124.93998718261719
9744,-148.63999938964844,10.190075874328613,9.997560501098633,1.2142751216888428,-148.63999938964844,-146.0,12.577375411987305,-179.0,-179.0,-164.0,-155.0,-146.0,-140.0,-134.89999389648438,-129.95001220703125,-124.93998718261719
9768,-148.63999938964844,10.193910598754883,10.008719444274902,1.1755907932917278,-148.63999938964844,-146.0,12.577375411987305,-179.0,-179.0,-164.0,-155.0,-146.0,-140.0,-134.89999389648438,-129.95001220703125,-124.93998718261719
9792,-148.63999938964844,10.171638488769531,9.982211112976074,1.1915596723556519,-148.63999938964844,-146.0,12.577375411987305,-179.0,-179.0,-164.0,-155.0,-146.0,-140.0,-134.89999389648438,-129.95001220703125,-124.93998718261719
9816,-148.63999938964844,10.169918060302734,9.989848136901855,1.1137016614278157,-148.63999938964844,-146.0,12.577375411987305,-179.0,-179.0,-164.0,-155.0,-146.0,-140.0,-134.89999389648438,-129.95001220703125,-124.93998718261719
9840,-148.63999938964844,10.163055419921875,9.979379653930664,1.1263164281845093,-148.63999938964844,-146.0,12.577375411987305,-179.0,-179.0,-164.0,-155.0,-146.0,-140.0,-134.89999389648438,-129.95001220703125,-124.93998718261719
9864,-148.63999938964844,10.15958023071289,9.982793807983398,1.0495060483614604,-148.63999938964844,-146.0,12.577375411987305,-179.0,-179.0,-164.0,-155.0,-146.0,-140.0,-134.89999389648438,-129.95001220703125,-124.93998718261719
9888,-148.63999938964844,10.09465217590332,9.929815292358398,1.0061479608217876,-148.63999938964844,-146.0,12.577375411987305,-179.0,-179.0,-164.0,-155.0,-146.0,-140.0,-134.89999389648438,-129.95001220703125,-124.93998718261719
9912,-148.63999938964844,10.046575546264648,9.891112327575684,0.9724346995353699,-148.63999938964844,-146.0,12.577375411987305,-179.0,-179.0,-164.0,-155.0,-146.0,-140.0,-134.89999389648438,-129.95001220703125,-124.93998718261719
9936,-148.63999938964844,10.01201057434082,9.850550651550293,1.0036268035570781,-148.63999938964844,-146.0,12.577375411987305,-179.0,-179.0,-164.0,-155.0,-146.0,-140.0,-134.89999389648438,-129.95001220703125,-124.93998718261719
9960,-148.63999938964844,9.98707103729248,9.824054718017578,0.9969209432601929,-148.63999938964844,-146.0,12.577375411987305,-179.0,-179.0,-164.0,-155.0,-146.0,-140.0,-134.89999389648438,-129.95001220703125,-124.93998718261719
9984,-148.63999938964844,9.81759262084961,9.67060661315918,0.8994671503702799,-148.63999938964844,-146.0,12.577375411987305,-179.0,-179.0,-164.0,-155.0,-146.0,-140.0,-134.89999389648438,-129.95001220703125,-124.93998718261719
