step,best_fitness,avg_hamming,avg_l1,avg_entropy,mean,median,std,2%,5%,10%,25%,50%,75%,90%,95%,98%
40,-0.553345263004303,63.989990234375,3.760404586791992,88.53964805603027,0.553345263004303,0.5543678998947144,0.014847657643258572,0.5266111493110657,0.5309077501296997,0.5335915088653564,0.5411466360092163,0.5543678998947144,0.5644485950469971,0.5715762376785278,0.5738486051559448,0.5760870575904846
80,-0.5592604279518127,63.987457275390625,3.805286407470703,88.5327205657959,0.5592604875564575,0.5591593980789185,0.015761910006403923,0.5304394960403442,0.5323042273521423,0.540765643119812,0.5476919412612915,0.5591593980789185,0.5696800947189331,0.5784504413604736,0.5864332318305969,0.5908452272415161
120,-0.5627245903015137,63.983665466308594,3.843972682952881,88.52535820007324,0.5627246499061584,0.5635547637939453,0.015087142586708069,0.5304394960403442,0.5366557836532593,0.5434799194335938,0.5530968904495239,0.5635547637939453,0.5736081600189209,0.5804346203804016,0.5864332318305969,0.5908452272415161
160,-0.5647463202476501,63.97919845581055,3.8778114318847656,88.51739501953125,0.5647463798522949,0.5647205114364624,0.014771922491490841,0.5336662530899048,0.5366557836532593,0.5467970967292786,0.5545895099639893,0.5647205114364624,0.5747631192207336,0.5853477120399475,0.5884591341018677,0.5929877758026123
200,-0.5662447810173035,63.97367858886719,3.918795585632324,88.5080337524414,0.5662448406219482,0.5661077499389648,0.01500620972365141,0.5336803793907166,0.5366557836532593,0.5498519539833069,0.5562318563461304,0.5661077499389648,0.5764700174331665,0.5853477120399475,0.5885525345802307,0.5958772301673889
240,-0.5679426193237305,63.9675407409668,3.951733350753784,88.49866676330566,0.5679426193237305,0.5679742097854614,0.01488562673330307,0.5336803793907166,0.5366557836532593,0.5520361065864563,0.5600231885910034,0.5679742097854614,0.5792171955108643,0.5861156582832336,0.5885525345802307,0.5958772301673889
280,-0.5697187781333923,63.96043395996094,3.9851436614990234,88.48805236816406,0.5697188377380371,0.5693153738975525,0.016322268173098564,0.5336803793907166,0.5379056930541992,0.5520361065864563,0.5609873533248901,0.5693153738975525,0.5794223546981812,0.5871439576148987,0.5958933234214783,0.607039749622345
320,-0.5709455609321594,63.95277404785156,4.01893424987793,88.4769458770752,0.570945680141449,0.5699833631515503,0.016760218888521194,0.5336803793907166,0.5420069694519043,0.5520361065864563,0.5613766312599182,0.5699833631515503,0.5798467993736267,0.5900024771690369,0.5979384779930115,0.607039749622345
360,-0.5717041492462158,63.943641662597656,4.053511619567871,88.46434020996094,0.571704089641571,0.5706275701522827,0.016238588839769363,0.5359969735145569,0.5435184240341187,0.552574634552002,0.5627700090408325,0.5706275701522827,0.5798467993736267,0.5926272869110107,0.5979384779930115,0.607039749622345
400,-0.5731841325759888,63.9337272644043,4.086579322814941,88.4510440826416,0.5731841921806335,0.5728158354759216,0.015445159748196602,0.5410827398300171,0.5450483560562134,0.5549202561378479,0.5641588568687439,0.5728158354759216,0.5803168416023254,0.5930616855621338,0.5979384779930115,0.607039749622345
440,-0.5743442177772522,63.92321014404297,4.116542339324951,88.43762969970703,0.5743443369865417,0.5738334655761719,0.01550790574401617,0.5422964096069336,0.5500730276107788,0.5549202561378479,0.56458580493927,0.5738334655761719,0.5838326811790466,0.5954248905181885,0.5989707112312317,0.6070588231086731
480,-0.5746896862983704,63.912132263183594,4.144474029541016,88.42361068725586,0.5746897459030151,0.5741254687309265,0.01549473311752081,0.5449773073196411,0.5512620806694031,0.5549202561378479,0.5650138854980469,0.5741254687309265,0.5850474834442139,0.5958715677261353,0.5989707112312317,0.6070588231086731
520,-0.5754128694534302,63.89964294433594,4.177973747253418,88.4077091217041,0.575412929058075,0.5742645263671875,0.015544112771749496,0.5449773073196411,0.552104115486145,0.5549202561378479,0.5659846663475037,0.5742645263671875,0.5861577391624451,0.5959224104881287,0.5989707112312317,0.6070588231086731
560,-0.5763112306594849,63.887428283691406,4.206212043762207,88.3924674987793,0.5763112902641296,0.5743114948272705,0.015479146502912045,0.5512555837631226,0.552959680557251,0.557171642780304,0.5664364099502563,0.5743114948272705,0.5864487290382385,0.5976558327674866,0.6024861335754395,0.6070588231086731
600,-0.5768909454345703,63.873779296875,4.239503383636475,88.37534523010254,0.5768910050392151,0.5758439302444458,0.015250847674906254,0.5512555837631226,0.552959680557251,0.5596694946289062,0.5675932765007019,0.5758439302444458,0.5864487290382385,0.5976558327674866,0.6024861335754395,0.6070588231086731
640,-0.5777015686035156,63.859283447265625,4.273227691650391,88.35729217529297,0.5777016282081604,0.5765244364738464,0.01530015654861927,0.5512555837631226,0.552959680557251,0.5596694946289062,0.5681955218315125,0.5765244364738464,0.5872742533683777,0.5976558327674866,0.6024888753890991,0.6070588231086731
680,-0.578108012676239,63.844757080078125,4.306507110595703,88.33938598632812,0.5781080722808838,0.5765244364738464,0.01479858998209238,0.5520805716514587,0.5536047220230103,0.5606853365898132,0.5682457089424133,0.5765244364738464,0.5872742533683777,0.5976558327674866,0.6024888753890991,0.6070588231086731
720,-0.5792659521102905,63.82911682128906,4.332054138183594,88.32100486755371,0.5792659521102905,0.5785503387451172,0.014978899620473385,0.5520805716514587,0.5536047220230103,0.5614522695541382,0.5684623718261719,0.5785503387451172,0.5899003744125366,0.598109781742096,0.6030077338218689,0.6070588231086731
760,-0.5803689360618591,63.812034606933594,4.362147331237793,88.3006477355957,0.5803689956665039,0.5800262689590454,0.01518347766250372,0.5520805716514587,0.5538788437843323,0.5614522695541382,0.5691218376159668,0.5800262689590454,0.590831995010376,0.5990857481956482,0.6064389944076538,0.6125337481498718
800,-0.5808722376823425,63.7947998046875,4.394378662109375,88.27995109558105,0.5808722972869873,0.5808870196342468,0.015253589488565922,0.5520805716514587,0.5538788437843323,0.5614522695541382,0.5695143938064575,0.5808870196342468,0.5914443135261536,0.5990857481956482,0.6064389944076538,0.6125337481498718
840,-0.5811975598335266,63.776214599609375,4.42426061630249,88.25802993774414,0.5811975598335266,0.5811838507652283,0.015068944543600082,0.5520805716514587,0.5538788437843323,0.5622965693473816,0.5696759223937988,0.5811838507652283,0.5916529297828674,0.5990857481956482,0.6064389944076538,0.6125337481498718
880,-0.5816750526428223,63.757049560546875,4.451198577880859,88.23575401306152,0.581675112247467,0.5815850496292114,0.014845258556306362,0.5520805716514587,0.5538788437843323,0.5630808472633362,0.5719408392906189,0.5815850496292114,0.5916529297828674,0.599119246006012,0.6064389944076538,0.6125337481498718
920,-0.5823653936386108,63.73729705810547,4.481053352355957,88.21267127990723,0.5823653936386108,0.5827343463897705,0.014993320219218731,0.5520805716514587,0.5538788437843323,0.5630808472633362,0.572348415851593,0.5827343463897705,0.5919342637062073,0.6011687517166138,0.6064389944076538,0.6125337481498718
960,-0.5831540822982788,63.71620178222656,4.507566452026367,88.18826866149902,0.5831541419029236,0.5830018520355225,0.015304658561944962,0.5520805716514587,0.5538788437843323,0.5630808472633362,0.5743175148963928,0.5830018520355225,0.5919342637062073,0.601439356803894,0.6111711859703064,0.6183185577392578
1000,-0.5834287405014038,63.69486618041992,4.535943508148193,88.16365814208984,0.5834288001060486,0.5831706523895264,0.015191880986094475,0.5520805716514587,0.5538788437843323,0.5647165179252625,0.5746430158615112,0.5831706523895264,0.5919491052627563,0.601439356803894,0.6111711859703064,0.6183185577392578
1040,-0.5838170647621155,63.671142578125,4.561452388763428,88.13669776916504,0.5838170647621155,0.5833619832992554,0.015192806720733643,0.5523076057434082,0.5538788437843323,0.5647165179252625,0.5752832889556885,0.5833619832992554,0.5929235816001892,0.601439356803894,0.6111711859703064,0.6183185577392578
1080,-0.5846649408340454,63.648170471191406,4.587449073791504,88.11050796508789,0.5846650004386902,0.5843480825424194,0.015156954526901245,0.5523250699043274,0.5538788437843323,0.5647165179252625,0.5762882232666016,0.5843480825424194,0.5945644378662109,0.6029108166694641,0.6111711859703064,0.6183185577392578
1120,-0.5851681232452393,63.6236572265625,4.61521053314209,88.0826244354248,0.5851681232452393,0.5846636891365051,0.015254562720656395,0.5523250699043274,0.554966926574707,0.5647165179252625,0.5766420960426331,0.5846636891365051,0.5950521230697632,0.6038809418678284,0.6111711859703064,0.6183185577392578
1160,-0.5853503346443176,63.599151611328125,4.642387390136719,88.05482864379883,0.5853503346443176,0.5848503112792969,0.015371492132544518,0.5523250699043274,0.554966926574707,0.5647165179252625,0.577125072479248,0.5848503112792969,0.5950521230697632,0.6038809418678284,0.6112260222434998,0.6183185577392578
1200,-0.5858425498008728,63.57166290283203,4.669034004211426,88.02405166625977,0.5858426094055176,0.5858757495880127,0.015338758938014507,0.5523250699043274,0.554966926574707,0.5647165179252625,0.5785394310951233,0.5858757495880127,0.595329999923706,0.60591059923172,0.6112502813339233,0.6183185577392578
1240,-0.5863277316093445,63.54377365112305,4.695801734924316,87.99271774291992,0.5863277316093445,0.5865703225135803,0.014914757572114468,0.5544865727424622,0.5591574311256409,0.5656973719596863,0.5793116688728333,0.5865703225135803,0.595329999923706,0.60591059923172,0.6112502813339233,0.6183185577392578
1280,-0.5871111154556274,63.51568603515625,4.719640731811523,87.9615592956543,0.5871111750602722,0.5868249535560608,0.01497167069464922,0.5547436475753784,0.5592321157455444,0.5670093894004822,0.5796719193458557,0.5868249535560608,0.595329999923706,0.6070161461830139,0.6130760908126831,0.6193894743919373
1320,-0.5875793695449829,63.48736572265625,4.744159698486328,87.92982482910156,0.5875793695449829,0.5869066715240479,0.015202620066702366,0.5547436475753784,0.5592321157455444,0.568030059337616,0.5796719193458557,0.5869066715240479,0.5954254269599915,0.60800701379776,0.6163954734802246,0.6193894743919373
1360,-0.5883389711380005,63.458290100097656,4.769899368286133,87.89737510681152,0.5883389711380005,0.5870890021324158,0.015610947273671627,0.5547436475753784,0.5592321157455444,0.568030059337616,0.5798993110656738,0.5870890021324158,0.5962656736373901,0.6090571284294128,0.6163954734802246,0.6193894743919373
1400,-0.588953971862793,63.429115295410156,4.800120830535889,87.86431694030762,0.5889540314674377,0.5876078009605408,0.015923403203487396,0.5547436475753784,0.5592321157455444,0.568030059337616,0.5798993110656738,0.5876078009605408,0.5975297689437866,0.6107770204544067,0.6167423129081726,0.6211373209953308
1440,-0.5895301699638367,63.397369384765625,4.822394847869873,87.8292465209961,0.5895301699638367,0.5876938700675964,0.016268480569124222,0.5547436475753784,0.5592321157455444,0.5681113600730896,0.5800988078117371,0.5876938700675964,0.5987847447395325,0.6109508872032166,0.6183157563209534,0.6213982701301575
1480,-0.5896745324134827,63.36676025390625,4.846118927001953,87.79545974731445,0.5896745920181274,0.5876938700675964,0.016277162358164787,0.5547436475753784,0.5592321157455444,0.5695364475250244,0.5802128314971924,0.5876938700675964,0.5995038151741028,0.6109508872032166,0.6183157563209534,0.6213982701301575
1520,-0.5902061462402344,63.3348503112793,4.869091987609863,87.76024627685547,0.5902060866355896,0.5885417461395264,0.016286570578813553,0.5547436475753784,0.5592321157455444,0.5695364475250244,0.5813550353050232,0.5885417461395264,0.6001118421554565,0.6109508872032166,0.6183157563209534,0.6213982701301575
1560,-0.5908197164535522,63.30195236206055,4.895875453948975,87.72360420227051,0.5908196568489075,0.5894101858139038,0.01591317169368267,0.5549856424331665,0.5602521300315857,0.5720800757408142,0.583026647567749,0.5894101858139038,0.6001118421554565,0.6132251024246216,0.6183157563209534,0.6213982701301575
1600,-0.5917783975601196,63.268951416015625,4.916396617889404,87.68719100952148,0.5917783975601196,0.589828372001648,0.01608418859541416,0.5574792623519897,0.5622714757919312,0.5720800757408142,0.5832435488700867,0.589828372001648,0.6034103035926819,0.6161479353904724,0.6183157563209534,0.6213982701301575
1640,-0.5923018455505371,63.234100341796875,4.941767692565918,87.64866638183594,0.5923018455505371,0.5902019739151001,0.01609605923295021,0.5574792623519897,0.5647056698799133,0.5720800757408142,0.5837852358818054,0.5902019739151001,0.6035228371620178,0.6165937185287476,0.6194385290145874,0.6213982701301575
1680,-0.592538595199585,63.199424743652344,4.967953681945801,87.60992240905762,0.592538595199585,0.5903501510620117,0.016169114038348198,0.5574792623519897,0.5647056698799133,0.5721642374992371,0.5839015245437622,0.5903501510620117,0.6035464406013489,0.6167177557945251,0.6194385290145874,0.6213982701301575
1720,-0.5932909250259399,63.159908294677734,4.989356994628906,87.56699562072754,0.5932909250259399,0.5913386344909668,0.016314534470438957,0.5574792623519897,0.5647056698799133,0.5734168291091919,0.5844922065734863,0.5913386344909668,0.6047228574752808,0.6171759963035583,0.6194385290145874,0.6213982701301575
1760,-0.5936194658279419,63.12249755859375,5.015014171600342,87.5255184173584,0.5936194062232971,0.5926163792610168,0.016114505007863045,0.5601547956466675,0.564736545085907,0.5734168291091919,0.5853426456451416,0.5926163792610168,0.6047228574752808,0.6171759963035583,0.6194385290145874,0.6213982701301575
1800,-0.5944651365280151,63.08344650268555,5.037540435791016,87.48276901245117,0.5944651961326599,0.595397412776947,0.016299115493893623,0.5601547956466675,0.564736545085907,0.5734168291091919,0.5862632989883423,0.595397412776947,0.6058633327484131,0.6172448396682739,0.6210510730743408,0.6229321360588074
1840,-0.5946423411369324,63.04591369628906,5.060881614685059,87.44129943847656,0.5946422815322876,0.595397412776947,0.016264040023088455,0.5601547956466675,0.564736545085907,0.5734168291091919,0.5866132378578186,0.595397412776947,0.6058633327484131,0.6172448396682739,0.6210510730743408,0.6229321360588074
1880,-0.5948424339294434,63.00597381591797,5.087033271789551,87.39730072021484,0.5948424339294434,0.5959526300430298,0.016392968595027924,0.5601547956466675,0.564736545085907,0.5734168291091919,0.5866132378578186,0.5959526300430298,0.6058633327484131,0.6179187893867493,0.6210510730743408,0.6229321360588074
1920,-0.5954827666282654,62.965362548828125,5.106047630310059,87.35342979431152,0.5954827666282654,0.5962342023849487,0.01686391793191433,0.5601547956466675,0.564736545085907,0.5755822658538818,0.5868552923202515,0.5962342023849487,0.6058633327484131,0.6179187893867493,0.6211443543434143,0.6230648756027222
1960,-0.596470832824707,62.925594329833984,5.13099479675293,87.30932426452637,0.5964707732200623,0.5971248149871826,0.016902098432183266,0.5624076128005981,0.565382182598114,0.576808750629425,0.5868552923202515,0.5971248149871826,0.6064742803573608,0.6179187893867493,0.6211443543434143,0.627112627029419
2000,-0.5965967178344727,62.88329315185547,5.153750896453857,87.26292610168457,0.5965967774391174,0.5971248149871826,0.0167344119399786,0.5629841089248657,0.565382182598114,0.576808750629425,0.5870816707611084,0.5971248149871826,0.6064742803573608,0.6180704236030579,0.6211443543434143,0.627112627029419
2040,-0.597209632396698,62.837547302246094,5.172523021697998,87.21331977844238,0.5972096920013428,0.5973943471908569,0.0166835468262434,0.5630343556404114,0.565382182598114,0.576808750629425,0.587719202041626,0.5973943471908569,0.6067013740539551,0.6183198690414429,0.6211443543434143,0.627112627029419
2080,-0.597434401512146,62.792232513427734,5.198310852050781,87.16354179382324,0.597434401512146,0.5973943471908569,0.01679014228284359,0.5630343556404114,0.565382182598114,0.5784439444541931,0.587719202041626,0.5973943471908569,0.6067013740539551,0.6189537048339844,0.621631920337677,0.6271815299987793
2120,-0.5983313918113708,62.746795654296875,5.224294185638428,87.11348533630371,0.5983313918113708,0.5984731912612915,0.016608553007245064,0.5630343556404114,0.5656295418739319,0.5791140794754028,0.5892997980117798,0.5984731912612915,0.6081303358078003,0.6189537048339844,0.6232345700263977,0.6271815299987793
2160,-0.5987530946731567,62.70344543457031,5.245426177978516,87.06608772277832,0.5987530946731567,0.5986741185188293,0.016756687313318253,0.5630343556404114,0.5656295418739319,0.5791140794754028,0.5896986722946167,0.5986741185188293,0.6090035438537598,0.6199254989624023,0.6232345700263977,0.6271815299987793
2200,-0.5992155075073242,62.6578369140625,5.269244194030762,87.015869140625,0.599215567111969,0.599371075630188,0.016941245645284653,0.5630343556404114,0.5656295418739319,0.5791140794754028,0.5896986722946167,0.599371075630188,0.6098753213882446,0.6202429533004761,0.6247991323471069,0.6271815299987793
2240,-0.599578857421875,62.60960006713867,5.29166316986084,86.96327590942383,0.5995789170265198,0.5995157361030579,0.016920091584324837,0.5630343556404114,0.5661263465881348,0.5791140794754028,0.5896986722946167,0.5995157361030579,0.6103857755661011,0.6202429533004761,0.6247991323471069,0.6271815299987793
2280,-0.6000152230262756,62.559654235839844,5.31756067276001,86.90852355957031,0.6000152826309204,0.5998782515525818,0.016903743147850037,0.5630343556404114,0.5661263465881348,0.5791140794754028,0.5899229049682617,0.5998782515525818,0.6103857755661011,0.6202429533004761,0.6247991323471069,0.6271815299987793
2320,-0.6001676321029663,62.507965087890625,5.333054065704346,86.85313606262207,0.6001675724983215,0.6000568866729736,0.016853703185915947,0.5630343556404114,0.5661263465881348,0.5791140794754028,0.5913063883781433,0.6000568866729736,0.6103857755661011,0.6202429533004761,0.6247991323471069,0.6271815299987793
2360,-0.6006421446800232,62.459129333496094,5.356141567230225,86.7999210357666,0.6006421446800232,0.6003998517990112,0.016781141981482506,0.5630343556404114,0.5661631226539612,0.5791140794754028,0.5916195511817932,0.6003998517990112,0.610876202583313,0.6202429533004761,0.6247991323471069,0.6276789903640747
2400,-0.601146936416626,62.4095458984375,5.382357597351074,86.7453384399414,0.6011468768119812,0.6003998517990112,0.016183938831090927,0.5647923350334167,0.5669375061988831,0.5797985196113586,0.5920530557632446,0.6003998517990112,0.610876202583313,0.6202429533004761,0.6247991323471069,0.6276789903640747
2440,-0.601392924785614,62.357574462890625,5.399707794189453,86.68898582458496,0.601392924785614,0.6008272767066956,0.016031891107559204,0.5656247735023499,0.5669591426849365,0.5797985196113586,0.5935878157615662,0.6008272767066956,0.610876202583313,0.6202429533004761,0.6247991323471069,0.6276789903640747
2480,-0.6023271679878235,62.303375244140625,5.420228481292725,86.63039016723633,0.6023272275924683,0.6012896299362183,0.016449561342597008,0.5656247735023499,0.5669591426849365,0.5842588543891907,0.5938748717308044,0.6012896299362183,0.6119405031204224,0.6210471391677856,0.6248095035552979,0.6413077712059021
2520,-0.6026581525802612,62.24674606323242,5.443211555480957,86.5686092376709,0.602658212184906,0.6016590595245361,0.01644894666969776,0.5656247735023499,0.5669591426849365,0.5843580365180969,0.5938748717308044,0.6016590595245361,0.612770676612854,0.6210471391677856,0.6248095035552979,0.6413077712059021
2560,-0.6031818985939026,62.19124984741211,5.466094017028809,86.50810241699219,0.6031818985939026,0.6026179790496826,0.01628325879573822,0.5661633610725403,0.5737711787223816,0.5844191908836365,0.5946648716926575,0.6026179790496826,0.6132359504699707,0.6210786700248718,0.6269214153289795,0.6413077712059021
2600,-0.603771448135376,62.137596130371094,5.490499019622803,86.44906806945801,0.603771448135376,0.6039102673530579,0.016121117398142815,0.5661633610725403,0.5738018155097961,0.5849504470825195,0.5960530042648315,0.6039102673530579,0.6142059564590454,0.6210786700248718,0.6269214153289795,0.6413077712059021
2640,-0.6043950319290161,62.08128356933594,5.511141777038574,86.38778114318848,0.6043950915336609,0.6045382022857666,0.015426567755639553,0.5749119520187378,0.576675295829773,0.5873636603355408,0.5968245267868042,0.6045382022857666,0.6142059564590454,0.6210786700248718,0.6269214153289795,0.6413077712059021
2680,-0.604650616645813,62.02709197998047,5.528237819671631,86.32890510559082,0.604650616645813,0.6045382022857666,0.015725132077932358,0.5749119520187378,0.576675295829773,0.5873636603355408,0.5971949100494385,0.6045382022857666,0.6142059564590454,0.6213807463645935,0.6276753544807434,0.6413077712059021
2720,-0.6049399971961975,61.97003936767578,5.545230865478516,86.2673454284668,0.6049401164054871,0.6045382022857666,0.015807876363396645,0.5749119520187378,0.576675295829773,0.5873636603355408,0.5971963405609131,0.6045382022857666,0.6142059564590454,0.622432291507721,0.6276753544807434,0.6413077712059021
2760,-0.6057211756706238,61.911521911621094,5.566740989685059,86.20339965820312,0.6057212352752686,0.6045382022857666,0.015948522835969925,0.5750916004180908,0.576675295829773,0.5902004241943359,0.597377598285675,0.6045382022857666,0.6142059564590454,0.6269468069076538,0.6365072727203369,0.6413077712059021
2800,-0.6058180332183838,61.85143280029297,5.585292816162109,86.13825607299805,0.605817973613739,0.6047285199165344,0.015935460105538368,0.5750916004180908,0.576675295829773,0.5902004241943359,0.597377598285675,0.6047285199165344,0.6142059564590454,0.6269468069076538,0.6365072727203369,0.6413077712059021
2840,-0.6064151525497437,61.790802001953125,5.61014461517334,86.07205390930176,0.6064151525497437,0.6049611568450928,0.016176268458366394,0.5750916004180908,0.576675295829773,0.5905930995941162,0.5980067849159241,0.6049611568450928,0.6146727204322815,0.6274656653404236,0.636746883392334,0.6413077712059021
2880,-0.6064887046813965,61.73234176635742,5.630004405975342,86.00845146179199,0.6064887046813965,0.6049776077270508,0.016157763078808784,0.5750916004180908,0.576675295829773,0.5905930995941162,0.5980067849159241,0.6049776077270508,0.6146727204322815,0.6274656653404236,0.636746883392334,0.6413077712059021
2920,-0.6068424582481384,61.66676330566406,5.649228572845459,85.93739891052246,0.6068425178527832,0.6068516969680786,0.016049806028604507,0.5750916004180908,0.576675295829773,0.5905930995941162,0.5985870361328125,0.6068516969680786,0.6146727204322815,0.6274656653404236,0.636746883392334,0.6413077712059021
2960,-0.60696941614151,61.60472869873047,5.673598289489746,85.86933135986328,0.6069694757461548,0.6068516969680786,0.016004696488380432,0.5750916004180908,0.576675295829773,0.5905930995941162,0.5988457202911377,0.6068516969680786,0.6146727204322815,0.6274656653404236,0.636746883392334,0.6413077712059021
3000,-0.6074247360229492,61.54023742675781,5.689356803894043,85.79951667785645,0.6074247360229492,0.6083950996398926,0.015996411442756653,0.5750916004180908,0.576675295829773,0.5905930995941162,0.5989781022071838,0.6083950996398926,0.6146727204322815,0.6280530691146851,0.636746883392334,0.6413077712059021
3040,-0.6076884865760803,61.47462463378906,5.7057108879089355,85.72851371765137,0.6076885461807251,0.6085842847824097,0.01592838764190674,0.5750916004180908,0.5773661136627197,0.5905930995941162,0.5989781022071838,0.6085842847824097,0.6148420572280884,0.6282671093940735,0.636746883392334,0.6413077712059021
3080,-0.6082730889320374,61.409202575683594,5.727605819702148,85.65726280212402,0.6082730889320374,0.6089000701904297,0.015847299247980118,0.5750916004180908,0.5773661136627197,0.5905930995941162,0.5997248291969299,0.6089000701904297,0.6154394745826721,0.6282671093940735,0.6369072794914246,0.6413077712059021
3120,-0.6088481545448303,61.343177795410156,5.746510982513428,85.58549118041992,0.6088482141494751,0.608959972858429,0.016074659302830696,0.5750916004180908,0.5773661136627197,0.5905930995941162,0.6000400185585022,0.608959972858429,0.6171956658363342,0.6305720210075378,0.6369072794914246,0.6413077712059021
3160,-0.6092231273651123,61.27787399291992,5.770045757293701,85.51365661621094,0.6092231273651123,0.609279990196228,0.016174837946891785,0.5750916004180908,0.5773661136627197,0.5905930995941162,0.6000400185585022,0.609279990196228,0.6172940135002136,0.6305720210075378,0.6369072794914246,0.6413077712059021
3200,-0.6096116304397583,61.210655212402344,5.788023948669434,85.44067573547363,0.6096116900444031,0.609279990196228,0.016504384577274323,0.5750916004180908,0.5773661136627197,0.5905930995941162,0.6000400185585022,0.609279990196228,0.6172940135002136,0.6320334076881409,0.6375570297241211,0.647642195224762
3240,-0.609794557094574,61.139892578125,5.809565544128418,85.36313438415527,0.609794557094574,0.609279990196228,0.016744356602430344,0.5750916004180908,0.5773661136627197,0.5905930995941162,0.6003603935241699,0.609279990196228,0.6172940135002136,0.6320334076881409,0.6389301419258118,0.6481175422668457
3280,-0.6105069518089294,61.069305419921875,5.829319000244141,85.28604888916016,0.6105069518089294,0.6098170876502991,0.016950536519289017,0.5750916004180908,0.5773661136627197,0.5905930995941162,0.601297914981842,0.6098170876502991,0.6197960376739502,0.6320334076881409,0.6389301419258118,0.6481175422668457
3320,-0.6108126044273376,60.99615478515625,5.850634574890137,85.2063159942627,0.6108125448226929,0.6103430390357971,0.01675117015838623,0.5750916004180908,0.577759325504303,0.5921052098274231,0.6023052930831909,0.6103430390357971,0.6197960376739502,0.6320334076881409,0.6389301419258118,0.6481175422668457
3360,-0.6112013459205627,60.922393798828125,5.870295524597168,85.12555503845215,0.6112013459205627,0.6117360591888428,0.016791947185993195,0.5750916004180908,0.577759325504303,0.5921052098274231,0.6026351451873779,0.6117360591888428,0.6197960376739502,0.6320334076881409,0.6400775909423828,0.6481175422668457
3400,-0.6114864349365234,60.851661682128906,5.886863708496094,85.04807472229004,0.6114864945411682,0.6124553680419922,0.016760796308517456,0.5757454633712769,0.577759325504303,0.5925437211990356,0.6026351451873779,0.6124553680419922,0.6197960376739502,0.6357046961784363,0.6408219933509827,0.6481175422668457
3440,-0.6121314764022827,60.781333923339844,5.908793926239014,84.9709587097168,0.6121315360069275,0.6128047704696655,0.016480443999171257,0.5768541097640991,0.579741895198822,0.5925437211990356,0.6031264066696167,0.6128047704696655,0.6210967302322388,0.6357046961784363,0.6408219933509827,0.6481175422668457
3480,-0.612884521484375,60.70732879638672,5.930405616760254,84.8899097442627,0.612884521484375,0.6134688854217529,0.016312602907419205,0.5773895382881165,0.5816072225570679,0.5934761762619019,0.603527307510376,0.6134688854217529,0.6214500665664673,0.6357046961784363,0.6408219933509827,0.6481175422668457
3520,-0.6130971312522888,60.63416290283203,5.945664882659912,84.8102970123291,0.6130971312522888,0.6138866543769836,0.016242465004324913,0.5773895382881165,0.5816072225570679,0.5934761762619019,0.6047261357307434,0.6138866543769836,0.6214500665664673,0.6357046961784363,0.6408219933509827,0.6481175422668457
3560,-0.6133323311805725,60.557647705078125,5.963218688964844,84.72643089294434,0.6133323311805725,0.6138866543769836,0.01618839055299759,0.5777706503868103,0.581689715385437,0.5934761762619019,0.6049175262451172,0.6138866543769836,0.62185138463974,0.6357660889625549,0.6408219933509827,0.6481175422668457
3600,-0.613714873790741,60.479736328125,5.986965179443359,84.64070129394531,0.6137149333953857,0.6138866543769836,0.016448164358735085,0.5777706503868103,0.581689715385437,0.593719482421875,0.6049175262451172,0.6138866543769836,0.6229555606842041,0.6357660889625549,0.6414924263954163,0.6492511034011841
3640,-0.6140784025192261,60.40126037597656,6.0016608238220215,84.55531692504883,0.6140784621238708,0.6139034628868103,0.016416573897004128,0.5777706503868103,0.581689715385437,0.593719482421875,0.6062107086181641,0.6139034628868103,0.623387336730957,0.6357660889625549,0.643256425857544,0.6492511034011841
3680,-0.6145251989364624,60.32052230834961,6.0172624588012695,84.46732521057129,0.6145251989364624,0.6143609285354614,0.016475798562169075,0.5777706503868103,0.581689715385437,0.593719482421875,0.6068581938743591,0.6143609285354614,0.6239149570465088,0.6357660889625549,0.643256425857544,0.6492511034011841
3720,-0.61492520570755,60.23799133300781,6.03778076171875,84.37676620483398,0.61492520570755,0.6147336959838867,0.016525689512491226,0.5777706503868103,0.581689715385437,0.5950152277946472,0.6072649955749512,0.6147336959838867,0.6239149570465088,0.6357660889625549,0.6476560235023499,0.6495444178581238
3760,-0.6154444217681885,60.15909957885742,6.048430919647217,84.29122734069824,0.6154444217681885,0.6153719425201416,0.016414208337664604,0.5777706503868103,0.581689715385437,0.5950152277946472,0.6077974438667297,0.6153719425201416,0.6239149570465088,0.6357660889625549,0.6476560235023499,0.6495444178581238
3800,-0.615687906742096,60.07679748535156,6.065328121185303,84.20124816894531,0.6156879663467407,0.6158061027526855,0.01663690060377121,0.5777706503868103,0.581689715385437,0.5950152277946472,0.6077974438667297,0.6158061027526855,0.6239149570465088,0.6359974145889282,0.6481249332427979,0.6495444178581238
3840,-0.6160101294517517,59.99281311035156,6.086112022399902,84.10852813720703,0.6160101294517517,0.6170942783355713,0.016516881063580513,0.5798038840293884,0.581689715385437,0.5950152277946472,0.6077974438667297,0.6170942783355713,0.6239149570465088,0.6359974145889282,0.6481249332427979,0.6495594382286072
3880,-0.6163488030433655,59.9112663269043,6.1086039543151855,84.01823997497559,0.6163488626480103,0.617242157459259,0.0164518840610981,0.5798038840293884,0.581689715385437,0.5950152277946472,0.6108378767967224,0.617242157459259,0.6239149570465088,0.6359974145889282,0.6481249332427979,0.6495594382286072
3920,-0.6168339252471924,59.823177337646484,6.124945640563965,83.92153358459473,0.6168339252471924,0.6180689334869385,0.01633455418050289,0.5798038840293884,0.5818523168563843,0.5970569252967834,0.6111881732940674,0.6180689334869385,0.6242634057998657,0.6359974145889282,0.6481249332427979,0.6495594382286072
3960,-0.6172014474868774,59.73854064941406,6.141196250915527,83.82848358154297,0.6172014474868774,0.6180689334869385,0.01600649580359459,0.5798038840293884,0.5836828947067261,0.5971370339393616,0.6117551326751709,0.6180689334869385,0.6242634057998657,0.6359974145889282,0.6481249332427979,0.6495594382286072
4000,-0.61756432056427,59.64886474609375,6.154497146606445,83.73054695129395,0.6175643801689148,0.6183621883392334,0.01603178307414055,0.5798038840293884,0.5836828947067261,0.5971370339393616,0.6123777031898499,0.6183621883392334,0.6248407363891602,0.6359974145889282,0.6481249332427979,0.6495594382286072
4040,-0.618113100528717,59.56342697143555,6.175322532653809,83.63602828979492,0.6181131601333618,0.6184942126274109,0.01574125327169895,0.5813094973564148,0.5849019289016724,0.5972387194633484,0.61365807056427,0.6184942126274109,0.6254779696464539,0.6359974145889282,0.6481249332427979,0.6495594382286072
4080,-0.6184055209159851,59.47966766357422,6.193439483642578,83.54351997375488,0.6184055209159851,0.6194033622741699,0.015749279409646988,0.5813094973564148,0.5849019289016724,0.5972387194633484,0.6138426065444946,0.6194033622741699,0.6261489391326904,0.6359974145889282,0.6481249332427979,0.6495594382286072
4120,-0.6186238527297974,59.3851432800293,6.212672233581543,83.43993949890137,0.6186239123344421,0.6195623874664307,0.015863314270973206,0.5813094973564148,0.5849019289016724,0.5972387194633484,0.6138426065444946,0.6195623874664307,0.6269076466560364,0.6359974145889282,0.6481249332427979,0.6505491733551025
4160,-0.6192677021026611,59.2918815612793,6.230241775512695,83.33708000183105,0.6192677617073059,0.6199065446853638,0.01564355380833149,0.5837383270263672,0.5872738361358643,0.5972387194633484,0.6140676736831665,0.6199065446853638,0.6272838115692139,0.6361356377601624,0.6481249332427979,0.6505491733551025
4200,-0.6198062300682068,59.206817626953125,6.244863033294678,83.24335670471191,0.6198062300682068,0.6203793287277222,0.015606890432536602,0.5837383270263672,0.5872738361358643,0.6015039682388306,0.6145840883255005,0.6203793287277222,0.6278784275054932,0.6362459063529968,0.6481249332427979,0.6505491733551025
4240,-0.6199349761009216,59.11723327636719,6.255580902099609,83.1456241607666,0.6199349761009216,0.6203793287277222,0.015660470351576805,0.5837383270263672,0.5872738361358643,0.6015039682388306,0.6145840883255005,0.6203793287277222,0.6280708312988281,0.637307345867157,0.6481249332427979,0.6505491733551025
4280,-0.6202820539474487,59.0245475769043,6.268640041351318,83.04380416870117,0.620281994342804,0.6203793287277222,0.015611543320119381,0.5848881602287292,0.5882242918014526,0.6018792986869812,0.6145840883255005,0.6203793287277222,0.6284192800521851,0.637307345867157,0.6492484211921692,0.6508232355117798
4320,-0.6204469203948975,58.929115295410156,6.290614128112793,82.93746376037598,0.6204469203948975,0.6203793287277222,0.015692444518208504,0.5848881602287292,0.5882242918014526,0.6018792986869812,0.6145840883255005,0.6203793287277222,0.6286815404891968,0.637307345867157,0.6492484211921692,0.6508232355117798
4360,-0.6208208203315735,58.83152389526367,6.306935787200928,82.8302116394043,0.6208208799362183,0.6205048561096191,0.015588417649269104,0.5848881602287292,0.5882242918014526,0.6033966541290283,0.6149630546569824,0.6205048561096191,0.6290585994720459,0.6373820900917053,0.6493101119995117,0.6510186791419983
4400,-0.6212103366851807,58.731929779052734,6.320700645446777,82.72050666809082,0.6212103366851807,0.6210213899612427,0.015582166612148285,0.5867395997047424,0.5882242918014526,0.6047356128692627,0.6151872277259827,0.6210213899612427,0.6290585994720459,0.6378055214881897,0.6501912474632263,0.6510186791419983
4440,-0.6218885779380798,58.636741638183594,6.342857360839844,82.6141471862793,0.6218885779380798,0.6225903034210205,0.015697164461016655,0.5867395997047424,0.5886590480804443,0.6047356128692627,0.616035521030426,0.6225903034210205,0.630440354347229,0.6409023404121399,0.6505574584007263,0.6512004733085632
4480,-0.6224501132965088,58.54328155517578,6.352232933044434,82.5118236541748,0.6224501132965088,0.6231189966201782,0.015761423856019974,0.5867395997047424,0.5886590480804443,0.6047356128692627,0.616628885269165,0.6231189966201782,0.6308847069740295,0.6409485936164856,0.6505574584007263,0.6512004733085632
4520,-0.6226518154144287,58.44126892089844,6.366721153259277,82.3994083404541,0.6226518154144287,0.623218297958374,0.015688829123973846,0.5871769785881042,0.5888156890869141,0.6047356128692627,0.6169660687446594,0.623218297958374,0.6308847069740295,0.6409485936164856,0.6505574584007263,0.6512004733085632
4560,-0.6234476566314697,58.34101486206055,6.386408805847168,82.28800010681152,0.6234476566314697,0.6239100694656372,0.01586395688354969,0.5871769785881042,0.5888156890869141,0.6052564978599548,0.6175916194915771,0.6239100694656372,0.6319117546081543,0.6420063972473145,0.6505574584007263,0.6522154808044434
4600,-0.6238981485366821,58.243690490722656,6.4058051109313965,82.17963981628418,0.6238981485366821,0.6240133047103882,0.016048109158873558,0.587287425994873,0.5893192887306213,0.6052564978599548,0.6175916194915771,0.6240133047103882,0.6319117546081543,0.6474140286445618,0.6510744094848633,0.6526668071746826
4640,-0.6245269775390625,58.14167404174805,6.420859336853027,82.06665802001953,0.6245269775390625,0.6244353652000427,0.01625445857644081,0.587287425994873,0.5893192887306213,0.6052564978599548,0.6181384921073914,0.6244353652000427,0.635013997554779,0.6474140286445618,0.6510744094848633,0.6526668071746826
4680,-0.6247750520706177,58.04215621948242,6.4378814697265625,81.95585823059082,0.6247749924659729,0.624602198600769,0.0161777064204216,0.587287425994873,0.5893192887306213,0.6052564978599548,0.6190048456192017,0.624602198600769,0.635013997554779,0.6474140286445618,0.6510744094848633,0.6526668071746826
4720,-0.6250313520431519,57.9437255859375,6.453805446624756,81.84652519226074,0.6250313520431519,0.6246174573898315,0.016183508560061455,0.587287425994873,0.5893192887306213,0.6052564978599548,0.6192934513092041,0.6246174573898315,0.6354340314865112,0.6474140286445618,0.6510744094848633,0.6526668071746826
4760,-0.6254412531852722,57.84186935424805,6.471892356872559,81.73249435424805,0.6254412531852722,0.6247878074645996,0.01613026112318039,0.587287425994873,0.5893192887306213,0.6075947284698486,0.6192934513092041,0.6247878074645996,0.6355197429656982,0.6480364799499512,0.6510744094848633,0.6526668071746826
4800,-0.626014232635498,57.73884582519531,6.491269588470459,81.61772918701172,0.6260141730308533,0.6267208456993103,0.016306430101394653,0.587287425994873,0.5893192887306213,0.6075947284698486,0.6193941235542297,0.6267208456993103,0.6358094811439514,0.6481838226318359,0.6521978974342346,0.6537537574768066
4840,-0.6268050074577332,57.63239288330078,6.507348537445068,81.49919509887695,0.6268049478530884,0.6279950141906738,0.01610163226723671,0.587287425994873,0.5893192887306213,0.6111888885498047,0.6207859516143799,0.6279950141906738,0.6358094811439514,0.6502128839492798,0.6521978974342346,0.6537537574768066
4880,-0.6273359656333923,57.52508544921875,6.51547384262085,81.38037109375,0.6273359656333923,0.6286338567733765,0.01603085920214653,0.587287425994873,0.5901066064834595,0.6111888885498047,0.6207859516143799,0.6286338567733765,0.6365315318107605,0.6502128839492798,0.6521978974342346,0.6537537574768066
4920,-0.6275038123130798,57.41643524169922,6.5345683097839355,81.25885391235352,0.6275037527084351,0.6292338371276855,0.016023818403482437,0.5879144668579102,0.5901066064834595,0.6111888885498047,0.6212530732154846,0.6292338371276855,0.6366927623748779,0.6502366065979004,0.6521978974342346,0.6537537574768066
4960,-0.6279176473617554,57.305904388427734,6.546661376953125,81.13604354858398,0.6279176473617554,0.6292338371276855,0.015735600143671036,0.5896598696708679,0.59193354845047,0.611445426940918,0.6212530732154846,0.6292338371276855,0.6371814012527466,0.6502366065979004,0.6521978974342346,0.6537537574768066
5000,-0.6285026669502258,57.19762420654297,6.5604705810546875,81.01507186889648,0.6285026669502258,0.6295427083969116,0.015450190752744675,0.5911337733268738,0.5958302617073059,0.6120265126228333,0.6215087175369263,0.6295427083969116,0.637657105922699,0.6502366065979004,0.6521978974342346,0.6568412780761719
5040,-0.6290925145149231,57.09244918823242,6.573692321777344,80.89779663085938,0.6290924549102783,0.6308475136756897,0.015403922647237778,0.5915414690971375,0.5958302617073059,0.6120265126228333,0.6217215061187744,0.6308475136756897,0.6376756429672241,0.650240421295166,0.6523135304450989,0.6568412780761719
5080,-0.6294540166854858,56.976959228515625,6.5862226486206055,80.76878547668457,0.6294540762901306,0.6308475136756897,0.015543658286333084,0.5919655561447144,0.5958302617073059,0.6120265126228333,0.6224544048309326,0.6308475136756897,0.6386480331420898,0.650240421295166,0.6523135304450989,0.6593083739280701
5120,-0.6297134160995483,56.86613464355469,6.602764129638672,80.64372253417969,0.6297135353088379,0.6313037872314453,0.015700150281190872,0.5919655561447144,0.5958302617073059,0.6120265126228333,0.6224544048309326,0.6313037872314453,0.6386830806732178,0.650240421295166,0.6538467407226562,0.6593083739280701
5160,-0.6304994225502014,56.75304412841797,6.614598274230957,80.51715278625488,0.6304994225502014,0.6323755979537964,0.015776967629790306,0.5919655561447144,0.5958601236343384,0.6120265126228333,0.6233036518096924,0.6323755979537964,0.6394622921943665,0.6508767008781433,0.6538467407226562,0.6593083739280701
5200,-0.6310781240463257,56.64194869995117,6.625155448913574,80.39313697814941,0.6310781836509705,0.6329846382141113,0.01599513366818428,0.5919721722602844,0.5958601236343384,0.6120265126228333,0.6235652565956116,0.6329846382141113,0.6404565572738647,0.6514736413955688,0.6568275094032288,0.6593083739280701
5240,-0.6314595937728882,56.533355712890625,6.638262748718262,80.27101135253906,0.6314595937728882,0.6331754922866821,0.016068728640675545,0.5919721722602844,0.5958601236343384,0.6120265126228333,0.6237931251525879,0.6331754922866821,0.6412869691848755,0.6521973013877869,0.6573084592819214,0.6593083739280701
5280,-0.6321597695350647,56.42307662963867,6.654784202575684,80.1467227935791,0.6321598291397095,0.6339409351348877,0.01650950126349926,0.5919721722602844,0.5958601236343384,0.6120265126228333,0.6249375939369202,0.6339409351348877,0.6414611339569092,0.6522001624107361,0.6573084592819214,0.6600359678268433
5320,-0.6325255632400513,56.31061553955078,6.662623405456543,80.02113914489746,0.6325255036354065,0.6341149210929871,0.016431432217359543,0.5919721722602844,0.5958601236343384,0.6120265126228333,0.6263140439987183,0.6341149210929871,0.6414611339569092,0.6522001624107361,0.6573084592819214,0.6600359678268433
5360,-0.6329830288887024,56.199249267578125,6.676151275634766,79.8952865600586,0.6329830288887024,0.6345821619033813,0.01639966294169426,0.5919721722602844,0.5958601236343384,0.6154244542121887,0.626785159111023,0.6345821619033813,0.6416277885437012,0.6523547172546387,0.6573084592819214,0.6600359678268433
5400,-0.6333469748497009,56.08163070678711,6.690972805023193,79.7623062133789,0.6333470344543457,0.6350712776184082,0.016454214230179787,0.5919721722602844,0.5958601236343384,0.6154244542121887,0.6269540786743164,0.6350712776184082,0.6419486403465271,0.6523547172546387,0.6573084592819214,0.6600359678268433
5440,-0.6338304877281189,55.969024658203125,6.7054548263549805,79.6351432800293,0.6338304877281189,0.6356550455093384,0.016692889854311943,0.5919721722602844,0.5958601236343384,0.6154244542121887,0.6282071471214294,0.6356550455093384,0.6419486403465271,0.6523547172546387,0.6573928594589233,0.6637482643127441
5480,-0.6341707706451416,55.849510192871094,6.719937801361084,79.49966430664062,0.6341707706451416,0.6357744932174683,0.016935031861066818,0.5931714773178101,0.5958601236343384,0.6154244542121887,0.6282071471214294,0.6357744932174683,0.6425290107727051,0.6523547172546387,0.6592463850975037,0.6696723699569702
5520,-0.6346505880355835,55.72759246826172,6.7320075035095215,79.36125564575195,0.6346505880355835,0.6366333365440369,0.016923610121011734,0.5954422354698181,0.5973571538925171,0.6154244542121887,0.6282071471214294,0.6366333365440369,0.6425290107727051,0.6534098386764526,0.6592463850975037,0.6696723699569702
5560,-0.6356067657470703,55.61288070678711,6.746728420257568,79.23112106323242,0.6356067657470703,0.6376314163208008,0.016980048269033432,0.5954422354698181,0.5973571538925171,0.6154244542121887,0.6295436024665833,0.6376314163208008,0.6447359323501587,0.6535146236419678,0.6592463850975037,0.6697117686271667
5600,-0.6359745860099792,55.491905212402344,6.7598395347595215,79.09442329406738,0.6359745860099792,0.6377605199813843,0.017252575606107712,0.5954422354698181,0.5973571538925171,0.6154244542121887,0.6295436024665833,0.6377605199813843,0.6468271017074585,0.6545020341873169,0.6595115065574646,0.6697117686271667
5640,-0.6361804604530334,55.371856689453125,6.774669170379639,78.95813369750977,0.6361804604530334,0.637843132019043,0.017183193936944008,0.5954422354698181,0.5973571538925171,0.6154244542121887,0.6301047801971436,0.637843132019043,0.6468271017074585,0.6545020341873169,0.6595115065574646,0.6697117686271667
5680,-0.636320173740387,55.24837875366211,6.784980773925781,78.81943893432617,0.636320173740387,0.6379165649414062,0.01703152060508728,0.5954693555831909,0.5973571538925171,0.6163187026977539,0.6314845681190491,0.6379165649414062,0.6468271017074585,0.6545020341873169,0.6595115065574646,0.6697117686271667
5720,-0.6364837884902954,55.12063217163086,6.7943220138549805,78.67509078979492,0.6364837884902954,0.6380581855773926,0.01697126403450966,0.5954693555831909,0.5973571538925171,0.6173011064529419,0.6314845681190491,0.6380581855773926,0.6468271017074585,0.6545020341873169,0.6595115065574646,0.6697117686271667
5760,-0.6373671889305115,54.995330810546875,6.804887294769287,78.53302955627441,0.6373671889305115,0.6392416954040527,0.01708802580833435,0.5954915285110474,0.5973571538925171,0.6173011064529419,0.6323872804641724,0.6392416954040527,0.6472032070159912,0.6545020341873169,0.6604143381118774,0.6697117686271667
5800,-0.6377109289169312,54.87327194213867,6.812877655029297,78.39513969421387,0.6377109289169312,0.6396207213401794,0.016823947429656982,0.5954915285110474,0.5977240204811096,0.6175473928451538,0.6328817009925842,0.6396207213401794,0.6472032070159912,0.6545020341873169,0.6618438363075256,0.6697117686271667
5840,-0.6383318305015564,54.74853515625,6.824629783630371,78.25332069396973,0.6383318305015564,0.6398093104362488,0.017087094485759735,0.5954915285110474,0.5989471077919006,0.6195687055587769,0.6331249475479126,0.6398093104362488,0.6475581526756287,0.6563849449157715,0.6622737050056458,0.6736403703689575
5880,-0.6387192606925964,54.624053955078125,6.838046073913574,78.11137199401855,0.6387192606925964,0.6404664516448975,0.01701418310403824,0.5954915285110474,0.5989471077919006,0.6197485327720642,0.6331249475479126,0.6404664516448975,0.6475581526756287,0.6565428972244263,0.6622737050056458,0.6736403703689575
5920,-0.6390650868415833,54.49701690673828,6.846484184265137,77.96736907958984,0.6390650868415833,0.6406115293502808,0.016688603907823563,0.5958495736122131,0.6035923361778259,0.6203385591506958,0.6331249475479126,0.6406115293502808,0.6478513479232788,0.6567863821983337,0.6630662679672241,0.6736403703689575
5960,-0.6398490071296692,54.36637496948242,6.858031272888184,77.81819725036621,0.6398490071296692,0.6413264274597168,0.016549184918403625,0.5973750948905945,0.6036562323570251,0.6211405396461487,0.6341837644577026,0.6413264274597168,0.6494751572608948,0.6580194234848022,0.6630662679672241,0.6736403703689575
6000,-0.6402291655540466,54.2413330078125,6.866940975189209,77.67525863647461,0.6402291655540466,0.6415464282035828,0.016355954110622406,0.5989948511123657,0.6039220094680786,0.6211405396461487,0.6341837644577026,0.6415464282035828,0.6494751572608948,0.6580194234848022,0.6631801724433899,0.6736403703689575
6040,-0.6408146023750305,54.10923767089844,6.878649711608887,77.52441215515137,0.6408146023750305,0.6418941617012024,0.016555670648813248,0.5989948511123657,0.6039220094680786,0.6211405396461487,0.6352927684783936,0.6418941617012024,0.6498214602470398,0.6582388281822205,0.6655535101890564,0.6736403703689575
6080,-0.641232430934906,53.97628402709961,6.8866729736328125,77.37259483337402,0.641232430934906,0.642121434211731,0.01651509292423725,0.6002236008644104,0.6039220094680786,0.6211405396461487,0.6352927684783936,0.642121434211731,0.6500439643859863,0.6582388281822205,0.6655535101890564,0.6736403703689575
6120,-0.6419636607170105,53.84708786010742,6.897486686706543,77.22448539733887,0.6419636607170105,0.643437922000885,0.016863109543919563,0.6002236008644104,0.6039220094680786,0.6211405396461487,0.6358111500740051,0.643437922000885,0.652233362197876,0.6592033505439758,0.6696712970733643,0.6738804578781128
6160,-0.6425309777259827,53.717586517333984,6.908048152923584,77.07542610168457,0.6425309777259827,0.6436750888824463,0.017101766541600227,0.6002236008644104,0.6039220094680786,0.6229110360145569,0.6364984512329102,0.6436750888824463,0.652233362197876,0.6603659987449646,0.670581579208374,0.6743468046188354
6200,-0.6427353024482727,53.584930419921875,6.911280632019043,76.92442893981934,0.6427353024482727,0.6445533037185669,0.017073702067136765,0.6002236008644104,0.6039220094680786,0.6229110360145569,0.6364984512329102,0.6445533037185669,0.652233362197876,0.6603659987449646,0.670581579208374,0.6743468046188354
6240,-0.6431525349617004,53.45420455932617,6.9212470054626465,76.77413177490234,0.6431525945663452,0.6450800895690918,0.01713484898209572,0.6002903580665588,0.6040980219841003,0.6229110360145569,0.6364984512329102,0.6450800895690918,0.6527111530303955,0.66309654712677,0.670581579208374,0.6743533611297607
6280,-0.6437547206878662,53.321651458740234,6.9284586906433105,76.62225532531738,0.6437548995018005,0.6458698511123657,0.017295245081186295,0.6002903580665588,0.6055834889411926,0.6229110360145569,0.6369496583938599,0.6458698511123657,0.6527111530303955,0.66309654712677,0.6737074255943298,0.6761833429336548
6320,-0.6443921327590942,53.19239807128906,6.932981491088867,76.47419357299805,0.644392192363739,0.6468898057937622,0.017350196838378906,0.6002903580665588,0.60563063621521,0.623436450958252,0.6373752951622009,0.6468898057937622,0.6539478302001953,0.6636106967926025,0.6737074255943298,0.676205575466156
6360,-0.6449092030525208,53.06373596191406,6.94519567489624,76.32511329650879,0.6449092030525208,0.6470469236373901,0.017254972830414772,0.6041023135185242,0.606092631816864,0.623436450958252,0.6376329660415649,0.6470469236373901,0.6539478302001953,0.663723349571228,0.6752907037734985,0.6774943470954895
6400,-0.6451659202575684,52.93568420410156,6.950565338134766,76.17823791503906,0.6451659202575684,0.6472723484039307,0.017230011522769928,0.6041023135185242,0.606092631816864,0.623436450958252,0.6376726627349854,0.6472723484039307,0.6544998288154602,0.663723349571228,0.6752907037734985,0.6774943470954895
6440,-0.645331084728241,52.80315399169922,6.953497886657715,76.0272388458252,0.6453312039375305,0.6477270126342773,0.01727890968322754,0.6041023135185242,0.606092631816864,0.623436450958252,0.6376726627349854,0.6477270126342773,0.6549468040466309,0.663723349571228,0.6752907037734985,0.6774943470954895
6480,-0.6457623839378357,52.6669921875,6.95667028427124,75.87162208557129,0.6457625031471252,0.6478769779205322,0.017382362857460976,0.6041023135185242,0.606092631816864,0.623436450958252,0.6378898024559021,0.6478769779205322,0.6555168628692627,0.663723349571228,0.6752907037734985,0.6774943470954895
6520,-0.6460334658622742,52.52598190307617,6.963014125823975,75.70944595336914,0.646033525466919,0.6478769779205322,0.016968416050076485,0.6050360798835754,0.6074693202972412,0.6270040273666382,0.6382476687431335,0.6478769779205322,0.6555168628692627,0.663723349571228,0.6752907037734985,0.6774943470954895
6560,-0.6467947959899902,52.391353607177734,6.9724016189575195,75.55356788635254,0.6467949151992798,0.6478874683380127,0.01725342497229576,0.6050360798835754,0.6074693202972412,0.6270040273666382,0.6395663022994995,0.6478874683380127,0.656332790851593,0.6654395461082458,0.6760485172271729,0.6781951785087585
6600,-0.6476335525512695,52.24766159057617,6.982185363769531,75.38702392578125,0.6476336121559143,0.6484814882278442,0.017310015857219696,0.6050360798835754,0.6085264682769775,0.6270040273666382,0.6409857869148254,0.6484814882278442,0.6565608978271484,0.6664917469024658,0.6762435436248779,0.6812689304351807
6640,-0.6480040550231934,52.10529708862305,6.988500118255615,75.22264289855957,0.6480040550231934,0.6489337682723999,0.017231596633791924,0.6058903932571411,0.6102870106697083,0.6270040273666382,0.6415116190910339,0.6489337682723999,0.6579817533493042,0.6664917469024658,0.676957905292511,0.6812689304351807
6680,-0.6482186913490295,51.965415954589844,6.995408535003662,75.06099700927734,0.6482186913490295,0.6495298147201538,0.01720777153968811,0.606988251209259,0.6102870106697083,0.6270040273666382,0.6415116190910339,0.6495298147201538,0.6579817533493042,0.6664917469024658,0.676957905292511,0.6812689304351807
6720,-0.6485985517501831,51.8286247253418,7.0050506591796875,74.90179061889648,0.6485985517501831,0.6498923301696777,0.017266225069761276,0.606988251209259,0.6102870106697083,0.6270040273666382,0.6423195600509644,0.6498923301696777,0.6580173373222351,0.6667926907539368,0.676957905292511,0.6812689304351807
6760,-0.6488401889801025,51.69236755371094,7.015559196472168,74.7429370880127,0.6488401889801025,0.6501384377479553,0.01740831881761551,0.606988251209259,0.6102870106697083,0.6270040273666382,0.6423195600509644,0.6501384377479553,0.6581549644470215,0.6667926907539368,0.6774806380271912,0.6812689304351807
6800,-0.6493745446205139,51.55187225341797,7.027026653289795,74.57879257202148,0.6493745446205139,0.6503040790557861,0.01734783872961998,0.606988251209259,0.6102870106697083,0.6270040273666382,0.6434948444366455,0.6503040790557861,0.6584472060203552,0.6679865717887878,0.6774806380271912,0.6812689304351807
6840,-0.649634838104248,51.404930114746094,7.026646614074707,74.40937805175781,0.649634838104248,0.6503040790557861,0.017101164907217026,0.606988251209259,0.611936628818512,0.6270040273666382,0.6439312696456909,0.6503040790557861,0.6584472060203552,0.6679865717887878,0.6774806380271912,0.6812689304351807
6880,-0.6500886678695679,51.265907287597656,7.032425880432129,74.24770545959473,0.6500887274742126,0.6506747007369995,0.01742037571966648,0.6075299978256226,0.611936628818512,0.6304563879966736,0.6439312696456909,0.6506747007369995,0.658831000328064,0.6710032224655151,0.6787883043289185,0.68500155210495
6920,-0.6506016254425049,51.11730194091797,7.043763637542725,74.07364273071289,0.6506016254425049,0.6513804197311401,0.017249276861548424,0.6075299978256226,0.611936628818512,0.6335647106170654,0.6450418829917908,0.6513804197311401,0.658831000328064,0.6710032224655151,0.6787883043289185,0.68500155210495
6960,-0.6513931155204773,50.97624969482422,7.050585746765137,73.90931510925293,0.6513931155204773,0.6520613431930542,0.017113924026489258,0.6102197170257568,0.6119993925094604,0.6363959312438965,0.645978569984436,0.6520613431930542,0.658831000328064,0.6710032224655151,0.6828618049621582,0.68500155210495
7000,-0.651760458946228,50.83329391479492,7.054591655731201,73.74280548095703,0.6517605781555176,0.6522775888442993,0.017208756878972054,0.6102508902549744,0.6119993925094604,0.6363959312438965,0.6461825370788574,0.6522775888442993,0.6597440242767334,0.6712120771408081,0.6828618049621582,0.68500155210495
7040,-0.6522201299667358,50.67967224121094,7.0611371994018555,73.56298637390137,0.6522201299667358,0.653418779373169,0.01715041883289814,0.6102508902549744,0.6119993925094604,0.6363959312438965,0.6467372179031372,0.653418779373169,0.6597440242767334,0.6712120771408081,0.6828618049621582,0.68500155210495
7080,-0.6529203653335571,50.530601501464844,7.071679592132568,73.38828659057617,0.6529204845428467,0.654263973236084,0.017333636060357094,0.610352635383606,0.6128726005554199,0.6363959312438965,0.6469323635101318,0.654263973236084,0.6604233980178833,0.6746970415115356,0.6828618049621582,0.68500155210495
7120,-0.653379499912262,50.37432861328125,7.074431419372559,73.20630836486816,0.6533796787261963,0.654325544834137,0.017191270366311073,0.6112507581710815,0.6128726005554199,0.6370991468429565,0.6471841931343079,0.654325544834137,0.6617707014083862,0.6746970415115356,0.6828618049621582,0.68500155210495
7160,-0.6536076068878174,50.227195739746094,7.087911605834961,73.03265190124512,0.6536077260971069,0.654325544834137,0.017195213586091995,0.6112507581710815,0.6128726005554199,0.6370991468429565,0.6477904319763184,0.654325544834137,0.6628173589706421,0.6746970415115356,0.6828618049621582,0.68500155210495
7200,-0.6540929079055786,50.07404708862305,7.090914726257324,72.85344314575195,0.6540930271148682,0.6548230648040771,0.016893068328499794,0.6112507581710815,0.6148316860198975,0.6370991468429565,0.6478797793388367,0.6548230648040771,0.6631710529327393,0.6747459769248962,0.6828618049621582,0.68500155210495
7240,-0.6543585658073425,49.921783447265625,7.099257946014404,72.67419624328613,0.6543586850166321,0.6552423238754272,0.016996825113892555,0.6112657189369202,0.6148316860198975,0.6370991468429565,0.6478899121284485,0.6552423238754272,0.6631710529327393,0.6747459769248962,0.6832862496376038,0.68500155210495
7280,-0.6547950506210327,49.76409912109375,7.108828544616699,72.48893356323242,0.6547951698303223,0.6562424898147583,0.017131047323346138,0.6112657189369202,0.6148316860198975,0.6378039717674255,0.6483362317085266,0.6562424898147583,0.6637675166130066,0.6749067306518555,0.6838600039482117,0.6855857372283936
7320,-0.6552889943122864,49.616539001464844,7.1175031661987305,72.31445693969727,0.6552890539169312,0.6565694808959961,0.01686883345246315,0.611926794052124,0.6162101030349731,0.6378039717674255,0.6486635208129883,0.6565694808959961,0.6641019582748413,0.6749067306518555,0.6838600039482117,0.6855857372283936
7360,-0.6556487679481506,49.472312927246094,7.121809959411621,72.14481925964355,0.655648946762085,0.6568533182144165,0.016854936257004738,0.611926794052124,0.6169092655181885,0.6378039717674255,0.6494073271751404,0.6568533182144165,0.6641850471496582,0.6749067306518555,0.6838600039482117,0.6855857372283936
7400,-0.6560811996459961,49.319664001464844,7.125788688659668,71.96431350708008,0.6560812592506409,0.658000111579895,0.016865335404872894,0.611926794052124,0.6170892119407654,0.6378039717674255,0.6498600244522095,0.658000111579895,0.6651352643966675,0.6750378608703613,0.6838600039482117,0.6855857372283936
7440,-0.6562928557395935,49.16506576538086,7.127979278564453,71.7828254699707,0.6562928557395935,0.658000111579895,0.01680644042789936,0.611926794052124,0.6170892119407654,0.6378039717674255,0.65038001537323,0.658000111579895,0.6651352643966675,0.6751165390014648,0.6838600039482117,0.6855857372283936
7480,-0.6567803025245667,49.0074462890625,7.128671169281006,71.59761238098145,0.6567803025245667,0.6581904888153076,0.016848905012011528,0.611926794052124,0.6170892119407654,0.6407352089881897,0.6509411931037903,0.6581904888153076,0.6655883193016052,0.6751289367675781,0.684883713722229,0.6866695284843445
7520,-0.6570664048194885,48.85870361328125,7.135379314422607,71.42078018188477,0.6570664048194885,0.6583188772201538,0.016855435445904732,0.611926794052124,0.6170892119407654,0.6407352089881897,0.651336669921875,0.6583188772201538,0.6669332981109619,0.6751289367675781,0.684883713722229,0.6866695284843445
7560,-0.6574953198432922,48.697959899902344,7.1385297775268555,71.22999000549316,0.6574953198432922,0.658380925655365,0.01688987948000431,0.6133459806442261,0.6170892119407654,0.6407352089881897,0.6524941921234131,0.658380925655365,0.6678594350814819,0.6751289367675781,0.6850187182426453,0.6867423057556152
7600,-0.6579830050468445,48.54026412963867,7.1406073570251465,71.04303550720215,0.6579830050468445,0.6590346097946167,0.016784824430942535,0.6158762574195862,0.6170892119407654,0.6407352089881897,0.6527790427207947,0.6590346097946167,0.6679424047470093,0.6753466129302979,0.6850187182426453,0.6867423057556152
7640,-0.6584001183509827,48.37919235229492,7.149622917175293,70.85054016113281,0.6584000587463379,0.6590346097946167,0.01685658097267151,0.6165648698806763,0.6173784136772156,0.6407828330993652,0.6533889174461365,0.6590346097946167,0.6681642532348633,0.6814365386962891,0.6850187182426453,0.6867423057556152
7680,-0.6587012410163879,48.21819305419922,7.1541290283203125,70.65950584411621,0.6587012410163879,0.6592094898223877,0.01693389192223549,0.6165648698806763,0.6173784136772156,0.6407828330993652,0.6540259718894958,0.6592094898223877,0.6681767702102661,0.6814365386962891,0.6850187182426453,0.6867601871490479
7720,-0.6589890718460083,48.05327606201172,7.1635847091674805,70.46231269836426,0.6589891314506531,0.6593902111053467,0.016850179061293602,0.6169916391372681,0.6189444065093994,0.6407828330993652,0.6540259718894958,0.6593902111053467,0.6681767702102661,0.6814365386962891,0.6850187182426453,0.6867601871490479
7760,-0.6591938138008118,47.8903923034668,7.174548149108887,70.26660919189453,0.6591938138008118,0.6599452495574951,0.01690126210451126,0.6169916391372681,0.6189444065093994,0.6407828330993652,0.6540259718894958,0.6599452495574951,0.6690083742141724,0.6814365386962891,0.6850187182426453,0.6867601871490479
7800,-0.6594887971878052,47.72142791748047,7.179574012756348,70.06379508972168,0.65948885679245,0.6610038876533508,0.017046308144927025,0.6169916391372681,0.6189444065093994,0.6407828330993652,0.6542324423789978,0.6610038876533508,0.6690083742141724,0.6814365386962891,0.6865949630737305,0.6877887845039368
7840,-0.6598554849624634,47.55859375,7.187495708465576,69.86834335327148,0.6598554849624634,0.6615674495697021,0.017074519768357277,0.6169916391372681,0.6190236806869507,0.6407828330993652,0.6542324423789978,0.6615674495697021,0.6690083742141724,0.6817023158073425,0.6865949630737305,0.6877887845039368
7880,-0.6602952480316162,47.393836975097656,7.185756683349609,69.67331504821777,0.660295307636261,0.6617348194122314,0.016717059537768364,0.6173858046531677,0.621226966381073,0.6418671011924744,0.6547703742980957,0.6617348194122314,0.669823169708252,0.6817527413368225,0.6867967844009399,0.6886273622512817
7920,-0.6607478260993958,47.21929168701172,7.192488670349121,69.46260833740234,0.6607478260993958,0.6617348194122314,0.01697700470685959,0.6173858046531677,0.6213312149047852,0.6440224647521973,0.6550071835517883,0.6617348194122314,0.669823169708252,0.6851131916046143,0.6886478066444397,0.6906434893608093
7960,-0.6612882018089294,47.05107879638672,7.192471981048584,69.26067161560059,0.6612882018089294,0.6620023250579834,0.0170942023396492,0.6173858046531677,0.6217668056488037,0.6440224647521973,0.6555771827697754,0.6620023250579834,0.670295774936676,0.6851131916046143,0.6886478066444397,0.6906434893608093
8000,-0.6617749929428101,46.88187789916992,7.200381755828857,69.0564079284668,0.6617749929428101,0.6623967885971069,0.01690356433391571,0.6210289597511292,0.6223540902137756,0.6440224647521973,0.6562992334365845,0.6623967885971069,0.6706122756004333,0.6851131916046143,0.6886478066444397,0.6906434893608093
8040,-0.662369966506958,46.7158317565918,7.201971054077148,68.85616493225098,0.662369966506958,0.6623967885971069,0.017257964238524437,0.6210289597511292,0.6227489709854126,0.6440224647521973,0.6565865874290466,0.6623967885971069,0.6712987422943115,0.6862581968307495,0.6893627047538757,0.6913357973098755
8080,-0.662563145160675,46.541282653808594,7.202597618103027,68.64591789245605,0.6625632643699646,0.6633296012878418,0.017283540219068527,0.6210289597511292,0.6227489709854126,0.6440224647521973,0.6575518846511841,0.6633296012878418,0.6713646650314331,0.6862581968307495,0.6893627047538757,0.6913357973098755
8120,-0.6629666090011597,46.37491989135742,7.2062177658081055,68.44345283508301,0.6629666686058044,0.663492739200592,0.017223501577973366,0.6217186450958252,0.6232824325561523,0.6475752592086792,0.6575518846511841,0.663492739200592,0.6719117760658264,0.6867517828941345,0.6906542181968689,0.6923821568489075
8160,-0.663479745388031,46.203887939453125,7.210050106048584,68.23656272888184,0.6634798645973206,0.6635156869888306,0.017345422878861427,0.6217186450958252,0.6232824325561523,0.6475752592086792,0.6579607725143433,0.6635156869888306,0.6728814244270325,0.6867517828941345,0.6906542181968689,0.6923821568489075
8200,-0.6636000871658325,46.03474044799805,7.21012020111084,68.03100967407227,0.6636000871658325,0.6636875867843628,0.017396382987499237,0.6217186450958252,0.6232824325561523,0.6475752592086792,0.6579607725143433,0.6636875867843628,0.6728814244270325,0.6867517828941345,0.6906542181968689,0.6930369734764099
8240,-0.664118230342865,45.85822296142578,7.210750579833984,67.81755256652832,0.6641182899475098,0.663838267326355,0.01709211803972721,0.6225451231002808,0.6246668696403503,0.6475752592086792,0.6584417819976807,0.663838267326355,0.6728814244270325,0.6867517828941345,0.6906542181968689,0.6948918700218201
8280,-0.6643552780151367,45.67900848388672,7.208304405212402,67.60103607177734,0.6643553972244263,0.6641813516616821,0.017147641628980637,0.6225451231002808,0.6246668696403503,0.6475752592086792,0.6587786674499512,0.6641813516616821,0.6728814244270325,0.6867517828941345,0.6924044489860535,0.6948918700218201
8320,-0.6646202206611633,45.508819580078125,7.214131832122803,67.3939151763916,0.6646202206611633,0.6648375988006592,0.01710043102502823,0.6225451231002808,0.6246668696403503,0.6475752592086792,0.6589743494987488,0.6648375988006592,0.6728814244270325,0.6867517828941345,0.6924044489860535,0.6948918700218201
8360,-0.6652255058288574,45.336177825927734,7.223421096801758,67.18193054199219,0.6652254462242126,0.665697455406189,0.01709914021193981,0.6225451231002808,0.6246668696403503,0.6488957405090332,0.6593955755233765,0.665697455406189,0.6729862689971924,0.6867517828941345,0.6924044489860535,0.6948918700218201
8400,-0.6657931208610535,45.160247802734375,7.22848653793335,66.96687698364258,0.6657930612564087,0.6672301292419434,0.017320580780506134,0.6225451231002808,0.6246668696403503,0.6513161659240723,0.6598466634750366,0.6672301292419434,0.6741279363632202,0.6867899894714355,0.6931449174880981,0.6956747770309448
8440,-0.6660415530204773,44.9818115234375,7.2272162437438965,66.7494945526123,0.6660414934158325,0.6678400039672852,0.01721378229558468,0.6225451231002808,0.6246668696403503,0.6513161659240723,0.6598466634750366,0.6678400039672852,0.6741279363632202,0.6867899894714355,0.6931449174880981,0.6956747770309448
8480,-0.666378915309906,44.79912567138672,7.22722053527832,66.52729034423828,0.6663790345191956,0.6678624153137207,0.017416659742593765,0.6225451231002808,0.6246668696403503,0.6513161659240723,0.6601108312606812,0.6678624153137207,0.6759030222892761,0.6867899894714355,0.6946419477462769,0.6958438754081726
8520,-0.6667537689208984,44.61421203613281,7.228097438812256,66.301513671875,0.6667537689208984,0.6682099103927612,0.017464768141508102,0.6225451231002808,0.6246668696403503,0.6513161659240723,0.6603574752807617,0.6682099103927612,0.677101731300354,0.6867899894714355,0.6948848962783813,0.6958438754081726
8560,-0.6668261289596558,44.43231201171875,7.228185176849365,66.07805824279785,0.6668262481689453,0.6682099103927612,0.01748226210474968,0.6225451231002808,0.6246668696403503,0.6514987945556641,0.660420298576355,0.6682099103927612,0.677101731300354,0.6867899894714355,0.6948848962783813,0.6958438754081726
8600,-0.667181670665741,44.25042724609375,7.225980281829834,65.85538101196289,0.6671817302703857,0.6691387295722961,0.017268534749746323,0.6232945322990417,0.6249842643737793,0.6514987945556641,0.6607100963592529,0.6691387295722961,0.677101731300354,0.6867899894714355,0.6948848962783813,0.6958438754081726
8640,-0.6678041219711304,44.07452392578125,7.2322540283203125,65.6368465423584,0.6678040027618408,0.6692331433296204,0.01731003448367119,0.6245211958885193,0.6285207271575928,0.6514987945556641,0.6614359021186829,0.6692331433296204,0.6781134605407715,0.6888518929481506,0.6950579881668091,0.6958438754081726
8680,-0.6683958172798157,43.893089294433594,7.232738494873047,65.41397285461426,0.6683959364891052,0.6692689657211304,0.01699063554406166,0.6249518394470215,0.6305146217346191,0.6515610218048096,0.6618155241012573,0.6692689657211304,0.6785891652107239,0.6888518929481506,0.6950579881668091,0.6958438754081726
8720,-0.668647825717926,43.71436309814453,7.238780975341797,65.19248580932617,0.668647825717926,0.6695396900177002,0.01697889342904091,0.6249518394470215,0.6305146217346191,0.6515610218048096,0.6624296307563782,0.6695396900177002,0.6785891652107239,0.6888518929481506,0.6950579881668091,0.6958625316619873
8760,-0.6689503192901611,43.52812957763672,7.243788719177246,64.96257209777832,0.6689502596855164,0.6701167225837708,0.017028065398335457,0.624972403049469,0.6305146217346191,0.6515610218048096,0.6628823280334473,0.6701167225837708,0.6787501573562622,0.6888518929481506,0.6950579881668091,0.6958625316619873
8800,-0.6692070364952087,43.35160827636719,7.248729705810547,64.74340629577637,0.6692070960998535,0.6701732873916626,0.017129432410001755,0.624972403049469,0.6305146217346191,0.6515610218048096,0.6631131768226624,0.6701732873916626,0.6791958212852478,0.6888518929481506,0.6956238150596619,0.6962095499038696
8840,-0.6697028875350952,43.1585693359375,7.255624294281006,64.50358581542969,0.6697028279304504,0.6706634759902954,0.01730496436357498,0.624972403049469,0.6305146217346191,0.6525194048881531,0.6632528901100159,0.6706634759902954,0.6804777979850769,0.6913764476776123,0.6956875324249268,0.7000084519386292
8880,-0.6706306338310242,42.97611618041992,7.264158248901367,64.27502632141113,0.6706305742263794,0.670966386795044,0.01774834841489792,0.6266793012619019,0.6308416724205017,0.6525194048881531,0.6644307374954224,0.670966386795044,0.6808453798294067,0.6913764476776123,0.6975380182266235,0.7017682194709778
8920,-0.670836865901947,42.78862762451172,7.26657247543335,64.04144763946533,0.670836865901947,0.671263575553894,0.01784447208046913,0.6266793012619019,0.6308416724205017,0.6525194048881531,0.6644307374954224,0.671263575553894,0.6808453798294067,0.6923407316207886,0.6975380182266235,0.7017682194709778
8960,-0.6711657643318176,42.60041809082031,7.264735221862793,63.80896759033203,0.6711657643318176,0.671663761138916,0.01782369613647461,0.6282442212104797,0.6308416724205017,0.6525194048881531,0.6647447347640991,0.671663761138916,0.6808453798294067,0.6923407316207886,0.7000442743301392,0.7017682194709778
9000,-0.6716203689575195,42.40965270996094,7.274356842041016,63.568586349487305,0.6716203093528748,0.67193603515625,0.017716171219944954,0.6282442212104797,0.6308416724205017,0.6567975282669067,0.6658515930175781,0.67193603515625,0.6808453798294067,0.6923407316207886,0.7000442743301392,0.7017682194709778
9040,-0.672002911567688,42.21539306640625,7.278012752532959,63.32602119445801,0.6720028519630432,0.6722458600997925,0.01777290180325508,0.6282442212104797,0.6308416724205017,0.6577505469322205,0.6667659878730774,0.6722458600997925,0.6809089183807373,0.6923407316207886,0.7008175849914551,0.7037391662597656
9080,-0.6722413301467896,42.0257568359375,7.2725629806518555,63.09012413024902,0.6722412109375,0.6722657680511475,0.017727380618453026,0.6282442212104797,0.6308416724205017,0.6577505469322205,0.6670553088188171,0.6722657680511475,0.6809089183807373,0.6923407316207886,0.7008175849914551,0.7037391662597656
9120,-0.6728688478469849,41.826812744140625,7.279347896575928,62.84020137786865,0.6728687882423401,0.6738777756690979,0.01796123757958412,0.6282442212104797,0.6308416724205017,0.6577505469322205,0.667370617389679,0.6738777756690979,0.6824669241905212,0.6924225091934204,0.7015888094902039,0.7054277658462524
9160,-0.6732978820800781,41.63496398925781,7.281801223754883,62.59857177734375,0.6732978224754333,0.6748334765434265,0.01810593344271183,0.6282442212104797,0.6308416724205017,0.6577505469322205,0.6675536632537842,0.6748334765434265,0.6824669241905212,0.6936144828796387,0.7016865015029907,0.7054277658462524
9200,-0.6734189987182617,41.43585205078125,7.283476829528809,62.34908866882324,0.6734190583229065,0.6748334765434265,0.01807592250406742,0.6282442212104797,0.6308416724205017,0.6577505469322205,0.6682729721069336,0.6748334765434265,0.6824669241905212,0.6936144828796387,0.7016865015029907,0.7054277658462524
9240,-0.6738569736480713,41.24068069458008,7.2949347496032715,62.10225200653076,0.6738569736480713,0.6754332184791565,0.017782144248485565,0.6302887797355652,0.6312271356582642,0.6578071117401123,0.6694430708885193,0.6754332184791565,0.6825482249259949,0.6936144828796387,0.7016865015029907,0.7054277658462524
9280,-0.6745035648345947,41.048885345458984,7.29893684387207,61.85955238342285,0.6745035648345947,0.6763355731964111,0.01774531602859497,0.6302887797355652,0.6312271356582642,0.6578071117401123,0.6701663136482239,0.6763355731964111,0.6840968132019043,0.6936144828796387,0.7016865015029907,0.7054277658462524
9320,-0.6747125387191772,40.855262756347656,7.293224334716797,61.61555767059326,0.674712598323822,0.6763355731964111,0.01766519621014595,0.6305283308029175,0.6321499943733215,0.6578071117401123,0.6701663136482239,0.6763355731964111,0.6846491098403931,0.6936144828796387,0.7016865015029907,0.7067269682884216
9360,-0.675244152545929,40.66251754760742,7.302543640136719,61.368896484375,0.6752442121505737,0.6765093803405762,0.017435163259506226,0.630851149559021,0.6340545415878296,0.6580454111099243,0.6706602573394775,0.6765093803405762,0.6849135756492615,0.6936144828796387,0.702608048915863,0.7067269682884216
9400,-0.6755201816558838,40.45721435546875,7.2954912185668945,61.111066818237305,0.675520122051239,0.6770157814025879,0.017565425485372543,0.630851149559021,0.6340545415878296,0.6580454111099243,0.67081218957901,0.6770157814025879,0.6849135756492615,0.6952024102210999,0.702608048915863,0.7067269682884216
9440,-0.6759360432624817,40.2617073059082,7.288019180297852,60.86663818359375,0.6759360432624817,0.6773070693016052,0.017556874081492424,0.630851149559021,0.6340545415878296,0.6613689064979553,0.671635627746582,0.6773070693016052,0.6850185990333557,0.6952024102210999,0.702608048915863,0.7067269682884216
9480,-0.6764464974403381,40.05480194091797,7.2863287925720215,60.60617637634277,0.6764465570449829,0.6778265237808228,0.017596008256077766,0.6312324404716492,0.6340545415878296,0.6613689064979553,0.671837568283081,0.6778265237808228,0.6850185990333557,0.6952024102210999,0.702608048915863,0.7067269682884216
9520,-0.6769088506698608,39.84217071533203,7.274043083190918,60.342018127441406,0.6769088506698608,0.678034782409668,0.017597587779164314,0.6321809887886047,0.6345700025558472,0.6613689064979553,0.671837568283081,0.678034782409668,0.6861135959625244,0.6952024102210999,0.703199565410614,0.7067269682884216
9560,-0.677282989025116,39.63526916503906,7.278774261474609,60.07638740539551,0.6772830486297607,0.678034782409668,0.017481988295912743,0.6341208815574646,0.6348400115966797,0.6613689064979553,0.6720019578933716,0.678034782409668,0.6861135959625244,0.6956906914710999,0.703199565410614,0.7067269682884216
9600,-0.6775384545326233,39.4305534362793,7.2749223709106445,59.81557750701904,0.6775384545326233,0.6781858801841736,0.017458109185099602,0.6341208815574646,0.6348400115966797,0.6613689064979553,0.6726733446121216,0.6781858801841736,0.6865895390510559,0.6956906914710999,0.703210175037384,0.7067269682884216
9640,-0.6778475642204285,39.22441864013672,7.283492088317871,59.54916191101074,0.6778476238250732,0.6787626147270203,0.017666693776845932,0.6341208815574646,0.6348400115966797,0.6613689064979553,0.6726733446121216,0.6787626147270203,0.6872607469558716,0.695874035358429,0.7039967179298401,0.709632158279419
9680,-0.6784787774085999,39.01979446411133,7.2825927734375,59.287251472473145,0.6784787178039551,0.6793726682662964,0.017504947260022163,0.6347618699073792,0.6354874968528748,0.6648201942443848,0.6733392477035522,0.6793726682662964,0.6880013942718506,0.6971190571784973,0.7039967179298401,0.709632158279419
9720,-0.6788027882575989,38.80323028564453,7.283153533935547,59.01107120513916,0.6788026690483093,0.6796855926513672,0.017399156466126442,0.6347618699073792,0.6365005970001221,0.6652199625968933,0.6737176179885864,0.6796855926513672,0.6884685158729553,0.6971190571784973,0.7039967179298401,0.709632158279419
9760,-0.6790026426315308,38.594635009765625,7.290490627288818,58.74224376678467,0.679002583026886,0.6796855926513672,0.017492610961198807,0.6347618699073792,0.6365005970001221,0.6652199625968933,0.6737176179885864,0.6796855926513672,0.6888429522514343,0.6971190571784973,0.7050775289535522,0.709632158279419
9800,-0.6793845891952515,38.38045883178711,7.28976583480835,58.46456813812256,0.6793845295906067,0.6803210377693176,0.017512084916234016,0.6347618699073792,0.6366316080093384,0.6652199625968933,0.6744059324264526,0.6803210377693176,0.688873291015625,0.6971190571784973,0.7052922248840332,0.709632158279419
9840,-0.679694414138794,38.169349670410156,7.29105281829834,58.19254970550537,0.6796943545341492,0.6804794073104858,0.01764020510017872,0.6347618699073792,0.6366316080093384,0.6652199625968933,0.6745720505714417,0.6804794073104858,0.6891083717346191,0.6992366909980774,0.7059491276741028,0.709632158279419
9880,-0.6800976395606995,37.94837951660156,7.2846503257751465,57.91019344329834,0.6800976395606995,0.6806313991546631,0.017745282500982285,0.6347618699073792,0.6366316080093384,0.6660361886024475,0.6746898293495178,0.6806313991546631,0.6899830102920532,0.6992366909980774,0.7068325877189636,0.709632158279419
9920,-0.6804153323173523,37.74324035644531,7.28956413269043,57.64120388031006,0.6804153323173523,0.681267499923706,0.017680699005723,0.6347618699073792,0.6366316080093384,0.6660361886024475,0.675047755241394,0.681267499923706,0.6908571124076843,0.6992366909980774,0.7068325877189636,0.709632158279419
9960,-0.6809758543968201,37.524200439453125,7.287408351898193,57.35959529876709,0.6809758543968201,0.6823291182518005,0.017443951219320297,0.6349978446960449,0.6376715898513794,0.6671839952468872,0.6761268377304077,0.6823291182518005,0.6908571124076843,0.6992366909980774,0.7068800330162048,0.709632158279419
10000,-0.681536853313446,37.308624267578125,7.290945053100586,57.0808687210083,0.6815369129180908,0.6833309531211853,0.01755230501294136,0.6349978446960449,0.6376715898513794,0.6671839952468872,0.676746129989624,0.6833309531211853,0.6908755898475647,0.6995416283607483,0.7069805264472961,0.709632158279419
