step,best_fitness,avg_hamming,avg_l1,avg_entropy,mean,median,std,2%,5%,10%,25%,50%,75%,90%,95%,98%
35,-0.5376371741294861,127.98629760742188,7.575662136077881,177.079829624721,0.5376372337341309,0.5374394655227661,0.008854194544255733,0.5225427746772766,0.5259537100791931,0.5268886089324951,0.5306495428085327,0.5374394655227661,0.5429072380065918,0.5482571721076965,0.5509200692176819,0.5558080673217773
70,-0.5420098900794983,127.9708023071289,7.920681953430176,177.03179059709822,0.5420098900794983,0.5417622923851013,0.007743473164737225,0.5260391235351562,0.527838945388794,0.5316973328590393,0.5375455021858215,0.5417622923851013,0.547061562538147,0.550489068031311,0.5540764331817627,0.5558080673217773
105,-0.5454409122467041,127.95465850830078,8.252857208251953,176.98275538853235,0.5454409122467041,0.5459414124488831,0.007511309813708067,0.530788004398346,0.5333806276321411,0.5371469855308533,0.5405696630477905,0.5459414124488831,0.5501378774642944,0.5546711087226868,0.5562736988067627,0.5601781606674194
140,-0.5471625328063965,127.93742370605469,8.56972885131836,176.9327392578125,0.5471625924110413,0.5470296740531921,0.006945738103240728,0.5333815217018127,0.5369829535484314,0.5388025045394897,0.5418747663497925,0.5470296740531921,0.5521620512008667,0.5552847981452942,0.5583693385124207,0.5601781606674194
175,-0.5480595231056213,127.92100524902344,8.871613502502441,176.8840092250279,0.5480595827102661,0.547668993473053,0.0066594211384654045,0.5350372195243835,0.537545919418335,0.5402801632881165,0.543350100517273,0.547668993473053,0.5525083541870117,0.5563275218009949,0.5595278143882751,0.5601781606674194
210,-0.5494785308837891,127.90255737304688,9.167763710021973,176.83217293875558,0.5494785904884338,0.5487812757492065,0.006550720427185297,0.5375581383705139,0.5398410558700562,0.541648805141449,0.5446702837944031,0.5487812757492065,0.5536426901817322,0.5579765439033508,0.5597256422042847,0.5628475546836853
245,-0.549949586391449,127.88414001464844,9.453365325927734,176.7809295654297,0.5499496459960938,0.549081027507782,0.007186136208474636,0.5375581383705139,0.5398410558700562,0.541788637638092,0.5449814200401306,0.549081027507782,0.5540614128112793,0.5581810474395752,0.5601650476455688,0.5633023381233215
280,-0.5511735677719116,127.8646469116211,9.728462219238281,176.72884259905135,0.5511736273765564,0.5504128932952881,0.006977778393775225,0.5398077368736267,0.5416539907455444,0.5427002310752869,0.5462955236434937,0.5504128932952881,0.5550222396850586,0.5595539212226868,0.5609539151191711,0.5633023381233215
315,-0.5520790815353394,127.84394836425781,10.000953674316406,176.6751251220703,0.5520791411399841,0.5522487163543701,0.007132722530514002,0.5398077368736267,0.5419602990150452,0.5430310964584351,0.5468364357948303,0.5522487163543701,0.556770384311676,0.56013023853302,0.5619039535522461,0.5633023381233215
350,-0.5528783202171326,127.82173156738281,10.272784233093262,176.619380405971,0.5528783202171326,0.5532326698303223,0.007174577564001083,0.541512668132782,0.5424640774726868,0.5438265204429626,0.5474354028701782,0.5532326698303223,0.5576876401901245,0.5602056384086609,0.5624785423278809,0.5686846375465393
385,-0.5534636974334717,127.79981994628906,10.511701583862305,176.56646728515625,0.5534637570381165,0.5534889698028564,0.00705232098698616,0.541512668132782,0.5435429215431213,0.5449552536010742,0.5485650300979614,0.5534889698028564,0.5579603910446167,0.5609242916107178,0.5631986856460571,0.5686846375465393
420,-0.5540416240692139,127.77653503417969,10.754350662231445,176.51106698172433,0.5540416836738586,0.5541606545448303,0.00704262126237154,0.5420971512794495,0.5438525080680847,0.5453791618347168,0.5489991307258606,0.5541606545448303,0.5587908029556274,0.5616588592529297,0.5631986856460571,0.5686846375465393
455,-0.5547106862068176,127.75334930419922,10.994607925415039,176.45518711635046,0.5547107458114624,0.554792046546936,0.006961023434996605,0.5429556369781494,0.5445971488952637,0.5456609725952148,0.5499289631843567,0.554792046546936,0.5590348839759827,0.5624717473983765,0.5632779002189636,0.5686846375465393
490,-0.5555294752120972,127.73042297363281,11.230864524841309,176.3999285016741,0.5555295348167419,0.5556186437606812,0.007243812549859285,0.5429556369781494,0.544645369052887,0.5461278557777405,0.5512997508049011,0.5556186437606812,0.5599019527435303,0.5627622008323669,0.5656500458717346,0.5738964080810547
525,-0.5560603141784668,127.70746612548828,11.471060752868652,176.3434818812779,0.5560604333877563,0.5558748245239258,0.006851907353848219,0.5440464019775391,0.5456027388572693,0.5473234057426453,0.5520464181900024,0.5558748245239258,0.5599019527435303,0.5627622008323669,0.5656500458717346,0.5738964080810547
560,-0.5563368797302246,127.68180847167969,11.69403076171875,176.28571210588728,0.5563369393348694,0.5560415983200073,0.0067123728804290295,0.5446636080741882,0.5465539693832397,0.547965407371521,0.5523277521133423,0.5560415983200073,0.5600076913833618,0.5630620121955872,0.5656500458717346,0.5738964080810547
595,-0.5566990375518799,127.65513610839844,11.91895580291748,176.22610473632812,0.5566990375518799,0.5560872554779053,0.006733443588018417,0.5446851849555969,0.5466085076332092,0.5489845275878906,0.5528780221939087,0.5560872554779053,0.5602220296859741,0.5632802248001099,0.5671489238739014,0.5738964080810547
630,-0.5569052696228027,127.6271743774414,12.138442039489746,176.16556222098214,0.5569053292274475,0.5565972924232483,0.006739140022546053,0.5456317067146301,0.5468622446060181,0.5489845275878906,0.5530319213867188,0.5565972924232483,0.5604256391525269,0.5633376240730286,0.5671489238739014,0.5738964080810547
665,-0.5573354363441467,127.59880065917969,12.345306396484375,176.1057870047433,0.5573354363441467,0.557712197303772,0.006746816914528608,0.5458975434303284,0.5470982193946838,0.5489845275878906,0.5531344413757324,0.557712197303772,0.5609186887741089,0.5633376240730286,0.568244993686676,0.5738964080810547
700,-0.5577250719070435,127.56966400146484,12.55104923248291,176.04454040527344,0.5577250719070435,0.5580336451530457,0.006571318954229355,0.5468750596046448,0.5480087995529175,0.5496742129325867,0.5535672307014465,0.5580336451530457,0.5609612464904785,0.563601016998291,0.568244993686676,0.5738964080810547
735,-0.558061420917511,127.5395736694336,12.756994247436523,175.98170689174108,0.5580613613128662,0.5581401586532593,0.006685275584459305,0.5468908548355103,0.5481897592544556,0.5496742129325867,0.5537785291671753,0.5581401586532593,0.5611597299575806,0.5648180842399597,0.5698466897010803,0.5738964080810547
770,-0.5581028461456299,127.51004791259766,12.957727432250977,175.9200395856585,0.5581027865409851,0.5581401586532593,0.006636728998273611,0.5468908548355103,0.5486642718315125,0.5501860976219177,0.5537785291671753,0.5581401586532593,0.5611597299575806,0.5648180842399597,0.5698466897010803,0.5738964080810547
805,-0.5585466027259827,127.48042297363281,13.165285110473633,175.8573760986328,0.5585466027259827,0.5581767559051514,0.006658341735601425,0.5468993186950684,0.5489924550056458,0.5513736605644226,0.5540820956230164,0.5581767559051514,0.5616947412490845,0.5664739608764648,0.5710386037826538,0.5738964080810547
840,-0.5587626695632935,127.44989776611328,13.346121788024902,175.79694039481026,0.5587626695632935,0.5581907629966736,0.006481908727437258,0.5486688613891602,0.5502017736434937,0.5517643690109253,0.5546468496322632,0.5581907629966736,0.561835527420044,0.5664739608764648,0.5710386037826538,0.5738964080810547
875,-0.5589627027511597,127.41576385498047,13.524795532226562,175.7318572998047,0.5589626431465149,0.5583244562149048,0.006445457227528095,0.5486688613891602,0.5505694150924683,0.5518223643302917,0.5547423362731934,0.5583244562149048,0.5619275569915771,0.5664739608764648,0.5710386037826538,0.5738964080810547
910,-0.5590229034423828,127.38220977783203,13.714889526367188,175.6664079938616,0.5590229034423828,0.5584744215011597,0.006435834802687168,0.5486688613891602,0.5505694150924683,0.5518223643302917,0.5547423362731934,0.5584744215011597,0.5621682405471802,0.5664739608764648,0.5710386037826538,0.5738964080810547
945,-0.5592618584632874,127.34765625,13.896577835083008,175.60006277901786,0.5592618584632874,0.5589566230773926,0.006571462377905846,0.5486688613891602,0.5505694150924683,0.5518223643302917,0.5547423362731934,0.5589566230773926,0.5624718070030212,0.5672057271003723,0.5710437297821045,0.5738964080810547
980,-0.5595584511756897,127.312255859375,14.078676223754883,175.53282165527344,0.5595584511756897,0.5593318939208984,0.00624861242249608,0.5502097010612488,0.5514140129089355,0.552121102809906,0.5550805330276489,0.5593318939208984,0.5624718070030212,0.5672057271003723,0.5710437297821045,0.5738964080810547
1015,-0.5597866177558899,127.2782974243164,14.255281448364258,175.46763828822546,0.5597865581512451,0.559502124786377,0.00630593579262495,0.5502097010612488,0.551438570022583,0.552121102809906,0.5552022457122803,0.559502124786377,0.562846302986145,0.5680509209632874,0.5710437297821045,0.5738964080810547
1050,-0.5602622628211975,127.24015808105469,14.41964054107666,175.3990958077567,0.5602623224258423,0.559637725353241,0.006366250105202198,0.550579845905304,0.5518243908882141,0.5527991056442261,0.5559289455413818,0.559637725353241,0.5632079839706421,0.5682663917541504,0.5727159976959229,0.5758367776870728
1085,-0.5606307983398438,127.20409393310547,14.599725723266602,175.33025251116072,0.5606307983398438,0.5596882104873657,0.006470185238867998,0.550579845905304,0.5521190166473389,0.5534892082214355,0.556024432182312,0.5596882104873657,0.5632666349411011,0.5699048638343811,0.5731135010719299,0.5758367776870728
1120,-0.5608458518981934,127.16678619384766,14.7689790725708,175.26124136788505,0.5608458518981934,0.5598598718643188,0.006545343901962042,0.550579845905304,0.5521190166473389,0.5534892082214355,0.5561096668243408,0.5598598718643188,0.5633543729782104,0.5709413886070251,0.5731135010719299,0.5758367776870728
1155,-0.5610381960868835,127.13032531738281,14.934345245361328,175.194340297154,0.5610382556915283,0.5601785182952881,0.0064971656538546085,0.550579845905304,0.5521190166473389,0.5534892082214355,0.5568103790283203,0.5601785182952881,0.5634565353393555,0.5709413886070251,0.5731135010719299,0.5758367776870728
1190,-0.5611486434936523,127.0928955078125,15.104137420654297,175.12498474121094,0.5611486434936523,0.5601785182952881,0.006591001059859991,0.550579845905304,0.5521190166473389,0.5534892082214355,0.5570786595344543,0.5601785182952881,0.5634565353393555,0.5709518790245056,0.5738781690597534,0.5758367776870728
1225,-0.5615172982215881,127.05242156982422,15.273305892944336,175.05188642229353,0.5615172982215881,0.5603063106536865,0.006627139635384083,0.550579845905304,0.5521190166473389,0.553779661655426,0.5575396418571472,0.5603063106536865,0.5648108720779419,0.5711307525634766,0.5738781690597534,0.5758367776870728
1260,-0.5616660714149475,127.01304626464844,15.4409818649292,174.9797603062221,0.5616660714149475,0.5608508586883545,0.0065823933109641075,0.550579845905304,0.5521190166473389,0.553779661655426,0.5576270818710327,0.5608508586883545,0.5648108720779419,0.5711307525634766,0.5738781690597534,0.5758367776870728
1295,-0.5619848370552063,126.97203063964844,15.60103702545166,174.90655517578125,0.5619848370552063,0.560912549495697,0.006645956542342901,0.5518016219139099,0.5523874759674072,0.5543796420097351,0.5578845739364624,0.560912549495697,0.5651743412017822,0.5711307525634766,0.5738781690597534,0.5768941640853882
1330,-0.562272846698761,126.93122100830078,15.763968467712402,174.83346557617188,0.5622729063034058,0.5613201856613159,0.006666997913271189,0.5518016219139099,0.5523874759674072,0.554682195186615,0.5579573512077332,0.5613201856613159,0.5663596987724304,0.571834921836853,0.5738781690597534,0.5768941640853882
1365,-0.562316358089447,126.88605499267578,15.929725646972656,174.75489807128906,0.5623162984848022,0.5613201856613159,0.006675228476524353,0.5518016219139099,0.5523874759674072,0.554682195186615,0.5579573512077332,0.5613201856613159,0.5663740634918213,0.571834921836853,0.5738781690597534,0.5768941640853882
1400,-0.5626255869865417,126.8414535522461,16.092723846435547,174.67752511160714,0.5626256465911865,0.5616774559020996,0.006734789349138737,0.5518016219139099,0.5532679557800293,0.5549046993255615,0.5579642057418823,0.5616774559020996,0.5667032599449158,0.5727113485336304,0.5742810368537903,0.5768941640853882
1435,-0.5629026889801025,126.8013687133789,16.254941940307617,174.60387965611048,0.5629026889801025,0.5619738101959229,0.00663678627461195,0.5521003007888794,0.5535739064216614,0.555682897567749,0.5581797361373901,0.5619738101959229,0.5669150352478027,0.5727113485336304,0.5742810368537903,0.5768941640853882
1470,-0.5632451772689819,126.75889587402344,16.41045379638672,174.530033656529,0.5632451772689819,0.5623268485069275,0.00656892079859972,0.5521003007888794,0.5535739064216614,0.555717945098877,0.5584484934806824,0.5623268485069275,0.5674331188201904,0.5727113485336304,0.5742810368537903,0.5768941640853882
1505,-0.5636622309684753,126.71341705322266,16.553112030029297,174.4543675013951,0.5636622905731201,0.5624113082885742,0.006800827570259571,0.5522125959396362,0.5537903904914856,0.55596923828125,0.5585753321647644,0.5624113082885742,0.5680448412895203,0.573117733001709,0.5749304294586182,0.581863284111023
1540,-0.5638447999954224,126.67047882080078,16.702226638793945,174.3792484828404,0.5638448596000671,0.5624783039093018,0.006673860363662243,0.553301215171814,0.5545971393585205,0.5564082860946655,0.5589874982833862,0.5624783039093018,0.5680448412895203,0.573117733001709,0.5749304294586182,0.581863284111023
1575,-0.5642081499099731,126.62490844726562,16.847917556762695,174.30137634277344,0.5642082095146179,0.5625663995742798,0.0070669096894562244,0.553301215171814,0.5545971393585205,0.5564082860946655,0.5593574047088623,0.5625663995742798,0.5682226419448853,0.5735431909561157,0.5751582384109497,0.5824531316757202
1610,-0.5649223923683167,126.58218383789062,16.986228942871094,174.22815813337053,0.5649223923683167,0.5628312826156616,0.007734907325357199,0.553301215171814,0.5547075271606445,0.556565523147583,0.5594167709350586,0.5628312826156616,0.5693106651306152,0.5742846727371216,0.5793232917785645,0.5847502946853638
1645,-0.5651401281356812,126.53741455078125,17.138601303100586,174.15009198869978,0.5651401281356812,0.563096284866333,0.0076120453886687756,0.553301215171814,0.5557498931884766,0.5570473074913025,0.5596423149108887,0.563096284866333,0.5693106651306152,0.5742846727371216,0.5793232917785645,0.5847502946853638
1680,-0.565525472164154,126.48954772949219,17.285865783691406,174.06935555594308,0.5655255317687988,0.5632579326629639,0.007710208185017109,0.553301215171814,0.5557498931884766,0.5573112368583679,0.5602802634239197,0.5632579326629639,0.5703439712524414,0.5744072794914246,0.579761266708374,0.5847502946853638
1715,-0.5656580328941345,126.4418716430664,17.424236297607422,173.99073355538505,0.5656580924987793,0.5632579326629639,0.007692375686019659,0.553301215171814,0.5557498931884766,0.5575529932975769,0.5606767535209656,0.5632579326629639,0.5707142353057861,0.5744072794914246,0.579761266708374,0.5847502946853638
1750,-0.5657645463943481,126.3935317993164,17.564868927001953,173.9096418108259,0.5657646059989929,0.5632579326629639,0.007704438641667366,0.553301215171814,0.5557498931884766,0.5575529932975769,0.5608781576156616,0.5632579326629639,0.5707142353057861,0.5744072794914246,0.579761266708374,0.5847502946853638
1785,-0.5660452246665955,126.34467315673828,17.703542709350586,173.8291756766183,0.5660452246665955,0.5634948015213013,0.007785485126078129,0.553301215171814,0.5557498931884766,0.5575529932975769,0.5609160661697388,0.5634948015213013,0.5709526538848877,0.5748732686042786,0.579761266708374,0.5847502946853638
1820,-0.566143274307251,126.29462432861328,17.846818923950195,173.7461395263672,0.566143274307251,0.5639139413833618,0.007721178699284792,0.5546032190322876,0.5557997822761536,0.5575529932975769,0.5609160661697388,0.5639139413833618,0.5709526538848877,0.5748732686042786,0.579761266708374,0.5847502946853638
1855,-0.5665959715843201,126.24331665039062,17.996471405029297,173.65982709612166,0.5665959715843201,0.5660078525543213,0.007545774802565575,0.5546850562095642,0.5564317107200623,0.5581293106079102,0.5613330006599426,0.5660078525543213,0.57103431224823,0.5749406218528748,0.579761266708374,0.5847502946853638
1890,-0.5669505000114441,126.1903305053711,18.134479522705078,173.57435171944755,0.5669505596160889,0.5666064023971558,0.007474168203771114,0.5557823777198792,0.5565716624259949,0.5582306981086731,0.5614286661148071,0.5666064023971558,0.5713275074958801,0.575192928314209,0.579761266708374,0.5847502946853638
1925,-0.5671142935752869,126.14041900634766,18.262929916381836,173.4940948486328,0.5671143531799316,0.5668109655380249,0.007480929605662823,0.5557823777198792,0.5565716624259949,0.5582306981086731,0.5616240501403809,0.5668109655380249,0.5717584490776062,0.575192928314209,0.579761266708374,0.5847502946853638
1960,-0.567665159702301,126.08473205566406,18.396434783935547,173.4049551827567,0.5676652193069458,0.5675955414772034,0.007440706714987755,0.5559602975845337,0.557317852973938,0.558371365070343,0.5619980096817017,0.5675955414772034,0.5720959901809692,0.5758985280990601,0.579761266708374,0.5847502946853638
1995,-0.5678238272666931,126.03177642822266,18.534299850463867,173.31998334612166,0.5678238272666931,0.5677770376205444,0.007407142780721188,0.5559602975845337,0.557317852973938,0.5584462285041809,0.5622751116752625,0.5677770376205444,0.57273268699646,0.5758985280990601,0.579761266708374,0.5847502946853638
2030,-0.568103551864624,125.9807357788086,18.662525177001953,173.23711504255022,0.568103551864624,0.5680832862854004,0.0074520418420434,0.5559602975845337,0.557317852973938,0.5584462285041809,0.5626038908958435,0.5680832862854004,0.5728800892829895,0.5766471028327942,0.579761266708374,0.5847502946853638
2065,-0.5681260824203491,125.9294662475586,18.79095458984375,173.15415954589844,0.5681260824203491,0.5680832862854004,0.007433771621435881,0.5559602975845337,0.557317852973938,0.5587884783744812,0.5627082586288452,0.5680832862854004,0.5728800892829895,0.5766471028327942,0.579761266708374,0.5847502946853638
2100,-0.5683530569076538,125.87548828125,18.929851531982422,173.06567164829798,0.5683530569076538,0.5682604312896729,0.007490935735404491,0.5559602975845337,0.557317852973938,0.5587884783744812,0.5629011988639832,0.5682604312896729,0.5730203986167908,0.5768645405769348,0.5805328488349915,0.5847502946853638
2135,-0.5685490965843201,125.82376861572266,19.059452056884766,172.98140825544084,0.5685491561889648,0.5685939192771912,0.007573044393211603,0.5559602975845337,0.557317852973938,0.5587884783744812,0.5629011988639832,0.5685939192771912,0.5731611251831055,0.5774534940719604,0.5805328488349915,0.5847502946853638
2170,-0.568827748298645,125.76570892333984,19.182863235473633,172.89117867606026,0.5688278079032898,0.5688100457191467,0.007343207485973835,0.5560798645019531,0.5575639009475708,0.5596228837966919,0.5631450414657593,0.5688100457191467,0.5731611251831055,0.5774534940719604,0.5805328488349915,0.5847502946853638
2205,-0.5690407156944275,125.70745086669922,19.311153411865234,172.79957580566406,0.5690407752990723,0.5690711736679077,0.007396763190627098,0.5560798645019531,0.5575639009475708,0.5596228837966919,0.5632809400558472,0.5690711736679077,0.5736105442047119,0.5782905220985413,0.5805328488349915,0.5847502946853638
2240,-0.5693961977958679,125.64762878417969,19.448514938354492,172.7053680419922,0.5693962574005127,0.5697640180587769,0.007507761940360069,0.5560798645019531,0.5575639009475708,0.5596228837966919,0.5639501214027405,0.5697640180587769,0.5739367008209229,0.579185426235199,0.5818799734115601,0.5847502946853638
2275,-0.5696174502372742,125.5931396484375,19.568950653076172,172.61932155064173,0.5696174502372742,0.5703722238540649,0.007482157554477453,0.5560798645019531,0.5575639009475708,0.5596569180488586,0.5644195079803467,0.5703722238540649,0.5742008686065674,0.579185426235199,0.5818799734115601,0.5847502946853638
2310,-0.5697106122970581,125.53133392333984,19.678037643432617,172.52803911481584,0.5697106122970581,0.570568859577179,0.007478486746549606,0.5560798645019531,0.5575639009475708,0.5596569180488586,0.5644195079803467,0.570568859577179,0.5742956399917603,0.579185426235199,0.5818799734115601,0.5847502946853638
2345,-0.5700329542160034,125.47030639648438,19.794475555419922,172.43580191476005,0.5700329542160034,0.5707188844680786,0.0073073250241577625,0.5568535923957825,0.5578439235687256,0.5596569180488586,0.5649844408035278,0.5707188844680786,0.574401319026947,0.579185426235199,0.5818799734115601,0.5847502946853638
2380,-0.5702335834503174,125.4018325805664,19.916574478149414,172.3327135358538,0.5702335834503174,0.5707188844680786,0.007500592153519392,0.5568535923957825,0.5578439235687256,0.5608893036842346,0.5649844408035278,0.5707188844680786,0.5745962858200073,0.5792362689971924,0.5825158357620239,0.5877450108528137
2415,-0.5703774094581604,125.34190368652344,20.038436889648438,172.24030412946428,0.5703774690628052,0.5707791447639465,0.007502655033022165,0.5568535923957825,0.5578439235687256,0.5612674951553345,0.5649844408035278,0.5707791447639465,0.5747586488723755,0.5792362689971924,0.5825158357620239,0.5877450108528137
2450,-0.570422351360321,125.2761459350586,20.161426544189453,172.13970075334822,0.570422351360321,0.5707791447639465,0.007532387040555477,0.5568535923957825,0.5578439235687256,0.5612674951553345,0.5649844408035278,0.5707791447639465,0.5748810768127441,0.5792362689971924,0.5825158357620239,0.5877450108528137
2485,-0.5705823302268982,125.21121978759766,20.28072738647461,172.0420183454241,0.5705823302268982,0.5708763003349304,0.007458774372935295,0.5573469996452332,0.5578439235687256,0.5612674951553345,0.5660184025764465,0.5708763003349304,0.5748810768127441,0.5792362689971924,0.5825158357620239,0.5877450108528137
2520,-0.5707820057868958,125.15351104736328,20.40338134765625,171.95093863351005,0.5707820653915405,0.5709671974182129,0.007351171225309372,0.5573469996452332,0.5578439235687256,0.5613135695457458,0.566656231880188,0.5709671974182129,0.5748810768127441,0.5792362689971924,0.5825158357620239,0.5877450108528137
2555,-0.5708049535751343,125.09693908691406,20.52725601196289,171.8604779924665,0.5708049535751343,0.5709671974182129,0.0073364791460335255,0.5573469996452332,0.5578439235687256,0.5613135695457458,0.5668946504592896,0.5709671974182129,0.5748810768127441,0.5792362689971924,0.5825158357620239,0.5877450108528137
2590,-0.5710355639457703,125.0289535522461,20.640178680419922,171.75912257603235,0.571035623550415,0.5710034370422363,0.007275384850800037,0.5573469996452332,0.558761477470398,0.5613681077957153,0.5668946504592896,0.5710034370422363,0.575240969657898,0.5792362689971924,0.5825158357620239,0.5877450108528137
2625,-0.5715230703353882,124.95980834960938,20.744169235229492,171.65953935895647,0.5715230703353882,0.5714985132217407,0.007298169191926718,0.557357132434845,0.5591698884963989,0.5613681077957153,0.5670853853225708,0.5714985132217407,0.5756462216377258,0.5797318816184998,0.5845808982849121,0.5877450108528137
2660,-0.5720506310462952,124.893798828125,20.8552188873291,171.56091090611048,0.5720506310462952,0.5717777013778687,0.0073801991529762745,0.5581252574920654,0.5599479079246521,0.5625901222229004,0.5672076344490051,0.5717777013778687,0.5766760110855103,0.5806782245635986,0.5847443342208862,0.5877450108528137
2695,-0.5722121596336365,124.82637023925781,20.964754104614258,171.46060834612166,0.5722121596336365,0.5722457766532898,0.007311544381082058,0.5581252574920654,0.5609716176986694,0.5625901222229004,0.5672076344490051,0.5722457766532898,0.5766760110855103,0.5806782245635986,0.5847443342208862,0.5877450108528137
2730,-0.5722499489784241,124.75891876220703,21.07198143005371,171.3611580984933,0.5722500085830688,0.5722457766532898,0.007330771069973707,0.5581252574920654,0.5609716176986694,0.5625901222229004,0.5672076344490051,0.5722457766532898,0.5769306421279907,0.5806782245635986,0.5847443342208862,0.5877450108528137
2765,-0.5725191235542297,124.68794250488281,21.178577423095703,171.25831386021204,0.5725191235542297,0.5722457766532898,0.007288279477506876,0.5591671466827393,0.56132972240448,0.5629029273986816,0.5672076344490051,0.5722457766532898,0.5774133801460266,0.5819077491760254,0.5847443342208862,0.5877450108528137
2800,-0.5728698372840881,124.62368774414062,21.285024642944336,171.16143144880022,0.5728698968887329,0.5725351572036743,0.007323744706809521,0.5591671466827393,0.56132972240448,0.5629029273986816,0.5675688982009888,0.5725351572036743,0.5775692462921143,0.5825182199478149,0.5847443342208862,0.5877450108528137
2835,-0.5731844305992126,124.55750274658203,21.39129638671875,171.06370544433594,0.5731844305992126,0.5730332136154175,0.007236696779727936,0.5591671466827393,0.56132972240448,0.5635287165641785,0.5681886672973633,0.5730332136154175,0.5776790976524353,0.5825182199478149,0.5847443342208862,0.5877450108528137
2870,-0.5732393264770508,124.48773956298828,21.502174377441406,170.96038818359375,0.5732393860816956,0.5730332136154175,0.007185226771980524,0.5591671466827393,0.56132972240448,0.5640831589698792,0.5684189200401306,0.5730332136154175,0.5776790976524353,0.5825182199478149,0.5847443342208862,0.5877450108528137
2905,-0.5740230679512024,124.41942596435547,21.611570358276367,170.85846819196428,0.5740230679512024,0.5735845565795898,0.007453335449099541,0.5591683983802795,0.56132972240448,0.5647262334823608,0.5702650547027588,0.5735845565795898,0.578667163848877,0.5838286876678467,0.5867804884910583,0.5919686555862427
2940,-0.5741140842437744,124.35442352294922,21.72510528564453,170.75886753627233,0.5741140842437744,0.5737009048461914,0.007443338166922331,0.5599522590637207,0.56132972240448,0.5647262334823608,0.5702650547027588,0.5737009048461914,0.5790453553199768,0.5838286876678467,0.5867804884910583,0.5919686555862427
2975,-0.5744204521179199,124.29263305664062,21.841251373291016,170.6619153703962,0.5744205117225647,0.5740380883216858,0.007417893502861261,0.5599522590637207,0.56132972240448,0.5647262334823608,0.5706800222396851,0.5740380883216858,0.5791733860969543,0.5838286876678467,0.5867804884910583,0.5919686555862427
3010,-0.574493944644928,124.22261047363281,21.9444580078125,170.55962916782923,0.5744940042495728,0.5743138790130615,0.007408732082694769,0.5599522590637207,0.56132972240448,0.5647262334823608,0.5706800222396851,0.5743138790130615,0.5791733860969543,0.5838286876678467,0.5867804884910583,0.5919686555862427
3045,-0.574493944644928,124.15129089355469,22.0531005859375,170.45403180803572,0.5744940042495728,0.5743138790130615,0.007408732082694769,0.5599522590637207,0.56132972240448,0.5647262334823608,0.5706800222396851,0.5743138790130615,0.5791733860969543,0.5838286876678467,0.5867804884910583,0.5919686555862427
3080,-0.574672281742096,124.08111572265625,22.15096664428711,170.3524387904576,0.574672281742096,0.5744513869285583,0.007564690429717302,0.5599647164344788,0.56132972240448,0.5647262334823608,0.5706800222396851,0.5744513869285583,0.579186201095581,0.5840259790420532,0.5877783894538879,0.5919686555862427
3115,-0.5748600363731384,124.00743103027344,22.261756896972656,170.24362182617188,0.5748600363731384,0.5746591091156006,0.0076288022100925446,0.5599647164344788,0.56132972240448,0.5647262334823608,0.5707167983055115,0.5746591091156006,0.5795562267303467,0.5845866203308105,0.5877783894538879,0.5919686555862427
3150,-0.5749297142028809,123.93296813964844,22.349002838134766,170.13829912458147,0.5749297738075256,0.5746591091156006,0.007571680936962366,0.5599647164344788,0.56132972240448,0.5647262334823608,0.5707822442054749,0.5746591091156006,0.5795562267303467,0.5845866203308105,0.5877783894538879,0.5919686555862427
3185,-0.5751051306724548,123.85883331298828,22.457805633544922,170.03067452566964,0.5751051306724548,0.5746591091156006,0.00751172099262476,0.5599647164344788,0.56132972240448,0.5652453899383545,0.5708690285682678,0.5746591091156006,0.5797095894813538,0.5845866203308105,0.5877783894538879,0.5919686555862427
3220,-0.5752672553062439,123.78362274169922,22.558176040649414,169.92227608816964,0.5752673149108887,0.5746591091156006,0.007602893281728029,0.5599647164344788,0.5628526210784912,0.5652453899383545,0.5708690285682678,0.5746591091156006,0.5797095894813538,0.5847390294075012,0.5889295339584351,0.5919686555862427
3255,-0.5757095217704773,123.70319366455078,22.65386390686035,169.8091779436384,0.5757095217704773,0.5751447677612305,0.007345892023295164,0.5613186359405518,0.5638092756271362,0.5655760169029236,0.5710163116455078,0.5751447677612305,0.5797095894813538,0.5852439403533936,0.5889295339584351,0.5919686555862427
3290,-0.5760394930839539,123.62916564941406,22.742801666259766,169.7050497872489,0.5760395526885986,0.5753795504570007,0.007310246583074331,0.5629002451896667,0.5641260147094727,0.5669791102409363,0.5710163116455078,0.5753795504570007,0.5804623961448669,0.585878312587738,0.5889295339584351,0.5919686555862427
3325,-0.5763055086135864,123.5512466430664,22.831951141357422,169.59622628348214,0.5763055086135864,0.5756896734237671,0.007127611897885799,0.5633562207221985,0.565338671207428,0.5670780539512634,0.5716195106506348,0.5756896734237671,0.5804623961448669,0.585878312587738,0.5889295339584351,0.5919686555862427
3360,-0.5765507221221924,123.46698760986328,22.92324447631836,169.4779096330915,0.5765507221221924,0.5757920742034912,0.007267148699611425,0.5633562207221985,0.565338671207428,0.5670939683914185,0.5716195106506348,0.5757920742034912,0.5805587768554688,0.5867363214492798,0.5895580649375916,0.5919686555862427
3395,-0.5766105651855469,123.3824462890625,23.019041061401367,169.36004856654577,0.5766105651855469,0.5758275389671326,0.007254484109580517,0.5633562207221985,0.565338671207428,0.5670939683914185,0.5716195106506348,0.5758275389671326,0.5805587768554688,0.5867363214492798,0.5895580649375916,0.5919686555862427
3430,-0.5767855048179626,123.3039779663086,23.113496780395508,169.24820382254464,0.5767855048179626,0.5758275389671326,0.007239945232868195,0.5638222694396973,0.5665451288223267,0.5676154494285583,0.5716195106506348,0.5758275389671326,0.5805587768554688,0.5868128538131714,0.5907474160194397,0.5919686555862427
3465,-0.5770097970962524,123.2197265625,23.208633422851562,169.13164629255022,0.5770097970962524,0.5762670040130615,0.007111893501132727,0.5638222694396973,0.5665451288223267,0.5686744451522827,0.5722674131393433,0.5762670040130615,0.5805587768554688,0.5868128538131714,0.5907474160194397,0.5919686555862427
3500,-0.5772539377212524,123.14384460449219,23.30333709716797,169.0235639299665,0.5772539377212524,0.5764563679695129,0.007268636021763086,0.5641353130340576,0.5665451288223267,0.5686744451522827,0.5726737976074219,0.5764563679695129,0.580755889415741,0.5871300101280212,0.5913822054862976,0.5922940373420715
3535,-0.5774065852165222,123.06584930419922,23.388992309570312,168.91409955705916,0.5774065852165222,0.5767421722412109,0.0071798223070800304,0.5641353130340576,0.5665451288223267,0.568993091583252,0.5728822946548462,0.5767421722412109,0.5810753107070923,0.5871300101280212,0.5913822054862976,0.5922940373420715
3570,-0.5775946974754333,122.98847961425781,23.473459243774414,168.80456324986048,0.5775946974754333,0.5771411657333374,0.007249996531754732,0.5641353130340576,0.5665451288223267,0.568993091583252,0.572955846786499,0.5771411657333374,0.5815385580062866,0.5878340601921082,0.5913822054862976,0.5922940373420715
3605,-0.5779061913490295,122.906982421875,23.564796447753906,168.6892830984933,0.5779061913490295,0.5776609182357788,0.00705273263156414,0.5641353130340576,0.5670788884162903,0.569322943687439,0.5730651617050171,0.5776609182357788,0.5824926495552063,0.5878340601921082,0.5913822054862976,0.5922940373420715
3640,-0.5781023502349854,122.82450103759766,23.6481876373291,168.57542419433594,0.5781022906303406,0.5779247283935547,0.006948838941752911,0.5641353130340576,0.5670947432518005,0.5694854855537415,0.5736432671546936,0.5779247283935547,0.5824926495552063,0.5878340601921082,0.5913822054862976,0.5922940373420715
3675,-0.5782233476638794,122.7448501586914,23.73368263244629,168.46346173967635,0.5782233476638794,0.5780549049377441,0.006997107528150082,0.5641353130340576,0.5670947432518005,0.5694854855537415,0.5736432671546936,0.5780549049377441,0.5828105807304382,0.5878340601921082,0.5913822054862976,0.5922940373420715
3710,-0.5782831907272339,122.6662826538086,23.8270320892334,168.35147748674666,0.5782831907272339,0.5780549049377441,0.0069952551275491714,0.5641353130340576,0.5670947432518005,0.5694997906684875,0.5736432671546936,0.5780549049377441,0.5830973386764526,0.5878340601921082,0.5913822054862976,0.5922940373420715
3745,-0.5784231424331665,122.58826446533203,23.91225814819336,168.24175807407923,0.5784231424331665,0.5781475305557251,0.006891324650496244,0.5670039057731628,0.5684094429016113,0.5694997906684875,0.5737893581390381,0.5781475305557251,0.5830973386764526,0.5878340601921082,0.5913822054862976,0.5922940373420715
3780,-0.5784554481506348,122.51013946533203,23.997509002685547,168.13043212890625,0.5784554481506348,0.5781475305557251,0.006888297386467457,0.5670039057731628,0.5684094429016113,0.5694997906684875,0.5737979412078857,0.5781475305557251,0.5830973386764526,0.5878340601921082,0.5913822054862976,0.5922940373420715
3815,-0.578761100769043,122.42500305175781,24.082069396972656,168.01216997419084,0.578761100769043,0.5784865617752075,0.006772937253117561,0.5670794248580933,0.5686196088790894,0.5703990459442139,0.5742619633674622,0.5784865617752075,0.5834251642227173,0.5879672169685364,0.5913822054862976,0.5922940373420715
3850,-0.578908383846283,122.34905242919922,24.168725967407227,167.9033203125,0.5789084434509277,0.5784865617752075,0.0066654495894908905,0.5670794248580933,0.5691066384315491,0.571011483669281,0.5744695663452148,0.5784865617752075,0.5835894346237183,0.5879672169685364,0.5913822054862976,0.5922940373420715
3885,-0.5790029168128967,122.26506805419922,24.249235153198242,167.7879420689174,0.5790029764175415,0.5787640810012817,0.006607920862734318,0.5670794248580933,0.5694360136985779,0.5712741017341614,0.5744695663452148,0.5787640810012817,0.5835894346237183,0.5879672169685364,0.5913822054862976,0.5922940373420715
3920,-0.5793710947036743,122.1828842163086,24.336448669433594,167.67279488699776,0.5793710947036743,0.5790966749191284,0.006734950002282858,0.5670794248580933,0.5694360136985779,0.5714834332466125,0.5745313167572021,0.5790966749191284,0.5843192338943481,0.5888389945030212,0.5914466381072998,0.5922940373420715
3955,-0.5796147584915161,122.09663391113281,24.418132781982422,167.55335126604353,0.5796148180961609,0.5791772603988647,0.006961454171687365,0.5670794248580933,0.5694360136985779,0.5714834332466125,0.5747185945510864,0.5791772603988647,0.5847058892250061,0.5888389945030212,0.591967761516571,0.5934699773788452
3990,-0.5800020694732666,122.00762939453125,24.489606857299805,167.43416704450334,0.5800020694732666,0.5793921947479248,0.00712022976949811,0.5670952200889587,0.5694758296012878,0.5714834332466125,0.5750911831855774,0.5793921947479248,0.5847792625427246,0.588932454586029,0.5920778512954712,0.5943619608879089
4025,-0.5803211331367493,121.92486572265625,24.572010040283203,167.31872340611048,0.580321192741394,0.5793921947479248,0.007110755890607834,0.5670952200889587,0.5694899559020996,0.571785032749176,0.5754549503326416,0.5793921947479248,0.5852196216583252,0.5896189212799072,0.5920778512954712,0.5943619608879089
4060,-0.5803577303886414,121.83919525146484,24.65239906311035,167.20079040527344,0.5803577303886414,0.579622745513916,0.007064130622893572,0.5671804547309875,0.5694899559020996,0.571785032749176,0.5754549503326416,0.579622745513916,0.5852196216583252,0.5896189212799072,0.5920778512954712,0.5943619608879089
4095,-0.5808830857276917,121.748779296875,24.738908767700195,167.07557242257255,0.5808830857276917,0.5799716114997864,0.006902456283569336,0.5684526562690735,0.5706449747085571,0.57281893491745,0.5758347511291504,0.5799716114997864,0.5854023694992065,0.5907846093177795,0.5923295617103577,0.5943619608879089
4130,-0.5809721350669861,121.65869140625,24.81478500366211,166.95247323172433,0.5809720754623413,0.5802503228187561,0.0068857246078550816,0.5684526562690735,0.5706449747085571,0.57281893491745,0.5758556127548218,0.5802503228187561,0.5856680870056152,0.5907846093177795,0.5923295617103577,0.5943619608879089
4165,-0.5811985731124878,121.56993103027344,24.88671875,166.8316868373326,0.581198513507843,0.580512523651123,0.006859977729618549,0.5684526562690735,0.5706449747085571,0.5732464790344238,0.5759397745132446,0.580512523651123,0.585972785949707,0.5907846093177795,0.5923295617103577,0.5943619608879089
4200,-0.5815633535385132,121.4843521118164,24.971023559570312,166.71158490862166,0.5815632939338684,0.5808992981910706,0.006792793516069651,0.5684526562690735,0.5718717575073242,0.5735712647438049,0.5764836072921753,0.5808992981910706,0.5865967869758606,0.5907846093177795,0.5923295617103577,0.5943619608879089
4235,-0.5817275047302246,121.39875030517578,25.052440643310547,166.59129769461495,0.5817275047302246,0.5808992981910706,0.006896269507706165,0.5684526562690735,0.5718717575073242,0.5735712647438049,0.5765702128410339,0.5808992981910706,0.5867214798927307,0.5914276242256165,0.5934686660766602,0.5948309302330017
4270,-0.5818133354187012,121.30709838867188,25.13176155090332,166.46551077706474,0.5818133354187012,0.5808992981910706,0.006877674721181393,0.569480836391449,0.5719355344772339,0.5735712647438049,0.5765702128410339,0.5808992981910706,0.5867214798927307,0.5915234684944153,0.5934686660766602,0.5948309302330017
4305,-0.5821009874343872,121.2253646850586,25.221233367919922,166.34858049665178,0.5821009278297424,0.5811660289764404,0.006901925895363092,0.5696181654930115,0.5719355344772339,0.5737139582633972,0.5771079063415527,0.5811660289764404,0.586919903755188,0.591751217842102,0.5934686660766602,0.5948309302330017
4340,-0.5822245478630066,121.13136291503906,25.292064666748047,166.22286769321985,0.5822245478630066,0.5813068151473999,0.0069345408119261265,0.5696181654930115,0.5719355344772339,0.5737139582633972,0.5773594379425049,0.5813068151473999,0.5871156454086304,0.5919670462608337,0.5934686660766602,0.5948309302330017
4375,-0.5823600888252258,121.03841400146484,25.368906021118164,166.09627423967635,0.5823601484298706,0.5815166234970093,0.007022280711680651,0.5696181654930115,0.5719355344772339,0.5737139582633972,0.5773594379425049,0.5815166234970093,0.5873458981513977,0.5920140743255615,0.5934686660766602,0.5948309302330017
4410,-0.5824763178825378,120.94210815429688,25.44743537902832,165.96461922781808,0.5824763178825378,0.5815166234970093,0.006898394785821438,0.5697286128997803,0.5724618434906006,0.5737920999526978,0.5776788592338562,0.5815166234970093,0.5873458981513977,0.5920140743255615,0.5934686660766602,0.5948309302330017
4445,-0.58287113904953,120.84654235839844,25.531858444213867,165.8335702078683,0.5828711986541748,0.5822262763977051,0.007016913965344429,0.5697286128997803,0.5724618434906006,0.5744403600692749,0.5780479311943054,0.5822262763977051,0.5882689356803894,0.5921148061752319,0.5934975147247314,0.5948309302330017
4480,-0.5830402374267578,120.74809265136719,25.616233825683594,165.69767325265067,0.5830402970314026,0.5824682712554932,0.006883763242512941,0.5710043907165527,0.5724864602088928,0.5745365619659424,0.5782046318054199,0.5824682712554932,0.5885783433914185,0.5921148061752319,0.5934975147247314,0.5948309302330017
4515,-0.5831336379051208,120.66122436523438,25.691551208496094,165.57728358677454,0.5831336379051208,0.5824682712554932,0.006831956561654806,0.5710043907165527,0.5724864602088928,0.5748260617256165,0.5782046318054199,0.5824682712554932,0.5885783433914185,0.5921148061752319,0.5934975147247314,0.5948309302330017
4550,-0.5831652879714966,120.57292175292969,25.7598819732666,165.4596230643136,0.5831653475761414,0.5824682712554932,0.006792265921831131,0.5710043907165527,0.5724864602088928,0.5748260617256165,0.5783559679985046,0.5824682712554932,0.5885783433914185,0.5921148061752319,0.5934975147247314,0.5948309302330017
4585,-0.5832976698875427,120.47714233398438,25.839378356933594,165.3292476109096,0.5832976698875427,0.5824682712554932,0.006725598126649857,0.5710043907165527,0.5725092887878418,0.5756169557571411,0.5785160660743713,0.5824682712554932,0.5887843370437622,0.5921148061752319,0.5934975147247314,0.5948309302330017
4620,-0.5835699439048767,120.38045501708984,25.921886444091797,165.19597734723772,0.5835699439048767,0.5826996564865112,0.006610849406570196,0.5710043907165527,0.573789656162262,0.5758359432220459,0.5790111422538757,0.5826996564865112,0.5888441205024719,0.5921148061752319,0.5934975147247314,0.5948309302330017
4655,-0.5837759375572205,120.28532409667969,25.992815017700195,165.06775774274553,0.5837759375572205,0.5828768014907837,0.006576352287083864,0.5710043907165527,0.573789656162262,0.5758359432220459,0.5793583989143372,0.5828768014907837,0.5888441205024719,0.5921148061752319,0.5934975147247314,0.5948309302330017
4690,-0.5840744376182556,120.19098663330078,26.067859649658203,164.93785749162947,0.5840744376182556,0.5836571455001831,0.006609377451241016,0.5710043907165527,0.5744054317474365,0.5759556889533997,0.5795489549636841,0.5836571455001831,0.5888441205024719,0.5923029780387878,0.5937724709510803,0.5967317223548889
4725,-0.5843129754066467,120.09676361083984,26.136760711669922,164.81031363351005,0.5843129754066467,0.5841497182846069,0.006554384250193834,0.5710043907165527,0.5744054317474365,0.5759556889533997,0.5798025131225586,0.5841497182846069,0.5888441205024719,0.5923029780387878,0.5937724709510803,0.5967317223548889
4760,-0.5848039388656616,120.00830078125,26.209537506103516,164.68794686453683,0.5848038792610168,0.5846496820449829,0.006433508824557066,0.5724459886550903,0.5748401880264282,0.5763694643974304,0.5800021290779114,0.5846496820449829,0.5888738632202148,0.5926395058631897,0.5942773222923279,0.5986594557762146
4795,-0.5848276019096375,119.91985321044922,26.288772583007812,164.56329563685827,0.5848276019096375,0.5846496820449829,0.006403233855962753,0.5724459886550903,0.5756590962409973,0.5763694643974304,0.5800021290779114,0.5846496820449829,0.5888738632202148,0.5926395058631897,0.5942773222923279,0.5986594557762146
4830,-0.5848725438117981,119.81846618652344,26.36223602294922,164.42636108398438,0.5848724842071533,0.5846496820449829,0.006382401566952467,0.5724459886550903,0.5756590962409973,0.5763694643974304,0.5800021290779114,0.5846496820449829,0.5888738632202148,0.5926395058631897,0.5942773222923279,0.5986594557762146
4865,-0.5852899551391602,119.7189712524414,26.438119888305664,164.28968811035156,0.5852899551391602,0.5854077935218811,0.006217425689101219,0.5755958557128906,0.5758500099182129,0.5765680074691772,0.5808327198028564,0.5854077935218811,0.5889060497283936,0.5930718183517456,0.5947440266609192,0.5986594557762146
4900,-0.5855997800827026,119.62244415283203,26.510202407836914,164.1576647077288,0.5855997204780579,0.5858050584793091,0.006220456212759018,0.5755958557128906,0.5758500099182129,0.5767202973365784,0.581591784954071,0.5858050584793091,0.5890811085700989,0.593457043170929,0.5950585007667542,0.5986594557762146
4935,-0.5858229994773865,119.5274658203125,26.565465927124023,164.0319606236049,0.5858229398727417,0.5864350199699402,0.006201013922691345,0.5755958557128906,0.5758500099182129,0.5770502090454102,0.5818149447441101,0.5864350199699402,0.5890811085700989,0.5935106873512268,0.5965773463249207,0.5986594557762146
4970,-0.5858438014984131,119.42737579345703,26.63485336303711,163.896968296596,0.5858437418937683,0.5864350199699402,0.006192023400217295,0.5755958557128906,0.5758500099182129,0.5770502090454102,0.5818315744400024,0.5864350199699402,0.5890811085700989,0.5935106873512268,0.5965773463249207,0.5986594557762146
5005,-0.5861514806747437,119.32059478759766,26.704666137695312,163.75316510881697,0.5861514806747437,0.5866503715515137,0.006228233687579632,0.5755958557128906,0.5758500099182129,0.5781223773956299,0.5818996429443359,0.5866503715515137,0.5901609659194946,0.5937977433204651,0.5966047644615173,0.5986594557762146
5040,-0.5862095355987549,119.22027587890625,26.7687931060791,163.61878749302454,0.5862095355987549,0.5866503715515137,0.006251382175832987,0.5755958557128906,0.5758500099182129,0.5781223773956299,0.5820751786231995,0.5866503715515137,0.5901609659194946,0.5938456058502197,0.5966761112213135,0.5986594557762146
5075,-0.5862765908241272,119.1236572265625,26.845903396606445,163.48371015276228,0.5862765312194824,0.5866526365280151,0.006219224072992802,0.5755958557128906,0.5758500099182129,0.5781223773956299,0.582373321056366,0.5866526365280151,0.5901609659194946,0.5938456058502197,0.5966761112213135,0.5986594557762146
5110,-0.5866435170173645,119.0246810913086,26.912729263305664,163.35013471330916,0.5866434574127197,0.5867165327072144,0.006186595652252436,0.5756374597549438,0.575993001461029,0.5791739821434021,0.5825127959251404,0.5867165327072144,0.5911449193954468,0.5947560667991638,0.5967790484428406,0.5996798276901245
5145,-0.5867983102798462,118.93083190917969,26.985393524169922,163.21702793666296,0.586798369884491,0.586879312992096,0.006182493641972542,0.5756374597549438,0.575993001461029,0.5796055197715759,0.582545280456543,0.586879312992096,0.5914398431777954,0.5947560667991638,0.5967790484428406,0.5996798276901245
5180,-0.5869156718254089,118.83198547363281,27.058887481689453,163.0820072719029,0.5869157314300537,0.5870510339736938,0.00616050511598587,0.5756374597549438,0.575993001461029,0.5796055197715759,0.5825802087783813,0.5870510339736938,0.5914398431777954,0.5947560667991638,0.5967790484428406,0.5996798276901245
5215,-0.5871915221214294,118.72997283935547,27.11940574645996,162.94595990862166,0.5871915221214294,0.5870510339736938,0.006382637657225132,0.5756374597549438,0.5770463347434998,0.5796636343002319,0.5825802087783813,0.5870510339736938,0.5916162133216858,0.5965752601623535,0.5986906886100769,0.5998730063438416
5250,-0.587449312210083,118.61906433105469,27.1883602142334,162.79784938267298,0.587449312210083,0.5870510339736938,0.006380314007401466,0.5756374597549438,0.5770463347434998,0.5799557566642761,0.5829909443855286,0.5870510339736938,0.5919739007949829,0.5966082811355591,0.5996801257133484,0.6003947257995605
5285,-0.5875148773193359,118.51622009277344,27.261568069458008,162.65873064313615,0.5875148773193359,0.5870510339736938,0.00625900411978364,0.5758302807807922,0.578179121017456,0.5799557566642761,0.5829909443855286,0.5870510339736938,0.5919739007949829,0.5966082811355591,0.5996801257133484,0.6003947257995605
5320,-0.5875561237335205,118.41134643554688,27.327529907226562,162.51806422642298,0.5875561237335205,0.5870510339736938,0.0061976974830031395,0.5759885311126709,0.5790249705314636,0.5799557566642761,0.5829909443855286,0.5870510339736938,0.5919739007949829,0.5966082811355591,0.5996801257133484,0.6003947257995605
5355,-0.5881830453872681,118.30583190917969,27.390390396118164,162.37625340053015,0.5881830453872681,0.5879867672920227,0.0064822835847735405,0.5759885311126709,0.5790249705314636,0.5800012946128845,0.5834348201751709,0.5879867672920227,0.5926271080970764,0.5966807007789612,0.5996993184089661,0.6006182432174683
5390,-0.5886764526367188,118.19903564453125,27.459503173828125,162.23277064732142,0.588676393032074,0.5884905457496643,0.006690922658890486,0.5759885311126709,0.5796350836753845,0.5817725658416748,0.5837964415550232,0.5884905457496643,0.5927351117134094,0.5966807007789612,0.5998852849006653,0.6027694344520569
5425,-0.5888532400131226,118.099365234375,27.53765106201172,162.09337506975447,0.5888532400131226,0.588715136051178,0.006605967879295349,0.578212559223175,0.5799658298492432,0.581812858581543,0.5837964415550232,0.588715136051178,0.5928577780723572,0.5966807007789612,0.5998852849006653,0.6027694344520569
5460,-0.5888999700546265,118.0010986328125,27.615816116333008,161.95417131696428,0.5888999700546265,0.588715136051178,0.006594821810722351,0.578212559223175,0.5799658298492432,0.581812858581543,0.5837964415550232,0.588715136051178,0.5928577780723572,0.5966807007789612,0.5998852849006653,0.6027694344520569
5495,-0.5892112851142883,117.89825439453125,27.682588577270508,161.81331089564733,0.5892112851142883,0.5888184905052185,0.006550634279847145,0.578212559223175,0.5799658298492432,0.5818585753440857,0.5840654969215393,0.5888184905052185,0.59312903881073,0.5967946648597717,0.5998852849006653,0.6027694344520569
5530,-0.5894097089767456,117.78661346435547,27.736730575561523,161.6676025390625,0.5894097685813904,0.5888184905052185,0.0063286819495260715,0.5790498852729797,0.5800024271011353,0.5819149017333984,0.5845960378646851,0.5888184905052185,0.5931384563446045,0.5967946648597717,0.5998852849006653,0.6027694344520569
5565,-0.589518666267395,117.68032836914062,27.802717208862305,161.52527509416853,0.5895187258720398,0.5888780355453491,0.00634382339194417,0.5790498852729797,0.5800024271011353,0.5819149017333984,0.5845960378646851,0.5888780355453491,0.5931384563446045,0.5971624255180359,0.5998852849006653,0.6027694344520569
5600,-0.5897380709648132,117.57588195800781,27.865886688232422,161.38569859095983,0.5897380709648132,0.5889257192611694,0.006594909355044365,0.5790498852729797,0.5800024271011353,0.5819149017333984,0.5849690437316895,0.5889257192611694,0.5936189889907837,0.5980095267295837,0.6006406545639038,0.6041236519813538
5635,-0.589910089969635,117.47098541259766,27.923620223999023,161.24647303989954,0.589910089969635,0.5889904499053955,0.006563042756170034,0.5790498852729797,0.5800024271011353,0.5823706388473511,0.5852259993553162,0.5889904499053955,0.5937767624855042,0.5980095267295837,0.6006406545639038,0.6041236519813538
5670,-0.5901884436607361,117.35420227050781,27.986114501953125,161.09097508021765,0.5901884436607361,0.5895308256149292,0.006402301602065563,0.5790498852729797,0.581390917301178,0.5824756026268005,0.585555911064148,0.5895308256149292,0.5937767624855042,0.5980095267295837,0.6006406545639038,0.6041236519813538
5705,-0.590479850769043,117.2432861328125,28.04616928100586,160.94383675711495,0.590479850769043,0.5900284051895142,0.0063118585385382175,0.5790498852729797,0.5818144083023071,0.5826341509819031,0.5863767862319946,0.5900284051895142,0.5940249562263489,0.5980095267295837,0.6006406545639038,0.6041236519813538
5740,-0.590699315071106,117.13361358642578,28.101512908935547,160.80008588518416,0.5906993746757507,0.5904680490493774,0.00631517730653286,0.5790498852729797,0.5818144083023071,0.5826341509819031,0.5867388248443604,0.5904680490493774,0.5943152904510498,0.5980095267295837,0.6006406545639038,0.6041236519813538
5775,-0.5908635854721069,117.03086853027344,28.16891098022461,160.65843200683594,0.5908635854721069,0.5905872583389282,0.00634947931393981,0.5790498852729797,0.5818144083023071,0.5826341509819031,0.5868470668792725,0.5905872583389282,0.594792366027832,0.5980095267295837,0.601919412612915,0.6041236519813538
5810,-0.5910114645957947,116.91478729248047,28.22665023803711,160.50643920898438,0.5910114645957947,0.5909246802330017,0.006241286173462868,0.5799633860588074,0.5818608999252319,0.5827383995056152,0.5868470668792725,0.5909246802330017,0.5950154066085815,0.5980095267295837,0.601919412612915,0.6041236519813538
5845,-0.5910747647285461,116.80048370361328,28.2744140625,160.35791887555803,0.5910747647285461,0.5909246802330017,0.006185751873999834,0.5799633860588074,0.5818608999252319,0.5834750533103943,0.5869963765144348,0.5909246802330017,0.5950154066085815,0.5980095267295837,0.601919412612915,0.6041236519813538
5880,-0.5915449857711792,116.68843078613281,28.33297348022461,160.2098105294364,0.591545045375824,0.5915343165397644,0.006599166430532932,0.5799633860588074,0.5819114446640015,0.5835296511650085,0.5871060490608215,0.5915343165397644,0.5954105854034424,0.5997507572174072,0.6027448177337646,0.6058228015899658
5915,-0.5919533371925354,116.57431030273438,28.409461975097656,160.05320521763392,0.5919533967971802,0.5919748544692993,0.0069581628777086735,0.5799633860588074,0.5824501514434814,0.5837752223014832,0.5872346758842468,0.5919748544692993,0.5956336855888367,0.6006207466125488,0.6036381721496582,0.6120005249977112
5950,-0.5920625329017639,116.46370697021484,28.468076705932617,159.90568106515067,0.5920625925064087,0.5919748544692993,0.0070695821195840836,0.5811534523963928,0.5824501514434814,0.5837752223014832,0.5872346758842468,0.5919748544692993,0.5956336855888367,0.6006207466125488,0.6041718125343323,0.6120005249977112
5985,-0.5925699472427368,116.35126495361328,28.5308895111084,159.75447736467635,0.5925700068473816,0.5924332737922668,0.0073549784719944,0.5811534523963928,0.5824501514434814,0.5837752223014832,0.5872346758842468,0.5924332737922668,0.5965796113014221,0.6011123657226562,0.6058964729309082,0.6120005249977112
6020,-0.5928494930267334,116.23529815673828,28.594669342041016,159.59887913295202,0.5928495526313782,0.5926580429077148,0.0072252582758665085,0.5811534523963928,0.5827038884162903,0.5841982364654541,0.5881364345550537,0.5926580429077148,0.596678614616394,0.6011123657226562,0.6058964729309082,0.6120005249977112
6055,-0.5931105613708496,116.13007354736328,28.651872634887695,159.4569593157087,0.5931106209754944,0.5926580429077148,0.007286194711923599,0.5811534523963928,0.5827038884162903,0.5843058228492737,0.5885098576545715,0.5926580429077148,0.5967156887054443,0.6022661328315735,0.6058964729309082,0.6120005249977112
6090,-0.5937725901603699,116.02354431152344,28.70732879638672,159.31327383858817,0.5937726497650146,0.5927772521972656,0.007908456027507782,0.5811534523963928,0.58326655626297,0.5845005512237549,0.5886658430099487,0.5927772521972656,0.5969974994659424,0.6041666269302368,0.6114771962165833,0.6132415533065796
6125,-0.5941314101219177,115.90309143066406,28.767539978027344,159.15358407156808,0.5941314697265625,0.5928295254707336,0.0080867363139987,0.5811534523963928,0.5835154056549072,0.5846628546714783,0.5886658430099487,0.5928295254707336,0.5979379415512085,0.6057915687561035,0.6114771962165833,0.6132415533065796
6160,-0.5941480994224548,115.79572296142578,28.819602966308594,159.0101318359375,0.5941481590270996,0.5928295254707336,0.008070101030170918,0.5811534523963928,0.5835154056549072,0.5846628546714783,0.5886658430099487,0.5928295254707336,0.5979379415512085,0.6057915687561035,0.6114771962165833,0.6132415533065796
6195,-0.5942521691322327,115.67691040039062,28.856733322143555,158.85971069335938,0.5942522287368774,0.5928295254707336,0.007963808253407478,0.5817610025405884,0.5838606953620911,0.5846628546714783,0.5887337923049927,0.5928295254707336,0.5979379415512085,0.6057915687561035,0.6114771962165833,0.6132415533065796
6230,-0.594433069229126,115.56808471679688,28.927017211914062,158.71044921875,0.594433069229126,0.5935742855072021,0.007931603118777275,0.5817610025405884,0.5838606953620911,0.5846628546714783,0.5887554883956909,0.5935742855072021,0.5979611873626709,0.6057915687561035,0.6114771962165833,0.6132415533065796
6265,-0.5945652723312378,115.45332336425781,28.978899002075195,158.55973161969865,0.5945652723312378,0.5936660766601562,0.007798675447702408,0.5835210084915161,0.5838606953620911,0.5846628546714783,0.5888416171073914,0.5936660766601562,0.5979611873626709,0.6057915687561035,0.6114771962165833,0.6132415533065796
6300,-0.5945818424224854,115.34349822998047,29.033544540405273,158.41297912597656,0.5945818424224854,0.5936660766601562,0.007781009189784527,0.5835210084915161,0.5842003226280212,0.5846628546714783,0.5888416171073914,0.5936660766601562,0.5979611873626709,0.6057915687561035,0.6114771962165833,0.6132415533065796
6335,-0.594748318195343,115.2197265625,29.081642150878906,158.25277056012834,0.594748318195343,0.593859076499939,0.007654886227101088,0.5835210084915161,0.5842003226280212,0.5856080055236816,0.5890130400657654,0.593859076499939,0.5979611873626709,0.6057915687561035,0.6114771962165833,0.6132415533065796
6370,-0.595389187335968,115.10961151123047,29.12405014038086,158.10950578962053,0.595389187335968,0.5945460796356201,0.0076304166577756405,0.5837982296943665,0.5844523906707764,0.5869807004928589,0.5901359915733337,0.5945460796356201,0.599469780921936,0.60667884349823,0.6114771962165833,0.6132415533065796
6405,-0.5955116748809814,114.99442291259766,29.189817428588867,157.95125252859933,0.5955116748809814,0.5946040153503418,0.007654200308024883,0.5837982296943665,0.5844523906707764,0.5869807004928589,0.5903596878051758,0.5946040153503418,0.599826991558075,0.60667884349823,0.6114771962165833,0.6132415533065796
6440,-0.5956634879112244,114.87257385253906,29.234294891357422,157.79259599958147,0.5956635475158691,0.5947301387786865,0.007652854546904564,0.5837982296943665,0.5844523906707764,0.5869807004928589,0.5903596878051758,0.5947301387786865,0.6002996563911438,0.60667884349823,0.6114771962165833,0.6132415533065796
6475,-0.5961615443229675,114.76204681396484,29.294376373291016,157.64110674176897,0.5961616039276123,0.5950571298599243,0.007431534584611654,0.5844524502754211,0.5856107473373413,0.5879490971565247,0.5907467007637024,0.5950571298599243,0.6006885170936584,0.606987476348877,0.6114771962165833,0.6132415533065796
6510,-0.5964524745941162,114.6454849243164,29.345401763916016,157.48595319475447,0.5964524745941162,0.5951693058013916,0.007408184930682182,0.5846741795539856,0.586442232131958,0.5880584716796875,0.5908218026161194,0.5951693058013916,0.6014437675476074,0.6070939302444458,0.6114771962165833,0.6132415533065796
6545,-0.5969340205192566,114.52693939208984,29.395450592041016,157.3301239013672,0.5969340205192566,0.5957297086715698,0.007451989687979221,0.585541307926178,0.5874130129814148,0.5884090065956116,0.5911932587623596,0.5957297086715698,0.6015419363975525,0.6084697246551514,0.6116602420806885,0.6132415533065796
6580,-0.5971499681472778,114.41455078125,29.441143035888672,157.1820068359375,0.5971500277519226,0.5963091850280762,0.007398814894258976,0.585541307926178,0.5874130129814148,0.5884090065956116,0.5914539098739624,0.5963091850280762,0.6015419363975525,0.6084697246551514,0.6116602420806885,0.6132415533065796
6615,-0.5974500179290771,114.30036163330078,29.488170623779297,157.03089904785156,0.5974500775337219,0.5965103507041931,0.007258789613842964,0.585541307926178,0.5879582166671753,0.5887421369552612,0.5922271609306335,0.5965103507041931,0.6016988158226013,0.6084697246551514,0.6116602420806885,0.6132415533065796
6650,-0.5976678133010864,114.18116760253906,29.538562774658203,156.8716779436384,0.5976678729057312,0.5967662334442139,0.0071819499135017395,0.585541307926178,0.5880101919174194,0.5890030860900879,0.592419445514679,0.5967662334442139,0.6019135117530823,0.6084697246551514,0.6116602420806885,0.6132415533065796
6685,-0.5978682637214661,114.06779479980469,29.590362548828125,156.7193865094866,0.5978682637214661,0.5968657732009888,0.007123039104044437,0.585541307926178,0.5880101919174194,0.5890030860900879,0.5927258133888245,0.5968657732009888,0.6021451354026794,0.6084697246551514,0.6116602420806885,0.6132415533065796
6720,-0.5983362197875977,113.94328308105469,29.631053924560547,156.55811418805803,0.5983362793922424,0.5979384779930115,0.007059954106807709,0.5869936943054199,0.5881884694099426,0.5890147089958191,0.5927790403366089,0.5979384779930115,0.6026318073272705,0.6084697246551514,0.6116602420806885,0.6132415533065796
6755,-0.5983385443687439,113.83174133300781,29.68107795715332,156.40692138671875,0.5983385443687439,0.5979384779930115,0.007057820912450552,0.5869936943054199,0.5881884694099426,0.5890147089958191,0.5927790403366089,0.5979384779930115,0.6026318073272705,0.6084697246551514,0.6116602420806885,0.6132415533065796
6790,-0.5985845923423767,113.7080307006836,29.722732543945312,156.24782017299108,0.5985846519470215,0.598006010055542,0.006998774129897356,0.5869936943054199,0.5881884694099426,0.5891441702842712,0.593389630317688,0.598006010055542,0.6030333042144775,0.6084697246551514,0.6116602420806885,0.6132415533065796
6825,-0.59898442029953,113.58668518066406,29.769079208374023,156.0896475655692,0.5989844799041748,0.5986127257347107,0.006863174960017204,0.5877689719200134,0.5889981389045715,0.5913037061691284,0.5937364101409912,0.5986127257347107,0.6038632392883301,0.609017014503479,0.6116602420806885,0.6132415533065796
6860,-0.5990968346595764,113.463623046875,29.81913948059082,155.92728969029017,0.5990968346595764,0.5988392233848572,0.006837931927293539,0.5877689719200134,0.5889981389045715,0.5913037061691284,0.5937364101409912,0.5988392233848572,0.6038632392883301,0.609017014503479,0.6116602420806885,0.6132415533065796
6895,-0.5991784334182739,113.33431243896484,29.860870361328125,155.76000758579798,0.5991784930229187,0.5988392233848572,0.006889590993523598,0.5877689719200134,0.5889981389045715,0.5913037061691284,0.5937364101409912,0.5988392233848572,0.6041650772094727,0.609017014503479,0.6116602420806885,0.6132415533065796
6930,-0.5993698239326477,113.20734405517578,29.893735885620117,155.60029820033483,0.5993698239326477,0.5990096926689148,0.006851570215076208,0.5877689719200134,0.5890084505081177,0.5914785265922546,0.594390869140625,0.5990096926689148,0.6043881177902222,0.609017014503479,0.6116602420806885,0.6132415533065796
6965,-0.5995455384254456,113.08753204345703,29.937156677246094,155.44306073869978,0.5995455980300903,0.599125862121582,0.0068048895336687565,0.5877689719200134,0.5890084505081177,0.5920661091804504,0.5946417450904846,0.599125862121582,0.6045289635658264,0.609017014503479,0.6116602420806885,0.6132415533065796
7000,-0.5998326539993286,112.97030639648438,29.9903507232666,155.2864706856864,0.5998327136039734,0.5993306040763855,0.006944052409380674,0.5877689719200134,0.5890084505081177,0.5920661091804504,0.5947110652923584,0.5993306040763855,0.6050593256950378,0.609442949295044,0.6120211482048035,0.6132415533065796
7035,-0.6001807451248169,112.85395050048828,30.029388427734375,155.13413783482142,0.6001807451248169,0.5996795296669006,0.007143392693251371,0.5877689719200134,0.5890084505081177,0.5920974016189575,0.5949837565422058,0.5996795296669006,0.6051104068756104,0.60947585105896,0.6128265857696533,0.6140435338020325
7070,-0.6003192067146301,112.72500610351562,30.050548553466797,154.97540937151228,0.6003192067146301,0.5997636914253235,0.007118867710232735,0.5877689719200134,0.5890084505081177,0.5920974016189575,0.5951836109161377,0.5997636914253235,0.605226993560791,0.60947585105896,0.6128265857696533,0.6140435338020325
7105,-0.6008415222167969,112.59940338134766,30.081113815307617,154.8151354108538,0.6008415222167969,0.600327730178833,0.0071976082399487495,0.5877689719200134,0.5911003351211548,0.5922557711601257,0.5952540636062622,0.600327730178833,0.6060856580734253,0.6098603010177612,0.613047182559967,0.614971399307251
7140,-0.6009026765823364,112.4747314453125,30.10961151123047,154.65733119419642,0.6009027361869812,0.600327730178833,0.007237521931529045,0.5877689719200134,0.5911003351211548,0.5922557711601257,0.5952540636062622,0.600327730178833,0.6066792607307434,0.6098603010177612,0.613047182559967,0.614971399307251
7175,-0.6010922789573669,112.35116577148438,30.14909553527832,154.4964098249163,0.6010922789573669,0.6004809141159058,0.007064868230372667,0.587776243686676,0.5911581516265869,0.5924487113952637,0.595574676990509,0.6004809141159058,0.6066792607307434,0.6098603010177612,0.613047182559967,0.614971399307251
7210,-0.601190447807312,112.22589111328125,30.183086395263672,154.33421761648995,0.6011905074119568,0.6004809141159058,0.006977530661970377,0.587776243686676,0.5916478037834167,0.5925348997116089,0.5960185527801514,0.6004809141159058,0.6066792607307434,0.6098603010177612,0.613047182559967,0.614971399307251
7245,-0.6014310121536255,112.10584259033203,30.22284507751465,154.17608860560827,0.6014310717582703,0.600667417049408,0.007069985847920179,0.587776243686676,0.5916478037834167,0.5925348997116089,0.5960185527801514,0.600667417049408,0.6069937348365784,0.6106765866279602,0.613047182559967,0.614971399307251
7280,-0.6016863584518433,111.98374938964844,30.272899627685547,154.01490347726005,0.601686418056488,0.6008102893829346,0.007162793539464474,0.587776243686676,0.5916478037834167,0.5925348997116089,0.5962507724761963,0.6008102893829346,0.6070051193237305,0.6114700436592102,0.6132655739784241,0.6170294284820557
7315,-0.6020241975784302,111.85491180419922,30.311317443847656,153.848881312779,0.602024257183075,0.6010501384735107,0.007236360106617212,0.5880173444747925,0.5920823216438293,0.5925348997116089,0.5963334441184998,0.6010501384735107,0.6070809364318848,0.6116770505905151,0.6140703558921814,0.6174418926239014
7350,-0.6021754741668701,111.73714447021484,30.358829498291016,153.69046456473214,0.6021754741668701,0.6011999845504761,0.0072284359484910965,0.588708221912384,0.5920823216438293,0.5925348997116089,0.5967108011245728,0.6011999845504761,0.6073319911956787,0.6116770505905151,0.6140703558921814,0.6174418926239014
7385,-0.6024664640426636,111.60466003417969,30.39580726623535,153.52054922921317,0.6024665236473083,0.6013069748878479,0.007311536464840174,0.588708221912384,0.5920823216438293,0.5925348997116089,0.5969017744064331,0.6013069748878479,0.6075100302696228,0.6120629906654358,0.6140703558921814,0.6174418926239014
7420,-0.602702796459198,111.47928619384766,30.433019638061523,153.35712541852678,0.6027028560638428,0.6015163660049438,0.007591621484607458,0.588708221912384,0.5922645926475525,0.5926414728164673,0.5969017744064331,0.6015163660049438,0.6075100302696228,0.6128377318382263,0.6150261163711548,0.6179632544517517
7455,-0.6028583645820618,111.3492660522461,30.476734161376953,153.18795776367188,0.6028583645820618,0.6017584800720215,0.007510608993470669,0.588708221912384,0.5922645926475525,0.5926414728164673,0.5972615480422974,0.6017584800720215,0.6075100302696228,0.6128377318382263,0.6150261163711548,0.6179632544517517
7490,-0.6031178832054138,111.22294616699219,30.516740798950195,153.02120317731584,0.6031178832054138,0.6022915840148926,0.007437757682055235,0.5917325615882874,0.5922737121582031,0.5926476120948792,0.5985993146896362,0.6022915840148926,0.6083731651306152,0.6128377318382263,0.6150261163711548,0.6179632544517517
7525,-0.6033033728599548,111.09538269042969,30.54705047607422,152.85690307617188,0.6033033728599548,0.6027539968490601,0.007426332216709852,0.5917325615882874,0.5922737121582031,0.5926476120948792,0.5990486741065979,0.6027539968490601,0.6083731651306152,0.6130566000938416,0.6156499981880188,0.6179632544517517
7560,-0.6034696698188782,110.96444702148438,30.574626922607422,152.68912397112166,0.6034696698188782,0.6029939651489258,0.007502810563892126,0.5917325615882874,0.5922737121582031,0.5926476120948792,0.5990486741065979,0.6029939651489258,0.6084691882133484,0.6130566000938416,0.6156499981880188,0.6179632544517517
7595,-0.6036182045936584,110.84019470214844,30.620641708374023,152.52132088797433,0.6036182641983032,0.6032416820526123,0.0074851177632808685,0.5917325615882874,0.5922737121582031,0.5927982926368713,0.5990486741065979,0.6032416820526123,0.6088016033172607,0.6130566000938416,0.6156499981880188,0.6179632544517517
7630,-0.6036656498908997,110.70276641845703,30.657175064086914,152.34395926339286,0.6036657094955444,0.6032416820526123,0.00744369812309742,0.5917491316795349,0.5922737121582031,0.5929093956947327,0.5990486741065979,0.6032416820526123,0.6088016033172607,0.6130566000938416,0.6156499981880188,0.6179632544517517
7665,-0.6038249731063843,110.57563018798828,30.69793128967285,152.17693219866072,0.6038249731063843,0.6040864586830139,0.0074684577994048595,0.5917491316795349,0.5922737121582031,0.5929093956947327,0.5990486741065979,0.6040864586830139,0.6093040108680725,0.6130566000938416,0.6156499981880188,0.6179632544517517
7700,-0.6040903329849243,110.44038391113281,30.738651275634766,152.0000261579241,0.6040903329849243,0.6047022342681885,0.007557672914117575,0.5917491316795349,0.5922737121582031,0.5929093956947327,0.5995566844940186,0.6047022342681885,0.6093040108680725,0.6132317781448364,0.6170417666435242,0.6195983290672302
7735,-0.6042984127998352,110.30951690673828,30.7734375,151.8307386125837,0.6042983531951904,0.6050477027893066,0.007736879400908947,0.5917491316795349,0.5922737121582031,0.5935360193252563,0.5995566844940186,0.6050477027893066,0.6093802452087402,0.6133049130439758,0.6174561381340027,0.620682418346405
7770,-0.6044294834136963,110.1745834350586,30.79582405090332,151.66244506835938,0.6044294834136963,0.6050477027893066,0.007620993070304394,0.5917491316795349,0.5922737121582031,0.5942845344543457,0.5997015237808228,0.6050477027893066,0.6093802452087402,0.6133049130439758,0.6174561381340027,0.620682418346405
7805,-0.604756236076355,110.05290222167969,30.84357261657715,151.49673679896765,0.6047561764717102,0.6050822138786316,0.007625587284564972,0.5917491316795349,0.5922737121582031,0.5942845344543457,0.5999891757965088,0.6050822138786316,0.609430730342865,0.6135157346725464,0.617922306060791,0.620682418346405
7840,-0.6052781939506531,109.92317962646484,30.886245727539062,151.32356698172433,0.6052781939506531,0.6051398515701294,0.007666007149964571,0.5917491316795349,0.5922741293907166,0.5955296158790588,0.6003825664520264,0.6051398515701294,0.6094357371330261,0.6141808032989502,0.6182588338851929,0.6219062805175781
7875,-0.6055020093917847,109.79305267333984,30.9220027923584,151.1542510986328,0.6055020093917847,0.6053505539894104,0.007564532104879618,0.5917491316795349,0.5922741293907166,0.5960111021995544,0.6005308628082275,0.6053505539894104,0.6095052361488342,0.6141808032989502,0.6182588338851929,0.6219062805175781
7910,-0.6062886118888855,109.66427612304688,30.9611759185791,150.98322405133928,0.6062885522842407,0.606182873249054,0.007097367662936449,0.593817412853241,0.5959982872009277,0.598261833190918,0.6006346344947815,0.606182873249054,0.6104851961135864,0.6157158613204956,0.6182588338851929,0.6219062805175781
7945,-0.6068478226661682,109.52529907226562,30.99013900756836,150.80443246023995,0.6068478226661682,0.6068918704986572,0.007045818027108908,0.5938292145729065,0.5959982872009277,0.5986018180847168,0.6009777784347534,0.6068918704986572,0.6114989519119263,0.6166325211524963,0.6182588338851929,0.6219062805175781
7980,-0.607031524181366,109.38513946533203,31.01388168334961,150.62693786621094,0.6070314645767212,0.6068918704986572,0.006882182322442532,0.5940713882446289,0.5976088643074036,0.599147379398346,0.6011824607849121,0.6068918704986572,0.6117274165153503,0.6166325211524963,0.6182588338851929,0.6219062805175781
8015,-0.6073467135429382,109.25215148925781,31.047346115112305,150.454350062779,0.6073467135429382,0.6069964170455933,0.0070400359109044075,0.5940713882446289,0.5976088643074036,0.5992783904075623,0.6018611192703247,0.6069964170455933,0.612214207649231,0.61696457862854,0.6196308135986328,0.6243345737457275
8050,-0.6075918674468994,109.11418151855469,31.075382232666016,150.27837916782923,0.6075918674468994,0.6070084571838379,0.007113650906831026,0.595977246761322,0.5982979536056519,0.5992783904075623,0.6018611192703247,0.6070084571838379,0.6122773885726929,0.6174799203872681,0.6207100749015808,0.6243345737457275
8085,-0.608120322227478,108.98816680908203,31.110618591308594,150.11162458147322,0.608120322227478,0.6073734164237976,0.007302047219127417,0.595977246761322,0.5982979536056519,0.5997051000595093,0.601993978023529,0.6073734164237976,0.612736165523529,0.617936372756958,0.6216859221458435,0.6258678436279297
8120,-0.6082048416137695,108.86460876464844,31.1446590423584,149.9476274762835,0.6082048416137695,0.6075276136398315,0.007324869278818369,0.595977246761322,0.5982979536056519,0.5997051000595093,0.601993978023529,0.6075276136398315,0.6128710508346558,0.617936372756958,0.6216859221458435,0.6258678436279297
8155,-0.6083477139472961,108.74149322509766,31.18636131286621,149.7813001360212,0.6083476543426514,0.6078652143478394,0.007294075563549995,0.595977246761322,0.5982979536056519,0.5998127460479736,0.602427065372467,0.6078652143478394,0.6130847930908203,0.617936372756958,0.6216859221458435,0.6258678436279297
8190,-0.6083477139472961,108.61125183105469,31.224124908447266,149.6080082484654,0.6083476543426514,0.6078652143478394,0.007294075563549995,0.595977246761322,0.5982979536056519,0.5998127460479736,0.602427065372467,0.6078652143478394,0.6130847930908203,0.617936372756958,0.6216859221458435,0.6258678436279297
8225,-0.6084017753601074,108.475830078125,31.250621795654297,149.4332318987165,0.6084017753601074,0.6078652143478394,0.007232580799609423,0.5960129499435425,0.5982979536056519,0.59986412525177,0.6026422381401062,0.6078652143478394,0.6130847930908203,0.617936372756958,0.6216859221458435,0.6258678436279297
8260,-0.608447253704071,108.3410873413086,31.285816192626953,149.2549591064453,0.608447253704071,0.6078652143478394,0.007173755206167698,0.5975121259689331,0.5983016490936279,0.6000221371650696,0.6026422381401062,0.6078652143478394,0.6130847930908203,0.617936372756958,0.6216859221458435,0.6258678436279297
8295,-0.6085275411605835,108.2113265991211,31.320138931274414,149.08299037388392,0.6085275411605835,0.6078652143478394,0.007128232624381781,0.5975121259689331,0.5983016490936279,0.6000221371650696,0.6027326583862305,0.6078652143478394,0.6130847930908203,0.617936372756958,0.6216859221458435,0.6258678436279297
8330,-0.6087127327919006,108.07138061523438,31.367115020751953,148.8948473249163,0.6087127327919006,0.6081794500350952,0.0070093232207000256,0.5976006388664246,0.5983016490936279,0.6000221371650696,0.6029792428016663,0.6081794500350952,0.6132411360740662,0.617936372756958,0.6216859221458435,0.6258678436279297
8365,-0.6090168356895447,107.93368530273438,31.395732879638672,148.7177450997489,0.6090167760848999,0.6085269451141357,0.007072773762047291,0.5976006388664246,0.5991207957267761,0.6001343727111816,0.603143036365509,0.6085269451141357,0.6136327981948853,0.618253767490387,0.6216859221458435,0.6260268092155457
8400,-0.6091452240943909,107.7937240600586,31.427892684936523,148.53533281598772,0.6091452240943909,0.6085269451141357,0.00716940825805068,0.5976006388664246,0.5991207957267761,0.6001343727111816,0.603233814239502,0.6085269451141357,0.6136327981948853,0.6191163063049316,0.6219388246536255,0.6260268092155457
8435,-0.6096326112747192,107.65824890136719,31.465370178222656,148.35425022670202,0.609632670879364,0.608893632888794,0.007174687925726175,0.5976006388664246,0.5991207957267761,0.6001343727111816,0.6038532853126526,0.608893632888794,0.6139355301856995,0.619634747505188,0.6219388246536255,0.6260268092155457
8470,-0.6098510026931763,107.52760314941406,31.489601135253906,148.1858891078404,0.6098510026931763,0.6093764305114746,0.007014908362179995,0.5976855158805847,0.5996461510658264,0.6006296277046204,0.6042567491531372,0.6093764305114746,0.6139355301856995,0.619634747505188,0.6219388246536255,0.6260268092155457
8505,-0.609907865524292,107.39412689208984,31.51742172241211,148.01334926060267,0.609907865524292,0.6094438433647156,0.006991505157202482,0.5976855158805847,0.5997069478034973,0.6006296277046204,0.6042567491531372,0.6094438433647156,0.6139355301856995,0.619634747505188,0.6219388246536255,0.6260268092155457
8540,-0.6099303960800171,107.25818634033203,31.545867919921875,147.8363276890346,0.6099303364753723,0.6094438433647156,0.007004794664680958,0.5976855158805847,0.5997069478034973,0.6006296277046204,0.6042567491531372,0.6094438433647156,0.6139630079269409,0.619634747505188,0.6219388246536255,0.6260268092155457
8575,-0.6101438403129578,107.12055206298828,31.570709228515625,147.65691920689173,0.6101438403129578,0.6100155115127563,0.006870095618069172,0.5991327166557312,0.5998185276985168,0.6012218594551086,0.604369044303894,0.6100155115127563,0.6139630079269409,0.619634747505188,0.6219388246536255,0.6260268092155457
8610,-0.6103841066360474,106.98628234863281,31.60124969482422,147.47945077078683,0.6103840470314026,0.6104460954666138,0.006796035449951887,0.5996319055557251,0.6001284122467041,0.6017223000526428,0.6047264933586121,0.6104460954666138,0.614131510257721,0.619634747505188,0.6219388246536255,0.6260268092155457
8645,-0.6107152700424194,106.83955383300781,31.615217208862305,147.2951398577009,0.6107152104377747,0.6105326414108276,0.006983911618590355,0.5996319055557251,0.6001284122467041,0.6017223000526428,0.6051243543624878,0.6105326414108276,0.6143802404403687,0.6202075481414795,0.6241034269332886,0.6260717511177063
8680,-0.6112012267112732,106.70465850830078,31.642799377441406,147.11935424804688,0.6112012267112732,0.6106299757957458,0.007160707376897335,0.599708080291748,0.6006055474281311,0.6018906235694885,0.6067191362380981,0.6106299757957458,0.6146258115768433,0.6211643815040588,0.6241034269332886,0.6263570189476013
8715,-0.6114692091941833,106.5663833618164,31.674875259399414,146.93749346051897,0.6114692091941833,0.6113159656524658,0.007118352223187685,0.5998212695121765,0.6010467410087585,0.6026806235313416,0.6069218516349792,0.6113159656524658,0.6157190799713135,0.6211643815040588,0.6241034269332886,0.6263570189476013
8750,-0.6116925477981567,106.44027709960938,31.704484939575195,146.7702854701451,0.611692488193512,0.611986517906189,0.007200232706964016,0.5998212695121765,0.6010467410087585,0.6026806235313416,0.6069757342338562,0.611986517906189,0.6166061758995056,0.6213101744651794,0.6241034269332886,0.6263570189476013
8785,-0.6117609739303589,106.30718994140625,31.729978561401367,146.5976824079241,0.6117609739303589,0.6120022535324097,0.007200171705335379,0.5998212695121765,0.6010467410087585,0.6026806235313416,0.6070091128349304,0.6120022535324097,0.6166061758995056,0.6213101744651794,0.6241034269332886,0.6263570189476013
8820,-0.6120762228965759,106.1708984375,31.762489318847656,146.41827174595423,0.6120762228965759,0.6120918989181519,0.007320747245103121,0.5998212695121765,0.6010467410087585,0.6026806235313416,0.6071345806121826,0.6120918989181519,0.6167162656784058,0.6219013929367065,0.6243894696235657,0.6265048980712891
8855,-0.6123501658439636,106.025390625,31.77828025817871,146.23172651018416,0.6123501658439636,0.6122113466262817,0.007372009102255106,0.5998212695121765,0.6012083888053894,0.6026926636695862,0.6071345806121826,0.6122113466262817,0.6170768141746521,0.6226349472999573,0.6243894696235657,0.6265048980712891
8890,-0.6128345131874084,105.89250946044922,31.805219650268555,146.05574471609933,0.6128345131874084,0.6122133731842041,0.007412663660943508,0.5998212695121765,0.6012083888053894,0.6030287146568298,0.6074004173278809,0.6122133731842041,0.6184262037277222,0.6231125593185425,0.6250588893890381,0.6265048980712891
8925,-0.612985372543335,105.74764251708984,31.816133499145508,145.8748735700335,0.612985372543335,0.6122748851776123,0.007370580453425646,0.5998212695121765,0.6012083888053894,0.6030287146568298,0.6076868772506714,0.6122748851776123,0.6184262037277222,0.6231125593185425,0.6250588893890381,0.6265048980712891
8960,-0.6133512854576111,105.61216735839844,31.8441162109375,145.6944536481585,0.6133513450622559,0.6123923063278198,0.007254422176629305,0.6001349091529846,0.6027116775512695,0.6035906672477722,0.6081856489181519,0.6123923063278198,0.6190904378890991,0.6231125593185425,0.6250588893890381,0.6265048980712891
8995,-0.6136058568954468,105.47801971435547,31.878000259399414,145.5147923060826,0.6136058568954468,0.6127583384513855,0.007365383207798004,0.6001349091529846,0.6027116775512695,0.6035906672477722,0.6081856489181519,0.6127583384513855,0.6197236776351929,0.6234022974967957,0.6250588893890381,0.6265048980712891
9030,-0.6139197945594788,105.34072875976562,31.897974014282227,145.33607918875558,0.6139197945594788,0.6137039661407471,0.007318582851439714,0.6001349091529846,0.6027116775512695,0.6035906672477722,0.6081856489181519,0.6137039661407471,0.6197236776351929,0.6234022974967957,0.6250588893890381,0.6265048980712891
9065,-0.6141202449798584,105.19302368164062,31.925487518310547,145.14432634626115,0.6141201853752136,0.6141335964202881,0.00719330832362175,0.6001349091529846,0.6027116775512695,0.6043100357055664,0.6085995435714722,0.6141335964202881,0.6197236776351929,0.6234022974967957,0.6250588893890381,0.6265048980712891
9100,-0.6145692467689514,105.05513000488281,31.9599666595459,144.96104649135046,0.6145691871643066,0.6143805384635925,0.007384848780930042,0.6001349091529846,0.6027116775512695,0.6043100357055664,0.6094091534614563,0.6143805384635925,0.6206878423690796,0.6238767504692078,0.6260424852371216,0.6282609105110168
9135,-0.6149569153785706,104.91443634033203,31.978271484375,144.77978515625,0.6149568557739258,0.6153877377510071,0.007421446498483419,0.6001349091529846,0.6027116775512695,0.6043100357055664,0.6099543571472168,0.6153877377510071,0.6207927465438843,0.6239222288131714,0.6260424852371216,0.6282609105110168
9170,-0.6150827407836914,104.77396392822266,31.998634338378906,144.59681047712053,0.6150826811790466,0.6155466437339783,0.007352806162089109,0.6001349091529846,0.6027116775512695,0.6047946214675903,0.6099543571472168,0.6155466437339783,0.6207927465438843,0.6239222288131714,0.6260424852371216,0.6282609105110168
9205,-0.6153440475463867,104.62934112548828,32.020992279052734,144.41162327357702,0.6153439879417419,0.6158603429794312,0.007340181153267622,0.6001349091529846,0.6027116775512695,0.6047946214675903,0.6105893850326538,0.6158603429794312,0.6211791634559631,0.6239222288131714,0.6260424852371216,0.6282609105110168
9240,-0.6156163811683655,104.48346710205078,32.044368743896484,144.22303771972656,0.6156163811683655,0.616329550743103,0.0071489885449409485,0.6006200909614563,0.6029976606369019,0.6058539748191833,0.6111385822296143,0.616329550743103,0.6213117241859436,0.6239222288131714,0.6260424852371216,0.6282609105110168
9275,-0.6159828901290894,104.34163665771484,32.07107925415039,144.03490992954798,0.6159828305244446,0.6166160106658936,0.006973069626837969,0.6018837094306946,0.6030488610267639,0.6066225171089172,0.6117063760757446,0.6166160106658936,0.6216982007026672,0.6239222288131714,0.6260424852371216,0.6282609105110168
9310,-0.6163610816001892,104.19757843017578,32.086212158203125,143.85284423828125,0.6163610219955444,0.6167665719985962,0.0070503391325473785,0.6018837094306946,0.6030488610267639,0.6069592237472534,0.6119526624679565,0.6167665719985962,0.621921956539154,0.6241139769554138,0.6263604760169983,0.6287549138069153
9345,-0.6168128252029419,104.06698608398438,32.118385314941406,143.67532566615515,0.6168127655982971,0.6169233322143555,0.00680089695379138,0.6027370691299438,0.6053972840309143,0.6081889867782593,0.612006425857544,0.6169233322143555,0.6222176551818848,0.6243633031845093,0.6265583634376526,0.6300187706947327
9380,-0.6168810129165649,103.92975616455078,32.136959075927734,143.49430629185267,0.6168809533119202,0.617244303226471,0.006784395780414343,0.6027370691299438,0.6053972840309143,0.6081889867782593,0.6123353242874146,0.617244303226471,0.6222176551818848,0.6243633031845093,0.6265583634376526,0.6300187706947327
9415,-0.6173182725906372,103.77794647216797,32.153011322021484,143.30259922572546,0.6173182129859924,0.6178783774375916,0.0066313669085502625,0.6027370691299438,0.6066117882728577,0.609043538570404,0.6127703785896301,0.6178783774375916,0.622241199016571,0.6249132752418518,0.6282607913017273,0.6300187706947327
9450,-0.617652177810669,103.63166046142578,32.16841506958008,143.11427307128906,0.617652177810669,0.6180438995361328,0.006682566367089748,0.604353129863739,0.6069751381874084,0.609043538570404,0.6127703785896301,0.6180438995361328,0.6225284337997437,0.6260588765144348,0.6282607913017273,0.6300187706947327
9485,-0.6177440285682678,103.48837280273438,32.186275482177734,142.92963518415178,0.6177440285682678,0.6180438995361328,0.006631426978856325,0.604353129863739,0.6069751381874084,0.609043538570404,0.6130563020706177,0.6180438995361328,0.6225284337997437,0.6260588765144348,0.6282607913017273,0.6300187706947327
9520,-0.6180418133735657,103.34558868408203,32.205055236816406,142.74283708844865,0.6180418133735657,0.6183199882507324,0.006797166541218758,0.604353129863739,0.6069751381874084,0.6095789074897766,0.6132540106773376,0.6183199882507324,0.6231135129928589,0.6263661980628967,0.6284461617469788,0.6310708522796631
9555,-0.6182202100753784,103.20714569091797,32.22319793701172,142.56211417061942,0.6182202696800232,0.6184120178222656,0.006815947126597166,0.604353129863739,0.6069751381874084,0.6095789074897766,0.6133266091346741,0.6184120178222656,0.623296856880188,0.6265093684196472,0.6284461617469788,0.6310708522796631
9590,-0.6183843016624451,103.06657409667969,32.239227294921875,142.3797847202846,0.6183843016624451,0.6185745000839233,0.00674373097717762,0.604353129863739,0.6069751381874084,0.6095789074897766,0.6136133670806885,0.6185745000839233,0.623296856880188,0.6265093684196472,0.6284461617469788,0.6310708522796631
9625,-0.618657648563385,102.92431640625,32.25186538696289,142.197998046875,0.6186577081680298,0.6189992427825928,0.006638199090957642,0.6046225428581238,0.6069751381874084,0.6102877855300903,0.6136485934257507,0.6189992427825928,0.623296856880188,0.6265093684196472,0.6284461617469788,0.6310708522796631
9660,-0.6190952658653259,102.77554321289062,32.27309036254883,142.0021013532366,0.6190952062606812,0.6192086935043335,0.0071142506785690784,0.6046225428581238,0.6081099510192871,0.6105886101722717,0.6136485934257507,0.6192086935043335,0.6236695051193237,0.6269828081130981,0.6300503611564636,0.6346657276153564
9695,-0.6193603277206421,102.62651062011719,32.29184341430664,141.80847821916853,0.6193602681159973,0.6192716360092163,0.007055494002997875,0.6048297882080078,0.6081099510192871,0.6108607053756714,0.61420077085495,0.6192716360092163,0.6238981485366821,0.6280145645141602,0.6300503611564636,0.6346657276153564
9730,-0.6199288964271545,102.48512268066406,32.31277847290039,141.62284415108817,0.6199288368225098,0.620314359664917,0.0070663755759596825,0.6048297882080078,0.6081099510192871,0.6112969517707825,0.6153522729873657,0.620314359664917,0.623950719833374,0.6282698512077332,0.6311092972755432,0.6346657276153564
9765,-0.6202572584152222,102.33451080322266,32.326805114746094,141.43023245675224,0.6202571988105774,0.620314359664917,0.007190007716417313,0.6048297882080078,0.6083754301071167,0.611516535282135,0.615436851978302,0.620314359664917,0.6242073774337769,0.6287398934364319,0.6320933699607849,0.6346657276153564
9800,-0.6202791929244995,102.18800354003906,32.34168243408203,141.24217878069197,0.6202791333198547,0.620314359664917,0.0071746124885976315,0.605251133441925,0.6083754301071167,0.611516535282135,0.615436851978302,0.620314359664917,0.6242073774337769,0.628934383392334,0.6320933699607849,0.6346657276153564
9835,-0.620491623878479,102.05500030517578,32.35908889770508,141.06802804129464,0.620491623878479,0.6206923723220825,0.007206279318779707,0.605251133441925,0.6083754301071167,0.611516535282135,0.6155082583427429,0.6206923723220825,0.6242519617080688,0.6301020383834839,0.6320933699607849,0.6346657276153564
9870,-0.6206014156341553,101.90409851074219,32.364280700683594,140.87789916992188,0.6206013560295105,0.6206923723220825,0.007335313595831394,0.605251133441925,0.6083754301071167,0.611516535282135,0.6155082583427429,0.6206923723220825,0.6242519617080688,0.6310418844223022,0.6327905654907227,0.6359883546829224
9905,-0.621074378490448,101.76142883300781,32.38533401489258,140.6911860874721,0.621074378490448,0.6212186813354492,0.00747074605897069,0.6070711016654968,0.6089797019958496,0.611516535282135,0.6161239743232727,0.6212186813354492,0.6244187355041504,0.6311424374580383,0.633495032787323,0.6359883546829224
9940,-0.6212924122810364,101.61569213867188,32.405738830566406,140.49928501674108,0.6212923526763916,0.6212458610534668,0.007421349175274372,0.6070711016654968,0.6089797019958496,0.6117992401123047,0.6166055798530579,0.6212458610534668,0.6245418787002563,0.6317715048789978,0.6340651512145996,0.6359883546829224
9975,-0.6214488744735718,101.4618148803711,32.41766357421875,140.30247061593192,0.6214488744735718,0.6215404272079468,0.007455882150679827,0.6070711016654968,0.6089797019958496,0.6125998497009277,0.6166055798530579,0.6215404272079468,0.6247435212135315,0.6317715048789978,0.6340651512145996,0.6359883546829224
10010,-0.6217268109321594,101.31402587890625,32.43711853027344,140.1051788330078,0.6217268109321594,0.6220723986625671,0.007459498010575771,0.6070711016654968,0.6089797019958496,0.613232433795929,0.6166424751281738,0.6220723986625671,0.6262549161911011,0.6320784091949463,0.6340651512145996,0.6359883546829224
10045,-0.6220170259475708,101.16725158691406,32.4498176574707,139.91252790178572,0.622016966342926,0.6222699880599976,0.0076020024716854095,0.6080986857414246,0.6089797019958496,0.613232433795929,0.6168336868286133,0.6222699880599976,0.6265562772750854,0.6322752237319946,0.6345877647399902,0.6386224627494812
10080,-0.6224533915519714,101.02407836914062,32.471580505371094,139.7220241001674,0.6224533319473267,0.6228655576705933,0.007470490410923958,0.6080986857414246,0.6103705167770386,0.6137937307357788,0.6175706386566162,0.6228655576705933,0.6273383498191833,0.6322752237319946,0.6345877647399902,0.6386224627494812
10115,-0.6226363778114319,100.87873077392578,32.493648529052734,139.5297393798828,0.6226364374160767,0.6231638193130493,0.007521103136241436,0.6080986857414246,0.6103705167770386,0.6137937307357788,0.6175706386566162,0.6231638193130493,0.6279534697532654,0.6324493288993835,0.6345877647399902,0.6386224627494812
10150,-0.6232455968856812,100.73672485351562,32.50870895385742,139.34243992396765,0.6232455372810364,0.6235215663909912,0.0072858803905546665,0.6089940667152405,0.6112954020500183,0.6141338348388672,0.6181590557098389,0.6235215663909912,0.6282434463500977,0.6324493288993835,0.6345877647399902,0.6386224627494812
10185,-0.6235420107841492,100.59718322753906,32.52886199951172,139.15403965541296,0.6235420107841492,0.6235697269439697,0.007807199377566576,0.6089940667152405,0.6112954020500183,0.6141338348388672,0.6181590557098389,0.6235697269439697,0.6282726526260376,0.6326540112495422,0.635141909122467,0.6398348808288574
10220,-0.624005138874054,100.4526138305664,32.53277587890625,138.96901375906808,0.624005138874054,0.6238885521888733,0.007651323918253183,0.6089940667152405,0.611526370048523,0.6144894957542419,0.618601381778717,0.6238885521888733,0.6284229755401611,0.6326540112495422,0.635141909122467,0.6398348808288574
10255,-0.6243165731430054,100.31737518310547,32.55721664428711,138.78241838727678,0.6243165135383606,0.624045729637146,0.007766138296574354,0.6089940667152405,0.611526370048523,0.6144894957542419,0.6194353103637695,0.624045729637146,0.6284881830215454,0.6334543824195862,0.6360447406768799,0.6409565210342407
10290,-0.6246727108955383,100.17475128173828,32.567256927490234,138.5972159249442,0.6246727108955383,0.624403715133667,0.00765431160107255,0.6089940667152405,0.6130678653717041,0.6148641705513,0.6201809644699097,0.624403715133667,0.6287441253662109,0.6334543824195862,0.6360447406768799,0.6409565210342407
10325,-0.6251097321510315,100.01964569091797,32.577457427978516,138.3978227887835,0.6251097321510315,0.6249039173126221,0.007764653768390417,0.6114856600761414,0.6136424541473389,0.6149368286132812,0.6203559041023254,0.6249039173126221,0.6290636658668518,0.6346147656440735,0.638658881187439,0.6412846446037292
10360,-0.6252262592315674,99.88249969482422,32.60464096069336,138.21115112304688,0.6252262592315674,0.6252148151397705,0.007793278433382511,0.6114856600761414,0.6136424541473389,0.6149368286132812,0.6203559041023254,0.6252148151397705,0.6293315291404724,0.6346147656440735,0.638658881187439,0.6412846446037292
10395,-0.6255878806114197,99.74327850341797,32.62619400024414,138.02612958635603,0.6255878210067749,0.6255561113357544,0.007718297187238932,0.6115243434906006,0.6136424541473389,0.6149368286132812,0.6210800409317017,0.6255561113357544,0.6299190521240234,0.6347858905792236,0.638658881187439,0.6412846446037292
10430,-0.6259914040565491,99.59510040283203,32.63823699951172,137.8330361502511,0.6259914636611938,0.6258817911148071,0.0077625419944524765,0.6115243434906006,0.6136424541473389,0.6149368286132812,0.6216054558753967,0.6258817911148071,0.6310433745384216,0.6351396441459656,0.638658881187439,0.6412846446037292
10465,-0.62624192237854,99.43710327148438,32.63972854614258,137.63257925851005,0.62624192237854,0.6260069608688354,0.007914135232567787,0.6115243434906006,0.6136424541473389,0.6149368286132812,0.6216054558753967,0.6260069608688354,0.6311019659042358,0.6355255842208862,0.639868974685669,0.6417238116264343
10500,-0.626497745513916,99.2988052368164,32.65042495727539,137.45069013323103,0.626497745513916,0.6265386343002319,0.0078761400654912,0.6115243434906006,0.6136424541473389,0.6151989102363586,0.6218634247779846,0.6265386343002319,0.6313686370849609,0.6355255842208862,0.639868974685669,0.6417238116264343
10535,-0.6267348527908325,99.15218353271484,32.66115188598633,137.25742885044642,0.6267348527908325,0.6265386343002319,0.007909771986305714,0.6115243434906006,0.6140041351318359,0.6153611540794373,0.6222968101501465,0.6265386343002319,0.6313686370849609,0.6360786557197571,0.6409663558006287,0.6420602202415466
10570,-0.6270992159843445,99.00811767578125,32.673851013183594,137.06885855538505,0.6270992159843445,0.6265922784805298,0.00790554191917181,0.6115243434906006,0.6141700744628906,0.6166085004806519,0.6224669814109802,0.6265922784805298,0.6321895122528076,0.6376938819885254,0.6409663558006287,0.6420602202415466
10605,-0.6274752616882324,98.86209869384766,32.68868637084961,136.87383815220423,0.6274753212928772,0.6267666816711426,0.007640093564987183,0.6131162643432617,0.6153684854507446,0.6186920404434204,0.6229376196861267,0.6267666816711426,0.6323291659355164,0.6376938819885254,0.6409663558006287,0.6420602202415466
10640,-0.6276828050613403,98.70816040039062,32.697975158691406,136.67337036132812,0.6276828050613403,0.6267859935760498,0.007616767194122076,0.6131162643432617,0.6165969967842102,0.6187894344329834,0.6230370402336121,0.6267859935760498,0.6323291659355164,0.638672411441803,0.6412954330444336,0.6420602202415466
10675,-0.6277197003364563,98.55599975585938,32.70372772216797,136.47894941057478,0.6277197599411011,0.6269334554672241,0.007630310021340847,0.6131162643432617,0.6165969967842102,0.6187894344329834,0.6230370402336121,0.6269334554672241,0.6323291659355164,0.638672411441803,0.6412954330444336,0.6420602202415466
10710,-0.6282657384872437,98.40583038330078,32.71698760986328,136.27940368652344,0.6282657980918884,0.6280356645584106,0.007879268378019333,0.6131162643432617,0.6165969967842102,0.6187894344329834,0.6232751607894897,0.6280356645584106,0.6327970027923584,0.6393876671791077,0.6416398286819458,0.645957350730896
10745,-0.6287245154380798,98.26490783691406,32.72489929199219,136.0953151157924,0.6287246346473694,0.628338098526001,0.008033190853893757,0.6131361722946167,0.6166505217552185,0.6187894344329834,0.62364661693573,0.628338098526001,0.632921576499939,0.6398817896842957,0.6416897177696228,0.6473811268806458
10780,-0.6289175152778625,98.11402893066406,32.72598648071289,135.90262494768416,0.6289175152778625,0.628338098526001,0.00809020921587944,0.6131361722946167,0.6166505217552185,0.6187894344329834,0.623788595199585,0.628338098526001,0.6330099105834961,0.6402331590652466,0.6416897177696228,0.6473811268806458
10815,-0.6293057203292847,97.9642562866211,32.73552322387695,135.70916748046875,0.6293057799339294,0.6284825801849365,0.00833792332559824,0.6131361722946167,0.6166505217552185,0.6187894344329834,0.6238561868667603,0.6284825801849365,0.6334415078163147,0.6405527591705322,0.6421785950660706,0.6493682861328125
10850,-0.6298961639404297,97.80683135986328,32.73605728149414,135.50883047921317,0.6298961639404297,0.6285684108734131,0.008841403760015965,0.6131361722946167,0.6166505217552185,0.6187894344329834,0.6244948506355286,0.6285684108734131,0.6337301135063171,0.6413134932518005,0.6469385027885437,0.6503057479858398
10885,-0.6300793290138245,97.65756225585938,32.74763870239258,135.31087384905135,0.6300793290138245,0.6294139623641968,0.008773165754973888,0.6131361722946167,0.6171425580978394,0.6202108263969421,0.6244948506355286,0.6294139623641968,0.6343037486076355,0.6413134932518005,0.6469385027885437,0.6503057479858398
10920,-0.6301220059394836,97.51373291015625,32.75965118408203,135.11725289481026,0.6301220059394836,0.6294139623641968,0.008720742538571358,0.6131361722946167,0.618169367313385,0.6204937100410461,0.6244948506355286,0.6294139623641968,0.6343037486076355,0.6413134932518005,0.6469385027885437,0.6503057479858398
10955,-0.630382239818573,97.36935424804688,32.77001953125,134.92639378138952,0.6303822994232178,0.6306523084640503,0.008728397078812122,0.6131361722946167,0.618169367313385,0.6204937100410461,0.6245115995407104,0.6306523084640503,0.6348495483398438,0.6416416168212891,0.6469385027885437,0.6503057479858398
10990,-0.6307122707366943,97.21117401123047,32.77766799926758,134.72164481026786,0.6307123303413391,0.6312581300735474,0.00878366082906723,0.6131361722946167,0.618169367313385,0.6207850575447083,0.6246908903121948,0.6312581300735474,0.6350384950637817,0.6416932344436646,0.6469385027885437,0.6503057479858398
11025,-0.6309560537338257,97.06539916992188,32.78978729248047,134.52872576032365,0.6309560537338257,0.6312581300735474,0.008900566957890987,0.6131361722946167,0.618169367313385,0.6210312843322754,0.6246908903121948,0.6312581300735474,0.6351655721664429,0.6420397162437439,0.6469782590866089,0.6503057479858398
11060,-0.6313968300819397,96.91454315185547,32.79322052001953,134.3341347830636,0.6313968300819397,0.6313976049423218,0.008641005493700504,0.6163815855979919,0.6186371445655823,0.6216139793395996,0.6257166266441345,0.6313976049423218,0.6351655721664429,0.6420397162437439,0.6474296450614929,0.6503057479858398
11095,-0.6316821575164795,96.76127624511719,32.79313278198242,134.13822719029017,0.6316821575164795,0.631972074508667,0.008397418074309826,0.6166569590568542,0.6186939477920532,0.6216163039207458,0.6257166266441345,0.631972074508667,0.6351655721664429,0.6420397162437439,0.6474296450614929,0.6503057479858398
11130,-0.6321336030960083,96.59998321533203,32.79658126831055,133.93110874720983,0.6321336627006531,0.6320168972015381,0.008737239055335522,0.6166569590568542,0.6186939477920532,0.6218854188919067,0.6259415745735168,0.6320168972015381,0.6354479789733887,0.6428470015525818,0.6491271257400513,0.651622474193573
11165,-0.632459819316864,96.45072937011719,32.80784606933594,133.73235212053572,0.632459819316864,0.6320934295654297,0.008556491695344448,0.6166569590568542,0.6206367015838623,0.6221444606781006,0.6263711452484131,0.6320934295654297,0.6360483169555664,0.6428470015525818,0.6491271257400513,0.651622474193573
11200,-0.6326849460601807,96.30782318115234,32.82209014892578,133.54030282156808,0.6326848864555359,0.6321386694908142,0.008488246239721775,0.6186508536338806,0.6209705471992493,0.6229321360588074,0.6263711452484131,0.6321386694908142,0.6362155675888062,0.6454022526741028,0.6491271257400513,0.651622474193573
11235,-0.6330231428146362,96.1602783203125,32.83259201049805,133.34478541782923,0.6330230832099915,0.6324207782745361,0.008518727496266365,0.618680477142334,0.6209705471992493,0.6229321360588074,0.626563310623169,0.6324207782745361,0.6377154588699341,0.645673930644989,0.6491271257400513,0.651622474193573
11270,-0.6331204771995544,96.01689147949219,32.842952728271484,133.15192086356026,0.6331204771995544,0.6324207782745361,0.008681314066052437,0.618680477142334,0.6209705471992493,0.6229321360588074,0.626563310623169,0.6324207782745361,0.6377154588699341,0.6459776163101196,0.6493962407112122,0.6523585915565491
11305,-0.6332653760910034,95.8686294555664,32.843326568603516,132.95830862862724,0.6332653164863586,0.6324472427368164,0.008733946830034256,0.618680477142334,0.6209705471992493,0.6229321360588074,0.6270287036895752,0.6324472427368164,0.6385501623153687,0.6459776163101196,0.6493962407112122,0.6523844599723816
11340,-0.6333649158477783,95.7168197631836,32.84500503540039,132.76221575055803,0.6333649158477783,0.6324472427368164,0.00869297981262207,0.6206979751586914,0.621073842048645,0.6229321360588074,0.6271896958351135,0.6324472427368164,0.6385501623153687,0.6459776163101196,0.6493962407112122,0.6523844599723816
11375,-0.6337994337081909,95.56757354736328,32.8527946472168,132.56562151227678,0.6337994933128357,0.6329596042633057,0.008821769617497921,0.6206979751586914,0.621073842048645,0.6233187317848206,0.6275240182876587,0.6329596042633057,0.6387841701507568,0.6464643478393555,0.6503438949584961,0.6542673110961914
11410,-0.6338895559310913,95.4159927368164,32.86581802368164,132.36393519810267,0.6338895559310913,0.6329596042633057,0.008875035680830479,0.6206979751586914,0.621073842048645,0.6233187317848206,0.6275240182876587,0.6329596042633057,0.6394010186195374,0.6464643478393555,0.6503438949584961,0.6542673110961914
11445,-0.6340493559837341,95.25991821289062,32.86914825439453,132.15985761369978,0.6340493559837341,0.6330485343933105,0.008796933107078075,0.6206979751586914,0.621073842048645,0.6233187317848206,0.6280996799468994,0.6330485343933105,0.6394010186195374,0.6464643478393555,0.6503438949584961,0.6542673110961914
11480,-0.6347110867500305,95.1126937866211,32.88173294067383,131.96012224469865,0.6347110867500305,0.6338857412338257,0.008915625512599945,0.6206979751586914,0.6214328408241272,0.6237055063247681,0.6285139918327332,0.6338857412338257,0.6402790546417236,0.6469597220420837,0.6507064700126648,0.6542673110961914
11515,-0.6350848078727722,94.95293426513672,32.87976837158203,131.75471714564733,0.635084867477417,0.6340142488479614,0.009278011508286,0.6206979751586914,0.6214328408241272,0.6237055063247681,0.628751814365387,0.6340142488479614,0.6405765414237976,0.6475183963775635,0.6515882015228271,0.6564867496490479
11550,-0.6355770230293274,94.8055648803711,32.8842887878418,131.56027221679688,0.6355770230293274,0.6340493559837341,0.009434020146727562,0.6206979751586914,0.6214328408241272,0.6237055063247681,0.6288596391677856,0.6340493559837341,0.6411886215209961,0.6488116979598999,0.6515882015228271,0.6564867496490479
11585,-0.635750412940979,94.65851593017578,32.88832473754883,131.36729649135046,0.635750412940979,0.6341889500617981,0.009320317767560482,0.6206979751586914,0.6214328408241272,0.6237055063247681,0.6295351982116699,0.6341889500617981,0.6411886215209961,0.6488116979598999,0.6515882015228271,0.6564867496490479
11620,-0.6358387470245361,94.50141906738281,32.89385223388672,131.16012355259485,0.6358387470245361,0.6343277096748352,0.009255156852304935,0.6206979751586914,0.6214328408241272,0.6246069073677063,0.6300042867660522,0.6343277096748352,0.6411886215209961,0.6488116979598999,0.6515882015228271,0.6564867496490479
11655,-0.636300802230835,94.3497543334961,32.900421142578125,130.95859854561942,0.636300802230835,0.6345834732055664,0.009310382418334484,0.6206979751586914,0.6214328408241272,0.6247184872627258,0.6305819153785706,0.6345834732055664,0.641869306564331,0.6488116979598999,0.6515882015228271,0.6564867496490479
11690,-0.6365869641304016,94.20372772216797,32.91179656982422,130.76050022670202,0.6365869641304016,0.6349217295646667,0.009207482449710369,0.6206979751586914,0.6214328408241272,0.6256616711616516,0.6307584643363953,0.6349217295646667,0.6422090530395508,0.6488116979598999,0.6515882015228271,0.6564867496490479
11725,-0.6367783546447754,94.0489730834961,32.91263198852539,130.55795070103235,0.6367783546447754,0.6349217295646667,0.009046107530593872,0.6206979751586914,0.6221450567245483,0.627051591873169,0.630807101726532,0.6349217295646667,0.6422090530395508,0.6488116979598999,0.6515882015228271,0.6564867496490479
11760,-0.637205958366394,93.89991760253906,32.9207649230957,130.35875374930245,0.637205958366394,0.6349217295646667,0.00893724337220192,0.6210311651229858,0.624671459197998,0.6275771260261536,0.6310978531837463,0.6349217295646667,0.6432713270187378,0.649138867855072,0.652397871017456,0.6564867496490479
11795,-0.6374209523200989,93.75473022460938,32.92076110839844,130.16669573102678,0.6374209523200989,0.635198175907135,0.008863379247486591,0.6210311651229858,0.624671459197998,0.6275771260261536,0.6317903995513916,0.635198175907135,0.6432713270187378,0.649138867855072,0.652397871017456,0.6564867496490479
11830,-0.6375606060028076,93.5997314453125,32.92607879638672,129.96037946428572,0.6375606656074524,0.6353087425231934,0.008787617087364197,0.6210311651229858,0.624671459197998,0.6275771260261536,0.6320264935493469,0.6353087425231934,0.6432713270187378,0.649138867855072,0.652397871017456,0.6564867496490479
11865,-0.6376959085464478,93.45621490478516,32.940670013427734,129.7629612513951,0.6376959085464478,0.6353087425231934,0.00866791233420372,0.6216467618942261,0.6259776949882507,0.6275771260261536,0.6320264935493469,0.6353087425231934,0.6432713270187378,0.649138867855072,0.652397871017456,0.6564867496490479
11900,-0.6380382180213928,93.30377960205078,32.94087219238281,129.56274632045202,0.6380382776260376,0.6365595459938049,0.008707898668944836,0.6216467618942261,0.6259776949882507,0.6281874179840088,0.6327366828918457,0.6365595459938049,0.6435157656669617,0.649442732334137,0.6542578935623169,0.6564867496490479
11935,-0.6381915807723999,93.1574478149414,32.94183349609375,129.36959620884485,0.6381915807723999,0.636693000793457,0.008769520558416843,0.6216467618942261,0.6259776949882507,0.6281874179840088,0.6327366828918457,0.636693000793457,0.64393150806427,0.6494931578636169,0.6542578935623169,0.6564867496490479
11970,-0.6384598612785339,92.99776458740234,32.934078216552734,129.16591099330358,0.6384598612785339,0.6370162963867188,0.008728943765163422,0.6216467618942261,0.6259776949882507,0.6281874179840088,0.6332513689994812,0.6370162963867188,0.64393150806427,0.6498361229896545,0.6542578935623169,0.6564867496490479
12005,-0.6386011242866516,92.8447494506836,32.93574905395508,128.96256801060267,0.6386011242866516,0.6372092962265015,0.00875066127628088,0.6216467618942261,0.6259776949882507,0.6281874179840088,0.6332986354827881,0.6372092962265015,0.6451789140701294,0.6498361229896545,0.6542578935623169,0.6564867496490479
12040,-0.6391451954841614,92.68485260009766,32.936588287353516,128.7504664829799,0.6391451358795166,0.6378698945045471,0.008848896250128746,0.6216467618942261,0.6259776949882507,0.6281879544258118,0.6339110136032104,0.6378698945045471,0.6458079814910889,0.6503185033798218,0.654935896396637,0.6590815186500549
12075,-0.6393962502479553,92.5329818725586,32.93837356567383,128.54905264718192,0.6393963098526001,0.6382042169570923,0.008951447904109955,0.6216467618942261,0.6259776949882507,0.6281879544258118,0.6339110136032104,0.6382042169570923,0.6466065645217896,0.6503185033798218,0.654935896396637,0.6590815186500549
12110,-0.6396821737289429,92.37715148925781,32.93547821044922,128.3456028529576,0.6396821141242981,0.6384919881820679,0.008939011953771114,0.6236836910247803,0.6259776949882507,0.6281879544258118,0.6341840028762817,0.6384919881820679,0.6469637155532837,0.6507509350776672,0.654935896396637,0.6590815186500549
12145,-0.6398836374282837,92.22502899169922,32.94020462036133,128.14179120744978,0.6398836374282837,0.6390478610992432,0.009018462151288986,0.6236836910247803,0.6259776949882507,0.6281879544258118,0.6341840028762817,0.6390478610992432,0.6471059918403625,0.6515507698059082,0.655315101146698,0.6590815186500549
12180,-0.6400917172431946,92.06942749023438,32.941551208496094,127.93559156145368,0.6400916576385498,0.6393793225288391,0.008940708823502064,0.6236836910247803,0.6259776949882507,0.6281879544258118,0.6344531774520874,0.6393793225288391,0.6471059918403625,0.6515507698059082,0.655315101146698,0.6590815186500549
12215,-0.6405634880065918,91.91326904296875,32.938236236572266,127.72991180419922,0.6405634880065918,0.6397318243980408,0.009168724529445171,0.6236836910247803,0.6259776949882507,0.6282415390014648,0.6345736384391785,0.6397318243980408,0.6471720337867737,0.6524938941001892,0.6567696928977966,0.6590815186500549
12250,-0.640697717666626,91.76483917236328,32.938175201416016,127.53264617919922,0.6406976580619812,0.6397318243980408,0.009111977182328701,0.6249076724052429,0.6259776949882507,0.6282415390014648,0.6345736384391785,0.6397318243980408,0.6473577618598938,0.6524938941001892,0.6567696928977966,0.6590815186500549
12285,-0.6408564448356628,91.62374114990234,32.951080322265625,127.33882904052734,0.6408565044403076,0.6399651169776917,0.009102032519876957,0.6249076724052429,0.6259776949882507,0.6282415390014648,0.6349132061004639,0.6399651169776917,0.6474092602729797,0.6524938941001892,0.6567696928977966,0.6590815186500549
12320,-0.6410390138626099,91.46446228027344,32.93758010864258,127.13765389578683,0.6410389542579651,0.6402482986450195,0.009035184048116207,0.6249076724052429,0.6259776949882507,0.6301047205924988,0.635823130607605,0.6402482986450195,0.6474092602729797,0.6524938941001892,0.6567696928977966,0.6590815186500549
12355,-0.6414141058921814,91.31658172607422,32.93628692626953,126.93957846505302,0.6414140462875366,0.6403788328170776,0.008918305858969688,0.6255635619163513,0.6261117458343506,0.6301162838935852,0.6364632844924927,0.6403788328170776,0.6474395394325256,0.6524938941001892,0.6567696928977966,0.6590815186500549
12390,-0.6417822241783142,91.16159057617188,32.93044662475586,126.73644910539899,0.6417822241783142,0.6414295434951782,0.008584213443100452,0.6259810924530029,0.6268368363380432,0.6306582093238831,0.6366487741470337,0.6414295434951782,0.6474395394325256,0.6524938941001892,0.6567696928977966,0.6590815186500549
12425,-0.6421429514884949,91.00971984863281,32.925682067871094,126.53743307931083,0.6421428918838501,0.6419006586074829,0.008447805419564247,0.6259810924530029,0.6275759935379028,0.6307933330535889,0.6367495656013489,0.6419006586074829,0.6476511359214783,0.6524938941001892,0.6567696928977966,0.6590815186500549
12460,-0.6422861814498901,90.85466003417969,32.92329406738281,126.33237566266742,0.6422862410545349,0.6419006586074829,0.008484268561005592,0.6259810924530029,0.6275759935379028,0.6307933330535889,0.6368172764778137,0.6419006586074829,0.6481003761291504,0.653496265411377,0.6567696928977966,0.6590815186500549
12495,-0.6424767971038818,90.69950103759766,32.92546844482422,126.12789916992188,0.6424767971038818,0.6419620513916016,0.008555029518902302,0.6259810924530029,0.6275759935379028,0.6307933330535889,0.6368172764778137,0.6419620513916016,0.6483600735664368,0.6542927026748657,0.6567696928977966,0.6590815186500549
12530,-0.6427704691886902,90.55375671386719,32.92570495605469,125.93557957240513,0.6427704691886902,0.6419620513916016,0.008596975356340408,0.6259810924530029,0.6275759935379028,0.6325053572654724,0.6368820071220398,0.6419620513916016,0.6487618684768677,0.6549566984176636,0.657970130443573,0.6590815186500549
12565,-0.6431127786636353,90.39842987060547,32.920166015625,125.73239026750836,0.6431127786636353,0.6422692537307739,0.008761515840888023,0.6259810924530029,0.6279739737510681,0.6325621604919434,0.6368820071220398,0.6422692537307739,0.6492809057235718,0.6554319262504578,0.657970130443573,0.6590815186500549
12600,-0.643259584903717,90.24860382080078,32.91791915893555,125.53017207554409,0.643259584903717,0.6428801417350769,0.008830269798636436,0.6259810924530029,0.6279739737510681,0.6325621604919434,0.6368820071220398,0.6428801417350769,0.6493636965751648,0.6554319262504578,0.657970130443573,0.6590815186500549
12635,-0.6434316039085388,90.10370635986328,32.92172622680664,125.3346197945731,0.6434316039085388,0.6430180668830872,0.008819224312901497,0.6259810924530029,0.6279739737510681,0.6325621604919434,0.6372290253639221,0.6430180668830872,0.6495085954666138,0.6554319262504578,0.657970130443573,0.6590815186500549
12670,-0.6434917449951172,89.94994354248047,32.91215896606445,125.13410949707031,0.6434917449951172,0.6431704163551331,0.00886401068419218,0.6259810924530029,0.6279739737510681,0.6325621604919434,0.6374935507774353,0.6431704163551331,0.6495085954666138,0.6554319262504578,0.6580138802528381,0.6590815186500549
12705,-0.6439871191978455,89.80082702636719,32.909271240234375,124.93423352922711,0.6439871191978455,0.643619179725647,0.008659440092742443,0.6259810924530029,0.6281433701515198,0.6331421732902527,0.6385725736618042,0.643619179725647,0.6495085954666138,0.6557796001434326,0.6580138802528381,0.6590815186500549
12740,-0.6445451974868774,89.64299011230469,32.90198516845703,124.7269537789481,0.6445451974868774,0.6441184282302856,0.008949833922088146,0.6259810924530029,0.6281433701515198,0.6338940262794495,0.6388964056968689,0.6441184282302856,0.6507968902587891,0.6564605236053467,0.6583067774772644,0.6602540016174316
12775,-0.644940197467804,89.49122619628906,32.89942932128906,124.5262200491769,0.644940197467804,0.6443170309066772,0.009023232385516167,0.6259810924530029,0.6300729513168335,0.6344776749610901,0.6391381621360779,0.6443170309066772,0.6514984965324402,0.6564605236053467,0.6590824723243713,0.6627832651138306
12810,-0.6452904939651489,89.33563995361328,32.90363693237305,124.31584821428571,0.6452905535697937,0.645122230052948,0.008841580711305141,0.6259810924530029,0.6310307383537292,0.6350013017654419,0.6396486163139343,0.645122230052948,0.6514984965324402,0.6564605236053467,0.6590824723243713,0.6627832651138306
12845,-0.6457372903823853,89.18931579589844,32.910457611083984,124.1129619053432,0.6457372903823853,0.6455814838409424,0.008737693540751934,0.6268518567085266,0.6316153407096863,0.6361210346221924,0.6398496627807617,0.6455814838409424,0.651641309261322,0.6567075848579407,0.6590824723243713,0.6627833843231201
12880,-0.645807147026062,89.04094696044922,32.916255950927734,123.90815843854632,0.6458072066307068,0.6455814838409424,0.008663262240588665,0.6286561489105225,0.6316153407096863,0.6361210346221924,0.6398496627807617,0.6455814838409424,0.651641309261322,0.6567075848579407,0.6590824723243713,0.6627833843231201
12915,-0.6461710333824158,88.89472198486328,32.918113708496094,123.70953369140625,0.6461710333824158,0.6464351415634155,0.00872741173952818,0.6286561489105225,0.6316153407096863,0.6361210346221924,0.6399484872817993,0.6464351415634155,0.6522613763809204,0.6567075848579407,0.6591664552688599,0.6646605730056763
12950,-0.6466597318649292,88.73802185058594,32.917869567871094,123.49991062709263,0.646659791469574,0.647255539894104,0.009013369679450989,0.6286561489105225,0.6316153407096863,0.6361210346221924,0.6399683952331543,0.647255539894104,0.6528071165084839,0.6573010087013245,0.6603294610977173,0.6659528017044067
12985,-0.6467775106430054,88.59342956542969,32.91165542602539,123.30797249930245,0.6467775702476501,0.6474646329879761,0.009024741128087044,0.6286561489105225,0.6316153407096863,0.6361210346221924,0.6400437355041504,0.6474646329879761,0.6530966758728027,0.6573010087013245,0.6603294610977173,0.6659528017044067
13020,-0.6471743583679199,88.44064331054688,32.9020881652832,123.10988507952008,0.6471744775772095,0.6477466821670532,0.0088960537686944,0.6286561489105225,0.6316767930984497,0.6368111968040466,0.6401926279067993,0.6477466821670532,0.6530966758728027,0.6573010087013245,0.662814736366272,0.6659528017044067
13055,-0.6472899317741394,88.2870101928711,32.902198791503906,122.90350777762276,0.647290050983429,0.6477466821670532,0.00876444112509489,0.6286561489105225,0.6348248720169067,0.6368111968040466,0.6402711868286133,0.6477466821670532,0.6530966758728027,0.6573010087013245,0.662814736366272,0.6659528017044067
13090,-0.6475691199302673,88.12893676757812,32.900421142578125,122.69062042236328,0.6475691199302673,0.6478413343429565,0.008610245771706104,0.6293164491653442,0.6348248720169067,0.6368840336799622,0.641875684261322,0.6478413343429565,0.6530966758728027,0.6573694944381714,0.662814736366272,0.6659528017044067
13125,-0.6480576992034912,87.965576171875,32.88718032836914,122.47877393450055,0.6480576992034912,0.6481834053993225,0.008695825934410095,0.6293164491653442,0.6348248720169067,0.6368840336799622,0.642095685005188,0.6481834053993225,0.6538562178611755,0.6583428978919983,0.662814736366272,0.6659528017044067
13160,-0.6481647491455078,87.80685424804688,32.87848663330078,122.26685660226005,0.6481648087501526,0.6481834053993225,0.008503385819494724,0.6310413479804993,0.6348248720169067,0.6368840336799622,0.642155110836029,0.6481834053993225,0.6538562178611755,0.6583428978919983,0.662814736366272,0.6659528017044067
13195,-0.6487574577331543,87.66105651855469,32.88077163696289,122.0665305001395,0.6487575769424438,0.6490027904510498,0.008514974266290665,0.6312975287437439,0.6354852318763733,0.6390858292579651,0.6422343850135803,0.6490027904510498,0.6550132036209106,0.6590421199798584,0.6646454930305481,0.6659528017044067
13230,-0.6489269733428955,87.51779174804688,32.88300323486328,121.86966596330915,0.6489270925521851,0.6491791605949402,0.008472316898405552,0.6312975287437439,0.6354852318763733,0.6390858292579651,0.6422343850135803,0.6491791605949402,0.6550132036209106,0.6590421199798584,0.6646454930305481,0.6659528017044067
13265,-0.6490525603294373,87.36271667480469,32.87364196777344,121.66292681012835,0.6490526795387268,0.6491791605949402,0.008505051024258137,0.6312975287437439,0.6354852318763733,0.6391790509223938,0.6428794264793396,0.6491791605949402,0.6553986072540283,0.6592210531234741,0.6646454930305481,0.6659528017044067
13300,-0.6491851806640625,87.21276092529297,32.87532043457031,121.45528956821987,0.6491852402687073,0.6491791605949402,0.008548999205231667,0.6312975287437439,0.6354852318763733,0.6391790509223938,0.6430839896202087,0.6491791605949402,0.6557892560958862,0.6592210531234741,0.6646454930305481,0.6659528017044067
13335,-0.6493120193481445,87.06145477294922,32.872047424316406,121.25220380510602,0.6493121385574341,0.6491791605949402,0.008360636420547962,0.6342020630836487,0.6360780596733093,0.6391790509223938,0.6430839896202087,0.6491791605949402,0.6557892560958862,0.6592210531234741,0.6646454930305481,0.6659528017044067
13370,-0.6495029926300049,86.90467071533203,32.865116119384766,121.04327719552177,0.6495029926300049,0.6495177149772644,0.008307713083922863,0.6342020630836487,0.6360780596733093,0.6391790509223938,0.6437535285949707,0.6495177149772644,0.6557892560958862,0.6592210531234741,0.6646454930305481,0.6659528017044067
13405,-0.6496752500534058,86.7493667602539,32.856597900390625,120.8382088797433,0.6496753096580505,0.6495177149772644,0.008287033066153526,0.6344267129898071,0.6364360451698303,0.6391790509223938,0.6439017057418823,0.6495177149772644,0.656111478805542,0.6600605845451355,0.6646454930305481,0.6659528017044067
13440,-0.6498858332633972,86.59794616699219,32.85250473022461,120.63358197893415,0.649885892868042,0.649723470211029,0.008396859280765057,0.6344267129898071,0.6364360451698303,0.6391790509223938,0.6439017057418823,0.649723470211029,0.6564420461654663,0.6600605845451355,0.6646454930305481,0.6659528017044067
13475,-0.6504343152046204,86.43781280517578,32.84284210205078,120.42165919712612,0.6504343152046204,0.6504393815994263,0.00846251379698515,0.6344267129898071,0.6364360451698303,0.6398241519927979,0.6450561285018921,0.6504393815994263,0.657877504825592,0.6603080630302429,0.6646454930305481,0.6659528017044067
13510,-0.6511476039886475,86.28919982910156,32.83740997314453,120.22137887137276,0.6511476039886475,0.6507525444030762,0.008949085138738155,0.6344267129898071,0.6368169188499451,0.6399703025817871,0.6455405354499817,0.6507525444030762,0.657877504825592,0.6603080630302429,0.6646454930305481,0.6659528017044067
13545,-0.6512230038642883,86.14271545410156,32.83831024169922,120.02005985804966,0.6512230038642883,0.6507525444030762,0.008943821303546429,0.6344267129898071,0.6368169188499451,0.6399703025817871,0.6457860469818115,0.6507525444030762,0.657877504825592,0.6603080630302429,0.6646454930305481,0.6659528017044067
13580,-0.6516727805137634,85.9964599609375,32.838199615478516,119.8194580078125,0.651672899723053,0.6516238451004028,0.009114222601056099,0.6344267129898071,0.6368169188499451,0.6400598287582397,0.6457860469818115,0.6516238451004028,0.658051609992981,0.6614863872528076,0.6648575663566589,0.6665673851966858
13615,-0.6522425413131714,85.83866882324219,32.82733917236328,119.6093019757952,0.6522426009178162,0.65226149559021,0.009361157193779945,0.6344267129898071,0.6368169188499451,0.6400598287582397,0.6462327241897583,0.65226149559021,0.6581025123596191,0.6627880334854126,0.6659704446792603,0.6684880256652832
13650,-0.652427077293396,85.68880462646484,32.82383728027344,119.4065170288086,0.652427077293396,0.65226149559021,0.009555036202073097,0.6344267129898071,0.6368169188499451,0.6400598287582397,0.6462327241897583,0.65226149559021,0.6581483483314514,0.6635323166847229,0.6665772199630737,0.6717825531959534
13685,-0.6526415348052979,85.53076934814453,32.8167839050293,119.19654737200055,0.6526415944099426,0.6522838473320007,0.009614202193915844,0.6344267129898071,0.6373571157455444,0.6400598287582397,0.6468461751937866,0.6522838473320007,0.658258318901062,0.6635323166847229,0.6665772199630737,0.6717825531959534
13720,-0.6528915166854858,85.37797546386719,32.807735443115234,118.99524034772601,0.6528915166854858,0.6524192094802856,0.009688965044915676,0.6344267129898071,0.6373571157455444,0.6400598287582397,0.6471092700958252,0.6524192094802856,0.6583514213562012,0.6646565794944763,0.6674975752830505,0.6717825531959534
13755,-0.6533189415931702,85.22081756591797,32.79111099243164,118.78973933628627,0.6533189415931702,0.6527941226959229,0.009603549726307392,0.6344267129898071,0.6373571157455444,0.6400598287582397,0.6475382447242737,0.6527941226959229,0.6587390303611755,0.6646565794944763,0.6674975752830505,0.6717825531959534
13790,-0.6537296772003174,85.07068634033203,32.787845611572266,118.58516475132534,0.6537296175956726,0.6545256972312927,0.009625759907066822,0.6344267129898071,0.6373571157455444,0.642957329750061,0.6476850509643555,0.6545256972312927,0.6592413187026978,0.6648597121238708,0.6677922606468201,0.6717825531959534
13825,-0.6539716124534607,84.927490234375,32.78914260864258,118.38865007672992,0.6539717316627502,0.6548522710800171,0.009797528386116028,0.6344267129898071,0.6373571157455444,0.642957329750061,0.6478271484375,0.6548522710800171,0.6595078110694885,0.664963960647583,0.6684505939483643,0.6720232367515564
13860,-0.6545189023017883,84.7763900756836,32.77779006958008,118.18724278041294,0.6545189619064331,0.6560224890708923,0.009676681831479073,0.6355295181274414,0.6373571157455444,0.6433513164520264,0.6484767198562622,0.6560224890708923,0.6598736047744751,0.6652778387069702,0.6684505939483643,0.6720232367515564
13895,-0.6553780436515808,84.61929321289062,32.76203536987305,117.98005131312779,0.6553781032562256,0.656707763671875,0.009218755178153515,0.6361305713653564,0.6382027864456177,0.6439309120178223,0.649247407913208,0.656707763671875,0.6602531671524048,0.6655075550079346,0.6684505939483643,0.6720232367515564
13930,-0.6554531455039978,84.46981048583984,32.7501106262207,117.77989305768695,0.6554532647132874,0.656707763671875,0.009090332314372063,0.6361305713653564,0.6423769593238831,0.6439309120178223,0.649247407913208,0.656707763671875,0.6602531671524048,0.6655075550079346,0.6684505939483643,0.6720232367515564
13965,-0.655975341796875,84.31897735595703,32.749122619628906,117.57091958182198,0.6559754014015198,0.656893253326416,0.009066473692655563,0.636433482170105,0.6423769593238831,0.6441329717636108,0.6500054001808167,0.656893253326416,0.6606327295303345,0.6659998297691345,0.6691540479660034,0.6730970144271851
14000,-0.656062126159668,84.17050170898438,32.738521575927734,117.37016078404018,0.6560621857643127,0.656893253326416,0.008978714235126972,0.636433482170105,0.6423769593238831,0.6441329717636108,0.6500054001808167,0.656893253326416,0.6610928773880005,0.6659998297691345,0.6691540479660034,0.6730970144271851
14035,-0.6561928987503052,84.02123260498047,32.725120544433594,117.16793932233539,0.65619295835495,0.657073974609375,0.009011788293719292,0.636433482170105,0.6423769593238831,0.6441329717636108,0.6500054001808167,0.657073974609375,0.6611584424972534,0.6659998297691345,0.6691540479660034,0.6730970144271851
14070,-0.6564114093780518,83.8649673461914,32.71653747558594,116.95715876988002,0.6564115285873413,0.6571202278137207,0.008897081948816776,0.636433482170105,0.6430165767669678,0.6458887457847595,0.6505895853042603,0.6571202278137207,0.6613177061080933,0.6659998297691345,0.6691540479660034,0.6730970144271851
14105,-0.6568297147750854,83.70923614501953,32.70477294921875,116.75020272391183,0.6568297743797302,0.657291054725647,0.008630532771348953,0.6406028866767883,0.6433360576629639,0.6462827920913696,0.6514264345169067,0.657291054725647,0.6613177061080933,0.6659998297691345,0.6691540479660034,0.6730970144271851
14140,-0.6569494605064392,83.55815124511719,32.69059753417969,116.54708535330636,0.6569494605064392,0.6574955582618713,0.008700390346348286,0.6406028866767883,0.6433360576629639,0.6466734409332275,0.6514264345169067,0.6574955582618713,0.6615461111068726,0.6666249632835388,0.6691591143608093,0.6730970144271851
14175,-0.6572034955024719,83.40872955322266,32.681922912597656,116.34537288120815,0.6572036147117615,0.6576988697052002,0.008593753911554813,0.640689492225647,0.6433360576629639,0.6466734409332275,0.6519211530685425,0.6576988697052002,0.661669135093689,0.6666249632835388,0.6691591143608093,0.6730970144271851
14210,-0.6575326919555664,83.26483154296875,32.67876434326172,116.14640808105469,0.6575327515602112,0.6579745411872864,0.008579947985708714,0.640689492225647,0.6433360576629639,0.6470529437065125,0.6526726484298706,0.6579745411872864,0.6620302796363831,0.6673403978347778,0.6691591143608093,0.6730970144271851
14245,-0.6578587293624878,83.11132049560547,32.66822052001953,115.93678501674107,0.6578587293624878,0.6582909822463989,0.008624291978776455,0.640689492225647,0.6433360576629639,0.6470529437065125,0.6529852151870728,0.6582909822463989,0.6627136468887329,0.6673403978347778,0.6691591143608093,0.6731597781181335
14280,-0.6583291292190552,82.96278381347656,32.662872314453125,115.73175484793526,0.6583290696144104,0.6586966514587402,0.008801765739917755,0.640689492225647,0.6433360576629639,0.6470529437065125,0.6531310081481934,0.6586966514587402,0.6643622517585754,0.6677985787391663,0.6698483228683472,0.6731597781181335
14315,-0.6588253378868103,82.81012725830078,32.65193557739258,115.524167742048,0.6588252782821655,0.6588177680969238,0.00864267535507679,0.640689492225647,0.6433678865432739,0.6485651731491089,0.6537988185882568,0.6588177680969238,0.664648175239563,0.6677985787391663,0.6698483228683472,0.6731597781181335
14350,-0.6590298414230347,82.65677642822266,32.63819122314453,115.31851632254464,0.6590298414230347,0.6589583158493042,0.008957206271588802,0.640689492225647,0.6433678865432739,0.6485651731491089,0.6539998054504395,0.6589583158493042,0.664648175239563,0.6677985787391663,0.6717873215675354,0.6794434189796448
14385,-0.6596249341964722,82.50623321533203,32.6329345703125,115.10960715157645,0.6596251130104065,0.6603895425796509,0.008871758356690407,0.640689492225647,0.6433678865432739,0.6488966345787048,0.6556733846664429,0.6603895425796509,0.6649426221847534,0.6681796908378601,0.6717873215675354,0.6794434189796448
14420,-0.6597616672515869,82.35470581054688,32.618717193603516,114.90543583461216,0.6597616672515869,0.6605232954025269,0.008956082165241241,0.640689492225647,0.6433678865432739,0.6488966345787048,0.6556733846664429,0.6605232954025269,0.6652932167053223,0.6684551239013672,0.6717875599861145,0.6794434189796448
14455,-0.6603500843048096,82.19917297363281,32.60367965698242,114.69774954659599,0.6603500843048096,0.6610537171363831,0.009171797893941402,0.640689492225647,0.6433678865432739,0.6488966345787048,0.6557537913322449,0.6610537171363831,0.6654781103134155,0.6705053448677063,0.6731853485107422,0.6794434189796448
14490,-0.6603889465332031,82.04733276367188,32.5904541015625,114.4908469063895,0.6603889465332031,0.6610537171363831,0.009126178920269012,0.640689492225647,0.6433678865432739,0.6488966345787048,0.6557537913322449,0.6610537171363831,0.6654781103134155,0.6705053448677063,0.6731853485107422,0.6794434189796448
14525,-0.6607415676116943,81.90162658691406,32.58502197265625,114.28627559116909,0.6607415676116943,0.6612453460693359,0.009207171387970448,0.640689492225647,0.6433678865432739,0.6488966345787048,0.6560066938400269,0.6612453460693359,0.6661427021026611,0.6708371639251709,0.6759938597679138,0.6794434189796448
14560,-0.6609889268875122,81.74152374267578,32.56455612182617,114.07654789515904,0.6609889268875122,0.6615282297134399,0.00926204863935709,0.640689492225647,0.6433678865432739,0.6488966345787048,0.6562281847000122,0.6615282297134399,0.6667715311050415,0.6708371639251709,0.6759938597679138,0.6794434189796448
14595,-0.6611998081207275,81.59517669677734,32.55607223510742,113.87728990827289,0.6611998677253723,0.6615671515464783,0.009290426038205624,0.640689492225647,0.6433678865432739,0.6488966345787048,0.6564942002296448,0.6615671515464783,0.6669780015945435,0.6717952489852905,0.6759938597679138,0.6794434189796448
14630,-0.6613442897796631,81.44610595703125,32.54460906982422,113.6763894217355,0.6613442301750183,0.6615671515464783,0.009329610504209995,0.640689492225647,0.6433678865432739,0.6488966345787048,0.656562864780426,0.6615671515464783,0.6670674085617065,0.6719967126846313,0.6759938597679138,0.6794434189796448
14665,-0.6619651913642883,81.29515838623047,32.5324592590332,113.47149331229073,0.6619651913642883,0.6620681285858154,0.009446516633033752,0.6424297094345093,0.6463562250137329,0.6488966345787048,0.6567127704620361,0.6620681285858154,0.6678576469421387,0.6726307272911072,0.6760788559913635,0.6798189282417297
14700,-0.662242591381073,81.14379119873047,32.51696014404297,113.26561301095145,0.662242591381073,0.6632372736930847,0.00953951571136713,0.6424297094345093,0.6463562250137329,0.6496320962905884,0.6567127704620361,0.6632372736930847,0.6683686971664429,0.6727664470672607,0.6760788559913635,0.6798189282417297
14735,-0.6624340415000916,80.98445892333984,32.499366760253906,113.05340249197823,0.6624339818954468,0.6635155081748962,0.009498522616922855,0.6424297094345093,0.6464177370071411,0.6496320962905884,0.6569902896881104,0.6635155081748962,0.6685065627098083,0.6727664470672607,0.6760788559913635,0.6798189282417297
14770,-0.6626800894737244,80.83905792236328,32.49068069458008,112.84835706438336,0.6626801490783691,0.6636192798614502,0.00931156799197197,0.6433668732643127,0.6464177370071411,0.6498011350631714,0.6572693586349487,0.6636192798614502,0.6687970757484436,0.6727664470672607,0.6760788559913635,0.6798189282417297
14805,-0.6627588272094727,80.68146514892578,32.4721794128418,112.63583592006138,0.6627588868141174,0.6636738777160645,0.009435017593204975,0.6433668732643127,0.6464177370071411,0.6498011350631714,0.6572693586349487,0.6636738777160645,0.6687970757484436,0.6730056405067444,0.6760788559913635,0.6842554211616516
14840,-0.6630503535270691,80.53499603271484,32.45552444458008,112.43710436139789,0.6630502939224243,0.6638255715370178,0.009309101849794388,0.6433668732643127,0.6464177370071411,0.6498011350631714,0.6577250361442566,0.6638255715370178,0.6690294742584229,0.6730824112892151,0.6760788559913635,0.6842554211616516
14875,-0.6632598042488098,80.37853240966797,32.437705993652344,112.22622789655414,0.6632598042488098,0.6646638512611389,0.009318741038441658,0.6433668732643127,0.6464177370071411,0.6498011350631714,0.658171534538269,0.6646638512611389,0.6692698001861572,0.6730824112892151,0.6760788559913635,0.6842554211616516
14910,-0.6635971069335938,80.22954559326172,32.41783905029297,112.02650560651507,0.6635971665382385,0.6652284264564514,0.009402715601027012,0.6433668732643127,0.6464177370071411,0.6498011350631714,0.658171534538269,0.6652284264564514,0.6695408225059509,0.6730824112892151,0.6760788559913635,0.6842554211616516
14945,-0.6638938188552856,80.07428741455078,32.40481948852539,111.81710488455636,0.6638938784599304,0.6653317809104919,0.00968782790005207,0.6443857550621033,0.6464650630950928,0.6498011350631714,0.658171534538269,0.6653317809104919,0.6700473427772522,0.6740879416465759,0.6764804720878601,0.684389591217041
14980,-0.6641508340835571,79.92589569091797,32.385650634765625,111.61641911097935,0.6641508340835571,0.665471613407135,0.009796617552638054,0.6443857550621033,0.6464650630950928,0.6498011350631714,0.6583077311515808,0.665471613407135,0.6704325675964355,0.6743054986000061,0.6777762174606323,0.684389591217041
15015,-0.6644709706306458,79.78778839111328,32.37907409667969,111.42029244559151,0.6644709706306458,0.665471613407135,0.010025601834058762,0.6443857550621033,0.6464650630950928,0.6498011350631714,0.6583077311515808,0.665471613407135,0.6705210208892822,0.6745239496231079,0.6794462203979492,0.684389591217041
15050,-0.6647512912750244,79.6501235961914,32.38478088378906,111.22368512834821,0.6647512912750244,0.6655440926551819,0.009951470419764519,0.6443857550621033,0.6464650630950928,0.6527370810508728,0.6585015058517456,0.6655440926551819,0.6708419322967529,0.6745239496231079,0.6794462203979492,0.684389591217041
15085,-0.6650334596633911,79.5007095336914,32.363460540771484,111.02467673165458,0.6650335192680359,0.6656928062438965,0.010129270143806934,0.6443857550621033,0.6464650630950928,0.6527370810508728,0.6585015058517456,0.6656928062438965,0.6714459657669067,0.6761677265167236,0.6816242933273315,0.684389591217041
15120,-0.6653946042060852,79.35157775878906,32.34838104248047,110.82254573277065,0.6653945446014404,0.6658242344856262,0.01034200843423605,0.6443857550621033,0.6464650630950928,0.6527370810508728,0.6586986780166626,0.6658242344856262,0.6721292734146118,0.67778480052948,0.6816242933273315,0.684389591217041
15155,-0.6656382083892822,79.20093536376953,32.3336067199707,110.61897386823382,0.6656381487846375,0.6659805774688721,0.010204058140516281,0.6444033980369568,0.6467078328132629,0.6529713273048401,0.6588046550750732,0.6659805774688721,0.6721292734146118,0.6779915690422058,0.6816242933273315,0.684389591217041
15190,-0.6659358739852905,79.05413055419922,32.3212776184082,110.41575404575893,0.6659358143806458,0.6659805774688721,0.010102265514433384,0.6444033980369568,0.6467078328132629,0.6540907621383667,0.6595703959465027,0.6659805774688721,0.672145426273346,0.6785463690757751,0.6816242933273315,0.684389591217041
15225,-0.6661848425865173,78.9059829711914,32.30302429199219,110.2154061453683,0.6661847829818726,0.6661515235900879,0.01000495906919241,0.6446115374565125,0.6474013924598694,0.6541053652763367,0.6595703959465027,0.6661515235900879,0.6726094484329224,0.6785463690757751,0.6816242933273315,0.684389591217041
15260,-0.6664309501647949,78.75748443603516,32.28681945800781,110.01224081856864,0.6664308905601501,0.6663498282432556,0.009942290373146534,0.6446115374565125,0.6474013924598694,0.6541053652763367,0.6600146889686584,0.6663498282432556,0.6727527379989624,0.6785463690757751,0.6816242933273315,0.684389591217041
15295,-0.6666392087936401,78.61194610595703,32.27206802368164,109.81376647949219,0.6666391491889954,0.6666457653045654,0.009949094615876675,0.6446115374565125,0.6474013924598694,0.6541053652763367,0.6603881120681763,0.6666457653045654,0.6730272769927979,0.6785463690757751,0.6816242933273315,0.684389591217041
15330,-0.6668219566345215,78.46786499023438,32.25641632080078,109.62088884626117,0.6668219566345215,0.6671881675720215,0.009883333928883076,0.6446115374565125,0.6474013924598694,0.6541053652763367,0.6603881120681763,0.6671881675720215,0.6730291247367859,0.6785463690757751,0.6816242933273315,0.684389591217041
15365,-0.6671394109725952,78.31672668457031,32.23633575439453,109.4189453125,0.6671393513679504,0.6681355237960815,0.009979145601391792,0.6446115374565125,0.6474013924598694,0.6541053652763367,0.6603881120681763,0.6681355237960815,0.6733262538909912,0.6792483329772949,0.6816242933273315,0.684389591217041
15400,-0.6676263213157654,78.17101287841797,32.22334289550781,109.21593475341797,0.6676263213157654,0.6690212488174438,0.010000495240092278,0.6446125507354736,0.6474013924598694,0.6541053652763367,0.6607543230056763,0.6690212488174438,0.6740341782569885,0.6792483329772949,0.6816242933273315,0.684389591217041
15435,-0.66778564453125,78.02397155761719,32.21019744873047,109.01351056780133,0.6677855849266052,0.6690820455551147,0.009950955398380756,0.6446125507354736,0.6505951285362244,0.6541053652763367,0.6607543230056763,0.6690820455551147,0.6741979122161865,0.6792483329772949,0.6816242933273315,0.684389591217041
15470,-0.6678953170776367,77.886962890625,32.19707489013672,108.82418060302734,0.6678953766822815,0.6690820455551147,0.009872307069599628,0.6455432176589966,0.650613009929657,0.6541053652763367,0.6607543230056763,0.6690820455551147,0.6744478940963745,0.6792483329772949,0.6816242933273315,0.684389591217041
15505,-0.6681196689605713,77.7332534790039,32.17814254760742,108.61368233816964,0.6681197285652161,0.6691835522651672,0.00979882013052702,0.6455432176589966,0.650613009929657,0.6541053652763367,0.6628051996231079,0.6691835522651672,0.6747583150863647,0.6792483329772949,0.6816242933273315,0.684389591217041
15540,-0.6682161688804626,77.58708953857422,32.16580581665039,108.41086796351841,0.6682161688804626,0.6696481704711914,0.009829250164330006,0.6455602645874023,0.650613009929657,0.6541053652763367,0.6628051996231079,0.6696481704711914,0.675233006477356,0.6792483329772949,0.6816242933273315,0.684389591217041
15575,-0.6685375571250916,77.43612670898438,32.14265441894531,108.21006229945591,0.6685376167297363,0.6702629327774048,0.009794455021619797,0.6473972797393799,0.6506643891334534,0.655110239982605,0.6633800268173218,0.6702629327774048,0.675233006477356,0.6792483329772949,0.6830572485923767,0.684389591217041
15610,-0.6687343716621399,77.29078674316406,32.12755584716797,108.00937979561942,0.6687343716621399,0.6702629327774048,0.009824715554714203,0.6473972797393799,0.6506643891334534,0.655110239982605,0.6635257005691528,0.6702629327774048,0.6763095855712891,0.6792483329772949,0.6830572485923767,0.684389591217041
15645,-0.6691537499427795,77.14679718017578,32.10823059082031,107.814697265625,0.6691538095474243,0.670372486114502,0.01001367811113596,0.6473972797393799,0.6506643891334534,0.655110239982605,0.6638268232345581,0.670372486114502,0.6765949130058289,0.6792809367179871,0.6839928030967712,0.689170777797699
15680,-0.6694860458374023,77.00947570800781,32.10050582885742,107.61853463309151,0.6694861650466919,0.6706376671791077,0.009748965501785278,0.6477844715118408,0.6530206203460693,0.6552765965461731,0.6638268232345581,0.6706376671791077,0.6765949130058289,0.6792809367179871,0.6839928030967712,0.689170777797699
15715,-0.6697872877120972,76.87062072753906,32.0888671875,107.42454419817243,0.6697874665260315,0.6712324619293213,0.009927049279212952,0.6477844715118408,0.6531409621238708,0.6552786827087402,0.6638268232345581,0.6712324619293213,0.6767274141311646,0.6794173717498779,0.6840486526489258,0.6915013790130615
15750,-0.6700567603111267,76.72582244873047,32.07553482055664,107.22432163783482,0.6700568199157715,0.6713148355484009,0.010102464817464352,0.6477844715118408,0.6531409621238708,0.6552786827087402,0.6638268232345581,0.6713148355484009,0.676828145980835,0.6820878982543945,0.6853815913200378,0.6915013790130615
15785,-0.6703075766563416,76.56949615478516,32.04966735839844,107.01655033656529,0.6703077554702759,0.6715571284294128,0.010271252132952213,0.6477844715118408,0.6531409621238708,0.6552786827087402,0.6638268232345581,0.6715571284294128,0.6770829558372498,0.6829246878623962,0.6855144500732422,0.6915013790130615
15820,-0.6704356074333191,76.42427825927734,32.035701751708984,106.81480516706195,0.6704357266426086,0.6715571284294128,0.010187238454818726,0.6477844715118408,0.6531409621238708,0.6553286910057068,0.6642494201660156,0.6715571284294128,0.6770829558372498,0.6829246878623962,0.6855144500732422,0.6915013790130615
15855,-0.6710338592529297,76.2760009765625,32.01670455932617,106.61282021658761,0.671034038066864,0.671927273273468,0.010089230723679066,0.6477844715118408,0.6531409621238708,0.6557298302650452,0.6652340888977051,0.671927273273468,0.6774816513061523,0.6829246878623962,0.6855144500732422,0.6915013790130615
15890,-0.6712120771408081,76.12928771972656,32.000553131103516,106.4088112967355,0.6712122559547424,0.671927273273468,0.01019642036408186,0.6477844715118408,0.6531409621238708,0.6557298302650452,0.6652340888977051,0.671927273273468,0.677878737449646,0.6832403540611267,0.6855144500732422,0.6915013790130615
15925,-0.6715042591094971,75.98902893066406,31.990032196044922,106.21339634486607,0.6715043783187866,0.6721516847610474,0.01002099085599184,0.6477844715118408,0.6531409621238708,0.6568220853805542,0.6657652854919434,0.6721516847610474,0.677878737449646,0.6832403540611267,0.6855144500732422,0.6915013790130615
15960,-0.6717826724052429,75.84050750732422,31.976266860961914,106.00585283551898,0.6717827320098877,0.6726060509681702,0.009859543293714523,0.6477844715118408,0.6531409621238708,0.6585061550140381,0.6664550304412842,0.6726060509681702,0.677878737449646,0.6832403540611267,0.6855144500732422,0.6915013790130615
15995,-0.6722047924995422,75.6939697265625,31.967382431030273,105.79866899762835,0.6722049117088318,0.6731862425804138,0.009909256361424923,0.6507173180580139,0.6534296870231628,0.6585061550140381,0.6664550304412842,0.6731862425804138,0.678158164024353,0.683655858039856,0.6857214570045471,0.6915013790130615
16030,-0.6725503206253052,75.56169128417969,31.95293617248535,105.61008126395089,0.6725504994392395,0.6737568378448486,0.009780059568583965,0.6526792645454407,0.6540932655334473,0.6585061550140381,0.6665255427360535,0.6737568378448486,0.6786222457885742,0.6840457320213318,0.6857214570045471,0.6915013790130615
16065,-0.6725947260856628,75.41417694091797,31.934473037719727,105.40801021030971,0.6725948452949524,0.6737568378448486,0.009784356690943241,0.6526792645454407,0.6540932655334473,0.6585061550140381,0.6665255427360535,0.6737568378448486,0.6786222457885742,0.6840457320213318,0.6857214570045471,0.6915013790130615
16100,-0.673084557056427,75.26052856445312,31.911109924316406,105.20299312046596,0.6730846166610718,0.6741344332695007,0.009642037563025951,0.6526947021484375,0.6540932655334473,0.6592748165130615,0.6665255427360535,0.6741344332695007,0.6791810989379883,0.6849903464317322,0.6878293752670288,0.6915013790130615
16135,-0.6733788251876831,75.12550354003906,31.90178680419922,105.01057434082031,0.6733788847923279,0.6747499704360962,0.009877605363726616,0.6526947021484375,0.6540932655334473,0.659579873085022,0.6665255427360535,0.6747499704360962,0.6791810989379883,0.6851831674575806,0.6884554624557495,0.6937544345855713
16170,-0.6734403967857361,74.98424530029297,31.884571075439453,104.811281476702,0.6734405755996704,0.6747499704360962,0.009848031215369701,0.6526947021484375,0.6540932655334473,0.6602478623390198,0.6665255427360535,0.6747499704360962,0.6791810989379883,0.6851831674575806,0.6884554624557495,0.6937544345855713
16205,-0.6734625101089478,74.84335327148438,31.861371994018555,104.62059892926898,0.6734626293182373,0.674765944480896,0.00985358189791441,0.6526947021484375,0.6540932655334473,0.6602478623390198,0.6665255427360535,0.674765944480896,0.6793590784072876,0.6851831674575806,0.6884554624557495,0.6937544345855713
16240,-0.6737139821052551,74.69847869873047,31.853824615478516,104.41346522739956,0.6737140417098999,0.6750457286834717,0.009636282920837402,0.6531112194061279,0.6563990116119385,0.6607021689414978,0.6671756505966187,0.6750457286834717,0.6793590784072876,0.6851831674575806,0.6884554624557495,0.6937544345855713
16275,-0.67391037940979,74.55229187011719,31.839048385620117,104.20733751569476,0.6739104390144348,0.6751964092254639,0.009810257703065872,0.6531112194061279,0.6563990116119385,0.6607021689414978,0.6671756505966187,0.6751964092254639,0.6798800230026245,0.6851831674575806,0.6895111799240112,0.6946406960487366
16310,-0.6739641427993774,74.40702819824219,31.82332420349121,104.00518580845424,0.673964262008667,0.6754336357116699,0.00977160781621933,0.6531112194061279,0.6563990116119385,0.6614316701889038,0.6671756505966187,0.6754336357116699,0.6798873543739319,0.6851831674575806,0.6895111799240112,0.6946406960487366
16345,-0.6740917563438416,74.27189636230469,31.812664031982422,103.81200408935547,0.6740918755531311,0.6754336357116699,0.009713588282465935,0.6531112194061279,0.6563990116119385,0.6614316701889038,0.6675431728363037,0.6754336357116699,0.6798873543739319,0.6851831674575806,0.6895111799240112,0.6946406960487366
16380,-0.6744943857192993,74.1386947631836,31.801511764526367,103.62191009521484,0.6744945049285889,0.6754336357116699,0.010045820847153664,0.6531112194061279,0.6563990116119385,0.6614316701889038,0.6675431728363037,0.6754336357116699,0.6805239319801331,0.6877158284187317,0.6914668083190918,0.6946406960487366
16415,-0.6748549342155457,73.99360656738281,31.783178329467773,103.41856275285993,0.6748550534248352,0.6754336357116699,0.00990013126283884,0.6534445881843567,0.658190906047821,0.6614316701889038,0.6687527894973755,0.6754336357116699,0.6810393333435059,0.6878597140312195,0.6914668083190918,0.6946473717689514
16450,-0.6749027967453003,73.84850311279297,31.770862579345703,103.21167864118304,0.6749027967453003,0.6754336357116699,0.009915410540997982,0.6534445881843567,0.658190906047821,0.6614316701889038,0.6688897609710693,0.6754336357116699,0.6810837388038635,0.6878597140312195,0.6917479038238525,0.6946473717689514
16485,-0.6754475831985474,73.70510864257812,31.750038146972656,103.0121340070452,0.6754477024078369,0.675528347492218,0.009713209234178066,0.655564546585083,0.6592732667922974,0.6614316701889038,0.6693433523178101,0.675528347492218,0.6819238662719727,0.6884058117866516,0.6922010183334351,0.6946473717689514
16520,-0.6759012341499329,73.55187225341797,31.72381591796875,102.80315835135323,0.6759013533592224,0.6756439208984375,0.00966381561011076,0.6568018794059753,0.6598447561264038,0.6614316701889038,0.6693597435951233,0.6756439208984375,0.682464599609375,0.6884058117866516,0.6922010183334351,0.6946473717689514
16555,-0.6760545372962952,73.40148162841797,31.7049503326416,102.59553745814732,0.6760545969009399,0.6762481927871704,0.009635853581130505,0.6568609476089478,0.6598447561264038,0.6614316701889038,0.6693597435951233,0.6762481927871704,0.6825556755065918,0.6884254813194275,0.6922010183334351,0.6946473717689514
16590,-0.6763092875480652,73.25532531738281,31.683794021606445,102.39403969900948,0.67630934715271,0.6765522956848145,0.00976751372218132,0.6568609476089478,0.6598447561264038,0.6614316701889038,0.6693597435951233,0.6765522956848145,0.6833168268203735,0.6884254813194275,0.6922010183334351,0.6961677670478821
16625,-0.6766566038131714,73.109375,31.671619415283203,102.18657466343471,0.6766566634178162,0.6771717071533203,0.00991820264607668,0.6568609476089478,0.6598447561264038,0.6632317304611206,0.6693597435951233,0.6771717071533203,0.6837275624275208,0.689507246017456,0.6922010183334351,0.6961677670478821
16660,-0.6768275499343872,72.96066284179688,31.6546573638916,101.97806985037667,0.6768275499343872,0.6772971153259277,0.009927156381309032,0.6568609476089478,0.6598447561264038,0.6636605262756348,0.6697078347206116,0.6772971153259277,0.6840388774871826,0.689507246017456,0.6922227740287781,0.6961677670478821
16695,-0.6770535707473755,72.82052612304688,31.632434844970703,101.78606196812221,0.6770536303520203,0.6774266958236694,0.009773986414074898,0.6582547426223755,0.6606389880180359,0.66385418176651,0.6705613136291504,0.6774266958236694,0.6845866441726685,0.689507246017456,0.6922227740287781,0.6961677670478821
16730,-0.6773385405540466,72.68289184570312,31.625436782836914,101.58272661481585,0.677338719367981,0.6774579286575317,0.009727324359118938,0.6582547426223755,0.6614261865615845,0.6643041372299194,0.6705613136291504,0.6774579286575317,0.6847236156463623,0.689507246017456,0.6922227740287781,0.6961677670478821
16765,-0.677375316619873,72.53825378417969,31.61504364013672,101.3745607648577,0.6773754954338074,0.6774579286575317,0.009785330854356289,0.6582547426223755,0.6614261865615845,0.6643041372299194,0.6705613136291504,0.6774579286575317,0.6847236156463623,0.689507246017456,0.6937172412872314,0.6961677670478821
16800,-0.6776641607284546,72.39636993408203,31.595542907714844,101.17572893415179,0.6776641607284546,0.6775445938110352,0.009725856594741344,0.6582547426223755,0.6614261865615845,0.6643041372299194,0.6711033582687378,0.6775445938110352,0.6847236156463623,0.6899275183677673,0.6937172412872314,0.6961677670478821
16835,-0.6779789328575134,72.26061248779297,31.584444046020508,100.98132215227399,0.6779789924621582,0.6777313947677612,0.009731575846672058,0.6582547426223755,0.6614261865615845,0.6649206876754761,0.6711033582687378,0.6777313947677612,0.6847236156463623,0.6904706954956055,0.6937172412872314,0.6961857080459595
16870,-0.6782180666923523,72.12053680419922,31.568580627441406,100.78170122419085,0.6782180666923523,0.6778765320777893,0.009471569210290909,0.6583221554756165,0.6633274555206299,0.6653023362159729,0.6716957092285156,0.6778765320777893,0.6847236156463623,0.6904706954956055,0.6937172412872314,0.6961857080459595
16905,-0.6784048080444336,71.99047088623047,31.563947677612305,100.58627210344586,0.6784048676490784,0.6779958009719849,0.009346941486001015,0.6598411202430725,0.6636736989021301,0.6654118299484253,0.6716957092285156,0.6779958009719849,0.684995710849762,0.6904706954956055,0.6937172412872314,0.6961857080459595
16940,-0.6787867546081543,71.84925842285156,31.54842185974121,100.38352312360492,0.6787867546081543,0.6781843900680542,0.009078475646674633,0.6614752411842346,0.663863480091095,0.6658785939216614,0.672004759311676,0.6781843900680542,0.684995710849762,0.6904706954956055,0.6937351822853088,0.6961857080459595
16975,-0.6791806817054749,71.70458984375,31.5283203125,100.18086896623883,0.6791806221008301,0.6783331632614136,0.009270912036299706,0.6614752411842346,0.663863480091095,0.6670764684677124,0.672004759311676,0.6783331632614136,0.6851192116737366,0.6917151212692261,0.6941957473754883,0.6961857080459595
17010,-0.6794524192810059,71.55863952636719,31.505958557128906,99.97915758405414,0.6794523596763611,0.6783331632614136,0.0093796756118536,0.6614752411842346,0.6646631956100464,0.6673775911331177,0.672004759311676,0.6783331632614136,0.6859830617904663,0.6923426389694214,0.6942012310028076,0.6961857080459595
17045,-0.6798507571220398,71.4200439453125,31.49056625366211,99.7810527256557,0.6798507571220398,0.6786613464355469,0.009571528993546963,0.6614752411842346,0.6646631956100464,0.6673775911331177,0.6722755432128906,0.6786613464355469,0.6867469549179077,0.6923426389694214,0.6945832371711731,0.697239100933075
17080,-0.6800053119659424,71.27467346191406,31.46993064880371,99.57933480398995,0.6800054311752319,0.679560124874115,0.009597105905413628,0.6614752411842346,0.6646631956100464,0.6678869128227234,0.6724066138267517,0.679560124874115,0.6867469549179077,0.6923426389694214,0.694729745388031,0.6987576484680176
17115,-0.6801508665084839,71.12321472167969,31.442764282226562,99.37207794189453,0.6801508069038391,0.6795914173126221,0.00958045944571495,0.6614752411842346,0.6646631956100464,0.6678869128227234,0.6743451952934265,0.6795914173126221,0.6868451833724976,0.6923426389694214,0.694729745388031,0.6987844109535217
17150,-0.6804510354995728,70.97602081298828,31.41665267944336,99.16795022147042,0.680450975894928,0.6795914173126221,0.009642863646149635,0.6618161201477051,0.6646631956100464,0.6678869128227234,0.6745136380195618,0.6795914173126221,0.688858151435852,0.6926401257514954,0.6954836845397949,0.6987844109535217
17185,-0.6806535124778748,70.83392333984375,31.390214920043945,98.97294289725167,0.68065345287323,0.6805305480957031,0.00960270594805479,0.6618161201477051,0.6646631956100464,0.6678869128227234,0.6748107671737671,0.6805305480957031,0.6894892454147339,0.6926664113998413,0.6954836845397949,0.6987844109535217
17220,-0.6807703971862793,70.69198608398438,31.369121551513672,98.77307237897601,0.6807703375816345,0.6806915998458862,0.009731355123221874,0.6618161201477051,0.6646631956100464,0.6678869128227234,0.6748107671737671,0.6806915998458862,0.6897668838500977,0.6930404901504517,0.6962167620658875,0.6990695595741272
17255,-0.6809601187705994,70.5600814819336,31.362075805664062,98.5799800327846,0.6809600591659546,0.6809970140457153,0.009863533079624176,0.6618161201477051,0.66538006067276,0.6678869128227234,0.6748107671737671,0.6809970140457153,0.6899286508560181,0.6937987208366394,0.6972706317901611,0.6990695595741272
17290,-0.6810299754142761,70.41140747070312,31.331787109375,98.37833949497768,0.6810299158096313,0.6809970140457153,0.009796226397156715,0.6618161201477051,0.6656020879745483,0.6684224605560303,0.6748107671737671,0.6809970140457153,0.6899286508560181,0.6937987208366394,0.6972706317901611,0.6990695595741272
17325,-0.6812446713447571,70.2824935913086,31.314157485961914,98.19172777448382,0.6812446117401123,0.6809970140457153,0.009889500215649605,0.6618161201477051,0.6656020879745483,0.6684224605560303,0.6750484108924866,0.6809970140457153,0.6900914907455444,0.6945869326591492,0.6986020803451538,0.6990695595741272
17360,-0.6813930869102478,70.14257049560547,31.29472541809082,97.99555969238281,0.6813932061195374,0.6815568208694458,0.00984714925289154,0.6618161201477051,0.6656020879745483,0.6684224605560303,0.6750484108924866,0.6815568208694458,0.6900914907455444,0.6945869326591492,0.6986020803451538,0.6990695595741272
17395,-0.6819707155227661,70.00346374511719,31.271568298339844,97.80256761823382,0.6819707751274109,0.6819372773170471,0.009906607680022717,0.6645922660827637,0.6656020879745483,0.6688021421432495,0.6751501560211182,0.6819372773170471,0.6901657581329346,0.6947335600852966,0.6987258195877075,0.6991323828697205
17430,-0.6821845769882202,69.86381530761719,31.251842498779297,97.60129983084542,0.6821845769882202,0.6823012828826904,0.009793422184884548,0.6651631593704224,0.6658217906951904,0.6690059900283813,0.6751734018325806,0.6823012828826904,0.6901657581329346,0.6947335600852966,0.6987258195877075,0.6991323828697205
17465,-0.6826128363609314,69.73361206054688,31.233829498291016,97.41719273158482,0.6826128363609314,0.682691216468811,0.010192394256591797,0.6651631593704224,0.6658217906951904,0.6690059900283813,0.6754262447357178,0.682691216468811,0.6904023885726929,0.6955195069313049,0.6990707516670227,0.7031674385070801
17500,-0.6829493641853333,69.58900451660156,31.20861053466797,97.21632276262555,0.6829493045806885,0.6832549571990967,0.010107600130140781,0.6651631593704224,0.6658217906951904,0.6703705787658691,0.6761065721511841,0.6832549571990967,0.6904023885726929,0.6955195069313049,0.6990707516670227,0.7031674385070801
17535,-0.6834272146224976,69.44776916503906,31.189348220825195,97.01620592389789,0.6834270358085632,0.6835430860519409,0.010014105588197708,0.6656020283699036,0.6678444743156433,0.6705927848815918,0.6768407821655273,0.6835430860519409,0.6904398202896118,0.6962685585021973,0.6991668343544006,0.7031674385070801
17570,-0.6837003827095032,69.3112564086914,31.171464920043945,96.81720188685826,0.6837003231048584,0.6840611100196838,0.010022208094596863,0.6656020283699036,0.6678444743156433,0.6705927848815918,0.6772047281265259,0.6840611100196838,0.6905036568641663,0.6962685585021973,0.6991668343544006,0.7031674385070801
17605,-0.6842238306999207,69.17533111572266,31.148963928222656,96.62833186558315,0.6842238903045654,0.6841883659362793,0.01034382451325655,0.6656020283699036,0.6678444743156433,0.6705927848815918,0.677341103553772,0.6841883659362793,0.6911928057670593,0.6986084580421448,0.7017180323600769,0.7033974528312683
17640,-0.6842554211616516,69.04084014892578,31.12972640991211,96.43638610839844,0.6842554211616516,0.6841883659362793,0.010368084535002708,0.6656020283699036,0.6678444743156433,0.6705927848815918,0.677341103553772,0.6841883659362793,0.69150710105896,0.6986084580421448,0.7017180323600769,0.7033974528312683
17675,-0.6845463514328003,68.90840911865234,31.111270904541016,96.24646868024554,0.6845462918281555,0.6845933198928833,0.010190999135375023,0.6658284664154053,0.667902946472168,0.6705927848815918,0.6774691939353943,0.6845933198928833,0.69150710105896,0.6986084580421448,0.7017180323600769,0.7033974528312683
17710,-0.6849954128265381,68.76879119873047,31.08846664428711,96.05006953648159,0.6849954724311829,0.684622049331665,0.010501662269234657,0.6671048402786255,0.667941153049469,0.6705927848815918,0.6774691939353943,0.684622049331665,0.69150710105896,0.6990727782249451,0.7028497457504272,0.7080793976783752
17745,-0.6854016184806824,68.63583374023438,31.07335090637207,95.85581861223493,0.6854015588760376,0.6851150393486023,0.01030676905065775,0.6679188013076782,0.6688246726989746,0.6712096333503723,0.6778877973556519,0.6851150393486023,0.6922736167907715,0.6990727782249451,0.7028497457504272,0.7080793976783752
17780,-0.6855459213256836,68.49773406982422,31.059606552124023,95.65367562430245,0.6855460405349731,0.6860696077346802,0.010331548750400543,0.6679188013076782,0.6688246726989746,0.6712096333503723,0.6778877973556519,0.6860696077346802,0.6922736167907715,0.6991313695907593,0.7028497457504272,0.7080793976783752
17815,-0.6858804225921631,68.36370849609375,31.03984260559082,95.4608404976981,0.6858804821968079,0.6864941120147705,0.01047231163829565,0.6679188013076782,0.6688246726989746,0.6712096333503723,0.6781357526779175,0.6864941120147705,0.6929478645324707,0.6991313695907593,0.7028497457504272,0.709378719329834
17850,-0.686197817325592,68.23316955566406,31.028234481811523,95.2691170828683,0.6861978769302368,0.6865456700325012,0.010436931625008583,0.6679188013076782,0.669268012046814,0.672164797782898,0.6784095764160156,0.6865456700325012,0.6938597559928894,0.6993595361709595,0.7028497457504272,0.709378719329834
17885,-0.6864820718765259,68.09980010986328,31.008283615112305,95.08026559012276,0.6864821910858154,0.6865456700325012,0.010499500669538975,0.6679188013076782,0.669268012046814,0.672428548336029,0.6785820722579956,0.6865456700325012,0.6941456198692322,0.6996992826461792,0.7030795216560364,0.709378719329834
17920,-0.6868144869804382,67.96935272216797,30.991037368774414,94.89025442940849,0.6868146657943726,0.6869970560073853,0.010570796206593513,0.6679188013076782,0.669268012046814,0.672428548336029,0.6791122555732727,0.6869970560073853,0.6942708492279053,0.7003981471061707,0.703304648399353,0.709378719329834
17955,-0.6872143149375916,67.84037780761719,30.979835510253906,94.69922528948102,0.6872144341468811,0.6873438358306885,0.010627057403326035,0.6679188013076782,0.6696983575820923,0.672778308391571,0.6793209314346313,0.6873438358306885,0.6946190595626831,0.7016620635986328,0.7033687233924866,0.709378719329834
17990,-0.6878460645675659,67.72399139404297,30.975053787231445,94.51888166155133,0.6878461241722107,0.6884317398071289,0.010305826552212238,0.6692776679992676,0.6704835295677185,0.6744741797447205,0.6796490550041199,0.6884317398071289,0.6947802305221558,0.7016620635986328,0.7033687233924866,0.709378719329834
18025,-0.6884405612945557,67.58085632324219,30.949438095092773,94.31829180036273,0.6884405016899109,0.6898807287216187,0.010185301303863525,0.6692776679992676,0.6705967783927917,0.6746851205825806,0.679807186126709,0.6898807287216187,0.6950205564498901,0.7017905712127686,0.7033687233924866,0.709378719329834
18060,-0.688578724861145,67.44952392578125,30.933948516845703,94.12649100167411,0.6885788440704346,0.6901894807815552,0.010037175379693508,0.6697107553482056,0.6725544929504395,0.6747005581855774,0.679807186126709,0.6901894807815552,0.6950205564498901,0.7017905712127686,0.7033687233924866,0.709378719329834
18095,-0.6888810396194458,67.31783294677734,30.91518211364746,93.93450709751674,0.6888811588287354,0.690493643283844,0.009957700036466122,0.6697107553482056,0.6725544929504395,0.6747005581855774,0.6802817583084106,0.690493643283844,0.6955244541168213,0.7017905712127686,0.7033687233924866,0.709378719329834
18130,-0.6890411376953125,67.18792724609375,30.89556121826172,93.7481220790318,0.6890411972999573,0.6907051801681519,0.01009134016931057,0.6697107553482056,0.6725544929504395,0.6747005581855774,0.6802817583084106,0.6907051801681519,0.6955244541168213,0.7017905712127686,0.7038476467132568,0.7096025347709656
18165,-0.6893633604049683,67.04891967773438,30.8726863861084,93.54993656703404,0.6893634796142578,0.6907051801681519,0.00996770802885294,0.6716968417167664,0.6733450293540955,0.6772834062576294,0.6805672645568848,0.6907051801681519,0.696216344833374,0.7027192115783691,0.7038476467132568,0.7096025347709656
18200,-0.6896255612373352,66.90567779541016,30.84511947631836,93.3506110055106,0.68962562084198,0.6907051801681519,0.009797818958759308,0.6725402474403381,0.6747011542320251,0.6775480508804321,0.6810663342475891,0.6907051801681519,0.6966056227684021,0.7027192115783691,0.7038476467132568,0.7096025347709656
18235,-0.6897201538085938,66.77279663085938,30.831064224243164,93.15533665248326,0.689720094203949,0.6907051801681519,0.009761235676705837,0.6733536720275879,0.6752351522445679,0.6775480508804321,0.6816467642784119,0.6907051801681519,0.6966056227684021,0.7027192115783691,0.7038476467132568,0.7096025347709656
18270,-0.6898242831230164,66.6441650390625,30.813552856445312,92.97116306849888,0.6898242831230164,0.6908413767814636,0.009790490381419659,0.6733536720275879,0.6752351522445679,0.6775480508804321,0.6816467642784119,0.6908413767814636,0.6966562867164612,0.7027192115783691,0.7038476467132568,0.7096025347709656
18305,-0.6900749206542969,66.50525665283203,30.788103103637695,92.77429090227399,0.6900748610496521,0.6910061836242676,0.009908200241625309,0.6733536720275879,0.6752351522445679,0.6775480508804321,0.6819832921028137,0.6910061836242676,0.6967443227767944,0.7030912637710571,0.7046686410903931,0.7096025347709656
18340,-0.6902589201927185,66.37419128417969,30.769775390625,92.58054024832589,0.6902588605880737,0.6910061836242676,0.010082918219268322,0.6733536720275879,0.6752351522445679,0.6775480508804321,0.6822288036346436,0.6910061836242676,0.6967443227767944,0.7031967043876648,0.7088667154312134,0.7109825611114502
18375,-0.6905160546302795,66.24337768554688,30.749893188476562,92.38889966692243,0.6905161142349243,0.6910061836242676,0.01002041157335043,0.6733536720275879,0.6753172278404236,0.6776067614555359,0.6835129857063293,0.6910061836242676,0.6969254016876221,0.7031967043876648,0.7088838219642639,0.7109825611114502
18410,-0.6906798481941223,66.104248046875,30.728708267211914,92.18866838727679,0.6906798481941223,0.691158652305603,0.009975011460483074,0.6733536720275879,0.6753172278404236,0.677751362323761,0.6835248470306396,0.691158652305603,0.6969254016876221,0.7031967043876648,0.7090458273887634,0.7109825611114502
18445,-0.6911244988441467,65.96180725097656,30.7034854888916,91.9849624633789,0.6911244988441467,0.6915187835693359,0.010184677317738533,0.6733536720275879,0.6753172278404236,0.677751362323761,0.6841269135475159,0.6915187835693359,0.6969515681266785,0.7033604383468628,0.709600567817688,0.7119208574295044
18480,-0.6915136575698853,65.83016967773438,30.677818298339844,91.79880959647042,0.6915135979652405,0.6915187835693359,0.010028425604104996,0.6733536720275879,0.6753172278404236,0.6791855096817017,0.6844722032546997,0.6915187835693359,0.6972483396530151,0.7033604383468628,0.709600567817688,0.7119208574295044
18515,-0.6916465759277344,65.69902038574219,30.6568660736084,91.60972813197544,0.6916465163230896,0.6915187835693359,0.01025828905403614,0.6733536720275879,0.6753172278404236,0.6791855096817017,0.6844722032546997,0.6915187835693359,0.6975703239440918,0.7037308812141418,0.709600567817688,0.7119741439819336
18550,-0.6918543577194214,65.57630157470703,30.644819259643555,91.4236079624721,0.6918542981147766,0.6922454833984375,0.0103223891928792,0.6733536720275879,0.6754694581031799,0.6791855096817017,0.6844722032546997,0.6922454833984375,0.6982483863830566,0.7037308812141418,0.709600567817688,0.7119741439819336
18585,-0.6920906901359558,65.43665313720703,30.626251220703125,91.21993909563336,0.6920906901359558,0.6924359798431396,0.010216020978987217,0.6745127439498901,0.6754694581031799,0.6791855096817017,0.6850513219833374,0.6924359798431396,0.6991230249404907,0.7037308812141418,0.709600567817688,0.7119741439819336
18620,-0.6922895908355713,65.30760955810547,30.604007720947266,91.0322516305106,0.6922896504402161,0.693050742149353,0.010118704289197922,0.6746314764022827,0.6764281988143921,0.6794915199279785,0.6850513219833374,0.693050742149353,0.6991230249404907,0.7037308812141418,0.709600567817688,0.7119741439819336
18655,-0.6924325227737427,65.1771240234375,30.584983825683594,90.84132930210659,0.6924324631690979,0.693050742149353,0.010067857801914215,0.6746314764022827,0.6764281988143921,0.6799781322479248,0.6851667761802673,0.693050742149353,0.6991230249404907,0.7037308812141418,0.709600567817688,0.7119741439819336
18690,-0.6924623250961304,65.04508972167969,30.5676326751709,90.64810180664062,0.6924622058868408,0.693050742149353,0.010107984766364098,0.6746314764022827,0.6764281988143921,0.6799781322479248,0.6851667761802673,0.693050742149353,0.6991230249404907,0.7037308812141418,0.7104703187942505,0.7119741439819336
18725,-0.6927614212036133,64.92835998535156,30.561199188232422,90.46754891531808,0.6927614808082581,0.693050742149353,0.010012945160269737,0.6746314764022827,0.6774992942810059,0.6815599203109741,0.6851667761802673,0.693050742149353,0.6994547843933105,0.7039272785186768,0.7104703187942505,0.7119741439819336
18760,-0.6929559111595154,64.80298614501953,30.538188934326172,90.28543090820312,0.6929560303688049,0.6936224102973938,0.010040522553026676,0.6746314764022827,0.6774992942810059,0.6815599203109741,0.6851667761802673,0.6936224102973938,0.6994547843933105,0.7043447494506836,0.7104703187942505,0.7119741439819336
18795,-0.6931207180023193,64.6718521118164,30.518333435058594,90.09347316196987,0.6931207776069641,0.6937836408615112,0.010042527690529823,0.6746314764022827,0.6774992942810059,0.681835949420929,0.6852006316184998,0.6937836408615112,0.6996688842773438,0.7043447494506836,0.7104703187942505,0.7119741439819336
18830,-0.6932958960533142,64.54327392578125,30.496885299682617,89.90438624790737,0.693295955657959,0.6937836408615112,0.010235201567411423,0.6746314764022827,0.6774992942810059,0.681835949420929,0.6852006316184998,0.6937836408615112,0.699802577495575,0.7045894265174866,0.7109793424606323,0.7134385108947754
18865,-0.6936962604522705,64.41670227050781,30.475011825561523,89.71996961321149,0.6936963796615601,0.6939769387245178,0.010341237299144268,0.6746314764022827,0.6774992942810059,0.681835949420929,0.6863319873809814,0.6939769387245178,0.7002333402633667,0.7078871130943298,0.7109793424606323,0.7134385108947754
18900,-0.6940068006515503,64.29151916503906,30.4620361328125,89.53108760288784,0.6940068602561951,0.6941152811050415,0.010098814032971859,0.674701452255249,0.677562952041626,0.6822720170021057,0.6871929168701172,0.6941152811050415,0.7002333402633667,0.7078871130943298,0.7109854817390442,0.7134385108947754
18935,-0.6942259073257446,64.16979217529297,30.445371627807617,89.34742300851005,0.694226086139679,0.6941152811050415,0.01017652079463005,0.674701452255249,0.677562952041626,0.6822720170021057,0.6873456239700317,0.6941152811050415,0.7005820870399475,0.709423840045929,0.7109854817390442,0.7134385108947754
18970,-0.6943289041519165,64.0413589477539,30.42506980895996,89.15980311802456,0.6943290829658508,0.6942397952079773,0.0101647162809968,0.674701452255249,0.677562952041626,0.6822720170021057,0.6876411437988281,0.6942397952079773,0.7012999057769775,0.709423840045929,0.7109854817390442,0.7134385108947754
19005,-0.6944656372070312,63.90583801269531,30.3939266204834,88.9743172781808,0.6944656372070312,0.6942397952079773,0.010129769332706928,0.674701452255249,0.677562952041626,0.6822720170021057,0.6878214478492737,0.6942397952079773,0.7012999057769775,0.709423840045929,0.7109854817390442,0.7134385108947754
19040,-0.6947412490844727,63.77232360839844,30.368595123291016,88.78630610874721,0.6947413682937622,0.6945428848266602,0.010172753594815731,0.674701452255249,0.677562952041626,0.682680606842041,0.6879361867904663,0.6945428848266602,0.7012999057769775,0.709423840045929,0.7114676833152771,0.7169121503829956
19075,-0.6947822570800781,63.64512634277344,30.353227615356445,88.59584263392857,0.6947822570800781,0.6945428848266602,0.010174186900258064,0.674701452255249,0.677562952041626,0.682680606842041,0.6879361867904663,0.6945428848266602,0.7012999057769775,0.709423840045929,0.7114676833152771,0.7169121503829956
19110,-0.6950370669364929,63.51290512084961,30.33614158630371,88.40010833740234,0.6950370669364929,0.6947891712188721,0.010140489786863327,0.674701452255249,0.677562952041626,0.6830015182495117,0.6879361867904663,0.6947891712188721,0.7019551992416382,0.709423840045929,0.7114676833152771,0.7169121503829956
19145,-0.6954013109207153,63.37654113769531,30.312416076660156,88.20424434116909,0.6954013109207153,0.6948851943016052,0.010119462385773659,0.674701452255249,0.677562952041626,0.6832581758499146,0.6883156895637512,0.6948851943016052,0.7024872303009033,0.709423840045929,0.7114676833152771,0.7169121503829956
19180,-0.6955851316452026,63.24908447265625,30.285924911499023,88.02157156808036,0.6955851912498474,0.6949236392974854,0.010092847049236298,0.6754934787750244,0.6791470646858215,0.6832581758499146,0.6883156895637512,0.6949236392974854,0.7024959325790405,0.709423840045929,0.7114676833152771,0.7169121503829956
19215,-0.6958521604537964,63.11133575439453,30.2580509185791,87.82519422258649,0.6958522796630859,0.6949537992477417,0.010106844827532768,0.6754934787750244,0.6809926629066467,0.6832581758499146,0.6883156895637512,0.6949537992477417,0.7031185626983643,0.709423840045929,0.7114676833152771,0.7169121503829956
19250,-0.6959651112556458,62.98748779296875,30.23504638671875,87.64289311000279,0.695965051651001,0.6949537992477417,0.010182542726397514,0.6754934787750244,0.6809926629066467,0.6832581758499146,0.6883156895637512,0.6949537992477417,0.7031185626983643,0.7096005082130432,0.7114676833152771,0.7169121503829956
19285,-0.6964182257652283,62.86002731323242,30.210161209106445,87.45884813581195,0.696418285369873,0.6953593492507935,0.00998322106897831,0.6755058765411377,0.6809926629066467,0.6849639415740967,0.6889771819114685,0.6953593492507935,0.7032143473625183,0.7096005082130432,0.7114676833152771,0.7169121503829956
19320,-0.6967297196388245,62.7337532043457,30.189300537109375,87.2708500453404,0.6967297196388245,0.6960589289665222,0.010124037973582745,0.6755058765411377,0.6822462677955627,0.6850333213806152,0.6889771819114685,0.6960589289665222,0.7034053802490234,0.710020899772644,0.713270902633667,0.7169121503829956
19355,-0.6969404220581055,62.60080337524414,30.16262435913086,87.07858603341239,0.6969404816627502,0.6971187591552734,0.01019513513892889,0.6755058765411377,0.6822462677955627,0.6850333213806152,0.6889771819114685,0.6971187591552734,0.7034053802490234,0.7102861404418945,0.713270902633667,0.7169121503829956
19390,-0.6969853043556213,62.4681396484375,30.139053344726562,86.88645717075893,0.6969853043556213,0.6978176832199097,0.01018226146697998,0.6755058765411377,0.6822462677955627,0.6850333213806152,0.6894153356552124,0.6978176832199097,0.7034053802490234,0.7102861404418945,0.713270902633667,0.7169121503829956
19425,-0.6973864436149597,62.346012115478516,30.11962127685547,86.70526776994977,0.697386622428894,0.6989312171936035,0.010196775197982788,0.6755058765411377,0.6822462677955627,0.6850333213806152,0.6898433566093445,0.6989312171936035,0.7037240862846375,0.7110065817832947,0.713270902633667,0.7169121503829956
19460,-0.6975396275520325,62.219482421875,30.10002899169922,86.51618194580078,0.6975396871566772,0.6990257501602173,0.010111031122505665,0.6755058765411377,0.6822462677955627,0.6851851344108582,0.6898433566093445,0.6990257501602173,0.7037240862846375,0.7110065817832947,0.713270902633667,0.7169121503829956
19495,-0.6976122856140137,62.09190368652344,30.0803165435791,86.32967921665737,0.6976124048233032,0.6991145610809326,0.010109767317771912,0.6755058765411377,0.6822462677955627,0.6851851344108582,0.6898433566093445,0.6991145610809326,0.7037240862846375,0.7110065817832947,0.713270902633667,0.7169121503829956
19530,-0.6979596018791199,61.96518325805664,30.056427001953125,86.14525713239398,0.6979595422744751,0.6992578506469727,0.010454039089381695,0.6755058765411377,0.6822462677955627,0.6851851344108582,0.6899228096008301,0.6992578506469727,0.7037930488586426,0.7110065817832947,0.7134724855422974,0.7180362939834595
19565,-0.6981112360954285,61.8361701965332,30.033002853393555,85.95523180280414,0.698111355304718,0.6992578506469727,0.01040061004459858,0.6755058765411377,0.6826905608177185,0.6851851344108582,0.6900189518928528,0.6992578506469727,0.7040157318115234,0.7110065817832947,0.7134724855422974,0.7180362939834595
19600,-0.6983404159545898,61.7122917175293,30.0141658782959,85.76980590820312,0.6983404755592346,0.6992578506469727,0.01048959419131279,0.6755058765411377,0.6826905608177185,0.6859378814697266,0.6900189518928528,0.6992578506469727,0.7057428956031799,0.7114410996437073,0.7134724855422974,0.7180362939834595
19635,-0.6986627578735352,61.58793640136719,29.992324829101562,85.58346775599888,0.6986628174781799,0.6992578506469727,0.010508525185286999,0.6755058765411377,0.6826905608177185,0.6863003969192505,0.6906854510307312,0.6992578506469727,0.7061964869499207,0.7119611501693726,0.7134724855422974,0.7180362939834595
19670,-0.6988581418991089,61.46686935424805,29.974285125732422,85.39910452706474,0.6988582015037537,0.6993743181228638,0.010518629103899002,0.6755058765411377,0.6826905608177185,0.6863003969192505,0.6908774971961975,0.6993743181228638,0.7065099477767944,0.7119611501693726,0.7134724855422974,0.7180362939834595
19705,-0.6989537477493286,61.33969497680664,29.95205307006836,85.21481650216239,0.6989538073539734,0.6993743181228638,0.01047124806791544,0.676147997379303,0.6826905608177185,0.6863003969192505,0.6911414861679077,0.6993743181228638,0.7065099477767944,0.7119611501693726,0.7134724855422974,0.7180362939834595
19740,-0.6990869045257568,61.22520446777344,29.932903289794922,85.04018184116909,0.6990868449211121,0.6996437907218933,0.010459105484187603,0.676147997379303,0.6826905608177185,0.6863923072814941,0.6911414861679077,0.6996437907218933,0.7065099477767944,0.7122780680656433,0.7134724855422974,0.7180362939834595
19775,-0.6993417143821716,61.10322570800781,29.91417694091797,84.85728236607143,0.6993418335914612,0.7000480890274048,0.010495162568986416,0.676147997379303,0.6826905608177185,0.6863923072814941,0.6920129060745239,0.7000480890274048,0.7069287300109863,0.7122780680656433,0.7134724855422974,0.7180362939834595
19810,-0.6994386911392212,60.978668212890625,29.891151428222656,84.6737801688058,0.6994386911392212,0.7000480890274048,0.01054526586085558,0.676147997379303,0.6826905608177185,0.6863923072814941,0.6920129060745239,0.7000480890274048,0.7071207761764526,0.7122780680656433,0.7155284881591797,0.7180362939834595
19845,-0.6996150612831116,60.8602294921875,29.873424530029297,84.49474443708148,0.6996151208877563,0.7000480890274048,0.010569706559181213,0.676147997379303,0.6826905608177185,0.6863923072814941,0.6920366287231445,0.7000480890274048,0.7071207761764526,0.7127839922904968,0.7155284881591797,0.7180362939834595
19880,-0.6997155547142029,60.742942810058594,29.85531234741211,84.31889343261719,0.6997156739234924,0.7000480890274048,0.01056002452969551,0.676147997379303,0.6826905608177185,0.6863923072814941,0.6920366287231445,0.7000480890274048,0.7071207761764526,0.7127839922904968,0.7155284881591797,0.7180362939834595
19915,-0.6998332142829895,60.61678695678711,29.83297348022461,84.13237871442523,0.6998332142829895,0.7000480890274048,0.010532726533710957,0.676147997379303,0.6836567521095276,0.6863923072814941,0.6925135850906372,0.7000480890274048,0.7071207761764526,0.7127839922904968,0.7155284881591797,0.7180362939834595
19950,-0.7000169157981873,60.492027282714844,29.811803817749023,83.9451664515904,0.7000168561935425,0.7004172205924988,0.010654769837856293,0.676147997379303,0.6836567521095276,0.6863923072814941,0.6925135850906372,0.7004172205924988,0.7077019810676575,0.7130156755447388,0.7155284881591797,0.7180362939834595
19985,-0.7002533078193665,60.37089538574219,29.78908920288086,83.76472800118583,0.7002533078193665,0.7004172205924988,0.01075437106192112,0.676147997379303,0.6836567521095276,0.6869722604751587,0.6925135850906372,0.7004172205924988,0.7091516256332397,0.7130321860313416,0.7169007658958435,0.7180362939834595
20020,-0.7003457546234131,60.25297546386719,29.769468307495117,83.58926500592914,0.7003456950187683,0.7008724212646484,0.010786710307002068,0.676147997379303,0.6836567521095276,0.6869722604751587,0.6925135850906372,0.7008724212646484,0.7091516256332397,0.7130321860313416,0.7169007658958435,0.7180362939834595
20055,-0.700552761554718,60.1298713684082,29.748783111572266,83.40215519496373,0.700552761554718,0.7008724212646484,0.01096511259675026,0.676147997379303,0.6836567521095276,0.6869722604751587,0.6925556659698486,0.7008724212646484,0.7098193764686584,0.713266134262085,0.7170956134796143,0.7191289067268372
20090,-0.7007479667663574,60.00666809082031,29.72441864013672,83.22371237618583,0.7007479071617126,0.7008724212646484,0.010872106067836285,0.676147997379303,0.6836567521095276,0.6869722604751587,0.6929672956466675,0.7008724212646484,0.7098193764686584,0.713266134262085,0.7170956134796143,0.7191289067268372
20125,-0.7009537220001221,59.882225036621094,29.700443267822266,83.03951154436383,0.7009536623954773,0.7008724212646484,0.011002596467733383,0.676147997379303,0.6836567521095276,0.6869722604751587,0.6931703090667725,0.7008724212646484,0.7102940678596497,0.713681161403656,0.7170956134796143,0.7191289067268372
20160,-0.7011404037475586,59.76583480834961,29.6798038482666,82.86238861083984,0.701140284538269,0.7008724212646484,0.010785453952848911,0.6809871196746826,0.6838876605033875,0.6875846982002258,0.6931703090667725,0.7008724212646484,0.7102940678596497,0.7141335606575012,0.7170956134796143,0.7191289067268372
20195,-0.7013452053070068,59.63582992553711,29.650039672851562,82.67157636369977,0.7013450860977173,0.7008724212646484,0.010977543890476227,0.6810201406478882,0.6838876605033875,0.6875846982002258,0.6931703090667725,0.7008724212646484,0.7106712460517883,0.7154630422592163,0.7178369760513306,0.7194514274597168
20230,-0.7015664577484131,59.51893997192383,29.629796981811523,82.49371119907924,0.7015663385391235,0.7008724212646484,0.010849845595657825,0.6822829246520996,0.6839193105697632,0.6875846982002258,0.6933924555778503,0.7008724212646484,0.7111056447029114,0.7154630422592163,0.7178369760513306,0.7194514274597168
20265,-0.7016210556030273,59.4025993347168,29.611587524414062,82.31546129499164,0.7016211152076721,0.7008724212646484,0.010817589238286018,0.6822829246520996,0.6839193105697632,0.6876422166824341,0.6933924555778503,0.7008724212646484,0.7111056447029114,0.7154630422592163,0.7178369760513306,0.7194514274597168
20300,-0.7021421790122986,59.28493118286133,29.5860538482666,82.14162118094308,0.7021420001983643,0.7019394636154175,0.010788469575345516,0.6822829246520996,0.6851155161857605,0.6877188682556152,0.6937251091003418,0.7019394636154175,0.7113147974014282,0.7154630422592163,0.7180203795433044,0.7215659022331238
20335,-0.7022989988327026,59.168331146240234,29.560762405395508,81.97055162702289,0.7022988796234131,0.7019394636154175,0.01083853654563427,0.6836993098258972,0.6854982972145081,0.6877188682556152,0.6937251091003418,0.7019394636154175,0.7113147974014282,0.7155870795249939,0.7190960645675659,0.7225896120071411
20370,-0.7024723887443542,59.04362487792969,29.53125,81.78918130057198,0.7024723291397095,0.7025631666183472,0.010874425992369652,0.6836993098258972,0.6854982972145081,0.6877188682556152,0.6937251091003418,0.7025631666183472,0.7114967107772827,0.7155870795249939,0.7190960645675659,0.7225896120071411
20405,-0.7027236819267273,58.9310188293457,29.514991760253906,81.61372702462333,0.7027236223220825,0.7031351923942566,0.010755387134850025,0.6836993098258972,0.6854982972145081,0.6881263852119446,0.6945059895515442,0.7031351923942566,0.7114967107772827,0.7155870795249939,0.7190960645675659,0.7225896120071411
20440,-0.70304936170578,58.808380126953125,29.493818283081055,81.42869131905692,0.7030494213104248,0.7031680345535278,0.0105466078966856,0.6839166283607483,0.686493992805481,0.6883226037025452,0.6945059895515442,0.7031680345535278,0.7116564512252808,0.716357946395874,0.7190960645675659,0.7225896120071411
20475,-0.7031556367874146,58.68450164794922,29.4654541015625,81.24913242885044,0.7031555771827698,0.7032357454299927,0.010531282052397728,0.6839166283607483,0.686493992805481,0.6883226037025452,0.6945059895515442,0.7032357454299927,0.7116564512252808,0.716357946395874,0.7190960645675659,0.7225896120071411
20510,-0.7033782601356506,58.56595993041992,29.439435958862305,81.07495662144252,0.7033782005310059,0.7032357454299927,0.01065111719071865,0.6839166283607483,0.686493992805481,0.6883226037025452,0.6945059895515442,0.7032357454299927,0.7119451761245728,0.717473030090332,0.7190960645675659,0.722882866859436
20545,-0.7035252451896667,58.45378112792969,29.423131942749023,80.89629255022321,0.703525185585022,0.7034996747970581,0.010649438016116619,0.6839166283607483,0.686493992805481,0.6887722611427307,0.6945059895515442,0.7034996747970581,0.7119451761245728,0.717473030090332,0.7190960645675659,0.722882866859436
20580,-0.7039147615432739,58.33098602294922,29.399314880371094,80.7161887032645,0.7039148211479187,0.7035351395606995,0.010606266558170319,0.6851493716239929,0.6875909566879272,0.6898342967033386,0.6951694488525391,0.7035351395606995,0.712816059589386,0.7178052663803101,0.7190960645675659,0.722882866859436
20615,-0.7040261030197144,58.202415466308594,29.36797523498535,80.53277478899274,0.7040259838104248,0.7035351395606995,0.010591486468911171,0.6851493716239929,0.6875909566879272,0.6898342967033386,0.6956221461296082,0.7035351395606995,0.712816059589386,0.7178415060043335,0.7195010185241699,0.722882866859436
20650,-0.7042008638381958,58.0861930847168,29.349517822265625,80.35151672363281,0.7042007446289062,0.7035351395606995,0.010474122129380703,0.6851493716239929,0.6875909566879272,0.6898342967033386,0.6965024471282959,0.7035351395606995,0.712816059589386,0.7178415060043335,0.7195010185241699,0.722882866859436
20685,-0.7043502926826477,57.974998474121094,29.3314266204834,80.18133762904576,0.7043502330780029,0.7035351395606995,0.010356790386140347,0.6851493716239929,0.6875909566879272,0.689944863319397,0.6969636678695679,0.7035351395606995,0.712816059589386,0.7178415060043335,0.7195010185241699,0.722882866859436
20720,-0.7044967412948608,57.86270523071289,29.308780670166016,80.0138168334961,0.7044966816902161,0.7035351395606995,0.010179494507610798,0.6855083703994751,0.6881445646286011,0.6910403370857239,0.6969636678695679,0.7035351395606995,0.712816059589386,0.7178415060043335,0.7195010185241699,0.722882866859436
20755,-0.704889178276062,57.74361801147461,29.2860107421875,79.8319320678711,0.7048891186714172,0.7044762372970581,0.010125369764864445,0.6855083703994751,0.6881445646286011,0.6910403370857239,0.6982321739196777,0.7044762372970581,0.7129998207092285,0.7179505228996277,0.7195010185241699,0.722882866859436
20790,-0.7049275040626526,57.6236457824707,29.260103225708008,79.6528091430664,0.704927384853363,0.7044762372970581,0.010057861916720867,0.6865248680114746,0.6883310675621033,0.6910403370857239,0.6982321739196777,0.7044762372970581,0.7129998207092285,0.7179505228996277,0.7195010185241699,0.722882866859436
20825,-0.7052381634712219,57.50965118408203,29.234678268432617,79.48160226004464,0.7052381634712219,0.7056488990783691,0.010039723478257656,0.6865248680114746,0.6883310675621033,0.6910403370857239,0.698538064956665,0.7056488990783691,0.7130568027496338,0.7179505228996277,0.7212562561035156,0.722882866859436
20860,-0.7053171992301941,57.38972473144531,29.212013244628906,79.30078669956752,0.7053172588348389,0.7056488990783691,0.010020946152508259,0.6865248680114746,0.6883310675621033,0.6910403370857239,0.698538064956665,0.7056488990783691,0.7130568027496338,0.7180465459823608,0.7212562561035156,0.722882866859436
20895,-0.7055184841156006,57.27867126464844,29.191333770751953,79.13191223144531,0.7055184245109558,0.706039309501648,0.010018236935138702,0.6865248680114746,0.6883310675621033,0.6915229558944702,0.698538064956665,0.706039309501648,0.713136613368988,0.7183017730712891,0.7212562561035156,0.722882866859436
20930,-0.7056158781051636,57.166038513183594,29.17073631286621,78.9593266078404,0.7056159377098083,0.706039309501648,0.010052128694951534,0.6865248680114746,0.6883310675621033,0.6915229558944702,0.698538064956665,0.706039309501648,0.7131448984146118,0.7185167670249939,0.7212562561035156,0.722882866859436
20965,-0.7059323191642761,57.047481536865234,29.14922523498535,78.77378518240792,0.7059323191642761,0.7062268853187561,0.009955603629350662,0.6868915557861328,0.6883310675621033,0.6921476721763611,0.698538064956665,0.7062268853187561,0.7132177352905273,0.7185895442962646,0.7213039994239807,0.722882866859436
21000,-0.7064231634140015,56.92950439453125,29.125518798828125,78.59663500104632,0.7064231634140015,0.7073128819465637,0.010356542654335499,0.6868915557861328,0.6883310675621033,0.6921476721763611,0.698538064956665,0.7073128819465637,0.7136143445968628,0.7191066741943359,0.721939742565155,0.7233977317810059
21035,-0.7066454291343689,56.816680908203125,29.106754302978516,78.42306191580636,0.7066454291343689,0.7077052593231201,0.010329309850931168,0.6868915557861328,0.6891248822212219,0.6921476721763611,0.6991716623306274,0.7077052593231201,0.7140100002288818,0.7191320061683655,0.721939742565155,0.7233977317810059
21070,-0.7067456841468811,56.71236801147461,29.0906925201416,78.25986698695591,0.7067456245422363,0.7077052593231201,0.010371705517172813,0.6868915557861328,0.6891248822212219,0.6921476721763611,0.6994112730026245,0.7077052593231201,0.7143852710723877,0.7191320061683655,0.721939742565155,0.7233977317810059
21105,-0.7070757150650024,56.604225158691406,29.070905685424805,78.091066632952,0.7070756554603577,0.7077052593231201,0.010588869452476501,0.6868915557861328,0.6891248822212219,0.6921476721763611,0.6995503902435303,0.7077052593231201,0.7151952981948853,0.7211831212043762,0.7225968837738037,0.7241462469100952
21140,-0.7072079181671143,56.48893356323242,29.043188095092773,77.91776711600167,0.7072079181671143,0.7079787254333496,0.010641590692102909,0.6868915557861328,0.6891248822212219,0.6921476721763611,0.6995503902435303,0.7079787254333496,0.7152916789054871,0.7211831212043762,0.7225968837738037,0.7241462469100952
21175,-0.7075924277305603,56.377906799316406,29.023813247680664,77.7490724836077,0.7075924873352051,0.7081630229949951,0.01081859227269888,0.6868915557861328,0.6891248822212219,0.6921476721763611,0.6996586322784424,0.7081630229949951,0.7160199284553528,0.7213329076766968,0.7228508591651917,0.7241462469100952
21210,-0.7078462243080139,56.261558532714844,29.00338363647461,77.57171630859375,0.7078462243080139,0.708524763584137,0.010823803953826427,0.6868915557861328,0.6893205642700195,0.6921476721763611,0.699760913848877,0.708524763584137,0.7162632942199707,0.7213329076766968,0.7228508591651917,0.7241750359535217
21245,-0.7079582214355469,56.15621566772461,28.9875431060791,77.4024680001395,0.7079582214355469,0.7088062167167664,0.010838757269084454,0.6868915557861328,0.6893205642700195,0.6921476721763611,0.699760913848877,0.7088062167167664,0.7162632942199707,0.7213329076766968,0.7228508591651917,0.7241750359535217
21280,-0.7082361578941345,56.04191207885742,28.96556854248047,77.22601427350726,0.7082360982894897,0.7098590135574341,0.010879004374146461,0.6868915557861328,0.6893205642700195,0.6921476721763611,0.699760913848877,0.7098590135574341,0.7162632942199707,0.7213329076766968,0.7228508591651917,0.7241750359535217
21315,-0.7083742618560791,55.933937072753906,28.950408935546875,77.05245971679688,0.7083742618560791,0.7098590135574341,0.010726080276072025,0.6868915557861328,0.6893205642700195,0.6926544904708862,0.699863851070404,0.7098590135574341,0.7162632942199707,0.7213329076766968,0.7228508591651917,0.7241750359535217
21350,-0.7086132168769836,55.83294677734375,28.942049026489258,76.88245609828404,0.7086132168769836,0.7099690437316895,0.010718005709350109,0.6868915557861328,0.6893205642700195,0.6931389570236206,0.7002290487289429,0.7099690437316895,0.716653048992157,0.7220328450202942,0.7228508591651917,0.7241750359535217
21385,-0.7087534666061401,55.71582794189453,28.916080474853516,76.70587158203125,0.7087535262107849,0.7099690437316895,0.010860489681363106,0.6868915557861328,0.6893205642700195,0.6931389570236206,0.7004362344741821,0.7099690437316895,0.716653048992157,0.7220328450202942,0.7233066558837891,0.7270644903182983
21420,-0.7089555263519287,55.60483169555664,28.900779724121094,76.52874537876674,0.7089555263519287,0.7102700471878052,0.01083002332597971,0.6868915557861328,0.6893205642700195,0.6931389570236206,0.7004362344741821,0.7102700471878052,0.716653048992157,0.7221102714538574,0.7233701348304749,0.7270644903182983
21455,-0.7092658281326294,55.496490478515625,28.881689071655273,76.36147635323661,0.7092658877372742,0.7102700471878052,0.010927903465926647,0.6868915557861328,0.6896045207977295,0.6958827376365662,0.7011332511901855,0.7102700471878052,0.7170069813728333,0.7221121788024902,0.7237266898155212,0.7300132513046265
21490,-0.7094691395759583,55.394309997558594,28.86680793762207,76.19312286376953,0.7094691395759583,0.7102700471878052,0.010920744389295578,0.6868915557861328,0.6896045207977295,0.6958827376365662,0.7016726732254028,0.7102700471878052,0.7175906896591187,0.7222263216972351,0.7237266898155212,0.7300132513046265
21525,-0.7096976041793823,55.280460357666016,28.84332275390625,76.01963915143695,0.7096977233886719,0.7102700471878052,0.010850229300558567,0.6868915557861328,0.6896045207977295,0.6962783932685852,0.7019250392913818,0.7102700471878052,0.7179366946220398,0.7222263216972351,0.7237266898155212,0.7300132513046265
21560,-0.7100065350532532,55.1673583984375,28.8178653717041,75.85129656110492,0.7100064754486084,0.7108829021453857,0.011009933426976204,0.6868915557861328,0.6896045207977295,0.6962783932685852,0.7019250392913818,0.7108829021453857,0.7184162735939026,0.7226439714431763,0.7257704734802246,0.7300132513046265
21595,-0.7101913094520569,55.053375244140625,28.793079376220703,75.67716653006417,0.7101913690567017,0.7108829021453857,0.011020692996680737,0.6881453394889832,0.6896045207977295,0.6962783932685852,0.7019907832145691,0.7108829021453857,0.7184556722640991,0.7226439714431763,0.725790798664093,0.7315990924835205
21630,-0.7102082371711731,54.94691848754883,28.777454376220703,75.50548444475446,0.7102082967758179,0.7108829021453857,0.011004393920302391,0.6881471872329712,0.6896045207977295,0.6962783932685852,0.7019907832145691,0.7108829021453857,0.7184556722640991,0.7226439714431763,0.725790798664093,0.7316005229949951
21665,-0.7104432582855225,54.839176177978516,28.758928298950195,75.33558436802456,0.7104431986808777,0.7116267681121826,0.011101122945547104,0.6881471872329712,0.6896045207977295,0.6962783932685852,0.7019907832145691,0.7116267681121826,0.718563437461853,0.7230431437492371,0.725790798664093,0.7316005229949951
21700,-0.710693359375,54.73828125,28.74420166015625,75.17237091064453,0.710693359375,0.7123953104019165,0.01092180423438549,0.6881471872329712,0.6896045207977295,0.6966926455497742,0.7022238373756409,0.7123953104019165,0.718563437461853,0.7230431437492371,0.725790798664093,0.7316005229949951
21735,-0.7108555436134338,54.6299934387207,28.726806640625,75.00002833775112,0.7108554840087891,0.7129884958267212,0.010966604575514793,0.6881471872329712,0.6896045207977295,0.6966926455497742,0.7022238373756409,0.7129884958267212,0.7187952995300293,0.7230431437492371,0.725790798664093,0.7316005229949951
21770,-0.71108078956604,54.51865005493164,28.69878578186035,74.83194732666016,0.7110807299613953,0.7131099700927734,0.011065518483519554,0.6881471872329712,0.6896045207977295,0.6966926455497742,0.7022238373756409,0.7131099700927734,0.7192373275756836,0.7233877778053284,0.725790798664093,0.7316232919692993
21805,-0.7113713026046753,54.416358947753906,28.685314178466797,74.66815621512276,0.7113712430000305,0.7136526703834534,0.011030491441488266,0.6882078051567078,0.6896188259124756,0.6966926455497742,0.7022944092750549,0.7136526703834534,0.7196398973464966,0.7237949371337891,0.7259066700935364,0.7316232919692993
21840,-0.7115111947059631,54.30819320678711,28.662691116333008,74.4998310634068,0.7115111351013184,0.7136526703834534,0.0110144829377532,0.6882078051567078,0.6896188259124756,0.6966926455497742,0.7029550075531006,0.7136526703834534,0.7196398973464966,0.7237949371337891,0.7259066700935364,0.7316516637802124
21875,-0.7116280794143677,54.20164489746094,28.64201545715332,74.32943289620536,0.7116280198097229,0.7136526703834534,0.011053971946239471,0.6882078051567078,0.6896188259124756,0.6981176733970642,0.7031838297843933,0.7136526703834534,0.7196398973464966,0.7246285080909729,0.7274035811424255,0.7316516637802124
21910,-0.7116808295249939,54.09870910644531,28.623695373535156,74.16653224400112,0.7116808295249939,0.7136526703834534,0.010989733971655369,0.6882078051567078,0.6896188259124756,0.6981176733970642,0.7031838297843933,0.7136526703834534,0.7196398973464966,0.7246285080909729,0.7274035811424255,0.7316516637802124
21945,-0.7118411064147949,53.9917106628418,28.603347778320312,74.00069645472935,0.7118410468101501,0.7139040231704712,0.010983899235725403,0.6882078051567078,0.6896188259124756,0.6981176733970642,0.7034556865692139,0.7139040231704712,0.7198538780212402,0.7246285080909729,0.7274035811424255,0.7316516637802124
21980,-0.711951732635498,53.881046295166016,28.57976722717285,73.83379581996373,0.7119516730308533,0.7139040231704712,0.011078078299760818,0.6882078051567078,0.6896188259124756,0.6981176733970642,0.7034556865692139,0.7139040231704712,0.7203389406204224,0.7249419093132019,0.7274035811424255,0.7316516637802124
22015,-0.7119787931442261,53.779869079589844,28.560989379882812,73.67406027657645,0.7119787335395813,0.7139040231704712,0.011116825975477695,0.6882078051567078,0.6896188259124756,0.6981176733970642,0.7034556865692139,0.7139040231704712,0.7203389406204224,0.7249419093132019,0.7274934649467468,0.7316516637802124
22050,-0.7122765779495239,53.6792106628418,28.544788360595703,73.50946153913226,0.7122766375541687,0.7140631675720215,0.010914920829236507,0.6893062591552734,0.6929498910903931,0.6981176733970642,0.7034556865692139,0.7140631675720215,0.7203389406204224,0.7249419093132019,0.7296137809753418,0.7316516637802124
22085,-0.7124819159507751,53.583839416503906,28.533151626586914,73.34772600446429,0.7124818563461304,0.7140631675720215,0.01085580699145794,0.6893062591552734,0.6929498910903931,0.6981176733970642,0.7042450904846191,0.7140631675720215,0.7203389406204224,0.7249419093132019,0.7296137809753418,0.7317569255828857
22120,-0.7126757502555847,53.47632598876953,28.507423400878906,73.18356650216239,0.7126758098602295,0.7142080664634705,0.010825441218912601,0.6893062591552734,0.6929498910903931,0.6981176733970642,0.7042450904846191,0.7142080664634705,0.7203389406204224,0.7250261306762695,0.7296137809753418,0.7317569255828857
22155,-0.7127760052680969,53.356807708740234,28.48272132873535,73.0001220703125,0.7127760052680969,0.7142080664634705,0.010758165270090103,0.6893062591552734,0.6929498910903931,0.6981176733970642,0.7055659890174866,0.7142080664634705,0.7203389406204224,0.7250261306762695,0.7296137809753418,0.7317569255828857
22190,-0.7129806280136108,53.24886703491211,28.46092987060547,72.8292487008231,0.7129805684089661,0.7143795490264893,0.010813585482537746,0.6893062591552734,0.6929498910903931,0.6981968283653259,0.7062414884567261,0.7143795490264893,0.7203389406204224,0.7258464097976685,0.7296137809753418,0.7317569255828857
22225,-0.7130323648452759,53.145809173583984,28.443071365356445,72.66405487060547,0.7130323052406311,0.7145625352859497,0.010797537863254547,0.6893062591552734,0.6929498910903931,0.6981968283653259,0.7062414884567261,0.7145625352859497,0.7203389406204224,0.7258464097976685,0.7296137809753418,0.7320774793624878
22260,-0.7130745053291321,53.04478454589844,28.422334671020508,72.50189753941127,0.7130744457244873,0.7145625352859497,0.010832437314093113,0.6893062591552734,0.6929498910903931,0.6981968283653259,0.7062414884567261,0.7145625352859497,0.7206054329872131,0.7258464097976685,0.7296137809753418,0.7320774793624878
22295,-0.7132614850997925,52.93694305419922,28.3964900970459,72.33655766078404,0.7132614850997925,0.7150015830993652,0.01087550725787878,0.6893062591552734,0.6929498910903931,0.6981968283653259,0.7062414884567261,0.7150015830993652,0.7209513783454895,0.7258464097976685,0.7296137809753418,0.7320774793624878
22330,-0.7135079503059387,52.816139221191406,28.36409568786621,72.15862056187221,0.713507890701294,0.7150015830993652,0.010768285021185875,0.6893062591552734,0.6929498910903931,0.6981968283653259,0.7073427438735962,0.7150015830993652,0.7211226224899292,0.7258464097976685,0.7296137809753418,0.7320774793624878
22365,-0.7136309742927551,52.72328567504883,28.352764129638672,72.00170462472099,0.7136309146881104,0.715286135673523,0.010868927463889122,0.6893062591552734,0.6929498910903931,0.6981968283653259,0.7073427438735962,0.715286135673523,0.7211226224899292,0.7258464097976685,0.730048418045044,0.7331221103668213
22400,-0.7137223482131958,52.61417770385742,28.331371307373047,71.82948303222656,0.713722288608551,0.715286135673523,0.010882985778152943,0.6893062591552734,0.6929498910903931,0.7003100514411926,0.7073427438735962,0.715286135673523,0.7211226224899292,0.7258464097976685,0.7300648093223572,0.7351493239402771
22435,-0.7138527035713196,52.5183219909668,28.317691802978516,71.6670423235212,0.7138527035713196,0.7153222560882568,0.010903364047408104,0.6893062591552734,0.6929498910903931,0.7003100514411926,0.7076593637466431,0.7153222560882568,0.721367597579956,0.7258464097976685,0.7300648093223572,0.7351493239402771
22470,-0.7142102122306824,52.418556213378906,28.300785064697266,71.50419289725167,0.7142101526260376,0.7153222560882568,0.010751839727163315,0.6893062591552734,0.6955557465553284,0.7003100514411926,0.7079465985298157,0.7153222560882568,0.721367597579956,0.7266378998756409,0.7315967679023743,0.7351493239402771
22505,-0.7143470644950867,52.3201789855957,28.28548240661621,71.33877672467914,0.7143470048904419,0.7153222560882568,0.01066419668495655,0.6893062591552734,0.6955557465553284,0.7007375955581665,0.7079465985298157,0.7153222560882568,0.7217925786972046,0.7266378998756409,0.7315967679023743,0.7351493239402771
22540,-0.7144622802734375,52.22640609741211,28.272193908691406,71.18160792759487,0.7144622802734375,0.7153222560882568,0.010568022727966309,0.6915262341499329,0.695574939250946,0.7007375955581665,0.7081285119056702,0.7153222560882568,0.7220892906188965,0.7266378998756409,0.7315967679023743,0.7351493239402771
22575,-0.714604914188385,52.12343215942383,28.254592895507812,71.01793125697544,0.7146048545837402,0.7153222560882568,0.010587767697870731,0.6915262341499329,0.6961519718170166,0.7007375955581665,0.7081285119056702,0.7153222560882568,0.7220892906188965,0.7273655533790588,0.7315967679023743,0.7351493239402771
22610,-0.7149418592453003,52.02352523803711,28.234844207763672,70.85386112758091,0.7149419188499451,0.7157803773880005,0.0106599610298872,0.6915262341499329,0.6961519718170166,0.7007375955581665,0.7081285119056702,0.7157803773880005,0.7227079272270203,0.7273655533790588,0.7316543459892273,0.7351493239402771
22645,-0.7150297164916992,51.91691589355469,28.209444046020508,70.68977355957031,0.715029776096344,0.7157803773880005,0.010746687650680542,0.6915262341499329,0.6961519718170166,0.7007375955581665,0.7081285119056702,0.7157803773880005,0.7227079272270203,0.7296264171600342,0.7316543459892273,0.7351493239402771
22680,-0.7151417136192322,51.814674377441406,28.18901252746582,70.53095136369977,0.715141773223877,0.7160919904708862,0.010669144801795483,0.6915262341499329,0.6961519718170166,0.7007375955581665,0.7081285119056702,0.7160919904708862,0.7227079272270203,0.7296264171600342,0.7316543459892273,0.7351493239402771
22715,-0.7152700424194336,51.712711334228516,28.165283203125,70.36929103306362,0.7152699828147888,0.7161424160003662,0.010716995224356651,0.6915531754493713,0.6961519718170166,0.7007375955581665,0.7081285119056702,0.7161424160003662,0.7227079272270203,0.7296264171600342,0.7316543459892273,0.7351493239402771
22750,-0.7154184579849243,51.60881805419922,28.145286560058594,70.20621272495815,0.7154184579849243,0.7164658904075623,0.010701075196266174,0.6915531754493713,0.6961519718170166,0.7007375955581665,0.7081285119056702,0.7164658904075623,0.7227079272270203,0.7296264171600342,0.7316543459892273,0.7351493239402771
22785,-0.7156575322151184,51.5015983581543,28.11992645263672,70.04093061174665,0.7156575918197632,0.7164684534072876,0.010618968866765499,0.6928035020828247,0.6961874961853027,0.7016806602478027,0.7081285119056702,0.7164684534072876,0.7227079272270203,0.7296264171600342,0.7320681810379028,0.7351493239402771
22820,-0.7158459424972534,51.39863204956055,28.09920310974121,69.8767558506557,0.7158459424972534,0.7164684534072876,0.010728297755122185,0.6928035020828247,0.6968718767166138,0.7017415165901184,0.7081285119056702,0.7164684534072876,0.7230852842330933,0.7296508550643921,0.733102023601532,0.7351493239402771
22855,-0.7161573767662048,51.30224609375,28.078828811645508,69.72202410016742,0.7161573767662048,0.7164684534072876,0.010975437238812447,0.6928035020828247,0.6968718767166138,0.7019031643867493,0.7082347273826599,0.7164684534072876,0.7234124541282654,0.7302923798561096,0.7335231304168701,0.7388401627540588
22890,-0.716353714466095,51.207374572753906,28.05971908569336,69.56727491106305,0.7163537740707397,0.7165676951408386,0.011006251908838749,0.6928035020828247,0.6968718767166138,0.7020582556724548,0.7082347273826599,0.7165676951408386,0.7238325476646423,0.7302923798561096,0.7335231304168701,0.7388401627540588
22925,-0.7164252996444702,51.10800552368164,28.034433364868164,69.41164180210659,0.7164252996444702,0.7165676951408386,0.010947230271995068,0.6934380531311035,0.6968718767166138,0.7020582556724548,0.7082347273826599,0.7165676951408386,0.7238325476646423,0.7315808534622192,0.7335231304168701,0.7388401627540588
22960,-0.7165582180023193,51.01066589355469,28.011455535888672,69.25786481584821,0.7165582180023193,0.7167491316795349,0.010967519134283066,0.6934380531311035,0.6968718767166138,0.7020582556724548,0.7093009948730469,0.7167491316795349,0.7238325476646423,0.7315808534622192,0.7335231304168701,0.7388401627540588
22995,-0.7167103290557861,50.90691375732422,27.986392974853516,69.09536634172711,0.7167103290557861,0.7169988751411438,0.010972783900797367,0.6934380531311035,0.6975335478782654,0.7020582556724548,0.7093009948730469,0.7169988751411438,0.7239750027656555,0.7315808534622192,0.7335231304168701,0.7388401627540588
23030,-0.7167456150054932,50.80589294433594,27.9578857421875,68.94216700962612,0.7167456150054932,0.7169988751411438,0.010916225612163544,0.6934393644332886,0.6975335478782654,0.7020582556724548,0.7093009948730469,0.7169988751411438,0.7239750027656555,0.7315808534622192,0.7335231304168701,0.7388401627540588
23065,-0.7169995903968811,50.708251953125,27.9395809173584,68.7849589756557,0.7169995307922363,0.7169988751411438,0.011047819629311562,0.6934393644332886,0.6975335478782654,0.7021266222000122,0.7093009948730469,0.7169988751411438,0.7248116135597229,0.7316668629646301,0.7335231304168701,0.7388401627540588
23100,-0.7171844840049744,50.60751724243164,27.91765022277832,68.624755859375,0.7171845436096191,0.7169988751411438,0.010973616503179073,0.6936408877372742,0.6975548267364502,0.7028427720069885,0.7093009948730469,0.7169988751411438,0.7255885601043701,0.7316668629646301,0.7335231304168701,0.7388401627540588
23135,-0.7173671722412109,50.513004302978516,27.898332595825195,68.46976906912667,0.7173671722412109,0.7169988751411438,0.01117807999253273,0.6936408877372742,0.6975548267364502,0.7028427720069885,0.7093009948730469,0.7169988751411438,0.7255885601043701,0.7319772839546204,0.7339709401130676,0.7388628125190735
23170,-0.7176610231399536,50.41590118408203,27.881074905395508,68.30970982142857,0.7176609635353088,0.7183765172958374,0.011128336191177368,0.6968590021133423,0.6985998153686523,0.7028427720069885,0.7093009948730469,0.7183765172958374,0.7256353497505188,0.7319772839546204,0.7351943850517273,0.7388628125190735
23205,-0.7177164554595947,50.31702423095703,27.858875274658203,68.1518304007394,0.71771639585495,0.7183765172958374,0.011143643409013748,0.6968590021133423,0.6985998153686523,0.7028427720069885,0.7093009948730469,0.7183765172958374,0.7256679534912109,0.7319772839546204,0.7351943850517273,0.7388628125190735
23240,-0.7179797291755676,50.218936920166016,27.835485458374023,67.99557604108539,0.7179797291755676,0.7183765172958374,0.011387281119823456,0.6968590021133423,0.6985998153686523,0.7028427720069885,0.7093009948730469,0.7183765172958374,0.7256679534912109,0.7329368591308594,0.7388404011726379,0.7408061027526855
23275,-0.7181776762008667,50.11943817138672,27.814558029174805,67.8346426827567,0.7181777358055115,0.7183765172958374,0.01125275157392025,0.6968590021133423,0.7006480693817139,0.7035459876060486,0.7103849053382874,0.7183765172958374,0.7256679534912109,0.7329368591308594,0.7388404011726379,0.7408061027526855
23310,-0.7184356451034546,50.025577545166016,27.795989990234375,67.68070547921317,0.7184356451034546,0.7183765172958374,0.011460957117378712,0.6968590021133423,0.7006480693817139,0.7035459876060486,0.7107856273651123,0.7183765172958374,0.7258407473564148,0.7329368591308594,0.7388795614242554,0.7410760521888733
23345,-0.7187098264694214,49.93143844604492,27.7799129486084,67.52418736049107,0.7187098860740662,0.7183765172958374,0.01159532368183136,0.6968590021133423,0.7006480693817139,0.7042040228843689,0.7107856273651123,0.7183765172958374,0.7262918949127197,0.7331426739692688,0.7396757006645203,0.7410760521888733
23380,-0.7187677025794983,49.84779739379883,27.771854400634766,67.3741433279855,0.7187676429748535,0.7183765172958374,0.011578397825360298,0.6968590021133423,0.7006480693817139,0.7042040228843689,0.7107856273651123,0.7183765172958374,0.7262918949127197,0.7331426739692688,0.7396757006645203,0.7410760521888733
23415,-0.7190344929695129,49.750179290771484,27.75006675720215,67.2166998726981,0.7190344929695129,0.7189418077468872,0.011766117066144943,0.6968590021133423,0.7006480693817139,0.7042040228843689,0.7107856273651123,0.7189418077468872,0.7268017530441284,0.7336025238037109,0.7396757006645203,0.7410760521888733
23450,-0.7193263173103333,49.653472900390625,27.72732162475586,67.06432233537946,0.7193263173103333,0.7196158170700073,0.01181597076356411,0.6968590021133423,0.7006480693817139,0.7042040228843689,0.7115538716316223,0.7196158170700073,0.7268605828285217,0.7336025238037109,0.739689290523529,0.7414954900741577
23485,-0.7193991541862488,49.564022064208984,27.7185001373291,66.90761130196708,0.7193992137908936,0.7196158170700073,0.01183925848454237,0.6968590021133423,0.7006480693817139,0.7042040228843689,0.7115538716316223,0.7196158170700073,0.7268605828285217,0.7351024746894836,0.739689290523529,0.7414954900741577
23520,-0.7197434306144714,49.46590805053711,27.697551727294922,66.75103868756976,0.7197434306144714,0.7204427719116211,0.011641721241176128,0.6968590021133423,0.7006480693817139,0.705787718296051,0.7122076749801636,0.7204427719116211,0.7268605828285217,0.7351024746894836,0.739689290523529,0.7414954900741577
23555,-0.719900906085968,49.378238677978516,27.6793270111084,66.60451180594308,0.7199010252952576,0.7208797931671143,0.011556293815374374,0.6968590021133423,0.7017855048179626,0.705787718296051,0.7122076749801636,0.7208797931671143,0.7270480990409851,0.7351024746894836,0.739689290523529,0.7414954900741577
23590,-0.7200384140014648,49.29081726074219,27.665929794311523,66.4540546962193,0.7200385332107544,0.7208797931671143,0.011383122764527798,0.6974875330924988,0.7020621299743652,0.7063679695129395,0.7123271226882935,0.7208797931671143,0.7270480990409851,0.7351024746894836,0.739689290523529,0.7414954900741577
23625,-0.7202032804489136,49.200496673583984,27.646867752075195,66.30717141287667,0.7202033996582031,0.720961332321167,0.011414818465709686,0.6974875330924988,0.7020621299743652,0.7063679695129395,0.7123271226882935,0.720961332321167,0.7270480990409851,0.7351024746894836,0.739689290523529,0.7414954900741577
23660,-0.720267117023468,49.1164665222168,27.63469886779785,66.1645758492606,0.720267117023468,0.720961332321167,0.0113634979352355,0.6975032091140747,0.7020621299743652,0.7068553566932678,0.7126137614250183,0.720961332321167,0.7270480990409851,0.7351024746894836,0.739689290523529,0.7414954900741577
23695,-0.7204432487487793,49.0226936340332,27.619028091430664,66.00880541120257,0.7204433679580688,0.720961332321167,0.011396116577088833,0.7004913687705994,0.7020621299743652,0.7068553566932678,0.7126137614250183,0.720961332321167,0.7275609374046326,0.7351024746894836,0.739689290523529,0.7414954900741577
23730,-0.7206318974494934,48.93857192993164,27.608997344970703,65.86173357282367,0.720632016658783,0.7214775085449219,0.011358626186847687,0.7004913687705994,0.7020621299743652,0.7074001431465149,0.7126137614250183,0.7214775085449219,0.7275609374046326,0.7351024746894836,0.739689290523529,0.7414954900741577
23765,-0.7207222580909729,48.85236740112305,27.59658432006836,65.7145244053432,0.7207223773002625,0.7214775085449219,0.011342832818627357,0.7004913687705994,0.7020621299743652,0.7074001431465149,0.7126137614250183,0.7214775085449219,0.7275609374046326,0.7351024746894836,0.739689290523529,0.7414954900741577
23800,-0.7208307981491089,48.76515579223633,27.583316802978516,65.56565638950893,0.7208309173583984,0.7219392657279968,0.011382711119949818,0.7004913687705994,0.7020621299743652,0.7074001431465149,0.7126137614250183,0.7219392657279968,0.7275609374046326,0.7351024746894836,0.7405834794044495,0.7414954900741577
23835,-0.7210350036621094,48.66910934448242,27.564128875732422,65.40798514229911,0.7210350036621094,0.7221956253051758,0.011370839551091194,0.7004913687705994,0.7020621299743652,0.7074001431465149,0.7129692435264587,0.7221956253051758,0.7276655435562134,0.7351024746894836,0.7405834794044495,0.7414954900741577
23870,-0.721217930316925,48.58030319213867,27.551891326904297,65.25408608572823,0.721217930316925,0.7221956253051758,0.011448659002780914,0.7004913687705994,0.7020621299743652,0.7074001431465149,0.7134232521057129,0.7221956253051758,0.7279614806175232,0.7351024746894836,0.7405834794044495,0.7414954900741577
23905,-0.7212769389152527,48.47586441040039,27.52556610107422,65.08776419503349,0.7212769389152527,0.7221956253051758,0.011452670209109783,0.7004913687705994,0.7020621299743652,0.7074001431465149,0.7134232521057129,0.7221956253051758,0.7279614806175232,0.7351024746894836,0.7405834794044495,0.7414954900741577
23940,-0.7214047312736511,48.3912353515625,27.508567810058594,64.94623020717076,0.7214047312736511,0.722521960735321,0.011486358940601349,0.7004913687705994,0.7020621299743652,0.7074001431465149,0.7134232521057129,0.722521960735321,0.7280547022819519,0.7351024746894836,0.7405834794044495,0.7414954900741577
23975,-0.7215160727500916,48.302818298339844,27.489044189453125,64.8019779750279,0.7215161323547363,0.722521960735321,0.011447599157691002,0.7004913687705994,0.7020621299743652,0.70744788646698,0.7136902809143066,0.722521960735321,0.7286535501480103,0.7351024746894836,0.7405834794044495,0.7414954900741577
24010,-0.7217032313346863,48.21745300292969,27.4729061126709,64.65734100341797,0.7217031717300415,0.722521960735321,0.011297485791146755,0.7005914449691772,0.7020621299743652,0.707587718963623,0.7137787342071533,0.722521960735321,0.7298467755317688,0.7351024746894836,0.7405834794044495,0.7414954900741577
24045,-0.7219437956809998,48.12993621826172,27.462303161621094,64.49957384381976,0.721943736076355,0.7229036092758179,0.011320997029542923,0.7005914449691772,0.7020621299743652,0.7078920602798462,0.7137787342071533,0.7229036092758179,0.7302098870277405,0.7352806925773621,0.7405834794044495,0.7414954900741577
24080,-0.7219862937927246,48.039058685302734,27.441110610961914,64.35462406703404,0.7219862341880798,0.7229036092758179,0.011275378055870533,0.7005914449691772,0.7020621299743652,0.7079607844352722,0.7137787342071533,0.7229036092758179,0.7302098870277405,0.7352806925773621,0.7405834794044495,0.7414954900741577
24115,-0.7221897840499878,47.94993591308594,27.424131393432617,64.20449011666435,0.7221897840499878,0.7229036092758179,0.011222043074667454,0.7005914449691772,0.7020621299743652,0.7079607844352722,0.7137787342071533,0.7229036092758179,0.7302098870277405,0.7355179190635681,0.7405834794044495,0.7414954900741577
24150,-0.7222853899002075,47.86796188354492,27.410993576049805,64.06232670375279,0.7222853899002075,0.7232215404510498,0.011158940382301807,0.7007830142974854,0.7026366591453552,0.7079607844352722,0.7137787342071533,0.7232215404510498,0.7302098870277405,0.7355179190635681,0.7405834794044495,0.7414954900741577
24185,-0.7223500609397888,47.78985595703125,27.401643753051758,63.919822692871094,0.7223501801490784,0.7232215404510498,0.011176424100995064,0.7007830142974854,0.7026366591453552,0.7079607844352722,0.7138922810554504,0.7232215404510498,0.7303762435913086,0.7355179190635681,0.7405834794044495,0.7414954900741577
24220,-0.7225297093391418,47.695343017578125,27.382476806640625,63.76499775477818,0.7225297689437866,0.7235206365585327,0.01113967876881361,0.7007830142974854,0.7028061747550964,0.7079607844352722,0.7138922810554504,0.7235206365585327,0.7303762435913086,0.7355483770370483,0.7408025860786438,0.7436515092849731
24255,-0.7226840257644653,47.6131477355957,27.36979866027832,63.61955206734793,0.7226840257644653,0.7235206365585327,0.01115485094487667,0.7007830142974854,0.7033695578575134,0.7079607844352722,0.7147181034088135,0.7235206365585327,0.7303762435913086,0.7389090657234192,0.7408025860786438,0.7436515092849731
24290,-0.7227749228477478,47.52540969848633,27.349308013916016,63.47404425484793,0.7227749824523926,0.7237235307693481,0.011185030452907085,0.7007830142974854,0.7033695578575134,0.7079607844352722,0.7147181034088135,0.7237235307693481,0.7311388254165649,0.7389090657234192,0.7408025860786438,0.7436515092849731
24325,-0.722979724407196,47.440818786621094,27.33818817138672,63.32563836233957,0.7229797840118408,0.7237235307693481,0.011085204780101776,0.7020487189292908,0.7039307951927185,0.7079607844352722,0.7150838971138,0.7237235307693481,0.7311921715736389,0.7389090657234192,0.7408487796783447,0.7436515092849731
24360,-0.7231889963150024,47.34714126586914,27.315807342529297,63.17729459490095,0.7231889963150024,0.7238062620162964,0.01101517491042614,0.7026291489601135,0.7053802609443665,0.7087494730949402,0.7150838971138,0.7238062620162964,0.7311921715736389,0.7389090657234192,0.7408487796783447,0.7436515092849731
24395,-0.7234557271003723,47.25682067871094,27.29449462890625,63.029142652239116,0.7234557867050171,0.724067211151123,0.011136233806610107,0.7026291489601135,0.7053802609443665,0.7087494730949402,0.7150838971138,0.724067211151123,0.7314133048057556,0.7389533519744873,0.7410803437232971,0.7454594969749451
24430,-0.7235487103462219,47.17154312133789,27.275432586669922,62.88397870744978,0.7235487103462219,0.7245683073997498,0.011136531829833984,0.7026291489601135,0.7053802609443665,0.7087494730949402,0.7150838971138,0.7245683073997498,0.7314133048057556,0.7389533519744873,0.7410803437232971,0.7454594969749451
24465,-0.7236432433128357,47.07868194580078,27.2517147064209,62.732190813337056,0.7236433625221252,0.7248978614807129,0.011194655671715736,0.7026291489601135,0.7053802609443665,0.7087494730949402,0.7150838971138,0.7248978614807129,0.7314133048057556,0.7389533519744873,0.7410803437232971,0.7454594969749451
24500,-0.7237606644630432,46.99742126464844,27.2369441986084,62.590074811662944,0.7237606048583984,0.7251524329185486,0.011242860928177834,0.7026291489601135,0.7054107785224915,0.7087494730949402,0.7150838971138,0.7251524329185486,0.7314893007278442,0.7389533519744873,0.7410803437232971,0.7454594969749451
24535,-0.723922848701477,46.90665054321289,27.214141845703125,62.444806235177175,0.7239229679107666,0.7251524329185486,0.011160166934132576,0.7026291489601135,0.7054107785224915,0.7087494730949402,0.7153685688972473,0.7251524329185486,0.7314893007278442,0.7389533519744873,0.7410803437232971,0.7454594969749451
24570,-0.7239961624145508,46.81410598754883,27.193220138549805,62.29032461983817,0.7239962220191956,0.7251524329185486,0.011190133169293404,0.7026291489601135,0.7054107785224915,0.7090182304382324,0.7153685688972473,0.7251524329185486,0.7316088676452637,0.7389533519744873,0.7410803437232971,0.7454594969749451
24605,-0.7241398692131042,46.7325439453125,27.180906295776367,62.14634323120117,0.7241398096084595,0.7251524329185486,0.011043242178857327,0.7026291489601135,0.7063666582107544,0.7092493176460266,0.7161116600036621,0.7251524329185486,0.7316088676452637,0.7389533519744873,0.7410803437232971,0.7454594969749451
24640,-0.7243444919586182,46.6475944519043,27.164216995239258,62.00395965576172,0.7243445515632629,0.7251524329185486,0.011118723079562187,0.7026291489601135,0.7076506018638611,0.7092568874359131,0.7161116600036621,0.7251524329185486,0.7317174673080444,0.7389610409736633,0.7414063215255737,0.7454594969749451
24675,-0.7245185971260071,46.556697845458984,27.14720916748047,61.853061131068635,0.7245185375213623,0.7251524329185486,0.01083952747285366,0.7039932012557983,0.7076506018638611,0.7092568874359131,0.7161116600036621,0.7251524329185486,0.7317174673080444,0.7389610409736633,0.7414063215255737,0.7454594969749451
24710,-0.7245731949806213,46.4716796875,27.131919860839844,61.703042711530415,0.7245731949806213,0.7251524329185486,0.010894041508436203,0.7039932012557983,0.7076506018638611,0.7092568874359131,0.7161116600036621,0.7251524329185486,0.7317174673080444,0.7389610409736633,0.7436184287071228,0.7454594969749451
24745,-0.724665105342865,46.388736724853516,27.11867332458496,61.55441338675363,0.7246651649475098,0.7251524329185486,0.010851961560547352,0.7039932012557983,0.7076506018638611,0.7096589803695679,0.7161116600036621,0.7251524329185486,0.7317174673080444,0.7389610409736633,0.7436184287071228,0.7454594969749451
24780,-0.7247464060783386,46.29369354248047,27.089614868164062,61.406890869140625,0.7247463464736938,0.7251524329185486,0.010797104798257351,0.7045458555221558,0.7076506018638611,0.7096589803695679,0.7164919376373291,0.7251524329185486,0.7317368388175964,0.7389610409736633,0.7436184287071228,0.7454594969749451
24815,-0.7247464060783386,46.20396423339844,27.066381454467773,61.25958742414202,0.7247463464736938,0.7251524329185486,0.010797104798257351,0.7045458555221558,0.7076506018638611,0.7096589803695679,0.7164919376373291,0.7251524329185486,0.7317368388175964,0.7389610409736633,0.7436184287071228,0.7454594969749451
24850,-0.7248232364654541,46.11601257324219,27.04848289489746,61.114386967250276,0.7248232364654541,0.7255237698554993,0.010770251974463463,0.7045458555221558,0.7076506018638611,0.7096589803695679,0.7164919376373291,0.7255237698554993,0.7317368388175964,0.7389610409736633,0.7436184287071228,0.7454594969749451
24885,-0.7249666452407837,46.02998352050781,27.027780532836914,60.96928678240095,0.7249665856361389,0.7255237698554993,0.01082178857177496,0.7045458555221558,0.7076506018638611,0.7096589803695679,0.7164919376373291,0.7255237698554993,0.7317686676979065,0.7394848465919495,0.7436184287071228,0.7454594969749451
24920,-0.725094735622406,45.94945526123047,27.01324462890625,60.8293081011091,0.725094735622406,0.7258578538894653,0.010825366713106632,0.7045458555221558,0.7076506018638611,0.7096589803695679,0.7164919376373291,0.7258578538894653,0.7317686676979065,0.7394848465919495,0.7436184287071228,0.7454594969749451
24955,-0.7253342270851135,45.87298583984375,26.996919631958008,60.69626453944615,0.7253343462944031,0.7258578538894653,0.010832014493644238,0.7045502066612244,0.7076506018638611,0.7096589803695679,0.7172896862030029,0.7258578538894653,0.7334129810333252,0.7394848465919495,0.7436184287071228,0.7454594969749451
24990,-0.7255532741546631,45.78940200805664,26.980993270874023,60.54391697474888,0.7255532741546631,0.7259024977684021,0.010975159704685211,0.7045502066612244,0.7076506018638611,0.7096589803695679,0.7172896862030029,0.7259024977684021,0.7335783243179321,0.7394848465919495,0.7436184287071228,0.7454594969749451
25025,-0.7257272005081177,45.705867767333984,26.96352767944336,60.39897264753069,0.7257272601127625,0.7259024977684021,0.010825157165527344,0.7046012878417969,0.7076812386512756,0.7096589803695679,0.7183426022529602,0.7259024977684021,0.7335783243179321,0.7394848465919495,0.7436184287071228,0.7454594969749451
25060,-0.7258248925209045,45.631656646728516,26.956485748291016,60.259173257010325,0.7258248329162598,0.7259024977684021,0.01075874175876379,0.7046012878417969,0.7076812386512756,0.7100563049316406,0.718769371509552,0.7259024977684021,0.7335783243179321,0.7394848465919495,0.7436184287071228,0.7454594969749451
25095,-0.7260679602622986,45.546875,26.939895629882812,60.115169525146484,0.7260679602622986,0.7260271906852722,0.010694624856114388,0.7046012878417969,0.7076812386512756,0.7100563049316406,0.7191158533096313,0.7260271906852722,0.7340105772018433,0.7394848465919495,0.7436184287071228,0.7454594969749451
25130,-0.7262557148933411,45.46657180786133,26.927804946899414,59.97380338396345,0.7262557148933411,0.7262488007545471,0.010648854076862335,0.7054380178451538,0.7076812386512756,0.7100563049316406,0.7191158533096313,0.7262488007545471,0.7340105772018433,0.7394848465919495,0.7436184287071228,0.7454594969749451
25165,-0.7264065146446228,45.382328033447266,26.911685943603516,59.82835224696568,0.7264065742492676,0.7269758582115173,0.010694729164242744,0.7054380178451538,0.7076812386512756,0.7100563049316406,0.7191158533096313,0.7269758582115173,0.7341038584709167,0.7394848465919495,0.7436184287071228,0.7454594969749451
25200,-0.7264721393585205,45.296897888183594,26.8940372467041,59.68116160801479,0.7264721393585205,0.7269758582115173,0.010718410834670067,0.7054380178451538,0.7076812386512756,0.7100563049316406,0.7191158533096313,0.7269758582115173,0.7341038584709167,0.7394848465919495,0.7436976432800293,0.7456435561180115
25235,-0.7265613675117493,45.20760726928711,26.872112274169922,59.53113283429827,0.7265613079071045,0.7273538708686829,0.010689659975469112,0.7054380178451538,0.7076812386512756,0.7107222080230713,0.7191158533096313,0.7273538708686829,0.7341038584709167,0.7394848465919495,0.7436976432800293,0.7456435561180115
25270,-0.7266233563423157,45.126617431640625,26.854753494262695,59.39058630807059,0.7266233563423157,0.7273538708686829,0.010646074078977108,0.7054380178451538,0.7076812386512756,0.7107222080230713,0.7192911505699158,0.7273538708686829,0.7341038584709167,0.7394848465919495,0.7436976432800293,0.7456435561180115
25305,-0.7268821597099304,45.05272674560547,26.8414306640625,59.25609861101423,0.7268822193145752,0.7279720306396484,0.010620960034430027,0.7054380178451538,0.7089816927909851,0.7116166949272156,0.7196614742279053,0.7279720306396484,0.7344624996185303,0.740037739276886,0.7436976432800293,0.7456435561180115
25340,-0.7270172238349915,44.97883605957031,26.828289031982422,59.12310954502651,0.7270172238349915,0.7279720306396484,0.010780061595141888,0.7054380178451538,0.7090535759925842,0.7116166949272156,0.7196614742279053,0.7279720306396484,0.7346042394638062,0.740037739276886,0.7440418004989624,0.7472888827323914
25375,-0.7271246314048767,44.898475646972656,26.809720993041992,58.98605237688337,0.7271246910095215,0.7280076742172241,0.010796334594488144,0.7054380178451538,0.7090535759925842,0.7116166949272156,0.7196614742279053,0.7280076742172241,0.734667956829071,0.740037739276886,0.7440418004989624,0.7472888827323914
25410,-0.7272526621818542,44.80973815917969,26.789260864257812,58.83648954119001,0.7272526621818542,0.7280540466308594,0.010840913280844688,0.7054380178451538,0.7090535759925842,0.7116166949272156,0.7196614742279053,0.7280540466308594,0.7347135543823242,0.740037739276886,0.7440418004989624,0.7472888827323914
25445,-0.7274059057235718,44.729034423828125,26.775239944458008,58.691990988595144,0.727405846118927,0.7280540466308594,0.010879945941269398,0.7054380178451538,0.7091161608695984,0.7123198509216309,0.7197669148445129,0.7280540466308594,0.7347135543823242,0.7406560778617859,0.7454602718353271,0.7474642395973206
25480,-0.7275897264480591,44.653038024902344,26.765087127685547,58.554376874651226,0.7275896668434143,0.7281051874160767,0.010858514346182346,0.7054380178451538,0.7091161608695984,0.7132377028465271,0.7197669148445129,0.7281051874160767,0.7347854971885681,0.7406560778617859,0.7454602718353271,0.7474642395973206
25515,-0.7277195453643799,44.57146453857422,26.748151779174805,58.40915025983538,0.7277194857597351,0.7284861207008362,0.010869612917304039,0.7056658864021301,0.7091161608695984,0.7132377028465271,0.7199389338493347,0.7284861207008362,0.7349996566772461,0.7406560778617859,0.7454602718353271,0.7474642395973206
25550,-0.7279821038246155,44.497840881347656,26.734397888183594,58.27639552525112,0.7279821634292603,0.7290510535240173,0.010959604755043983,0.7056658864021301,0.7091161608695984,0.7132377028465271,0.7208590507507324,0.7290510535240173,0.736088216304779,0.741211473941803,0.7454602718353271,0.7474642395973206
25585,-0.7281425595283508,44.4228401184082,26.72288703918457,58.139039175851,0.7281425595283508,0.7290510535240173,0.011121947318315506,0.705670952796936,0.7091161608695984,0.7134086489677429,0.7208590507507324,0.7290510535240173,0.7364957332611084,0.7418491840362549,0.745705783367157,0.7474642395973206
25620,-0.7281786799430847,44.3492317199707,26.711997985839844,58.00444412231445,0.7281787395477295,0.7291395664215088,0.011112643405795097,0.705670952796936,0.7091161608695984,0.7134557366371155,0.7208590507507324,0.7291395664215088,0.7364957332611084,0.7418491840362549,0.745705783367157,0.7474642395973206
25655,-0.7284802198410034,44.26655578613281,26.695266723632812,57.858336857386995,0.7284802198410034,0.7296074628829956,0.011133861728012562,0.705670952796936,0.7091161608695984,0.7134557366371155,0.7211936116218567,0.7296074628829956,0.736589252948761,0.7418491840362549,0.7469931840896606,0.7495441436767578
25690,-0.7286127805709839,44.18507766723633,26.681978225708008,57.71628788539341,0.7286128401756287,0.7296074628829956,0.01105233933776617,0.705670952796936,0.7091161608695984,0.7134557366371155,0.7212876677513123,0.7296074628829956,0.736589252948761,0.7418491840362549,0.7469931840896606,0.7495441436767578
25725,-0.7287411093711853,44.110469818115234,26.667675018310547,57.58528627668108,0.7287410497665405,0.7296513915061951,0.011002860963344574,0.705670952796936,0.7091161608695984,0.7134557366371155,0.7214951515197754,0.7296513915061951,0.7368992567062378,0.7418491840362549,0.7469931840896606,0.7495441436767578
25760,-0.7288225889205933,44.03207015991211,26.651098251342773,57.44843782697405,0.7288225293159485,0.7296513915061951,0.0109780915081501,0.705670952796936,0.7091161608695984,0.7134557366371155,0.7214951515197754,0.7296513915061951,0.7368992567062378,0.7418491840362549,0.7469931840896606,0.7495441436767578
25795,-0.7290474772453308,43.95517349243164,26.637067794799805,57.314482007707866,0.7290474772453308,0.7298440933227539,0.01087426021695137,0.7060593962669373,0.7091161608695984,0.7152311205863953,0.721726655960083,0.7298440933227539,0.7368992567062378,0.7418491840362549,0.747177004814148,0.7495441436767578
25830,-0.7291982769966125,43.8830680847168,26.626070022583008,57.184749603271484,0.7291982173919678,0.7299102544784546,0.010855562053620815,0.7060593962669373,0.7091161608695984,0.7152311205863953,0.721726655960083,0.7299102544784546,0.7368992567062378,0.7423720359802246,0.747177004814148,0.7495441436767578
25865,-0.7296339869499207,43.80929183959961,26.610450744628906,57.05165100097656,0.7296340465545654,0.7304657697677612,0.01073762122541666,0.7060593962669373,0.7091540694236755,0.7157837748527527,0.7217857837677002,0.7304657697677612,0.7373910546302795,0.742987334728241,0.747177004814148,0.7495441436767578
25900,-0.7297371029853821,43.72477722167969,26.588443756103516,56.91483197893415,0.7297370433807373,0.7304657697677612,0.010739583522081375,0.7060593962669373,0.7091540694236755,0.7157837748527527,0.7227113246917725,0.7304657697677612,0.7373910546302795,0.742987334728241,0.7472518682479858,0.7495441436767578
25935,-0.7299042344093323,43.65389633178711,26.574485778808594,56.78035354614258,0.7299041748046875,0.7305467128753662,0.010657244361937046,0.7063559889793396,0.7092011570930481,0.7157837748527527,0.7230868339538574,0.7305467128753662,0.7376161217689514,0.742987334728241,0.7472518682479858,0.7495441436767578
25970,-0.7301331758499146,43.584136962890625,26.565288543701172,56.64471326555525,0.7301331162452698,0.7310914993286133,0.010455523617565632,0.7080364227294922,0.7096624970436096,0.716532289981842,0.7230868339538574,0.7310914993286133,0.7376161217689514,0.742987334728241,0.7472518682479858,0.7495441436767578
26005,-0.7302406430244446,43.515682220458984,26.55792236328125,56.51197814941406,0.7302405834197998,0.7310914993286133,0.010492445901036263,0.7080364227294922,0.7096624970436096,0.716532289981842,0.7230868339538574,0.7310914993286133,0.7376161217689514,0.742987334728241,0.7474608421325684,0.749718427658081
26040,-0.7304075360298157,43.43933868408203,26.540569305419922,56.37748282296317,0.7304074764251709,0.7313790321350098,0.01042924914509058,0.7080364227294922,0.7096624970436096,0.716532289981842,0.7243163585662842,0.7313790321350098,0.7376161217689514,0.742987334728241,0.7474608421325684,0.749718427658081
26075,-0.7304847836494446,43.37105178833008,26.529808044433594,56.25076239449637,0.7304846048355103,0.7313790321350098,0.01045149564743042,0.7080364227294922,0.7096624970436096,0.716532289981842,0.7243163585662842,0.7313790321350098,0.7376161217689514,0.742987334728241,0.7474608421325684,0.749718427658081
26110,-0.7305428385734558,43.300594329833984,26.52279281616211,56.11217280796596,0.730542778968811,0.7313790321350098,0.010475866496562958,0.7080364227294922,0.7096624970436096,0.716532289981842,0.7243503928184509,0.7313790321350098,0.7376161217689514,0.742987334728241,0.7482094764709473,0.749718427658081
26145,-0.7306691408157349,43.22164535522461,26.5057373046875,55.97185025896345,0.7306690812110901,0.7313790321350098,0.01057473849505186,0.7080364227294922,0.7096624970436096,0.7166136503219604,0.7243503928184509,0.7313790321350098,0.7376539707183838,0.742987334728241,0.748378336429596,0.7503103613853455
26180,-0.7307274341583252,43.14714813232422,26.497587203979492,55.830440521240234,0.7307273745536804,0.7313790321350098,0.010529429651796818,0.7080364227294922,0.7096624970436096,0.7166136503219604,0.7243503928184509,0.7313790321350098,0.7376539707183838,0.742987334728241,0.748378336429596,0.7503103613853455
26215,-0.7308790683746338,43.080284118652344,26.48784828186035,55.701310294015066,0.730879008769989,0.7313790321350098,0.01036784891039133,0.7080364227294922,0.7110177278518677,0.7168266177177429,0.7252882122993469,0.7313790321350098,0.7376539707183838,0.742987334728241,0.748378336429596,0.7503103613853455
26250,-0.7309861779212952,43.00395202636719,26.472667694091797,55.567671639578684,0.7309861183166504,0.7313790321350098,0.010388355702161789,0.7080364227294922,0.7110177278518677,0.7168266177177429,0.7252882122993469,0.7313790321350098,0.7378504276275635,0.742987334728241,0.748378336429596,0.7503103613853455
26285,-0.7311289310455322,42.93497848510742,26.46044921875,55.44129943847656,0.7311287522315979,0.7313790321350098,0.01037800032645464,0.7080364227294922,0.7110177278518677,0.7182070016860962,0.7252882122993469,0.7313790321350098,0.7378504276275635,0.7430159449577332,0.748378336429596,0.7503103613853455
26320,-0.7311379909515381,42.869991302490234,26.449216842651367,55.31811087472098,0.7311379313468933,0.7313790321350098,0.01037032250314951,0.7080364227294922,0.7110177278518677,0.7182070016860962,0.7252882122993469,0.7313790321350098,0.7378504276275635,0.7430159449577332,0.748378336429596,0.7503103613853455
26355,-0.7312777638435364,42.80257034301758,26.433238983154297,55.19874136788504,0.7312777042388916,0.7313790321350098,0.0105463657528162,0.7080364227294922,0.7110177278518677,0.7182070016860962,0.7252882122993469,0.7313790321350098,0.7382367253303528,0.7436971664428711,0.748378336429596,0.7503241300582886
26390,-0.7314469814300537,42.72126388549805,26.410972595214844,55.06136431012835,0.7314469218254089,0.7316725254058838,0.010528357699513435,0.7080364227294922,0.7111648321151733,0.7182709574699402,0.7252882122993469,0.7316725254058838,0.7382367253303528,0.74505615234375,0.748378336429596,0.7503241300582886
26425,-0.7316374778747559,42.65257263183594,26.40275764465332,54.927059173583984,0.7316374778747559,0.7316725254058838,0.010351607576012611,0.708999752998352,0.7111648321151733,0.7182709574699402,0.725903332233429,0.7316725254058838,0.7382367253303528,0.74505615234375,0.748378336429596,0.7503241300582886
26460,-0.7318006753921509,42.57020950317383,26.38102912902832,54.78644071306501,0.7318006157875061,0.7321207523345947,0.01037510670721531,0.708999752998352,0.7111648321151733,0.7182709574699402,0.725903332233429,0.7321207523345947,0.738429069519043,0.74505615234375,0.748378336429596,0.7503241300582886
26495,-0.7319563031196594,42.49730682373047,26.360206604003906,54.65812301635742,0.7319562435150146,0.7326352596282959,0.010334422811865807,0.708999752998352,0.7111648321151733,0.7182709574699402,0.7262612581253052,0.7326352596282959,0.7387253642082214,0.74505615234375,0.748378336429596,0.7503241300582886
26530,-0.7321102023124695,42.4260368347168,26.341711044311523,54.53387124197824,0.7321101427078247,0.7326352596282959,0.01027606800198555,0.709591269493103,0.711534321308136,0.7182709574699402,0.7265423536300659,0.7326352596282959,0.7387253642082214,0.74505615234375,0.748378336429596,0.7503241300582886
26565,-0.7321947813034058,42.34623336791992,26.320226669311523,54.397126879010884,0.7321949005126953,0.7326352596282959,0.010207951068878174,0.7096849679946899,0.711534321308136,0.7182709574699402,0.7265423536300659,0.7326352596282959,0.7393057346343994,0.74505615234375,0.748378336429596,0.7503241300582886
26600,-0.7323145866394043,42.27507400512695,26.305063247680664,54.2695802961077,0.7323147058486938,0.7331480979919434,0.010199095122516155,0.7096849679946899,0.711534321308136,0.7182709574699402,0.7265423536300659,0.7331480979919434,0.7393057346343994,0.74505615234375,0.748378336429596,0.7503241300582886
26635,-0.7324076890945435,42.20614242553711,26.291765213012695,54.142041887555806,0.7324077486991882,0.7331480979919434,0.01024368591606617,0.7096849679946899,0.711534321308136,0.7182709574699402,0.7265758514404297,0.7331480979919434,0.7393057346343994,0.7470242381095886,0.748378336429596,0.7503241300582886
26670,-0.7325854897499084,42.13844680786133,26.278207778930664,54.019056047712056,0.7325855493545532,0.7336635589599609,0.010328460484743118,0.7096849679946899,0.711534321308136,0.7182709574699402,0.7265758514404297,0.7336635589599609,0.7393697500228882,0.7470242381095886,0.7489217519760132,0.7503241300582886
26705,-0.732784628868103,42.05771255493164,26.250564575195312,53.891657148088726,0.732784628868103,0.7338444590568542,0.010284047573804855,0.7096849679946899,0.711534321308136,0.7182709574699402,0.7268713712692261,0.7338444590568542,0.7393697500228882,0.7470242381095886,0.7489217519760132,0.7503241300582886
26740,-0.7328202128410339,41.997737884521484,26.24382209777832,53.77332469395229,0.7328202128410339,0.7338444590568542,0.010222969576716423,0.7099784016609192,0.711534321308136,0.7182709574699402,0.7268713712692261,0.7338444590568542,0.7393697500228882,0.7470242381095886,0.7489217519760132,0.7503241300582886
26775,-0.7329784035682678,41.9239501953125,26.22612953186035,53.64278193882534,0.7329784631729126,0.7346553802490234,0.0102373156696558,0.7099784016609192,0.711534321308136,0.7182709574699402,0.7274608612060547,0.7346553802490234,0.7393697500228882,0.7470242381095886,0.7489217519760132,0.7503241300582886
26810,-0.7330233454704285,41.849700927734375,26.209327697753906,53.51187351771763,0.7330232858657837,0.7346553802490234,0.010243261232972145,0.7103294134140015,0.711534321308136,0.7182709574699402,0.7274608612060547,0.7346553802490234,0.7393697500228882,0.7470242381095886,0.7489217519760132,0.7503241300582886
26845,-0.7330233454704285,41.781002044677734,26.192832946777344,53.390162876674104,0.7330232858657837,0.7346553802490234,0.010243261232972145,0.7103294134140015,0.711534321308136,0.7182709574699402,0.7274608612060547,0.7346553802490234,0.7393697500228882,0.7470242381095886,0.7489217519760132,0.7503241300582886
26880,-0.7330930829048157,41.704986572265625,26.171735763549805,53.259752546037944,0.7330930829048157,0.7346553802490234,0.010303240269422531,0.7103294134140015,0.711534321308136,0.7182709574699402,0.7274608612060547,0.7346553802490234,0.7393697500228882,0.7470242381095886,0.7489217519760132,0.7503241300582886
26915,-0.7331317067146301,41.631656646728516,26.1567325592041,53.12508773803711,0.7331317663192749,0.7346553802490234,0.010312633588910103,0.7103294134140015,0.711534321308136,0.7182709574699402,0.7279213666915894,0.7346553802490234,0.7393697500228882,0.7470242381095886,0.7489318251609802,0.7504752278327942
26950,-0.7332174777984619,41.56404495239258,26.143102645874023,52.999210357666016,0.7332175970077515,0.7347126007080078,0.01035582460463047,0.7103294134140015,0.711534321308136,0.7182709574699402,0.7279213666915894,0.7347126007080078,0.7395278215408325,0.7470242381095886,0.7489318251609802,0.7504752278327942
26985,-0.7333592176437378,41.48856735229492,26.1214542388916,52.866663796561106,0.7333592176437378,0.7347126007080078,0.010242744348943233,0.7103294134140015,0.7157471179962158,0.718538761138916,0.7279213666915894,0.7347126007080078,0.7395278215408325,0.7470667362213135,0.7499102354049683,0.7504752278327942
27020,-0.7335037589073181,41.41977310180664,26.10979461669922,52.73470415387835,0.7335038185119629,0.7348834872245789,0.010243971832096577,0.7103294134140015,0.7158719897270203,0.718538761138916,0.7279213666915894,0.7348834872245789,0.7399352788925171,0.7478509545326233,0.7499102354049683,0.7504752278327942
27055,-0.7336634397506714,41.34253692626953,26.08586311340332,52.60434995378767,0.7336636185646057,0.7348834872245789,0.01010161079466343,0.7106528878211975,0.7158719897270203,0.7205359935760498,0.7279213666915894,0.7348834872245789,0.7399352788925171,0.7478509545326233,0.7499102354049683,0.7505006790161133
27090,-0.7337619066238403,41.26759719848633,26.066429138183594,52.47364480154855,0.7337619066238403,0.7352266311645508,0.010074271820485592,0.7106528878211975,0.7158719897270203,0.7205359935760498,0.7279213666915894,0.7352266311645508,0.7399352788925171,0.7478509545326233,0.7499102354049683,0.7505006790161133
27125,-0.73386549949646,41.200870513916016,26.052751541137695,52.34945733206613,0.73386549949646,0.7354371547698975,0.010008098557591438,0.710665225982666,0.7158719897270203,0.721092939376831,0.7279213666915894,0.7354371547698975,0.7399352788925171,0.7478509545326233,0.7499102354049683,0.7505006790161133
27160,-0.7340636849403381,41.126060485839844,26.032657623291016,52.21858651297433,0.7340638637542725,0.7355679273605347,0.01001923531293869,0.710665225982666,0.7158719897270203,0.721092939376831,0.7279977202415466,0.7355679273605347,0.7403544783592224,0.7478509545326233,0.7499102354049683,0.7505006790161133
27195,-0.7341756224632263,41.06128692626953,26.0218563079834,52.09335054670061,0.7341757416725159,0.7355679273605347,0.010109522379934788,0.710665225982666,0.7158719897270203,0.721092939376831,0.7279977202415466,0.7355679273605347,0.7406316995620728,0.7478509545326233,0.7499102354049683,0.7505874633789062
27230,-0.7342864871025085,40.99810028076172,26.012100219726562,51.9731194632394,0.7342864871025085,0.7360784411430359,0.010107806883752346,0.710665225982666,0.7158719897270203,0.721092939376831,0.7279977202415466,0.7360784411430359,0.7406316995620728,0.7478509545326233,0.7499102354049683,0.7505874633789062
27265,-0.7343194484710693,40.93223571777344,25.99615478515625,51.85624694824219,0.7343194484710693,0.7360784411430359,0.010120568796992302,0.710665225982666,0.7158719897270203,0.7217273712158203,0.7279977202415466,0.7360784411430359,0.7406316995620728,0.7478509545326233,0.7499102354049683,0.7505874633789062
27300,-0.734364926815033,40.86674499511719,25.981250762939453,51.73543766566685,0.734364926815033,0.7360784411430359,0.01010928675532341,0.710665225982666,0.7158719897270203,0.7217273712158203,0.7279977202415466,0.7360784411430359,0.7406316995620728,0.7478509545326233,0.7499528527259827,0.7505874633789062
27335,-0.7345151901245117,40.799835205078125,25.967727661132812,51.60889707292829,0.7345152497291565,0.7365061044692993,0.010036095045506954,0.710665225982666,0.7158719897270203,0.722342312335968,0.7279977202415466,0.7365061044692993,0.7406316995620728,0.7478509545326233,0.7499528527259827,0.7505874633789062
27370,-0.7346786260604858,40.73313903808594,25.955480575561523,51.48180171421596,0.7346788048744202,0.7365458607673645,0.01000154484063387,0.710665225982666,0.7158719897270203,0.722342312335968,0.7279977202415466,0.7365458607673645,0.7406316995620728,0.7478509545326233,0.7499528527259827,0.7505874633789062
27405,-0.7347376942634583,40.66218185424805,25.934917449951172,51.35909216744559,0.7347376942634583,0.7365458607673645,0.009987314231693745,0.710665225982666,0.7158719897270203,0.7224793434143066,0.7283619046211243,0.7365458607673645,0.7406316995620728,0.7478509545326233,0.7500495314598083,0.7510513663291931
27440,-0.7348074913024902,40.59477233886719,25.91935920715332,51.232939038957866,0.7348076105117798,0.7365458607673645,0.009891481138765812,0.710665225982666,0.717429518699646,0.7224793434143066,0.7283619046211243,0.7365458607673645,0.7406316995620728,0.7478509545326233,0.7500495314598083,0.7510513663291931
27475,-0.7348455786705017,40.524784088134766,25.902687072753906,51.10567365373884,0.7348455786705017,0.7365458607673645,0.009893552400171757,0.7114546298980713,0.717429518699646,0.7224793434143066,0.7283619046211243,0.7365458607673645,0.7406316995620728,0.7478509545326233,0.7500495314598083,0.7510513663291931
27510,-0.7348789572715759,40.45744323730469,25.887035369873047,50.98599188668387,0.7348790168762207,0.7365458607673645,0.009838023222982883,0.7126799821853638,0.717429518699646,0.7224793434143066,0.7283619046211243,0.7365458607673645,0.7406316995620728,0.7478509545326233,0.7500495314598083,0.7510513663291931
27545,-0.7351169586181641,40.38623046875,25.869327545166016,50.86354228428432,0.7351170182228088,0.7365458607673645,0.009807218797504902,0.7128902077674866,0.7188587188720703,0.7224793434143066,0.7284813523292542,0.7365458607673645,0.7417008876800537,0.7479238510131836,0.7500495314598083,0.7510513663291931
27580,-0.7351669073104858,40.31033706665039,25.846433639526367,50.73419461931501,0.7351670861244202,0.7365458607673645,0.009798613376915455,0.7128902077674866,0.7188786864280701,0.7224793434143066,0.7284813523292542,0.7365458607673645,0.7417008876800537,0.7479238510131836,0.7500495314598083,0.7510513663291931
27615,-0.7353503108024597,40.23945236206055,25.8301944732666,50.60661588396345,0.735350489616394,0.7365458607673645,0.009960574097931385,0.7128902077674866,0.7188786864280701,0.7226869463920593,0.7284813523292542,0.7365458607673645,0.7420141696929932,0.7482653260231018,0.7500495314598083,0.7561381459236145
27650,-0.7354522347450256,40.17023468017578,25.8139705657959,50.48073305402483,0.73545241355896,0.7365458607673645,0.00995220523327589,0.7128902077674866,0.7188786864280701,0.7227030396461487,0.7284813523292542,0.7365458607673645,0.742045521736145,0.7482653260231018,0.7503210306167603,0.7561381459236145
27685,-0.7355782985687256,40.10889434814453,25.807445526123047,50.3602044241769,0.7355783581733704,0.7365458607673645,0.01003828551620245,0.7128902077674866,0.7188786864280701,0.7227030396461487,0.7284813523292542,0.7365458607673645,0.742045521736145,0.7482653260231018,0.7505295872688293,0.7561381459236145
27720,-0.7357192635536194,40.04627990722656,25.794939041137695,50.23663003104074,0.7357193827629089,0.7365458607673645,0.010139122605323792,0.7128902077674866,0.7188786864280701,0.7227030396461487,0.7284813523292542,0.7365458607673645,0.742729902267456,0.7482653260231018,0.7505295872688293,0.7561381459236145
27755,-0.7357733845710754,39.98405456542969,25.782732009887695,50.11740384783064,0.7357735633850098,0.7366663813591003,0.010105438530445099,0.7137575745582581,0.7188786864280701,0.7227030396461487,0.7284813523292542,0.7366663813591003,0.742729902267456,0.7482653260231018,0.7505295872688293,0.7561381459236145
27790,-0.7358151078224182,39.91535186767578,25.766712188720703,49.99153682163784,0.7358152270317078,0.7366663813591003,0.01005315501242876,0.7137575745582581,0.7188786864280701,0.7227030396461487,0.7284813523292542,0.7366663813591003,0.742729902267456,0.7482653260231018,0.7505295872688293,0.7561381459236145
27825,-0.7358808517456055,39.84159851074219,25.746192932128906,49.863656180245535,0.735880970954895,0.7366663813591003,0.01004782784730196,0.7137575745582581,0.7188786864280701,0.7227030396461487,0.7284985184669495,0.7366663813591003,0.742729902267456,0.7482653260231018,0.7506087422370911,0.7561381459236145
27860,-0.7360131740570068,39.777950286865234,25.733945846557617,49.74378967285156,0.7360132336616516,0.7366663813591003,0.009907351806759834,0.7142376899719238,0.7188786864280701,0.722994327545166,0.7284985184669495,0.7366663813591003,0.742729902267456,0.7482653260231018,0.7506087422370911,0.7561381459236145
27895,-0.7360403537750244,39.70718765258789,25.714797973632812,49.616483960832866,0.7360404133796692,0.7368048429489136,0.009906445629894733,0.7142376899719238,0.7188786864280701,0.722994327545166,0.7284985184669495,0.7368048429489136,0.742729902267456,0.7482653260231018,0.7506087422370911,0.7561381459236145
27930,-0.7361516952514648,39.642520904541016,25.70100975036621,49.49125017438616,0.7361518144607544,0.7368048429489136,0.009887966327369213,0.7142401933670044,0.7204338312149048,0.722994327545166,0.7284985184669495,0.7368048429489136,0.742729902267456,0.7482653260231018,0.7523106932640076,0.7561381459236145
27965,-0.7362051010131836,39.572505950927734,25.682167053222656,49.366632734026226,0.7362052202224731,0.7368658781051636,0.009893327951431274,0.7142401933670044,0.7204338312149048,0.722994327545166,0.7284985184669495,0.7368658781051636,0.742729902267456,0.7482653260231018,0.7523106932640076,0.7561381459236145
28000,-0.7362312078475952,39.50703048706055,25.670120239257812,49.24293899536133,0.7362313270568848,0.7368658781051636,0.00985739566385746,0.7142401933670044,0.7204338312149048,0.7230211496353149,0.7284985184669495,0.7368658781051636,0.742729902267456,0.7482653260231018,0.7523106932640076,0.7561381459236145
28035,-0.7362481355667114,39.43947982788086,25.649723052978516,49.12365395682199,0.736248254776001,0.7368658781051636,0.00986231304705143,0.7142401933670044,0.7204338312149048,0.7230211496353149,0.7284985184669495,0.7368658781051636,0.742729902267456,0.7482653260231018,0.7523106932640076,0.7561381459236145
28070,-0.7362704277038574,39.37028121948242,25.63031578063965,49.00068283081055,0.736270546913147,0.7368658781051636,0.00986765418201685,0.7142401933670044,0.7204338312149048,0.7230211496353149,0.7284985184669495,0.7368658781051636,0.742729902267456,0.7482653260231018,0.7523106932640076,0.7561381459236145
28105,-0.7363602519035339,39.29294204711914,25.607885360717773,48.86570576259068,0.7363603115081787,0.7368658781051636,0.009878778830170631,0.7145423293113708,0.7204338312149048,0.7230211496353149,0.7284985184669495,0.7368658781051636,0.7431765794754028,0.7482653260231018,0.7523106932640076,0.7561381459236145
28140,-0.7364550828933716,39.23789978027344,25.600133895874023,48.755916595458984,0.7364551424980164,0.7368658781051636,0.009876768104732037,0.7145423293113708,0.7204338312149048,0.7230211496353149,0.7300430536270142,0.7368658781051636,0.7431765794754028,0.7482653260231018,0.7523106932640076,0.7561381459236145
28175,-0.7366399168968201,39.16850662231445,25.582490921020508,48.628604888916016,0.7366400957107544,0.7372496724128723,0.010015676729381084,0.7145423293113708,0.7204338312149048,0.7230211496353149,0.7300430536270142,0.7372496724128723,0.7434143424034119,0.7482653260231018,0.752345085144043,0.757082462310791
28210,-0.7367053031921387,39.1037483215332,25.567758560180664,48.51106698172433,0.736705482006073,0.7372496724128723,0.01002469751983881,0.7145423293113708,0.7204338312149048,0.7230211496353149,0.7300430536270142,0.7372496724128723,0.7437340021133423,0.7482653260231018,0.752345085144043,0.757082462310791
28245,-0.7367773056030273,39.045345306396484,25.560256958007812,48.39080974033901,0.7367775440216064,0.737392008304596,0.010008997283875942,0.7145423293113708,0.7204338312149048,0.7230211496353149,0.7300430536270142,0.737392008304596,0.7437340021133423,0.7482653260231018,0.752345085144043,0.757082462310791
28280,-0.7368383407592773,38.979122161865234,25.54220199584961,48.26492854527065,0.7368384599685669,0.737392008304596,0.010000516660511494,0.7145423293113708,0.7204338312149048,0.7230211496353149,0.730627179145813,0.737392008304596,0.7437340021133423,0.7482653260231018,0.752345085144043,0.757082462310791
28315,-0.7369847893714905,38.92057418823242,25.5344295501709,48.1432615007673,0.7369849681854248,0.7383305430412292,0.010067629627883434,0.7145423293113708,0.7204338312149048,0.7230211496353149,0.730627179145813,0.7383305430412292,0.7437340021133423,0.7482777237892151,0.7525808215141296,0.757082462310791
28350,-0.7370398640632629,38.85541915893555,25.5178279876709,48.02392251150949,0.7370400428771973,0.7388322353363037,0.010023332200944424,0.7145423293113708,0.7204338312149048,0.7230725288391113,0.730627179145813,0.7388322353363037,0.7437340021133423,0.7482777237892151,0.7525808215141296,0.757082462310791
28385,-0.7370650172233582,38.80001449584961,25.508094787597656,47.91294642857143,0.7370651960372925,0.7388322353363037,0.010031268931925297,0.7145423293113708,0.7204338312149048,0.7230725288391113,0.730627179145813,0.7388322353363037,0.7438963055610657,0.7482777237892151,0.7529881596565247,0.757082462310791
28420,-0.7370876669883728,38.745758056640625,25.50224494934082,47.795191628592356,0.7370877861976624,0.7388322353363037,0.010015198029577732,0.7145423293113708,0.720463752746582,0.7230725288391113,0.730627179145813,0.7388322353363037,0.7438963055610657,0.7482777237892151,0.7529881596565247,0.757082462310791
28455,-0.7371450066566467,38.674705505371094,25.480701446533203,47.6716183253697,0.7371450066566467,0.7388322353363037,0.010043839924037457,0.7145423293113708,0.720463752746582,0.7230725288391113,0.730627179145813,0.7388322353363037,0.7440158128738403,0.7487033009529114,0.7529881596565247,0.757082462310791
28490,-0.7371854782104492,38.60804748535156,25.463157653808594,47.54863085065569,0.7371855974197388,0.7388322353363037,0.01003837026655674,0.7145423293113708,0.720463752746582,0.7230725288391113,0.7306938767433167,0.7388322353363037,0.7441703081130981,0.7487066388130188,0.7529881596565247,0.757082462310791
28525,-0.7373526096343994,38.558509826660156,25.45703125,47.437699454171316,0.737352728843689,0.7388322353363037,0.01002523023635149,0.7145423293113708,0.720463752746582,0.723696231842041,0.7306938767433167,0.7388322353363037,0.7441703081130981,0.7487066388130188,0.7545537352561951,0.757082462310791
28560,-0.7374243140220642,38.49729919433594,25.441349029541016,47.322191510881694,0.737424373626709,0.7388340830802917,0.010025236755609512,0.7145423293113708,0.720463752746582,0.723696231842041,0.7308617234230042,0.7388340830802917,0.7441703081130981,0.7487066388130188,0.7545537352561951,0.757082462310791
28595,-0.7374813556671143,38.444759368896484,25.434240341186523,47.21094076974051,0.7374814748764038,0.7388340830802917,0.010071801021695137,0.7145423293113708,0.720463752746582,0.723696231842041,0.7308617234230042,0.7388340830802917,0.7441703081130981,0.7489843368530273,0.7545537352561951,0.7570956349372864
28630,-0.7375764846801758,38.39218521118164,25.42466926574707,47.09666115897043,0.7375766038894653,0.7390873432159424,0.010045889765024185,0.7145423293113708,0.7226017117500305,0.7237248420715332,0.7308617234230042,0.7390873432159424,0.7441703081130981,0.7489843368530273,0.7545537352561951,0.7570956349372864
28665,-0.7376790642738342,38.33369827270508,25.41793441772461,46.9729118347168,0.7376792430877686,0.7392475008964539,0.010059845633804798,0.7152507901191711,0.7226017117500305,0.7237248420715332,0.7308617234230042,0.7392475008964539,0.7441703081130981,0.7489843368530273,0.7545537352561951,0.7570956349372864
28700,-0.737820565700531,38.28171157836914,25.4097900390625,46.86337007795061,0.7378206849098206,0.7394668459892273,0.01014767400920391,0.7152507901191711,0.7226017117500305,0.7237248420715332,0.7308617234230042,0.7394668459892273,0.7442821264266968,0.7494473457336426,0.7545537352561951,0.7571033835411072
28735,-0.7379252314567566,38.23095703125,25.404333114624023,46.75653239658901,0.7379253506660461,0.7394668459892273,0.01016157679259777,0.7152507901191711,0.7226017117500305,0.7237248420715332,0.7308617234230042,0.7394668459892273,0.7447794675827026,0.7494473457336426,0.7545537352561951,0.7573688626289368
28770,-0.7381153702735901,38.17578125,25.39412498474121,46.64501190185547,0.7381155490875244,0.7396283745765686,0.010167889297008514,0.7152507901191711,0.7226017117500305,0.7249647378921509,0.7308617234230042,0.7396283745765686,0.7455902099609375,0.7494473457336426,0.7545537352561951,0.7573688626289368
28805,-0.7382249236106873,38.123924255371094,25.39117431640625,46.53016826084682,0.7382250428199768,0.7396622896194458,0.010164049454033375,0.7152507901191711,0.7226017117500305,0.7249647378921509,0.7308617234230042,0.7396622896194458,0.7455902099609375,0.7494473457336426,0.7545537352561951,0.7573688626289368
28840,-0.7382444739341736,38.065185546875,25.378395080566406,46.41833278111049,0.7382445335388184,0.7397488951683044,0.010161245241761208,0.7152507901191711,0.7226017117500305,0.7249647378921509,0.7308617234230042,0.7397488951683044,0.7455902099609375,0.7494473457336426,0.7545537352561951,0.7574093341827393
28875,-0.7382926940917969,38.01193618774414,25.371044158935547,46.30589784894671,0.7382927536964417,0.7397488951683044,0.010089073330163956,0.7157465815544128,0.7228466272354126,0.7252117395401001,0.7308617234230042,0.7397488951683044,0.7455902099609375,0.7494473457336426,0.7545537352561951,0.7574093341827393
28910,-0.7383918762207031,37.95553207397461,25.361526489257812,46.19353212629046,0.7383920550346375,0.7397488951683044,0.010074920020997524,0.716994047164917,0.7228881120681763,0.7252117395401001,0.7308617234230042,0.7397488951683044,0.7455902099609375,0.7499949336051941,0.7545537352561951,0.7582273483276367
28945,-0.7384864687919617,37.902034759521484,25.3509464263916,46.08641760689871,0.738486647605896,0.739812970161438,0.010049997828900814,0.716994047164917,0.7228881120681763,0.7252117395401001,0.7310684323310852,0.739812970161438,0.7455902099609375,0.7499949336051941,0.7545537352561951,0.7582273483276367
28980,-0.7385812401771545,37.84934616088867,25.339641571044922,45.97810363769531,0.7385814189910889,0.7398154139518738,0.010047659277915955,0.716994047164917,0.7228881120681763,0.7252117395401001,0.7310684323310852,0.7398154139518738,0.7455902099609375,0.7499949336051941,0.7545537352561951,0.7582273483276367
29015,-0.7387977242469788,37.79267501831055,25.328706741333008,45.86515426635742,0.7387978434562683,0.7398154139518738,0.010022491216659546,0.716994047164917,0.7230753898620605,0.7255258560180664,0.7310684323310852,0.7398154139518738,0.7457255125045776,0.7501004934310913,0.7545537352561951,0.7582273483276367
29050,-0.7389096021652222,37.740108489990234,25.323352813720703,45.75521632603237,0.7389097809791565,0.7399985194206238,0.010012703947722912,0.716994047164917,0.7233471274375916,0.7255258560180664,0.7310684323310852,0.7399985194206238,0.7457255125045776,0.7501004934310913,0.7545537352561951,0.7582273483276367
29085,-0.738981306552887,37.68565368652344,25.307998657226562,45.65447507585798,0.7389814257621765,0.7402318716049194,0.010046112351119518,0.716994047164917,0.7233471274375916,0.7255258560180664,0.7310684323310852,0.7402318716049194,0.7457255125045776,0.750330924987793,0.7545537352561951,0.7582340240478516
29120,-0.7390636801719666,37.626651763916016,25.293127059936523,45.53982325962612,0.7390637993812561,0.7402318716049194,0.00999790895730257,0.716994047164917,0.7233471274375916,0.7255258560180664,0.7318537831306458,0.7402318716049194,0.7457255125045776,0.750330924987793,0.7545537352561951,0.7582340240478516
29155,-0.7391113042831421,37.57151794433594,25.28170394897461,45.43529074532645,0.7391114830970764,0.7402318716049194,0.009988334029912949,0.716994047164917,0.7233471274375916,0.7255258560180664,0.7318537831306458,0.7402318716049194,0.7457255125045776,0.750330924987793,0.7545537352561951,0.7582340240478516
29190,-0.7391572594642639,37.51007080078125,25.26555061340332,45.3189457484654,0.7391573190689087,0.7402318716049194,0.01004063244909048,0.716994047164917,0.7233471274375916,0.7255258560180664,0.7318537831306458,0.7402318716049194,0.7457255125045776,0.751180112361908,0.7545537352561951,0.7592806220054626
29225,-0.7392180562019348,37.461544036865234,25.2601261138916,45.210226331438335,0.7392181158065796,0.7402586936950684,0.00997993815690279,0.716994047164917,0.7233471274375916,0.7255764603614807,0.7318824529647827,0.7402586936950684,0.7457255125045776,0.751180112361908,0.7545537352561951,0.7592806220054626
29260,-0.739270031452179,37.410491943359375,25.25288963317871,45.10325404575893,0.7392701506614685,0.7402586936950684,0.009990619495511055,0.7170054912567139,0.7233471274375916,0.7255764603614807,0.7318824529647827,0.7402586936950684,0.7457410097122192,0.751180112361908,0.7545537352561951,0.7592806220054626
29295,-0.7393217086791992,37.35789489746094,25.240854263305664,45.00127901349749,0.7393218874931335,0.7402586936950684,0.009965270757675171,0.7170054912567139,0.7233471274375916,0.7257663607597351,0.7318824529647827,0.7402586936950684,0.7457410097122192,0.751180112361908,0.7545537352561951,0.7592806220054626
29330,-0.739440381526947,37.2977180480957,25.229745864868164,44.87992313929966,0.7394404411315918,0.7402586936950684,0.010098330676555634,0.7170063257217407,0.7233471274375916,0.7257663607597351,0.7318824529647827,0.7402586936950684,0.7457410097122192,0.7515271306037903,0.7559914588928223,0.7592806220054626
29365,-0.7396472096443176,37.24477767944336,25.220918655395508,44.7721928187779,0.739647388458252,0.7402586936950684,0.010100462473928928,0.7170063257217407,0.7242212891578674,0.7261099219322205,0.7322443127632141,0.7402586936950684,0.7463585734367371,0.7526616454124451,0.7559914588928223,0.7592806220054626
29400,-0.7396814823150635,37.1889762878418,25.20955467224121,44.6630859375,0.739681601524353,0.7402586936950684,0.010071749798953533,0.7170063257217407,0.7242212891578674,0.7261099219322205,0.7322443127632141,0.7402586936950684,0.7463585734367371,0.7526616454124451,0.7559914588928223,0.7592806220054626
29435,-0.7398012280464172,37.123355865478516,25.185949325561523,44.54873057774135,0.7398014068603516,0.7402586936950684,0.010210338979959488,0.7170063257217407,0.7242212891578674,0.7261099219322205,0.7322443127632141,0.7402586936950684,0.746674656867981,0.7530938982963562,0.7559914588928223,0.7592806220054626
29470,-0.7398875951766968,37.06215286254883,25.17201805114746,44.428890228271484,0.7398877739906311,0.741073489189148,0.010226724669337273,0.7170063257217407,0.7242212891578674,0.7261099219322205,0.7322443127632141,0.741073489189148,0.746674656867981,0.7530938982963562,0.7559914588928223,0.7592806220054626
29505,-0.7399142384529114,36.997947692871094,25.151222229003906,44.312477111816406,0.7399142384529114,0.741360068321228,0.01024078018963337,0.7170063257217407,0.7242212891578674,0.7261099219322205,0.7322443127632141,0.741360068321228,0.746674656867981,0.7530938982963562,0.7559914588928223,0.7592806220054626
29540,-0.7399624586105347,36.94355392456055,25.138399124145508,44.20789500645229,0.739962637424469,0.741360068321228,0.010252528823912144,0.7170063257217407,0.7242212891578674,0.7261099219322205,0.7326624393463135,0.741360068321228,0.746674656867981,0.7532116770744324,0.7559914588928223,0.7592806220054626
29575,-0.7400416135787964,36.887916564941406,25.126523971557617,44.09770802089146,0.7400417923927307,0.741360068321228,0.01032730657607317,0.7170063257217407,0.7242212891578674,0.7261099219322205,0.7326624393463135,0.741360068321228,0.746674656867981,0.7544150948524475,0.7559914588928223,0.7592806220054626
29610,-0.7400646805763245,36.83751678466797,25.118600845336914,43.98918424333845,0.7400648593902588,0.741360068321228,0.01031542383134365,0.7170063257217407,0.7242212891578674,0.7261099219322205,0.7331492304801941,0.741360068321228,0.746674656867981,0.7544150948524475,0.7559914588928223,0.7592806220054626
29645,-0.740218460559845,36.7843017578125,25.11052703857422,43.878173828125,0.7402186393737793,0.7416398525238037,0.010239817202091217,0.7170244455337524,0.7242212891578674,0.7261099219322205,0.7335319519042969,0.7416398525238037,0.746674656867981,0.7544150948524475,0.7559914588928223,0.7592806220054626
29680,-0.7402337193489075,36.732566833496094,25.09975814819336,43.770769936697825,0.740233838558197,0.7416398525238037,0.010209827683866024,0.7170244455337524,0.7244905829429626,0.7261099219322205,0.7335319519042969,0.7416398525238037,0.746674656867981,0.7544150948524475,0.7559914588928223,0.7592806220054626
29715,-0.7404069304466248,36.67454528808594,25.084171295166016,43.66255623953683,0.7404071092605591,0.7422419190406799,0.010153778828680515,0.7170244455337524,0.7249102592468262,0.7263401746749878,0.7336043119430542,0.7422419190406799,0.746674656867981,0.7544150948524475,0.7559914588928223,0.7592806220054626
29750,-0.7405164837837219,36.61543273925781,25.066062927246094,43.553764888218474,0.7405166029930115,0.7422419190406799,0.010101445950567722,0.7170395851135254,0.7249102592468262,0.7263401746749878,0.7336817979812622,0.7422419190406799,0.747024416923523,0.7544150948524475,0.7559914588928223,0.7592806220054626
29785,-0.7405543327331543,36.572757720947266,25.064208984375,43.4528797694615,0.7405544519424438,0.7422619462013245,0.010093172080814838,0.7170395851135254,0.7249102592468262,0.7263566851615906,0.7336817979812622,0.7422619462013245,0.747024416923523,0.7544150948524475,0.7559914588928223,0.7592806220054626
29820,-0.7406808137893677,36.522186279296875,25.052532196044922,43.34801210675921,0.740680992603302,0.7422619462013245,0.009995619766414165,0.7170395851135254,0.7249102592468262,0.7263649106025696,0.733725368976593,0.7422619462013245,0.747024416923523,0.7544150948524475,0.7559914588928223,0.7592806220054626
29855,-0.7407903075218201,36.473995208740234,25.044620513916016,43.242335183279856,0.7407903075218201,0.7422619462013245,0.010099602863192558,0.7170395851135254,0.7249102592468262,0.7263649106025696,0.733725368976593,0.7422619462013245,0.7472188472747803,0.7544150948524475,0.7559914588928223,0.7602843046188354
29890,-0.7408979535102844,36.421146392822266,25.035598754882812,43.13543483189174,0.740898072719574,0.7422619462013245,0.010070792399346828,0.7176925539970398,0.7249102592468262,0.7263649106025696,0.733725368976593,0.7422619462013245,0.7472188472747803,0.7544150948524475,0.7561192512512207,0.7602843046188354
29925,-0.7410200238227844,36.372642517089844,25.029001235961914,43.026607513427734,0.7410200238227844,0.7422619462013245,0.010057496838271618,0.7176925539970398,0.7249102592468262,0.7276634573936462,0.7337836623191833,0.7422619462013245,0.7474380731582642,0.7544150948524475,0.7561192512512207,0.7602843046188354
29960,-0.7411884665489197,36.31349182128906,25.014719009399414,42.91204180036272,0.7411885857582092,0.7423787713050842,0.010004567913711071,0.719467282295227,0.7249102592468262,0.7276634573936462,0.7337836623191833,0.7423787713050842,0.747943639755249,0.7544150948524475,0.7561192512512207,0.7602843046188354
29995,-0.7413458824157715,36.26435089111328,25.004825592041016,42.803527287074495,0.741346001625061,0.7423787713050842,0.009964557364583015,0.7202907800674438,0.7249102592468262,0.7276634573936462,0.7340190410614014,0.7423787713050842,0.7480331063270569,0.7544150948524475,0.7561192512512207,0.7602843046188354
30030,-0.741450309753418,36.22077178955078,25.00152015686035,42.69948523385184,0.7414503693580627,0.7425727248191833,0.009903399273753166,0.7202907800674438,0.7249102592468262,0.7276910543441772,0.7340214252471924,0.7425727248191833,0.7480331063270569,0.7544150948524475,0.7561192512512207,0.7602843046188354
30065,-0.7414777874946594,36.165157318115234,24.984119415283203,42.59674671718052,0.7414777874946594,0.7425727248191833,0.009927933104336262,0.7202907800674438,0.7249102592468262,0.7276910543441772,0.7340214252471924,0.7425727248191833,0.7480331063270569,0.7545307874679565,0.7561192512512207,0.7602843046188354
30100,-0.7415179014205933,36.11591339111328,24.9771728515625,42.494437081473215,0.741517961025238,0.7425727248191833,0.00990266539156437,0.7202907800674438,0.7249102592468262,0.7276910543441772,0.7340214252471924,0.7425727248191833,0.7480331063270569,0.7545307874679565,0.7561192512512207,0.7602843046188354
30135,-0.7416368126869202,36.06804656982422,24.970903396606445,42.38911328996931,0.7416368126869202,0.7427020072937012,0.009828283451497555,0.7233031392097473,0.7249102592468262,0.7276910543441772,0.7340214252471924,0.7427020072937012,0.7483260631561279,0.7545307874679565,0.7562115788459778,0.7602843046188354
30170,-0.7418712973594666,36.014644622802734,24.95956039428711,42.2829475402832,0.7418712377548218,0.7429335117340088,0.009860457852482796,0.7233031392097473,0.7249102592468262,0.7276910543441772,0.7340214252471924,0.7429335117340088,0.7491204142570496,0.7545307874679565,0.7562115788459778,0.7602843046188354
30205,-0.7420047521591187,35.96649169921875,24.954374313354492,42.17146301269531,0.7420047521591187,0.7431854009628296,0.009943258948624134,0.7233031392097473,0.7249102592468262,0.7276910543441772,0.7340214252471924,0.7431854009628296,0.7493908405303955,0.7545307874679565,0.7562115788459778,0.7602843046188354
30240,-0.742108166217804,35.91202163696289,24.942909240722656,42.06071908133371,0.742108166217804,0.7431854009628296,0.010036610998213291,0.7233031392097473,0.7249102592468262,0.7276910543441772,0.7340214252471924,0.7431854009628296,0.7493908405303955,0.7546533346176147,0.7578926682472229,0.7602843046188354
30275,-0.7422069311141968,35.868202209472656,24.938390731811523,41.956900460379465,0.7422069311141968,0.7431854009628296,0.010112532414495945,0.7233031392097473,0.7249102592468262,0.7276910543441772,0.7340214252471924,0.7431854009628296,0.750225841999054,0.7546533346176147,0.7578926682472229,0.7602843046188354
30310,-0.7422369122505188,35.8194694519043,24.9295597076416,41.852882385253906,0.7422370314598083,0.7431854009628296,0.01008350495249033,0.7233031392097473,0.7252095937728882,0.7276910543441772,0.7340214252471924,0.7431854009628296,0.750225841999054,0.7546533346176147,0.7578926682472229,0.7602843046188354
30345,-0.7423366904258728,35.77191925048828,24.925535202026367,41.742349352155415,0.7423367500305176,0.7431854009628296,0.010163840837776661,0.7233031392097473,0.725466787815094,0.7276910543441772,0.7340453863143921,0.7431854009628296,0.750225841999054,0.755089521408081,0.7578926682472229,0.7603039145469666
30380,-0.7423673868179321,35.73078155517578,24.924409866333008,41.639680589948384,0.7423673272132874,0.7431854009628296,0.010158472694456577,0.7233031392097473,0.725466787815094,0.7276910543441772,0.7340453863143921,0.7431854009628296,0.750225841999054,0.755089521408081,0.7578926682472229,0.7603039145469666
30415,-0.742458164691925,35.68186950683594,24.916353225708008,41.532048906598774,0.742458164691925,0.7431854009628296,0.010132537223398685,0.723486602306366,0.725466787815094,0.7276910543441772,0.7341969609260559,0.7431854009628296,0.750225841999054,0.755089521408081,0.7578926682472229,0.7603039145469666
30450,-0.7424840927124023,35.63114929199219,24.9056396484375,41.430179595947266,0.7424841523170471,0.7431854009628296,0.010122128762304783,0.723486602306366,0.725466787815094,0.7276910543441772,0.7341969609260559,0.7431854009628296,0.750225841999054,0.755089521408081,0.7578926682472229,0.7603039145469666
30485,-0.742520272731781,35.58378601074219,24.896617889404297,41.32874025617327,0.7425203919410706,0.7431854009628296,0.010104094631969929,0.723486602306366,0.725466787815094,0.7276910543441772,0.7341969609260559,0.7431854009628296,0.750225841999054,0.755089521408081,0.7578926682472229,0.7603039145469666
30520,-0.7425938248634338,35.532649993896484,24.886009216308594,41.222505296979634,0.7425939440727234,0.7431854009628296,0.010096486657857895,0.723486602306366,0.7262988686561584,0.7277267575263977,0.7348458766937256,0.7431854009628296,0.750225841999054,0.755089521408081,0.7589636445045471,0.7603039145469666
30555,-0.7426385879516602,35.47407531738281,24.868206024169922,41.110499245779856,0.7426387071609497,0.7431854009628296,0.01011265441775322,0.723486602306366,0.7262988686561584,0.7277267575263977,0.7348458766937256,0.7431854009628296,0.7507143020629883,0.755089521408081,0.7589636445045471,0.7603039145469666
30590,-0.7426665425300598,35.426448822021484,24.857526779174805,41.01168877737863,0.7426665425300598,0.7431854009628296,0.010106121189892292,0.723486602306366,0.7263822555541992,0.7277641892433167,0.7348458766937256,0.7431854009628296,0.7507143020629883,0.755089521408081,0.7589636445045471,0.7603039145469666
30625,-0.7427191138267517,35.378787994384766,24.851388931274414,40.90569959368025,0.7427191138267517,0.7431854009628296,0.010146446526050568,0.723486602306366,0.7263822555541992,0.7277641892433167,0.7348458766937256,0.7431854009628296,0.7508551478385925,0.7551904916763306,0.7589636445045471,0.760313093662262
30660,-0.7427321672439575,35.334228515625,24.84389877319336,40.81042207990374,0.7427321672439575,0.7431854009628296,0.010130848735570908,0.723486602306366,0.7263822555541992,0.7277641892433167,0.7348458766937256,0.7431854009628296,0.7508551478385925,0.7551904916763306,0.7589636445045471,0.760313093662262
30695,-0.7428011894226074,35.28601837158203,24.836519241333008,40.70579092843192,0.742801308631897,0.7431854009628296,0.010081380605697632,0.7237192988395691,0.7263960242271423,0.7277641892433167,0.7348458766937256,0.7431854009628296,0.7508551478385925,0.7551904916763306,0.7589636445045471,0.7607495188713074
30730,-0.7429175972938538,35.236106872558594,24.826297760009766,40.59944152832031,0.7429177165031433,0.7431854009628296,0.010074173100292683,0.7237192988395691,0.7263960242271423,0.7293290495872498,0.7348458766937256,0.7431854009628296,0.7508551478385925,0.7554605603218079,0.7589636445045471,0.7607590556144714
30765,-0.7429968118667603,35.1856575012207,24.813091278076172,40.49496241978237,0.7429969310760498,0.743669867515564,0.010028040036559105,0.723732054233551,0.7263960242271423,0.7299330234527588,0.7348458766937256,0.743669867515564,0.7508551478385925,0.7554605603218079,0.7589636445045471,0.7607590556144714
30800,-0.7430055141448975,35.141231536865234,24.8102970123291,40.3931634085519,0.7430055737495422,0.743669867515564,0.010021458379924297,0.723732054233551,0.7263960242271423,0.7299330234527588,0.735418438911438,0.743669867515564,0.7508551478385925,0.7554605603218079,0.7589636445045471,0.7607590556144714
30835,-0.743062436580658,35.090267181396484,24.80010986328125,40.28223255702427,0.7430624961853027,0.7440029382705688,0.01002501416951418,0.723732054233551,0.7264872193336487,0.7299330234527588,0.7356002926826477,0.7440029382705688,0.7513277530670166,0.7554605603218079,0.7589636445045471,0.7607590556144714
30870,-0.7431106567382812,35.03668975830078,24.7840633392334,40.179552350725444,0.743110716342926,0.7440029382705688,0.01001998782157898,0.723732054233551,0.7264872193336487,0.7299330234527588,0.7356002926826477,0.7440029382705688,0.7513277530670166,0.7554605603218079,0.7589636445045471,0.7607621550559998
30905,-0.7432184219360352,34.989505767822266,24.773897171020508,40.077781677246094,0.7432184815406799,0.7441433668136597,0.01003257930278778,0.723732054233551,0.7264940738677979,0.7299330234527588,0.7356002926826477,0.7441433668136597,0.7515140771865845,0.7554605603218079,0.7589636445045471,0.7607621550559998
30940,-0.7433821558952332,34.937679290771484,24.76034164428711,39.97710091727121,0.7433822154998779,0.7447105646133423,0.010001608170568943,0.7244712710380554,0.726642370223999,0.7299330234527588,0.7356002926826477,0.7447105646133423,0.7516381740570068,0.7554605603218079,0.7589636445045471,0.7607621550559998
30975,-0.7434608936309814,34.88591766357422,24.744596481323242,39.87626756940569,0.743461012840271,0.7447105646133423,0.009972021915018559,0.7244712710380554,0.726642370223999,0.7299330234527588,0.7358776330947876,0.7447105646133423,0.7516381740570068,0.7554605603218079,0.7589636445045471,0.7607621550559998
31010,-0.7434828281402588,34.834434509277344,24.729185104370117,39.77592413766043,0.7434828281402588,0.7447105646133423,0.009980552829802036,0.7244712710380554,0.7268311381340027,0.7299330234527588,0.7358776330947876,0.7447105646133423,0.7516381740570068,0.7554605603218079,0.7589636445045471,0.760772168636322
31045,-0.7435640692710876,34.78152847290039,24.71291160583496,39.67282213483538,0.7435640692710876,0.7447105646133423,0.00997086986899376,0.7244997024536133,0.7268311381340027,0.7300223708152771,0.7358776330947876,0.7447105646133423,0.7516381740570068,0.7554605603218079,0.7589636445045471,0.7607840895652771
31080,-0.7435705661773682,34.74112319946289,24.71145248413086,39.57401384626116,0.7435706257820129,0.7448509931564331,0.009969408623874187,0.7244997024536133,0.7268311381340027,0.7300223708152771,0.7358776330947876,0.7448509931564331,0.7516381740570068,0.7554605603218079,0.7589636445045471,0.7607840895652771
31115,-0.7436437606811523,34.70105743408203,24.7078800201416,39.47783824375698,0.7436438798904419,0.7448509931564331,0.009983330965042114,0.7244997024536133,0.7268372178077698,0.7300223708152771,0.7358776330947876,0.7448509931564331,0.7516381740570068,0.7559581995010376,0.7589636445045471,0.7607840895652771
31150,-0.7436813116073608,34.66410827636719,24.706432342529297,39.38306481497629,0.7436813116073608,0.7448509931564331,0.00993198063224554,0.7244997024536133,0.7277490496635437,0.7301555871963501,0.7358776330947876,0.7448509931564331,0.7516381740570068,0.7559581995010376,0.7589636445045471,0.7607840895652771
31185,-0.7437151074409485,34.616268157958984,24.694740295410156,39.28812680925642,0.743715226650238,0.7448509931564331,0.009922432713210583,0.7244997024536133,0.7277490496635437,0.7301555871963501,0.7358776330947876,0.7448509931564331,0.7516381740570068,0.7559581995010376,0.7589636445045471,0.7607840895652771
31220,-0.7437470555305481,34.574642181396484,24.68950080871582,39.188176836286274,0.7437472343444824,0.7448509931564331,0.009944210760295391,0.7244997024536133,0.7277490496635437,0.7301555871963501,0.7358776330947876,0.7448509931564331,0.7516381740570068,0.7559581995010376,0.7589636445045471,0.7607840895652771
31255,-0.7439216375350952,34.53663635253906,24.6865177154541,39.09251458304269,0.7439217567443848,0.745301365852356,0.009929091669619083,0.7244997024536133,0.7277490496635437,0.7301555871963501,0.7358776330947876,0.745301365852356,0.7516381740570068,0.7560239434242249,0.7589636445045471,0.7607840895652771
31290,-0.7440834045410156,34.48921585083008,24.676984786987305,38.99090685163225,0.7440834641456604,0.745301365852356,0.009762323461472988,0.7251912355422974,0.7277490496635437,0.7301555871963501,0.7365148067474365,0.745301365852356,0.7516381740570068,0.7560239434242249,0.7589636445045471,0.7607840895652771
31325,-0.7441407442092896,34.44331359863281,24.667680740356445,38.89246368408203,0.7441408634185791,0.745301365852356,0.00974783394485712,0.7251912355422974,0.7277490496635437,0.7301555871963501,0.7365785837173462,0.745301365852356,0.7516381740570068,0.7560406923294067,0.7589636445045471,0.7607840895652771
31360,-0.7441990375518799,34.39966583251953,24.661418914794922,38.792082105364116,0.7441991567611694,0.745301365852356,0.009811438620090485,0.7251912355422974,0.7277490496635437,0.7301555871963501,0.7365785837173462,0.745301365852356,0.7516381740570068,0.7574529647827148,0.7589636445045471,0.7607840895652771
31395,-0.744244396686554,34.356685638427734,24.653308868408203,38.69924109322684,0.7442444562911987,0.745301365852356,0.00979139655828476,0.7251912355422974,0.7277490496635437,0.7301555871963501,0.7373180389404297,0.745301365852356,0.7516381740570068,0.7574529647827148,0.7589636445045471,0.7607840895652771
31430,-0.744348406791687,34.31125259399414,24.643869400024414,38.60019629342215,0.7443485260009766,0.745301365852356,0.009820433333516121,0.7251912355422974,0.7277490496635437,0.7301555871963501,0.7373180389404297,0.745301365852356,0.7516381740570068,0.7574712038040161,0.7590234875679016,0.7607840895652771
31465,-0.7443956732749939,34.27405548095703,24.64162826538086,38.5065552847726,0.7443956732749939,0.745301365852356,0.009847831912338734,0.7251912355422974,0.7277490496635437,0.7301555871963501,0.7373180389404297,0.745301365852356,0.7516381740570068,0.7574712038040161,0.7590234875679016,0.7607872486114502
31500,-0.7444897294044495,34.22366714477539,24.626110076904297,38.404759543282644,0.744489848613739,0.7453780174255371,0.009841782972216606,0.7251912355422974,0.7277490496635437,0.7301555871963501,0.7379502654075623,0.7453780174255371,0.7516381740570068,0.7574712038040161,0.7590234875679016,0.7607872486114502
31535,-0.7445127964019775,34.17438507080078,24.610584259033203,38.31231471470424,0.7445128560066223,0.7453780174255371,0.009865239262580872,0.7251912355422974,0.7277490496635437,0.7301555871963501,0.7379502654075623,0.7453780174255371,0.7516381740570068,0.7574712038040161,0.7598390579223633,0.7607872486114502
31570,-0.7445799112319946,34.12608337402344,24.597057342529297,38.21026011875698,0.7445800304412842,0.7453780174255371,0.009791149757802486,0.7260088920593262,0.7277802228927612,0.7301555871963501,0.7379502654075623,0.7453780174255371,0.7516381740570068,0.7574712038040161,0.7598390579223633,0.7607872486114502
31605,-0.744620144367218,34.0775032043457,24.581398010253906,38.114117758614675,0.7446202635765076,0.7453780174255371,0.009809585288167,0.7260088920593262,0.7277802228927612,0.7301555871963501,0.7380661964416504,0.7453780174255371,0.7516381740570068,0.7574712038040161,0.7599130272865295,0.7607872486114502
31640,-0.7446412444114685,34.03505325317383,24.577096939086914,38.01743425641741,0.7446413636207581,0.7453780174255371,0.009802093729376793,0.7260088920593262,0.7277802228927612,0.7301555871963501,0.7380661964416504,0.7453780174255371,0.7516381740570068,0.7574712038040161,0.7599130272865295,0.7607872486114502
31675,-0.7446865439414978,33.99456787109375,24.570951461791992,37.92290115356445,0.7446866631507874,0.7453780174255371,0.009771236218512058,0.7260088920593262,0.7279545664787292,0.7301555871963501,0.7380661964416504,0.7453780174255371,0.7519644498825073,0.7574712038040161,0.7599130272865295,0.7607872486114502
31710,-0.7447537779808044,33.9516487121582,24.565500259399414,37.82372065952846,0.7447537779808044,0.7453780174255371,0.00977039709687233,0.7260088920593262,0.7279545664787292,0.7304930686950684,0.7380661964416504,0.7453780174255371,0.7519644498825073,0.7574712038040161,0.7600249648094177,0.7620885968208313
31745,-0.7448422312736511,33.91748809814453,24.56396484375,37.73482894897461,0.7448422908782959,0.7453780174255371,0.009716836735606194,0.7260088920593262,0.7292457818984985,0.7304930686950684,0.7381219863891602,0.7453780174255371,0.7519644498825073,0.7574712038040161,0.7600249648094177,0.7620885968208313
31780,-0.7448552250862122,33.87355422973633,24.55778694152832,37.63323484148298,0.7448553442955017,0.7453780174255371,0.00969691202044487,0.7260088920593262,0.7292538285255432,0.7306119203567505,0.7381219863891602,0.7453780174255371,0.7519644498825073,0.7574712038040161,0.7600249648094177,0.7620885968208313
31815,-0.7450035214424133,33.83614730834961,24.557279586791992,37.52953447614397,0.7450035810470581,0.7461830377578735,0.009717324748635292,0.7260088920593262,0.7292538285255432,0.7306119203567505,0.7381219863891602,0.7461830377578735,0.7519644498825073,0.7574712038040161,0.7600249648094177,0.7620885968208313
31850,-0.7451624870300293,33.79384231567383,24.54899787902832,37.432926177978516,0.7451626658439636,0.7461830377578735,0.009673700667917728,0.7260252833366394,0.7292538285255432,0.7306119203567505,0.7381219863891602,0.7461830377578735,0.7519644498825073,0.7574712038040161,0.7600249648094177,0.7621148824691772
31885,-0.7452771067619324,33.74475860595703,24.533666610717773,37.3404164995466,0.7452771663665771,0.7461830377578735,0.009603693149983883,0.7260252833366394,0.7295904159545898,0.7312301993370056,0.7381219863891602,0.7461830377578735,0.7519644498825073,0.7574712038040161,0.7600249648094177,0.7621148824691772
31920,-0.7453761100769043,33.69806671142578,24.5240535736084,37.23675264630999,0.7453762888908386,0.7461830377578735,0.00954162236303091,0.7260252833366394,0.7295904159545898,0.7322074174880981,0.7381252646446228,0.7461830377578735,0.7519644498825073,0.7574712038040161,0.7600249648094177,0.7636466026306152
31955,-0.745423436164856,33.6539421081543,24.51326560974121,37.142877851213726,0.7454234957695007,0.7463631629943848,0.00955686904489994,0.7260252833366394,0.7295904159545898,0.7322074174880981,0.7381252646446228,0.7463631629943848,0.7519644498825073,0.7574712038040161,0.7600249648094177,0.7636466026306152
31990,-0.7455246448516846,33.61708450317383,24.50889778137207,37.04932839529855,0.7455247640609741,0.7463631629943848,0.00959444884210825,0.7260252833366394,0.7295904159545898,0.7323146462440491,0.7381252646446228,0.7463631629943848,0.7525160312652588,0.7574712038040161,0.7600249648094177,0.7636466026306152
32025,-0.7456499338150024,33.585323333740234,24.514442443847656,36.95151628766741,0.7456501126289368,0.7466221451759338,0.009599702432751656,0.7260252833366394,0.7295904159545898,0.7323146462440491,0.7381252646446228,0.7466221451759338,0.7525160312652588,0.7574712038040161,0.7600249648094177,0.7636466026306152
32060,-0.7457481026649475,33.54755401611328,24.511646270751953,36.854187556675505,0.7457482218742371,0.7466221451759338,0.009575283154845238,0.7260252833366394,0.7295904159545898,0.7323146462440491,0.7388305068016052,0.7466221451759338,0.7525160312652588,0.7574712038040161,0.760034441947937,0.7636466026306152
32095,-0.7458322644233704,33.50385665893555,24.501508712768555,36.758705139160156,0.7458322644233704,0.7466221451759338,0.009473910555243492,0.7272034883499146,0.7295904159545898,0.7323146462440491,0.7388524413108826,0.7466221451759338,0.7525160312652588,0.7577498555183411,0.760034441947937,0.7636466026306152
32130,-0.7458791136741638,33.473087310791016,24.501317977905273,36.67511585780552,0.7458792328834534,0.7466483116149902,0.009513985365629196,0.7272034883499146,0.7295904159545898,0.7323146462440491,0.7388524413108826,0.7466483116149902,0.7525238990783691,0.7577498555183411,0.760034441947937,0.7636466026306152
32165,-0.7459110021591187,33.432518005371094,24.495702743530273,36.57933480398996,0.7459111213684082,0.7466483116149902,0.009549099951982498,0.7272034883499146,0.7295904159545898,0.7323146462440491,0.7388524413108826,0.7466483116149902,0.7525238990783691,0.7577498555183411,0.7600434422492981,0.7636466026306152
32200,-0.7459762692451477,33.3994026184082,24.49554443359375,36.49129595075335,0.7459763288497925,0.7467543482780457,0.009533707052469254,0.7272034883499146,0.7295904159545898,0.7323146462440491,0.7388524413108826,0.7467543482780457,0.7525238990783691,0.7577498555183411,0.7600434422492981,0.7636466026306152
32235,-0.7459953427314758,33.361385345458984,24.48930549621582,36.39989198957171,0.7459954023361206,0.7467543482780457,0.009536951780319214,0.7272034883499146,0.7295904159545898,0.7323146462440491,0.7388524413108826,0.7467543482780457,0.7525238990783691,0.7577498555183411,0.760047972202301,0.7636466026306152
32270,-0.7460461258888245,33.31686782836914,24.47933006286621,36.30416597638811,0.7460463047027588,0.7467543482780457,0.00956779159605503,0.7272034883499146,0.7295904159545898,0.7323146462440491,0.7389808297157288,0.7467543482780457,0.7525238990783691,0.7577498555183411,0.760047972202301,0.7636466026306152
32305,-0.7461182475090027,33.27266311645508,24.469970703125,36.210350036621094,0.7461183071136475,0.7467543482780457,0.00955669954419136,0.7272034883499146,0.7295904159545898,0.7331271767616272,0.7389808297157288,0.7467543482780457,0.752618670463562,0.7577498555183411,0.760047972202301,0.7636466026306152
32340,-0.7461579442024231,33.229637145996094,24.455127716064453,36.12335532052176,0.7461580634117126,0.7467543482780457,0.009527170099318027,0.7272700667381287,0.729776918888092,0.7331271767616272,0.7389808297157288,0.7467543482780457,0.752618670463562,0.7577498555183411,0.760047972202301,0.76365065574646
32375,-0.7461929321289062,33.194576263427734,24.453779220581055,36.031099046979634,0.7461929321289062,0.7467543482780457,0.009496992453932762,0.7275347709655762,0.729776918888092,0.7331271767616272,0.7389808297157288,0.7467543482780457,0.752618670463562,0.7577498555183411,0.760295033454895,0.76365065574646
32410,-0.746260941028595,33.15054702758789,24.442787170410156,35.93797847202846,0.7462610006332397,0.7467543482780457,0.009495378471910954,0.7275347709655762,0.729776918888092,0.7331271767616272,0.7389808297157288,0.7467543482780457,0.752618670463562,0.7578481435775757,0.7604513168334961,0.76365065574646
32445,-0.7463404536247253,33.10682678222656,24.43267059326172,35.84092821393694,0.7463405132293701,0.7467543482780457,0.00950838252902031,0.7275347709655762,0.729776918888092,0.7331271767616272,0.739560604095459,0.7467543482780457,0.752618670463562,0.7578481435775757,0.761088490486145,0.76365065574646
32480,-0.7464928030967712,33.06825637817383,24.42772674560547,35.743431091308594,0.746492862701416,0.7467543482780457,0.009714502841234207,0.7275347709655762,0.729776918888092,0.7331271767616272,0.739560604095459,0.7467543482780457,0.752618670463562,0.7584690451622009,0.7629188895225525,0.7655578255653381
32515,-0.7465987205505371,33.03235626220703,24.425081253051758,35.65656008039202,0.7465987205505371,0.7467961311340332,0.009692047722637653,0.7275347709655762,0.7299126982688904,0.7331271767616272,0.739560604095459,0.7467961311340332,0.7528492212295532,0.7585328221321106,0.7629188895225525,0.7655578255653381
32550,-0.7466338276863098,32.99509048461914,24.418212890625,35.57343019757952,0.7466338872909546,0.7467961311340332,0.009684216231107712,0.7275347709655762,0.7299126982688904,0.7331271767616272,0.739560604095459,0.7467961311340332,0.7528492212295532,0.7585328221321106,0.7629188895225525,0.7655578255653381
32585,-0.7466744780540466,32.95688247680664,24.413005828857422,35.483826228550505,0.7466745972633362,0.7467961311340332,0.009696722961962223,0.7275347709655762,0.7299126982688904,0.7331271767616272,0.739560604095459,0.7467961311340332,0.7529330849647522,0.7585328221321106,0.7629188895225525,0.7655578255653381
32620,-0.7467542290687561,32.92029571533203,24.40987777709961,35.39358466012137,0.7467542886734009,0.7467961311340332,0.00966667290776968,0.7275347709655762,0.7299126982688904,0.7331271767616272,0.7400194406509399,0.7467961311340332,0.7529330849647522,0.7585328221321106,0.7629188895225525,0.7655578255653381
32655,-0.7468111515045166,32.88477325439453,24.40301513671875,35.30364881243025,0.7468111515045166,0.7470524311065674,0.009682845324277878,0.7275347709655762,0.7299126982688904,0.7331271767616272,0.7400194406509399,0.7470524311065674,0.7532728314399719,0.7585328221321106,0.7629188895225525,0.7655578255653381
32690,-0.7468886375427246,32.84098434448242,24.3909854888916,35.212890625,0.7468886375427246,0.7471301555633545,0.00965147465467453,0.727564811706543,0.7305862903594971,0.7331271767616272,0.7400194406509399,0.7471301555633545,0.7532728314399719,0.7585328221321106,0.7629188895225525,0.7655578255653381
32725,-0.7469344139099121,32.809295654296875,24.389835357666016,35.12580490112305,0.7469345331192017,0.7471301555633545,0.009623495861887932,0.727564811706543,0.7305862903594971,0.7331271767616272,0.7404463887214661,0.7471301555633545,0.7532728314399719,0.7585328221321106,0.7629188895225525,0.7655578255653381
32760,-0.7469630837440491,32.77831268310547,24.38987922668457,35.040299551827566,0.7469632029533386,0.7474840879440308,0.009597032330930233,0.727564811706543,0.7305862903594971,0.7334741353988647,0.7404463887214661,0.7474840879440308,0.7532728314399719,0.7585328221321106,0.7629188895225525,0.7655578255653381
32795,-0.7470123171806335,32.74037551879883,24.3820743560791,34.95227650233677,0.7470123767852783,0.7474840879440308,0.009629560634493828,0.727564811706543,0.7305862903594971,0.7334741353988647,0.7404463887214661,0.7474840879440308,0.7544413805007935,0.7585328221321106,0.7629188895225525,0.7655578255653381
32830,-0.7470207810401917,32.71000671386719,24.384559631347656,34.86130142211914,0.7470209002494812,0.7474840879440308,0.009646761231124401,0.727564811706543,0.7305862903594971,0.7334741353988647,0.7404463887214661,0.7474840879440308,0.7544413805007935,0.7585328221321106,0.7629188895225525,0.7655748128890991
32865,-0.747061550617218,32.66763687133789,24.370403289794922,34.77649579729353,0.7470616102218628,0.7474840879440308,0.009616697207093239,0.727564811706543,0.7305862903594971,0.7334741353988647,0.7404463887214661,0.7474840879440308,0.7544413805007935,0.7585328221321106,0.7629188895225525,0.7655748128890991
32900,-0.7471174597740173,32.62345886230469,24.35911750793457,34.685167040143696,0.7471176385879517,0.7474840879440308,0.009653188288211823,0.727564811706543,0.7305862903594971,0.7334741353988647,0.7404463887214661,0.7474840879440308,0.754463791847229,0.7585328221321106,0.7629482746124268,0.7655748128890991
32935,-0.7471268773078918,32.58184051513672,24.348634719848633,34.58944048200335,0.7471270561218262,0.7474840879440308,0.009649967774748802,0.727564811706543,0.7305862903594971,0.7334741353988647,0.7404738664627075,0.7474840879440308,0.754463791847229,0.7585328221321106,0.7629482746124268,0.7655748128890991
32970,-0.7471532225608826,32.547916412353516,24.344758987426758,34.50055422101702,0.7471533417701721,0.7476266026496887,0.009671918116509914,0.727564811706543,0.7305862903594971,0.7334741353988647,0.7404738664627075,0.7476266026496887,0.754463791847229,0.7585328221321106,0.7629482746124268,0.7655748128890991
33005,-0.7472241520881653,32.509010314941406,24.336017608642578,34.41232899257115,0.7472242712974548,0.7476266026496887,0.009743848815560341,0.7277442812919617,0.7305862903594971,0.7334741353988647,0.7404738664627075,0.7476266026496887,0.754463791847229,0.7591460943222046,0.7629482746124268,0.7655748128890991
33040,-0.7472385764122009,32.47368240356445,24.33037567138672,34.3231315612793,0.7472386956214905,0.7476266026496887,0.009720533154904842,0.7277442812919617,0.7305862903594971,0.7334741353988647,0.7404738664627075,0.7476266026496887,0.754463791847229,0.7591460943222046,0.7629482746124268,0.7655748128890991
33075,-0.7472755908966064,32.44390106201172,24.332250595092773,34.232788630894255,0.7472757697105408,0.7476266026496887,0.009723074734210968,0.7277442812919617,0.7305862903594971,0.7334741353988647,0.7404738664627075,0.7476266026496887,0.754463791847229,0.7591460943222046,0.7629482746124268,0.7655748128890991
33110,-0.7473057508468628,32.40113067626953,24.321971893310547,34.14056505475725,0.7473058104515076,0.7476266026496887,0.009673748165369034,0.7277442812919617,0.7311156988143921,0.7334741353988647,0.7404738664627075,0.7476266026496887,0.754463791847229,0.7591460943222046,0.7629482746124268,0.7655748128890991
33145,-0.7473376989364624,32.36503219604492,24.318431854248047,34.04955291748047,0.747337818145752,0.7476266026496887,0.009677217341959476,0.7277442812919617,0.7311156988143921,0.7334741353988647,0.7404738664627075,0.7476266026496887,0.754463791847229,0.7591460943222046,0.7629482746124268,0.7655748128890991
33180,-0.7473376989364624,32.32719421386719,24.31175422668457,33.957149505615234,0.747337818145752,0.7476266026496887,0.009677217341959476,0.7277442812919617,0.7311156988143921,0.7334741353988647,0.7404738664627075,0.7476266026496887,0.754463791847229,0.7591460943222046,0.7629482746124268,0.7655748128890991
33215,-0.7474310994148254,32.290584564208984,24.304431915283203,33.87488065447126,0.7474311590194702,0.747721791267395,0.009626914747059345,0.7277442812919617,0.7311156988143921,0.7341042160987854,0.7404738664627075,0.747721791267395,0.754463791847229,0.7603721618652344,0.7629482746124268,0.7655748128890991
33250,-0.7475242614746094,32.2549934387207,24.300756454467773,33.78373827253069,0.7475243210792542,0.747721791267395,0.009632918052375317,0.7277442812919617,0.7315576672554016,0.7341042160987854,0.7404738664627075,0.747721791267395,0.754551112651825,0.7603721618652344,0.7639561891555786,0.7655748128890991
33285,-0.7475607395172119,32.21495819091797,24.290672302246094,33.697175707135884,0.7475607991218567,0.747721791267395,0.00961894728243351,0.7277442812919617,0.7315576672554016,0.7341631054878235,0.7404738664627075,0.747721791267395,0.7548840045928955,0.7603721618652344,0.7639561891555786,0.7655748128890991
33320,-0.7475641369819641,32.1750373840332,24.28120994567871,33.60682187761579,0.7475642561912537,0.747721791267395,0.009612681344151497,0.7277442812919617,0.7315576672554016,0.7341631054878235,0.7404738664627075,0.747721791267395,0.7548840045928955,0.7603721618652344,0.7639561891555786,0.7655748128890991
33355,-0.7475912570953369,32.13914489746094,24.272998809814453,33.52321188790457,0.7475913166999817,0.747721791267395,0.009646733291447163,0.7277442812919617,0.7315576672554016,0.7341631054878235,0.7404738664627075,0.747721791267395,0.7548840045928955,0.7605512142181396,0.7639561891555786,0.7655748128890991
33390,-0.7476486563682556,32.112239837646484,24.272411346435547,33.44065148489816,0.7476488351821899,0.747721791267395,0.009670008905231953,0.7277442812919617,0.7315576672554016,0.7341631054878235,0.7404738664627075,0.747721791267395,0.7552357912063599,0.7605512142181396,0.7639561891555786,0.7655748128890991
33425,-0.7477827072143555,32.079994201660156,24.27004051208496,33.35081318446568,0.747782826423645,0.7480946183204651,0.009692083112895489,0.7277442812919617,0.7319180369377136,0.7341631054878235,0.7404738664627075,0.7480946183204651,0.7552357912063599,0.7605512142181396,0.7639561891555786,0.7655748128890991
33460,-0.747844398021698,32.04133987426758,24.265836715698242,33.257686614990234,0.747844398021698,0.7480946183204651,0.00968486163765192,0.7277442812919617,0.7319180369377136,0.7341631054878235,0.7411907315254211,0.7480946183204651,0.7552357912063599,0.7609646916389465,0.7639561891555786,0.7655854225158691
33495,-0.7479775547981262,32.00397491455078,24.25535774230957,33.16944885253906,0.7479776740074158,0.7480946183204651,0.009655037894845009,0.7277442812919617,0.7319785952568054,0.7341631054878235,0.7415971159934998,0.7480946183204651,0.7553557753562927,0.7609646916389465,0.7639561891555786,0.7655854225158691
33530,-0.7479978799819946,31.973026275634766,24.257909774780273,33.073382241385325,0.7479979991912842,0.7480946183204651,0.0096538495272398,0.7277477383613586,0.7319785952568054,0.7341631054878235,0.7415971159934998,0.7480946183204651,0.7553557753562927,0.7609646916389465,0.7639561891555786,0.7655854225158691
33565,-0.7479992508888245,31.943235397338867,24.259309768676758,32.982613699776785,0.747999370098114,0.7480946183204651,0.009653983637690544,0.7277477383613586,0.731998860836029,0.7341631054878235,0.7415971159934998,0.7480946183204651,0.7553557753562927,0.7609646916389465,0.7639561891555786,0.7655854225158691
33600,-0.7480922341346741,31.914804458618164,24.26030158996582,32.90011651175363,0.7480924129486084,0.7481058239936829,0.009745684452354908,0.7277477383613586,0.731998860836029,0.7341631054878235,0.7415971159934998,0.7481058239936829,0.7556848526000977,0.7610558271408081,0.7639561891555786,0.7655854225158691
33635,-0.7481704354286194,31.878421783447266,24.252452850341797,32.81544385637556,0.7481704950332642,0.7481058239936829,0.009785085916519165,0.7277477383613586,0.731998860836029,0.7341631054878235,0.7415971159934998,0.7481058239936829,0.7559249997138977,0.7610558271408081,0.7639561891555786,0.7655854225158691
33670,-0.7483099102973938,31.84834861755371,24.2514591217041,32.731253487723215,0.7483100295066833,0.7481058239936829,0.009719989262521267,0.7277477383613586,0.7321106791496277,0.7344666719436646,0.7419474124908447,0.7481058239936829,0.7559249997138977,0.7610706090927124,0.7639561891555786,0.7655854225158691
33705,-0.7483153343200684,31.81121063232422,24.24382209777832,32.641998291015625,0.7483154535293579,0.7481058239936829,0.009716566652059555,0.7277477383613586,0.7321106791496277,0.7344666719436646,0.7419474124908447,0.7481058239936829,0.7559249997138977,0.7610706090927124,0.7639561891555786,0.7655854225158691
33740,-0.7483264207839966,31.76518440246582,24.23146629333496,32.545802525111604,0.7483264803886414,0.7481058239936829,0.009714891202747822,0.7277477383613586,0.7321106791496277,0.7344666719436646,0.7419474124908447,0.7481058239936829,0.7559249997138977,0.7610706090927124,0.7639561891555786,0.7655854225158691
33775,-0.7484249472618103,31.72859764099121,24.224403381347656,32.46040235246931,0.7484250068664551,0.7481058239936829,0.009717044420540333,0.7291310429573059,0.7321106791496277,0.7344666719436646,0.7419474124908447,0.7481058239936829,0.7562423348426819,0.7611356377601624,0.7639561891555786,0.7655900716781616
33810,-0.7485230565071106,31.700233459472656,24.227310180664062,32.3770820072719,0.7485232353210449,0.7481058239936829,0.009663880802690983,0.7291310429573059,0.7321106791496277,0.7350196838378906,0.7419474124908447,0.7481058239936829,0.7563855051994324,0.7611356377601624,0.7639561891555786,0.7655900716781616
33845,-0.7485504746437073,31.6585750579834,24.215662002563477,32.281860896519255,0.7485504746437073,0.7481058239936829,0.009658279828727245,0.7291310429573059,0.7321106791496277,0.7350196838378906,0.7419474124908447,0.7481058239936829,0.7563855051994324,0.7611356377601624,0.7639561891555786,0.7655900716781616
33880,-0.7485954165458679,31.63287353515625,24.21935272216797,32.20204135349819,0.7485954761505127,0.748835563659668,0.009670776315033436,0.7291310429573059,0.7321106791496277,0.7350196838378906,0.7419474124908447,0.748835563659668,0.7563855051994324,0.7611356377601624,0.7639561891555786,0.7655900716781616
33915,-0.7486116886138916,31.60588264465332,24.218721389770508,32.12250873020717,0.7486116886138916,0.748835563659668,0.00967670138925314,0.7291310429573059,0.7321106791496277,0.7350196838378906,0.7419474124908447,0.748835563659668,0.7564504146575928,0.7611356377601624,0.7639561891555786,0.7655900716781616
33950,-0.7486532330513,31.568819046020508,24.208370208740234,32.035552978515625,0.7486532330513,0.748835563659668,0.009674621745944023,0.7291310429573059,0.7321106791496277,0.7350196838378906,0.7419474124908447,0.748835563659668,0.7564531564712524,0.7611356377601624,0.7639561891555786,0.7655900716781616
33985,-0.7486931681632996,31.544897079467773,24.210289001464844,31.958242416381836,0.7486931681632996,0.748835563659668,0.009663533419370651,0.7291310429573059,0.7321106791496277,0.7350196838378906,0.7419474124908447,0.748835563659668,0.7564531564712524,0.7611356377601624,0.7639561891555786,0.7655917406082153
34020,-0.7488003969192505,31.511878967285156,24.20562744140625,31.876773289271764,0.74880051612854,0.7490646839141846,0.009618493728339672,0.7291310429573059,0.7321106791496277,0.7350196838378906,0.742094874382019,0.7490646839141846,0.7564531564712524,0.7611356377601624,0.7639561891555786,0.7655917406082153
34055,-0.7488407492637634,31.478376388549805,24.200191497802734,31.78733798435756,0.748840868473053,0.7490646839141846,0.0096090417355299,0.7291310429573059,0.7321106791496277,0.7362794876098633,0.742094874382019,0.7490646839141846,0.7565155029296875,0.7611356377601624,0.7639561891555786,0.7655977606773376
34090,-0.7488531470298767,31.4426326751709,24.189821243286133,31.705923897879465,0.7488532066345215,0.7490646839141846,0.009611845947802067,0.7291310429573059,0.7321106791496277,0.7362794876098633,0.742094874382019,0.7490646839141846,0.7565155029296875,0.7611356377601624,0.7640073895454407,0.7655977606773376
34125,-0.7488815188407898,31.41310691833496,24.188451766967773,31.625040326799667,0.7488815188407898,0.7490646839141846,0.009625048376619816,0.7291310429573059,0.7321106791496277,0.7362794876098633,0.742094874382019,0.7490646839141846,0.7565675973892212,0.7611356377601624,0.7640073895454407,0.7655977606773376
34160,-0.7490363121032715,31.39021873474121,24.196611404418945,31.54367937360491,0.7490363121032715,0.7490646839141846,0.009495064616203308,0.7291310429573059,0.7327117919921875,0.7362794876098633,0.7421237826347351,0.7490646839141846,0.7565675973892212,0.7613875865936279,0.7640073895454407,0.7655977606773376
34195,-0.7490800023078918,31.35650062561035,24.191322326660156,31.456388201032365,0.7490801215171814,0.7490646839141846,0.009475442580878735,0.7291310429573059,0.7327117919921875,0.7362794876098633,0.7433410882949829,0.7490646839141846,0.7565675973892212,0.7613875865936279,0.7640073895454407,0.7655977606773376
34230,-0.7491212487220764,31.324838638305664,24.188030242919922,31.36709758213588,0.7491212487220764,0.7490646839141846,0.009482885710895061,0.7291310429573059,0.7327117919921875,0.7362794876098633,0.7433410882949829,0.7490646839141846,0.7565675973892212,0.7613875865936279,0.7640073895454407,0.7665479183197021
34265,-0.7491434812545776,31.29595184326172,24.186500549316406,31.284741810389928,0.7491435408592224,0.7490646839141846,0.009476583451032639,0.7291310429573059,0.7327117919921875,0.7362794876098633,0.743410587310791,0.7490646839141846,0.7565675973892212,0.7613875865936279,0.7640073895454407,0.7665479183197021
34300,-0.7491697669029236,31.26442527770996,24.182823181152344,31.20176342555455,0.7491697669029236,0.7490646839141846,0.009439518675208092,0.7291310429573059,0.7327117919921875,0.7370239496231079,0.743410587310791,0.7490646839141846,0.7565675973892212,0.7613875865936279,0.7640073895454407,0.7665479183197021
34335,-0.7492194771766663,31.232505798339844,24.177597045898438,31.1173768724714,0.7492195963859558,0.7491003274917603,0.00943631213158369,0.7291310429573059,0.7327117919921875,0.7370434403419495,0.743410587310791,0.7491003274917603,0.7565675973892212,0.7613875865936279,0.7640073895454407,0.7665479183197021
34370,-0.7492232918739319,31.202714920043945,24.17564582824707,31.036889212472097,0.7492234110832214,0.7491003274917603,0.009438666515052319,0.7291310429573059,0.7327117919921875,0.7370434403419495,0.743410587310791,0.7491003274917603,0.7565675973892212,0.7613875865936279,0.7640073895454407,0.7665479183197021
34405,-0.7492899298667908,31.17778778076172,24.178438186645508,30.957794189453125,0.7492899894714355,0.7491003274917603,0.009405537508428097,0.7301883101463318,0.7327117919921875,0.7370434403419495,0.743410587310791,0.7491003274917603,0.7565675973892212,0.7613875865936279,0.7640073895454407,0.7665572166442871
34440,-0.7493090629577637,31.150545120239258,24.18035888671875,30.875466210501536,0.7493090629577637,0.7491003274917603,0.009416590444743633,0.7301883101463318,0.7327117919921875,0.7370434403419495,0.743410587310791,0.7491003274917603,0.7565675973892212,0.7613875865936279,0.7640073895454407,0.7665572166442871
34475,-0.7493409514427185,31.122802734375,24.179779052734375,30.79272542681013,0.7493410706520081,0.7491003274917603,0.009435881860554218,0.7301883101463318,0.7327117919921875,0.7370434403419495,0.743410587310791,0.7491003274917603,0.7569674849510193,0.7613875865936279,0.7640073895454407,0.7665572166442871
34510,-0.7493675947189331,31.0926456451416,24.17546844482422,30.719249725341797,0.7493676543235779,0.7491003274917603,0.009403987787663937,0.7301883101463318,0.7327117919921875,0.7370434403419495,0.743410587310791,0.7491003274917603,0.7569674849510193,0.7613875865936279,0.7640073895454407,0.7665572166442871
34545,-0.7494211196899414,31.067115783691406,24.1765193939209,30.641862596784318,0.749421238899231,0.7492474317550659,0.009410286322236061,0.7301883101463318,0.7327117919921875,0.7370434403419495,0.743410587310791,0.7492474317550659,0.7569674849510193,0.7613875865936279,0.7642869353294373,0.7665572166442871
34580,-0.7494267821311951,31.027820587158203,24.168371200561523,30.550873347691127,0.7494267821311951,0.7492474317550659,0.009416368789970875,0.7301883101463318,0.7327117919921875,0.7370434403419495,0.743410587310791,0.7492474317550659,0.7569674849510193,0.7613875865936279,0.7642869353294373,0.7665572166442871
34615,-0.7494316697120667,31.00813865661621,24.172439575195312,30.473651885986328,0.7494316697120667,0.7492474317550659,0.009411236271262169,0.7305024266242981,0.7327117919921875,0.7370434403419495,0.743410587310791,0.7492474317550659,0.7570939064025879,0.7613875865936279,0.7642869353294373,0.7665572166442871
34650,-0.7494531273841858,30.965463638305664,24.15804672241211,30.383635112217494,0.7494531869888306,0.7492474317550659,0.009419898502528667,0.7305024266242981,0.7327117919921875,0.7370434403419495,0.743410587310791,0.7492474317550659,0.7570939064025879,0.7613875865936279,0.7642869353294373,0.7665678262710571
34685,-0.7495315670967102,30.936800003051758,24.15707015991211,30.300841195242747,0.7495315670967102,0.7494118213653564,0.009341858327388763,0.7305024266242981,0.7335504293441772,0.7370434403419495,0.7435475587844849,0.7494118213653564,0.7570939064025879,0.7613875865936279,0.7642869353294373,0.7665678262710571
34720,-0.7495892643928528,30.910808563232422,24.156164169311523,30.21575164794922,0.7495893836021423,0.7494118213653564,0.009249074384570122,0.7307242751121521,0.7337550520896912,0.7370434403419495,0.7436206340789795,0.7494118213653564,0.7570939064025879,0.7613875865936279,0.7642869353294373,0.7665678262710571
34755,-0.7496381998062134,30.873876571655273,24.147024154663086,30.12773895263672,0.7496383190155029,0.7494118213653564,0.009284093044698238,0.7307242751121521,0.7340711951255798,0.7370434403419495,0.7436206340789795,0.7494118213653564,0.7570939064025879,0.7613875865936279,0.7642869353294373,0.7665678262710571
34790,-0.749662458896637,30.841201782226562,24.144145965576172,30.040141786847794,0.7496625781059265,0.7494118213653564,0.009309818968176842,0.7307242751121521,0.7340711951255798,0.7370434403419495,0.7438788414001465,0.7494118213653564,0.7570939064025879,0.7613875865936279,0.7642869353294373,0.7674700617790222
34825,-0.7496935725212097,30.809919357299805,24.140647888183594,29.963260923113143,0.7496936321258545,0.7494118213653564,0.009314372204244137,0.7307242751121521,0.7340711951255798,0.7370434403419495,0.7438788414001465,0.7494118213653564,0.7570939064025879,0.7613875865936279,0.7642869353294373,0.7674700617790222
34860,-0.7497678995132446,30.775754928588867,24.134859085083008,29.879419599260604,0.7497678399085999,0.7494752407073975,0.009257434867322445,0.7324630618095398,0.7340711951255798,0.7370434403419495,0.7444655895233154,0.7494752407073975,0.7571281790733337,0.7613875865936279,0.7642869353294373,0.7674700617790222
34895,-0.7498866319656372,30.741832733154297,24.127626419067383,29.79454176766532,0.7498865723609924,0.7494752407073975,0.009200625121593475,0.7324967980384827,0.7340711951255798,0.7370434403419495,0.7444655895233154,0.7494752407073975,0.7571281790733337,0.7613875865936279,0.7642869353294373,0.7674700617790222
34930,-0.7499549984931946,30.71602439880371,24.130138397216797,29.70979826790946,0.7499550580978394,0.7498614192008972,0.009202960878610611,0.7324967980384827,0.7340711951255798,0.7370434403419495,0.7444655895233154,0.7498614192008972,0.7571281790733337,0.7613875865936279,0.7642869353294373,0.7674700617790222
34965,-0.7500202059745789,30.6745548248291,24.115140914916992,29.625355311802455,0.7500201463699341,0.7498614192008972,0.00916202925145626,0.7324967980384827,0.7340711951255798,0.7370434403419495,0.7445343732833862,0.7498614192008972,0.7571281790733337,0.7613875865936279,0.7642869353294373,0.7674700617790222
35000,-0.7500240206718445,30.650177001953125,24.119775772094727,29.543573924473353,0.7500239610671997,0.7498614192008972,0.009163097478449345,0.7324967980384827,0.7340711951255798,0.7370434403419495,0.7445343732833862,0.7498614192008972,0.7571281790733337,0.7613875865936279,0.7642869353294373,0.7674700617790222
35035,-0.7500860691070557,30.620622634887695,24.1122989654541,29.469523566109793,0.7500860691070557,0.7498614192008972,0.009209221228957176,0.7324967980384827,0.7340711951255798,0.7370434403419495,0.7445343732833862,0.7498614192008972,0.7571281790733337,0.7613875865936279,0.7658381462097168,0.7674700617790222
35070,-0.750119686126709,30.588726043701172,24.10417938232422,29.394335338047572,0.7501198053359985,0.7498614192008972,0.009155008010566235,0.7324967980384827,0.7352835536003113,0.7370921969413757,0.7445343732833862,0.7498614192008972,0.7571281790733337,0.7613875865936279,0.7658381462097168,0.7674700617790222
35105,-0.7501499652862549,30.568086624145508,24.109296798706055,29.30894524710519,0.7501499652862549,0.7498614192008972,0.009173192083835602,0.7324967980384827,0.7352835536003113,0.7370921969413757,0.7445343732833862,0.7498614192008972,0.7571281790733337,0.7613875865936279,0.7658381462097168,0.7674700617790222
35140,-0.750203549861908,30.541513442993164,24.1086368560791,29.2305965423584,0.750203549861908,0.7498614192008972,0.009145915508270264,0.7324967980384827,0.7352835536003113,0.7381384372711182,0.7445343732833862,0.7498614192008972,0.7571281790733337,0.7613875865936279,0.7658381462097168,0.7674700617790222
35175,-0.7502172589302063,30.501914978027344,24.09666633605957,29.143347603934153,0.7502171397209167,0.7498614192008972,0.009148136712610722,0.7324967980384827,0.7352835536003113,0.7381384372711182,0.7445343732833862,0.7498614192008972,0.7571281790733337,0.7613875865936279,0.7658381462097168,0.7674700617790222
35210,-0.7503662109375,30.4721736907959,24.09192657470703,29.06323868887765,0.7503662109375,0.7502633929252625,0.009056813083589077,0.7324967980384827,0.7352835536003113,0.7381384372711182,0.7445918321609497,0.7502633929252625,0.7572110891342163,0.7613875865936279,0.7658381462097168,0.7674700617790222
35245,-0.7504605650901794,30.44277572631836,24.090431213378906,28.980258669172013,0.7504605054855347,0.7502633929252625,0.009168549440801144,0.7324967980384827,0.7352835536003113,0.7381384372711182,0.7445918321609497,0.7502633929252625,0.7572110891342163,0.7613875865936279,0.7665428519248962,0.7691315412521362
35280,-0.750492513179779,30.413421630859375,24.082866668701172,28.909266880580358,0.7504924535751343,0.7502633929252625,0.009164315648376942,0.7324967980384827,0.7352835536003113,0.7381384372711182,0.7445918321609497,0.7502633929252625,0.7573707699775696,0.7613875865936279,0.7665428519248962,0.7691315412521362
35315,-0.7505532503128052,30.37887191772461,24.075660705566406,28.82441602434431,0.75055330991745,0.7502633929252625,0.009160006418824196,0.7324967980384827,0.7353397011756897,0.7381812334060669,0.7445918321609497,0.7502633929252625,0.7573707699775696,0.7613875865936279,0.7665428519248962,0.7691315412521362
35350,-0.7505605816841125,30.348161697387695,24.071605682373047,28.73765046255929,0.7505605816841125,0.7502633929252625,0.009155579842627048,0.7324967980384827,0.7353397011756897,0.7381812334060669,0.7448883056640625,0.7502633929252625,0.7573707699775696,0.7613875865936279,0.7665428519248962,0.7691315412521362
35385,-0.7506042122840881,30.318464279174805,24.069150924682617,28.65421485900879,0.7506042718887329,0.7502633929252625,0.009163505397737026,0.7324967980384827,0.7353397011756897,0.7381812334060669,0.7448883056640625,0.7502633929252625,0.7573707699775696,0.7613875865936279,0.7665428519248962,0.7691315412521362
35420,-0.7506706118583679,30.295991897583008,24.074277877807617,28.572099413190568,0.7506706118583679,0.7502633929252625,0.009232635609805584,0.7324967980384827,0.7353397011756897,0.7381812334060669,0.7448883056640625,0.7502633929252625,0.7573707699775696,0.7615631222724915,0.7670819163322449,0.7691315412521362
35455,-0.7507035732269287,30.27557945251465,24.076597213745117,28.507110050746373,0.7507036328315735,0.7502633929252625,0.009244062006473541,0.7324967980384827,0.7353397011756897,0.7381812334060669,0.7448883056640625,0.7502633929252625,0.7573707699775696,0.7615631222724915,0.7670819163322449,0.7691315412521362
35490,-0.7507488131523132,30.246198654174805,24.07341957092285,28.425310407366073,0.750748872756958,0.7504034638404846,0.009236807003617287,0.7325168251991272,0.7353397011756897,0.7381812334060669,0.7448883056640625,0.7504034638404846,0.7573707699775696,0.7615631222724915,0.7670819163322449,0.7691315412521362
35525,-0.7507749795913696,30.218669891357422,24.070789337158203,28.34969057355608,0.7507749795913696,0.7504034638404846,0.009229140356183052,0.7325168251991272,0.7353397011756897,0.7381812334060669,0.7451857924461365,0.7504034638404846,0.7576093673706055,0.7615631222724915,0.7670819163322449,0.7691315412521362
35560,-0.7508528232574463,30.194591522216797,24.068256378173828,28.278269631522043,0.7508528828620911,0.7504034638404846,0.00928826816380024,0.7325168251991272,0.7353397011756897,0.7381812334060669,0.7451857924461365,0.7504034638404846,0.7576093673706055,0.7615631222724915,0.7674569487571716,0.7691315412521362
35595,-0.7508854269981384,30.172460556030273,24.070402145385742,28.20498984200614,0.750885546207428,0.7506882548332214,0.009286845102906227,0.7325168251991272,0.7353397011756897,0.7381812334060669,0.7451857924461365,0.7506882548332214,0.7576093673706055,0.7615631222724915,0.7674569487571716,0.7691315412521362
35630,-0.7509156465530396,30.141807556152344,24.063779830932617,28.130072729928152,0.7509157657623291,0.7506882548332214,0.009303998202085495,0.7325168251991272,0.7353397011756897,0.7381812334060669,0.7451857924461365,0.7506882548332214,0.7576093673706055,0.7622510194778442,0.7678489089012146,0.7691315412521362
35665,-0.750983715057373,30.110265731811523,24.056169509887695,28.05180059160505,0.7509838342666626,0.7506882548332214,0.009303169324994087,0.7325168251991272,0.7353397011756897,0.7385340332984924,0.7451857924461365,0.7506882548332214,0.7576955556869507,0.7633528709411621,0.7678489089012146,0.7691315412521362
35700,-0.7510016560554504,30.087007522583008,24.057598114013672,27.972482681274414,0.7510017156600952,0.7506882548332214,0.009303838945925236,0.7325168251991272,0.7353397011756897,0.7385340332984924,0.7451857924461365,0.7506882548332214,0.7576955556869507,0.7633528709411621,0.7678489089012146,0.7691315412521362
35735,-0.7510038614273071,30.06020164489746,24.05658531188965,27.89232907976423,0.7510039806365967,0.7506882548332214,0.009302560240030289,0.7325168251991272,0.7353397011756897,0.7385340332984924,0.7451857924461365,0.7506882548332214,0.7576955556869507,0.7633528709411621,0.7678489089012146,0.7691315412521362
35770,-0.751084566116333,30.036394119262695,24.05462646484375,27.82553509303502,0.751084566116333,0.7506882548332214,0.009287230670452118,0.7325168251991272,0.7353397011756897,0.7390829920768738,0.7451857924461365,0.7506882548332214,0.7579631805419922,0.7633528709411621,0.7678489089012146,0.7691315412521362
35805,-0.7511191964149475,29.994972229003906,24.036741256713867,27.7471068246024,0.7511193156242371,0.7506882548332214,0.00927023310214281,0.7325168251991272,0.7353397011756897,0.7390829920768738,0.7451857924461365,0.7506882548332214,0.7581146955490112,0.7633528709411621,0.7678489089012146,0.7691315412521362
35840,-0.7511541843414307,29.9738826751709,24.038427352905273,27.67568452017648,0.7511542439460754,0.7506882548332214,0.009226891212165356,0.7325597405433655,0.7353397011756897,0.7390829920768738,0.7451857924461365,0.7506882548332214,0.7581146955490112,0.7633528709411621,0.7678489089012146,0.7691315412521362
35875,-0.7511597275733948,29.950300216674805,24.038293838500977,27.60220582144601,0.7511598467826843,0.7506882548332214,0.009221957996487617,0.7325597405433655,0.7353397011756897,0.7390829920768738,0.7451857924461365,0.7506882548332214,0.7581146955490112,0.7633528709411621,0.7678489089012146,0.7691315412521362
35910,-0.751202404499054,29.911130905151367,24.02446174621582,27.523266656058176,0.7512024641036987,0.7506882548332214,0.009256874211132526,0.7325597405433655,0.7353397011756897,0.7390829920768738,0.7453336715698242,0.7506882548332214,0.7581146955490112,0.7634798288345337,0.7678702473640442,0.7691315412521362
35945,-0.751246988773346,29.87895393371582,24.01459503173828,27.450186593191965,0.7512471675872803,0.7506882548332214,0.00922422856092453,0.7325597405433655,0.7353397011756897,0.7390829920768738,0.7457551956176758,0.7506882548332214,0.7581146955490112,0.7634798288345337,0.7678702473640442,0.7691786885261536
35980,-0.751288890838623,29.861467361450195,24.017894744873047,27.379595075334823,0.7512890100479126,0.7511106133460999,0.009222772903740406,0.7325597405433655,0.7353397011756897,0.7390829920768738,0.7458062767982483,0.7511106133460999,0.7581170797348022,0.7634811401367188,0.7678702473640442,0.7691786885261536
36015,-0.7513154149055481,29.839813232421875,24.02256202697754,27.303632191249303,0.7513154745101929,0.7511106133460999,0.009201553650200367,0.7325597405433655,0.7353397011756897,0.7390829920768738,0.7460200786590576,0.7511106133460999,0.7581170797348022,0.7634811401367188,0.7678702473640442,0.7691786885261536
36050,-0.751338541507721,29.81475830078125,24.02233123779297,27.226754597255162,0.7513386011123657,0.7511106133460999,0.009192447178065777,0.7325597405433655,0.7353397011756897,0.7391189932823181,0.7460200786590576,0.7511106133460999,0.758242130279541,0.7635126113891602,0.7678702473640442,0.7691786885261536
36085,-0.7514153122901917,29.78404426574707,24.01622772216797,27.148081370762416,0.7514154314994812,0.7511106133460999,0.009186247363686562,0.7332110404968262,0.7353397011756897,0.7391189932823181,0.7460200786590576,0.7511106133460999,0.758242130279541,0.7635126113891602,0.7678702473640442,0.7691786885261536
36120,-0.751449465751648,29.762298583984375,24.01445770263672,27.079064777919225,0.7514495849609375,0.7512931823730469,0.009173090569674969,0.733283519744873,0.7353397011756897,0.7391189932823181,0.7460200786590576,0.7512931823730469,0.758242130279541,0.7635126113891602,0.7678702473640442,0.7691786885261536
36155,-0.7514880895614624,29.737098693847656,24.011049270629883,27.00341033935547,0.7514880895614624,0.7512931823730469,0.00914860051125288,0.733283519744873,0.7353397011756897,0.7393934726715088,0.7460200786590576,0.7512931823730469,0.758242130279541,0.763576328754425,0.7678702473640442,0.7691786885261536
36190,-0.7514902949333191,29.706945419311523,24.00518035888672,26.93028313773019,0.7514903545379639,0.7512931823730469,0.009148409590125084,0.733283519744873,0.7353397011756897,0.7393934726715088,0.7460200786590576,0.7512931823730469,0.758242130279541,0.763576328754425,0.7678702473640442,0.7691786885261536
36225,-0.7515139579772949,29.681705474853516,24.00296974182129,26.85853249686105,0.7515139579772949,0.7513056993484497,0.009122836403548717,0.733283519744873,0.7353397011756897,0.7398821711540222,0.7460200786590576,0.7513056993484497,0.7582612037658691,0.763576328754425,0.7678702473640442,0.7691786885261536
36260,-0.7515197396278381,29.650981903076172,23.99614715576172,26.781614576067245,0.7515197992324829,0.7513056993484497,0.009122163988649845,0.733283519744873,0.7353397011756897,0.7398821711540222,0.7460200786590576,0.7513056993484497,0.7582612037658691,0.763576328754425,0.7678702473640442,0.7691786885261536
36295,-0.7515830993652344,29.62816619873047,23.996604919433594,26.708878380911692,0.7515830993652344,0.7513056993484497,0.009134568274021149,0.733283519744873,0.7362133860588074,0.7398821711540222,0.7460200786590576,0.7513056993484497,0.7582827806472778,0.763576328754425,0.7678702473640442,0.7691786885261536
36330,-0.7516656517982483,29.61446762084961,24.005918502807617,26.63629286629813,0.7516656517982483,0.7513900995254517,0.009144243784248829,0.733283519744873,0.7362133860588074,0.7398821711540222,0.7460200786590576,0.7513900995254517,0.7582827806472778,0.763576328754425,0.7678702473640442,0.7691786885261536
36365,-0.7516783475875854,29.58649253845215,24.00054931640625,26.561147689819336,0.7516784071922302,0.7513900995254517,0.009143083356320858,0.733283519744873,0.7362133860588074,0.7398821711540222,0.7460200786590576,0.7513900995254517,0.7582827806472778,0.763576328754425,0.7678702473640442,0.7691786885261536
36400,-0.7516911029815674,29.563325881958008,24.000154495239258,26.48734528677804,0.7516910433769226,0.7513900995254517,0.009124522097408772,0.7339772582054138,0.7362133860588074,0.7398821711540222,0.7460200786590576,0.7513900995254517,0.7582827806472778,0.763576328754425,0.7678702473640442,0.7691786885261536
36435,-0.7517140507698059,29.53639793395996,23.99379539489746,26.416288920811244,0.7517141103744507,0.7513900995254517,0.009121146984398365,0.7339772582054138,0.7362133860588074,0.7398821711540222,0.7460200786590576,0.7513900995254517,0.7582827806472778,0.763576328754425,0.7678702473640442,0.7691786885261536
36470,-0.7518465518951416,29.50933837890625,23.98931884765625,26.338084084647043,0.7518465518951416,0.751500129699707,0.009098888374865055,0.7339772582054138,0.7362133860588074,0.7400109171867371,0.7460200786590576,0.751500129699707,0.7586579918861389,0.763576328754425,0.7678702473640442,0.7691786885261536
36505,-0.7518594264984131,29.473419189453125,23.9794921875,26.2531373160226,0.7518594264984131,0.751500129699707,0.009106778539717197,0.7339772582054138,0.7362133860588074,0.7400109171867371,0.7460200786590576,0.751500129699707,0.7586579918861389,0.763576328754425,0.7678702473640442,0.7691786885261536
36540,-0.7518802285194397,29.442413330078125,23.971473693847656,26.178571428571427,0.7518802881240845,0.751500129699707,0.009100744500756264,0.7339772582054138,0.7362133860588074,0.7400109171867371,0.7460200786590576,0.751500129699707,0.7586579918861389,0.763576328754425,0.7678702473640442,0.7691786885261536
36575,-0.7518834471702576,29.41432762145996,23.964122772216797,26.1074766431536,0.7518834471702576,0.751500129699707,0.009101146832108498,0.7339772582054138,0.7362133860588074,0.7400109171867371,0.7460200786590576,0.751500129699707,0.7586579918861389,0.763576328754425,0.7678702473640442,0.7691786885261536
36610,-0.7519047260284424,29.386253356933594,23.95807647705078,26.035026822771346,0.7519047260284424,0.751500129699707,0.009090828709304333,0.7339772582054138,0.7362133860588074,0.7400109171867371,0.7460200786590576,0.751500129699707,0.7586579918861389,0.763576328754425,0.7678702473640442,0.7691786885261536
36645,-0.7519670128822327,29.3614559173584,23.95527458190918,25.960071563720703,0.7519670128822327,0.751500129699707,0.009041066281497478,0.734778106212616,0.7362275719642639,0.7400109171867371,0.7460306882858276,0.751500129699707,0.7586579918861389,0.763576328754425,0.7678702473640442,0.7691786885261536
36680,-0.7520585656166077,29.330810546875,23.945043563842773,25.888302121843612,0.7520586252212524,0.7517493963241577,0.0091168861836195,0.734778106212616,0.7362275719642639,0.7404409050941467,0.7460306882858276,0.7517493963241577,0.7591968178749084,0.763611376285553,0.7678702473640442,0.7691786885261536
36715,-0.7521688938140869,29.311050415039062,23.946176528930664,25.8206969669887,0.7521688342094421,0.7520248889923096,0.009082828648388386,0.734778106212616,0.7362275719642639,0.7409664392471313,0.7460306882858276,0.7520248889923096,0.7591968178749084,0.763611376285553,0.7678702473640442,0.7691786885261536
36750,-0.7521872520446777,29.2927188873291,23.94954490661621,25.75065803527832,0.7521872520446777,0.7520248889923096,0.009069737046957016,0.734778106212616,0.7362275719642639,0.7409664392471313,0.7460306882858276,0.7520248889923096,0.7591968178749084,0.763611376285553,0.7678702473640442,0.7691786885261536
36785,-0.7522071599960327,29.267192840576172,23.948429107666016,25.676105771745956,0.7522072792053223,0.7520248889923096,0.00906357727944851,0.734778106212616,0.7362275719642639,0.7409664392471313,0.7460306882858276,0.7520248889923096,0.7591968178749084,0.763611376285553,0.7678702473640442,0.7691786885261536
36820,-0.7522585391998291,29.241403579711914,23.943126678466797,25.605426788330078,0.7522585391998291,0.7520248889923096,0.009018906392157078,0.7349520325660706,0.7362275719642639,0.7409664392471313,0.7468171119689941,0.7520248889923096,0.7591968178749084,0.763611376285553,0.7678702473640442,0.7691786885261536
36855,-0.7522923350334167,29.216190338134766,23.93657684326172,25.537033353533065,0.7522923350334167,0.7520378828048706,0.009034570306539536,0.7349520325660706,0.7362275719642639,0.7409664392471313,0.7468171119689941,0.7520378828048706,0.7591968178749084,0.7637630701065063,0.7678702473640442,0.7691786885261536
36890,-0.7523375749588013,29.185544967651367,23.93193244934082,25.456675665719168,0.7523375749588013,0.7520378828048706,0.00905196089297533,0.7349520325660706,0.7362275719642639,0.7409664392471313,0.7468171119689941,0.7520378828048706,0.7591968178749084,0.7644296884536743,0.7678702473640442,0.7691786885261536
36925,-0.7523783445358276,29.16188621520996,23.931135177612305,25.384887967790878,0.7523782849311829,0.7520378828048706,0.0090558473020792,0.7349520325660706,0.7362275719642639,0.7409664392471313,0.7469985485076904,0.7520378828048706,0.7591968178749084,0.7644296884536743,0.7678702473640442,0.7691786885261536
36960,-0.7524111866950989,29.13469886779785,23.92499351501465,25.307192938668386,0.7524111270904541,0.7521319389343262,0.009062415920197964,0.7349520325660706,0.7362275719642639,0.7409664392471313,0.7469985485076904,0.7521319389343262,0.7591968178749084,0.7644296884536743,0.7678702473640442,0.7691786885261536
36995,-0.7524615526199341,29.11592674255371,23.92661476135254,25.238946642194474,0.7524614930152893,0.7521319389343262,0.009077336639165878,0.7349520325660706,0.7362275719642639,0.7409664392471313,0.7469985485076904,0.7521319389343262,0.7591968178749084,0.7647889852523804,0.7678702473640442,0.7691786885261536
37030,-0.7525262236595154,29.087928771972656,23.92047691345215,25.167598451886857,0.7525262236595154,0.7521319389343262,0.009085936471819878,0.7349520325660706,0.73665851354599,0.7409664392471313,0.7469985485076904,0.7521319389343262,0.7591968178749084,0.7647889852523804,0.7678702473640442,0.7691786885261536
37065,-0.752547562122345,29.060291290283203,23.912179946899414,25.095918927873885,0.7525475025177002,0.7521319389343262,0.009083417244255543,0.7349520325660706,0.73665851354599,0.7410240769386292,0.7469985485076904,0.7521319389343262,0.7591968178749084,0.7647889852523804,0.7678702473640442,0.7691786885261536
37100,-0.7525801062583923,29.040699005126953,23.910289764404297,25.03146607535226,0.752579927444458,0.7521319389343262,0.0090774642303586,0.7349520325660706,0.73665851354599,0.7410240769386292,0.7469985485076904,0.7521319389343262,0.7591968178749084,0.7647889852523804,0.7678702473640442,0.7691786885261536
37135,-0.7526184916496277,29.021587371826172,23.912212371826172,24.962437765938894,0.7526184916496277,0.7521319389343262,0.009115968830883503,0.7349520325660706,0.73665851354599,0.7410240769386292,0.7469985485076904,0.7521319389343262,0.7591968178749084,0.7647889852523804,0.7682174444198608,0.7692098617553711
37170,-0.7526566386222839,29.002878189086914,23.914165496826172,24.895016261509486,0.7526566386222839,0.7521319389343262,0.009126611985266209,0.7349520325660706,0.73665851354599,0.7410240769386292,0.7469985485076904,0.7521319389343262,0.7591968178749084,0.7647889852523804,0.7682174444198608,0.7692098617553711
37205,-0.7526943683624268,28.98726463317871,23.91866111755371,24.829533985682897,0.7526944875717163,0.7521319389343262,0.009105811826884747,0.7349520325660706,0.73665851354599,0.7410240769386292,0.7469985485076904,0.7521319389343262,0.7591968178749084,0.7647889852523804,0.7682174444198608,0.7692098617553711
37240,-0.7527267932891846,28.971446990966797,23.922344207763672,24.761534554617747,0.7527267932891846,0.752605676651001,0.009083107113838196,0.7349520325660706,0.73665851354599,0.7410240769386292,0.7470216751098633,0.752605676651001,0.7591968178749084,0.7647889852523804,0.7682174444198608,0.7692098617553711
37275,-0.752802848815918,28.956029891967773,23.927173614501953,24.69171905517578,0.7528027892112732,0.7526355981826782,0.009038534015417099,0.7349520325660706,0.7373471260070801,0.7410240769386292,0.7471290826797485,0.7526355981826782,0.7591968178749084,0.7647889852523804,0.7682174444198608,0.7692098617553711
37310,-0.7528608441352844,28.935829162597656,23.927745819091797,24.62386349269322,0.7528608441352844,0.7526355981826782,0.00903825182467699,0.7349520325660706,0.7373471260070801,0.7410370111465454,0.7471290826797485,0.7526355981826782,0.7596409916877747,0.7647889852523804,0.7682278156280518,0.7692098617553711
37345,-0.7529009580612183,28.90056037902832,23.914827346801758,24.54991694859096,0.7529010772705078,0.7526654005050659,0.009050130844116211,0.7349520325660706,0.7373471260070801,0.7410370111465454,0.7471290826797485,0.7526654005050659,0.7596409916877747,0.7647889852523804,0.7682526111602783,0.7692304849624634
37380,-0.7529276013374329,28.877880096435547,23.915056228637695,24.4749881199428,0.7529275417327881,0.7526654005050659,0.009013722650706768,0.7349520325660706,0.7373471260070801,0.7412816882133484,0.7471290826797485,0.7526654005050659,0.7596409916877747,0.7647889852523804,0.7682526111602783,0.7692304849624634
37415,-0.7529649138450623,28.865766525268555,23.924297332763672,24.404745646885463,0.7529648542404175,0.7527478337287903,0.008978577330708504,0.7349520325660706,0.7373471260070801,0.7413544058799744,0.7471290826797485,0.7527478337287903,0.7596409916877747,0.7647889852523804,0.7682526111602783,0.7692304849624634
37450,-0.7529866695404053,28.834922790527344,23.911808013916016,24.340673991612025,0.7529866099357605,0.752752959728241,0.008979111909866333,0.7349520325660706,0.7373471260070801,0.7413544058799744,0.7471290826797485,0.752752959728241,0.7596409916877747,0.7647889852523804,0.7682526111602783,0.7692304849624634
37485,-0.7530352473258972,28.816516876220703,23.911602020263672,24.278645379202707,0.753035306930542,0.752752959728241,0.008906750939786434,0.7349520325660706,0.7381690144538879,0.7415735721588135,0.7471290826797485,0.752752959728241,0.7596409916877747,0.7647889852523804,0.7682526111602783,0.7692304849624634
37520,-0.7530627250671387,28.80306053161621,23.918668746948242,24.206434522356307,0.7530626654624939,0.7527697086334229,0.008898611180484295,0.7353382706642151,0.7381690144538879,0.7415735721588135,0.7471290826797485,0.7527697086334229,0.7596409916877747,0.7647889852523804,0.7682526111602783,0.7692304849624634
37555,-0.7531142234802246,28.793466567993164,23.925601959228516,24.14557456970215,0.7531141638755798,0.7527697086334229,0.008846640586853027,0.7353382706642151,0.7381703853607178,0.7415799498558044,0.7471290826797485,0.7527697086334229,0.7596409916877747,0.7648122906684875,0.7682526111602783,0.7692304849624634
37590,-0.7531392574310303,28.76348876953125,23.916719436645508,24.07427760532924,0.7531391978263855,0.7527697086334229,0.008833598345518112,0.7353382706642151,0.7381703853607178,0.7415799498558044,0.7471290826797485,0.7527697086334229,0.7596409916877747,0.7648122906684875,0.7685040831565857,0.7692304849624634
37625,-0.7531469464302063,28.743064880371094,23.916677474975586,24.004255839756556,0.7531469464302063,0.7527697086334229,0.008832331746816635,0.7353382706642151,0.7381703853607178,0.7415799498558044,0.7471290826797485,0.7527697086334229,0.7596409916877747,0.7648122906684875,0.7685040831565857,0.7692304849624634
37660,-0.7531629800796509,28.71586799621582,23.911893844604492,23.93640845162528,0.7531629800796509,0.7527697086334229,0.008826944045722485,0.7353382706642151,0.7381703853607178,0.7415799498558044,0.7471290826797485,0.7527697086334229,0.7596409916877747,0.7648122906684875,0.7685040831565857,0.7692304849624634
37695,-0.7531836628913879,28.688875198364258,23.903501510620117,23.86511720929827,0.7531836628913879,0.7527697086334229,0.008823845535516739,0.7353382706642151,0.7381703853607178,0.7415799498558044,0.7471290826797485,0.7527697086334229,0.7596409916877747,0.7648122906684875,0.7685040831565857,0.7692304849624634
37730,-0.7531954050064087,28.663623809814453,23.898603439331055,23.79230226789202,0.7531954050064087,0.7527697086334229,0.008825096301734447,0.7353382706642151,0.7381703853607178,0.7415799498558044,0.7471290826797485,0.7527697086334229,0.7596409916877747,0.7648122906684875,0.7685040831565857,0.7692304849624634
37765,-0.7532760500907898,28.646862030029297,23.90379524230957,23.723523003714426,0.753275990486145,0.7530492544174194,0.008912423625588417,0.7353382706642151,0.7381703853607178,0.7415799498558044,0.7471290826797485,0.7530492544174194,0.7596409916877747,0.7648122906684875,0.7691793441772461,0.7702693343162537
37800,-0.7533097863197327,28.629005432128906,23.906383514404297,23.65252195085798,0.7533096075057983,0.7530492544174194,0.008899739012122154,0.7353382706642151,0.7389433979988098,0.7417786121368408,0.7471290826797485,0.7530492544174194,0.7596409916877747,0.7648122906684875,0.7691793441772461,0.7702693343162537
37835,-0.7533267736434937,28.613500595092773,23.90778923034668,23.58954974583217,0.7533267140388489,0.7530492544174194,0.008896715939044952,0.7353382706642151,0.7389433979988098,0.7417786121368408,0.7471290826797485,0.7530492544174194,0.7596409916877747,0.7648122906684875,0.7691793441772461,0.7702693343162537
37870,-0.7533395290374756,28.587390899658203,23.901626586914062,23.515566962105886,0.7533395290374756,0.7530492544174194,0.008901781402528286,0.7353382706642151,0.7389433979988098,0.7417786121368408,0.7471290826797485,0.7530492544174194,0.7596409916877747,0.7648398876190186,0.7691793441772461,0.7702693343162537
37905,-0.7533513307571411,28.574493408203125,23.90754508972168,23.45004681178502,0.7533513903617859,0.7531258463859558,0.008896068669855595,0.7353382706642151,0.7389433979988098,0.7417786121368408,0.7474147081375122,0.7531258463859558,0.7596409916877747,0.7648398876190186,0.7691793441772461,0.7702693343162537
37940,-0.7533609867095947,28.554943084716797,23.907732009887695,23.387218475341797,0.75336092710495,0.7531258463859558,0.008892749436199665,0.7353382706642151,0.7389433979988098,0.7417786121368408,0.7475476264953613,0.7531258463859558,0.7596409916877747,0.7648398876190186,0.7691793441772461,0.7702693343162537
37975,-0.7534100413322449,28.531787872314453,23.903905868530273,23.32002149309431,0.7534099817276001,0.7532687187194824,0.008897078223526478,0.7353382706642151,0.7389947175979614,0.7417786121368408,0.7475476264953613,0.7532687187194824,0.7596409916877747,0.7648398876190186,0.7691793441772461,0.770370364189148
38010,-0.7534263730049133,28.5250301361084,23.916828155517578,23.257226943969727,0.7534263134002686,0.7532687187194824,0.008880686946213245,0.7353382706642151,0.7389947175979614,0.741815984249115,0.7475476264953613,0.7532687187194824,0.7596409916877747,0.7648398876190186,0.7691793441772461,0.770370364189148
38045,-0.753433108329773,28.49461555480957,23.908201217651367,23.183502469744003,0.7534330487251282,0.7532687187194824,0.008887442760169506,0.7353382706642151,0.7389947175979614,0.741815984249115,0.7475476264953613,0.7532687187194824,0.7596409916877747,0.764841616153717,0.7691793441772461,0.770370364189148
38080,-0.7534835934638977,28.48000144958496,23.90991973876953,23.124676840645925,0.7534835934638977,0.7532687187194824,0.008895729668438435,0.7353382706642151,0.7389947175979614,0.741815984249115,0.7475476264953613,0.7532687187194824,0.7596409916877747,0.7649975419044495,0.7691793441772461,0.770370364189148
38115,-0.7535054087638855,28.461437225341797,23.909751892089844,23.05532319205148,0.7535053491592407,0.7532687187194824,0.008902679197490215,0.7353382706642151,0.7389947175979614,0.741815984249115,0.7475476264953613,0.7532687187194824,0.7596409916877747,0.7649975419044495,0.7691793441772461,0.770370364189148
38150,-0.7535198926925659,28.437631607055664,23.906526565551758,22.97905949183873,0.7535199522972107,0.7532687187194824,0.008886820636689663,0.7353382706642151,0.7389947175979614,0.741815984249115,0.7475476264953613,0.7532687187194824,0.7596409916877747,0.7649975419044495,0.7691793441772461,0.770370364189148
38185,-0.7535439729690552,28.412418365478516,23.89825439453125,22.913758414132253,0.7535440325737,0.7532687187194824,0.008862313814461231,0.7356544137001038,0.7389947175979614,0.741815984249115,0.7476320266723633,0.7532687187194824,0.7596409916877747,0.7649975419044495,0.7691793441772461,0.770370364189148
38220,-0.7535673379898071,28.39120101928711,23.899272918701172,22.842427934919083,0.7535672783851624,0.7532687187194824,0.008817531168460846,0.7368809580802917,0.7389947175979614,0.741815984249115,0.7476320266723633,0.7532687187194824,0.7596409916877747,0.7649975419044495,0.7691793441772461,0.770370364189148
38255,-0.7535948157310486,28.374664306640625,23.900373458862305,22.77535602024623,0.7535948157310486,0.7532740831375122,0.008814750239253044,0.7368809580802917,0.7389947175979614,0.741815984249115,0.7476320266723633,0.7532740831375122,0.7596409916877747,0.7649975419044495,0.7691793441772461,0.770370364189148
38290,-0.7536389231681824,28.360849380493164,23.907512664794922,22.70461572919573,0.7536389231681824,0.7535253167152405,0.008822780102491379,0.7368809580802917,0.7389947175979614,0.741815984249115,0.7476320266723633,0.7535253167152405,0.7596409916877747,0.7649975419044495,0.7691803574562073,0.770370364189148
38325,-0.7536906003952026,28.335865020751953,23.903553009033203,22.630185535975865,0.7536906599998474,0.7536085844039917,0.008817472495138645,0.7368809580802917,0.7390089631080627,0.741815984249115,0.7476320266723633,0.7536085844039917,0.7596673369407654,0.7649975419044495,0.7691803574562073,0.770370364189148
38360,-0.7537432909011841,28.324995040893555,23.9085750579834,22.567130497523717,0.7537432909011841,0.7536085844039917,0.008841263130307198,0.7368809580802917,0.7390089631080627,0.741815984249115,0.7476320266723633,0.7536085844039917,0.7601595520973206,0.7649975419044495,0.7691803574562073,0.770370364189148
38395,-0.75385582447052,28.300941467285156,23.905759811401367,22.493865966796875,0.75385582447052,0.7536085844039917,0.008835980668663979,0.7368809580802917,0.7390089631080627,0.7421829700469971,0.7481879591941833,0.7536085844039917,0.7601595520973206,0.7649975419044495,0.7691803574562073,0.770370364189148
38430,-0.7538571953773499,28.281719207763672,23.90384292602539,22.438457489013672,0.7538571953773499,0.7536126375198364,0.008836666122078896,0.7368809580802917,0.7390089631080627,0.7421829700469971,0.7481879591941833,0.7536126375198364,0.7601595520973206,0.7649975419044495,0.7691803574562073,0.770370364189148
38465,-0.7539003491401672,28.261911392211914,23.90374183654785,22.36753954206194,0.7539003491401672,0.7536473274230957,0.008804867044091225,0.7368809580802917,0.7390089631080627,0.7425361275672913,0.7482398748397827,0.7536473274230957,0.7601595520973206,0.7649975419044495,0.7691803574562073,0.770370364189148
38500,-0.7539003491401672,28.24095344543457,23.904272079467773,22.29471833365304,0.7539003491401672,0.7536473274230957,0.008804867044091225,0.7368809580802917,0.7390089631080627,0.7425361275672913,0.7482398748397827,0.7536473274230957,0.7601595520973206,0.7649975419044495,0.7691803574562073,0.770370364189148
38535,-0.7539547681808472,28.2196102142334,23.90160369873047,22.23105893816267,0.7539547681808472,0.7536473274230957,0.008820123039186,0.7368809580802917,0.7390633225440979,0.7425361275672913,0.7482398748397827,0.7536473274230957,0.7601602673530579,0.7651095390319824,0.7691803574562073,0.770370364189148
38570,-0.7539694309234619,28.197301864624023,23.898303985595703,22.16573088509696,0.7539694309234619,0.7536473274230957,0.008830121718347073,0.7368809580802917,0.7390633225440979,0.7425361275672913,0.7482398748397827,0.7536473274230957,0.7601602673530579,0.76516193151474,0.7691803574562073,0.770370364189148
38605,-0.7540018558502197,28.16634178161621,23.88676643371582,22.095008032662527,0.7540019154548645,0.7536473274230957,0.008840339258313179,0.7368809580802917,0.7390633225440979,0.7425361275672913,0.7482398748397827,0.7536473274230957,0.7601602673530579,0.76516193151474,0.7691803574562073,0.770370364189148
38640,-0.7540101408958435,28.134809494018555,23.872224807739258,22.032141549246653,0.7540103197097778,0.7536473274230957,0.008823332376778126,0.7368828058242798,0.7390633225440979,0.7425361275672913,0.7482398748397827,0.7536473274230957,0.7601602673530579,0.76516193151474,0.7691803574562073,0.770370364189148
38675,-0.7540130615234375,28.114971160888672,23.873647689819336,21.958777018955775,0.7540130615234375,0.7536473274230957,0.008826256729662418,0.7368828058242798,0.7390633225440979,0.7425361275672913,0.7482398748397827,0.7536473274230957,0.7601602673530579,0.76516193151474,0.7691803574562073,0.770370364189148
38710,-0.7540176510810852,28.094575881958008,23.869983673095703,21.897193908691406,0.7540176510810852,0.7536473274230957,0.008827905170619488,0.7368828058242798,0.7390633225440979,0.7425361275672913,0.7482398748397827,0.7536473274230957,0.7601602673530579,0.76516193151474,0.7691803574562073,0.770370364189148
38745,-0.7540310621261597,28.06712532043457,23.860471725463867,21.834428514753068,0.7540310621261597,0.7536473274230957,0.00884102564305067,0.7368828058242798,0.7390633225440979,0.7425361275672913,0.7482398748397827,0.7536473274230957,0.7601602673530579,0.76516193151474,0.7691803574562073,0.7703796029090881
38780,-0.7540588974952698,28.057571411132812,23.86917495727539,21.77760805402483,0.7540590167045593,0.7536473274230957,0.008837660774588585,0.7368828058242798,0.7390633225440979,0.742537260055542,0.7482398748397827,0.7536473274230957,0.7601602673530579,0.76516193151474,0.7691803574562073,0.7703796029090881
38815,-0.7541133165359497,28.02069664001465,23.851593017578125,21.702457700456893,0.7541133761405945,0.7536473274230957,0.008838588371872902,0.7368828058242798,0.7390633225440979,0.742537260055542,0.7485473155975342,0.7536473274230957,0.7601602673530579,0.7651938796043396,0.7691803574562073,0.7703796029090881
38850,-0.754118025302887,27.995988845825195,23.844745635986328,21.634619304112025,0.754118025302887,0.7536842226982117,0.008841270580887794,0.7368828058242798,0.7390633225440979,0.742537260055542,0.7485473155975342,0.7536842226982117,0.7603083848953247,0.7651938796043396,0.7691803574562073,0.7703796029090881
38885,-0.7541732788085938,27.974353790283203,23.84288787841797,21.570987973894393,0.7541733384132385,0.7536842226982117,0.008771036751568317,0.7368828058242798,0.7393762469291687,0.7425552606582642,0.7485473155975342,0.7536842226982117,0.7603083848953247,0.7651938796043396,0.7691803574562073,0.7703796029090881
38920,-0.7542346119880676,27.9656925201416,23.850696563720703,21.516434805733816,0.7542346715927124,0.7536842226982117,0.008769873529672623,0.7368828058242798,0.7393762469291687,0.7426454424858093,0.7486056089401245,0.7536842226982117,0.7603617906570435,0.7651938796043396,0.7691803574562073,0.7703796029090881
38955,-0.7542646527290344,27.94183921813965,23.848743438720703,21.444440841674805,0.754264771938324,0.7538353204727173,0.008741367608308792,0.7368828058242798,0.7393762469291687,0.7427681684494019,0.7486056089401245,0.7538353204727173,0.7603617906570435,0.7651938796043396,0.7691803574562073,0.7703796029090881
38990,-0.754279613494873,27.934751510620117,23.858430862426758,21.38203457423619,0.7542797327041626,0.7540794610977173,0.008739333599805832,0.7368828058242798,0.7393762469291687,0.7427681684494019,0.7486056089401245,0.7540794610977173,0.7603617906570435,0.7651938796043396,0.7691803574562073,0.7703796029090881
39025,-0.7542908787727356,27.9169921875,23.85751724243164,21.320657185145787,0.7542909383773804,0.7540794610977173,0.008745015598833561,0.7368828058242798,0.7393762469291687,0.7427681684494019,0.7486056089401245,0.7540794610977173,0.7603617906570435,0.7651938796043396,0.7691803574562073,0.7703796029090881
39060,-0.7543374300003052,27.90242576599121,23.85808563232422,21.263993399483816,0.75433748960495,0.7540794610977173,0.008740249089896679,0.7368828058242798,0.7393762469291687,0.7427681684494019,0.7486056089401245,0.7540794610977173,0.7603617906570435,0.7651938796043396,0.7691803574562073,0.7703796029090881
39095,-0.754355251789093,27.877002716064453,23.847679138183594,21.201345988682338,0.754355251789093,0.7540794610977173,0.008745426312088966,0.7368828058242798,0.7393762469291687,0.7427681684494019,0.7486056089401245,0.7540794610977173,0.7603617906570435,0.7651938796043396,0.7691803574562073,0.7703796029090881
39130,-0.7544000148773193,27.866926193237305,23.854589462280273,21.135816846575057,0.7544000744819641,0.7540794610977173,0.008773071691393852,0.7368828058242798,0.7393762469291687,0.7427681684494019,0.7486056089401245,0.7540794610977173,0.7605282664299011,0.7651938796043396,0.7691803574562073,0.7703796029090881
39165,-0.7544138431549072,27.85186004638672,23.85606575012207,21.077810287475586,0.7544138431549072,0.7540794610977173,0.00878725852817297,0.7368828058242798,0.7393762469291687,0.7427681684494019,0.7486056089401245,0.7540794610977173,0.7605732679367065,0.7659823298454285,0.7691803574562073,0.7703796029090881
39200,-0.7544158697128296,27.841875076293945,23.864702224731445,21.01304272242955,0.7544158697128296,0.7541844248771667,0.008787272498011589,0.7368828058242798,0.7393762469291687,0.7427681684494019,0.7486056089401245,0.7541844248771667,0.7605732679367065,0.7659823298454285,0.7691803574562073,0.7703796029090881
39235,-0.7544284462928772,27.817663192749023,23.860233306884766,20.945244925362722,0.754428505897522,0.7541844248771667,0.008783046156167984,0.7368828058242798,0.7393762469291687,0.7427681684494019,0.7486056089401245,0.7541844248771667,0.7605732679367065,0.7659823298454285,0.7691803574562073,0.7703796029090881
39270,-0.7544434666633606,27.795934677124023,23.85442352294922,20.886815207345144,0.7544434070587158,0.7541844248771667,0.008785040117800236,0.7368828058242798,0.7393762469291687,0.7427681684494019,0.7486056089401245,0.7541844248771667,0.7605732679367065,0.7659823298454285,0.7691803574562073,0.7703796029090881
39305,-0.7544506192207336,27.78179168701172,23.857053756713867,20.821663992745535,0.7544506192207336,0.7544537782669067,0.008784817531704903,0.7368828058242798,0.7393762469291687,0.7427681684494019,0.7486056089401245,0.7544537782669067,0.7605732679367065,0.7659823298454285,0.7691803574562073,0.7703796029090881
39340,-0.7544959783554077,27.770002365112305,23.85895347595215,20.770325251988,0.7544960975646973,0.7545822262763977,0.008785262703895569,0.7368828058242798,0.7393762469291687,0.7427681684494019,0.7486056089401245,0.7545822262763977,0.7606116533279419,0.766057014465332,0.7691803574562073,0.7703796029090881
39375,-0.754515528678894,27.7495059967041,23.855268478393555,20.710857936314174,0.7545154690742493,0.7546365261077881,0.008789465762674809,0.7368828058242798,0.7393762469291687,0.7427681684494019,0.7486056089401245,0.7546365261077881,0.7606116533279419,0.766057014465332,0.7691909670829773,0.7703796029090881
39410,-0.7545728087425232,27.732200622558594,23.856090545654297,20.644877570016043,0.7545728087425232,0.7547564506530762,0.008770814165472984,0.7368828058242798,0.7406413555145264,0.7427681684494019,0.7486056089401245,0.7547564506530762,0.7606185674667358,0.766057014465332,0.7691909670829773,0.7703796029090881
39445,-0.7546240091323853,27.719863891601562,23.858335494995117,20.587914875575475,0.7546239495277405,0.7547564506530762,0.008809459395706654,0.7368828058242798,0.7406413555145264,0.7430603504180908,0.7486056089401245,0.7547564506530762,0.7607204914093018,0.7660955190658569,0.7691962122917175,0.7703796029090881
39480,-0.7546663284301758,27.698888778686523,23.85490608215332,20.525027956281388,0.7546663880348206,0.7547564506530762,0.008803329430520535,0.7368828058242798,0.7407230734825134,0.7430603504180908,0.7486056089401245,0.7547564506530762,0.7607204914093018,0.7669942378997803,0.7691962122917175,0.7703796029090881
39515,-0.7546684741973877,27.680707931518555,23.856033325195312,20.461928503853933,0.7546684741973877,0.7547564506530762,0.008803529664874077,0.7368828058242798,0.7407230734825134,0.7430603504180908,0.7486056089401245,0.7547564506530762,0.7607204914093018,0.7669942378997803,0.7691962122917175,0.7703796029090881
39550,-0.7546778917312622,27.6695613861084,23.860254287719727,20.409853799002512,0.7546778917312622,0.7547564506530762,0.008808271028101444,0.7368828058242798,0.7407230734825134,0.7430603504180908,0.7486056089401245,0.7547564506530762,0.7609891891479492,0.7669942378997803,0.7691962122917175,0.7703796029090881
39585,-0.7546798586845398,27.658294677734375,23.863359451293945,20.359358923775808,0.7546798586845398,0.7547564506530762,0.008809475228190422,0.7368828058242798,0.7407230734825134,0.7430603504180908,0.7486056089401245,0.7547564506530762,0.7609891891479492,0.7669942378997803,0.7691962122917175,0.7703796029090881
39620,-0.7547140121459961,27.647247314453125,23.867725372314453,20.304438727242605,0.7547141313552856,0.7547564506530762,0.00880226120352745,0.7368828058242798,0.7407230734825134,0.7430675625801086,0.7486056089401245,0.7547564506530762,0.7609891891479492,0.7669942378997803,0.7691962122917175,0.7703796029090881
39655,-0.7547303438186646,27.626060485839844,23.86277198791504,20.237322398594447,0.7547304034233093,0.7547564506530762,0.008803930133581161,0.7368828058242798,0.7407230734825134,0.7430737018585205,0.7489804029464722,0.7547564506530762,0.7612981796264648,0.7669942378997803,0.7691962122917175,0.7703796029090881
39690,-0.7547697424888611,27.613130569458008,23.866100311279297,20.18381663731166,0.7547697424888611,0.7547564506530762,0.008771371096372604,0.7369052767753601,0.7407230734825134,0.7430737018585205,0.7489804029464722,0.7547564506530762,0.7612981796264648,0.7669942378997803,0.7691962122917175,0.7703796029090881
39725,-0.7547845840454102,27.600542068481445,23.86818504333496,20.125204631260463,0.7547847032546997,0.7547564506530762,0.008781091310083866,0.7369052767753601,0.7407230734825134,0.7430737018585205,0.7489804029464722,0.7547564506530762,0.7613282203674316,0.7670239210128784,0.7691962122917175,0.7703796029090881
39760,-0.7547903060913086,27.588821411132812,23.872007369995117,20.06917108808245,0.7547904253005981,0.7547564506530762,0.008778725750744343,0.7369052767753601,0.7407230734825134,0.7430737018585205,0.7489804029464722,0.7547564506530762,0.7613282203674316,0.7670239210128784,0.7691962122917175,0.7703796029090881
39795,-0.7548214793205261,27.562110900878906,23.864320755004883,19.996628080095565,0.7548214793205261,0.7547564506530762,0.008779526688158512,0.7369052767753601,0.7407230734825134,0.7430737018585205,0.7489804029464722,0.7547564506530762,0.7613282203674316,0.7670239210128784,0.7691962122917175,0.7703796029090881
39830,-0.7548214793205261,27.548681259155273,23.867774963378906,19.932614462716238,0.7548214793205261,0.7547564506530762,0.008779526688158512,0.7369052767753601,0.7407230734825134,0.7430737018585205,0.7489804029464722,0.7547564506530762,0.7613282203674316,0.7670239210128784,0.7691962122917175,0.7703796029090881
39865,-0.7548381090164185,27.53963279724121,23.873777389526367,19.87534659249442,0.7548381686210632,0.7547564506530762,0.008753398433327675,0.7376789450645447,0.7407230734825134,0.7430737018585205,0.7489804029464722,0.7547564506530762,0.7613282203674316,0.7670239210128784,0.7691962122917175,0.7703796029090881
39900,-0.7548654675483704,27.51854705810547,23.87133026123047,19.809816360473633,0.7548655867576599,0.7548391819000244,0.008745233528316021,0.7376789450645447,0.7407230734825134,0.7430737018585205,0.7489804029464722,0.7548391819000244,0.7613282203674316,0.7672799229621887,0.7691962122917175,0.7703796029090881
39935,-0.7549294829368591,27.498186111450195,23.8686466217041,19.75160244532994,0.7549294829368591,0.7552198171615601,0.008737822063267231,0.7376789450645447,0.7407230734825134,0.7430759072303772,0.7490800023078918,0.7552198171615601,0.7613282203674316,0.7672799229621887,0.7691962122917175,0.7703796029090881
39970,-0.7549377083778381,27.488874435424805,23.878252029418945,19.69167218889509,0.7549377679824829,0.7552198171615601,0.008734515868127346,0.7376789450645447,0.7407230734825134,0.7430965304374695,0.7490800023078918,0.7552198171615601,0.7613282203674316,0.7672799229621887,0.7691962122917175,0.7703796029090881
40005,-0.7549768090248108,27.46837615966797,23.873945236206055,19.634913853236608,0.7549768090248108,0.7552263140678406,0.00875248946249485,0.7376789450645447,0.7407230734825134,0.7430965304374695,0.7490800023078918,0.7552263140678406,0.761346697807312,0.7672799229621887,0.7691962122917175,0.7703796029090881
40040,-0.7549998164176941,27.448747634887695,23.869949340820312,19.57911491394043,0.7549998760223389,0.7552263140678406,0.008757013827562332,0.7376789450645447,0.7407230734825134,0.7430965304374695,0.7490800023078918,0.7552263140678406,0.761346697807312,0.7672799229621887,0.7691962122917175,0.7703796029090881
40075,-0.7550700902938843,27.44316291809082,23.88096809387207,19.515611921037948,0.7550700902938843,0.7552263140678406,0.008779454044997692,0.7376789450645447,0.7407230734825134,0.7430965304374695,0.7490800023078918,0.7552263140678406,0.7618615627288818,0.7672799229621887,0.7691962122917175,0.7703796029090881
40110,-0.7550970911979675,27.43386459350586,23.888385772705078,19.45417376926967,0.7550971508026123,0.7552529573440552,0.00879288837313652,0.7376789450645447,0.7407230734825134,0.7430965304374695,0.7490800023078918,0.7552529573440552,0.7618615627288818,0.7673653364181519,0.7691962122917175,0.7703796029090881
40145,-0.7551043629646301,27.40993881225586,23.88129234313965,19.389916828700475,0.7551043033599854,0.7552529573440552,0.008798579685389996,0.7376789450645447,0.7407230734825134,0.7430965304374695,0.7490800023078918,0.7552529573440552,0.7618615627288818,0.7673653364181519,0.7691962122917175,0.7703796029090881
40180,-0.7551310062408447,27.392778396606445,23.881784439086914,19.327434539794922,0.7551310658454895,0.7553999423980713,0.008794893510639668,0.7376789450645447,0.7407230734825134,0.7430965304374695,0.7490800023078918,0.7553999423980713,0.7618615627288818,0.7673653364181519,0.7691962122917175,0.7703796029090881
40215,-0.7551608681678772,27.386184692382812,23.890146255493164,19.272934777396067,0.7551609873771667,0.7553999423980713,0.008777225390076637,0.7384198904037476,0.7407230734825134,0.7430965304374695,0.7490800023078918,0.7553999423980713,0.7618615627288818,0.7673653364181519,0.7691962122917175,0.7704007625579834
40250,-0.7551799416542053,27.36534881591797,23.883113861083984,19.218927110944474,0.7551800012588501,0.7553999423980713,0.008772940374910831,0.7384198904037476,0.7407230734825134,0.7430965304374695,0.7492187023162842,0.7553999423980713,0.7618615627288818,0.7673788070678711,0.7691962122917175,0.7704007625579834
40285,-0.7551882266998291,27.341522216796875,23.877782821655273,19.153817585536412,0.7551882266998291,0.7553999423980713,0.008777646347880363,0.7384198904037476,0.7407230734825134,0.7430965304374695,0.7492187023162842,0.7553999423980713,0.7618615627288818,0.7673788070678711,0.7691962122917175,0.7704007625579834
40320,-0.7552067637443542,27.336803436279297,23.887969970703125,19.099186216081893,0.7552067637443542,0.7553999423980713,0.008784391917288303,0.7384198904037476,0.7407230734825134,0.7430965304374695,0.7492187023162842,0.7553999423980713,0.7618615627288818,0.7673788070678711,0.7691962122917175,0.7704007625579834
40355,-0.7552136182785034,27.311296463012695,23.876956939697266,19.039085933140345,0.7552136182785034,0.7553999423980713,0.008778193034231663,0.7384198904037476,0.7407230734825134,0.7430965304374695,0.7492187023162842,0.7553999423980713,0.7618615627288818,0.7673788070678711,0.7691962122917175,0.7704007625579834
40390,-0.7552778720855713,27.30190658569336,23.882661819458008,18.978972571236746,0.7552779316902161,0.7556298971176147,0.008791017346084118,0.7384198904037476,0.7407230734825134,0.7430965304374695,0.7492187023162842,0.7556298971176147,0.7618615627288818,0.7673788070678711,0.7691962122917175,0.7704007625579834
40425,-0.7553035616874695,27.299358367919922,23.894763946533203,18.92741584777832,0.7553035616874695,0.7556298971176147,0.008793001994490623,0.7384198904037476,0.7407230734825134,0.7430965304374695,0.7492187023162842,0.7556298971176147,0.7618615627288818,0.7673788070678711,0.7691962122917175,0.7704007625579834
40460,-0.7553288340568542,27.28212547302246,23.893577575683594,18.864991869245255,0.7553287744522095,0.7556298971176147,0.008789418265223503,0.7384198904037476,0.7407230734825134,0.7430965304374695,0.7492187023162842,0.7556298971176147,0.7618615627288818,0.7673788070678711,0.7691962122917175,0.7704007625579834
40495,-0.7553318738937378,27.25969886779785,23.88570213317871,18.804190499441965,0.7553319334983826,0.7556298971176147,0.008785050362348557,0.7384198904037476,0.7407230734825134,0.7433830499649048,0.7492187023162842,0.7556298971176147,0.7618615627288818,0.7673788070678711,0.7691962122917175,0.7704007625579834
40530,-0.7553324699401855,27.236827850341797,23.87904930114746,18.744461604527064,0.7553324699401855,0.7556298971176147,0.008784663863480091,0.7384198904037476,0.7407230734825134,0.7433830499649048,0.7492187023162842,0.7556298971176147,0.7618615627288818,0.7673788070678711,0.7691962122917175,0.7704007625579834
40565,-0.7553730010986328,27.219898223876953,23.88210105895996,18.676788875034877,0.7553730010986328,0.7556298971176147,0.008797944523394108,0.7384198904037476,0.7407230734825134,0.7433830499649048,0.7493467330932617,0.7556298971176147,0.7618615627288818,0.7673788070678711,0.7691962122917175,0.7704007625579834
40600,-0.7554115056991577,27.214128494262695,23.891080856323242,18.622536523001536,0.755411684513092,0.7556298971176147,0.008797896094620228,0.7384198904037476,0.7407230734825134,0.7433830499649048,0.7495510578155518,0.7556298971176147,0.7618615627288818,0.7673788070678711,0.7691962122917175,0.7704007625579834
40635,-0.7554469704627991,27.200210571289062,23.888813018798828,18.568789073399135,0.7554470896720886,0.7556298971176147,0.00879480130970478,0.7384198904037476,0.7407230734825134,0.7439168095588684,0.7495510578155518,0.7556298971176147,0.7618632912635803,0.7676211595535278,0.7691962122917175,0.7704007625579834
40670,-0.7554540038108826,27.183204650878906,23.889507293701172,18.50704547337123,0.7554540038108826,0.7556298971176147,0.00879428256303072,0.7384198904037476,0.7407230734825134,0.7439168095588684,0.7495510578155518,0.7556298971176147,0.7618632912635803,0.7676211595535278,0.7691962122917175,0.7704007625579834
40705,-0.7554725408554077,27.181549072265625,23.90308380126953,18.450328009469168,0.7554725408554077,0.7556298971176147,0.008798572234809399,0.7384198904037476,0.7407230734825134,0.7439168095588684,0.7500723600387573,0.7556298971176147,0.7618632912635803,0.7676299810409546,0.7691962122917175,0.7704007625579834
40740,-0.7555006742477417,27.157325744628906,23.89397621154785,18.390694209507533,0.7555007934570312,0.7556298971176147,0.008788792416453362,0.7384198904037476,0.7407230734825134,0.7439168095588684,0.7500723600387573,0.7556298971176147,0.7618632912635803,0.7676299810409546,0.7691962122917175,0.7704007625579834
40775,-0.7555406093597412,27.146244049072266,23.89986228942871,18.327032361711776,0.7555406093597412,0.7556298971176147,0.008763863705098629,0.7384198904037476,0.7407230734825134,0.7439306378364563,0.7500723600387573,0.7556298971176147,0.7618632912635803,0.7676299810409546,0.7691962122917175,0.7704007625579834
40810,-0.7555662989616394,27.130857467651367,23.901443481445312,18.263532093593053,0.7555663585662842,0.7556298971176147,0.0087456488981843,0.7384198904037476,0.7407230734825134,0.7440158128738403,0.7500723600387573,0.7556298971176147,0.7620217800140381,0.7676299810409546,0.7691962122917175,0.7704007625579834
40845,-0.755566418170929,27.106616973876953,23.89250373840332,18.208457674298966,0.755566418170929,0.7556298971176147,0.008745556697249413,0.7384198904037476,0.7407230734825134,0.7440158128738403,0.7500723600387573,0.7556298971176147,0.7620217800140381,0.7676299810409546,0.7691962122917175,0.7704007625579834
40880,-0.75557541847229,27.08572006225586,23.887344360351562,18.15258244105748,0.7555754780769348,0.7556298971176147,0.008756020106375217,0.7384198904037476,0.7407230734825134,0.7440158128738403,0.7500723600387573,0.7556298971176147,0.7620217800140381,0.7676299810409546,0.7691962122917175,0.7704007625579834
40915,-0.7556489109992981,27.06801986694336,23.885576248168945,18.09016990661621,0.7556489706039429,0.7556298971176147,0.008753732778131962,0.7384198904037476,0.7411261796951294,0.7440158128738403,0.7500723600387573,0.7556298971176147,0.7620217800140381,0.7676346302032471,0.7691962122917175,0.7704007625579834
40950,-0.7556570172309875,27.066328048706055,23.898839950561523,18.032711574009486,0.7556570172309875,0.7556298971176147,0.008765021339058876,0.7384198904037476,0.7411261796951294,0.7440158128738403,0.7500723600387573,0.7556298971176147,0.7620217800140381,0.7683541178703308,0.7691962122917175,0.7704007625579834
40985,-0.7557006478309631,27.05059814453125,23.900367736816406,17.966955184936523,0.7557007074356079,0.7556298971176147,0.0087308119982481,0.7384198904037476,0.7411261796951294,0.7440158128738403,0.7500723600387573,0.7556298971176147,0.7620217800140381,0.7683541178703308,0.7691962122917175,0.7704007625579834
41020,-0.7557185888290405,27.040863037109375,23.904869079589844,17.90727206638881,0.7557187080383301,0.7556298971176147,0.00872854609042406,0.7384198904037476,0.7412765026092529,0.7440158128738403,0.7500723600387573,0.7556298971176147,0.762316107749939,0.7683541178703308,0.7691962122917175,0.7704007625579834
41055,-0.7557381987571716,27.016685485839844,23.896297454833984,17.848482949393137,0.755738377571106,0.7557162046432495,0.008703642524778843,0.7384198904037476,0.7412765026092529,0.7440158128738403,0.7500723600387573,0.7557162046432495,0.7623965740203857,0.7683541178703308,0.7691962122917175,0.7704007625579834
41090,-0.7557801008224487,27.001976013183594,23.896318435668945,17.79145077296666,0.7557801604270935,0.7559322118759155,0.008703334257006645,0.7384198904037476,0.7412765026092529,0.7440158128738403,0.7500723600387573,0.7559322118759155,0.7623965740203857,0.7683541178703308,0.7691962122917175,0.7704007625579834
41125,-0.7557804584503174,26.991100311279297,23.900144577026367,17.732149124145508,0.7557805776596069,0.7559322118759155,0.008703473955392838,0.7384198904037476,0.7412765026092529,0.7440158128738403,0.7500723600387573,0.7559322118759155,0.7623965740203857,0.7683541178703308,0.7691962122917175,0.7704007625579834
41160,-0.7558166980743408,26.9762020111084,23.900739669799805,17.671158926827566,0.7558168172836304,0.7559322118759155,0.00870444718748331,0.7384198904037476,0.7412765026092529,0.7440158128738403,0.7500723600387573,0.7559322118759155,0.7626045346260071,0.7683541178703308,0.7691962122917175,0.7704007625579834
41195,-0.7558531165122986,26.968902587890625,23.908754348754883,17.612027849469865,0.7558532953262329,0.7559322118759155,0.008668243885040283,0.7384231686592102,0.7412765026092529,0.7440158128738403,0.7500723600387573,0.7559322118759155,0.7626045346260071,0.768491268157959,0.7691962122917175,0.7704007625579834
41230,-0.7558633089065552,26.95689582824707,23.909717559814453,17.558490753173828,0.7558634877204895,0.7559322118759155,0.008664675988256931,0.7384231686592102,0.7412765026092529,0.7440158128738403,0.7502393126487732,0.7559322118759155,0.7626045346260071,0.768491268157959,0.7691962122917175,0.7704007625579834
41265,-0.755876362323761,26.935884475708008,23.904552459716797,17.497594833374023,0.755876362323761,0.7559322118759155,0.008675118908286095,0.7384231686592102,0.7412765026092529,0.7440158128738403,0.7502393126487732,0.7559322118759155,0.7626552581787109,0.768491268157959,0.7691962122917175,0.7704007625579834
41300,-0.755889356136322,26.910032272338867,23.895000457763672,17.439558029174805,0.755889356136322,0.7559322118759155,0.008666763082146645,0.7384231686592102,0.7412765026092529,0.7440158128738403,0.7502393126487732,0.7559322118759155,0.7626552581787109,0.768491268157959,0.7691962122917175,0.7704041600227356
41335,-0.7559033036231995,26.900205612182617,23.901782989501953,17.374241965157644,0.7559032440185547,0.7559322118759155,0.008672820404171944,0.7384231686592102,0.7412765026092529,0.7440158128738403,0.7502393126487732,0.7559322118759155,0.7626552581787109,0.768491268157959,0.7691962122917175,0.7704041600227356
41370,-0.7559316754341125,26.894554138183594,23.908611297607422,17.320228849138534,0.7559316754341125,0.7559322118759155,0.008643236011266708,0.739380419254303,0.7412765026092529,0.7440158128738403,0.7502393126487732,0.7559322118759155,0.7626552581787109,0.768491268157959,0.7691962122917175,0.7704041600227356
41405,-0.7559434175491333,26.876426696777344,23.907310485839844,17.253311702183314,0.7559435367584229,0.7559322118759155,0.008631342090666294,0.739380419254303,0.7412939667701721,0.7441772818565369,0.7502393126487732,0.7559322118759155,0.7626552581787109,0.768491268157959,0.7691962122917175,0.7704041600227356
41440,-0.7559627294540405,26.85979461669922,23.90473175048828,17.193644659859793,0.7559628486633301,0.7559322118759155,0.008646753616631031,0.739380419254303,0.7412939667701721,0.7441772818565369,0.7502393126487732,0.7559322118759155,0.7626552581787109,0.768491268157959,0.7691962122917175,0.7704041600227356
41475,-0.7559769153594971,26.84954071044922,23.904674530029297,17.146190915788925,0.7559770345687866,0.7559322118759155,0.008648072369396687,0.739380419254303,0.7412939667701721,0.7441772818565369,0.7502393126487732,0.7559322118759155,0.7626552581787109,0.768491268157959,0.7691962122917175,0.7704041600227356
41510,-0.7560049891471863,26.828140258789062,23.899120330810547,17.089235850742885,0.7560051083564758,0.7559322118759155,0.008657530881464481,0.739380419254303,0.7412939667701721,0.7441772818565369,0.7502393126487732,0.7559322118759155,0.7628268599510193,0.7685496807098389,0.7691962122917175,0.7704041600227356
41545,-0.7560213804244995,26.808500289916992,23.89559555053711,17.033504758562362,0.7560214400291443,0.7559725046157837,0.008655964396893978,0.739380419254303,0.7412939667701721,0.7441991567611694,0.7503238916397095,0.7559725046157837,0.7628268599510193,0.7685496807098389,0.769199788570404,0.7704041600227356
41580,-0.7560251951217651,26.803415298461914,23.904491424560547,16.98401096888951,0.7560251355171204,0.7559725046157837,0.008659562095999718,0.739380419254303,0.7412939667701721,0.7441991567611694,0.7503238916397095,0.7559725046157837,0.7628268599510193,0.7685496807098389,0.769199788570404,0.7704041600227356
41615,-0.7560379505157471,26.79292869567871,23.90630340576172,16.926962988717214,0.7560379505157471,0.7559725046157837,0.008647404611110687,0.7393870949745178,0.7412939667701721,0.7441991567611694,0.7503238916397095,0.7559725046157837,0.7628268599510193,0.7685496807098389,0.769199788570404,0.7704041600227356
41650,-0.7560427784919739,26.775373458862305,23.902816772460938,16.869366237095424,0.7560427784919739,0.7559725046157837,0.008651801384985447,0.7393870949745178,0.7412939667701721,0.7441991567611694,0.7503238916397095,0.7559725046157837,0.7628268599510193,0.7685496807098389,0.769199788570404,0.7704041600227356
41685,-0.7561005353927612,26.780187606811523,23.920684814453125,16.817922592163086,0.7561005353927612,0.7559725046157837,0.008585495874285698,0.740336000919342,0.7416152358055115,0.7441991567611694,0.7503238916397095,0.7559725046157837,0.7628268599510193,0.7686918377876282,0.769416332244873,0.7704041600227356
41720,-0.7561027407646179,26.761686325073242,23.915843963623047,16.76123537336077,0.7561027407646179,0.7559725046157837,0.008581629954278469,0.740336000919342,0.7416265606880188,0.7441991567611694,0.7503238916397095,0.7559725046157837,0.7628268599510193,0.7686918377876282,0.769416332244873,0.7704041600227356
41755,-0.7561081647872925,26.75368881225586,23.921178817749023,16.709144864763534,0.7561081051826477,0.7559725046157837,0.00858145672827959,0.740336000919342,0.7416265606880188,0.7441991567611694,0.7503238916397095,0.7559725046157837,0.7628268599510193,0.7686918377876282,0.769416332244873,0.7704041600227356
41790,-0.7561692595481873,26.742324829101562,23.92635154724121,16.644029344831193,0.7561693787574768,0.7559725046157837,0.008537618443369865,0.740336000919342,0.7416265606880188,0.7441991567611694,0.7504277229309082,0.7559725046157837,0.7628268599510193,0.7686918377876282,0.769416332244873,0.7704041600227356
41825,-0.7561821341514587,26.721757888793945,23.918319702148438,16.593366622924805,0.756182074546814,0.7559725046157837,0.008552099578082561,0.740336000919342,0.7416265606880188,0.7441991567611694,0.7504277229309082,0.7559725046157837,0.7628268599510193,0.7687425017356873,0.769416332244873,0.7704041600227356
41860,-0.7562035918235779,26.720054626464844,23.929546356201172,16.537562779017858,0.7562035322189331,0.7559725046157837,0.008528118021786213,0.740336000919342,0.7424175143241882,0.7441991567611694,0.7504277229309082,0.7559725046157837,0.7628268599510193,0.7687425017356873,0.769416332244873,0.7704041600227356
41895,-0.7562193274497986,26.709228515625,23.932273864746094,16.48429570879255,0.7562192678451538,0.7559725046157837,0.008541376329958439,0.740336000919342,0.7424175143241882,0.7441991567611694,0.7504277229309082,0.7559725046157837,0.7628268599510193,0.7687437534332275,0.769416332244873,0.7704041600227356
41930,-0.7562367916107178,26.694740295410156,23.93134117126465,16.437750680106028,0.756236732006073,0.7559725046157837,0.0085371695458889,0.740336000919342,0.7424175143241882,0.7441991567611694,0.7504277229309082,0.7559725046157837,0.7628268599510193,0.7687437534332275,0.7694253921508789,0.7704041600227356
41965,-0.7562504410743713,26.682737350463867,23.932065963745117,16.380842753819056,0.7562504410743713,0.7562339305877686,0.008536368608474731,0.740336000919342,0.7424175143241882,0.7441991567611694,0.7504277229309082,0.7562339305877686,0.7628268599510193,0.7687437534332275,0.7694253921508789,0.7704041600227356
42000,-0.7562670707702637,26.669878005981445,23.93206024169922,16.333201272147043,0.7562670707702637,0.7562339305877686,0.008529646322131157,0.740336000919342,0.7424175143241882,0.7441991567611694,0.7504277229309082,0.7562339305877686,0.7628268599510193,0.7687437534332275,0.7694253921508789,0.7704041600227356
42035,-0.7562709450721741,26.665342330932617,23.941173553466797,16.27546146937779,0.7562708854675293,0.7562339305877686,0.00853571854531765,0.740336000919342,0.7424175143241882,0.7441991567611694,0.7504277229309082,0.7562339305877686,0.7628268599510193,0.7687437534332275,0.7694253921508789,0.7705202102661133
42070,-0.7562849521636963,26.65534019470215,23.942790985107422,16.226611409868514,0.7562849521636963,0.756318211555481,0.008543585427105427,0.740336000919342,0.7424224019050598,0.7441991567611694,0.7504277229309082,0.756318211555481,0.7628268599510193,0.7687437534332275,0.7694253921508789,0.7705202102661133
42105,-0.7562956809997559,26.653635025024414,23.951881408691406,16.180710111345565,0.7562956809997559,0.756318211555481,0.008551422506570816,0.740336000919342,0.7424224019050598,0.7441991567611694,0.7504277229309082,0.756318211555481,0.7628268599510193,0.7687437534332275,0.7694253921508789,0.7709909081459045
42140,-0.7563400268554688,26.643896102905273,23.955276489257812,16.125078882489884,0.7563400864601135,0.756318211555481,0.00855518039315939,0.740336000919342,0.7424224019050598,0.7441991567611694,0.7504277229309082,0.756318211555481,0.7628268599510193,0.7687437534332275,0.7694253921508789,0.7709909081459045
42175,-0.756384551525116,26.649524688720703,23.97430419921875,16.072925567626953,0.7563844919204712,0.756318211555481,0.008568739518523216,0.740336000919342,0.7424224019050598,0.7441991567611694,0.7504277229309082,0.756318211555481,0.7632273435592651,0.7687807083129883,0.7695212364196777,0.7709909081459045
42210,-0.7564060688018799,26.639867782592773,23.976116180419922,16.02874388013567,0.7564061880111694,0.756318211555481,0.00855662114918232,0.740336000919342,0.7425239682197571,0.7441991567611694,0.7504277229309082,0.756318211555481,0.7632273435592651,0.7687807083129883,0.7695212364196777,0.7709909081459045
42245,-0.756416916847229,26.6216983795166,23.97039794921875,15.979046549115862,0.7564170360565186,0.756318211555481,0.00854851957410574,0.740336000919342,0.7430046200752258,0.7441991567611694,0.7504277229309082,0.756318211555481,0.7632273435592651,0.7687807083129883,0.7695212364196777,0.7709909081459045
42280,-0.7564263939857483,26.606021881103516,23.966590881347656,15.925210544041224,0.7564263939857483,0.756318211555481,0.008549346588551998,0.740336000919342,0.7430071830749512,0.7441991567611694,0.7504277229309082,0.756318211555481,0.7632273435592651,0.7687807083129883,0.7695212364196777,0.7709909081459045
42315,-0.7564672827720642,26.606412887573242,23.978771209716797,15.875119890485491,0.7564672827720642,0.756318211555481,0.008519204333424568,0.7406942248344421,0.7430071830749512,0.7441991567611694,0.7504277229309082,0.756318211555481,0.7632273435592651,0.7687807083129883,0.7695212364196777,0.7709909081459045
42350,-0.7564675807952881,26.6010684967041,23.987266540527344,15.81916196005685,0.7564676403999329,0.756318211555481,0.008518540300428867,0.7407294511795044,0.7430071830749512,0.7441991567611694,0.7504277229309082,0.756318211555481,0.7632273435592651,0.7687807083129883,0.7695212364196777,0.7709909081459045
42385,-0.7564756870269775,26.594114303588867,23.99518585205078,15.75901917048863,0.7564757466316223,0.756318211555481,0.00851063895970583,0.7407294511795044,0.7430071830749512,0.7441991567611694,0.7504277229309082,0.756318211555481,0.7632273435592651,0.7687807083129883,0.7695212364196777,0.7709909081459045
42420,-0.7564855813980103,26.583274841308594,23.99516487121582,15.713205201285225,0.7564857006072998,0.756318211555481,0.008514704182744026,0.7407294511795044,0.7430071830749512,0.7441991567611694,0.7504854202270508,0.756318211555481,0.7632273435592651,0.7687807083129883,0.7695212364196777,0.7709909081459045
42455,-0.7564924359321594,26.567766189575195,23.9960880279541,15.64814840044294,0.7564924359321594,0.756318211555481,0.008504688739776611,0.7407294511795044,0.7430071830749512,0.7443098425865173,0.7504854202270508,0.756318211555481,0.7632273435592651,0.7687807083129883,0.7695212364196777,0.7709909081459045
42490,-0.7565211057662964,26.568254470825195,24.01033592224121,15.592223303658622,0.7565212249755859,0.756318211555481,0.00851400289684534,0.7407294511795044,0.7430071830749512,0.7443098425865173,0.7504854202270508,0.756318211555481,0.7632273435592651,0.7687807083129883,0.7698026299476624,0.7709909081459045
42525,-0.7565589547157288,26.55406951904297,24.00872039794922,15.532203946794782,0.7565590739250183,0.756318211555481,0.008517608977854252,0.7407294511795044,0.7430071830749512,0.7445070743560791,0.7506327033042908,0.756318211555481,0.7632273435592651,0.7687807083129883,0.7698026299476624,0.7709909081459045
42560,-0.7565675377845764,26.539405822753906,24.00680923461914,15.47909505026681,0.7565675973892212,0.756318211555481,0.008512177504599094,0.7407294511795044,0.7430071830749512,0.7445070743560791,0.7506327033042908,0.756318211555481,0.7632273435592651,0.7687807083129883,0.7698026299476624,0.7709909081459045
42595,-0.7565844655036926,26.52865219116211,24.007266998291016,15.433848244803292,0.7565844655036926,0.756318211555481,0.008518271148204803,0.7407294511795044,0.7430071830749512,0.744512677192688,0.7506327033042908,0.756318211555481,0.7632273435592651,0.7687807083129883,0.7700382471084595,0.7709909081459045
42630,-0.7565968036651611,26.515207290649414,24.007122039794922,15.382652146475655,0.7565969228744507,0.756318211555481,0.008526175282895565,0.7407294511795044,0.7430071830749512,0.744512677192688,0.7506394386291504,0.756318211555481,0.7632273435592651,0.7687807083129883,0.7700382471084595,0.7709909081459045
42665,-0.7566365599632263,26.50701141357422,24.012109756469727,15.329358782087054,0.7566365599632263,0.756318211555481,0.00851415004581213,0.7407294511795044,0.7430071830749512,0.744512677192688,0.7506700754165649,0.756318211555481,0.7632273435592651,0.7687807083129883,0.7700382471084595,0.7709909081459045
42700,-0.7566481828689575,26.502357482910156,24.02184295654297,15.279461451939174,0.7566481828689575,0.756318211555481,0.008510058745741844,0.7408781051635742,0.7430071830749512,0.744512677192688,0.7506700754165649,0.756318211555481,0.7632273435592651,0.7687807083129883,0.7700382471084595,0.7709909081459045
42735,-0.7566646337509155,26.497716903686523,24.026948928833008,15.233533995492119,0.7566646337509155,0.756318211555481,0.00850630458444357,0.7408781051635742,0.7430071830749512,0.744512677192688,0.7506700754165649,0.756318211555481,0.7632273435592651,0.7687807083129883,0.7702063918113708,0.7709909081459045
42770,-0.7566665410995483,26.476816177368164,24.019115447998047,15.17780876159668,0.7566665410995483,0.756318211555481,0.008508256636559963,0.7408781051635742,0.7430071830749512,0.744512677192688,0.7506700754165649,0.756318211555481,0.7632273435592651,0.7687807083129883,0.7702063918113708,0.7709909081459045
42805,-0.7567184567451477,26.467878341674805,24.023094177246094,15.124509402683803,0.7567184567451477,0.756318211555481,0.008531121537089348,0.7408781051635742,0.7430071830749512,0.744512677192688,0.7506700754165649,0.756318211555481,0.7633066177368164,0.7687807083129883,0.770211398601532,0.7709909081459045
42840,-0.7567319273948669,26.465024948120117,24.03150749206543,15.077077865600586,0.7567319273948669,0.756318211555481,0.008527511730790138,0.7408781051635742,0.7430071830749512,0.744512677192688,0.7506700754165649,0.756318211555481,0.7633066177368164,0.7687807083129883,0.770211398601532,0.7709909081459045
42875,-0.7567450404167175,26.443531036376953,24.024700164794922,15.01360171181815,0.7567451596260071,0.756318211555481,0.008527285419404507,0.7408781051635742,0.7430071830749512,0.744527280330658,0.7506700754165649,0.756318211555481,0.7633066177368164,0.7687807083129883,0.770211398601532,0.7709909081459045
42910,-0.756754994392395,26.440584182739258,24.035932540893555,14.960393360682897,0.7567550539970398,0.756318211555481,0.008540832437574863,0.7408781051635742,0.7430071830749512,0.744527280330658,0.7506700754165649,0.756318211555481,0.7633066177368164,0.7687807083129883,0.770211398601532,0.7718116641044617
42945,-0.7568056583404541,26.42975425720215,24.03726577758789,14.915634155273438,0.7568057179450989,0.7564629912376404,0.00856925267726183,0.7408781051635742,0.7430071830749512,0.744527280330658,0.750682532787323,0.7564629912376404,0.7633066177368164,0.7687807083129883,0.7704606652259827,0.771823525428772
42980,-0.7568062543869019,26.429443359375,24.04888153076172,14.867553574698311,0.7568063139915466,0.7564629912376404,0.008568313904106617,0.7408781051635742,0.7430071830749512,0.744527280330658,0.750682532787323,0.7564629912376404,0.7633066177368164,0.7687807083129883,0.7704606652259827,0.771823525428772
43015,-0.7568368315696716,26.419437408447266,24.054424285888672,14.807959692818779,0.7568369507789612,0.7569189071655273,0.008584829978644848,0.7408781051635742,0.7430071830749512,0.744527280330658,0.750682532787323,0.7569189071655273,0.7633066177368164,0.7687807083129883,0.7704606652259827,0.771823525428772
43050,-0.7568406462669373,26.406455993652344,24.053647994995117,14.756455966404506,0.7568406462669373,0.7569189071655273,0.008588912896811962,0.7408781051635742,0.7430071830749512,0.744527280330658,0.750682532787323,0.7569189071655273,0.7633066177368164,0.7687807083129883,0.7704606652259827,0.771823525428772
43085,-0.7568521499633789,26.396848678588867,24.055652618408203,14.703661509922572,0.7568522691726685,0.7569189071655273,0.00858463253825903,0.7408781051635742,0.7430071830749512,0.744527280330658,0.750682532787323,0.7569189071655273,0.7633066177368164,0.7687807083129883,0.7704606652259827,0.771823525428772
43120,-0.7568687200546265,26.385026931762695,24.056922912597656,14.646595682416644,0.7568688988685608,0.7569189071655273,0.008597664535045624,0.7408781051635742,0.7430071830749512,0.744527280330658,0.750682532787323,0.7569189071655273,0.7633066177368164,0.7687807083129883,0.7704606652259827,0.771823525428772
43155,-0.7568773627281189,26.3784236907959,24.060447692871094,14.603937830243792,0.7568773627281189,0.7569189071655273,0.008585833013057709,0.7408781051635742,0.7430495619773865,0.744527280330658,0.750682532787323,0.7569189071655273,0.7633066177368164,0.7687807083129883,0.7704606652259827,0.771823525428772
43190,-0.7568970322608948,26.371238708496094,24.065916061401367,14.559616906302315,0.75689697265625,0.7569189071655273,0.008582995273172855,0.7408781051635742,0.7430519461631775,0.7449042201042175,0.7507979273796082,0.7569189071655273,0.7634125351905823,0.7687807083129883,0.7704606652259827,0.771823525428772
43225,-0.7569389939308167,26.354589462280273,24.061609268188477,14.5032867704119,0.7569389939308167,0.7569189071655273,0.008536419831216335,0.7412763833999634,0.7430577874183655,0.7449042201042175,0.7507979273796082,0.7569189071655273,0.7634125351905823,0.7687807083129883,0.7704606652259827,0.771823525428772
43260,-0.7569483518600464,26.352815628051758,24.072416305541992,14.448143414088658,0.7569484710693359,0.7569189071655273,0.008539342321455479,0.7412763833999634,0.7430577874183655,0.7449042201042175,0.7507979273796082,0.7569189071655273,0.7634980082511902,0.7687807083129883,0.7704606652259827,0.771823525428772
43295,-0.7570151090621948,26.343482971191406,24.0753231048584,14.394080434526716,0.7570152282714844,0.7572335004806519,0.008581358008086681,0.7412763833999634,0.7430577874183655,0.7449042201042175,0.750905454158783,0.7572335004806519,0.7634980082511902,0.7687807083129883,0.7704917192459106,0.7727298736572266
43330,-0.7570325136184692,26.337045669555664,24.080785751342773,14.348640305655342,0.7570326328277588,0.7572335004806519,0.00856161117553711,0.7412763833999634,0.7431073784828186,0.7449042201042175,0.750905454158783,0.7572335004806519,0.7634980082511902,0.7687807083129883,0.7704917192459106,0.7727298736572266
43365,-0.7570679783821106,26.3299560546875,24.0843563079834,14.295778547014509,0.7570680379867554,0.7572335004806519,0.008579838089644909,0.7412763833999634,0.7431073784828186,0.7449042201042175,0.750905454158783,0.7572335004806519,0.7634980082511902,0.7687807083129883,0.7704917192459106,0.7727298736572266
43400,-0.7571039199829102,26.31841278076172,24.08477020263672,14.233700479779925,0.7571040391921997,0.7572335004806519,0.008584365248680115,0.7412763833999634,0.7431073784828186,0.7449042201042175,0.7509230971336365,0.7572335004806519,0.7634980082511902,0.7687807083129883,0.7704917192459106,0.7727298736572266
43435,-0.7571068406105042,26.314069747924805,24.09528160095215,14.185855184282575,0.7571069598197937,0.7572335004806519,0.008581645786762238,0.7412763833999634,0.7431073784828186,0.7449042201042175,0.7509230971336365,0.7572335004806519,0.7634980082511902,0.7687807083129883,0.7704917192459106,0.7727298736572266
43470,-0.7571220397949219,26.301856994628906,24.0946102142334,14.137100628444127,0.7571220397949219,0.7572335004806519,0.008571812883019447,0.7412763833999634,0.7431073784828186,0.7454544901847839,0.7509230971336365,0.7572335004806519,0.7634980082511902,0.7687807083129883,0.7704917192459106,0.7727298736572266
43505,-0.7571322321891785,26.295536041259766,24.099159240722656,14.076525279453822,0.7571322917938232,0.7572335004806519,0.008560959249734879,0.7412763833999634,0.7431073784828186,0.7454544901847839,0.7509262561798096,0.7572335004806519,0.7634980082511902,0.7687807083129883,0.7704917192459106,0.7727298736572266
43540,-0.7571338415145874,26.28875732421875,24.104259490966797,14.023262023925781,0.7571338415145874,0.7572335004806519,0.008560104295611382,0.7412763833999634,0.7431073784828186,0.7454544901847839,0.7509262561798096,0.7572335004806519,0.7634980082511902,0.7687807083129883,0.7704917192459106,0.7727298736572266
43575,-0.7571451663970947,26.276329040527344,24.104646682739258,13.964440209524971,0.7571452260017395,0.7573018670082092,0.008550010621547699,0.7412763833999634,0.7431073784828186,0.7454544901847839,0.7509262561798096,0.7573018670082092,0.7634980082511902,0.7687807083129883,0.7704917192459106,0.7727298736572266
43610,-0.7571617960929871,26.256147384643555,24.098325729370117,13.904402596609932,0.7571618556976318,0.7573598027229309,0.008563307113945484,0.7412763833999634,0.7431073784828186,0.7454544901847839,0.7509262561798096,0.7573598027229309,0.7634980082511902,0.7687807083129883,0.7704917192459106,0.7727298736572266
43645,-0.7571702599525452,26.250625610351562,24.104978561401367,13.84958975655692,0.7571702599525452,0.7573598027229309,0.008562194183468819,0.7412763833999634,0.7431073784828186,0.7454544901847839,0.7509262561798096,0.7573598027229309,0.7634980082511902,0.7687807083129883,0.7704917192459106,0.7727298736572266
43680,-0.7571970820426941,26.241819381713867,24.109819412231445,13.789633205958776,0.7571971416473389,0.7573598027229309,0.00854436308145523,0.7412763833999634,0.7431073784828186,0.7455306649208069,0.7509262561798096,0.7573598027229309,0.7634980082511902,0.7687807083129883,0.7704917192459106,0.7727298736572266
43715,-0.7572097778320312,26.231422424316406,24.110389709472656,13.733164242335729,0.7572097778320312,0.7573598027229309,0.008542593568563461,0.7412763833999634,0.7431073784828186,0.7455306649208069,0.7510968446731567,0.7573598027229309,0.7634980082511902,0.7687807083129883,0.7704917192459106,0.7727298736572266
43750,-0.7572169899940491,26.210702896118164,24.10283851623535,13.675134113856725,0.7572170495986938,0.7573598027229309,0.008547580800950527,0.7412763833999634,0.7431073784828186,0.7455306649208069,0.7510968446731567,0.7573598027229309,0.7634980082511902,0.7687807083129883,0.7704917192459106,0.7727298736572266
43785,-0.7572311162948608,26.202880859375,24.107463836669922,13.623408453805107,0.7572311162948608,0.7573598027229309,0.008521638810634613,0.7416055202484131,0.7431073784828186,0.7455306649208069,0.7510968446731567,0.7573598027229309,0.7634980082511902,0.7687807083129883,0.7704917192459106,0.7727298736572266
43820,-0.7572363018989563,26.194181442260742,24.109834671020508,13.56659426007952,0.7572363018989563,0.7573598027229309,0.00852739717811346,0.7416055202484131,0.7431073784828186,0.7455306649208069,0.7510968446731567,0.7573598027229309,0.7634980082511902,0.7687807083129883,0.7705127596855164,0.7727298736572266
43855,-0.7572427988052368,26.189434051513672,24.117691040039062,13.514898708888463,0.7572429180145264,0.7573598027229309,0.008533168584108353,0.7416055202484131,0.7431073784828186,0.7455306649208069,0.7510968446731567,0.7573598027229309,0.7634980082511902,0.7687807083129883,0.7706137299537659,0.7727298736572266
43890,-0.7572585344314575,26.190311431884766,24.131425857543945,13.466528075081962,0.7572585344314575,0.7575525641441345,0.008528177626430988,0.7416055202484131,0.743340015411377,0.7455306649208069,0.7510968446731567,0.7575525641441345,0.7634980082511902,0.7687807083129883,0.7706137299537659,0.7727298736572266
43925,-0.7572965621948242,26.18459701538086,24.137163162231445,13.42173535483224,0.757296621799469,0.7575525641441345,0.008527780883014202,0.7416055202484131,0.743340015411377,0.7455306649208069,0.7510968446731567,0.7575525641441345,0.7634980082511902,0.7689259052276611,0.7706137299537659,0.7727298736572266
43960,-0.7572987675666809,26.190649032592773,24.152463912963867,13.380013738359724,0.7572987079620361,0.7575525641441345,0.008528701029717922,0.7416055202484131,0.743340015411377,0.7455306649208069,0.7511084079742432,0.7575525641441345,0.7635408639907837,0.7689259052276611,0.7706137299537659,0.7727298736572266
43995,-0.7573073506355286,26.193374633789062,24.16595458984375,13.342384610857282,0.7573072910308838,0.7575525641441345,0.008537007495760918,0.7416055202484131,0.743340015411377,0.7455306649208069,0.7511084079742432,0.7575525641441345,0.7637056112289429,0.7689259052276611,0.7706137299537659,0.7727298736572266
44030,-0.7573232650756836,26.189023971557617,24.174123764038086,13.288289206368583,0.7573233246803284,0.7575525641441345,0.008527647703886032,0.7416055202484131,0.743340015411377,0.7457172274589539,0.7511084079742432,0.7575525641441345,0.7637056112289429,0.7689259052276611,0.7706137299537659,0.7727298736572266
44065,-0.7573447227478027,26.174442291259766,24.17150115966797,13.237897055489677,0.757344663143158,0.7575525641441345,0.00852946750819683,0.7416055202484131,0.743340015411377,0.7457172274589539,0.7511084079742432,0.7575525641441345,0.7637056112289429,0.7689259052276611,0.7706137299537659,0.7727298736572266
44100,-0.757351815700531,26.183170318603516,24.189544677734375,13.195763179234095,0.757351815700531,0.7575525641441345,0.008526396006345749,0.7416055202484131,0.743340015411377,0.7457172274589539,0.7511227130889893,0.7575525641441345,0.7637056112289429,0.7689259052276611,0.7706137299537659,0.7727298736572266
44135,-0.7574000954627991,26.173566818237305,24.191890716552734,13.147179467337471,0.7574000358581543,0.7575525641441345,0.008547822944819927,0.7416055202484131,0.743340015411377,0.7457172274589539,0.7511602640151978,0.7575525641441345,0.7637056112289429,0.7689259052276611,0.7706137299537659,0.7727298736572266
44170,-0.7574098110198975,26.15911102294922,24.190044403076172,13.08854934147426,0.7574097514152527,0.7576357126235962,0.008547167293727398,0.7416055202484131,0.743340015411377,0.7457172274589539,0.7511602640151978,0.7576357126235962,0.7637728452682495,0.7689259052276611,0.7706137299537659,0.7727298736572266
44205,-0.7574517726898193,26.152690887451172,24.194103240966797,13.047408103942871,0.7574517726898193,0.7576357126235962,0.008586631156504154,0.7416055202484131,0.743340015411377,0.7457172274589539,0.7511602640151978,0.7576357126235962,0.7637728452682495,0.7689259052276611,0.7706137299537659,0.7727298736572266
44240,-0.7574602961540222,26.15258026123047,24.205188751220703,13.003402709960938,0.757460355758667,0.7576357126235962,0.008597271516919136,0.7416055202484131,0.743340015411377,0.7457172274589539,0.7511602640151978,0.7576357126235962,0.763840913772583,0.7689259052276611,0.7706137299537659,0.7727298736572266
44275,-0.7574671506881714,26.14336585998535,24.206491470336914,12.960365840366908,0.7574672102928162,0.7576357126235962,0.008602414280176163,0.7416055202484131,0.743340015411377,0.7457172274589539,0.7513263821601868,0.7576357126235962,0.763840913772583,0.7689259052276611,0.7706137299537659,0.7727298736572266
44310,-0.7574929594993591,26.143226623535156,24.216238021850586,12.903416224888392,0.7574929594993591,0.7576357126235962,0.008576672524213791,0.7416055202484131,0.7435044050216675,0.7460495233535767,0.7513263821601868,0.7576357126235962,0.763840913772583,0.7689259052276611,0.7706137299537659,0.7727298736572266
44345,-0.7575215101242065,26.122264862060547,24.206111907958984,12.85028144291469,0.7575215101242065,0.7576357126235962,0.00859102513641119,0.7416055202484131,0.7435044050216675,0.7460495233535767,0.7513263821601868,0.7576357126235962,0.763840913772583,0.7689259052276611,0.7706137299537659,0.7727298736572266
44380,-0.7575669884681702,26.108291625976562,24.202836990356445,12.812820979527064,0.7575669288635254,0.7576357126235962,0.008594437502324581,0.7416055202484131,0.7435044050216675,0.7460495233535767,0.7513263821601868,0.7576357126235962,0.7639015913009644,0.7689259052276611,0.7708345055580139,0.7727298736572266
44415,-0.7575793862342834,26.096755981445312,24.203290939331055,12.75946739741734,0.7575794458389282,0.7576357126235962,0.008572006598114967,0.7416055202484131,0.7435044050216675,0.7460495233535767,0.7513263821601868,0.7576357126235962,0.7639015913009644,0.7689259052276611,0.7708345055580139,0.7727298736572266
44450,-0.7576203942298889,26.090312957763672,24.208620071411133,12.7136047908238,0.7576203942298889,0.7576357126235962,0.008614343591034412,0.7416055202484131,0.7435044050216675,0.7460495233535767,0.7513263821601868,0.7576357126235962,0.7643165588378906,0.7691238522529602,0.7708345055580139,0.7727298736572266
44485,-0.7576269507408142,26.079090118408203,24.207448959350586,12.67579187665667,0.7576268911361694,0.7576357126235962,0.00861100759357214,0.7416055202484131,0.7435044050216675,0.7460495233535767,0.7513263821601868,0.7576357126235962,0.7643165588378906,0.7691238522529602,0.7708345055580139,0.7727298736572266
44520,-0.7576388120651245,26.077856063842773,24.2161922454834,12.636691502162389,0.7576389312744141,0.7576606869697571,0.008606193587183952,0.7416055202484131,0.7435044050216675,0.7460495233535767,0.7514734864234924,0.7576606869697571,0.7643165588378906,0.7691929936408997,0.7708345055580139,0.7727298736572266
44555,-0.7576638460159302,26.060148239135742,24.20956802368164,12.587646484375,0.7576639652252197,0.7576606869697571,0.008616769686341286,0.7416055202484131,0.7435044050216675,0.7460495233535767,0.7514734864234924,0.7576606869697571,0.7643165588378906,0.7692041993141174,0.7708345055580139,0.7727298736572266
44590,-0.7576804757118225,26.05669593811035,24.216108322143555,12.538298879350934,0.7576805353164673,0.7576606869697571,0.008608577772974968,0.7416055202484131,0.7435044050216675,0.7460495233535767,0.7514734864234924,0.7576606869697571,0.7643165588378906,0.7692041993141174,0.7708345055580139,0.7727298736572266
44625,-0.7576890587806702,26.052400588989258,24.222606658935547,12.493352617536273,0.7576892375946045,0.7576606869697571,0.00859848503023386,0.7416055202484131,0.7435044050216675,0.7462398409843445,0.7514734864234924,0.7576606869697571,0.7643165588378906,0.7692041993141174,0.7708355784416199,0.7727298736572266
44660,-0.7576984763145447,26.057373046875,24.238658905029297,12.45058958871024,0.7576985955238342,0.7576606869697571,0.008603407070040703,0.7416055202484131,0.7435044050216675,0.7462398409843445,0.7514734864234924,0.7576606869697571,0.7643165588378906,0.7692041993141174,0.7710694074630737,0.7727298736572266
44695,-0.7577300071716309,26.056480407714844,24.247135162353516,12.412927627563477,0.7577300071716309,0.7576606869697571,0.008570194244384766,0.7417486906051636,0.7435044050216675,0.7462398409843445,0.7514734864234924,0.7576606869697571,0.7643165588378906,0.7692041993141174,0.7710694074630737,0.7727298736572266
44730,-0.7577540278434753,26.052165985107422,24.25347328186035,12.353517532348633,0.7577541470527649,0.7576606869697571,0.008547433651983738,0.7417486906051636,0.7435044050216675,0.7462398409843445,0.7515820860862732,0.7576606869697571,0.7643165588378906,0.7692041993141174,0.7710694074630737,0.7727298736572266
44765,-0.7577673196792603,26.056249618530273,24.269248962402344,12.301331383841378,0.7577673196792603,0.7576606869697571,0.008541627787053585,0.7417502403259277,0.7435044050216675,0.7462398409843445,0.7515820860862732,0.7576606869697571,0.7643165588378906,0.7692041993141174,0.7710694074630737,0.7727298736572266
44800,-0.7577859163284302,26.048660278320312,24.2718448638916,12.249507631574359,0.757785975933075,0.7576606869697571,0.008521000854671001,0.7417502403259277,0.7435044050216675,0.7462398409843445,0.7515820860862732,0.7576606869697571,0.7643982172012329,0.7692041993141174,0.7710694074630737,0.7727298736572266
44835,-0.7577992677688599,26.035982131958008,24.270414352416992,12.194295746939522,0.7577993869781494,0.7577478289604187,0.008522501215338707,0.7417502403259277,0.7435044050216675,0.7462398409843445,0.7515820860862732,0.7577478289604187,0.7643982172012329,0.7692041993141174,0.7710694074630737,0.7727298736572266
44870,-0.7578232884407043,26.029428482055664,24.274707794189453,12.137239592415947,0.7578233480453491,0.7577478289604187,0.008529659360647202,0.7417502403259277,0.7435044050216675,0.7462398409843445,0.7515820860862732,0.7577478289604187,0.7643982172012329,0.7692041993141174,0.7710694074630737,0.7727298736572266
44905,-0.7578232884407043,26.025835037231445,24.282848358154297,12.085829053606306,0.7578233480453491,0.7577478289604187,0.008529659360647202,0.7417502403259277,0.7435044050216675,0.7462398409843445,0.7515820860862732,0.7577478289604187,0.7643982172012329,0.7692041993141174,0.7710694074630737,0.7727298736572266
44940,-0.7578438520431519,26.010530471801758,24.277606964111328,12.034554481506348,0.7578438520431519,0.7577478289604187,0.008540795184671879,0.7417502403259277,0.7435044050216675,0.7462398409843445,0.7515820860862732,0.7577478289604187,0.7643982172012329,0.7692041993141174,0.7710694074630737,0.7727298736572266
44975,-0.7578591704368591,26.010351181030273,24.287487030029297,11.984374727521624,0.7578591704368591,0.7577478289604187,0.008529942482709885,0.7417502403259277,0.7435044050216675,0.7462398409843445,0.7515820860862732,0.7577478289604187,0.7643982172012329,0.7692041993141174,0.7710694074630737,0.7727298736572266
45010,-0.7578866481781006,26.003662109375,24.291765213012695,11.930586814880371,0.7578866481781006,0.7577478289604187,0.008534175343811512,0.7417502403259277,0.7435044050216675,0.7462398409843445,0.7516561150550842,0.7577478289604187,0.7645047307014465,0.7692041993141174,0.7710694074630737,0.7727298736572266
45045,-0.7578871846199036,25.990982055664062,24.292131423950195,11.874491691589355,0.7578871846199036,0.7577478289604187,0.008534934371709824,0.7417502403259277,0.7435044050216675,0.7462398409843445,0.7516561150550842,0.7577478289604187,0.7645047307014465,0.7692041993141174,0.7710694074630737,0.7727298736572266
45080,-0.7578977942466736,25.995288848876953,24.306636810302734,11.830021449497767,0.7578977942466736,0.7577478289604187,0.00852914061397314,0.7417502403259277,0.7435044050216675,0.7462398409843445,0.7516561150550842,0.7577478289604187,0.7645047307014465,0.7692041993141174,0.7710694074630737,0.7727298736572266
45115,-0.7579081654548645,25.98527717590332,24.306230545043945,11.780265808105469,0.7579081654548645,0.7577478289604187,0.008522278629243374,0.7417502403259277,0.7435044050216675,0.7464754581451416,0.7516561150550842,0.7577478289604187,0.7646701335906982,0.7692041993141174,0.7710694074630737,0.7727298736572266
45150,-0.7579572796821594,25.992685317993164,24.32579803466797,11.72707734789167,0.7579572796821594,0.757962703704834,0.008473565801978111,0.7419050931930542,0.7435044050216675,0.7464754581451416,0.7516561150550842,0.757962703704834,0.7646701335906982,0.7692041993141174,0.7710694074630737,0.7727298736572266
45185,-0.7579684257507324,26.00933074951172,24.35076141357422,11.68616431100028,0.7579684257507324,0.757962703704834,0.008481775410473347,0.7419050931930542,0.7435044050216675,0.7464754581451416,0.7516561150550842,0.757962703704834,0.764741837978363,0.7692041993141174,0.7710694074630737,0.7727298736572266
45220,-0.757973313331604,26.00189208984375,24.35263442993164,11.63357789175851,0.757973313331604,0.757962703704834,0.008485585451126099,0.7419050931930542,0.7435044050216675,0.7464754581451416,0.7516561150550842,0.757962703704834,0.7651010155677795,0.7692041993141174,0.7710694074630737,0.7727298736572266
45255,-0.757973313331604,25.990434646606445,24.349746704101562,11.577975136893135,0.757973313331604,0.757962703704834,0.008485578931868076,0.7419050931930542,0.7435044050216675,0.7464754581451416,0.7516561150550842,0.757962703704834,0.7651010155677795,0.7692041993141174,0.7710694074630737,0.7727298736572266
45290,-0.757973313331604,26.00063133239746,24.37023162841797,11.53136716570173,0.757973313331604,0.757962703704834,0.008485578931868076,0.7419050931930542,0.7435044050216675,0.7464754581451416,0.7516561150550842,0.757962703704834,0.7651010155677795,0.7692041993141174,0.7710694074630737,0.7727298736572266
45325,-0.7580000162124634,25.9973201751709,24.3790340423584,11.48717907496861,0.7580000162124634,0.7582354545593262,0.00849108211696148,0.7419050931930542,0.7435044050216675,0.7464754581451416,0.7516561150550842,0.7582354545593262,0.7651010155677795,0.7692041993141174,0.7710694074630737,0.7727298736572266
45360,-0.7580387592315674,25.99526023864746,24.389585494995117,11.435348919459752,0.7580387592315674,0.7582354545593262,0.00844957772642374,0.7428324222564697,0.7435106039047241,0.7464754581451416,0.7517746686935425,0.7582354545593262,0.7651010155677795,0.7692041993141174,0.7710694074630737,0.7727298736572266
45395,-0.7580506801605225,26.006235122680664,24.41234588623047,11.386326381138392,0.7580506205558777,0.7582354545593262,0.008444121107459068,0.7431990504264832,0.7435106039047241,0.7464754581451416,0.7517746686935425,0.7582354545593262,0.7651010155677795,0.7692041993141174,0.7710694074630737,0.7727298736572266
45430,-0.7580523490905762,26.013219833374023,24.42900848388672,11.330950328281947,0.7580523490905762,0.7582354545593262,0.00844168197363615,0.7431990504264832,0.7435106039047241,0.746480405330658,0.7517746686935425,0.7582354545593262,0.7651010155677795,0.7692041993141174,0.7710694074630737,0.7727298736572266
45465,-0.7580640912055969,26.00847625732422,24.43461799621582,11.288128580365862,0.7580640316009521,0.7582354545593262,0.008444328792393208,0.7431990504264832,0.7435106039047241,0.7467133402824402,0.7517746686935425,0.7582354545593262,0.7651010155677795,0.7692041993141174,0.7710694074630737,0.7727298736572266
45500,-0.7581027150154114,25.99791717529297,24.434757232666016,11.242105211530413,0.7581027150154114,0.7582354545593262,0.008429267443716526,0.7431990504264832,0.7435106039047241,0.7467133402824402,0.751799464225769,0.7582354545593262,0.7651010155677795,0.7692041993141174,0.7710694074630737,0.7727298736572266
45535,-0.7581052184104919,26.00286293029785,24.450143814086914,11.18738065447126,0.7581051588058472,0.7582354545593262,0.00843111053109169,0.7431990504264832,0.7435106039047241,0.7467133402824402,0.7518215179443359,0.7582354545593262,0.7651010155677795,0.7692041993141174,0.7710694074630737,0.7727298736572266
45570,-0.7581098079681396,26.006147384643555,24.46224021911621,11.140238625662667,0.7581097483634949,0.7582354545593262,0.008423286490142345,0.7431990504264832,0.7439117431640625,0.7467133402824402,0.7518215179443359,0.7582354545593262,0.7651010155677795,0.7692041993141174,0.7710694074630737,0.7727298736572266
45605,-0.7581242918968201,26.008127212524414,24.474138259887695,11.094251768929619,0.7581244111061096,0.7582354545593262,0.008415882475674152,0.7431990504264832,0.7439117431640625,0.7467133402824402,0.7518215179443359,0.7582354545593262,0.765164315700531,0.7692041993141174,0.7710694074630737,0.7727298736572266
45640,-0.7581620812416077,25.98760223388672,24.466081619262695,11.032057217189244,0.7581620812416077,0.7582354545593262,0.008443320170044899,0.7431990504264832,0.7439117431640625,0.7467133402824402,0.7522643804550171,0.7582354545593262,0.765164315700531,0.7692041993141174,0.7713044285774231,0.7727428674697876
45675,-0.7581652402877808,25.97505760192871,24.462844848632812,10.987020492553711,0.7581652998924255,0.7582354545593262,0.008440430276095867,0.7431990504264832,0.7439117431640625,0.7467133402824402,0.7522643804550171,0.7582354545593262,0.765164315700531,0.7692041993141174,0.7713044285774231,0.7727428674697876
45710,-0.7581731081008911,25.957839965820312,24.456151962280273,10.928679466247559,0.7581731677055359,0.7582354545593262,0.008441953919827938,0.7431990504264832,0.7439117431640625,0.7467133402824402,0.7522643804550171,0.7582354545593262,0.765164315700531,0.7692041993141174,0.7713044285774231,0.7727428674697876
45745,-0.7581910490989685,25.953645706176758,24.46120834350586,10.883439336504255,0.7581910490989685,0.7582354545593262,0.008427329361438751,0.7431990504264832,0.7439117431640625,0.7467133402824402,0.7523458003997803,0.7582354545593262,0.765164315700531,0.7692041993141174,0.7713044285774231,0.7727428674697876
45780,-0.7581959962844849,25.957345962524414,24.47642707824707,10.835182053702217,0.7581960558891296,0.7582354545593262,0.008431955240666866,0.7431990504264832,0.7439117431640625,0.7467133402824402,0.7523458003997803,0.7582354545593262,0.765164315700531,0.7692095637321472,0.7713044285774231,0.7727428674697876
45815,-0.7581989765167236,25.963998794555664,24.49199867248535,10.799883433750697,0.7581990957260132,0.7582354545593262,0.008431510999798775,0.7431990504264832,0.7439117431640625,0.7467133402824402,0.7523458003997803,0.7582354545593262,0.765164315700531,0.7692095637321472,0.7713044285774231,0.7727428674697876
45850,-0.7582591772079468,25.967666625976562,24.5054874420166,10.753273010253906,0.7582591772079468,0.7582354545593262,0.008387161418795586,0.7431990504264832,0.7439117431640625,0.7467718124389648,0.7523458003997803,0.7582354545593262,0.765164315700531,0.7692095637321472,0.7713044285774231,0.7727428674697876
45885,-0.7582675218582153,25.962413787841797,24.509693145751953,10.7117098399571,0.7582675814628601,0.7582354545593262,0.008383243344724178,0.7431990504264832,0.7439998984336853,0.7467718124389648,0.7523458003997803,0.7582354545593262,0.765164315700531,0.7693909406661987,0.7713044285774231,0.7727428674697876
45920,-0.7582768797874451,25.9562931060791,24.514724731445312,10.655442237854004,0.7582769989967346,0.7582354545593262,0.008371242322027683,0.7431990504264832,0.7439998984336853,0.7467718124389648,0.7523458003997803,0.7582354545593262,0.765164315700531,0.7693909406661987,0.7713044285774231,0.7727428674697876
45955,-0.7582935690879822,25.956388473510742,24.526660919189453,10.594535827636719,0.758293628692627,0.7582354545593262,0.008387614972889423,0.7431990504264832,0.7439998984336853,0.7467718124389648,0.7523458003997803,0.7582354545593262,0.765164315700531,0.7693909406661987,0.7713044285774231,0.7727428674697876
45990,-0.7583072781562805,25.95614242553711,24.53607177734375,10.54563740321568,0.7583073377609253,0.7582354545593262,0.008390958420932293,0.7431990504264832,0.7439998984336853,0.7467718124389648,0.7523458003997803,0.7582354545593262,0.765164315700531,0.7693909406661987,0.7713044285774231,0.7727428674697876
46025,-0.7583299279212952,25.967140197753906,24.554841995239258,10.502330371311732,0.7583299279212952,0.7582354545593262,0.008371096104383469,0.7431990504264832,0.7439998984336853,0.7467718124389648,0.7523458003997803,0.7582354545593262,0.765164315700531,0.7693909406661987,0.7713044285774231,0.7727428674697876
46060,-0.7583325505256653,25.958261489868164,24.554759979248047,10.459836414882115,0.7583326697349548,0.7582354545593262,0.008370386436581612,0.7431990504264832,0.7439998984336853,0.7467718124389648,0.7523458003997803,0.7582354545593262,0.765164315700531,0.7693909406661987,0.7713044285774231,0.7727428674697876
46095,-0.7583425641059875,25.939746856689453,24.546142578125,10.420724051339286,0.7583427429199219,0.7582354545593262,0.008379891514778137,0.7431990504264832,0.7439998984336853,0.7467718124389648,0.7523458003997803,0.7582354545593262,0.7651676535606384,0.7693909406661987,0.7713044285774231,0.7727428674697876
46130,-0.7583546042442322,25.9349365234375,24.551551818847656,10.37234469822475,0.7583547234535217,0.7582354545593262,0.008389751426875591,0.7431990504264832,0.7439998984336853,0.7467718124389648,0.7523458003997803,0.7582354545593262,0.765210747718811,0.7693909406661987,0.7713044285774231,0.7727428674697876
46165,-0.7583739161491394,25.93736457824707,24.564226150512695,10.31461238861084,0.758374035358429,0.7582354545593262,0.0083956029266119,0.7431990504264832,0.7439998984336853,0.7467718124389648,0.7523458003997803,0.7582354545593262,0.765210747718811,0.7693909406661987,0.7713044285774231,0.7727428674697876
46200,-0.7583787441253662,25.934276580810547,24.571754455566406,10.259482247488839,0.758378803730011,0.7582354545593262,0.008395036682486534,0.7432014346122742,0.7439998984336853,0.7467718124389648,0.7523458003997803,0.7582354545593262,0.765210747718811,0.7693909406661987,0.7713044285774231,0.7727428674697876
46235,-0.7583837509155273,25.929929733276367,24.58018684387207,10.194574901035853,0.7583839297294617,0.7582354545593262,0.008388089947402477,0.743208110332489,0.7439998984336853,0.7467718124389648,0.7524479031562805,0.7582354545593262,0.765210747718811,0.7693909406661987,0.7713044285774231,0.7727428674697876
46270,-0.7583847045898438,25.928998947143555,24.588329315185547,10.141471999032158,0.7583848834037781,0.7582354545593262,0.008386729285120964,0.743208110332489,0.7439998984336853,0.7467718124389648,0.7524479031562805,0.7582354545593262,0.765210747718811,0.7693909406661987,0.7713044285774231,0.7727428674697876
46305,-0.758390486240387,25.928232192993164,24.596616744995117,10.096428053719658,0.7583906650543213,0.7582354545593262,0.008386596105992794,0.743208110332489,0.7439998984336853,0.7467973232269287,0.7524479031562805,0.7582354545593262,0.765210747718811,0.7693909406661987,0.7713618278503418,0.7727428674697876
46340,-0.7583994269371033,25.93596076965332,24.614885330200195,10.038768223353795,0.758399486541748,0.7582354545593262,0.008392448537051678,0.743208110332489,0.7439998984336853,0.7467973232269287,0.7524479031562805,0.7582354545593262,0.765210747718811,0.7693909406661987,0.7713618278503418,0.7727428674697876
46375,-0.7583994269371033,25.928272247314453,24.617137908935547,9.984367779323033,0.758399486541748,0.7582354545593262,0.008392448537051678,0.743208110332489,0.7439998984336853,0.7467973232269287,0.7524479031562805,0.7582354545593262,0.765210747718811,0.7693909406661987,0.7713618278503418,0.7727428674697876
46410,-0.7584033012390137,25.9378604888916,24.63625717163086,9.943396840776716,0.7584034204483032,0.7582506537437439,0.008393722586333752,0.743208110332489,0.7439998984336853,0.7467973232269287,0.7524754405021667,0.7582506537437439,0.7652310132980347,0.7693909406661987,0.7713618278503418,0.7727428674697876
46445,-0.7584052681922913,25.926912307739258,24.635190963745117,9.885730062212263,0.7584053874015808,0.7582506537437439,0.0083917872980237,0.743208110332489,0.7439998984336853,0.7467973232269287,0.7524754405021667,0.7582506537437439,0.7652310132980347,0.7693909406661987,0.7713618278503418,0.7727428674697876
46480,-0.7584187388420105,25.917875289916992,24.635807037353516,9.827138900756836,0.7584187984466553,0.7582506537437439,0.00839176308363676,0.743208110332489,0.7439998984336853,0.7467973232269287,0.7525150775909424,0.7582506537437439,0.7652310132980347,0.7693909406661987,0.7713618278503418,0.7727428674697876
46515,-0.758421003818512,25.92534637451172,24.652849197387695,9.782254355294365,0.7584211230278015,0.7582506537437439,0.00839000940322876,0.743208110332489,0.7439998984336853,0.7467973232269287,0.7526031732559204,0.7582506537437439,0.7652310132980347,0.7693909406661987,0.7713618278503418,0.7727428674697876
46550,-0.7584434151649475,25.94405746459961,24.681123733520508,9.744091715131487,0.7584435343742371,0.7582506537437439,0.008386076427996159,0.743208110332489,0.7439998984336853,0.7467973232269287,0.752851665019989,0.7582506537437439,0.7652310132980347,0.7693909406661987,0.7713618278503418,0.7727428674697876
46585,-0.7584506273269653,25.93536949157715,24.681547164916992,9.693521908351354,0.7584506869316101,0.7582506537437439,0.008386495523154736,0.743208110332489,0.7439998984336853,0.7468200325965881,0.752851665019989,0.7582506537437439,0.7655565738677979,0.7693909406661987,0.7713618278503418,0.7727428674697876
46620,-0.7584531307220459,25.951637268066406,24.70872688293457,9.630756650652204,0.7584531903266907,0.7582506537437439,0.008386388421058655,0.743208110332489,0.7439998984336853,0.7468200325965881,0.752851665019989,0.7582506537437439,0.7655565738677979,0.7693909406661987,0.7713618278503418,0.7727428674697876
46655,-0.758457601070404,25.974031448364258,24.739601135253906,9.589874131338936,0.7584575414657593,0.7582506537437439,0.00837916973978281,0.743208110332489,0.7439998984336853,0.7468200325965881,0.752851665019989,0.7582506537437439,0.7655565738677979,0.7693909406661987,0.7713618278503418,0.7727428674697876
46690,-0.7584678530693054,25.960491180419922,24.734323501586914,9.536132948739189,0.7584678530693054,0.7582506537437439,0.008366752415895462,0.743208110332489,0.7439998984336853,0.7471580505371094,0.752851665019989,0.7582506537437439,0.7655565738677979,0.7693909406661987,0.7713618278503418,0.7727428674697876
46725,-0.758492112159729,25.977548599243164,24.7612361907959,9.485760280064174,0.758492112159729,0.7582506537437439,0.008359074592590332,0.743208110332489,0.744994044303894,0.7471580505371094,0.752851665019989,0.7582506537437439,0.7655565738677979,0.7695128917694092,0.7713618278503418,0.7727428674697876
46760,-0.758492112159729,25.973552703857422,24.768529891967773,9.437853131975446,0.758492112159729,0.7582506537437439,0.008359074592590332,0.743208110332489,0.744994044303894,0.7471580505371094,0.752851665019989,0.7582506537437439,0.7655565738677979,0.7695128917694092,0.7713618278503418,0.7727428674697876
46795,-0.7585073709487915,25.97284507751465,24.774402618408203,9.394126619611468,0.758507490158081,0.7582506537437439,0.008362438529729843,0.7433287501335144,0.744994044303894,0.7471580505371094,0.752851665019989,0.7582506537437439,0.7655565738677979,0.7695128917694092,0.7713618278503418,0.7727428674697876
46830,-0.7585120797157288,25.971994400024414,24.782634735107422,9.35610716683524,0.758512020111084,0.7582506537437439,0.00836076308041811,0.7433287501335144,0.744994044303894,0.7471580505371094,0.7529175281524658,0.7582506537437439,0.7655565738677979,0.7695128917694092,0.7713618278503418,0.7727428674697876
46865,-0.7585330009460449,25.988740921020508,24.808181762695312,9.299145834786552,0.7585331201553345,0.7582506537437439,0.008369475603103638,0.7433287501335144,0.744994044303894,0.7471580505371094,0.7529175281524658,0.7582506537437439,0.7655565738677979,0.7695128917694092,0.7713618278503418,0.7727428674697876
46900,-0.7585346698760986,25.97688865661621,24.805030822753906,9.250857625688825,0.7585347890853882,0.7582506537437439,0.008370349183678627,0.7433287501335144,0.744994044303894,0.7471580505371094,0.7529175281524658,0.7582506537437439,0.7655565738677979,0.7695128917694092,0.7713618278503418,0.7727428674697876
46935,-0.758542537689209,25.973283767700195,24.81157112121582,9.214726039341517,0.758542537689209,0.7582506537437439,0.008360597304999828,0.7433287501335144,0.744994044303894,0.7473666071891785,0.7529175281524658,0.7582506537437439,0.7655565738677979,0.7695128917694092,0.7713618278503418,0.7727428674697876
46970,-0.7585483193397522,25.97845458984375,24.82574462890625,9.163452693394252,0.758548378944397,0.7582506537437439,0.00836569257080555,0.7433287501335144,0.744994044303894,0.7473748326301575,0.7529175281524658,0.7582506537437439,0.7655565738677979,0.7695128917694092,0.7713618278503418,0.7727428674697876
47005,-0.7585626244544983,25.97294807434082,24.827991485595703,9.119379588535853,0.7585626244544983,0.7582506537437439,0.008350927382707596,0.7433287501335144,0.744994044303894,0.7473748326301575,0.7529175281524658,0.7582506537437439,0.7655565738677979,0.7695128917694092,0.7713618278503418,0.7727428674697876
47040,-0.7585744857788086,25.982030868530273,24.846586227416992,9.067869186401367,0.7585744261741638,0.7582506537437439,0.00835804920643568,0.7433287501335144,0.744994044303894,0.7473748326301575,0.7529175281524658,0.7582506537437439,0.7655565738677979,0.7695786952972412,0.7713618278503418,0.7727428674697876
47075,-0.7585780024528503,25.987070083618164,24.8629207611084,9.015986033848353,0.7585780620574951,0.7582506537437439,0.008358141407370567,0.7433287501335144,0.744994044303894,0.7473748326301575,0.7529175281524658,0.7582506537437439,0.7655565738677979,0.7695786952972412,0.7713618278503418,0.7727428674697876
47110,-0.7585831880569458,25.985916137695312,24.871458053588867,8.957576751708984,0.7585832476615906,0.7582506537437439,0.008360926061868668,0.7433287501335144,0.744994044303894,0.7473748326301575,0.7529175281524658,0.7582506537437439,0.7655565738677979,0.7695786952972412,0.7713618278503418,0.7727428674697876
47145,-0.7585877776145935,25.992536544799805,24.888427734375,8.912732260567802,0.7585877776145935,0.7582506537437439,0.008355465717613697,0.7433287501335144,0.744994044303894,0.7473748326301575,0.7529175281524658,0.7582506537437439,0.7655565738677979,0.7695786952972412,0.7713618278503418,0.7727428674697876
47180,-0.7585926651954651,26.01327133178711,24.91768455505371,8.87412507193429,0.7585926651954651,0.7582506537437439,0.008357936516404152,0.7433287501335144,0.744994044303894,0.7473748326301575,0.7529175281524658,0.7582506537437439,0.7655565738677979,0.7695786952972412,0.7713618278503418,0.7727428674697876
47215,-0.7586332559585571,26.02877426147461,24.941543579101562,8.81160054888044,0.7586332559585571,0.7582506537437439,0.008360777050256729,0.7433287501335144,0.744994044303894,0.7473748326301575,0.7529175281524658,0.7582506537437439,0.7655565738677979,0.7695786952972412,0.7713618278503418,0.7727428674697876
47250,-0.7586495280265808,26.05322265625,24.973005294799805,8.774800436837333,0.7586495280265808,0.7582506537437439,0.008347923867404461,0.7433287501335144,0.7450151443481445,0.7473748326301575,0.7529175281524658,0.7582506537437439,0.7655565738677979,0.7695786952972412,0.7713618278503418,0.7727428674697876
47285,-0.7586681842803955,26.0474853515625,24.97551727294922,8.723744119916644,0.7586681842803955,0.7582506537437439,0.008352415636181831,0.7433287501335144,0.7450151443481445,0.7473748326301575,0.7529175281524658,0.7582506537437439,0.7655565738677979,0.7695786952972412,0.7713618278503418,0.7727428674697876
47320,-0.758673906326294,26.04707908630371,24.98366928100586,8.658147403172084,0.7586740255355835,0.7582506537437439,0.008349153213202953,0.7433287501335144,0.7450151443481445,0.7473748326301575,0.7529175281524658,0.7582506537437439,0.7655565738677979,0.7695786952972412,0.7713618278503418,0.7727428674697876
47355,-0.7586789727210999,26.059680938720703,25.006168365478516,8.604807308741979,0.7586790323257446,0.7582506537437439,0.008341804146766663,0.7433287501335144,0.7450151443481445,0.7473748326301575,0.7529175281524658,0.7582506537437439,0.7655565738677979,0.7695786952972412,0.7713618278503418,0.7727428674697876
47390,-0.7586805820465088,26.081510543823242,25.03743553161621,8.543033191135951,0.7586805820465088,0.7582506537437439,0.00833831075578928,0.7433287501335144,0.7450151443481445,0.7473748326301575,0.7529175281524658,0.7582506537437439,0.7655565738677979,0.7695786952972412,0.7713618278503418,0.7727428674697876
47425,-0.7586962580680847,26.092294692993164,25.057815551757812,8.484838621956962,0.7586961984634399,0.7582506537437439,0.008347337134182453,0.7433287501335144,0.7450151443481445,0.7473748326301575,0.7529175281524658,0.7582506537437439,0.7655565738677979,0.7695786952972412,0.7713618278503418,0.7727428674697876
47460,-0.7587133646011353,26.095430374145508,25.070871353149414,8.434381893702916,0.7587133646011353,0.7582506537437439,0.008354195393621922,0.7433287501335144,0.7450151443481445,0.7473748326301575,0.7529175281524658,0.7582506537437439,0.7655565738677979,0.7695786952972412,0.7713618278503418,0.7727428674697876
47495,-0.758714497089386,26.088376998901367,25.073888778686523,8.379624230521065,0.7587144374847412,0.7582506537437439,0.00835512951016426,0.7433287501335144,0.7450151443481445,0.7473748326301575,0.7529175281524658,0.7582506537437439,0.7655565738677979,0.7695786952972412,0.7713655829429626,0.7727428674697876
47530,-0.758714497089386,26.112165451049805,25.10604476928711,8.331254005432129,0.7587144374847412,0.7582506537437439,0.00835512951016426,0.7433287501335144,0.7450151443481445,0.7473748326301575,0.7529175281524658,0.7582506537437439,0.7655565738677979,0.7695786952972412,0.7713655829429626,0.7727428674697876
47565,-0.7587246298789978,26.134618759155273,25.1359920501709,8.288784844534737,0.758724570274353,0.7582506537437439,0.008338388055562973,0.7433406710624695,0.7454056143760681,0.7473748326301575,0.7529175281524658,0.7582506537437439,0.7655565738677979,0.7695786952972412,0.7713655829429626,0.7727428674697876
47600,-0.7587255835533142,26.13008689880371,25.142093658447266,8.238432816096715,0.7587255835533142,0.7582506537437439,0.008339612744748592,0.7433406710624695,0.7454056143760681,0.7473748326301575,0.7529175281524658,0.7582506537437439,0.7655565738677979,0.7695786952972412,0.7713655829429626,0.7727428674697876
47635,-0.7587672472000122,26.134536743164062,25.155559539794922,8.188467502593994,0.7587672472000122,0.7584318518638611,0.008335134014487267,0.7433406710624695,0.7454056143760681,0.7473748326301575,0.7529175281524658,0.7584318518638611,0.7655668258666992,0.7695786952972412,0.7713655829429626,0.7727428674697876
47670,-0.7587864398956299,26.15498924255371,25.186262130737305,8.12658303124564,0.7587864398956299,0.7584318518638611,0.00832530576735735,0.7433406710624695,0.7454056143760681,0.7473748326301575,0.7529175281524658,0.7584318518638611,0.7655668258666992,0.7695786952972412,0.7713655829429626,0.7727428674697876
47705,-0.7587932348251343,26.1513614654541,25.192148208618164,8.068362167903356,0.7587932348251343,0.7584318518638611,0.008327215909957886,0.7433406710624695,0.7454056143760681,0.7473748326301575,0.7529175281524658,0.7584318518638611,0.7655668258666992,0.7695786952972412,0.7713655829429626,0.7727428674697876
47740,-0.7588068842887878,26.149158477783203,25.199277877807617,8.005401270730156,0.7588069438934326,0.7584318518638611,0.008305777795612812,0.7433406710624695,0.7460513114929199,0.7473748326301575,0.7529175281524658,0.7584318518638611,0.7655668258666992,0.7695786952972412,0.7713655829429626,0.7727428674697876
47775,-0.7588117718696594,26.143171310424805,25.20174217224121,7.96027558190482,0.7588117718696594,0.7584318518638611,0.008298669010400772,0.7433422207832336,0.7460513114929199,0.7473748326301575,0.7529175281524658,0.7584318518638611,0.7655668258666992,0.7695786952972412,0.7713655829429626,0.7727428674697876
47810,-0.7588209509849548,26.148963928222656,25.214733123779297,7.918314116341727,0.7588208913803101,0.7584318518638611,0.00830104574561119,0.7433422207832336,0.7460513114929199,0.7473748326301575,0.7529175281524658,0.7584318518638611,0.7655668258666992,0.7695786952972412,0.7713655829429626,0.7727428674697876
47845,-0.7588209509849548,26.174840927124023,25.247739791870117,7.876310961587088,0.7588208913803101,0.7584318518638611,0.00830104574561119,0.7433422207832336,0.7460513114929199,0.7473748326301575,0.7529175281524658,0.7584318518638611,0.7655668258666992,0.7695786952972412,0.7713655829429626,0.7727428674697876
47880,-0.7588239312171936,26.2109432220459,25.29326820373535,7.81491436277117,0.7588239312171936,0.7584318518638611,0.008299903944134712,0.7433422207832336,0.7460517287254333,0.7473748326301575,0.7529175281524658,0.7584318518638611,0.7655668258666992,0.7695786952972412,0.7713655829429626,0.7727428674697876
47915,-0.7588239312171936,26.195158004760742,25.286930084228516,7.753981930868966,0.7588239312171936,0.7584318518638611,0.008299903944134712,0.7433422207832336,0.7460517287254333,0.7473748326301575,0.7529175281524658,0.7584318518638611,0.7655668258666992,0.7695786952972412,0.7713655829429626,0.7727428674697876
47950,-0.7588401436805725,26.21328353881836,25.311185836791992,7.7223478725978305,0.7588400840759277,0.7584318518638611,0.008288542740046978,0.7433422207832336,0.7460517287254333,0.7473748326301575,0.7529175281524658,0.7584318518638611,0.7655668258666992,0.7695786952972412,0.7713655829429626,0.7727428674697876
47985,-0.7588576078414917,26.24056053161621,25.34758758544922,7.676849433353969,0.7588576674461365,0.7584318518638611,0.008291440084576607,0.7433422207832336,0.7460517287254333,0.7473748326301575,0.7529175281524658,0.7584318518638611,0.7655668258666992,0.7695786952972412,0.7713655829429626,0.7727428674697876
48020,-0.7588728070259094,26.245498657226562,25.362548828125,7.615035602024624,0.7588727474212646,0.7584318518638611,0.008292201906442642,0.7433422207832336,0.7460517287254333,0.7473748326301575,0.7529197931289673,0.7584318518638611,0.7655668258666992,0.7695786952972412,0.7713655829429626,0.7727428674697876
48055,-0.7588875889778137,26.254920959472656,25.382291793823242,7.554120744977679,0.7588876485824585,0.7584318518638611,0.008284621872007847,0.7433422207832336,0.7460517287254333,0.7473748326301575,0.7529197931289673,0.7584318518638611,0.7655668258666992,0.7695786952972412,0.7713655829429626,0.7727428674697876
48090,-0.7588885426521301,26.279672622680664,25.417156219482422,7.503607273101807,0.7588884830474854,0.7584318518638611,0.008284197188913822,0.7433422207832336,0.7460517287254333,0.7473748326301575,0.7529197931289673,0.7584318518638611,0.7655668258666992,0.7695786952972412,0.7713655829429626,0.7727428674697876
48125,-0.7588900327682495,26.283491134643555,25.430559158325195,7.4434210913521905,0.7588900923728943,0.7584318518638611,0.008285376243293285,0.7433422207832336,0.7460517287254333,0.7473748326301575,0.7529197931289673,0.7584318518638611,0.7655668258666992,0.7695786952972412,0.7713655829429626,0.7727428674697876
48160,-0.7588976621627808,26.319438934326172,25.47502326965332,7.390234402247837,0.7588977217674255,0.7584318518638611,0.00829020794481039,0.7433422207832336,0.7460517287254333,0.7473748326301575,0.7529197931289673,0.7584318518638611,0.7655668258666992,0.7695786952972412,0.7713655829429626,0.7727428674697876
48195,-0.7589073181152344,26.330204010009766,25.495071411132812,7.331540107727051,0.7589072585105896,0.7584318518638611,0.008297721855342388,0.7433422207832336,0.7460517287254333,0.7473748326301575,0.7529197931289673,0.7584318518638611,0.7658721804618835,0.7695786952972412,0.7713655829429626,0.7727428674697876
48230,-0.7589120268821716,26.316049575805664,25.488874435424805,7.278797149658203,0.7589120268821716,0.7584318518638611,0.008299528621137142,0.7433422207832336,0.7460517287254333,0.7473748326301575,0.7529197931289673,0.7584318518638611,0.7658721804618835,0.7695786952972412,0.7713655829429626,0.7727428674697876
48265,-0.7589172124862671,26.341814041137695,25.52374267578125,7.224522181919643,0.7589173316955566,0.7584318518638611,0.0082980552688241,0.7433422207832336,0.7460517287254333,0.7473748326301575,0.7529197931289673,0.7584318518638611,0.7658721804618835,0.7695786952972412,0.7713655829429626,0.7727428674697876
48300,-0.7589247226715088,26.35580062866211,25.547189712524414,7.153849874223981,0.7589247822761536,0.7584318518638611,0.008301546797156334,0.7433422207832336,0.7460517287254333,0.7473748326301575,0.7529197931289673,0.7584318518638611,0.7658721804618835,0.7695786952972412,0.7713655829429626,0.7727428674697876
48335,-0.7589247226715088,26.367353439331055,25.567996978759766,7.1089768409729,0.7589247822761536,0.7584318518638611,0.008301546797156334,0.7433422207832336,0.7460517287254333,0.7473748326301575,0.7529197931289673,0.7584318518638611,0.7658721804618835,0.7695786952972412,0.7713655829429626,0.7727428674697876
48370,-0.7589390277862549,26.39092445373535,25.601783752441406,7.057037966591971,0.7589390277862549,0.7584318518638611,0.008314019069075584,0.7433422207832336,0.7460517287254333,0.7473748326301575,0.7529197931289673,0.7584318518638611,0.7659951448440552,0.7695786952972412,0.7713655829429626,0.7727428674697876
48405,-0.7589390277862549,26.39961814880371,25.620145797729492,6.9815705844334195,0.7589390277862549,0.7584318518638611,0.008314019069075584,0.7433422207832336,0.7460517287254333,0.7473748326301575,0.7529197931289673,0.7584318518638611,0.7659951448440552,0.7695786952972412,0.7713655829429626,0.7727428674697876
48440,-0.758939802646637,26.415563583374023,25.644187927246094,6.924448149544852,0.7589399218559265,0.7584318518638611,0.008314394392073154,0.7433422207832336,0.7460517287254333,0.7473748326301575,0.7529274225234985,0.7584318518638611,0.7659951448440552,0.7695786952972412,0.7713655829429626,0.7727428674697876
48475,-0.7589578032493591,26.41832160949707,25.654930114746094,6.861588546207973,0.7589578032493591,0.7584318518638611,0.008321753703057766,0.7433422207832336,0.7460517287254333,0.7473748326301575,0.7529274225234985,0.7584318518638611,0.7659951448440552,0.7695786952972412,0.7713655829429626,0.77320396900177
48510,-0.758967936038971,26.44537925720215,25.692859649658203,6.81949029650007,0.7589680552482605,0.7584318518638611,0.008320516906678677,0.7433422207832336,0.7460517287254333,0.7473748326301575,0.7529274225234985,0.7584318518638611,0.7659951448440552,0.7695786952972412,0.7713655829429626,0.77320396900177
48545,-0.7589782476425171,26.46853256225586,25.723888397216797,6.769001143319266,0.7589783668518066,0.7584318518638611,0.008323410525918007,0.7433422207832336,0.7460517287254333,0.7474071979522705,0.7529274225234985,0.7584318518638611,0.7659951448440552,0.7696850895881653,0.7713655829429626,0.77320396900177
48580,-0.7589913010597229,26.47418785095215,25.738414764404297,6.704290185655866,0.7589914202690125,0.7584318518638611,0.008336062543094158,0.7433422207832336,0.7460517287254333,0.7474071979522705,0.7529274225234985,0.7584318518638611,0.7659951448440552,0.7696850895881653,0.7713655829429626,0.77320396900177
48615,-0.7590041756629944,26.477731704711914,25.749128341674805,6.644779614039829,0.7590042352676392,0.7584318518638611,0.00832669623196125,0.7433504462242126,0.7460517287254333,0.7474071979522705,0.7529274225234985,0.7584318518638611,0.7659951448440552,0.7696850895881653,0.7713655829429626,0.77320396900177
48650,-0.7590157985687256,26.50762939453125,25.78801727294922,6.6093540872846335,0.7590157985687256,0.7584318518638611,0.008337012492120266,0.7433504462242126,0.7460517287254333,0.7474071979522705,0.7529274225234985,0.7584318518638611,0.7662867903709412,0.7696850895881653,0.7713655829429626,0.77320396900177
48685,-0.7590333223342896,26.513689041137695,25.80306053161621,6.568258013044085,0.7590334415435791,0.7584318518638611,0.008328515104949474,0.7433504462242126,0.7460517287254333,0.7474071979522705,0.7529274225234985,0.7584318518638611,0.7665649652481079,0.7696850895881653,0.7713655829429626,0.77320396900177
48720,-0.7590439915657043,26.56279945373535,25.861576080322266,6.508803367614746,0.7590439319610596,0.7584318518638611,0.008323349058628082,0.7433504462242126,0.7460517287254333,0.7474071979522705,0.7529274225234985,0.7584318518638611,0.7665649652481079,0.7696850895881653,0.7713655829429626,0.77320396900177
48755,-0.7590520977973938,26.621774673461914,25.930259704589844,6.459805965423584,0.7590522766113281,0.7584318518638611,0.00832566898316145,0.7433504462242126,0.7460517287254333,0.7474071979522705,0.7529274225234985,0.7584318518638611,0.7665649652481079,0.7696850895881653,0.7713655829429626,0.77320396900177
48790,-0.7590590715408325,26.636699676513672,25.954904556274414,6.39739636012486,0.7590591311454773,0.7584318518638611,0.008333232253789902,0.7433636784553528,0.7460517287254333,0.7474071979522705,0.7529274225234985,0.7584318518638611,0.7665649652481079,0.7696850895881653,0.7713655829429626,0.77320396900177
48825,-0.7590687870979309,26.685646057128906,26.012676239013672,6.346771172114781,0.7590688467025757,0.7584318518638611,0.00833130069077015,0.7433636784553528,0.7460517287254333,0.7474071979522705,0.7529324889183044,0.7584318518638611,0.7665980458259583,0.7696850895881653,0.7713655829429626,0.77320396900177
48860,-0.7590888142585754,26.699832916259766,26.035411834716797,6.29469667162214,0.7590888142585754,0.7584318518638611,0.00831365305930376,0.7433636784553528,0.7460517287254333,0.7474071979522705,0.7529324889183044,0.7584318518638611,0.7666305899620056,0.7696850895881653,0.7713655829429626,0.77320396900177
48895,-0.7591074109077454,26.7152099609375,26.06036949157715,6.235549313681466,0.7591075301170349,0.7584318518638611,0.008287638425827026,0.7433636784553528,0.7460517287254333,0.7474071979522705,0.7529324889183044,0.7584318518638611,0.7666305899620056,0.7696850895881653,0.7713655829429626,0.77320396900177
48930,-0.7591074109077454,26.756132125854492,26.11012840270996,6.1897600037711005,0.7591075301170349,0.7584318518638611,0.008287638425827026,0.7433636784553528,0.7460517287254333,0.7474071979522705,0.7529324889183044,0.7584318518638611,0.7666305899620056,0.7696850895881653,0.7713655829429626,0.77320396900177
48965,-0.7591329216957092,26.776798248291016,26.139299392700195,6.126463685716901,0.7591329216957092,0.7584318518638611,0.008298873901367188,0.7437685132026672,0.7460517287254333,0.7474071979522705,0.7529324889183044,0.7584318518638611,0.7666305899620056,0.7696850895881653,0.7713655829429626,0.7732048630714417
49000,-0.7591336369514465,26.82137107849121,26.1922607421875,6.0801167488098145,0.7591337561607361,0.7584318518638611,0.008298042230308056,0.7437685132026672,0.7460517287254333,0.7474071979522705,0.7529324889183044,0.7584318518638611,0.7666305899620056,0.7696850895881653,0.7713655829429626,0.7732048630714417
49035,-0.7591336369514465,26.850799560546875,26.231060028076172,6.01438958304269,0.7591337561607361,0.7584318518638611,0.008298042230308056,0.7437685132026672,0.7460517287254333,0.7474071979522705,0.7529324889183044,0.7584318518638611,0.7666305899620056,0.7696850895881653,0.7713655829429626,0.7732048630714417
49070,-0.7591400146484375,26.894805908203125,26.28313446044922,5.969705309186663,0.7591400742530823,0.7584318518638611,0.008305775932967663,0.7437685132026672,0.7460517287254333,0.7474071979522705,0.7529324889183044,0.7584318518638611,0.7666305899620056,0.7696850895881653,0.7713655829429626,0.7732048630714417
49105,-0.7591409087181091,26.965282440185547,26.36172103881836,5.907932894570487,0.7591409087181091,0.7584318518638611,0.008306272327899933,0.7437685132026672,0.7460517287254333,0.7474071979522705,0.7529324889183044,0.7584318518638611,0.7666305899620056,0.7696850895881653,0.7713655829429626,0.7732048630714417
49140,-0.7591565251350403,26.993900299072266,26.399986267089844,5.841675009046282,0.7591565847396851,0.7584318518638611,0.008325859904289246,0.7437685132026672,0.7460517287254333,0.7474071979522705,0.7529324889183044,0.7584318518638611,0.7666305899620056,0.7697006464004517,0.7713655829429626,0.7732048630714417
49175,-0.7591565251350403,27.077119827270508,26.49309539794922,5.7898110662187845,0.7591565847396851,0.7584318518638611,0.008325859904289246,0.7437685132026672,0.7460517287254333,0.7474071979522705,0.7529324889183044,0.7584318518638611,0.7666305899620056,0.7697006464004517,0.7713655829429626,0.7732048630714417
49210,-0.7591686844825745,27.16067123413086,26.584753036499023,5.72602789742606,0.7591686844825745,0.7584318518638611,0.008304227143526077,0.7437743544578552,0.7462530136108398,0.7474071979522705,0.7529324889183044,0.7584318518638611,0.7666305899620056,0.7697006464004517,0.7713655829429626,0.7732048630714417
49245,-0.7591741681098938,27.20986557006836,26.642499923706055,5.6854649271283835,0.7591741681098938,0.7584318518638611,0.008298741653561592,0.7437743544578552,0.7462530136108398,0.7474071979522705,0.7529324889183044,0.7584318518638611,0.7666305899620056,0.7697006464004517,0.7713655829429626,0.7732048630714417
49280,-0.7591792345046997,27.280431747436523,26.722854614257812,5.614150932856968,0.7591792345046997,0.7584318518638611,0.008291589096188545,0.7437743544578552,0.7462530136108398,0.7474071979522705,0.75294429063797,0.7584318518638611,0.7666305899620056,0.7697006464004517,0.7713655829429626,0.7732048630714417
49315,-0.7591902017593384,27.3369083404541,26.789104461669922,5.554112843104771,0.7591901421546936,0.7585502862930298,0.008284961804747581,0.7437743544578552,0.7462530136108398,0.7474071979522705,0.75294429063797,0.7585502862930298,0.7666305899620056,0.7697006464004517,0.7713670134544373,0.7732048630714417
49350,-0.7591996788978577,27.349302291870117,26.810657501220703,5.49978426524571,0.7591996788978577,0.7585502862930298,0.008282127790153027,0.7437743544578552,0.7462530136108398,0.7475582957267761,0.75294429063797,0.7585502862930298,0.7666305899620056,0.7697006464004517,0.7713670134544373,0.7732048630714417
49385,-0.7592138648033142,27.3850154876709,26.855955123901367,5.411417893001011,0.7592138051986694,0.7585502862930298,0.008278852328658104,0.7437743544578552,0.7462530136108398,0.7475582957267761,0.75294429063797,0.7585502862930298,0.7666305899620056,0.7697006464004517,0.7713670134544373,0.7732048630714417
49420,-0.7592211961746216,27.451475143432617,26.931480407714844,5.356116022382464,0.7592211365699768,0.7585502862930298,0.008287196978926659,0.7437743544578552,0.7462530136108398,0.7475582957267761,0.75294429063797,0.7585502862930298,0.7666305899620056,0.7697923183441162,0.7713670134544373,0.7732048630714417
49455,-0.7592211961746216,27.508865356445312,26.9986515045166,5.294136592320034,0.7592211365699768,0.7585502862930298,0.008287196978926659,0.7437743544578552,0.7462530136108398,0.7475582957267761,0.75294429063797,0.7585502862930298,0.7666305899620056,0.7697923183441162,0.7713670134544373,0.7732048630714417
49490,-0.7592616081237793,27.559873580932617,27.059402465820312,5.213538306100028,0.7592615485191345,0.7585502862930298,0.008318553678691387,0.7437743544578552,0.7462530136108398,0.7475582957267761,0.75294429063797,0.7585502862930298,0.7666305899620056,0.7697923183441162,0.7714194059371948,0.7736074328422546
49525,-0.7592716813087463,27.642087936401367,27.150083541870117,5.154579775674002,0.7592716813087463,0.7585502862930298,0.00832405686378479,0.7437743544578552,0.7462530136108398,0.7475582957267761,0.75294429063797,0.7585502862930298,0.7666305899620056,0.7697923183441162,0.7714194059371948,0.7736074328422546
49560,-0.7592768669128418,27.741504669189453,27.260528564453125,5.093697139195034,0.759276807308197,0.7585502862930298,0.008327844552695751,0.7437743544578552,0.7462530136108398,0.7475582957267761,0.75294429063797,0.7585502862930298,0.7666305899620056,0.7697923183441162,0.7714194059371948,0.7736074328422546
49595,-0.759295642375946,27.863037109375,27.392127990722656,5.034586838313511,0.7592955827713013,0.7585502862930298,0.008319541811943054,0.7437743544578552,0.7462530136108398,0.7475582957267761,0.75294429063797,0.7585502862930298,0.7666305899620056,0.7697923183441162,0.7714194059371948,0.7736074328422546
49630,-0.7593065500259399,27.90447425842285,27.4434871673584,4.970737661634173,0.7593065500259399,0.7585502862930298,0.008308645337820053,0.7437743544578552,0.7462530136108398,0.7475582957267761,0.75294429063797,0.7585502862930298,0.7666305899620056,0.7697923183441162,0.7714194059371948,0.7736074328422546
49665,-0.759307861328125,28.006086349487305,27.554943084716797,4.91605806350708,0.7593078017234802,0.7585502862930298,0.008309496566653252,0.7437743544578552,0.7462530136108398,0.7475582957267761,0.75294429063797,0.7585502862930298,0.7666305899620056,0.7697923183441162,0.7714194059371948,0.773608922958374
49700,-0.7593133449554443,28.07546043395996,27.634294509887695,4.836384500776019,0.7593132853507996,0.7585502862930298,0.008307095617055893,0.7437743544578552,0.7462530136108398,0.7475582957267761,0.75294429063797,0.7585502862930298,0.7666305899620056,0.7697923183441162,0.7714194059371948,0.773608922958374
49735,-0.7593275308609009,28.20022201538086,27.768281936645508,4.754216262272426,0.7593274712562561,0.7585502862930298,0.008314711041748524,0.7437743544578552,0.7462530136108398,0.7475582957267761,0.75294429063797,0.7585502862930298,0.7666305899620056,0.7697923183441162,0.7714194059371948,0.773608922958374
49770,-0.7593308687210083,28.277971267700195,27.855871200561523,4.686450822012765,0.7593308091163635,0.7585502862930298,0.008311658166348934,0.7437743544578552,0.7462530136108398,0.7475582957267761,0.75294429063797,0.7585502862930298,0.7666305899620056,0.7697923183441162,0.7714194059371948,0.773608922958374
49805,-0.7593308687210083,28.388872146606445,27.977745056152344,4.623236792428153,0.7593308091163635,0.7585502862930298,0.008311658166348934,0.7437743544578552,0.7462530136108398,0.7475582957267761,0.75294429063797,0.7585502862930298,0.7666305899620056,0.7697923183441162,0.7714194059371948,0.773608922958374
49840,-0.7593589425086975,28.493751525878906,28.095947265625,4.529514517102923,0.7593588829040527,0.7585502862930298,0.008332895115017891,0.7437743544578552,0.7462530136108398,0.7475582957267761,0.7529610991477966,0.7585502862930298,0.7666305899620056,0.7702101469039917,0.7714194059371948,0.773608922958374
49875,-0.7593597173690796,28.638322830200195,28.25121307373047,4.455888271331787,0.7593596577644348,0.7585502862930298,0.008333913050591946,0.7437743544578552,0.7462530136108398,0.7475582957267761,0.7529610991477966,0.7585502862930298,0.7666305899620056,0.7702804207801819,0.7714194059371948,0.773608922958374
49910,-0.7593597173690796,28.77104949951172,28.39440155029297,4.374086380004883,0.7593596577644348,0.7585502862930298,0.008333913050591946,0.7437743544578552,0.7462530136108398,0.7475582957267761,0.7529610991477966,0.7585502862930298,0.7666305899620056,0.7702804207801819,0.7714194059371948,0.773608922958374
49945,-0.7593597173690796,28.89556312561035,28.52897834777832,4.316859654017857,0.7593596577644348,0.7585502862930298,0.008333913050591946,0.7437743544578552,0.7462530136108398,0.7475582957267761,0.7529610991477966,0.7585502862930298,0.7666305899620056,0.7702804207801819,0.7714194059371948,0.773608922958374
49980,-0.7593719959259033,29.049236297607422,28.694900512695312,4.25016188621521,0.7593719959259033,0.7585502862930298,0.008345467038452625,0.7437743544578552,0.7462530136108398,0.7475582957267761,0.7529610991477966,0.7585502862930298,0.7667536735534668,0.7702804207801819,0.7719603776931763,0.773608922958374
