step,best_fitness,avg_hamming,avg_l1,avg_entropy,mean,median,std,2%,5%,10%,25%,50%,75%,90%,95%,98%
32,-0.5302062630653381,124.56732177734375,27.443023681640625,169.24660873413086,0.5302062630653381,0.5288935899734497,0.012125935405492783,0.5095728039741516,0.5125470161437988,0.515579342842102,0.5216594338417053,0.5288935899734497,0.5388489961624146,0.5456418395042419,0.5496125221252441,0.5545130968093872
64,-0.5405592918395996,121.55931091308594,35.66205596923828,162.56444931030273,0.5405593514442444,0.5409175157546997,0.012455664575099945,0.5180640816688538,0.5209148526191711,0.5228241682052612,0.531348705291748,0.5409175157546997,0.5479109883308411,0.5576104521751404,0.5636677145957947,0.5648617148399353
96,-0.5476413369178772,118.69454193115234,41.14614486694336,156.45953369140625,0.5476413369178772,0.5468274354934692,0.012173643335700035,0.5224691033363342,0.5280972719192505,0.5319992899894714,0.5391907691955566,0.5468274354934692,0.5565026998519897,0.5640241503715515,0.5650033950805664,0.5744450092315674
128,-0.5549472570419312,116.00381469726562,44.95771408081055,150.89899063110352,0.5549472570419312,0.5565395355224609,0.011856911703944206,0.5337543487548828,0.5365498065948486,0.5397211313247681,0.5450690388679504,0.5565395355224609,0.5639722347259521,0.5696035027503967,0.5744634866714478,0.5758312940597534
160,-0.5609390735626221,113.49674987792969,47.868648529052734,145.8162841796875,0.5609390735626221,0.5619499087333679,0.011353646405041218,0.5381703972816467,0.5421393513679504,0.5450875163078308,0.5548597574234009,0.5619499087333679,0.5688084363937378,0.5754091739654541,0.5778182744979858,0.5834387540817261
192,-0.5673041939735413,111.06591033935547,49.99323654174805,141.11430740356445,0.567304253578186,0.5670431852340698,0.01190489623695612,0.544231653213501,0.5486893653869629,0.5521873235702515,0.5592396855354309,0.5670431852340698,0.5759525895118713,0.5830748677253723,0.5850643515586853,0.5893576741218567
224,-0.5741869807243347,108.72386169433594,51.695030212402344,136.64734268188477,0.5741870403289795,0.5761171579360962,0.012142965570092201,0.5515643358230591,0.5558785200119019,0.5592339634895325,0.5637986660003662,0.5761171579360962,0.5830841660499573,0.5893514156341553,0.5931326746940613,0.5947257876396179
256,-0.5799658298492432,106.63114929199219,53.0413818359375,132.5836181640625,0.5799658298492432,0.5807840824127197,0.012276377528905869,0.5572962760925293,0.5592916011810303,0.561847448348999,0.5709222555160522,0.5807840824127197,0.5876609086990356,0.5939168334007263,0.6019097566604614,0.6048051118850708
288,-0.5841753482818604,104.55217742919922,54.1357421875,128.6802215576172,0.5841753482818604,0.5848017930984497,0.011340819299221039,0.5622147917747498,0.5660251379013062,0.568850576877594,0.5759446620941162,0.5848017930984497,0.5921323299407959,0.5978118777275085,0.6021170616149902,0.6049332022666931
320,-0.5888542532920837,102.48146057128906,54.9129638671875,124.97445106506348,0.5888543128967285,0.5897637605667114,0.010847399942576885,0.5670000314712524,0.569756805896759,0.5719338655471802,0.5827310085296631,0.5897637605667114,0.5977518558502197,0.6014534831047058,0.6048052310943604,0.6082686185836792
352,-0.5942062139511108,100.61137390136719,55.6535758972168,121.46336364746094,0.5942062139511108,0.5961316227912903,0.012181173078715801,0.5696752667427063,0.5732404589653015,0.5772027969360352,0.5850759744644165,0.5961316227912903,0.6033591032028198,0.6089345216751099,0.613305389881134,0.6143792271614075
384,-0.5980159044265747,98.75252532958984,56.06102752685547,118.20859909057617,0.5980159044265747,0.5999598503112793,0.011405054479837418,0.578540027141571,0.5794560313224792,0.58098965883255,0.5895562171936035,0.5999598503112793,0.6057162880897522,0.6116440892219543,0.6143134832382202,0.6189079284667969
416,-0.6032128930091858,96.95518493652344,56.462120056152344,114.97230911254883,0.6032129526138306,0.6052335500717163,0.010864121839404106,0.581427276134491,0.5832691788673401,0.5872636437416077,0.594994068145752,0.6052335500717163,0.610844612121582,0.616108775138855,0.6188607215881348,0.6218794584274292
448,-0.6072837710380554,95.26009368896484,56.69585418701172,112.01195526123047,0.6072837710380554,0.6093694567680359,0.011620182543992996,0.5840703845024109,0.5881609320640564,0.5904271602630615,0.5994293689727783,0.6093694567680359,0.615996241569519,0.6218949556350708,0.6248869895935059,0.6275892853736877
480,-0.6109912991523743,93.57928466796875,56.78153610229492,109.1469669342041,0.6109912991523743,0.6117681860923767,0.012318417429924011,0.5883027911186218,0.5894003510475159,0.5931441783905029,0.6020940542221069,0.6117681860923767,0.6208279132843018,0.626257598400116,0.6291404962539673,0.6321225166320801
512,-0.6141771674156189,91.794189453125,56.758113861083984,106.22783279418945,0.6141771674156189,0.6171689629554749,0.012767210602760315,0.5891602635383606,0.5931235551834106,0.5950536727905273,0.6040520071983337,0.6171689629554749,0.6230109930038452,0.6286429166793823,0.6320961713790894,0.6358996629714966
544,-0.6175907850265503,90.22630310058594,56.85796356201172,103.44995498657227,0.6175908446311951,0.6195417642593384,0.013025566004216671,0.5938414335250854,0.594397246837616,0.5983720421791077,0.6073882579803467,0.6195417642593384,0.6261094808578491,0.6338384747505188,0.6364762783050537,0.6391717791557312
576,-0.6209640502929688,88.73606872558594,56.798213958740234,100.94337463378906,0.6209640502929688,0.6234270334243774,0.012180187739431858,0.5972100496292114,0.6006153225898743,0.6030793190002441,0.611656904220581,0.6234270334243774,0.6293535232543945,0.6354009509086609,0.6388072967529297,0.6433736681938171
608,-0.624660849571228,87.22418212890625,56.60375213623047,98.51483917236328,0.6246609091758728,0.625430703163147,0.01156745757907629,0.6030567288398743,0.6047634482383728,0.6086304783821106,0.6161208748817444,0.625430703163147,0.6337707042694092,0.6392781734466553,0.642720639705658,0.6459356546401978
640,-0.6272416710853577,85.63612365722656,56.35603332519531,95.97859573364258,0.6272417306900024,0.6282390356063843,0.011713547632098198,0.6053109169006348,0.6068365573883057,0.6106347441673279,0.6190401315689087,0.6282390356063843,0.6353942155838013,0.6424932479858398,0.645975649356842,0.647942066192627
672,-0.6302418112754822,84.14935302734375,56.11745834350586,93.58339881896973,0.630241870880127,0.6306684613227844,0.011297287419438362,0.6079575419425964,0.6097087264060974,0.6157822608947754,0.6219209432601929,0.6306684613227844,0.6382414102554321,0.6439939141273499,0.6474489569664001,0.6485853791236877
704,-0.6325786113739014,82.63555145263672,55.73933029174805,91.32005310058594,0.6325786113739014,0.6327734589576721,0.011776508763432503,0.6118248105049133,0.6140298247337341,0.615796685218811,0.6228177547454834,0.6327734589576721,0.6423695683479309,0.6475327610969543,0.6496030688285828,0.6517511010169983
736,-0.6348971128463745,81.24534606933594,55.446624755859375,89.08235359191895,0.6348971128463745,0.6346367597579956,0.012110364623367786,0.6127111315727234,0.61571204662323,0.6171365976333618,0.6265823841094971,0.6346367597579956,0.6436305642127991,0.6498518586158752,0.6532037258148193,0.6548237800598145
768,-0.6378582715988159,79.84622192382812,55.09397506713867,86.87382888793945,0.6378583312034607,0.6370933055877686,0.01184480357915163,0.6154564023017883,0.6194261908531189,0.6215035915374756,0.6299704313278198,0.6370933055877686,0.6476616859436035,0.6528736352920532,0.6552262306213379,0.6571857333183289
800,-0.6400638222694397,78.62570190429688,54.79642868041992,84.86833953857422,0.6400638818740845,0.6393935680389404,0.011670392006635666,0.6197386384010315,0.6210145354270935,0.6239853501319885,0.630813479423523,0.6393935680389404,0.6491963863372803,0.6555936336517334,0.6573048233985901,0.6592251658439636
832,-0.6423588395118713,77.32481384277344,54.41938400268555,82.82425308227539,0.6423589587211609,0.6420540809631348,0.012187870219349861,0.6207042336463928,0.6210472583770752,0.6247022151947021,0.6326206922531128,0.6420540809631348,0.6528158783912659,0.6578186750411987,0.6612944602966309,0.6632441878318787
864,-0.6443265676498413,76.10333251953125,54.0765380859375,80.90581512451172,0.6443265676498413,0.6435213088989258,0.011863858439028263,0.621326744556427,0.624026894569397,0.6271219253540039,0.6378012895584106,0.6435213088989258,0.6545161604881287,0.658383309841156,0.6612944602966309,0.6632441878318787
896,-0.6468102931976318,74.96910095214844,53.79612350463867,79.05880737304688,0.6468102335929871,0.6471995711326599,0.01218276098370552,0.6235718131065369,0.6275342106819153,0.6295884847640991,0.6386889815330505,0.6471995711326599,0.6559198498725891,0.6613476872444153,0.664924681186676,0.6699013710021973
928,-0.6492064595222473,73.71556854248047,53.37798309326172,77.10029411315918,0.6492064595222473,0.649039089679718,0.01221818383783102,0.6272035241127014,0.6286236047744751,0.6310418844223022,0.6398633122444153,0.649039089679718,0.6584508419036865,0.6647295355796814,0.6674931645393372,0.6699013710021973
960,-0.650991678237915,72.60674285888672,53.02656555175781,75.37499618530273,0.650991678237915,0.6507250666618347,0.011980526149272919,0.6276772618293762,0.6294038891792297,0.6339890956878662,0.6435432434082031,0.6507250666618347,0.6608525514602661,0.6656355857849121,0.6680875420570374,0.6710456609725952
992,-0.653064489364624,71.37599182128906,52.51308822631836,73.59600448608398,0.653064489364624,0.6533108949661255,0.012220671400427818,0.6283686757087708,0.6338602900505066,0.6352552175521851,0.6442161202430725,0.6533108949661255,0.6619678139686584,0.6696523427963257,0.6730673313140869,0.67437744140625
1024,-0.6553444266319275,70.36215209960938,52.182857513427734,71.95751953125,0.6553444862365723,0.6560978889465332,0.011719695292413235,0.6326114535331726,0.6350650191307068,0.6374390125274658,0.6475341320037842,0.6560978889465332,0.6640492677688599,0.6716722249984741,0.6742228269577026,0.6756697297096252
1056,-0.656561553478241,69.18453979492188,51.63428497314453,70.30809020996094,0.6565616726875305,0.656550407409668,0.011543085798621178,0.6357187628746033,0.6368748545646667,0.6401371955871582,0.6475876569747925,0.656550407409668,0.6652320027351379,0.6717336773872375,0.6749163866043091,0.6778936982154846
1088,-0.6581764221191406,68.12666320800781,51.175315856933594,68.76020812988281,0.6581764221191406,0.6588411331176758,0.01176005881279707,0.6357187628746033,0.6380850672721863,0.6417291760444641,0.6490160226821899,0.6588411331176758,0.6653844118118286,0.6741375923156738,0.6777754426002502,0.67991703748703
1120,-0.6601991653442383,67.05755615234375,50.736534118652344,67.13772201538086,0.6601991057395935,0.6615097522735596,0.011416689492762089,0.6389093399047852,0.6411927342414856,0.6445455551147461,0.6518518924713135,0.6615097522735596,0.6679913997650146,0.6757972240447998,0.6781860589981079,0.6803625226020813
1152,-0.6617171168327332,66.04354095458984,50.287750244140625,65.61732482910156,0.6617170572280884,0.6620967388153076,0.01132151298224926,0.6417616009712219,0.6428093910217285,0.6452845931053162,0.6542975306510925,0.6620967388153076,0.668630838394165,0.6766630411148071,0.679918110370636,0.6820091009140015
1184,-0.6626017689704895,65.09619140625,49.85496520996094,64.2142391204834,0.6626017093658447,0.6631190776824951,0.011179213412106037,0.6424300670623779,0.643683910369873,0.6475316882133484,0.6547939777374268,0.6631190776824951,0.669500470161438,0.677495002746582,0.679918110370636,0.6821396350860596
1216,-0.6642018556594849,64.19833374023438,49.47718811035156,62.79433536529541,0.6642017960548401,0.6649709343910217,0.011778458021581173,0.6430275440216064,0.644443929195404,0.6477712392807007,0.6552785634994507,0.6649709343910217,0.6736390590667725,0.6798372268676758,0.682778537273407,0.6862583756446838
1248,-0.6659383773803711,63.182533264160156,48.970947265625,61.37293529510498,0.6659384369850159,0.6664160490036011,0.012086892500519753,0.6437119245529175,0.6466724276542664,0.6491014361381531,0.6564856767654419,0.6664160490036011,0.6752237677574158,0.6823133826255798,0.6844848990440369,0.688262939453125
1280,-0.6673663258552551,62.24299621582031,48.48481369018555,60.01741981506348,0.6673663258552551,0.6673491597175598,0.01227814145386219,0.646704912185669,0.6484121084213257,0.64995276927948,0.6575355529785156,0.6673491597175598,0.6768056154251099,0.6828076839447021,0.6875094175338745,0.6922210454940796
1312,-0.668675422668457,61.31743621826172,48.01573181152344,58.70048236846924,0.6686754822731018,0.6680102348327637,0.012073026038706303,0.6480026841163635,0.648924708366394,0.6532251834869385,0.6590853929519653,0.6680102348327637,0.6781464219093323,0.6830514669418335,0.6883620619773865,0.6922210454940796
1344,-0.6699346303939819,60.48643112182617,47.60969161987305,57.43260383605957,0.6699346303939819,0.6696240901947021,0.012038043700158596,0.6484099626541138,0.6500505208969116,0.6536766886711121,0.662151038646698,0.6696240901947021,0.6788489818572998,0.6840579509735107,0.6901708841323853,0.6953105926513672
1376,-0.6711832880973816,59.65079879760742,47.18189239501953,56.219740867614746,0.6711833477020264,0.6702630519866943,0.011647792533040047,0.6513885855674744,0.6530293226242065,0.6546071767807007,0.6625313758850098,0.6702630519866943,0.6798803806304932,0.6863751411437988,0.6902617812156677,0.6953105926513672
1408,-0.672067403793335,58.95730209350586,46.888397216796875,55.08564853668213,0.672067403793335,0.6711047887802124,0.011692318134009838,0.6530097723007202,0.6536902189254761,0.6559672355651855,0.6635297536849976,0.6711047887802124,0.6800134778022766,0.687191367149353,0.6909706592559814,0.6969041228294373
1440,-0.6732157468795776,58.18208312988281,46.479454040527344,53.92902851104736,0.6732158660888672,0.6735273003578186,0.011794919148087502,0.6530097723007202,0.6536940336227417,0.6562520861625671,0.6642096638679504,0.6735273003578186,0.6816979646682739,0.688007116317749,0.6909888982772827,0.6969209313392639
1472,-0.6744638085365295,57.34386444091797,45.98078918457031,52.81515598297119,0.6744637489318848,0.6747833490371704,0.011705782264471054,0.6544783115386963,0.655707836151123,0.6582558751106262,0.6649562120437622,0.6747833490371704,0.6839267015457153,0.6882535219192505,0.6909888982772827,0.6969209313392639
1504,-0.6755304336547852,56.4776725769043,45.46426010131836,51.633487701416016,0.6755303740501404,0.6757745742797852,0.011303901672363281,0.6557167172431946,0.6568601727485657,0.6582558751106262,0.6669529676437378,0.6757745742797852,0.6844164133071899,0.6882535219192505,0.6924612522125244,0.6969209313392639
1536,-0.676264762878418,55.62112045288086,44.94905090332031,50.50359535217285,0.6762648224830627,0.6757745742797852,0.011272757314145565,0.6560717821121216,0.6583095192909241,0.6604528427124023,0.6684088706970215,0.6757745742797852,0.6849504709243774,0.6893225908279419,0.6932876110076904,0.6971793174743652
1568,-0.6769474744796753,54.82848358154297,44.493988037109375,49.42768573760986,0.6769474744796753,0.676482081413269,0.011447778902947903,0.6561383605003357,0.6592696905136108,0.6605093479156494,0.6686611175537109,0.676482081413269,0.6860586404800415,0.691185712814331,0.6934789419174194,0.697428286075592
1600,-0.6778120398521423,54.04524230957031,44.041011810302734,48.34506320953369,0.6778120398521423,0.6772745251655579,0.011629601940512657,0.6566150188446045,0.6598526239395142,0.6623568534851074,0.6687008142471313,0.6772745251655579,0.686667263507843,0.6922517418861389,0.6982353925704956,0.699970543384552
1632,-0.6788079738616943,53.36420822143555,43.676841735839844,47.293867111206055,0.6788080334663391,0.6793073415756226,0.01158551312983036,0.6581340432167053,0.661113977432251,0.6629102826118469,0.6702370643615723,0.6793073415756226,0.6874527931213379,0.6927328109741211,0.6982353925704956,0.699970543384552
1664,-0.680048942565918,52.64657211303711,43.23101806640625,46.29606246948242,0.6800490617752075,0.6794223785400391,0.011313938535749912,0.6614245176315308,0.6626722812652588,0.6640199422836304,0.6711079478263855,0.6794223785400391,0.6880061030387878,0.6938292384147644,0.6985208988189697,0.702778160572052
1696,-0.6805558800697327,51.91920471191406,42.792755126953125,45.26375389099121,0.680556058883667,0.6801382899284363,0.011225135065615177,0.6619627475738525,0.6628353595733643,0.6646361947059631,0.6723372340202332,0.6801382899284363,0.6889867782592773,0.6942723393440247,0.6985208988189697,0.7031904458999634
1728,-0.6812370419502258,51.24374008178711,42.402565002441406,44.29379367828369,0.6812368631362915,0.6811474561691284,0.011253049597144127,0.6620280146598816,0.6639069318771362,0.6656561493873596,0.6724469661712646,0.6811474561691284,0.6904570460319519,0.6951394081115723,0.6985359191894531,0.7032538652420044
1760,-0.6820921301841736,50.62123107910156,42.035736083984375,43.39301872253418,0.6820921301841736,0.6819603443145752,0.011164533905684948,0.6622263193130493,0.665094792842865,0.6676665544509888,0.6730638146400452,0.6819603443145752,0.6906206011772156,0.6960157752037048,0.7008272409439087,0.7032538652420044
1792,-0.6828303337097168,49.9770622253418,41.616634368896484,42.5324010848999,0.6828303337097168,0.6828399896621704,0.011357074603438377,0.6622263193130493,0.6655463576316833,0.6682100892066956,0.6731153726577759,0.6828399896621704,0.6918312311172485,0.6969159245491028,0.7017900943756104,0.7041767239570618
1824,-0.6836932301521301,49.37545394897461,41.268001556396484,41.66243934631348,0.6836931705474854,0.6839596033096313,0.01132824644446373,0.6642040014266968,0.6659255027770996,0.6689360737800598,0.6744526624679565,0.6839596033096313,0.6926696300506592,0.6977295279502869,0.7032665014266968,0.7043513655662537
1856,-0.6843571066856384,48.8062744140625,40.92224884033203,40.83910369873047,0.6843570470809937,0.6843689680099487,0.011288091540336609,0.6651362180709839,0.6669524312019348,0.6699259281158447,0.6749327182769775,0.6843689680099487,0.6932538151741028,0.6995366215705872,0.7038847804069519,0.7050597071647644
1888,-0.6851037740707397,48.218162536621094,40.54224395751953,40.03361988067627,0.6851037740707397,0.6860365867614746,0.011503905989229679,0.6651362180709839,0.6673536896705627,0.6700811386108398,0.6750649809837341,0.6860365867614746,0.694277286529541,0.6997948884963989,0.7042304277420044,0.705284833908081
1920,-0.6857956647872925,47.62207794189453,40.16881561279297,39.23649501800537,0.6857956647872925,0.6864868402481079,0.011319251731038094,0.6653193235397339,0.6687141060829163,0.6702338457107544,0.676476001739502,0.6864868402481079,0.6944835186004639,0.6997948884963989,0.7046974897384644,0.7057288289070129
1952,-0.6864120960235596,47.044185638427734,39.773345947265625,38.48017597198486,0.6864120960235596,0.6868525743484497,0.011193913407623768,0.6658328175544739,0.6698592901229858,0.6711431741714478,0.67671138048172,0.6868525743484497,0.6954450607299805,0.6997948884963989,0.7050689458847046,0.7066448926925659
1984,-0.6869716644287109,46.55494689941406,39.48591995239258,37.749653816223145,0.6869714856147766,0.6872286796569824,0.011257149279117584,0.6658328175544739,0.6702002286911011,0.6720985770225525,0.6773428916931152,0.6872286796569824,0.6960291862487793,0.7004379630088806,0.705350935459137,0.7066676616668701
2016,-0.6875035166740417,46.0357666015625,39.15947723388672,36.95251750946045,0.6875035166740417,0.6879296898841858,0.011185377836227417,0.6661253571510315,0.6702402234077454,0.6726937294006348,0.6784252524375916,0.6879296898841858,0.6961056590080261,0.7014363408088684,0.7053771615028381,0.7078329920768738
2048,-0.6881769895553589,45.4727783203125,38.789756774902344,36.195539474487305,0.6881769299507141,0.6879296898841858,0.0110250199213624,0.6689766049385071,0.6716402173042297,0.6733382344245911,0.6793946623802185,0.6879296898841858,0.6967803239822388,0.7021578550338745,0.7062909603118896,0.7081170678138733
2080,-0.6886807680130005,44.91572570800781,38.414546966552734,35.45303249359131,0.6886808276176453,0.6886813640594482,0.010992184281349182,0.6707791686058044,0.6721702218055725,0.6733884811401367,0.6798442602157593,0.6886813640594482,0.6976381540298462,0.7028617858886719,0.7062909603118896,0.7098897099494934
2112,-0.689239501953125,44.43024826049805,38.111244201660156,34.72616958618164,0.6892393231391907,0.6895738840103149,0.011007283814251423,0.6709732413291931,0.6722003221511841,0.673538863658905,0.6800583600997925,0.6895738840103149,0.6981673240661621,0.7039583325386047,0.7071669697761536,0.7103448510169983
2144,-0.6895408630371094,43.975128173828125,37.828880310058594,34.043819427490234,0.6895408630371094,0.6898876428604126,0.01090824231505394,0.6720981597900391,0.6723004579544067,0.6739211082458496,0.6800583600997925,0.6898876428604126,0.6986054182052612,0.7039583325386047,0.7071669697761536,0.7103448510169983
2176,-0.6899582743644714,43.431434631347656,37.45343780517578,33.3720121383667,0.6899582147598267,0.6902873516082764,0.010807485319674015,0.672190248966217,0.6732805967330933,0.6751149296760559,0.6801853775978088,0.6902873516082764,0.6995249390602112,0.7039739489555359,0.7074401378631592,0.7103448510169983
2208,-0.6902667880058289,42.989498138427734,37.16288757324219,32.75215721130371,0.6902667880058289,0.6906029582023621,0.010817579925060272,0.6723035573959351,0.673297107219696,0.6751149296760559,0.6803330183029175,0.6906029582023621,0.6995249390602112,0.7039739489555359,0.7074401378631592,0.710345447063446
2240,-0.6905948519706726,42.56501770019531,36.892486572265625,32.114187240600586,0.6905948519706726,0.6910865306854248,0.01083151064813137,0.6728555560112,0.6738693118095398,0.6751397848129272,0.681198239326477,0.6910865306854248,0.6995852589607239,0.7044568657875061,0.7079184651374817,0.710345447063446
2272,-0.6909379363059998,42.145729064941406,36.60774612426758,31.533493041992188,0.6909379363059998,0.6914263963699341,0.01091874111443758,0.6735111474990845,0.6742070913314819,0.6758558750152588,0.6813710927963257,0.6914263963699341,0.6996731758117676,0.7063014507293701,0.7086069583892822,0.710345447063446
2304,-0.6913793683052063,41.70819091796875,36.3213005065918,30.949656009674072,0.6913792490959167,0.6921826601028442,0.010928393341600895,0.6735304594039917,0.6751055121421814,0.6762711405754089,0.6816365122795105,0.6921826601028442,0.7003715634346008,0.7063187956809998,0.7086069583892822,0.7104542851448059
2336,-0.6917385458946228,41.30767822265625,36.06214141845703,30.371997356414795,0.6917386054992676,0.6926952004432678,0.010903480462729931,0.6741465330123901,0.6751055121421814,0.6777509450912476,0.6816961765289307,0.6926952004432678,0.7003715634346008,0.7063961029052734,0.7089328765869141,0.7108122706413269
2368,-0.692168653011322,40.92304229736328,35.80896759033203,29.78758192062378,0.6921687126159668,0.6926952004432678,0.010823633521795273,0.6747703552246094,0.6756775975227356,0.6779012680053711,0.682729959487915,0.6926952004432678,0.7011661529541016,0.7063961029052734,0.7099035978317261,0.7113691568374634
2400,-0.6925253868103027,40.4536018371582,35.472900390625,29.165184020996094,0.6925253868103027,0.6933484077453613,0.010969787836074829,0.6751030683517456,0.6756897568702698,0.6779012680053711,0.682729959487915,0.6933484077453613,0.7012588381767273,0.7071501612663269,0.7099035978317261,0.7117413878440857
2432,-0.6927909851074219,40.074562072753906,35.21381378173828,28.61929225921631,0.6927909851074219,0.6933484077453613,0.010888400487601757,0.6751405000686646,0.6765578985214233,0.6788700819015503,0.6829015016555786,0.6933484077453613,0.7013370394706726,0.7071501612663269,0.7108328938484192,0.7117547392845154
2464,-0.6930115222930908,39.721866607666016,34.990142822265625,28.096352100372314,0.6930115222930908,0.6933484077453613,0.010795313864946365,0.6756945252418518,0.6771844625473022,0.6793984770774841,0.6830196976661682,0.6933484077453613,0.7013893723487854,0.7071501612663269,0.7113189101219177,0.7117547392845154
2496,-0.6933883428573608,39.290443420410156,34.67161178588867,27.566801071166992,0.6933883428573608,0.6934362649917603,0.010762990452349186,0.6756945252418518,0.6777664422988892,0.6796809434890747,0.6831601858139038,0.6934362649917603,0.7015506625175476,0.7071501612663269,0.7113189101219177,0.7117624282836914
2528,-0.6937202215194702,38.931739807128906,34.43235778808594,27.045411586761475,0.6937203407287598,0.6937092542648315,0.010745357722043991,0.6767233610153198,0.6783273220062256,0.6800580024719238,0.6838688850402832,0.6937092542648315,0.7023100852966309,0.7071501612663269,0.7113254070281982,0.7124701738357544
2560,-0.6939349174499512,38.5620002746582,34.16577911376953,26.539438247680664,0.6939350366592407,0.693886935710907,0.010757233947515488,0.6767233610153198,0.6783273220062256,0.6800580024719238,0.6842665672302246,0.693886935710907,0.7023100852966309,0.7086103558540344,0.7113254070281982,0.7125504016876221
2592,-0.6942871809005737,38.21305847167969,33.93488311767578,26.00608205795288,0.6942871809005737,0.6942362189292908,0.01091482862830162,0.6769484877586365,0.6793051362037659,0.6800580024719238,0.6843515634536743,0.6942362189292908,0.703150749206543,0.7088114619255066,0.7114130258560181,0.714988648891449
2624,-0.6945040822029114,37.876808166503906,33.69553756713867,25.50429344177246,0.6945041418075562,0.6945650577545166,0.010886705480515957,0.6769484877586365,0.6795892715454102,0.6801576614379883,0.6844462156295776,0.6945650577545166,0.703150749206543,0.7088221907615662,0.7114521861076355,0.714988648891449
2656,-0.6947318911552429,37.53135681152344,33.448822021484375,25.024526596069336,0.6947319507598877,0.6949418783187866,0.010932420380413532,0.6778822541236877,0.6795892715454102,0.6808304786682129,0.6844462156295776,0.6949418783187866,0.7035592794418335,0.7090478539466858,0.7114735245704651,0.715031623840332
2688,-0.695012629032135,37.214012145996094,33.234317779541016,24.547609329223633,0.6950127482414246,0.6953245401382446,0.01095322985202074,0.67873615026474,0.6795892715454102,0.6809532046318054,0.6846274137496948,0.6953245401382446,0.7040834426879883,0.709227979183197,0.7116894125938416,0.7150604128837585
2720,-0.6952880620956421,36.86217498779297,32.98432922363281,24.107380390167236,0.6952882409095764,0.6962660551071167,0.010917109437286854,0.6790676116943359,0.6796014308929443,0.6809532046318054,0.6852961778640747,0.6962660551071167,0.7042191028594971,0.709652304649353,0.712812066078186,0.7150781750679016
2752,-0.6955326199531555,36.533329010009766,32.75934600830078,23.6582293510437,0.6955326795578003,0.6964603662490845,0.010911219753324986,0.6790676116943359,0.6797407269477844,0.6810579299926758,0.6856896877288818,0.6964603662490845,0.7046221494674683,0.709652304649353,0.7129708528518677,0.7150895595550537
2784,-0.695883572101593,36.22727584838867,32.551002502441406,23.214887142181396,0.6958836913108826,0.6964956521987915,0.01083945669233799,0.6795479655265808,0.680968701839447,0.6821178197860718,0.6858549118041992,0.6964956521987915,0.705004870891571,0.7096540927886963,0.7129968404769897,0.7151373624801636
2816,-0.6961901187896729,35.909358978271484,32.31706237792969,22.79784059524536,0.6961901187896729,0.6968894004821777,0.010885413736104965,0.6795479655265808,0.6810029149055481,0.6827480792999268,0.6861565709114075,0.6968894004821777,0.7050666809082031,0.7105996608734131,0.7130420207977295,0.7152185440063477
2848,-0.6963536143302917,35.61640930175781,32.108150482177734,22.394286632537842,0.6963534355163574,0.6968894004821777,0.010875727981328964,0.6795719265937805,0.6810029149055481,0.6827480792999268,0.6865639090538025,0.6968894004821777,0.7059755921363831,0.7105996608734131,0.7130420207977295,0.7153509259223938
2880,-0.696606457233429,35.29161834716797,31.869436264038086,21.973369598388672,0.6966062784194946,0.6968894004821777,0.01086505874991417,0.6796032190322876,0.6810029149055481,0.6828106641769409,0.6865639090538025,0.6968894004821777,0.7059755921363831,0.7106064558029175,0.7130420207977295,0.7153509259223938
2912,-0.6968514919281006,34.998008728027344,31.65497398376465,21.575066566467285,0.6968514323234558,0.6971068978309631,0.010844238102436066,0.680080771446228,0.6812897324562073,0.6828106641769409,0.6865701079368591,0.6971068978309631,0.7060579061508179,0.7112041711807251,0.7130420207977295,0.7170103788375854
2944,-0.6970423460006714,34.7004508972168,31.433147430419922,21.170204639434814,0.6970422863960266,0.6971068978309631,0.010867007076740265,0.6801126003265381,0.6819031834602356,0.6831781268119812,0.6865701079368591,0.6971068978309631,0.7060766220092773,0.7114242315292358,0.7133976817131042,0.7172425985336304
2976,-0.6970930099487305,34.43968200683594,31.24563217163086,20.799015998840332,0.6970930695533752,0.697137713432312,0.010854684747755527,0.6801126003265381,0.6819031834602356,0.6831781268119812,0.6868759393692017,0.697137713432312,0.7060940265655518,0.7115651965141296,0.7134050130844116,0.7172425985336304
3008,-0.6973341107368469,34.14744567871094,31.026100158691406,20.423880577087402,0.6973342895507812,0.6973439455032349,0.010905427858233452,0.6801126003265381,0.6822112202644348,0.6831781268119812,0.6870021224021912,0.6973439455032349,0.7060940265655518,0.7122288942337036,0.7138412594795227,0.7172452211380005
3040,-0.6975185871124268,33.869300842285156,30.817184448242188,20.044803142547607,0.6975185871124268,0.6975634098052979,0.010968884453177452,0.680421769618988,0.6822112202644348,0.6831781268119812,0.6870565414428711,0.6975634098052979,0.7060940265655518,0.7126927375793457,0.7138465046882629,0.7172628045082092
3072,-0.697731614112854,33.56562423706055,30.581256866455078,19.673330307006836,0.697731614112854,0.6980590224266052,0.010980836115777493,0.680421769618988,0.6822112202644348,0.6831781268119812,0.6871891021728516,0.6980590224266052,0.7064001560211182,0.712716281414032,0.7140555381774902,0.7172628045082092
3104,-0.6979174613952637,33.295650482177734,30.37319564819336,19.339877605438232,0.6979174613952637,0.6987177133560181,0.01101330853998661,0.6809223890304565,0.6826671361923218,0.683189332485199,0.6874722838401794,0.6987177133560181,0.7069528698921204,0.7130482792854309,0.7142698764801025,0.7172628045082092
3136,-0.6980782747268677,33.0184326171875,30.157400131225586,19.01107883453369,0.6980783939361572,0.6987391710281372,0.01098077092319727,0.6809223890304565,0.6828204393386841,0.6838738918304443,0.6876695156097412,0.6987391710281372,0.7071818113327026,0.7130482792854309,0.7142698764801025,0.7172666788101196
3168,-0.6983320713043213,32.737491607666016,29.939064025878906,18.665171146392822,0.6983320713043213,0.6996570825576782,0.011007451452314854,0.6815286874771118,0.6828204393386841,0.6840384602546692,0.6880995035171509,0.6996570825576782,0.7073858380317688,0.7130482792854309,0.7151702046394348,0.7172666788101196
3200,-0.6985616683959961,32.44160842895508,29.708831787109375,18.317744255065918,0.6985617280006409,0.6996570825576782,0.010934497229754925,0.682256817817688,0.6832195520401001,0.6843593120574951,0.6883202791213989,0.6996570825576782,0.7074445486068726,0.7131433486938477,0.7151721119880676,0.71727055311203
3232,-0.6987143754959106,32.19926452636719,29.534147262573242,17.96488857269287,0.6987143754959106,0.6996570825576782,0.010920238681137562,0.6822678446769714,0.6833817362785339,0.6844764947891235,0.6884716153144836,0.6996570825576782,0.7075366973876953,0.7131446003913879,0.7151721119880676,0.7172718048095703
3264,-0.6989027857780457,31.931900024414062,29.31915283203125,17.662059783935547,0.6989028453826904,0.6996570825576782,0.010945918969810009,0.6822678446769714,0.683670699596405,0.6848846077919006,0.6886883974075317,0.6996570825576782,0.7075366973876953,0.7132790088653564,0.7151721119880676,0.7175204157829285
3296,-0.69901043176651,31.623470306396484,29.065000534057617,17.333242416381836,0.6990104913711548,0.6996570825576782,0.01097510103136301,0.6822678446769714,0.6836739778518677,0.6849091053009033,0.6886883974075317,0.6996570825576782,0.7081246972084045,0.7132897973060608,0.7151721119880676,0.7175204157829285
3328,-0.699154794216156,31.373565673828125,28.87897300720215,17.011119842529297,0.6991549134254456,0.6998047232627869,0.01101811695843935,0.6822678446769714,0.6836739778518677,0.6849091053009033,0.6886883974075317,0.6998047232627869,0.7081246972084045,0.7134798169136047,0.7151721119880676,0.717525064945221
3360,-0.6993367671966553,31.142791748046875,28.697011947631836,16.70356321334839,0.6993368268013,0.6998142600059509,0.011008702218532562,0.6825157403945923,0.6837995648384094,0.6849091053009033,0.6888762712478638,0.6998142600059509,0.7081246972084045,0.7136045694351196,0.7151721119880676,0.7193872332572937
3392,-0.6994640231132507,30.9473876953125,28.551504135131836,16.418099880218506,0.6994640231132507,0.7001605033874512,0.011012738570570946,0.6825157403945923,0.6838329434394836,0.6849091053009033,0.6892353296279907,0.7001605033874512,0.7084319591522217,0.7136045694351196,0.7151721119880676,0.719398558139801
3424,-0.6996035575866699,30.68873405456543,28.3464412689209,16.100232362747192,0.6996036767959595,0.7004455327987671,0.010980240069329739,0.6825157403945923,0.6838329434394836,0.6850984692573547,0.6893081665039062,0.7004455327987671,0.7085703015327454,0.7136045694351196,0.7151721119880676,0.719398558139801
3456,-0.6997426152229309,30.44410514831543,28.155120849609375,15.812635660171509,0.6997426748275757,0.700494647026062,0.010937593877315521,0.6825157403945923,0.6838936805725098,0.6851269006729126,0.6894258260726929,0.700494647026062,0.7085703015327454,0.7136045694351196,0.7155148983001709,0.719398558139801
3488,-0.6998981237411499,30.20969009399414,27.974212646484375,15.529931783676147,0.6998981237411499,0.7007203102111816,0.010904836468398571,0.6825157403945923,0.6838936805725098,0.685160756111145,0.6895936727523804,0.7007203102111816,0.7087973356246948,0.7136045694351196,0.7155148983001709,0.7194088697433472
3520,-0.7000262141227722,29.941213607788086,27.75726890563965,15.226024389266968,0.700026273727417,0.7007203102111816,0.010943446308374405,0.6825307607650757,0.6838936805725098,0.6852393746376038,0.6896755695343018,0.7007203102111816,0.7092107534408569,0.7136045694351196,0.7155148983001709,0.7194088697433472
3552,-0.7001319527626038,29.7049617767334,27.56995391845703,14.941534757614136,0.7001320719718933,0.7009462118148804,0.010982893407344818,0.6827598214149475,0.6838936805725098,0.6852420568466187,0.6898789405822754,0.7009462118148804,0.7093628644943237,0.7140191793441772,0.7155148983001709,0.7194088697433472
3584,-0.7002792358398438,29.46523666381836,27.369426727294922,14.688774347305298,0.7002792358398438,0.7011867165565491,0.010925274342298508,0.6827598214149475,0.6842976808547974,0.685497522354126,0.6898860931396484,0.7011867165565491,0.7093628644943237,0.7140191793441772,0.7155242562294006,0.7194088697433472
3616,-0.7003907561302185,29.226547241210938,27.173992156982422,14.437939882278442,0.7003907561302185,0.7011867165565491,0.010995031334459782,0.6827598214149475,0.6843051910400391,0.685497522354126,0.6898860931396484,0.7011867165565491,0.7093628644943237,0.7140284776687622,0.7155242562294006,0.7199722528457642
3648,-0.7005376815795898,29.000045776367188,26.9874267578125,14.200163841247559,0.7005377411842346,0.7011867165565491,0.011045561172068119,0.6827598214149475,0.6843820810317993,0.685497522354126,0.6900866031646729,0.7011867165565491,0.7096949219703674,0.7140284776687622,0.7155559062957764,0.7203492522239685
3680,-0.7006019353866577,28.79376220703125,26.823089599609375,13.944079637527466,0.7006019353866577,0.7014124393463135,0.011037919670343399,0.6833853125572205,0.6843820810317993,0.685497522354126,0.6900866031646729,0.7014124393463135,0.7100824117660522,0.7140284776687622,0.7157268524169922,0.7203492522239685
3712,-0.7007156014442444,28.610336303710938,26.68203353881836,13.701159477233887,0.7007156610488892,0.7014124393463135,0.011036555282771587,0.6833853125572205,0.6843979358673096,0.68632572889328,0.6901705861091614,0.7014124393463135,0.7100824117660522,0.7141650915145874,0.7158169746398926,0.7204747200012207
3744,-0.7008678913116455,28.3880672454834,26.501819610595703,13.461517572402954,0.7008678913116455,0.7018462419509888,0.01102029625326395,0.6833865642547607,0.6843979358673096,0.686331033706665,0.6903594732284546,0.7018462419509888,0.7100824117660522,0.7142745852470398,0.7158226370811462,0.7204747200012207
3776,-0.7009756565093994,28.184186935424805,26.335296630859375,13.236541271209717,0.7009756565093994,0.7018462419509888,0.011045528575778008,0.6833865642547607,0.6849915981292725,0.6863514184951782,0.6905038952827454,0.7018462419509888,0.710243821144104,0.7146475911140442,0.7163194417953491,0.7204747200012207
3808,-0.7010989189147949,27.980484008789062,26.17313003540039,12.993470668792725,0.7010989189147949,0.7018462419509888,0.01107212994247675,0.6833865642547607,0.6849929094314575,0.6865856647491455,0.6906229853630066,0.7018462419509888,0.7103215456008911,0.7146475911140442,0.7163465023040771,0.7204747200012207
3840,-0.7012051343917847,27.747737884521484,25.96957778930664,12.767975330352783,0.7012051939964294,0.7018542289733887,0.011082655750215054,0.6833865642547607,0.6849929094314575,0.6865856647491455,0.6906229853630066,0.7018542289733887,0.7106486558914185,0.7146809101104736,0.716557502746582,0.7208634614944458
3872,-0.7013117074966431,27.56086540222168,25.822248458862305,12.539309024810791,0.7013116478919983,0.7018945813179016,0.011061230674386024,0.6836653351783752,0.6849929094314575,0.6866371035575867,0.6906527876853943,0.7018945813179016,0.7106486558914185,0.7146809101104736,0.716557502746582,0.7208634614944458
3904,-0.7014128565788269,27.374189376831055,25.669933319091797,12.307862758636475,0.7014127969741821,0.7020352482795715,0.011038150638341904,0.6842113137245178,0.6849929094314575,0.6866371035575867,0.691016674041748,0.7020352482795715,0.7106486558914185,0.714684784412384,0.7167345881462097,0.7208642959594727
3936,-0.7015013694763184,27.170642852783203,25.50091552734375,12.08872675895691,0.7015014886856079,0.702135443687439,0.011054509319365025,0.6842113137245178,0.6849929094314575,0.6866371035575867,0.6911259889602661,0.702135443687439,0.7107294201850891,0.714945375919342,0.7167359590530396,0.720866858959198
3968,-0.7016153335571289,27.004127502441406,25.36749267578125,11.87776780128479,0.7016153931617737,0.7025500535964966,0.01108198706060648,0.6842113137245178,0.6852960586547852,0.6866371035575867,0.6914626359939575,0.7025500535964966,0.7107372283935547,0.7150661945343018,0.7167614102363586,0.720866858959198
4000,-0.7017602920532227,26.827903747558594,25.227455139160156,11.662822246551514,0.7017603516578674,0.702872097492218,0.011083198711276054,0.6842120885848999,0.6852960586547852,0.6866371035575867,0.6915076375007629,0.702872097492218,0.7109119892120361,0.7151463031768799,0.7172932028770447,0.720866858959198
4032,-0.7018703818321228,26.645404815673828,25.08087158203125,11.442295789718628,0.7018704414367676,0.702872097492218,0.011055945418775082,0.6842295527458191,0.6852960586547852,0.6867177486419678,0.6919546127319336,0.702872097492218,0.7109119892120361,0.7151463031768799,0.7173001170158386,0.7208690643310547
4064,-0.701963484287262,26.488250732421875,24.948898315429688,11.242615461349487,0.701963484287262,0.7028816938400269,0.011055457405745983,0.6842295527458191,0.6853135824203491,0.6867177486419678,0.6920577883720398,0.7028816938400269,0.711005687713623,0.7151463031768799,0.7173001170158386,0.7208690643310547
4096,-0.7020172476768494,26.34505844116211,24.84480857849121,11.040815830230713,0.7020173072814941,0.7028816938400269,0.011092869564890862,0.6842295527458191,0.6854441165924072,0.6867177486419678,0.6920577883720398,0.7028816938400269,0.711005687713623,0.7151700258255005,0.7173001170158386,0.7208788990974426
4128,-0.7020670175552368,26.159727096557617,24.68991470336914,10.857608556747437,0.7020670175552368,0.7029027938842773,0.011097542010247707,0.6842295527458191,0.6860185861587524,0.6867177486419678,0.6921262741088867,0.7029027938842773,0.711005687713623,0.7153359651565552,0.7173001170158386,0.7208788990974426
4160,-0.7021070122718811,25.98090171813965,24.546493530273438,10.646528959274292,0.7021069526672363,0.7029027938842773,0.011106816120445728,0.6842997074127197,0.6860244274139404,0.6873892545700073,0.692192792892456,0.7029027938842773,0.7110446095466614,0.7154322862625122,0.717319130897522,0.7208788990974426
4192,-0.7021852135658264,25.822118759155273,24.420162200927734,10.431467771530151,0.7021852135658264,0.702924370765686,0.011149897240102291,0.6842997074127197,0.6860325336456299,0.6873892545700073,0.692192792892456,0.702924370765686,0.711147665977478,0.7154322862625122,0.717319130897522,0.720881462097168
4224,-0.7022705078125,25.656822204589844,24.278600692749023,10.276159286499023,0.7022705078125,0.702924370765686,0.01114602480083704,0.6842997074127197,0.6860339045524597,0.6874560713768005,0.692192792892456,0.702924370765686,0.7112135887145996,0.715503454208374,0.717319130897522,0.720881462097168
4256,-0.7023292183876038,25.495128631591797,24.14680290222168,10.081856727600098,0.7023292779922485,0.702924370765686,0.011154229752719402,0.6842997074127197,0.6860397458076477,0.6874560713768005,0.6922045946121216,0.702924370765686,0.7112135887145996,0.7156428098678589,0.7173306941986084,0.720881462097168
4288,-0.7023669481277466,25.328824996948242,24.01224136352539,9.900661706924438,0.7023670077323914,0.702924370765686,0.011163839139044285,0.6842997074127197,0.6860507726669312,0.6875197887420654,0.6922045946121216,0.702924370765686,0.7112305164337158,0.7156428098678589,0.7173306941986084,0.720884382724762
4320,-0.7024354338645935,25.159343719482422,23.87177085876465,9.732117414474487,0.7024354338645935,0.7030012011528015,0.011157729662954807,0.6843039393424988,0.6860507726669312,0.687846839427948,0.6922045946121216,0.7030012011528015,0.7112305164337158,0.7156461477279663,0.7173306941986084,0.720884382724762
4352,-0.7024737596511841,25.00074005126953,23.7401180267334,9.552770137786865,0.7024738788604736,0.7031009197235107,0.011157588101923466,0.6843039393424988,0.6860507726669312,0.687846839427948,0.6922045946121216,0.7031009197235107,0.7112373113632202,0.7156461477279663,0.7173306941986084,0.720884382724762
4384,-0.7025681734085083,24.857521057128906,23.627471923828125,9.368148803710938,0.7025682330131531,0.7031009197235107,0.01115440484136343,0.6843113899230957,0.6860693097114563,0.6879756450653076,0.6922045946121216,0.7031009197235107,0.7113604545593262,0.7156477570533752,0.717349648475647,0.720884382724762
4416,-0.7026758193969727,24.70058250427246,23.495023727416992,9.200143098831177,0.7026759386062622,0.7031009197235107,0.01115939300507307,0.6843113899230957,0.6860912442207336,0.6879756450653076,0.6923209428787231,0.7031009197235107,0.7113604545593262,0.7158060073852539,0.7176518440246582,0.720884382724762
4448,-0.7027462720870972,24.591022491455078,23.409141540527344,9.067479848861694,0.7027462124824524,0.7035580277442932,0.01114957220852375,0.6846997141838074,0.6860912442207336,0.6882844567298889,0.6923626065254211,0.7035580277442932,0.7114973664283752,0.7161637544631958,0.7176518440246582,0.720884382724762
4480,-0.7027912139892578,24.469585418701172,23.304885864257812,8.94379711151123,0.7027912735939026,0.7036230564117432,0.011155471205711365,0.6847625970840454,0.6860912442207336,0.6882844567298889,0.6924657821655273,0.7036230564117432,0.7115442156791687,0.7161637544631958,0.7176518440246582,0.7210400700569153
4512,-0.702866792678833,24.349966049194336,23.206998825073242,8.78037691116333,0.7028669118881226,0.7036230564117432,0.01117333397269249,0.6847625970840454,0.6860912442207336,0.6882844567298889,0.6925228834152222,0.7036230564117432,0.7117316126823425,0.716540515422821,0.7176550030708313,0.7213131785392761
4544,-0.7029253840446472,24.231048583984375,23.10793113708496,8.647177457809448,0.702925443649292,0.7036230564117432,0.011184676550328732,0.6847625970840454,0.6860973834991455,0.6883004307746887,0.6926198601722717,0.7036230564117432,0.7118564248085022,0.7166895866394043,0.7176783084869385,0.7213131785392761
4576,-0.702980637550354,24.10951042175293,23.007404327392578,8.478416919708252,0.7029807567596436,0.7036727070808411,0.011175996623933315,0.6847625970840454,0.6860973834991455,0.6883004307746887,0.692621111869812,0.7036727070808411,0.7119557857513428,0.7166895866394043,0.7176783084869385,0.7213131785392761
4608,-0.703083872795105,23.993038177490234,22.90298843383789,8.343629360198975,0.703083872795105,0.7036727070808411,0.011204819194972515,0.6847668886184692,0.6860973834991455,0.6883004307746887,0.692621111869812,0.7036727070808411,0.7120584845542908,0.7168240547180176,0.7176783084869385,0.7213131785392761
4640,-0.703141450881958,23.863983154296875,22.79707908630371,8.196324348449707,0.7031415700912476,0.7039057612419128,0.011216758750379086,0.6847678422927856,0.6860973834991455,0.6883004307746887,0.692621111869812,0.7039057612419128,0.7120899558067322,0.7168290615081787,0.717680811882019,0.7213131785392761
4672,-0.7031958103179932,23.742374420166016,22.693716049194336,8.048633575439453,0.7031958699226379,0.7039953470230103,0.011198030784726143,0.6848268508911133,0.6860973834991455,0.6885526776313782,0.6926997900009155,0.7039953470230103,0.712213933467865,0.716893196105957,0.717680811882019,0.7213131785392761
4704,-0.7032856345176697,23.621402740478516,22.590627670288086,7.912781119346619,0.7032857537269592,0.7042217254638672,0.011222229339182377,0.6848268508911133,0.6862001419067383,0.68869948387146,0.6926997900009155,0.7042217254638672,0.7123231887817383,0.7169490456581116,0.7183438539505005,0.7213131785392761
4736,-0.7033492922782898,23.480735778808594,22.471817016601562,7.757303833961487,0.7033492922782898,0.7042217254638672,0.01122844498604536,0.6849438548088074,0.6862001419067383,0.6887021660804749,0.6926997900009155,0.7042217254638672,0.7123231887817383,0.7169490456581116,0.7183438539505005,0.7213229537010193
4768,-0.7034364938735962,23.348587036132812,22.3603515625,7.616455316543579,0.7034364938735962,0.7042217254638672,0.011222911067306995,0.6851586103439331,0.6863452792167664,0.6887021660804749,0.6926997900009155,0.7042217254638672,0.7126243710517883,0.7170393466949463,0.7183438539505005,0.7213708758354187
4800,-0.7034692168235779,23.216398239135742,22.246442794799805,7.506964445114136,0.7034691572189331,0.7042217254638672,0.01123495027422905,0.6853368282318115,0.6863452792167664,0.6887021660804749,0.692818820476532,0.7042217254638672,0.7126710414886475,0.7170451283454895,0.7183438539505005,0.7217645049095154
4832,-0.7035391926765442,23.08620262145996,22.136009216308594,7.380173087120056,0.7035391926765442,0.7049237489700317,0.011213654652237892,0.685428261756897,0.6863452792167664,0.6887021660804749,0.6928926110267639,0.7049237489700317,0.7126710414886475,0.7170481085777283,0.7183438539505005,0.7219894528388977
4864,-0.703580915927887,22.9482421875,22.0205078125,7.225317716598511,0.7035810351371765,0.7049237489700317,0.011221284046769142,0.685428261756897,0.6863452792167664,0.6888864040374756,0.6928926110267639,0.7049237489700317,0.7130383253097534,0.71736079454422,0.7183438539505005,0.7219894528388977
4896,-0.7036210298538208,22.817684173583984,21.911245346069336,7.097690224647522,0.703620970249176,0.7049686908721924,0.01122979074716568,0.6854552626609802,0.6863452792167664,0.6888864040374756,0.6928926110267639,0.7049686908721924,0.7132748961448669,0.717416524887085,0.7183438539505005,0.7219908833503723
4928,-0.7036681771278381,22.70650863647461,21.81734848022461,6.974030494689941,0.7036682963371277,0.7049686908721924,0.011229481548070908,0.6854552626609802,0.6863452792167664,0.6888864040374756,0.6928926110267639,0.7049686908721924,0.7133669853210449,0.7174234986305237,0.7183438539505005,0.7220561504364014
4960,-0.703725278377533,22.578990936279297,21.707855224609375,6.858139872550964,0.7037253379821777,0.7049998641014099,0.011248433962464333,0.6855951547622681,0.6863452792167664,0.6888864040374756,0.6928926110267639,0.7049998641014099,0.7133669853210449,0.7174234986305237,0.7183740735054016,0.7220561504364014
4992,-0.7037521004676819,22.45643424987793,21.602005004882812,6.7360029220581055,0.7037521600723267,0.7051064968109131,0.01125095784664154,0.6856412291526794,0.6863452792167664,0.6888864040374756,0.6928926110267639,0.7051064968109131,0.7133669853210449,0.7174234986305237,0.7184173464775085,0.722247838973999
5024,-0.7037887573242188,22.34943199157715,21.507423400878906,6.627649903297424,0.703788697719574,0.7051917314529419,0.011256229132413864,0.6856412291526794,0.6863452792167664,0.6888864040374756,0.6928926110267639,0.7051917314529419,0.7133669853210449,0.7174252271652222,0.7184173464775085,0.722247838973999
5056,-0.7038281559944153,22.2398738861084,21.410261154174805,6.525296092033386,0.7038282752037048,0.7051917314529419,0.011243034154176712,0.6856412291526794,0.6863452792167664,0.6890299320220947,0.6928926110267639,0.7051917314529419,0.7133669853210449,0.7174252271652222,0.7184173464775085,0.722247838973999
5088,-0.7038628458976746,22.12863540649414,21.309688568115234,6.414382696151733,0.7038628458976746,0.7051979303359985,0.011248561553657055,0.6856412291526794,0.6863452792167664,0.6890477538108826,0.6928926110267639,0.7051979303359985,0.7133669853210449,0.7174252271652222,0.7184173464775085,0.722247838973999
5120,-0.7039114236831665,22.016332626342773,21.216001510620117,6.310346484184265,0.7039114236831665,0.7051979303359985,0.011252691969275475,0.6856755614280701,0.6864886283874512,0.6892797350883484,0.6928926110267639,0.7051979303359985,0.7133669853210449,0.7174252271652222,0.7186281085014343,0.722247838973999
5152,-0.7039530873298645,21.906301498413086,21.119873046875,6.218387603759766,0.7039530873298645,0.7051979303359985,0.01125075202435255,0.6858069896697998,0.6864886283874512,0.6892797350883484,0.6928926110267639,0.7051979303359985,0.7133669853210449,0.7174252271652222,0.7187964916229248,0.722247838973999
5184,-0.7040020823478699,21.79591941833496,21.022428512573242,6.104516625404358,0.7040020823478699,0.7058390378952026,0.01124888751655817,0.6858069896697998,0.6864890456199646,0.6892920136451721,0.6928926110267639,0.7058390378952026,0.7134408354759216,0.7174252271652222,0.7187964916229248,0.722247838973999
5216,-0.7040329575538635,21.701658248901367,20.945711135864258,5.992492079734802,0.7040328979492188,0.7058855891227722,0.01124757993966341,0.6858069896697998,0.6864890456199646,0.6892920136451721,0.6928926110267639,0.7058855891227722,0.713477373123169,0.7174252271652222,0.7187964916229248,0.7222487926483154
5248,-0.7040823101997375,21.570068359375,20.831253051757812,5.882721662521362,0.7040823101997375,0.7059950232505798,0.01124544721096754,0.6858069896697998,0.6865813732147217,0.6892920136451721,0.6928926110267639,0.7059950232505798,0.713477373123169,0.7174256443977356,0.7187964916229248,0.7222487926483154
5280,-0.7041136026382446,21.443754196166992,20.719493865966797,5.754688024520874,0.7041136026382446,0.7059950232505798,0.01125258207321167,0.6858069896697998,0.6865934729576111,0.6892920136451721,0.6928926110267639,0.7059950232505798,0.7135514616966248,0.7174256443977356,0.7188050150871277,0.7222487926483154
5312,-0.7041420340538025,21.34307861328125,20.632116317749023,5.649304747581482,0.7041419744491577,0.7059950232505798,0.011246309615671635,0.6858069896697998,0.6865934729576111,0.6892920136451721,0.6929091811180115,0.7059950232505798,0.7135514616966248,0.7174256443977356,0.7188050150871277,0.7222487926483154
5344,-0.7041801810264587,21.237865447998047,20.543968200683594,5.53801953792572,0.7041802406311035,0.7059950232505798,0.0112575339153409,0.6858069896697998,0.6865934729576111,0.6893000602722168,0.6929091811180115,0.7059950232505798,0.7135514616966248,0.7174256443977356,0.7188050150871277,0.7222487926483154
5376,-0.7041950225830078,21.124921798706055,20.44538688659668,5.431830048561096,0.704194962978363,0.7059950232505798,0.011270352639257908,0.6858113408088684,0.6865934729576111,0.6893000602722168,0.6929091811180115,0.7059950232505798,0.7135514616966248,0.7174256443977356,0.7193095684051514,0.7222487926483154
5408,-0.7042427062988281,21.006263732910156,20.339933395385742,5.337234258651733,0.7042426466941833,0.7061837911605835,0.011248565278947353,0.6861993074417114,0.68693608045578,0.6893000602722168,0.6929320096969604,0.7061837911605835,0.7137374877929688,0.7174273729324341,0.7193095684051514,0.7222487926483154
5440,-0.7042971849441528,20.903987884521484,20.253597259521484,5.239276051521301,0.7042971253395081,0.7063124775886536,0.011268073692917824,0.686267614364624,0.6869396567344666,0.6893000602722168,0.6930389404296875,0.7063124775886536,0.713740348815918,0.7174273729324341,0.7193095684051514,0.7224576473236084
5472,-0.7043037414550781,20.80710220336914,20.16968536376953,5.159515857696533,0.7043036818504333,0.7063124775886536,0.011272014118731022,0.686267614364624,0.6869396567344666,0.6893016695976257,0.6930389404296875,0.7063124775886536,0.713740348815918,0.7174273729324341,0.7193095684051514,0.7224738001823425
5504,-0.7043294906616211,20.716110229492188,20.088905334472656,5.081557512283325,0.7043294310569763,0.7063373327255249,0.011267635971307755,0.686267614364624,0.6869493126869202,0.6893016695976257,0.6930537223815918,0.7063373327255249,0.7137457728385925,0.7174285054206848,0.7193095684051514,0.7224738001823425
5536,-0.7043558359146118,20.639259338378906,20.0220947265625,4.998101472854614,0.704355776309967,0.7063373327255249,0.011269889771938324,0.686267614364624,0.6871140599250793,0.6893016695976257,0.6931588053703308,0.7063373327255249,0.7137457728385925,0.717433750629425,0.7193095684051514,0.7224738001823425
5568,-0.7044068574905396,20.52505111694336,19.921703338623047,4.909031510353088,0.7044069170951843,0.7065558433532715,0.011266879737377167,0.686267614364624,0.6871552467346191,0.6893233060836792,0.6931588053703308,0.7065558433532715,0.7137457728385925,0.717540442943573,0.7194311618804932,0.7224738001823425
5600,-0.7044352293014526,20.43124771118164,19.840368270874023,4.8108707666397095,0.7044352889060974,0.7065558433532715,0.011266403831541538,0.686267614364624,0.6871552467346191,0.6893233060836792,0.6931588053703308,0.7065558433532715,0.7137561440467834,0.717540442943573,0.7194311618804932,0.7224738001823425
5632,-0.7044709324836731,20.364933013916016,19.782184600830078,4.730606436729431,0.7044709920883179,0.7065751552581787,0.011254645884037018,0.686440646648407,0.6871552467346191,0.6893233060836792,0.6931588053703308,0.7065751552581787,0.7137561440467834,0.717540442943573,0.7194311618804932,0.7224738001823425
5664,-0.7044921517372131,20.2807674407959,19.708240509033203,4.63933265209198,0.7044920325279236,0.7065751552581787,0.01125988271087408,0.686440646648407,0.6871552467346191,0.6893233060836792,0.6931925415992737,0.7065751552581787,0.7137561440467834,0.717540442943573,0.7195700407028198,0.7224738001823425
5696,-0.7045201063156128,20.181095123291016,19.619905471801758,4.553406119346619,0.704520046710968,0.7065982222557068,0.01128106378018856,0.686440646648407,0.6871552467346191,0.6893233060836792,0.6931925415992737,0.7065982222557068,0.7137561440467834,0.717540442943573,0.7198027968406677,0.7227762341499329
5728,-0.7045487761497498,20.116621017456055,19.563777923583984,4.4814900159835815,0.704548716545105,0.706617534160614,0.01127832755446434,0.686440646648407,0.687222421169281,0.6893233060836792,0.6932420134544373,0.706617534160614,0.713905930519104,0.717540442943573,0.7198027968406677,0.7227762341499329
5760,-0.7045796513557434,20.038177490234375,19.495922088623047,4.391388773918152,0.7045797109603882,0.7067030668258667,0.011291157454252243,0.686440646648407,0.6872230768203735,0.6893233060836792,0.6932420134544373,0.7067030668258667,0.713905930519104,0.717540442943573,0.7200122475624084,0.7227762341499329
5792,-0.704611599445343,19.958057403564453,19.425094604492188,4.315290212631226,0.704611599445343,0.7067030668258667,0.011314262636005878,0.686440646648407,0.6872230768203735,0.6893233060836792,0.6932420134544373,0.7067030668258667,0.7139826416969299,0.717540442943573,0.7200122475624084,0.7227767705917358
5824,-0.7046218514442444,19.871742248535156,19.343534469604492,4.253379702568054,0.7046219110488892,0.7067522406578064,0.0113199008628726,0.686440646648407,0.6872230768203735,0.6893233060836792,0.6932420134544373,0.7067522406578064,0.7139826416969299,0.717540442943573,0.7200122475624084,0.7227767705917358
5856,-0.7046535611152649,19.793655395507812,19.274330139160156,4.202709913253784,0.7046535611152649,0.7067940831184387,0.011331381276249886,0.686440646648407,0.6872230768203735,0.6893233060836792,0.6932668089866638,0.7067940831184387,0.7141019105911255,0.717540442943573,0.7200122475624084,0.7227767705917358
5888,-0.7046943306922913,19.690954208374023,19.181644439697266,4.120249509811401,0.7046944499015808,0.7068432569503784,0.011325777508318424,0.686440646648407,0.6872230768203735,0.6893233060836792,0.6934123039245605,0.7068432569503784,0.7144020199775696,0.717540442943573,0.7200122475624084,0.7227767705917358
5920,-0.7047137022018433,19.581684112548828,19.082727432250977,4.027452111244202,0.704713761806488,0.706855058670044,0.011337869800627232,0.686440646648407,0.6872230768203735,0.6893233060836792,0.6934123039245605,0.706855058670044,0.7144020199775696,0.717540442943573,0.7200122475624084,0.7227767705917358
5952,-0.704742431640625,19.50156593322754,19.016016006469727,3.940302610397339,0.704742431640625,0.7069616317749023,0.01133995596319437,0.686440646648407,0.687235951423645,0.6893625855445862,0.6934123039245605,0.7069616317749023,0.7144020199775696,0.717540442943573,0.7200122475624084,0.7227767705917358
5984,-0.7047587633132935,19.424758911132812,18.9500789642334,3.8719959259033203,0.7047587633132935,0.7069616317749023,0.01133178360760212,0.686440646648407,0.687235951423645,0.6893625855445862,0.6934123039245605,0.7069616317749023,0.7144020199775696,0.7175747156143188,0.7200122475624084,0.7227767705917358
6016,-0.7047749161720276,19.328039169311523,18.86273956298828,3.809855282306671,0.7047749161720276,0.7069815993309021,0.011341352015733719,0.686440646648407,0.687235951423645,0.6893625855445862,0.6934123039245605,0.7069815993309021,0.7144020199775696,0.7175747156143188,0.7202228903770447,0.7227767705917358
6048,-0.7047950029373169,19.243301391601562,18.78316879272461,3.744626820087433,0.7047949433326721,0.7069815993309021,0.011349205859005451,0.686440646648407,0.687235951423645,0.6893625855445862,0.6934123039245605,0.7069815993309021,0.7144020199775696,0.7175747156143188,0.7202228903770447,0.7227767705917358
6080,-0.704822838306427,19.154155731201172,18.70606231689453,3.6702609062194824,0.704822838306427,0.7071725130081177,0.01134348101913929,0.6864442229270935,0.687235951423645,0.6893625855445862,0.6934123039245605,0.7071725130081177,0.7144020199775696,0.7175747156143188,0.7202228903770447,0.7227767705917358
6112,-0.7048478722572327,19.07278060913086,18.633243560791016,3.6147435903549194,0.7048479318618774,0.7071725130081177,0.011363672092556953,0.6864442229270935,0.6872405409812927,0.6894020438194275,0.6934123039245605,0.7071725130081177,0.7144020199775696,0.7175747156143188,0.7208307981491089,0.7227767705917358
6144,-0.7049102783203125,18.984474182128906,18.552364349365234,3.545205056667328,0.7049102783203125,0.7071725130081177,0.01137495320290327,0.6864442229270935,0.6872405409812927,0.6894142627716064,0.6936275959014893,0.7071725130081177,0.7150310277938843,0.7175747156143188,0.7208307981491089,0.7227767705917358
6176,-0.7049329876899719,18.905540466308594,18.480831146240234,3.4813100695610046,0.7049331068992615,0.7071725130081177,0.011365360580384731,0.6864442229270935,0.6872405409812927,0.6895304918289185,0.6936275959014893,0.7071725130081177,0.7151497602462769,0.7175747156143188,0.7208307981491089,0.7227767705917358
6208,-0.7049598693847656,18.844470977783203,18.426599502563477,3.438824474811554,0.7049599289894104,0.7071725130081177,0.011369731277227402,0.6864442229270935,0.6872405409812927,0.6895971298217773,0.6936275959014893,0.7071725130081177,0.7151497602462769,0.7175747156143188,0.7208307981491089,0.7227767705917358
6240,-0.704987645149231,18.756183624267578,18.343994140625,3.3802868723869324,0.704987645149231,0.7071725130081177,0.01136856246739626,0.6865160465240479,0.6875337958335876,0.6896263957023621,0.6936275959014893,0.7071725130081177,0.7151497602462769,0.7175747156143188,0.7208307981491089,0.7227767705917358
6272,-0.7050104141235352,18.674057006835938,18.2705135345459,3.311923623085022,0.7050105333328247,0.7071725130081177,0.011360290460288525,0.6865160465240479,0.6875337958335876,0.6896263957023621,0.6936275959014893,0.7071725130081177,0.7151497602462769,0.7175747156143188,0.7208307981491089,0.7227767705917358
6304,-0.7050279974937439,18.594303131103516,18.19725227355957,3.2577869296073914,0.7050279974937439,0.7071725130081177,0.011372477747499943,0.6865160465240479,0.6875337958335876,0.6896263957023621,0.6936275959014893,0.7071725130081177,0.7151497602462769,0.7176316976547241,0.7208307981491089,0.7227767705917358
6336,-0.7050459384918213,18.51537322998047,18.12355613708496,3.2063578367233276,0.7050459384918213,0.7071725130081177,0.011368578299880028,0.686516284942627,0.6875337958335876,0.6897140145301819,0.6936275959014893,0.7071725130081177,0.7151497602462769,0.7176316976547241,0.7208307981491089,0.7227767705917358
6368,-0.7050712704658508,18.430936813354492,18.04543685913086,3.163485825061798,0.7050712704658508,0.707391619682312,0.011362184770405293,0.6867385506629944,0.6875337958335876,0.6897140145301819,0.6936275959014893,0.707391619682312,0.7151497602462769,0.7176316976547241,0.7208307981491089,0.7227767705917358
6400,-0.7050991654396057,18.370128631591797,17.988666534423828,3.1158847212791443,0.7050991058349609,0.707391619682312,0.011355645954608917,0.6867385506629944,0.6875337958335876,0.6903639435768127,0.6936275959014893,0.707391619682312,0.7152401804924011,0.7176316976547241,0.7208307981491089,0.7227767705917358
6432,-0.7051070928573608,18.290773391723633,17.91424560546875,3.066669225692749,0.7051070332527161,0.707391619682312,0.0113564757630229,0.6867385506629944,0.6875337958335876,0.6903639435768127,0.6936275959014893,0.707391619682312,0.7152434587478638,0.7176316976547241,0.7208340167999268,0.7227767705917358
6464,-0.705119788646698,18.225284576416016,17.858131408691406,2.9979358315467834,0.7051197290420532,0.7074440717697144,0.011360524222254753,0.6867385506629944,0.6875388026237488,0.6903639435768127,0.6936275959014893,0.7074440717697144,0.7152434587478638,0.7176316976547241,0.7208340167999268,0.7227767705917358
6496,-0.7051354646682739,18.149049758911133,17.787595748901367,2.9517669081687927,0.7051354050636292,0.7074440717697144,0.011344886384904385,0.6867385506629944,0.6875388026237488,0.6903639435768127,0.6936275959014893,0.7074440717697144,0.7152434587478638,0.7176316976547241,0.7208340167999268,0.7227767705917358
6528,-0.7051457762718201,18.08255958557129,17.726978302001953,2.905434727668762,0.7051457166671753,0.7074440717697144,0.011340037919580936,0.6867385506629944,0.6875388026237488,0.6903639435768127,0.6937628984451294,0.7074440717697144,0.7152434587478638,0.7176316976547241,0.7208669781684875,0.7227767705917358
6560,-0.7051599621772766,18.024028778076172,17.67256736755371,2.8565272092819214,0.7051599621772766,0.7074558734893799,0.011344308033585548,0.6869468688964844,0.6875388026237488,0.6903639435768127,0.6937628984451294,0.7074558734893799,0.7152434587478638,0.7176316976547241,0.7208669781684875,0.7227767705917358
6592,-0.705174446105957,17.935253143310547,17.59032440185547,2.8022807240486145,0.7051745653152466,0.7074558734893799,0.011332135647535324,0.6869468688964844,0.6875388026237488,0.6903639435768127,0.6938253045082092,0.7074558734893799,0.7152434587478638,0.7176316976547241,0.7208669781684875,0.7227767705917358
6624,-0.7051777243614197,17.864784240722656,17.52570915222168,2.7504393458366394,0.7051778435707092,0.7074558734893799,0.01133243553340435,0.6869468688964844,0.6875388026237488,0.6903639435768127,0.6938253045082092,0.7074558734893799,0.7152434587478638,0.7176316976547241,0.7208669781684875,0.7227767705917358
6656,-0.7051833868026733,17.81222915649414,17.474903106689453,2.7034058570861816,0.7051833868026733,0.7074606418609619,0.011326276697218418,0.6869468688964844,0.6875388026237488,0.6903639435768127,0.6938253045082092,0.7074606418609619,0.7152434587478638,0.7176316976547241,0.7208669781684875,0.7227767705917358
6688,-0.7051967978477478,17.752300262451172,17.421079635620117,2.663803219795227,0.7051968574523926,0.7074606418609619,0.011327868327498436,0.6869468688964844,0.6875388026237488,0.6903639435768127,0.6938253045082092,0.7074606418609619,0.7152613401412964,0.7176316976547241,0.7208669781684875,0.7227767705917358
6720,-0.7052050828933716,17.680095672607422,17.35651397705078,2.5981592535972595,0.7052051424980164,0.7075130939483643,0.011333923786878586,0.6869468688964844,0.6875388026237488,0.6903639435768127,0.6938253045082092,0.7075130939483643,0.7152613401412964,0.7176316976547241,0.7208669781684875,0.7227767705917358
6752,-0.7052117586135864,17.62377166748047,17.30571746826172,2.5608349442481995,0.705211877822876,0.7075130939483643,0.011337907053530216,0.6869468688964844,0.6875388026237488,0.6903639435768127,0.6938253045082092,0.7075130939483643,0.7152613401412964,0.7176316976547241,0.7208669781684875,0.7227767705917358
6784,-0.7052198052406311,17.567405700683594,17.252582550048828,2.5189809799194336,0.7052198052406311,0.7075130939483643,0.011345114558935165,0.6869468688964844,0.6875388026237488,0.6903639435768127,0.6938253045082092,0.7075130939483643,0.7153233885765076,0.7176316976547241,0.7208669781684875,0.7227767705917358
6816,-0.7052253484725952,17.506629943847656,17.19994354248047,2.4696303009986877,0.7052253484725952,0.7075702548027039,0.011349329724907875,0.6869468688964844,0.6875388026237488,0.6903639435768127,0.6938253045082092,0.7075702548027039,0.7153456211090088,0.7176316976547241,0.7209277749061584,0.7227767705917358
6848,-0.7052290439605713,17.467201232910156,17.165159225463867,2.4439537525177,0.7052289843559265,0.707614541053772,0.011349744163453579,0.6869468688964844,0.6875388026237488,0.6903639435768127,0.6938253045082092,0.707614541053772,0.7153456211090088,0.7176316976547241,0.7209277749061584,0.7227767705917358
6880,-0.70524662733078,17.44519805908203,17.147634506225586,2.4026752710342407,0.7052466869354248,0.707614541053772,0.011330551467835903,0.6869468688964844,0.6876707673072815,0.690603494644165,0.6938253045082092,0.707614541053772,0.7153456211090088,0.7176316976547241,0.7209277749061584,0.7227767705917358
6912,-0.7052640914916992,17.393177032470703,17.100482940673828,2.3534728288650513,0.705264151096344,0.707614541053772,0.01133626326918602,0.6869468688964844,0.6876707673072815,0.690603494644165,0.6938253045082092,0.707614541053772,0.7153456211090088,0.7176316976547241,0.7209277749061584,0.7227767705917358
6944,-0.7052912712097168,17.345108032226562,17.056549072265625,2.319984018802643,0.7052913904190063,0.707614541053772,0.011342617683112621,0.6870947480201721,0.6876707673072815,0.690603494644165,0.6938253045082092,0.707614541053772,0.7154480814933777,0.7176316976547241,0.7209277749061584,0.7227767705917358
6976,-0.7053160667419434,17.319873809814453,17.03670883178711,2.2772322297096252,0.7053160071372986,0.707614541053772,0.01135429460555315,0.6870947480201721,0.6876707673072815,0.690603494644165,0.6938253045082092,0.707614541053772,0.7154972553253174,0.7176316976547241,0.7209277749061584,0.7227767705917358
7008,-0.7053184509277344,17.282175064086914,17.002323150634766,2.2458235025405884,0.7053184509277344,0.707614541053772,0.011353361420333385,0.6870947480201721,0.6876707673072815,0.690603494644165,0.6938253045082092,0.707614541053772,0.7154991030693054,0.7176316976547241,0.7209277749061584,0.7227767705917358
7040,-0.7053487300872803,17.255456924438477,16.979820251464844,2.2204888463020325,0.7053487300872803,0.7079051733016968,0.011367828585207462,0.6870947480201721,0.6876707673072815,0.690603494644165,0.6938253045082092,0.7079051733016968,0.7154991030693054,0.7178823947906494,0.7209277749061584,0.7227767705917358
7072,-0.7053677439689636,17.207977294921875,16.935020446777344,2.1958205699920654,0.7053676843643188,0.7079051733016968,0.011382522992789745,0.6870947480201721,0.6876707673072815,0.690603494644165,0.6938253045082092,0.7079051733016968,0.7154991030693054,0.7178823947906494,0.7209277749061584,0.7227767705917358
7104,-0.7053731083869934,17.167381286621094,16.899070739746094,2.171862781047821,0.7053731679916382,0.7079458832740784,0.011379005387425423,0.6870973110198975,0.6876707673072815,0.690603494644165,0.6938253045082092,0.7079458832740784,0.7154991030693054,0.7178823947906494,0.7209277749061584,0.7227767705917358
7136,-0.7053790092468262,17.114734649658203,16.851303100585938,2.13301420211792,0.7053790092468262,0.7080687284469604,0.011374766007065773,0.6870973110198975,0.6876733899116516,0.690603494644165,0.6938253045082092,0.7080687284469604,0.7154991030693054,0.7178823947906494,0.7209277749061584,0.7227767705917358
7168,-0.7053857445716858,17.063602447509766,16.802196502685547,2.116043448448181,0.7053857445716858,0.7081094980239868,0.011378290131688118,0.6870973110198975,0.6876733899116516,0.690603494644165,0.6938253045082092,0.7081094980239868,0.7154991030693054,0.7178823947906494,0.7209277749061584,0.7227767705917358
7200,-0.7054027915000916,17.02720069885254,16.76824188232422,2.0962271094322205,0.7054028511047363,0.7081094980239868,0.011389871127903461,0.6870973110198975,0.6876733899116516,0.690603494644165,0.6938253045082092,0.7081094980239868,0.7155177593231201,0.7178823947906494,0.7209277749061584,0.7227780222892761
7232,-0.7054107785224915,16.995952606201172,16.74254608154297,2.059890866279602,0.7054107785224915,0.7081094980239868,0.011395914480090141,0.6870973110198975,0.6876733899116516,0.690603494644165,0.6938253045082092,0.7081094980239868,0.7155177593231201,0.7178823947906494,0.7210984230041504,0.7227780222892761
7264,-0.7054154872894287,16.94113540649414,16.69241714477539,2.020327776670456,0.7054154872894287,0.7081094980239868,0.011397574096918106,0.6870973110198975,0.6876733899116516,0.6907285451889038,0.6938253045082092,0.7081094980239868,0.7155216932296753,0.7178823947906494,0.7210984230041504,0.7227780222892761
7296,-0.7054287791252136,16.905261993408203,16.66110610961914,1.9911711513996124,0.7054287791252136,0.7081094980239868,0.0113997682929039,0.6870973110198975,0.6876733899116516,0.6907285451889038,0.6938505172729492,0.7081094980239868,0.7155216932296753,0.7178823947906494,0.7210984230041504,0.7227780222892761
7328,-0.7054473161697388,16.87189292907715,16.630647659301758,1.9708052575588226,0.7054473161697388,0.7081806659698486,0.011409181170165539,0.6870973110198975,0.6876733899116516,0.6907285451889038,0.6938505172729492,0.7081806659698486,0.7155947685241699,0.7178823947906494,0.7210984230041504,0.7227780222892761
7360,-0.7054574489593506,16.82588005065918,16.588123321533203,1.9444244503974915,0.7054574489593506,0.7081806659698486,0.011404365301132202,0.6872238516807556,0.6876822113990784,0.6908210515975952,0.6939269304275513,0.7081806659698486,0.7156298756599426,0.7178823947906494,0.7210984230041504,0.7227780222892761
7392,-0.7054675221443176,16.792694091796875,16.557722091674805,1.9186682105064392,0.7054674625396729,0.7081806659698486,0.01140261348336935,0.6872238516807556,0.6876822113990784,0.6908210515975952,0.6939269304275513,0.7081806659698486,0.7156298756599426,0.7178823947906494,0.7210984230041504,0.7227780222892761
7424,-0.7054800987243652,16.759992599487305,16.527542114257812,1.8957671821117401,0.7054800987243652,0.7081806659698486,0.011412464082241058,0.6872238516807556,0.6876822113990784,0.6908210515975952,0.6939269304275513,0.7081806659698486,0.7156527638435364,0.7178823947906494,0.7211335897445679,0.7227780222892761
7456,-0.7054943442344666,16.719287872314453,16.490806579589844,1.8690770864486694,0.7054944038391113,0.7081806659698486,0.011410181410610676,0.6872238516807556,0.6876822113990784,0.6908210515975952,0.6939408779144287,0.7081806659698486,0.7156527638435364,0.7178823947906494,0.7211335897445679,0.7227780222892761
7488,-0.7055014371871948,16.68441390991211,16.458637237548828,1.853720873594284,0.7055014967918396,0.7081806659698486,0.011409854516386986,0.6872238516807556,0.6876822113990784,0.6908210515975952,0.6939408779144287,0.7081806659698486,0.7156527638435364,0.718166708946228,0.7211335897445679,0.7227780222892761
7520,-0.7055099606513977,16.633426666259766,16.412399291992188,1.8281103670597076,0.7055099606513977,0.7083007097244263,0.011414929293096066,0.6872238516807556,0.6876822113990784,0.6908210515975952,0.6939408779144287,0.7083007097244263,0.7157036662101746,0.718166708946228,0.7211335897445679,0.7227780222892761
7552,-0.7055220007896423,16.578670501708984,16.360563278198242,1.8081796765327454,0.7055219411849976,0.7083007097244263,0.01140635460615158,0.6872238516807556,0.6876822113990784,0.6908541917800903,0.6941220760345459,0.7083007097244263,0.7157036662101746,0.718166708946228,0.7211335897445679,0.7227780222892761
7584,-0.7055248022079468,16.529285430908203,16.31439971923828,1.7743092775344849,0.7055248022079468,0.7083007097244263,0.011405536904931068,0.6872238516807556,0.6876822113990784,0.6908541917800903,0.6941220760345459,0.7083007097244263,0.7157036662101746,0.718166708946228,0.7211335897445679,0.7227780222892761
7616,-0.7055262327194214,16.500415802001953,16.28902816772461,1.7451368272304535,0.7055261731147766,0.7083007097244263,0.011403602547943592,0.6872238516807556,0.6876862049102783,0.6908541917800903,0.6941220760345459,0.7083007097244263,0.7157036662101746,0.718166708946228,0.7211335897445679,0.7227780222892761
7648,-0.7055410742759705,16.46401596069336,16.256046295166016,1.7210653424263,0.7055410742759705,0.7083007097244263,0.011408314108848572,0.6872238516807556,0.6876862049102783,0.6908541917800903,0.6943348050117493,0.7083007097244263,0.7157353758811951,0.718166708946228,0.7211335897445679,0.7227780222892761
7680,-0.7055748105049133,16.429174423217773,16.22340202331543,1.6914249658584595,0.7055748105049133,0.7083007097244263,0.01143336296081543,0.6872238516807556,0.6876862049102783,0.6909018754959106,0.6943348050117493,0.7083007097244263,0.7157353758811951,0.7182514071464539,0.7211465239524841,0.7227780222892761
7712,-0.7055885791778564,16.391494750976562,16.189163208007812,1.6630356907844543,0.7055885791778564,0.7083007097244263,0.011430248618125916,0.6872238516807556,0.6876862049102783,0.6909018754959106,0.6943348050117493,0.7083007097244263,0.7157353758811951,0.7182514071464539,0.7211465239524841,0.7227780222892761
7744,-0.705605149269104,16.356246948242188,16.156883239746094,1.6419642865657806,0.7056050896644592,0.7083007097244263,0.011445296928286552,0.6872238516807556,0.6876862049102783,0.6909018754959106,0.6943348050117493,0.7083007097244263,0.7158011794090271,0.7186196446418762,0.7211465239524841,0.7227780222892761
7776,-0.7056106925010681,16.31147003173828,16.115211486816406,1.6169045269489288,0.7056107521057129,0.7083007097244263,0.011448302306234837,0.6872238516807556,0.6876862049102783,0.6909018754959106,0.6943348050117493,0.7083007097244263,0.7158011794090271,0.7186196446418762,0.7211465239524841,0.7227780222892761
7808,-0.70561283826828,16.270305633544922,16.076515197753906,1.5928450226783752,0.7056128978729248,0.7083007097244263,0.011449184268712997,0.6872238516807556,0.6876862049102783,0.6909018754959106,0.6943348050117493,0.7083007097244263,0.7158011794090271,0.7186196446418762,0.7211465239524841,0.7227780222892761
7840,-0.7056174874305725,16.233835220336914,16.042770385742188,1.5733965933322906,0.7056175470352173,0.7083863615989685,0.011452610604465008,0.6872238516807556,0.6876862049102783,0.6909018754959106,0.6943348050117493,0.7083863615989685,0.7158141136169434,0.7186196446418762,0.7211465239524841,0.7227780222892761
7872,-0.7056204080581665,16.209259033203125,16.020191192626953,1.5576843619346619,0.7056203484535217,0.7083863615989685,0.011452249251306057,0.6872238516807556,0.6876862049102783,0.6909018754959106,0.6943348050117493,0.7083863615989685,0.7158141136169434,0.7186196446418762,0.7211465239524841,0.7227780222892761
7904,-0.7056350708007812,16.17349624633789,15.988540649414062,1.5288408994674683,0.7056350111961365,0.7083863615989685,0.011464587412774563,0.6872238516807556,0.6876862049102783,0.6909018754959106,0.6943348050117493,0.7083863615989685,0.7162894010543823,0.7186196446418762,0.7211465239524841,0.7227780222892761
7936,-0.7056350708007812,16.1601505279541,15.977964401245117,1.5079796016216278,0.7056350111961365,0.7083863615989685,0.011464587412774563,0.6872238516807556,0.6876862049102783,0.6909018754959106,0.6943348050117493,0.7083863615989685,0.7162894010543823,0.7186196446418762,0.7211465239524841,0.7227780222892761
7968,-0.7056402564048767,16.139873504638672,15.959383964538574,1.495216727256775,0.7056401968002319,0.7084270715713501,0.0114683136343956,0.6872238516807556,0.6876862049102783,0.6909018754959106,0.6943348050117493,0.7084270715713501,0.7162894010543823,0.7186196446418762,0.7211465239524841,0.7227780222892761
8000,-0.7056408524513245,16.097023010253906,15.919126510620117,1.4658986628055573,0.7056407928466797,0.7084270715713501,0.011468244716525078,0.6872238516807556,0.6876862049102783,0.6909018754959106,0.6943348050117493,0.7084270715713501,0.7162894010543823,0.7186196446418762,0.7211465239524841,0.7227780222892761
8032,-0.7056462168693542,16.074535369873047,15.899444580078125,1.4393462538719177,0.7056461572647095,0.7084270715713501,0.011467845179140568,0.6872238516807556,0.6876862049102783,0.6909018754959106,0.6943348050117493,0.7084270715713501,0.7162894010543823,0.7186196446418762,0.7211465239524841,0.7227780222892761
8064,-0.7056474089622498,16.056175231933594,15.883245468139648,1.4266290962696075,0.7056474089622498,0.7084270715713501,0.011467918753623962,0.6872238516807556,0.6876862049102783,0.6909018754959106,0.6943348050117493,0.7084270715713501,0.7162894010543823,0.7186196446418762,0.7211465239524841,0.7227780222892761
8096,-0.7056646347045898,16.02935218811035,15.858352661132812,1.4153620302677155,0.7056646943092346,0.7084270715713501,0.011451510712504387,0.6872238516807556,0.6876862049102783,0.6909018754959106,0.6946829557418823,0.7084270715713501,0.7162894010543823,0.7186196446418762,0.7211465239524841,0.7227780222892761
8128,-0.7056648135185242,16.024545669555664,15.855140686035156,1.3920170366764069,0.7056648135185242,0.7084270715713501,0.011451495811343193,0.6872238516807556,0.6876862049102783,0.6909018754959106,0.6946829557418823,0.7084270715713501,0.7162894010543823,0.7186196446418762,0.7211465239524841,0.7227780222892761
8160,-0.7056703567504883,16.003520965576172,15.83777141571045,1.3715756237506866,0.7056704759597778,0.7084270715713501,0.01144497375935316,0.6872238516807556,0.6876862049102783,0.6909018754959106,0.6946829557418823,0.7084270715713501,0.7162894010543823,0.7186196446418762,0.7211465239524841,0.7227780222892761
8192,-0.7056806683540344,15.979806900024414,15.816493034362793,1.36380735039711,0.7056806683540344,0.7085127234458923,0.01145267952233553,0.6872238516807556,0.6876862049102783,0.6909018754959106,0.6946829557418823,0.7085127234458923,0.7162894010543823,0.7186196446418762,0.7211465239524841,0.7227780222892761
8224,-0.7056831121444702,15.955133438110352,15.793646812438965,1.3446805477142334,0.7056831121444702,0.7085127234458923,0.011454143561422825,0.6872238516807556,0.6876862049102783,0.6909018754959106,0.6946829557418823,0.7085127234458923,0.7162894010543823,0.7186196446418762,0.7211465239524841,0.7227780222892761
8256,-0.7056831121444702,15.943153381347656,15.782808303833008,1.3271464109420776,0.7056831121444702,0.7085127234458923,0.011454143561422825,0.6872238516807556,0.6876862049102783,0.6909018754959106,0.6946829557418823,0.7085127234458923,0.7162894010543823,0.7186196446418762,0.7211465239524841,0.7227780222892761
8288,-0.705686628818512,15.923335075378418,15.766937255859375,1.300282746553421,0.705686628818512,0.7085127234458923,0.01145761925727129,0.6872238516807556,0.6876862049102783,0.6909018754959106,0.6946829557418823,0.7085127234458923,0.7162894010543823,0.7186196446418762,0.7211465239524841,0.7227780222892761
8320,-0.7056866884231567,15.913818359375,15.759315490722656,1.2854734659194946,0.7056868076324463,0.7085127234458923,0.011457671411335468,0.6872238516807556,0.6876862049102783,0.6909018754959106,0.6946829557418823,0.7085127234458923,0.7162894010543823,0.7186196446418762,0.7211465239524841,0.7227780222892761
8352,-0.7056866884231567,15.902289390563965,15.748739242553711,1.2788904309272766,0.7056868076324463,0.7085127234458923,0.011457671411335468,0.6872238516807556,0.6876862049102783,0.6909018754959106,0.6946829557418823,0.7085127234458923,0.7162894010543823,0.7186196446418762,0.7211465239524841,0.7227780222892761
8384,-0.7056866884231567,15.886987686157227,15.736858367919922,1.259746640920639,0.7056868076324463,0.7085127234458923,0.011457671411335468,0.6872238516807556,0.6876862049102783,0.6909018754959106,0.6946829557418823,0.7085127234458923,0.7162894010543823,0.7186196446418762,0.7211465239524841,0.7227780222892761
8416,-0.7056951522827148,15.873147964477539,15.725214004516602,1.2458252608776093,0.7056952118873596,0.7085127234458923,0.011455538682639599,0.6872238516807556,0.6876862049102783,0.6909018754959106,0.6946829557418823,0.7085127234458923,0.7162894010543823,0.7186196446418762,0.7211465239524841,0.7227780222892761
8448,-0.7056965231895447,15.853494644165039,15.707686424255371,1.2313553988933563,0.7056965827941895,0.7085127234458923,0.011456597596406937,0.6872238516807556,0.6876862049102783,0.6909018754959106,0.6946829557418823,0.7085127234458923,0.7162894010543823,0.7186196446418762,0.7211465239524841,0.7227780222892761
8480,-0.7056971788406372,15.840571403503418,15.697052001953125,1.2180351316928864,0.7056971788406372,0.7085127234458923,0.011456071399152279,0.6872238516807556,0.6876862049102783,0.6909018754959106,0.6946829557418823,0.7085127234458923,0.7162894010543823,0.7186196446418762,0.7211465239524841,0.7227780222892761
8512,-0.7056983113288879,15.828505516052246,15.686967849731445,1.197057694196701,0.7056982517242432,0.7085127234458923,0.011454880237579346,0.6872238516807556,0.6876862049102783,0.6909018754959106,0.6946829557418823,0.7085127234458923,0.7162894010543823,0.7186196446418762,0.7211465239524841,0.7227780222892761
8544,-0.7057011723518372,15.815231323242188,15.675586700439453,1.1853931248188019,0.7057012319564819,0.7085127234458923,0.01145667303353548,0.6872238516807556,0.6876862049102783,0.6909018754959106,0.6946829557418823,0.7085127234458923,0.7162894010543823,0.7186196446418762,0.7211465239524841,0.7227780222892761
8576,-0.7057011723518372,15.811949729919434,15.674251556396484,1.1762139797210693,0.7057012319564819,0.7085127234458923,0.01145667303353548,0.6872238516807556,0.6876862049102783,0.6909018754959106,0.6946829557418823,0.7085127234458923,0.7162894010543823,0.7186196446418762,0.7211465239524841,0.7227780222892761
8608,-0.7057057023048401,15.801456451416016,15.665082931518555,1.1655232906341553,0.7057056427001953,0.7085127234458923,0.01145156566053629,0.687228262424469,0.6876862049102783,0.6909018754959106,0.6946829557418823,0.7085127234458923,0.7162894010543823,0.7186196446418762,0.7211465239524841,0.7227780222892761
8640,-0.7057057023048401,15.781397819519043,15.647247314453125,1.1519536674022675,0.7057056427001953,0.7085127234458923,0.01145156566053629,0.687228262424469,0.6876862049102783,0.6909018754959106,0.6946829557418823,0.7085127234458923,0.7162894010543823,0.7186196446418762,0.7211465239524841,0.7227780222892761
8672,-0.705706000328064,15.770471572875977,15.637624740600586,1.132893443107605,0.7057061195373535,0.7085127234458923,0.01145120244473219,0.687228262424469,0.6876862049102783,0.6909018754959106,0.6946829557418823,0.7085127234458923,0.7162894010543823,0.7186196446418762,0.7211465239524841,0.7227780222892761
8704,-0.705706000328064,15.76053237915039,15.62879753112793,1.1194303333759308,0.7057061195373535,0.7085127234458923,0.01145120244473219,0.687228262424469,0.6876862049102783,0.6909018754959106,0.6946829557418823,0.7085127234458923,0.7162894010543823,0.7186196446418762,0.7211465239524841,0.7227780222892761
8736,-0.7057062983512878,15.752542495727539,15.623229026794434,1.1092470586299896,0.7057064175605774,0.7085127234458923,0.011450890451669693,0.687228262424469,0.6876862049102783,0.6909018754959106,0.6946829557418823,0.7085127234458923,0.7162894010543823,0.7186196446418762,0.7211465239524841,0.7227780222892761
8768,-0.7057064771652222,15.747076034545898,15.62028694152832,1.0927974581718445,0.7057064771652222,0.7085127234458923,0.011450881138443947,0.687228262424469,0.6876862049102783,0.6909018754959106,0.6946829557418823,0.7085127234458923,0.7162894010543823,0.7186196446418762,0.7211465239524841,0.7227780222892761
8800,-0.7057064771652222,15.740846633911133,15.616049766540527,1.0784493386745453,0.7057064771652222,0.7085127234458923,0.011450881138443947,0.687228262424469,0.6876862049102783,0.6909018754959106,0.6946829557418823,0.7085127234458923,0.7162894010543823,0.7186196446418762,0.7211465239524841,0.7227780222892761
8832,-0.7057114839553833,15.731365203857422,15.607763290405273,1.0735757946968079,0.7057115435600281,0.7085127234458923,0.0114549919962883,0.687228262424469,0.6876862049102783,0.6909018754959106,0.6946829557418823,0.7085127234458923,0.7162894010543823,0.7186468839645386,0.7211465239524841,0.7227780222892761
8864,-0.7057121396064758,15.721773147583008,15.600314140319824,1.0580179691314697,0.7057121396064758,0.7085127234458923,0.01145568024367094,0.687228262424469,0.6876862049102783,0.6909018754959106,0.6946829557418823,0.7085127234458923,0.7162894010543823,0.7186940312385559,0.7211465239524841,0.7227780222892761
8896,-0.7057121396064758,15.710527420043945,15.59060287475586,1.0408152043819427,0.7057121396064758,0.7085127234458923,0.01145568024367094,0.687228262424469,0.6876862049102783,0.6909018754959106,0.6946829557418823,0.7085127234458923,0.7162894010543823,0.7186940312385559,0.7211465239524841,0.7227780222892761
8928,-0.7057121396064758,15.707945823669434,15.58972454071045,1.0241206884384155,0.7057121396064758,0.7085127234458923,0.01145568024367094,0.687228262424469,0.6876862049102783,0.6909018754959106,0.6946829557418823,0.7085127234458923,0.7162894010543823,0.7186940312385559,0.7211465239524841,0.7227780222892761
8960,-0.7057121396064758,15.694557189941406,15.577911376953125,1.0161556005477905,0.7057121396064758,0.7085127234458923,0.01145568024367094,0.687228262424469,0.6876862049102783,0.6909018754959106,0.6946829557418823,0.7085127234458923,0.7162894010543823,0.7186940312385559,0.7211465239524841,0.7227780222892761
8992,-0.705714225769043,15.68729019165039,15.571856498718262,1.0116737484931946,0.7057141661643982,0.7085127234458923,0.011458056047558784,0.687228262424469,0.6876862049102783,0.6909018754959106,0.6946829557418823,0.7085127234458923,0.7162894010543823,0.7187225222587585,0.7211465239524841,0.7227780222892761
9024,-0.7057146430015564,15.67622184753418,15.562438011169434,0.9980380833148956,0.7057146430015564,0.7085127234458923,0.0114580187946558,0.687228262424469,0.6876862049102783,0.6909018754959106,0.6946829557418823,0.7085127234458923,0.7162894010543823,0.7187225222587585,0.7211465239524841,0.7227780222892761
9056,-0.7057220339775085,15.65273666381836,15.540184020996094,0.9841300994157791,0.7057220339775085,0.7085127234458923,0.011461222544312477,0.687228262424469,0.6876862049102783,0.6909018754959106,0.6946829557418823,0.7085127234458923,0.7162894010543823,0.7187225222587585,0.7211465239524841,0.7227780222892761
9088,-0.7057257890701294,15.642694473266602,15.531936645507812,0.9727176278829575,0.7057257294654846,0.7085127234458923,0.011457161977887154,0.687228262424469,0.6876862049102783,0.6909304857254028,0.6946829557418823,0.7085127234458923,0.7162894010543823,0.7187225222587585,0.7211465239524841,0.7227780222892761
9120,-0.7057268619537354,15.634699821472168,15.525777816772461,0.9589987397193909,0.7057268619537354,0.7085127234458923,0.011456034146249294,0.687228262424469,0.6876862049102783,0.6909304857254028,0.6946829557418823,0.7085127234458923,0.7162894010543823,0.7187225222587585,0.7211465239524841,0.7227780222892761
9152,-0.7057278156280518,15.627674102783203,15.520408630371094,0.9493568390607834,0.7057278156280518,0.7085127234458923,0.011455927044153214,0.687228262424469,0.6876862049102783,0.6909304857254028,0.6946829557418823,0.7085127234458923,0.7162894010543823,0.7187225222587585,0.7211465239524841,0.7227780222892761
9184,-0.7057278156280518,15.619329452514648,15.513589859008789,0.9446656405925751,0.7057278156280518,0.7085127234458923,0.011455927044153214,0.687228262424469,0.6876862049102783,0.6909304857254028,0.6946829557418823,0.7085127234458923,0.7162894010543823,0.7187225222587585,0.7211465239524841,0.7227780222892761
9216,-0.7057357430458069,15.598400115966797,15.494037628173828,0.9268917441368103,0.7057358026504517,0.7085127234458923,0.011454404331743717,0.687228262424469,0.6876862049102783,0.6909304857254028,0.6946829557418823,0.7085127234458923,0.7162894010543823,0.7187225222587585,0.7211465239524841,0.7227780222892761
9248,-0.7057422995567322,15.588053703308105,15.484611511230469,0.922567144036293,0.705742359161377,0.7085127234458923,0.011453398503363132,0.687228262424469,0.6876862049102783,0.6909304857254028,0.6946829557418823,0.7085127234458923,0.7162894010543823,0.7187225222587585,0.7211465239524841,0.7227780222892761
9280,-0.7057461142539978,15.574241638183594,15.473037719726562,0.904613271355629,0.705746054649353,0.7085127234458923,0.011455410160124302,0.687228262424469,0.6876862049102783,0.6909304857254028,0.6946829557418823,0.7085127234458923,0.7162894010543823,0.7187225222587585,0.7211465239524841,0.7227780222892761
9312,-0.7057461142539978,15.574024200439453,15.474058151245117,0.8930498957633972,0.705746054649353,0.7085127234458923,0.011455410160124302,0.687228262424469,0.6876862049102783,0.6909304857254028,0.6946829557418823,0.7085127234458923,0.7162894010543823,0.7187225222587585,0.7211465239524841,0.7227780222892761
9344,-0.7057530283927917,15.575823783874512,15.477527618408203,0.8834933787584305,0.7057528495788574,0.7085127234458923,0.011448663659393787,0.687228262424469,0.6876862049102783,0.6909304857254028,0.6946829557418823,0.7085127234458923,0.7162894010543823,0.7187225222587585,0.7211465239524841,0.7227780222892761
9376,-0.7057530283927917,15.574568748474121,15.47774887084961,0.8754597008228302,0.7057528495788574,0.7085127234458923,0.011448663659393787,0.687228262424469,0.6876862049102783,0.6909304857254028,0.6946829557418823,0.7085127234458923,0.7162894010543823,0.7187225222587585,0.7211465239524841,0.7227780222892761
9408,-0.7057530283927917,15.566603660583496,15.47104549407959,0.8617239594459534,0.7057528495788574,0.7085127234458923,0.011448663659393787,0.687228262424469,0.6876862049102783,0.6909304857254028,0.6946829557418823,0.7085127234458923,0.7162894010543823,0.7187225222587585,0.7211465239524841,0.7227780222892761
9440,-0.7057530283927917,15.555133819580078,15.460639953613281,0.8543316274881363,0.7057528495788574,0.7085127234458923,0.011448663659393787,0.687228262424469,0.6876862049102783,0.6909304857254028,0.6946829557418823,0.7085127234458923,0.7162894010543823,0.7187225222587585,0.7211465239524841,0.7227780222892761
9472,-0.7057530283927917,15.552080154418945,15.459148406982422,0.8457742780447006,0.7057528495788574,0.7085127234458923,0.011448663659393787,0.687228262424469,0.6876862049102783,0.6909304857254028,0.6946829557418823,0.7085127234458923,0.7162894010543823,0.7187225222587585,0.7211465239524841,0.7227780222892761
9504,-0.7057530283927917,15.543638229370117,15.452170372009277,0.8355573266744614,0.7057528495788574,0.7085127234458923,0.011448663659393787,0.687228262424469,0.6876862049102783,0.6909304857254028,0.6946829557418823,0.7085127234458923,0.7162894010543823,0.7187225222587585,0.7211465239524841,0.7227780222892761
9536,-0.7057567238807678,15.52914810180664,15.438835144042969,0.8287234455347061,0.705756664276123,0.7085127234458923,0.011443902738392353,0.687228262424469,0.6876862049102783,0.6909304857254028,0.6946829557418823,0.7085127234458923,0.7162894010543823,0.7187225222587585,0.7211465239524841,0.7227780222892761
9568,-0.7057647705078125,15.524055480957031,15.435136795043945,0.8145720958709717,0.7057647705078125,0.7085127234458923,0.011435207910835743,0.687228262424469,0.6876862049102783,0.6909304857254028,0.6946829557418823,0.7085127234458923,0.7162894010543823,0.7187225222587585,0.7211465239524841,0.7227780222892761
9600,-0.7057647705078125,15.515388488769531,15.427714347839355,0.8051143884658813,0.7057647705078125,0.7085127234458923,0.011435207910835743,0.687228262424469,0.6876862049102783,0.6909304857254028,0.6946829557418823,0.7085127234458923,0.7162894010543823,0.7187225222587585,0.7211465239524841,0.7227780222892761
9632,-0.7057647705078125,15.49854564666748,15.411672592163086,0.8015879690647125,0.7057647705078125,0.7085127234458923,0.011435207910835743,0.687228262424469,0.6876862049102783,0.6909304857254028,0.6946829557418823,0.7085127234458923,0.7162894010543823,0.7187225222587585,0.7211465239524841,0.7227780222892761
9664,-0.7057665586471558,15.48373794555664,15.398177146911621,0.7964878082275391,0.7057666182518005,0.7085127234458923,0.011435328982770443,0.687228262424469,0.6876862049102783,0.6909304857254028,0.6946829557418823,0.7085127234458923,0.7162894010543823,0.7187225222587585,0.7211465239524841,0.7227780222892761
9696,-0.7057665586471558,15.467814445495605,15.38312816619873,0.7790259420871735,0.7057666182518005,0.7085127234458923,0.011435328982770443,0.687228262424469,0.6876862049102783,0.6909304857254028,0.6946829557418823,0.7085127234458923,0.7162894010543823,0.7187225222587585,0.7211465239524841,0.7227780222892761
9728,-0.7057665586471558,15.459391593933105,15.375982284545898,0.7708274722099304,0.7057666182518005,0.7085127234458923,0.011435328982770443,0.687228262424469,0.6876862049102783,0.6909304857254028,0.6946829557418823,0.7085127234458923,0.7162894010543823,0.7187225222587585,0.7211465239524841,0.7227780222892761
9760,-0.7057665586471558,15.448434829711914,15.366443634033203,0.762689396739006,0.7057666182518005,0.7085127234458923,0.011435328982770443,0.687228262424469,0.6876862049102783,0.6909304857254028,0.6946829557418823,0.7085127234458923,0.7162894010543823,0.7187225222587585,0.7211465239524841,0.7227780222892761
9792,-0.7057693600654602,15.447257041931152,15.366488456726074,0.7548987120389938,0.7057693600654602,0.7085127234458923,0.01143746916204691,0.687228262424469,0.6876862049102783,0.6909304857254028,0.6946829557418823,0.7085127234458923,0.7162894010543823,0.7187225222587585,0.7211465239524841,0.7227780222892761
9824,-0.7057740688323975,15.446880340576172,15.366934776306152,0.752484917640686,0.7057740688323975,0.7085127234458923,0.011440522968769073,0.687228262424469,0.6876862049102783,0.6909304857254028,0.6946829557418823,0.7085127234458923,0.7162894010543823,0.7187225222587585,0.7211465239524841,0.7227780222892761
9856,-0.7057784199714661,15.443784713745117,15.365168571472168,0.7407079935073853,0.7057783603668213,0.7085127234458923,0.011443532072007656,0.687228262424469,0.6876862049102783,0.6909304857254028,0.6946829557418823,0.7085127234458923,0.7162894010543823,0.7187225222587585,0.7211465239524841,0.7227780222892761
9888,-0.7057828903198242,15.426054954528809,15.348472595214844,0.7304607182741165,0.705782949924469,0.7085127234458923,0.011444096453487873,0.687228262424469,0.6877498030662537,0.6909304857254028,0.6946829557418823,0.7085127234458923,0.7162894010543823,0.7187225222587585,0.7211465239524841,0.7227780222892761
9920,-0.7057828903198242,15.417675018310547,15.341032028198242,0.7248165458440781,0.705782949924469,0.7085127234458923,0.011444096453487873,0.687228262424469,0.6877498030662537,0.6909304857254028,0.6946829557418823,0.7085127234458923,0.7162894010543823,0.7187225222587585,0.7211465239524841,0.7227780222892761
9952,-0.7057828903198242,15.409381866455078,15.334007263183594,0.7168254554271698,0.705782949924469,0.7085127234458923,0.011444096453487873,0.687228262424469,0.6877498030662537,0.6909304857254028,0.6946829557418823,0.7085127234458923,0.7162894010543823,0.7187225222587585,0.7211465239524841,0.7227780222892761
9984,-0.7057828903198242,15.402528762817383,15.328420639038086,0.70965975522995,0.705782949924469,0.7085127234458923,0.011444096453487873,0.687228262424469,0.6877498030662537,0.6909304857254028,0.6946829557418823,0.7085127234458923,0.7162894010543823,0.7187225222587585,0.7211465239524841,0.7227780222892761
