step,best_fitness,avg_hamming,avg_l1,avg_entropy,mean,median,std,2%,5%,10%,25%,50%,75%,90%,95%,98%
36,-62.939998626708984,31.97816276550293,2.0615477561950684,44.234962463378906,-62.939998626708984,-61.0,13.911016464233398,-94.0,-86.19999694824219,-83.0999984741211,-70.25,-61.0,-54.0,-47.0,-41.0,-38.97999572753906
72,-71.1199951171875,31.96078109741211,2.2374367713928223,44.198473612467446,-71.12000274658203,-70.0,12.744629859924316,-94.0199966430664,-93.05000305175781,-88.0999984741211,-82.25,-70.0,-61.0,-55.0,-51.95000457763672,-49.959991455078125
108,-75.15999603271484,31.946392059326172,2.3812613487243652,44.16745122273763,-75.16000366210938,-73.0,11.477560997009277,-96.18000030517578,-94.05000305175781,-90.29999542236328,-83.0,-73.0,-68.0,-60.900001525878906,-58.0,-55.97999572753906
144,-77.9000015258789,31.930583953857422,2.5168685913085938,44.134620666503906,-77.9000015258789,-76.5,12.375378608703613,-105.04000091552734,-95.05000305175781,-94.0,-86.25,-76.5,-69.0,-61.0,-59.0,-56.97999572753906
180,-79.04000091552734,31.919506072998047,2.6494154930114746,44.105882008870445,-79.04000091552734,-76.5,11.422714233398438,-105.04000091552734,-96.0,-94.0999984741211,-86.25,-76.5,-71.0,-67.0,-62.90000915527344,-59.959991455078125
216,-80.81999969482422,31.905502319335938,2.7606265544891357,44.07678476969401,-80.81999969482422,-80.5,11.137664794921875,-105.04000091552734,-96.05000305175781,-95.0,-87.25,-80.5,-72.75,-68.0,-66.0,-62.959991455078125
252,-82.22000122070312,31.889720916748047,2.8571174144744873,44.04733657836914,-82.22000122070312,-81.5,11.213902473449707,-107.0199966430664,-99.0999984741211,-96.0,-89.0,-81.5,-73.0,-69.0,-67.95000457763672,-65.97999572753906
288,-83.0999984741211,31.876150131225586,2.9518306255340576,44.01889419555664,-83.0999984741211,-82.0,10.984990119934082,-107.0199966430664,-101.19999694824219,-96.0999984741211,-89.5,-82.0,-74.0,-70.0,-68.0,-67.0
324,-85.33999633789062,31.86220932006836,3.0453715324401855,43.9908701578776,-85.33999633789062,-85.0,11.948405265808105,-112.12000274658203,-107.05000305175781,-100.0,-94.0,-85.0,-75.75,-71.0,-68.95000457763672,-67.0
360,-86.08000183105469,31.847393035888672,3.1480350494384766,43.960211435953774,-86.08000183105469,-85.0,11.937906265258789,-112.12000274658203,-108.05000305175781,-100.0999984741211,-95.0,-85.0,-76.0,-72.9000015258789,-70.0,-67.97999572753906
396,-87.22000122070312,31.837799072265625,3.2497215270996094,43.934549967447914,-87.22000122070312,-85.5,11.989645957946777,-112.12000274658203,-108.05000305175781,-103.19999694824219,-95.25,-85.5,-77.75,-73.0,-71.0,-68.97999572753906
432,-87.69999694824219,31.821331024169922,3.322275161743164,43.9059092203776,-87.69999694824219,-87.0,12.014575004577637,-112.12000274658203,-108.05000305175781,-105.0999984741211,-96.0,-87.0,-78.0,-73.9000015258789,-71.95000457763672,-69.97999572753906
468,-88.63999938964844,31.808746337890625,3.404477596282959,43.87853113810221,-88.63999938964844,-87.0,11.878990173339844,-112.12000274658203,-108.05000305175781,-106.0999984741211,-96.25,-87.0,-79.0,-74.0,-72.95000457763672,-70.97999572753906
504,-89.81999969482422,31.796003341674805,3.4826419353485107,43.85149383544922,-89.81999969482422,-88.0,11.869608879089355,-112.12000274658203,-109.05000305175781,-107.0999984741211,-97.25,-88.0,-79.0,-74.9000015258789,-74.0,-72.97999572753906
540,-90.54000091552734,31.778493881225586,3.565852642059326,43.819227854410805,-90.54000091552734,-89.0,11.802898406982422,-112.12000274658203,-110.0,-108.0,-98.25,-89.0,-81.0,-75.0,-74.0,-72.97999572753906
576,-91.05999755859375,31.760330200195312,3.6316776275634766,43.78866449991862,-91.05999755859375,-89.0,11.690868377685547,-112.12000274658203,-110.0,-108.0,-99.0,-89.0,-81.0,-75.9000015258789,-74.0,-73.0
612,-91.95999908447266,31.741779327392578,3.7081527709960938,43.75449244181315,-91.95999908447266,-92.5,11.668692588806152,-114.08000183105469,-110.05000305175781,-108.0999984741211,-100.0,-92.5,-83.75,-76.0,-74.0,-73.0
648,-92.13999938964844,31.722076416015625,3.76407790184021,43.72338358561198,-92.13999938964844,-93.0,11.727762222290039,-114.08000183105469,-111.05000305175781,-108.0999984741211,-100.0,-93.0,-83.75,-76.0,-74.0,-73.0
684,-92.63999938964844,31.70263671875,3.824523448944092,43.6901601155599,-92.63999938964844,-93.0,11.630579948425293,-118.04000091552734,-112.0,-108.0999984741211,-100.0,-93.0,-85.0,-77.9000015258789,-74.0,-73.0
720,-92.87999725341797,31.67970848083496,3.8841891288757324,43.65358352661133,-92.87999725341797,-93.0,11.566572189331055,-118.04000091552734,-112.0,-109.0,-100.0,-93.0,-85.0,-77.9000015258789,-74.0,-73.97999572753906
756,-93.87999725341797,31.658714294433594,3.959334373474121,43.6163698832194,-93.87999725341797,-94.5,11.275885581970215,-118.04000091552734,-112.0999984741211,-109.0999984741211,-100.0,-94.5,-85.75,-79.0,-75.95000457763672,-74.0
792,-94.4000015258789,31.635007858276367,4.0217695236206055,43.57846705118815,-94.4000015258789,-95.0,11.549891471862793,-118.04000091552734,-114.05000305175781,-110.0,-101.0,-95.0,-85.75,-79.0,-75.95000457763672,-74.0
828,-94.91999816894531,31.609798431396484,4.092835903167725,43.537105560302734,-94.91999816894531,-95.0,11.469681739807129,-118.12000274658203,-114.05000305175781,-110.0,-101.25,-95.0,-87.0,-79.0,-76.0,-74.0
864,-95.29999542236328,31.585308074951172,4.162296295166016,43.49681854248047,-95.30000305175781,-95.5,11.552921295166016,-118.12000274658203,-114.05000305175781,-110.0999984741211,-103.0,-95.5,-87.0,-80.0,-76.0,-74.0
900,-96.0999984741211,31.55651092529297,4.228259563446045,43.45144017537435,-96.0999984741211,-96.0,11.138671875,-118.12000274658203,-115.0999984741211,-110.19999694824219,-103.0,-96.0,-88.75,-81.0,-79.0,-74.0
936,-96.5199966430664,31.529705047607422,4.291772842407227,43.409341176350914,-96.5199966430664,-96.5,11.543378829956055,-118.12000274658203,-115.0999984741211,-110.19999694824219,-103.25,-96.5,-89.0,-81.0,-79.0,-74.97999572753906
972,-96.77999877929688,31.49814224243164,4.357372283935547,43.361342112223305,-96.77999877929688,-96.5,11.890820503234863,-124.05999755859375,-117.0,-112.0,-104.25,-96.5,-89.0,-81.0,-79.95000457763672,-74.97999572753906
1008,-97.04000091552734,31.46019744873047,4.423676490783691,43.307196299235024,-97.04000091552734,-96.5,11.827019691467285,-124.05999755859375,-117.0,-112.0,-105.0,-96.5,-89.0,-82.80000305175781,-79.95000457763672,-74.97999572753906
1044,-97.36000061035156,31.421627044677734,4.491072654724121,43.24951299031576,-97.36000061035156,-97.0,11.99626636505127,-124.05999755859375,-117.0,-112.19999694824219,-105.25,-97.0,-89.0,-82.80000305175781,-79.95000457763672,-74.97999572753906
1080,-98.25999450683594,31.384700775146484,4.552818298339844,43.19594192504883,-98.26000213623047,-97.0,12.540031433105469,-127.18000030517578,-118.0,-114.0,-106.25,-97.0,-89.0,-83.0,-79.95000457763672,-74.97999572753906
1116,-98.69999694824219,31.344528198242188,4.6122050285339355,43.13769785563151,-98.69999694824219,-97.0,12.230698585510254,-127.18000030517578,-118.0,-114.0,-107.0,-97.0,-91.0,-84.80000305175781,-80.0,-78.91998291015625
1152,-99.0199966430664,31.29751205444336,4.673559188842773,43.07269414265951,-99.0199966430664,-97.0,11.909643173217773,-127.18000030517578,-118.0,-114.0,-107.0,-97.0,-91.0,-85.0,-81.95000457763672,-79.97999572753906
1188,-99.5,31.25002670288086,4.726693630218506,43.00767389933268,-99.5,-98.5,11.870552062988281,-127.18000030517578,-118.0,-114.0999984741211,-107.0,-98.5,-91.0,-85.9000015258789,-81.95000457763672,-79.97999572753906
1224,-99.5,31.200576782226562,4.787766933441162,42.93661371866862,-99.5,-98.5,11.870552062988281,-127.18000030517578,-118.0,-114.0999984741211,-107.0,-98.5,-91.0,-85.9000015258789,-81.95000457763672,-79.97999572753906
1260,-99.87999725341797,31.153087615966797,4.858983993530273,42.86487579345703,-99.87999725341797,-99.0,11.863624572753906,-127.18000030517578,-118.0,-115.0,-107.25,-99.0,-91.75,-86.9000015258789,-81.95000457763672,-79.97999572753906
1296,-100.45999908447266,31.099597930908203,4.9143571853637695,42.790765126546226,-100.45999908447266,-99.0,11.478171348571777,-127.18000030517578,-118.0,-115.0,-108.0,-99.0,-92.75,-87.9000015258789,-84.90000915527344,-80.0
1332,-100.86000061035156,31.046810150146484,4.972604751586914,42.7162119547526,-100.86000061035156,-99.0,11.349907875061035,-127.18000030517578,-118.0,-115.0999984741211,-108.25,-99.0,-93.0,-88.9000015258789,-86.90000915527344,-80.0
1368,-101.19999694824219,30.987369537353516,5.024417400360107,42.633551279703774,-101.19999694824219,-100.0,11.1139554977417,-127.18000030517578,-118.0,-115.0999984741211,-108.25,-100.0,-93.0,-89.0,-86.95000457763672,-82.93998718261719
1404,-101.65999603271484,30.932493209838867,5.081866264343262,42.55328496297201,-101.66000366210938,-100.0,11.292670249938965,-127.18000030517578,-118.29999542236328,-116.0999984741211,-109.0,-100.0,-93.0,-89.0,-86.95000457763672,-82.97999572753906
1440,-101.91999816894531,30.867916107177734,5.138062477111816,42.465014139811196,-101.91999816894531,-100.0,11.426005363464355,-127.18000030517578,-120.19999694824219,-117.0999984741211,-109.25,-100.0,-93.0,-89.0,-87.0,-82.97999572753906
1476,-102.25999450683594,30.80168914794922,5.1967267990112305,42.37311299641927,-102.26000213623047,-100.0,11.372441291809082,-127.18000030517578,-124.0,-117.0999984741211,-109.25,-100.0,-94.75,-89.0,-87.95000457763672,-85.91998291015625
1512,-102.57999420166016,30.73755645751953,5.254825592041016,42.28190485636393,-102.58000183105469,-100.0,11.26870059967041,-127.18000030517578,-124.0,-117.0999984741211,-110.0,-100.0,-95.0,-89.0,-88.0,-86.97999572753906
1548,-103.19999694824219,30.663681030273438,5.326594829559326,42.176369984944664,-103.19999694824219,-100.0,11.331371307373047,-127.18000030517578,-124.0,-118.19999694824219,-110.0,-100.0,-95.75,-90.9000015258789,-88.95000457763672,-86.97999572753906
1584,-103.73999786376953,30.593624114990234,5.3853654861450195,42.077903747558594,-103.73999786376953,-102.0,11.204124450683594,-127.18000030517578,-124.0,-118.19999694824219,-110.0,-102.0,-96.0,-91.0,-88.95000457763672,-86.97999572753906
1620,-104.22000122070312,30.521413803100586,5.437089443206787,41.975729624430336,-104.22000122070312,-102.0,11.528729438781738,-136.0,-124.0999984741211,-120.0,-111.0,-102.0,-96.0,-91.0,-89.0,-87.0
1656,-105.18000030517578,30.449857711791992,5.485990524291992,41.874917348225914,-105.18000030517578,-103.0,11.482491493225098,-136.0,-126.05000305175781,-120.0999984741211,-113.0,-103.0,-97.0,-92.0,-90.95000457763672,-87.97999572753906
1692,-105.55999755859375,30.37618637084961,5.532695770263672,41.77239100138346,-105.55999755859375,-103.5,11.551899909973145,-136.0,-126.05000305175781,-120.0999984741211,-113.0,-103.5,-97.0,-92.0,-90.95000457763672,-87.97999572753906
1728,-105.91999816894531,30.29774284362793,5.590302467346191,41.66068776448568,-105.91999816894531,-105.0,11.501025199890137,-136.0,-126.05000305175781,-120.0999984741211,-113.25,-105.0,-97.0,-93.0,-90.95000457763672,-88.95999145507812
1764,-106.13999938964844,30.21731185913086,5.651063442230225,41.544305165608726,-106.13999938964844,-105.0,11.573262214660645,-136.0,-127.1500015258789,-120.0999984741211,-114.0,-105.0,-97.0,-93.0,-90.95000457763672,-88.95999145507812
1800,-106.6199951171875,30.135631561279297,5.713975429534912,41.424702962239586,-106.62000274658203,-105.0,11.53670597076416,-136.0800018310547,-127.1500015258789,-120.0999984741211,-114.25,-105.0,-98.75,-93.9000015258789,-91.0,-89.97999572753906
1836,-107.0199966430664,30.0605525970459,5.78257942199707,41.30917739868164,-107.0199966430664,-105.0,11.549875259399414,-136.0800018310547,-128.10000610351562,-122.0,-115.0,-105.0,-99.0,-94.0,-91.0,-90.0
1872,-107.54000091552734,29.974849700927734,5.830466270446777,41.18736902872721,-107.54000091552734,-105.0,11.68368148803711,-136.0800018310547,-128.10000610351562,-122.19999694824219,-115.0,-105.0,-99.0,-94.0,-92.90000915527344,-90.0
1908,-107.68000030517578,29.884410858154297,5.877744674682617,41.0589345296224,-107.68000030517578,-105.0,11.90031909942627,-136.1199951171875,-128.10000610351562,-124.0,-115.5,-105.0,-99.0,-94.0,-92.90000915527344,-90.0
1944,-107.86000061035156,29.797666549682617,5.937648773193359,40.930868784586586,-107.86000061035156,-106.0,11.912195205688477,-136.16000366210938,-128.10000610351562,-124.0,-115.5,-106.0,-99.0,-94.0,-92.90000915527344,-90.0
1980,-108.33999633789062,29.707870483398438,6.0051374435424805,40.799835205078125,-108.33999633789062,-107.0,12.00018310546875,-136.16000366210938,-128.10000610351562,-124.19999694824219,-115.5,-107.0,-99.0,-94.9000015258789,-93.0,-90.97999572753906
2016,-108.5999984741211,29.62539291381836,6.053908824920654,40.67788950602213,-108.5999984741211,-107.0,11.852426528930664,-136.16000366210938,-128.10000610351562,-124.19999694824219,-115.5,-107.0,-99.0,-95.0,-93.0,-90.97999572753906
2052,-109.45999908447266,29.53346824645996,6.1110734939575195,40.54426829020182,-109.45999908447266,-109.0,11.688815116882324,-136.16000366210938,-130.0,-125.0999984741211,-117.0,-109.0,-100.0,-96.0,-93.95000457763672,-91.0
2088,-109.81999969482422,29.43960189819336,6.1667914390563965,40.407309214274086,-109.81999969482422,-109.0,11.749366760253906,-136.16000366210938,-130.0,-126.0999984741211,-117.0,-109.0,-101.0,-96.0,-93.95000457763672,-91.0
2124,-110.22000122070312,29.34930419921875,6.235395431518555,40.268479665120445,-110.22000122070312,-109.0,11.745280265808105,-136.16000366210938,-130.0,-126.0999984741211,-117.25,-109.0,-101.0,-96.0,-93.95000457763672,-91.0
2160,-110.5,29.26344871520996,6.3085455894470215,40.132120768229164,-110.5,-109.5,11.712813377380371,-136.16000366210938,-130.0,-126.0999984741211,-117.25,-109.5,-101.0,-96.0,-93.95000457763672,-91.0
2196,-110.97999572753906,29.171566009521484,6.379493713378906,39.990028381347656,-110.9800033569336,-110.0,12.058176040649414,-142.0399932861328,-131.0500030517578,-127.0,-118.25,-110.0,-101.0,-96.9000015258789,-94.0,-91.0
2232,-111.33999633789062,29.072662353515625,6.432668209075928,39.84591166178385,-111.33999633789062,-110.0,11.786619186401367,-142.0399932861328,-131.0500030517578,-127.0,-118.25,-110.0,-103.0,-96.9000015258789,-94.95000457763672,-91.0
2268,-111.75999450683594,28.97479820251465,6.474629878997803,39.70379638671875,-111.76000213623047,-110.0,11.940787315368652,-142.0399932861328,-132.0,-128.0,-118.25,-110.0,-103.0,-98.0,-94.95000457763672,-91.0
2304,-112.73999786376953,28.878881454467773,6.539353370666504,39.553235371907554,-112.73999786376953,-110.5,12.066996574401855,-142.0399932861328,-134.0,-131.0,-121.25,-110.5,-103.75,-98.9000015258789,-95.95000457763672,-92.95999145507812
2340,-113.5199966430664,28.78241729736328,6.5886969566345215,39.408705393473305,-113.5199966430664,-111.0,12.041993141174316,-142.0399932861328,-134.0,-131.0,-123.0,-111.0,-104.0,-99.0,-95.95000457763672,-93.97999572753906
2376,-113.89999389648438,28.675636291503906,6.637243270874023,39.25160598754883,-113.9000015258789,-112.0,11.912598609924316,-142.0399932861328,-134.0,-131.0,-123.25,-112.0,-104.75,-99.9000015258789,-96.0,-94.95999145507812
2412,-114.5,28.582578659057617,6.696761131286621,39.10549799601237,-114.5,-113.0,12.286170959472656,-144.0,-136.0,-131.0,-123.25,-113.0,-105.0,-100.9000015258789,-96.0,-94.95999145507812
2448,-115.29999542236328,28.482229232788086,6.7526960372924805,38.94649759928385,-115.30000305175781,-114.0,11.806354522705078,-144.0,-136.0,-131.0,-123.25,-114.0,-106.75,-102.0,-97.90000915527344,-95.0
2484,-115.83999633789062,28.387197494506836,6.805274963378906,38.79954274495443,-115.83999633789062,-114.5,11.669378280639648,-144.0,-136.0,-131.0,-124.0,-114.5,-107.0,-102.9000015258789,-98.95000457763672,-95.0
2520,-116.0199966430664,28.29116439819336,6.860572814941406,38.650187174479164,-116.0199966430664,-114.5,11.556798934936523,-144.0,-136.0,-131.0,-124.0,-114.5,-107.0,-102.9000015258789,-99.95000457763672,-95.97999572753906
2556,-116.33999633789062,28.19029998779297,6.926538467407227,38.486104329427086,-116.33999633789062,-115.0,11.524079322814941,-144.0,-136.0,-131.0,-124.25,-115.0,-108.5,-103.0,-99.95000457763672,-95.97999572753906
2592,-116.6199951171875,28.088346481323242,6.977080345153809,38.32583999633789,-116.62000274658203,-115.0,11.536706924438477,-144.0,-136.0,-131.3000030517578,-125.0,-115.0,-109.0,-103.9000015258789,-99.95000457763672,-95.97999572753906
2628,-116.87999725341797,27.986400604248047,7.045429229736328,38.161574045817055,-116.87999725341797,-115.0,11.676711082458496,-144.0800018310547,-136.0,-131.3000030517578,-125.0,-115.0,-109.0,-103.9000015258789,-99.95000457763672,-95.97999572753906
2664,-117.54000091552734,27.871517181396484,7.101105690002441,37.98565165201823,-117.54000091552734,-116.5,12.032804489135742,-148.0,-136.10000610351562,-134.0,-126.25,-116.5,-109.0,-103.9000015258789,-99.95000457763672,-95.97999572753906
2700,-117.89999389648438,27.767074584960938,7.152381420135498,37.82229359944662,-117.9000015258789,-117.0,11.966202735900879,-148.0,-136.10000610351562,-134.0,-127.0,-117.0,-109.0,-104.0,-99.95000457763672,-95.97999572753906
2736,-118.05999755859375,27.654529571533203,7.206344127655029,37.64860153198242,-118.05999755859375,-117.0,11.936347961425781,-148.0,-136.10000610351562,-134.0,-127.0,-117.0,-109.0,-104.0,-99.95000457763672,-95.97999572753906
2772,-118.54000091552734,27.55316734313965,7.254428386688232,37.48664855957031,-118.54000091552734,-117.5,11.688815116882324,-148.0,-138.0,-134.0,-127.0,-117.5,-110.75,-104.9000015258789,-101.90000915527344,-97.95999145507812
2808,-118.87999725341797,27.44045639038086,7.306029319763184,37.308729807535805,-118.87999725341797,-118.0,11.557923316955566,-148.0,-138.0,-134.0,-127.0,-118.0,-111.0,-104.9000015258789,-101.90000915527344,-98.97999572753906
2844,-119.37999725341797,27.33539390563965,7.354002952575684,37.14153035481771,-119.37999725341797,-119.0,11.826055526733398,-148.0,-138.3000030517578,-134.1999969482422,-127.0,-119.0,-111.0,-105.0,-101.90000915527344,-98.97999572753906
2880,-119.63999938964844,27.231517791748047,7.402983665466309,36.97719065348307,-119.63999938964844,-119.5,11.760543823242188,-148.0,-138.3000030517578,-136.0,-127.0,-119.5,-111.0,-105.0,-101.90000915527344,-98.97999572753906
2916,-120.0999984741211,27.12116241455078,7.441573143005371,36.80707677205404,-120.0999984741211,-119.5,11.755424499511719,-148.0,-142.10000610351562,-136.0,-127.0,-119.5,-112.75,-105.0,-102.95000457763672,-98.97999572753906
2952,-120.69999694824219,27.020702362060547,7.496006965637207,36.64413579305013,-120.69999694824219,-120.0,11.920990943908691,-148.0399932861328,-142.10000610351562,-136.0,-127.0,-120.0,-113.0,-105.9000015258789,-104.85001373291016,-99.97999572753906
2988,-120.97999572753906,26.91452407836914,7.545215129852295,36.471238454182945,-120.9800033569336,-120.0,11.984973907470703,-148.0399932861328,-142.10000610351562,-136.0,-128.25,-120.0,-113.0,-106.0,-104.85001373291016,-99.97999572753906
3024,-121.27999877929688,26.795820236206055,7.598112106323242,36.28185272216797,-121.27999877929688,-120.0,11.864299774169922,-148.0399932861328,-142.10000610351562,-138.0,-128.25,-120.0,-113.0,-106.0,-104.95000457763672,-101.93998718261719
3060,-121.5999984741211,26.67623519897461,7.62766170501709,36.10315195719401,-121.5999984741211,-121.0,11.663618087768555,-148.0399932861328,-142.10000610351562,-138.0,-128.25,-121.0,-113.0,-107.0,-105.0,-101.93998718261719
3096,-122.31999969482422,26.566564559936523,7.663928031921387,35.93301645914713,-122.31999969482422,-122.5,11.602482795715332,-148.0399932861328,-142.10000610351562,-138.0,-129.25,-122.5,-113.75,-109.0,-105.0,-101.93998718261719
3132,-122.5,26.4465389251709,7.70578670501709,35.747764587402344,-122.5,-122.5,11.438094139099121,-148.0399932861328,-142.10000610351562,-138.0,-129.25,-122.5,-113.75,-109.0,-105.0,-101.93998718261719
3168,-122.69999694824219,26.337697982788086,7.750732421875,35.568529764811196,-122.69999694824219,-122.5,11.295575141906738,-148.0399932861328,-142.10000610351562,-138.0,-129.25,-122.5,-114.0,-109.9000015258789,-105.0,-101.93998718261719
3204,-123.15999603271484,26.22682762145996,7.7882914543151855,35.388902028401695,-123.16000366210938,-123.0,11.326711654663086,-148.0399932861328,-146.0,-138.0,-130.0,-123.0,-114.75,-110.80000305175781,-105.0,-101.93998718261719
3240,-123.69999694824219,26.117000579833984,7.8394598960876465,35.208213806152344,-123.69999694824219,-124.0,11.436347007751465,-148.0399932861328,-146.0,-138.0,-130.25,-124.0,-117.0,-110.80000305175781,-105.0,-101.93998718261719
3276,-123.87999725341797,26.009923934936523,7.877250671386719,35.03405888875326,-123.87999725341797,-124.5,11.376537322998047,-148.0399932861328,-146.0,-138.0,-130.25,-124.5,-117.0,-110.80000305175781,-105.0,-101.93998718261719
3312,-124.13999938964844,25.896007537841797,7.93100118637085,34.8447634379069,-124.13999938964844,-125.0,11.337565422058105,-148.0399932861328,-146.0,-138.0,-131.0,-125.0,-117.0,-111.0,-106.90000915527344,-101.93998718261719
3348,-124.33999633789062,25.788406372070312,7.974964141845703,34.661722819010414,-124.33999633789062,-125.0,11.292669296264648,-148.0800018310547,-146.0,-138.0,-131.0,-125.0,-117.75,-111.0,-106.90000915527344,-101.93998718261719
3384,-124.5,25.68707847595215,8.027965545654297,34.48075485229492,-124.5,-125.0,11.13687515258789,-148.0800018310547,-146.0,-138.0,-131.0,-125.0,-117.75,-111.9000015258789,-107.0,-101.93998718261719
3420,-124.7199935913086,25.5653133392334,8.080368041992188,34.278456370035805,-124.72000122070312,-125.0,11.079782485961914,-148.0800018310547,-146.0,-138.0,-131.0,-125.0,-117.75,-112.0,-108.90000915527344,-101.93998718261719
3456,-125.05999755859375,25.45381736755371,8.142321586608887,34.08405558268229,-125.05999755859375,-125.0,10.963411331176758,-148.1199951171875,-146.0,-138.0,-131.0,-125.0,-118.0,-112.9000015258789,-109.0,-104.87997436523438
3492,-125.5,25.339094161987305,8.178129196166992,33.89569600423177,-125.5,-125.0,10.919249534606934,-148.1199951171875,-146.0,-138.0,-131.25,-125.0,-118.0,-113.0,-109.95000457763672,-104.87997436523438
3528,-125.91999816894531,25.230117797851562,8.202917098999023,33.71543629964193,-125.91999816894531,-125.5,10.82559871673584,-148.1199951171875,-146.0,-138.1999969482422,-132.25,-125.5,-119.0,-113.0,-110.90000915527344,-104.87997436523438
3564,-126.0999984741211,25.13454246520996,8.26008129119873,33.535936991373696,-126.0999984741211,-126.5,10.842047691345215,-148.1199951171875,-146.0,-138.1999969482422,-132.25,-126.5,-119.0,-113.0,-110.90000915527344,-104.87997436523438
3600,-126.2199935913086,25.023839950561523,8.298368453979492,33.34312947591146,-126.22000122070312,-126.5,10.932136535644531,-150.0800018310547,-146.10000610351562,-138.1999969482422,-133.0,-126.5,-119.0,-113.0,-110.90000915527344,-104.87997436523438
3636,-126.39999389648438,24.901866912841797,8.32798957824707,33.14956792195638,-126.4000015258789,-126.5,10.912378311157227,-150.0800018310547,-146.10000610351562,-138.1999969482422,-133.0,-126.5,-119.0,-113.0,-110.90000915527344,-104.87997436523438
3672,-126.5199966430664,24.78488540649414,8.375280380249023,32.95185216267904,-126.5199966430664,-126.5,10.964014053344727,-150.0800018310547,-146.10000610351562,-139.3000030517578,-133.0,-126.5,-119.0,-113.0,-110.90000915527344,-104.87997436523438
3708,-126.87999725341797,24.671131134033203,8.425254821777344,32.749715169270836,-126.87999725341797,-126.5,11.010249137878418,-154.0,-146.10000610351562,-142.0,-133.0,-126.5,-119.0,-115.0,-110.90000915527344,-104.87997436523438
3744,-127.31999969482422,24.555522918701172,8.467864990234375,32.547943115234375,-127.31999969482422,-127.0,11.071476936340332,-154.0,-146.10000610351562,-142.0,-135.0,-127.0,-120.0,-115.0,-110.90000915527344,-104.87997436523438
3780,-127.79999542236328,24.44781494140625,8.501669883728027,32.36646525065104,-127.80000305175781,-127.0,11.352533340454102,-154.0,-146.10000610351562,-142.0,-135.0,-127.0,-120.0,-115.0,-110.90000915527344,-104.87997436523438
3816,-127.95999908447266,24.330978393554688,8.548724174499512,32.161441802978516,-127.95999908447266,-127.5,11.398175239562988,-154.0,-146.10000610351562,-142.0,-135.0,-127.5,-120.0,-115.0,-110.90000915527344,-104.87997436523438
3852,-128.3000030517578,24.226207733154297,8.592551231384277,31.972443262736004,-128.3000030517578,-128.0,11.304424285888672,-154.0,-146.10000610351562,-142.0,-135.0,-128.0,-121.0,-116.0,-110.90000915527344,-104.87997436523438
3888,-128.59999084472656,24.120405197143555,8.65219497680664,31.779003143310547,-128.60000610351562,-128.0,11.23743724822998,-154.0,-146.10000610351562,-142.10000610351562,-135.25,-128.0,-121.0,-117.0,-112.90000915527344,-104.87997436523438
3924,-128.9199981689453,24.018367767333984,8.691484451293945,31.59416389465332,-128.9199981689453,-129.0,11.292191505432129,-154.0,-146.10000610351562,-144.0,-135.25,-129.0,-121.0,-117.0,-112.90000915527344,-104.87997436523438
3960,-129.0,23.903539657592773,8.743563652038574,31.38198979695638,-129.0,-129.0,11.285388946533203,-154.0,-146.10000610351562,-144.0,-137.0,-129.0,-121.0,-117.0,-113.0,-104.87997436523438
3996,-129.1199951171875,23.793853759765625,8.783882141113281,31.185490290323894,-129.1199951171875,-129.0,11.365984916687012,-154.0,-148.0,-144.0,-137.0,-129.0,-121.0,-117.0,-113.0,-104.87997436523438
4032,-129.3000030517578,23.681880950927734,8.831392288208008,30.9851016998291,-129.3000030517578,-129.0,11.293804168701172,-154.0,-148.0,-144.0,-137.0,-129.0,-121.75,-117.0,-113.0,-104.87997436523438
4068,-129.37998962402344,23.571149826049805,8.874627113342285,30.7863286336263,-129.3800048828125,-129.0,11.30732536315918,-154.0,-148.0,-144.0,-137.25,-129.0,-121.75,-117.0,-113.0,-104.87997436523438
4104,-129.6199951171875,23.475082397460938,8.93083667755127,30.589569727579754,-129.6199951171875,-129.0,11.440961837768555,-154.0,-148.0,-144.0,-137.25,-129.0,-122.0,-117.0,-113.0,-104.87997436523438
4140,-129.77999877929688,23.37151336669922,8.97360610961914,30.402241388956707,-129.77999877929688,-129.0,11.378558158874512,-154.0399932861328,-148.0,-144.0,-137.25,-129.0,-122.75,-117.0,-113.0,-104.87997436523438
4176,-130.17999267578125,23.268611907958984,9.0282621383667,30.199001948038738,-130.17999267578125,-129.5,11.285724639892578,-154.0399932861328,-148.0,-144.0,-138.0,-129.5,-123.0,-117.0,-113.0,-104.87997436523438
4212,-130.37998962402344,23.163829803466797,9.080564498901367,29.995781580607098,-130.3800048828125,-129.5,11.271894454956055,-154.0399932861328,-148.0,-144.0,-138.25,-129.5,-123.75,-117.0,-114.90000915527344,-104.87997436523438
4248,-130.87998962402344,23.046875,9.10400104522705,29.79262924194336,-130.8800048828125,-130.0,11.10610580444336,-154.0399932861328,-148.0,-144.0,-138.25,-130.0,-124.0,-119.0,-114.90000915527344,-104.87997436523438
4284,-131.1999969482422,22.938663482666016,9.134049415588379,29.600218454996746,-131.1999969482422,-130.0,10.994544982910156,-154.0399932861328,-148.0,-144.10000610351562,-139.25,-130.0,-124.0,-119.0,-114.90000915527344,-106.95999145507812
4320,-131.45999145507812,22.834936141967773,9.18572998046875,29.400649388631184,-131.4600067138672,-130.0,11.118830680847168,-154.0399932861328,-148.0,-145.0,-141.25,-130.0,-124.0,-119.0,-114.90000915527344,-106.95999145507812
4356,-131.63999938964844,22.722448348999023,9.22970962524414,29.197174708048504,-131.63999938964844,-130.0,11.115323066711426,-154.0399932861328,-148.0,-145.0,-141.25,-130.0,-124.75,-119.0,-114.90000915527344,-106.95999145507812
4392,-131.87998962402344,22.61297607421875,9.275856018066406,28.991183598836262,-131.8800048828125,-130.0,11.127695083618164,-154.0399932861328,-148.0,-145.10000610351562,-141.25,-130.0,-125.0,-119.0,-114.90000915527344,-106.95999145507812
4428,-132.0399932861328,22.495716094970703,9.307075500488281,28.783464431762695,-132.0399932861328,-130.0,11.072415351867676,-154.0399932861328,-148.0,-145.10000610351562,-142.0,-130.0,-125.0,-119.0,-114.90000915527344,-108.91998291015625
4464,-132.37998962402344,22.40060806274414,9.368807792663574,28.586071650187176,-132.3800048828125,-130.0,10.998891830444336,-154.0399932861328,-148.0,-146.0,-142.0,-130.0,-125.75,-120.80000305175781,-114.90000915527344,-108.91998291015625
4500,-132.6999969482422,22.269180297851562,9.397940635681152,28.365671157836914,-132.6999969482422,-130.5,11.059385299682617,-154.0399932861328,-148.0,-146.0,-142.25,-130.5,-125.75,-120.80000305175781,-114.90000915527344,-108.91998291015625
4536,-132.8199920654297,22.149578094482422,9.42071533203125,28.163541158040363,-132.82000732421875,-130.5,11.090879440307617,-154.0399932861328,-148.0,-146.0,-142.25,-130.5,-125.75,-121.0,-114.90000915527344,-108.91998291015625
4572,-133.0,22.03832244873047,9.469913482666016,27.946879069010418,-133.0,-131.0,11.173182487487793,-154.0399932861328,-148.0,-146.10000610351562,-143.0,-131.0,-125.75,-121.0,-114.90000915527344,-108.91998291015625
4608,-133.16000366210938,21.936843872070312,9.50303840637207,27.747656504313152,-133.16000366210938,-131.0,11.2771635055542,-154.0399932861328,-148.0,-147.0,-143.0,-131.0,-125.75,-121.0,-114.90000915527344,-108.91998291015625
4644,-133.3199920654297,21.837657928466797,9.54128646850586,27.548627217610676,-133.32000732421875,-131.0,11.319787979125977,-156.0,-148.0,-147.0,-143.0,-131.0,-126.75,-121.0,-115.0,-108.91998291015625
4680,-133.45999145507812,21.709163665771484,9.578533172607422,27.30903498331706,-133.4600067138672,-131.0,11.362586975097656,-156.0,-148.0500030517578,-147.0,-143.25,-131.0,-126.75,-121.0,-115.0,-108.91998291015625
4716,-133.66000366210938,21.595027923583984,9.63250732421875,27.08162562052409,-133.66000366210938,-132.0,11.312134742736816,-156.0,-149.14999389648438,-147.0,-143.25,-132.0,-127.0,-121.0,-115.0,-108.91998291015625
4752,-133.89999389648438,21.489479064941406,9.668869018554688,26.872318903605144,-133.89999389648438,-133.0,11.425848007202148,-156.0399932861328,-151.0500030517578,-147.10000610351562,-143.25,-133.0,-127.0,-121.0,-115.0,-108.91998291015625
4788,-134.0,21.389236450195312,9.68768310546875,26.676451365152996,-134.0,-133.0,11.428035736083984,-156.0399932861328,-151.0500030517578,-147.10000610351562,-144.0,-133.0,-127.0,-121.0,-115.0,-108.91998291015625
4824,-134.09999084472656,21.298015594482422,9.7610445022583,26.458049138387043,-134.10000610351562,-133.5,11.408330917358398,-156.0399932861328,-151.0500030517578,-147.10000610351562,-144.0,-133.5,-127.0,-121.0,-115.0,-108.91998291015625
4860,-134.22000122070312,21.186309814453125,9.794950485229492,26.241107940673828,-134.22000122070312,-133.5,11.345113754272461,-156.0399932861328,-151.0500030517578,-147.10000610351562,-144.0,-133.5,-127.0,-122.80000305175781,-115.0,-108.91998291015625
4896,-134.33999633789062,21.057884216308594,9.835922241210938,26.000011444091797,-134.33999633789062,-134.0,11.294441223144531,-156.0399932861328,-151.0500030517578,-147.10000610351562,-144.0,-134.0,-127.75,-122.80000305175781,-115.0,-108.91998291015625
4932,-134.5800018310547,20.947490692138672,9.870950698852539,25.78666623433431,-134.5800018310547,-134.0,11.3112154006958,-156.0399932861328,-151.0500030517578,-148.0,-144.0,-134.0,-127.75,-122.80000305175781,-115.0,-108.91998291015625
4968,-134.6999969482422,20.854049682617188,9.906996726989746,25.583938598632812,-134.6999969482422,-134.0,11.362658500671387,-156.0399932861328,-152.0,-148.0,-144.0,-134.0,-127.75,-122.80000305175781,-115.0,-108.91998291015625
5004,-134.9199981689453,20.749698638916016,9.929150581359863,25.38333511352539,-134.9199981689453,-134.0,11.290420532226562,-158.0,-152.0,-148.0,-144.0,-134.0,-129.0,-122.80000305175781,-115.0,-108.91998291015625
5040,-135.0399932861328,20.638240814208984,9.94555377960205,25.169872919718426,-135.0399932861328,-134.0,11.28354549407959,-158.0,-152.0,-148.0,-144.0,-134.0,-129.0,-122.80000305175781,-115.0,-108.91998291015625
5076,-135.16000366210938,20.516590118408203,9.947096824645996,24.95794169108073,-135.16000366210938,-134.0,11.324945449829102,-158.0,-152.10000610351562,-148.10000610351562,-144.0,-134.0,-129.0,-122.80000305175781,-115.0,-108.91998291015625
5112,-135.17999267578125,20.407878875732422,10.005239486694336,24.725019454956055,-135.17999267578125,-134.0,11.317578315734863,-158.0,-152.10000610351562,-148.10000610351562,-144.0,-134.0,-129.0,-122.80000305175781,-115.0,-108.91998291015625
5148,-135.239990234375,20.306961059570312,10.041893005371094,24.50939877827962,-135.24000549316406,-134.0,11.341181755065918,-158.0,-152.10000610351562,-148.10000610351562,-144.25,-134.0,-129.0,-122.80000305175781,-115.0,-108.91998291015625
5184,-135.4199981689453,20.200138092041016,10.082143783569336,24.261089324951172,-135.4199981689453,-134.5,11.437814712524414,-158.0,-154.0500030517578,-149.10000610351562,-145.0,-134.5,-129.0,-122.80000305175781,-115.0,-108.91998291015625
5220,-135.52000427246094,20.07299041748047,10.101228713989258,24.029287338256836,-135.52000427246094,-134.5,11.438950538635254,-158.0,-155.0500030517578,-149.10000610351562,-145.0,-134.5,-129.0,-122.80000305175781,-115.0,-108.91998291015625
5256,-135.67999267578125,19.946868896484375,10.146413803100586,23.771174748738606,-135.67999267578125,-135.0,11.462007522583008,-158.0,-155.0500030517578,-149.10000610351562,-145.0,-135.0,-129.0,-122.80000305175781,-115.0,-108.91998291015625
5292,-135.75999450683594,19.853206634521484,10.188140869140625,23.558727264404297,-135.75999450683594,-135.0,11.512706756591797,-158.0,-155.0500030517578,-149.10000610351562,-145.0,-135.0,-129.0,-122.80000305175781,-115.0,-108.91998291015625
5328,-135.87998962402344,19.745216369628906,10.228830337524414,23.32101567586263,-135.8800048828125,-135.5,11.504155158996582,-158.0,-155.0500030517578,-149.10000610351562,-145.0,-135.5,-129.0,-122.80000305175781,-115.0,-108.91998291015625
5364,-136.0800018310547,19.6507625579834,10.266193389892578,23.103020350138348,-136.0800018310547,-136.5,11.528815269470215,-158.0,-155.0500030517578,-150.10000610351562,-145.0,-136.5,-129.0,-123.0,-115.0,-108.91998291015625
5400,-136.1999969482422,19.49516487121582,10.282756805419922,22.82406171162923,-136.1999969482422,-136.5,11.522151947021484,-158.0,-155.0500030517578,-151.10000610351562,-145.0,-136.5,-129.0,-123.0,-115.0,-108.91998291015625
5436,-136.3000030517578,19.378883361816406,10.295515060424805,22.597514470418293,-136.3000030517578,-137.0,11.56676197052002,-158.0,-155.0500030517578,-151.10000610351562,-145.0,-137.0,-129.0,-123.0,-115.0,-108.91998291015625
5472,-136.3199920654297,19.278621673583984,10.315821647644043,22.383263270060223,-136.32000732421875,-137.0,11.595585823059082,-158.0,-155.0500030517578,-151.10000610351562,-145.0,-137.0,-129.0,-123.0,-115.0,-108.91998291015625
5508,-136.36000061035156,19.182579040527344,10.370283126831055,22.140127182006836,-136.36000061035156,-137.0,11.611649513244629,-158.0,-155.0500030517578,-151.10000610351562,-145.0,-137.0,-129.0,-123.0,-115.0,-108.91998291015625
5544,-136.55999755859375,19.077913284301758,10.394420623779297,21.91870625813802,-136.55999755859375,-137.5,11.677602767944336,-158.0,-155.0500030517578,-151.10000610351562,-145.0,-137.5,-129.0,-123.0,-115.0,-108.91998291015625
5580,-136.66000366210938,18.991687774658203,10.431540489196777,21.68932342529297,-136.66000366210938,-137.5,11.766240119934082,-158.0,-156.0,-151.10000610351562,-145.25,-137.5,-129.0,-123.0,-115.0,-108.91998291015625
5616,-136.72000122070312,18.901084899902344,10.471484184265137,21.47969690958659,-136.72000122070312,-137.5,11.771219253540039,-158.0,-156.0,-151.10000610351562,-145.25,-137.5,-129.0,-123.0,-115.0,-108.91998291015625
5652,-136.8199920654297,18.789913177490234,10.498486518859863,21.241561889648438,-136.82000732421875,-138.0,11.778267860412598,-158.0,-156.0,-151.10000610351562,-145.25,-138.0,-129.0,-123.0,-115.0,-108.91998291015625
5688,-136.86000061035156,18.689266204833984,10.521761894226074,21.029391606648762,-136.86000061035156,-138.0,11.790691375732422,-158.0,-156.0,-151.10000610351562,-145.25,-138.0,-129.0,-123.0,-115.0,-108.91998291015625
5724,-136.9199981689453,18.546451568603516,10.525266647338867,20.768885294596355,-136.9199981689453,-138.0,11.809893608093262,-158.0,-156.0,-151.10000610351562,-145.25,-138.0,-129.0,-123.0,-115.0,-108.91998291015625
5760,-136.95999145507812,18.433807373046875,10.543403625488281,20.536454518636067,-136.9600067138672,-138.0,11.789758682250977,-158.0,-156.0,-151.10000610351562,-145.25,-138.0,-129.0,-123.0,-115.0,-108.91998291015625
5796,-137.02000427246094,18.35763168334961,10.591020584106445,20.311412175496418,-137.02000427246094,-138.0,11.77453327178955,-158.0,-156.0,-151.10000610351562,-145.25,-138.0,-129.75,-123.0,-115.0,-108.91998291015625
5832,-137.0800018310547,18.262866973876953,10.63577651977539,20.061307907104492,-137.0800018310547,-138.0,11.828507423400879,-158.0,-156.0,-151.10000610351562,-146.0,-138.0,-129.75,-123.0,-115.0,-108.91998291015625
5868,-137.1999969482422,18.15326690673828,10.653980255126953,19.835968017578125,-137.1999969482422,-138.5,11.867602348327637,-158.0,-156.0,-151.3000030517578,-146.0,-138.5,-130.0,-123.0,-115.0,-108.91998291015625
5904,-137.3000030517578,18.059247970581055,10.676623344421387,19.627852121988933,-137.3000030517578,-139.0,11.875605583190918,-158.0,-156.0,-151.3000030517578,-146.0,-139.0,-130.0,-123.0,-115.0,-108.91998291015625
5940,-137.36000061035156,17.978626251220703,10.733917236328125,19.40212631225586,-137.36000061035156,-139.0,11.884038925170898,-158.0,-156.0,-151.3000030517578,-146.0,-139.0,-130.0,-123.0,-115.0,-108.91998291015625
5976,-137.37998962402344,17.893489837646484,10.759384155273438,19.199623107910156,-137.3800048828125,-139.0,11.87331485748291,-158.0,-156.0,-151.3000030517578,-146.0,-139.0,-130.0,-123.0,-115.0,-108.91998291015625
6012,-137.4199981689453,17.818052291870117,10.790542602539062,18.99438985188802,-137.4199981689453,-139.0,11.870282173156738,-158.0,-156.0,-151.3000030517578,-146.0,-139.0,-130.0,-123.0,-115.0,-108.91998291015625
6048,-137.5,17.711400985717773,10.828185081481934,18.733683904012043,-137.5,-139.0,11.890752792358398,-158.0,-156.0,-151.3000030517578,-146.0,-139.0,-130.0,-123.0,-115.0,-108.91998291015625
6084,-137.5,17.61581802368164,10.841327667236328,18.507006963094074,-137.5,-139.0,11.890752792358398,-158.0,-156.0,-151.3000030517578,-146.0,-139.0,-130.0,-123.0,-115.0,-108.91998291015625
6120,-137.5399932861328,17.486549377441406,10.838038444519043,18.25125503540039,-137.5399932861328,-139.0,11.828288078308105,-158.0,-156.0,-151.3000030517578,-146.0,-139.0,-130.0,-123.0,-115.0,-108.91998291015625
6156,-137.5800018310547,17.412199020385742,10.873003005981445,18.048675537109375,-137.5800018310547,-139.0,11.86016845703125,-158.0,-156.0,-151.3000030517578,-146.0,-139.0,-130.0,-123.0,-115.0,-108.91998291015625
6192,-137.59999084472656,17.30821990966797,10.866137504577637,17.850048700968426,-137.60000610351562,-139.0,11.884444236755371,-158.0,-156.0,-153.10000610351562,-146.0,-139.0,-130.0,-123.0,-115.0,-108.91998291015625
6228,-137.67999267578125,17.224266052246094,10.876814842224121,17.646016438802082,-137.67999267578125,-139.0,11.943936347961426,-158.0,-156.0,-153.10000610351562,-146.0,-139.0,-130.0,-123.0,-115.0,-108.91998291015625
6264,-137.67999267578125,17.14158821105957,10.9049711227417,17.39879099527995,-137.67999267578125,-139.0,11.943936347961426,-158.0,-156.0,-153.10000610351562,-146.0,-139.0,-130.0,-123.0,-115.0,-108.91998291015625
6300,-137.8199920654297,17.054264068603516,10.910223007202148,17.207569758097332,-137.82000732421875,-139.0,12.04024887084961,-158.0,-156.0500030517578,-153.10000610351562,-146.0,-139.0,-130.0,-123.0,-115.0,-108.91998291015625
6336,-137.8199920654297,16.987102508544922,10.980535507202148,16.96756362915039,-137.82000732421875,-139.0,12.04024887084961,-158.0,-156.0500030517578,-153.10000610351562,-146.0,-139.0,-130.0,-123.0,-115.0,-108.91998291015625
6372,-137.86000061035156,16.917144775390625,11.012571334838867,16.746731440226238,-137.86000061035156,-139.0,12.06401252746582,-158.0,-156.0500030517578,-153.10000610351562,-146.0,-139.0,-130.0,-123.0,-115.0,-108.91998291015625
6408,-137.9199981689453,16.847915649414062,11.01242446899414,16.579418818155926,-137.9199981689453,-139.0,12.06787395477295,-158.0,-156.0500030517578,-153.10000610351562,-146.25,-139.0,-130.0,-123.0,-115.0,-108.91998291015625
6444,-137.97999572753906,16.82251739501953,11.07431411743164,16.410529454549152,-137.97999572753906,-139.0,12.041577339172363,-158.0,-156.0500030517578,-153.10000610351562,-146.25,-139.0,-130.0,-123.0,-115.0,-108.91998291015625
6480,-138.02000427246094,16.76753044128418,11.120405197143555,16.2178217569987,-138.02000427246094,-139.0,12.034933090209961,-158.0,-156.0500030517578,-153.10000610351562,-146.25,-139.0,-130.0,-124.80000305175781,-115.0,-108.91998291015625
6516,-138.02000427246094,16.670154571533203,11.142611503601074,16.000534693400066,-138.02000427246094,-139.0,12.034933090209961,-158.0,-156.0500030517578,-153.10000610351562,-146.25,-139.0,-130.0,-124.80000305175781,-115.0,-108.91998291015625
6552,-138.0399932861328,16.57765769958496,11.156044006347656,15.800058682759603,-138.0399932861328,-139.0,11.988261222839355,-158.0,-156.0500030517578,-153.10000610351562,-146.25,-139.0,-130.0,-124.80000305175781,-115.0,-110.87997436523438
6588,-138.0800018310547,16.471099853515625,11.149588584899902,15.584235509236654,-138.0800018310547,-139.0,12.011394500732422,-158.0,-156.0500030517578,-153.10000610351562,-146.25,-139.0,-130.0,-124.80000305175781,-115.0,-110.87997436523438
6624,-138.13999938964844,16.41616439819336,11.189863204956055,15.407723108927408,-138.13999938964844,-139.0,11.910515785217285,-158.0,-156.0500030517578,-153.10000610351562,-146.25,-139.0,-130.0,-124.80000305175781,-118.80001831054688,-110.87997436523438
6660,-138.17999267578125,16.379873275756836,11.228767395019531,15.249978065490723,-138.17999267578125,-139.0,11.915014266967773,-158.0,-156.0500030517578,-153.10000610351562,-146.25,-139.0,-130.0,-124.80000305175781,-118.80001831054688,-110.87997436523438
6696,-138.239990234375,16.306434631347656,11.249743461608887,15.053505579630533,-138.24000549316406,-139.0,11.999266624450684,-158.0,-157.0500030517578,-154.0,-146.25,-139.0,-130.0,-124.80000305175781,-118.80001831054688,-110.87997436523438
6732,-138.25999450683594,16.203035354614258,11.240778923034668,14.857616742451986,-138.25999450683594,-139.0,12.027153015136719,-158.0,-157.0500030517578,-154.10000610351562,-146.25,-139.0,-130.0,-124.80000305175781,-118.80001831054688,-110.87997436523438
6768,-138.36000061035156,16.1015682220459,11.228598594665527,14.656169891357422,-138.36000061035156,-139.0,12.137149810791016,-158.0,-157.0500030517578,-155.0,-146.25,-139.0,-130.0,-124.80000305175781,-118.80001831054688,-110.87997436523438
6804,-138.39999389648438,16.02943229675293,11.224485397338867,14.479270299275717,-138.39999389648438,-139.0,12.145781517028809,-158.0,-157.0500030517578,-155.0,-146.25,-139.0,-130.0,-124.80000305175781,-118.80001831054688,-110.87997436523438
6840,-138.4199981689453,15.944099426269531,11.241287231445312,14.265464146931967,-138.4199981689453,-139.0,12.164851188659668,-158.0,-157.0500030517578,-155.0,-146.25,-139.0,-130.0,-124.80000305175781,-118.80001831054688,-110.87997436523438
6876,-138.45999145507812,15.863775253295898,11.244914054870605,14.073515256245932,-138.4600067138672,-139.0,12.179835319519043,-158.0,-157.0500030517578,-155.0,-146.25,-139.0,-130.0,-124.80000305175781,-118.80001831054688,-110.87997436523438
6912,-138.5,15.790433883666992,11.266286849975586,13.883589744567871,-138.5,-139.0,12.22579288482666,-158.0,-157.0500030517578,-155.10000610351562,-146.25,-139.0,-130.0,-124.80000305175781,-118.80001831054688,-110.87997436523438
6948,-138.5,15.686498641967773,11.241683959960938,13.69384479522705,-138.5,-139.0,12.22579288482666,-158.0,-157.0500030517578,-155.10000610351562,-146.25,-139.0,-130.0,-124.80000305175781,-118.80001831054688,-110.87997436523438
6984,-138.52000427246094,15.680013656616211,11.293121337890625,13.561632792154947,-138.52000427246094,-139.0,12.188912391662598,-158.0,-157.0500030517578,-155.10000610351562,-146.25,-139.0,-130.0,-124.80000305175781,-118.90000915527344,-110.87997436523438
7020,-138.55999755859375,15.643791198730469,11.343707084655762,13.34880542755127,-138.55999755859375,-139.0,12.180575370788574,-158.0,-157.0500030517578,-155.10000610351562,-146.25,-139.0,-130.0,-124.80000305175781,-118.90000915527344,-110.87997436523438
7056,-138.55999755859375,15.554483413696289,11.343215942382812,13.165446281433105,-138.55999755859375,-139.0,12.180575370788574,-158.0,-157.0500030517578,-155.10000610351562,-146.25,-139.0,-130.0,-124.80000305175781,-118.90000915527344,-110.87997436523438
7092,-138.5800018310547,15.517423629760742,11.359455108642578,13.054246584574381,-138.5800018310547,-139.5,12.181281089782715,-158.0,-157.0500030517578,-155.10000610351562,-146.25,-139.5,-130.0,-124.80000305175781,-118.90000915527344,-110.87997436523438
7128,-138.5800018310547,15.462785720825195,11.37916088104248,12.896931330362955,-138.5800018310547,-139.5,12.181281089782715,-158.0,-157.0500030517578,-155.10000610351562,-146.25,-139.5,-130.0,-124.80000305175781,-118.90000915527344,-110.87997436523438
7164,-138.5800018310547,15.412886619567871,11.395976066589355,12.730819384256998,-138.5800018310547,-139.5,12.181281089782715,-158.0,-157.0500030517578,-155.10000610351562,-146.25,-139.5,-130.0,-124.80000305175781,-118.90000915527344,-110.87997436523438
7200,-138.5800018310547,15.335037231445312,11.397695541381836,12.54402987162272,-138.5800018310547,-139.5,12.181281089782715,-158.0,-157.0500030517578,-155.10000610351562,-146.25,-139.5,-130.0,-124.80000305175781,-118.90000915527344,-110.87997436523438
7236,-138.63999938964844,15.289190292358398,11.420204162597656,12.344177881876627,-138.63999938964844,-139.5,12.128907203674316,-158.0,-157.0500030517578,-155.10000610351562,-146.25,-139.5,-130.0,-125.0,-118.90000915527344,-110.87997436523438
7272,-138.66000366210938,15.25440788269043,11.444514274597168,12.215251604715982,-138.66000366210938,-139.5,12.150899887084961,-158.0,-157.0500030517578,-155.10000610351562,-146.25,-139.5,-130.0,-125.0,-118.90000915527344,-110.87997436523438
7308,-138.66000366210938,15.256340026855469,11.490835189819336,12.08772341410319,-138.66000366210938,-139.5,12.150899887084961,-158.0,-157.0500030517578,-155.10000610351562,-146.25,-139.5,-130.0,-125.0,-118.90000915527344,-110.87997436523438
7344,-138.67999267578125,15.19137191772461,11.501433372497559,11.930049578348795,-138.67999267578125,-139.5,12.158025741577148,-158.0,-157.0500030517578,-155.10000610351562,-146.25,-139.5,-130.0,-125.0,-118.90000915527344,-110.87997436523438
7380,-138.6999969482422,15.159103393554688,11.526311874389648,11.791456858317057,-138.6999969482422,-139.5,12.173331260681152,-158.0,-157.0500030517578,-155.10000610351562,-146.5,-139.5,-130.0,-125.0,-118.90000915527344,-110.87997436523438
7416,-138.72000122070312,15.112796783447266,11.538073539733887,11.647694905598959,-138.72000122070312,-139.5,12.201704978942871,-158.0,-157.0500030517578,-156.0,-146.5,-139.5,-130.0,-125.0,-118.90000915527344,-110.87997436523438
7452,-138.72000122070312,15.106982231140137,11.580009460449219,11.520765622456869,-138.72000122070312,-139.5,12.201704978942871,-158.0,-157.0500030517578,-156.0,-146.5,-139.5,-130.0,-125.0,-118.90000915527344,-110.87997436523438
7488,-138.739990234375,15.063376426696777,11.58057689666748,11.385311444600424,-138.74000549316406,-139.5,12.205425262451172,-158.0,-157.0500030517578,-156.0,-146.5,-139.5,-130.0,-125.0,-118.90000915527344,-110.87997436523438
7524,-138.75999450683594,15.070045471191406,11.61435317993164,11.289599100748697,-138.75999450683594,-139.5,12.177947044372559,-158.0,-157.0500030517578,-156.0,-146.5,-139.5,-130.0,-125.0,-118.90000915527344,-110.87997436523438
7560,-138.75999450683594,15.0336332321167,11.641387939453125,11.153324445088705,-138.75999450683594,-139.5,12.177947044372559,-158.0,-157.0500030517578,-156.0,-146.5,-139.5,-130.0,-125.0,-118.90000915527344,-110.87997436523438
7596,-138.77999877929688,14.95486068725586,11.619403839111328,11.007846514383951,-138.77999877929688,-139.5,12.20621109008789,-158.0,-157.0500030517578,-156.0,-146.5,-139.5,-130.0,-125.0,-118.90000915527344,-110.87997436523438
7632,-138.8199920654297,14.880437850952148,11.601608276367188,10.854964256286621,-138.82000732421875,-139.5,12.16748046875,-158.0,-157.0500030517578,-156.0,-146.5,-139.5,-130.0,-125.0,-118.90000915527344,-110.87997436523438
7668,-138.8199920654297,14.852694511413574,11.619476318359375,10.735341389973959,-138.82000732421875,-139.5,12.16748046875,-158.0,-157.0500030517578,-156.0,-146.5,-139.5,-130.0,-125.0,-118.90000915527344,-110.87997436523438
7704,-138.83999633789062,14.845115661621094,11.668097496032715,10.630338350931803,-138.83999633789062,-139.5,12.113397598266602,-158.0,-157.0500030517578,-156.0,-146.5,-139.5,-130.0,-125.0,-118.90000915527344,-110.91998291015625
7740,-138.83999633789062,14.818903923034668,11.697668075561523,10.505592346191406,-138.83999633789062,-139.5,12.113397598266602,-158.0,-157.0500030517578,-156.0,-146.5,-139.5,-130.0,-125.0,-118.90000915527344,-110.91998291015625
7776,-138.86000061035156,14.729911804199219,11.6817626953125,10.337177912394205,-138.86000061035156,-139.5,12.105387687683105,-158.0,-157.0500030517578,-156.0,-146.5,-139.5,-130.0,-125.0,-118.90000915527344,-110.91998291015625
7812,-138.86000061035156,14.705780029296875,11.701684951782227,10.248640060424805,-138.86000061035156,-139.5,12.105387687683105,-158.0,-157.0500030517578,-156.0,-146.5,-139.5,-130.0,-125.0,-118.90000915527344,-110.91998291015625
7848,-138.89999389648438,14.659683227539062,11.69770336151123,10.144805590311686,-138.89999389648438,-139.5,12.099172592163086,-158.0,-157.0500030517578,-156.0,-146.5,-139.5,-130.0,-125.0,-118.90000915527344,-110.91998291015625
7884,-138.89999389648438,14.635292053222656,11.704463005065918,10.046913782755533,-138.89999389648438,-139.5,12.099172592163086,-158.0,-157.0500030517578,-156.0,-146.5,-139.5,-130.0,-125.0,-118.90000915527344,-110.91998291015625
7920,-138.89999389648438,14.594978332519531,11.711069107055664,9.940719922383627,-138.89999389648438,-139.5,12.099172592163086,-158.0,-157.0500030517578,-156.0,-146.5,-139.5,-130.0,-125.0,-118.90000915527344,-110.91998291015625
7956,-138.94000244140625,14.56564712524414,11.71856689453125,9.833357175191244,-138.94000244140625,-139.5,12.06633186340332,-158.0,-157.0500030517578,-156.0,-146.5,-139.5,-130.75,-125.0,-118.90000915527344,-110.91998291015625
7992,-138.94000244140625,14.524961471557617,11.733110427856445,9.68739382425944,-138.94000244140625,-139.5,12.06633186340332,-158.0,-157.0500030517578,-156.0,-146.5,-139.5,-130.75,-125.0,-118.90000915527344,-110.91998291015625
8028,-139.0399932861328,14.508848190307617,11.735095024108887,9.605415344238281,-139.0399932861328,-139.5,12.05148983001709,-158.0,-157.0500030517578,-156.0,-146.5,-139.5,-131.0,-125.0,-118.90000915527344,-110.91998291015625
8064,-139.05999755859375,14.491164207458496,11.760199546813965,9.509012222290039,-139.05999755859375,-139.5,12.081241607666016,-158.0,-158.0,-156.0,-146.5,-139.5,-131.0,-125.0,-118.90000915527344,-110.91998291015625
8100,-139.05999755859375,14.485163688659668,11.77517318725586,9.459182739257812,-139.05999755859375,-139.5,12.081241607666016,-158.0,-158.0,-156.0,-146.5,-139.5,-131.0,-125.0,-118.90000915527344,-110.91998291015625
8136,-139.0800018310547,14.479217529296875,11.812179565429688,9.358138720194498,-139.0800018310547,-139.5,12.056266784667969,-158.0,-158.0,-156.0,-146.5,-139.5,-131.0,-125.0,-118.90000915527344,-110.91998291015625
8172,-139.0800018310547,14.450292587280273,11.809725761413574,9.26914914449056,-139.0800018310547,-139.5,12.056266784667969,-158.0,-158.0,-156.0,-146.5,-139.5,-131.0,-125.0,-118.90000915527344,-110.91998291015625
8208,-139.1199951171875,14.413714408874512,11.812541007995605,9.166455268859863,-139.1199951171875,-139.5,12.049299240112305,-158.0,-158.0,-156.0,-146.5,-139.5,-131.0,-125.0,-118.90000915527344,-110.91998291015625
8244,-139.1199951171875,14.40147590637207,11.824102401733398,9.083725293477377,-139.1199951171875,-139.5,12.049299240112305,-158.0,-158.0,-156.0,-146.5,-139.5,-131.0,-125.0,-118.90000915527344,-110.91998291015625
8280,-139.1199951171875,14.364161491394043,11.807775497436523,9.00930118560791,-139.1199951171875,-139.5,12.049299240112305,-158.0,-158.0,-156.0,-146.5,-139.5,-131.0,-125.0,-118.90000915527344,-110.91998291015625
8316,-139.1199951171875,14.32681655883789,11.77020263671875,8.96721108754476,-139.1199951171875,-139.5,12.049299240112305,-158.0,-158.0,-156.0,-146.5,-139.5,-131.0,-125.0,-118.90000915527344,-110.91998291015625
8352,-139.13999938964844,14.318652153015137,11.794455528259277,8.876053810119629,-139.13999938964844,-139.5,12.037457466125488,-158.0,-158.0,-156.0,-146.5,-139.5,-131.0,-125.0,-118.90000915527344,-110.91998291015625
8388,-139.13999938964844,14.286148071289062,11.80127239227295,8.779493649800619,-139.13999938964844,-139.5,12.037457466125488,-158.0,-158.0,-156.0,-146.5,-139.5,-131.0,-125.0,-118.90000915527344,-110.91998291015625
8424,-139.16000366210938,14.243682861328125,11.779226303100586,8.707619031270346,-139.16000366210938,-139.5,12.042192459106445,-158.0,-158.0,-156.0,-146.5,-139.5,-131.0,-125.0,-118.90000915527344,-110.91998291015625
8460,-139.16000366210938,14.238981246948242,11.812782287597656,8.624735514322916,-139.16000366210938,-139.5,12.042192459106445,-158.0,-158.0,-156.0,-146.5,-139.5,-131.0,-125.0,-118.90000915527344,-110.91998291015625
8496,-139.16000366210938,14.214540481567383,11.810091972351074,8.566800117492676,-139.16000366210938,-139.5,12.042192459106445,-158.0,-158.0,-156.0,-146.5,-139.5,-131.0,-125.0,-118.90000915527344,-110.91998291015625
8532,-139.16000366210938,14.190673828125,11.823962211608887,8.4799591700236,-139.16000366210938,-139.5,12.042192459106445,-158.0,-158.0,-156.0,-146.5,-139.5,-131.0,-125.0,-118.90000915527344,-110.91998291015625
8568,-139.16000366210938,14.167932510375977,11.832930564880371,8.38341490427653,-139.16000366210938,-139.5,12.042192459106445,-158.0,-158.0,-156.0,-146.5,-139.5,-131.0,-125.0,-118.90000915527344,-110.91998291015625
8604,-139.16000366210938,14.149080276489258,11.857162475585938,8.274495442708334,-139.16000366210938,-139.5,12.042192459106445,-158.0,-158.0,-156.0,-146.5,-139.5,-131.0,-125.0,-118.90000915527344,-110.91998291015625
8640,-139.16000366210938,14.120767593383789,11.854525566101074,8.19579029083252,-139.16000366210938,-139.5,12.042192459106445,-158.0,-158.0,-156.0,-146.5,-139.5,-131.0,-125.0,-118.90000915527344,-110.91998291015625
8676,-139.17999267578125,14.111104965209961,11.878264427185059,8.123112996419271,-139.17999267578125,-139.5,12.046892166137695,-158.0,-158.0,-156.0,-146.5,-139.5,-131.0,-125.0,-118.90000915527344,-110.91998291015625
8712,-139.17999267578125,14.054133415222168,11.853126525878906,8.036206404368082,-139.17999267578125,-139.5,12.046892166137695,-158.0,-158.0,-156.0,-146.5,-139.5,-131.0,-125.0,-118.90000915527344,-110.91998291015625
8748,-139.1999969482422,14.061663627624512,11.88227367401123,7.976153373718262,-139.1999969482422,-139.5,12.018319129943848,-158.0,-158.0,-156.0,-146.5,-139.5,-131.0,-125.0,-118.90000915527344,-110.91998291015625
8784,-139.1999969482422,14.009231567382812,11.855131149291992,7.900159200032552,-139.1999969482422,-139.5,12.018319129943848,-158.0,-158.0,-156.0,-146.5,-139.5,-131.0,-125.0,-118.90000915527344,-110.91998291015625
8820,-139.1999969482422,13.993627548217773,11.858619689941406,7.838122526804606,-139.1999969482422,-139.5,12.018319129943848,-158.0,-158.0,-156.0,-146.5,-139.5,-131.0,-125.0,-118.90000915527344,-110.91998291015625
8856,-139.1999969482422,13.949065208435059,11.84181022644043,7.771663665771484,-139.1999969482422,-139.5,12.018319129943848,-158.0,-158.0,-156.0,-146.5,-139.5,-131.0,-125.0,-118.90000915527344,-110.91998291015625
8892,-139.1999969482422,13.931036949157715,11.851749420166016,7.700311342875163,-139.1999969482422,-139.5,12.018319129943848,-158.0,-158.0,-156.0,-146.5,-139.5,-131.0,-125.0,-118.90000915527344,-110.91998291015625
8928,-139.1999969482422,13.860060691833496,11.803131103515625,7.6121439933776855,-139.1999969482422,-139.5,12.018319129943848,-158.0,-158.0,-156.0,-146.5,-139.5,-131.0,-125.0,-118.90000915527344,-110.91998291015625
8964,-139.1999969482422,13.875494003295898,11.848363876342773,7.536327044169108,-139.1999969482422,-139.5,12.018319129943848,-158.0,-158.0,-156.0,-146.5,-139.5,-131.0,-125.0,-118.90000915527344,-110.91998291015625
9000,-139.1999969482422,13.838306427001953,11.824766159057617,7.482289791107178,-139.1999969482422,-139.5,12.018319129943848,-158.0,-158.0,-156.0,-146.5,-139.5,-131.0,-125.0,-118.90000915527344,-110.91998291015625
9036,-139.1999969482422,13.825553894042969,11.831225395202637,7.418254693349202,-139.1999969482422,-139.5,12.018319129943848,-158.0,-158.0,-156.0,-146.5,-139.5,-131.0,-125.0,-118.90000915527344,-110.91998291015625
9072,-139.1999969482422,13.797279357910156,11.827113151550293,7.3554050127665205,-139.1999969482422,-139.5,12.018319129943848,-158.0,-158.0,-156.0,-146.5,-139.5,-131.0,-125.0,-118.90000915527344,-110.91998291015625
9108,-139.1999969482422,13.785650253295898,11.847679138183594,7.274110794067383,-139.1999969482422,-139.5,12.018319129943848,-158.0,-158.0,-156.0,-146.5,-139.5,-131.0,-125.0,-118.90000915527344,-110.91998291015625
9144,-139.1999969482422,13.778190612792969,11.866450309753418,7.223437627156575,-139.1999969482422,-139.5,12.018319129943848,-158.0,-158.0,-156.0,-146.5,-139.5,-131.0,-125.0,-118.90000915527344,-110.91998291015625
9180,-139.1999969482422,13.757890701293945,11.861747741699219,7.183791160583496,-139.1999969482422,-139.5,12.018319129943848,-158.0,-158.0,-156.0,-146.5,-139.5,-131.0,-125.0,-118.90000915527344,-110.91998291015625
9216,-139.1999969482422,13.757414817810059,11.872363090515137,7.135416348775228,-139.1999969482422,-139.5,12.018319129943848,-158.0,-158.0,-156.0,-146.5,-139.5,-131.0,-125.0,-118.90000915527344,-110.91998291015625
9252,-139.1999969482422,13.746133804321289,11.881683349609375,7.071832656860352,-139.1999969482422,-139.5,12.018319129943848,-158.0,-158.0,-156.0,-146.5,-139.5,-131.0,-125.0,-118.90000915527344,-110.91998291015625
9288,-139.1999969482422,13.68620491027832,11.84516716003418,6.993078549702962,-139.1999969482422,-139.5,12.018319129943848,-158.0,-158.0,-156.0,-146.5,-139.5,-131.0,-125.0,-118.90000915527344,-110.91998291015625
9324,-139.1999969482422,13.678668975830078,11.854846000671387,6.942893981933594,-139.1999969482422,-139.5,12.018319129943848,-158.0,-158.0,-156.0,-146.5,-139.5,-131.0,-125.0,-118.90000915527344,-110.91998291015625
9360,-139.1999969482422,13.689550399780273,11.85690689086914,6.932633241017659,-139.1999969482422,-139.5,12.018319129943848,-158.0,-158.0,-156.0,-146.5,-139.5,-131.0,-125.0,-118.90000915527344,-110.91998291015625
9396,-139.1999969482422,13.670226097106934,11.847227096557617,6.8790334065755205,-139.1999969482422,-139.5,12.018319129943848,-158.0,-158.0,-156.0,-146.5,-139.5,-131.0,-125.0,-118.90000915527344,-110.91998291015625
9432,-139.22000122070312,13.630057334899902,11.836990356445312,6.801527182261149,-139.22000122070312,-139.5,11.972952842712402,-158.0,-158.0,-156.0,-146.5,-139.5,-131.0,-125.0,-118.90000915527344,-112.87997436523438
9468,-139.22000122070312,13.564532279968262,11.805557250976562,6.710610230763753,-139.22000122070312,-139.5,11.972952842712402,-158.0,-158.0,-156.0,-146.5,-139.5,-131.0,-125.0,-118.90000915527344,-112.87997436523438
9504,-139.239990234375,13.578306198120117,11.83065414428711,6.661937236785889,-139.24000549316406,-139.5,11.985925674438477,-158.0,-158.0,-156.0,-148.0,-139.5,-131.0,-125.0,-118.90000915527344,-112.87997436523438
9540,-139.239990234375,13.555876731872559,11.82571029663086,6.613558769226074,-139.24000549316406,-139.5,11.985925674438477,-158.0,-158.0,-156.0,-148.0,-139.5,-131.0,-125.0,-118.90000915527344,-112.87997436523438
9576,-139.239990234375,13.554092407226562,11.8312406539917,6.5881913503011065,-139.24000549316406,-139.5,11.985925674438477,-158.0,-158.0,-156.0,-148.0,-139.5,-131.0,-125.0,-118.90000915527344,-112.87997436523438
9612,-139.239990234375,13.537859916687012,11.844955444335938,6.51271931330363,-139.24000549316406,-139.5,11.985925674438477,-158.0,-158.0,-156.0,-148.0,-139.5,-131.0,-125.0,-118.90000915527344,-112.87997436523438
9648,-139.239990234375,13.545406341552734,11.876444816589355,6.453722794850667,-139.24000549316406,-139.5,11.985925674438477,-158.0,-158.0,-156.0,-148.0,-139.5,-131.0,-125.0,-118.90000915527344,-112.87997436523438
9684,-139.239990234375,13.55055046081543,11.89138412475586,6.417985439300537,-139.24000549316406,-139.5,11.985925674438477,-158.0,-158.0,-156.0,-148.0,-139.5,-131.0,-125.0,-118.90000915527344,-112.87997436523438
9720,-139.239990234375,13.55899715423584,11.936457633972168,6.35960038503011,-139.24000549316406,-139.5,11.985925674438477,-158.0,-158.0,-156.0,-148.0,-139.5,-131.0,-125.0,-118.90000915527344,-112.87997436523438
9756,-139.239990234375,13.550555229187012,11.949525833129883,6.300773938496907,-139.24000549316406,-139.5,11.985925674438477,-158.0,-158.0,-156.0,-148.0,-139.5,-131.0,-125.0,-118.90000915527344,-112.87997436523438
9792,-139.239990234375,13.548276901245117,11.974302291870117,6.2373355229695635,-139.24000549316406,-139.5,11.985925674438477,-158.0,-158.0,-156.0,-148.0,-139.5,-131.0,-125.0,-118.90000915527344,-112.87997436523438
9828,-139.239990234375,13.53827953338623,11.987455368041992,6.185502370198567,-139.24000549316406,-139.5,11.985925674438477,-158.0,-158.0,-156.0,-148.0,-139.5,-131.0,-125.0,-118.90000915527344,-112.87997436523438
9864,-139.239990234375,13.52021312713623,11.981389999389648,6.151197910308838,-139.24000549316406,-139.5,11.985925674438477,-158.0,-158.0,-156.0,-148.0,-139.5,-131.0,-125.0,-118.90000915527344,-112.87997436523438
9900,-139.239990234375,13.517169952392578,11.99893569946289,6.105043252309163,-139.24000549316406,-139.5,11.985925674438477,-158.0,-158.0,-156.0,-148.0,-139.5,-131.0,-125.0,-118.90000915527344,-112.87997436523438
9936,-139.239990234375,13.481111526489258,11.982721328735352,6.062113126118978,-139.24000549316406,-139.5,11.985925674438477,-158.0,-158.0,-156.0,-148.0,-139.5,-131.0,-125.0,-118.90000915527344,-112.87997436523438
9972,-139.25999450683594,13.455692291259766,11.982462882995605,6.012940406799316,-139.25999450683594,-139.5,11.980502128601074,-158.0,-158.0,-156.0,-148.0,-139.5,-131.0,-125.0,-118.90000915527344,-112.87997436523438
