step,best_fitness,avg_hamming,avg_l1,avg_entropy,mean,median,std,2%,5%,10%,25%,50%,75%,90%,95%,98%
24,-0.5620409250259399,31.941776275634766,2.3711001873016357,44.16459655761719,0.5620409250259399,0.5576366186141968,0.02840847708284855,0.5187779068946838,0.5242825150489807,0.5262997150421143,0.5384680032730103,0.5576366186141968,0.5844621658325195,0.5977673530578613,0.6063394546508789,0.6161248683929443
48,-0.5708099007606506,31.919921875,2.5178637504577637,44.12454477945963,0.5708099603652954,0.5733388662338257,0.028198622167110443,0.5219554305076599,0.5276255011558533,0.5352433919906616,0.5465015172958374,0.5733388662338257,0.592964768409729,0.604020357131958,0.6161943674087524,0.6239084601402283
72,-0.576326310634613,31.893522262573242,2.636713743209839,44.08184051513672,0.576326310634613,0.5739726424217224,0.028316352516412735,0.5284154415130615,0.5352758169174194,0.5441368222236633,0.553192675113678,0.5739726424217224,0.598351240158081,0.612481415271759,0.6229124069213867,0.6306875348091125
96,-0.5803142189979553,31.85884666442871,2.7424750328063965,44.03295644124349,0.5803142786026001,0.5792959928512573,0.027792781591415405,0.534657895565033,0.5387556552886963,0.5480506420135498,0.5574170351028442,0.5792959928512573,0.6034715175628662,0.6184244155883789,0.6242135167121887,0.6306875348091125
120,-0.5846803188323975,31.817459106445312,2.8374812602996826,43.97738901774088,0.5846803188323975,0.5833196640014648,0.026958828791975975,0.537507176399231,0.5433688759803772,0.5508630275726318,0.5619018077850342,0.5833196640014648,0.6048392057418823,0.621900737285614,0.6279904842376709,0.6424298286437988
144,-0.587184727191925,31.76881980895996,2.9334449768066406,43.91341781616211,0.5871848464012146,0.5848086476325989,0.027184009552001953,0.5388368964195251,0.5466812252998352,0.5512713193893433,0.5658113956451416,0.5848086476325989,0.6097973585128784,0.6242225766181946,0.6279904842376709,0.6424298286437988
168,-0.5905629992485046,31.714824676513672,3.019895553588867,43.8453114827474,0.5905629992485046,0.5865752696990967,0.027902275323867798,0.5444252490997314,0.5504114031791687,0.5587051510810852,0.5697518587112427,0.5865752696990967,0.6150352954864502,0.6256375312805176,0.6355382204055786,0.6446628570556641
192,-0.591813325881958,31.65069580078125,3.095871925354004,43.767260233561196,0.5918134450912476,0.5882099270820618,0.027956556528806686,0.5487798452377319,0.5508863925933838,0.5588293075561523,0.5700124502182007,0.5882099270820618,0.6161974668502808,0.6279265284538269,0.6355382204055786,0.6446628570556641
216,-0.5950867533683777,31.58467674255371,3.1756532192230225,43.68729909261068,0.5950866937637329,0.5890083312988281,0.029792260378599167,0.5498072504997253,0.5509627461433411,0.5591312646865845,0.5704652667045593,0.5890083312988281,0.6219563484191895,0.6346767544746399,0.6428958773612976,0.6576129794120789
240,-0.5970507860183716,31.510610580444336,3.2481918334960938,43.5997060139974,0.5970508456230164,0.5905085802078247,0.02926626428961754,0.550900399684906,0.5576881766319275,0.5617820620536804,0.5729063749313354,0.5905085802078247,0.6235917210578918,0.6358424425125122,0.6428958773612976,0.6576129794120789
264,-0.6003247499465942,31.436208724975586,3.3177881240844727,43.51249567667643,0.6003247499465942,0.5911245346069336,0.02769569307565689,0.5510093569755554,0.5629443526268005,0.5699688196182251,0.5786861181259155,0.5911245346069336,0.6238718032836914,0.6390581727027893,0.6447641849517822,0.6576129794120789
288,-0.6017488837242126,31.354442596435547,3.379319667816162,43.417720794677734,0.6017489433288574,0.5919355750083923,0.0272072684019804,0.5587010383605957,0.5673341155052185,0.5723526477813721,0.5796144604682922,0.5919355750083923,0.6245148181915283,0.6390581727027893,0.6447641849517822,0.6576129794120789
312,-0.6044398546218872,31.26483726501465,3.440164566040039,43.31415303548177,0.604439914226532,0.600376546382904,0.027864595875144005,0.5587377548217773,0.5693448185920715,0.5730500817298889,0.5822993516921997,0.600376546382904,0.6248775720596313,0.6429750323295593,0.6534382700920105,0.6576129794120789
336,-0.6056704521179199,31.173553466796875,3.488276481628418,43.21109135945638,0.6056704521179199,0.601091742515564,0.027510184794664383,0.5587595105171204,0.570563793182373,0.5738950967788696,0.5825675129890442,0.601091742515564,0.6265168190002441,0.6429750323295593,0.6534382700920105,0.6576129794120789
360,-0.607703447341919,31.0731201171875,3.5475306510925293,43.0964101155599,0.607703447341919,0.6026734113693237,0.026552770286798477,0.5649144053459167,0.5730780363082886,0.57861328125,0.5862389206886292,0.6026734113693237,0.6277272701263428,0.6445589065551758,0.6534382700920105,0.6576129794120789
384,-0.6107837557792664,30.97047233581543,3.598325490951538,42.98007583618164,0.6107837557792664,0.6056077480316162,0.027650967240333557,0.5706349611282349,0.5735514760017395,0.5798710584640503,0.5874031782150269,0.6056077480316162,0.6350384950637817,0.6503847241401672,0.6547305583953857,0.6625478863716125
408,-0.6131160855293274,30.86536979675293,3.6553478240966797,42.86159642537435,0.6131160855293274,0.6056077480316162,0.028624653816223145,0.5730429291725159,0.5740007758140564,0.5807861089706421,0.5884192585945129,0.6056077480316162,0.6383281350135803,0.6542714834213257,0.6624155640602112,0.6661937236785889
432,-0.6148087382316589,30.751953125,3.712017059326172,42.73260243733724,0.6148087978363037,0.6070283651351929,0.02795473486185074,0.5739234685897827,0.5793318152427673,0.583089292049408,0.590444028377533,0.6070283651351929,0.6399036049842834,0.6542714834213257,0.6624155640602112,0.6661937236785889
456,-0.6161197423934937,30.63461685180664,3.7560536861419678,42.60078811645508,0.6161198019981384,0.6073709726333618,0.027658112347126007,0.5777491331100464,0.5808340907096863,0.5855616331100464,0.5922141671180725,0.6073709726333618,0.6416164636611938,0.6547348499298096,0.6624155640602112,0.6661937236785889
480,-0.6173072457313538,30.514432907104492,3.7985551357269287,42.46578598022461,0.6173072457313538,0.6081973314285278,0.02792878821492195,0.5782987475395203,0.5808340907096863,0.5855616331100464,0.5932711362838745,0.6081973314285278,0.6429991722106934,0.6553826332092285,0.6625639200210571,0.6661937236785889
504,-0.6186932921409607,30.38936996459961,3.837980270385742,42.323734283447266,0.6186932325363159,0.6081973314285278,0.02799261547625065,0.5793905854225159,0.5825001001358032,0.5871727466583252,0.59369295835495,0.6081973314285278,0.6446537971496582,0.6577286124229431,0.6631367802619934,0.6661937236785889
528,-0.6195824146270752,30.251310348510742,3.882122039794922,42.168267567952476,0.6195823550224304,0.6100760698318481,0.02803966961801052,0.5794052481651306,0.5828041434288025,0.5871727466583252,0.5945810079574585,0.6100760698318481,0.6465814113616943,0.6577286124229431,0.6631367802619934,0.6724406480789185
552,-0.6208136081695557,30.120105743408203,3.919240713119507,42.019816080729164,0.6208136081695557,0.6127986311912537,0.02839019149541855,0.5806896090507507,0.583128809928894,0.5872201323509216,0.5972467660903931,0.6127986311912537,0.6471983790397644,0.6596936583518982,0.6659661531448364,0.6725464463233948
576,-0.6225307583808899,29.981319427490234,3.957996129989624,41.862037658691406,0.6225306987762451,0.6141228675842285,0.02817446179687977,0.5825480222702026,0.5851331353187561,0.5883503556251526,0.5989256501197815,0.6141228675842285,0.6505781412124634,0.6596936583518982,0.6659661531448364,0.6725464463233948
600,-0.6244290471076965,29.843505859375,3.990788459777832,41.707295735677086,0.6244291067123413,0.6143035888671875,0.027637287974357605,0.5851178765296936,0.5872176885604858,0.5906705856323242,0.6028070449829102,0.6143035888671875,0.6511349678039551,0.6624815464019775,0.6661226153373718,0.6725464463233948
624,-0.625723123550415,29.6993465423584,4.030445098876953,41.5420290629069,0.625723123550415,0.6160662174224854,0.02779577299952507,0.5851602554321289,0.587533175945282,0.5911733508110046,0.6049660444259644,0.6160662174224854,0.6511349678039551,0.6631416082382202,0.6673474907875061,0.6785907745361328
648,-0.6270905137062073,29.56403350830078,4.0649800300598145,41.388903299967446,0.6270905137062073,0.6161772012710571,0.027635082602500916,0.5853332877159119,0.588266909122467,0.5918080806732178,0.6057731509208679,0.6161772012710571,0.6527912616729736,0.6634252667427063,0.6704725623130798,0.680769145488739
672,-0.6292130947113037,29.40936851501465,4.106350898742676,41.212457021077476,0.6292131543159485,0.6193831562995911,0.027421580627560616,0.5853332877159119,0.5906440615653992,0.5987353920936584,0.6087338328361511,0.6193831562995911,0.6538553237915039,0.6652893424034119,0.672728955745697,0.6825385093688965
696,-0.6302761435508728,29.264663696289062,4.137551307678223,41.048685709635414,0.6302761435508728,0.6203823685646057,0.028012149035930634,0.5853332877159119,0.5906440615653992,0.5987353920936584,0.6096309423446655,0.6203823685646057,0.6538553237915039,0.6704402565956116,0.6786216497421265,0.6834496855735779
720,-0.6319566369056702,29.107099533081055,4.16229248046875,40.87018966674805,0.6319566965103149,0.6229552030563354,0.028302190825343132,0.5896268486976624,0.5918917655944824,0.5989052653312683,0.610145092010498,0.6229552030563354,0.655611515045166,0.671535313129425,0.6808227896690369,0.6860144138336182
744,-0.6331672072410583,28.956546783447266,4.185595512390137,40.700661977132164,0.6331672072410583,0.6229552030563354,0.0285453200340271,0.5918064713478088,0.59637451171875,0.5990369319915771,0.6101663112640381,0.6229552030563354,0.6587516069412231,0.6727749109268188,0.6825641989707947,0.6869990825653076
768,-0.6340271830558777,28.807193756103516,4.2091827392578125,40.53052775065104,0.6340272426605225,0.6229552030563354,0.02839447744190693,0.5918923616409302,0.5974396467208862,0.60115647315979,0.6107949018478394,0.6229552030563354,0.6614631414413452,0.673154890537262,0.6825641989707947,0.6869990825653076
792,-0.6348299980163574,28.645183563232422,4.232302188873291,40.346326192220054,0.6348299980163574,0.624454915523529,0.028036845847964287,0.5918923616409302,0.5988041758537292,0.6036995649337769,0.6133869886398315,0.624454915523529,0.6621931791305542,0.673154890537262,0.6825641989707947,0.6869990825653076
816,-0.6361445188522339,28.473678588867188,4.257769584655762,40.15167363484701,0.6361445188522339,0.6285938024520874,0.028686298057436943,0.5918923616409302,0.5988041758537292,0.6036995649337769,0.6133869886398315,0.6285938024520874,0.6629903316497803,0.6770862936973572,0.6834338903427124,0.6869990825653076
840,-0.6373972296714783,28.29700469970703,4.286546230316162,39.94902801513672,0.6373972296714783,0.6285938024520874,0.02927134744822979,0.5965114235877991,0.5990422964096069,0.6041193008422852,0.6133869886398315,0.6285938024520874,0.667421817779541,0.6783502101898193,0.6834338903427124,0.6869990825653076
864,-0.6386930346488953,28.125473022460938,4.304805278778076,39.75363794962565,0.6386930346488953,0.6296648979187012,0.02933596633374691,0.5965114235877991,0.5990422964096069,0.6042813658714294,0.6136361360549927,0.6296648979187012,0.6687749028205872,0.6783502101898193,0.6834338903427124,0.6869990825653076
888,-0.6399118900299072,27.968658447265625,4.3195695877075195,39.574109395345054,0.6399118304252625,0.6323004961013794,0.029361093416810036,0.5965114235877991,0.5992499589920044,0.604589581489563,0.6153612732887268,0.6323004961013794,0.6690471172332764,0.6810601949691772,0.6860228180885315,0.6890913844108582
912,-0.642099916934967,27.788787841796875,4.332895278930664,39.368812561035156,0.642099916934967,0.6365214586257935,0.029670514166355133,0.5966030955314636,0.6031201481819153,0.6071775555610657,0.6161389946937561,0.6365214586257935,0.6714613437652588,0.6846439242362976,0.6891092658042908,0.6946229934692383
936,-0.644098162651062,27.62702178955078,4.352761268615723,39.18022664388021,0.6440982222557068,0.6373170018196106,0.030713902786374092,0.5966030955314636,0.6031201481819153,0.6071775555610657,0.6165363788604736,0.6373170018196106,0.6752582788467407,0.6860001087188721,0.6897552013397217,0.6949158906936646
960,-0.6453099846839905,27.454051971435547,4.370292663574219,38.980159759521484,0.6453100442886353,0.6401128768920898,0.030664801597595215,0.5966030955314636,0.6042805314064026,0.6088237166404724,0.6182695627212524,0.6401128768920898,0.6763137578964233,0.6860001087188721,0.6897552013397217,0.6949218511581421
984,-0.6461048722267151,27.28209686279297,4.380752086639404,38.78310012817383,0.6461049914360046,0.6414961814880371,0.030862003564834595,0.5966030955314636,0.6045128703117371,0.6094502806663513,0.6194104552268982,0.6414961814880371,0.6763207912445068,0.6860951781272888,0.6914125084877014,0.702758252620697
1008,-0.6473950147628784,27.11091423034668,4.394069671630859,38.5834706624349,0.6473950147628784,0.6424317359924316,0.030318021774291992,0.5966030955314636,0.6048880219459534,0.6098284125328064,0.6231168508529663,0.6424317359924316,0.6763207912445068,0.6865888833999634,0.6914196610450745,0.702758252620697
1032,-0.6484200954437256,26.937070846557617,4.4258928298950195,38.378639221191406,0.6484200358390808,0.6424317359924316,0.030510352924466133,0.6017557978630066,0.6059349179267883,0.6098284125328064,0.6232075691223145,0.6424317359924316,0.678087592124939,0.6891391277313232,0.6919326186180115,0.702758252620697
1056,-0.6498212814331055,26.75579833984375,4.4437971115112305,38.16540273030599,0.6498212218284607,0.6438503265380859,0.030699077993631363,0.6017557978630066,0.6059349179267883,0.6103717684745789,0.6246216297149658,0.6438503265380859,0.6793215870857239,0.6891608834266663,0.6950461864471436,0.7058343887329102
1080,-0.6506716012954712,26.58047103881836,4.441623687744141,37.963677724202476,0.6506716012954712,0.6439841985702515,0.031222250312566757,0.6017557978630066,0.6059349179267883,0.6113550662994385,0.6267926692962646,0.6439841985702515,0.6812615394592285,0.6905842423439026,0.7005369663238525,0.7058343887329102
1104,-0.6520271301269531,26.404325485229492,4.45703125,37.7566769917806,0.6520270705223083,0.6471132636070251,0.03044223040342331,0.6045421361923218,0.6102890968322754,0.6155110597610474,0.6276129484176636,0.6471132636070251,0.6816145777702332,0.6912720799446106,0.7005369663238525,0.7058343887329102
1128,-0.6533404588699341,26.222637176513672,4.474939346313477,37.54345830281576,0.6533404588699341,0.6492431163787842,0.030772577971220016,0.6069114208221436,0.6103741526603699,0.6170353889465332,0.6277375221252441,0.6492431163787842,0.6827767491340637,0.6952354311943054,0.7039151787757874,0.7060794830322266
1152,-0.6545563340187073,26.04302215576172,4.493988037109375,37.33092753092448,0.6545563340187073,0.6497654318809509,0.030586425215005875,0.6075373291969299,0.610855221748352,0.6185210943222046,0.6285114288330078,0.6497654318809509,0.6827767491340637,0.6974395513534546,0.7039152383804321,0.7063613533973694
1176,-0.655737578868866,25.856107711791992,4.497845649719238,37.1120974222819,0.6557376384735107,0.6497654318809509,0.03001786768436432,0.6075373291969299,0.6132616996765137,0.6220356822013855,0.6314359307289124,0.6497654318809509,0.6834572553634644,0.6995145678520203,0.7056200504302979,0.7063613533973694
1200,-0.6569429636001587,25.66891860961914,4.502976894378662,36.892513275146484,0.6569429039955139,0.6497654318809509,0.030809050425887108,0.6103739142417908,0.6133432984352112,0.6220356822013855,0.6318485140800476,0.6497654318809509,0.6878194808959961,0.7021569013595581,0.7060840725898743,0.712867796421051
1224,-0.6589546799659729,25.492504119873047,4.504601955413818,36.68626149495443,0.6589546203613281,0.6525483131408691,0.03076389990746975,0.6103739142417908,0.6167064905166626,0.6239030361175537,0.6326111555099487,0.6525483131408691,0.6883872747421265,0.7021569013595581,0.7060840725898743,0.712867796421051
1248,-0.659718930721283,25.323162078857422,4.512733459472656,36.48410669962565,0.659718930721283,0.6539566516876221,0.030677245929837227,0.6103739142417908,0.6178032159805298,0.6239030361175537,0.6327686309814453,0.6539566516876221,0.6883872747421265,0.7034138441085815,0.7060840725898743,0.712867796421051
1272,-0.6614370346069336,25.148086547851562,4.508113384246826,36.278802235921226,0.6614369750022888,0.6567129492759705,0.030299408361315727,0.6109874248504639,0.6195745468139648,0.6258147954940796,0.6354044675827026,0.6567129492759705,0.6883872747421265,0.7038925886154175,0.7089520692825317,0.7133249044418335
1296,-0.6623353362083435,24.967918395996094,4.511056423187256,36.06489054361979,0.6623352766036987,0.6570686101913452,0.03051333874464035,0.6109874248504639,0.6207203269004822,0.62678062915802,0.6369460821151733,0.6570686101913452,0.6884475946426392,0.7046958208084106,0.7104461789131165,0.7133249044418335
1320,-0.6631945371627808,24.791732788085938,4.5096869468688965,35.858062744140625,0.663194477558136,0.6570686101913452,0.03097042255103588,0.6109874248504639,0.6207203269004822,0.6270633935928345,0.6370558738708496,0.6570686101913452,0.6916165947914124,0.7056710720062256,0.710951030254364,0.7143973708152771
1344,-0.6641972064971924,24.61237907409668,4.524036884307861,35.64128748575846,0.6641971468925476,0.6570686101913452,0.031107934191823006,0.6109874248504639,0.6207203269004822,0.6270633935928345,0.6405600309371948,0.6570686101913452,0.6947476863861084,0.7064910531044006,0.7128811478614807,0.7148395776748657
1368,-0.6651178002357483,24.437294006347656,4.533293724060059,35.42883555094401,0.6651178002357483,0.6570796370506287,0.03135966137051582,0.6145488619804382,0.6216855049133301,0.6270633935928345,0.6412831544876099,0.6570796370506287,0.6950247883796692,0.7102282643318176,0.7133574485778809,0.7156211137771606
1392,-0.6664464473724365,24.249401092529297,4.5360798835754395,35.20291264851888,0.6664464473724365,0.6574182510375977,0.031227754428982735,0.6208326816558838,0.6221428513526917,0.6317214965820312,0.6414463520050049,0.6574182510375977,0.6962094306945801,0.7108992338180542,0.7143948078155518,0.7197927236557007
1416,-0.667622447013855,24.07088279724121,4.5285964012146,34.98919932047526,0.6676223874092102,0.6574835181236267,0.03158091753721237,0.6208326816558838,0.6221428513526917,0.63203364610672,0.6422379016876221,0.6574835181236267,0.6980390548706055,0.7114889621734619,0.7150654196739197,0.7252988219261169
1440,-0.6684783697128296,23.891401290893555,4.524143218994141,34.774121602376304,0.6684783101081848,0.658640444278717,0.03133375942707062,0.6209840774536133,0.6221429109573364,0.6322000026702881,0.6425976157188416,0.658640444278717,0.6980390548706055,0.7114889621734619,0.7150654196739197,0.7252988219261169
1464,-0.6692875027656555,23.70589828491211,4.515120983123779,34.55303192138672,0.6692875027656555,0.658640444278717,0.031304143369197845,0.6216646432876587,0.6268385052680969,0.6338759064674377,0.6428024768829346,0.658640444278717,0.7003015279769897,0.7114889621734619,0.7150654196739197,0.7252988219261169
1488,-0.6702439785003662,23.527982711791992,4.525106430053711,34.33677673339844,0.670244038105011,0.6601096391677856,0.031250759959220886,0.6216646432876587,0.6301089525222778,0.6338804364204407,0.6441711187362671,0.6601096391677856,0.7019315958023071,0.7128983736038208,0.715494692325592,0.7252988219261169
1512,-0.6712327599525452,23.352954864501953,4.520418167114258,34.125406901041664,0.6712327599525452,0.6623589992523193,0.031223434954881668,0.6217215657234192,0.6306800842285156,0.6341022253036499,0.6446820497512817,0.6623589992523193,0.7019315958023071,0.713373064994812,0.7194263935089111,0.7252988219261169
1536,-0.6719440817832947,23.16952896118164,4.512883186340332,33.90363057454427,0.6719441413879395,0.6644126176834106,0.031708430498838425,0.6217215657234192,0.6306800842285156,0.6346702575683594,0.6447603702545166,0.6644126176834106,0.7022096514701843,0.7135055065155029,0.724490225315094,0.7278434038162231
1560,-0.6726622581481934,23.002086639404297,4.523658752441406,33.69742329915365,0.6726623773574829,0.6644126176834106,0.03142458200454712,0.6221562027931213,0.6314001083374023,0.6346702575683594,0.645212709903717,0.6644126176834106,0.7022096514701843,0.7135055065155029,0.7245271801948547,0.7283901572227478
1584,-0.6734755039215088,22.830543518066406,4.519308090209961,33.48927434285482,0.6734755039215088,0.6644126176834106,0.03187144175171852,0.6305087804794312,0.6320675611495972,0.6358941793441772,0.6454824805259705,0.6644126176834106,0.7027877569198608,0.7166898250579834,0.7253763675689697,0.7298349738121033
1608,-0.6738111972808838,22.661758422851562,4.514577388763428,33.28295771280924,0.6738110184669495,0.6645083427429199,0.031754270195961,0.6305087804794312,0.6320675611495972,0.6379201412200928,0.646101176738739,0.6645083427429199,0.7036755681037903,0.7169293761253357,0.7253763675689697,0.7298349738121033
1632,-0.6747984290122986,22.497173309326172,4.514146327972412,33.0798225402832,0.6747984290122986,0.6645083427429199,0.031713709235191345,0.6308046579360962,0.6323228478431702,0.640322744846344,0.6468114256858826,0.6645083427429199,0.7047790884971619,0.7191925048828125,0.7256543040275574,0.7298349738121033
1656,-0.6758808493614197,22.320716857910156,4.50370979309082,32.864219665527344,0.6758809089660645,0.6650634407997131,0.031451620161533356,0.6320793032646179,0.6328535079956055,0.6411182880401611,0.6480119228363037,0.6650634407997131,0.7047790884971619,0.7198793888092041,0.7278592586517334,0.7343253493309021
1680,-0.6773718595504761,22.154821395874023,4.498997688293457,32.658835093180336,0.6773717999458313,0.6681899428367615,0.03169064223766327,0.6323075890541077,0.63356614112854,0.6411182880401611,0.648391842842102,0.6681899428367615,0.7050873041152954,0.7217777967453003,0.7278592586517334,0.7343253493309021
1704,-0.6781384348869324,21.976837158203125,4.497666835784912,32.43834559122721,0.6781383752822876,0.6698489785194397,0.03161553293466568,0.6323075890541077,0.6377882361412048,0.6412723660469055,0.6503649950027466,0.6698489785194397,0.7072169780731201,0.7220131158828735,0.7284231781959534,0.7343253493309021
1728,-0.6791224479675293,21.803516387939453,4.4893293380737305,32.22206115722656,0.6791224479675293,0.671055793762207,0.03167492523789406,0.6323075890541077,0.6377882361412048,0.6424931883811951,0.6506021022796631,0.671055793762207,0.7102251052856445,0.7245650291442871,0.7284231781959534,0.7343253493309021
1752,-0.6796964406967163,21.62982940673828,4.4879865646362305,32.005777994791664,0.679696261882782,0.6727651357650757,0.03142012655735016,0.6323075890541077,0.6377882361412048,0.6424931883811951,0.6523105502128601,0.6727651357650757,0.7102251052856445,0.7245650291442871,0.7284231781959534,0.7343253493309021
1776,-0.680414080619812,21.454666137695312,4.475610256195068,31.790789286295574,0.6804141998291016,0.6727651357650757,0.0317729189991951,0.6323075890541077,0.6377882361412048,0.6425763368606567,0.6523105502128601,0.6727651357650757,0.7119131088256836,0.7245942950248718,0.729583203792572,0.7348273396492004
1800,-0.6809571981430054,21.28176498413086,4.45784330368042,31.577784220377605,0.6809570789337158,0.6727651357650757,0.0316782109439373,0.6323230266571045,0.6377882361412048,0.6425763368606567,0.6529221534729004,0.6727651357650757,0.7119131088256836,0.7257689833641052,0.7299519777297974,0.7348273396492004
1824,-0.6814033389091492,21.10354995727539,4.452153205871582,31.354577382405598,0.6814032793045044,0.6746701598167419,0.031467534601688385,0.6323230266571045,0.6377882361412048,0.6459527015686035,0.6542611122131348,0.6746701598167419,0.7119131088256836,0.7257689833641052,0.7299519777297974,0.7348273396492004
1848,-0.6819575428962708,20.932373046875,4.45109748840332,31.140074412027996,0.6819576025009155,0.6746701598167419,0.03152027726173401,0.6328557133674622,0.6379857659339905,0.6459527015686035,0.6547329425811768,0.6746701598167419,0.7119131088256836,0.7257689833641052,0.7299519777297974,0.7348273396492004
1872,-0.6825448274612427,20.758329391479492,4.446998119354248,30.923378626505535,0.6825449466705322,0.6746701598167419,0.031346358358860016,0.637471079826355,0.6398090720176697,0.6462354063987732,0.6547329425811768,0.6746701598167419,0.7140145897865295,0.7257689833641052,0.7339338660240173,0.7350726127624512
1896,-0.6833987236022949,20.57388687133789,4.424527168273926,30.69808578491211,0.6833987236022949,0.6763726472854614,0.03133819252252579,0.637471079826355,0.6398090720176697,0.6465414762496948,0.6562755703926086,0.6763726472854614,0.7154414653778076,0.7266778349876404,0.7339338660240173,0.7350726127624512
1920,-0.6842896342277527,20.397024154663086,4.419296741485596,30.47604242960612,0.6842896938323975,0.6763726472854614,0.03126015141606331,0.637471079826355,0.6427137851715088,0.6478667855262756,0.658389687538147,0.6763726472854614,0.7159413695335388,0.7267295718193054,0.733957052230835,0.7372333407402039
1944,-0.685137152671814,20.226842880249023,4.40534782409668,30.266068776448567,0.685137152671814,0.6763726472854614,0.03127818927168846,0.6375479102134705,0.6443904638290405,0.6479792594909668,0.658389687538147,0.6763726472854614,0.7176774740219116,0.7283515334129333,0.733957052230835,0.7372333407402039
1968,-0.6859174370765686,20.048629760742188,4.385354042053223,30.045624415079754,0.6859174966812134,0.6786310076713562,0.03162703290581703,0.6375479102134705,0.6443904638290405,0.6486794948577881,0.6588064432144165,0.6786310076713562,0.718837320804596,0.7283515334129333,0.7372195720672607,0.7397859692573547
1992,-0.6868714094161987,19.880151748657227,4.37288761138916,29.83456548055013,0.6868714094161987,0.6786310076713562,0.03094913624227047,0.6417249441146851,0.6464230418205261,0.650660514831543,0.6617203950881958,0.6786310076713562,0.718837320804596,0.7283515334129333,0.7372195720672607,0.7397859692573547
2016,-0.687314510345459,19.723068237304688,4.371100902557373,29.63089116414388,0.687314510345459,0.6797243356704712,0.030731195583939552,0.6417249441146851,0.64793860912323,0.6517907977104187,0.6617203950881958,0.6797243356704712,0.718837320804596,0.7284895777702332,0.7372195720672607,0.7397859692573547
2040,-0.6878469586372375,19.559898376464844,4.358617782592773,29.426090876261394,0.6878471374511719,0.6797243356704712,0.03064056858420372,0.6417249441146851,0.6485458612442017,0.6523472666740417,0.6622766256332397,0.6797243356704712,0.7191831469535828,0.7289755940437317,0.7372195720672607,0.7397859692573547
2064,-0.688614010810852,19.38890266418457,4.344141960144043,29.212156295776367,0.6886141896247864,0.6797243356704712,0.030783915892243385,0.6460733413696289,0.6485684514045715,0.6544126868247986,0.6622766256332397,0.6797243356704712,0.7195188999176025,0.7326117157936096,0.7372195720672607,0.7397859692573547
2088,-0.6892003417015076,19.22676658630371,4.326257705688477,29.006791432698567,0.6892005205154419,0.6837616562843323,0.030522333458065987,0.6460733413696289,0.6488813757896423,0.654669463634491,0.6629433631896973,0.6837616562843323,0.719835102558136,0.7326117157936096,0.7372195720672607,0.7397859692573547
2112,-0.6897522807121277,19.06124496459961,4.311916351318359,28.79612922668457,0.6897522807121277,0.6837616562843323,0.030295738950371742,0.6460733413696289,0.6500319242477417,0.6567403674125671,0.6631234884262085,0.6837616562843323,0.719835102558136,0.7326117157936096,0.7372195720672607,0.7397859692573547
2136,-0.6901886463165283,18.897563934326172,4.300498962402344,28.589011510213215,0.6901886463165283,0.683996856212616,0.030608098953962326,0.6460733413696289,0.6500319242477417,0.6567403674125671,0.6631813645362854,0.683996856212616,0.719835102558136,0.7336393594741821,0.7378823161125183,0.7397859692573547
2160,-0.69101881980896,18.730419158935547,4.283560276031494,28.376036326090496,0.6910187602043152,0.6850718259811401,0.03048582747578621,0.6492915153503418,0.6518701314926147,0.6575950980186462,0.6631813645362854,0.6850718259811401,0.7203293442726135,0.7339502573013306,0.738493800163269,0.7422419786453247
2184,-0.6914799213409424,18.55475425720215,4.260813236236572,28.155568440755207,0.6914798617362976,0.6855634450912476,0.030503563582897186,0.6492915153503418,0.6518701314926147,0.6575950980186462,0.664421021938324,0.6855634450912476,0.7223063111305237,0.7341200709342957,0.738493800163269,0.7422419786453247
2208,-0.692312479019165,18.389423370361328,4.241010665893555,27.946866353352863,0.6923124194145203,0.6855634450912476,0.030774082988500595,0.6492915153503418,0.6518701314926147,0.6579523682594299,0.6653354167938232,0.6855634450912476,0.722911536693573,0.735019862651825,0.739640474319458,0.7431228756904602
2232,-0.6927015781402588,18.23314094543457,4.221647262573242,27.744295120239258,0.6927016377449036,0.6856051683425903,0.030952630564570427,0.6492915153503418,0.6518701314926147,0.6579523682594299,0.6653354167938232,0.6856051683425903,0.7236846685409546,0.735019862651825,0.739640474319458,0.7431228756904602
2256,-0.6928669810295105,18.077043533325195,4.204035758972168,27.542721430460613,0.6928669214248657,0.6856051683425903,0.03101450577378273,0.6492915153503418,0.6518701314926147,0.6579523682594299,0.6658982634544373,0.6856051683425903,0.7236846685409546,0.735019862651825,0.739640474319458,0.7446945905685425
2280,-0.693157970905304,17.920886993408203,4.183215141296387,27.3411382039388,0.6931579113006592,0.6856051683425903,0.03113667480647564,0.6492915153503418,0.6518701314926147,0.6579523682594299,0.6661298274993896,0.6856051683425903,0.724543571472168,0.735019862651825,0.7400357723236084,0.7448516488075256
2304,-0.6935853362083435,17.744781494140625,4.152596950531006,27.12010383605957,0.6935853362083435,0.6863899827003479,0.031378790736198425,0.6492915153503418,0.6547203660011292,0.6579523682594299,0.6661298274993896,0.6863899827003479,0.724543571472168,0.735872745513916,0.7424224019050598,0.7487019300460815
2328,-0.693771481513977,17.588298797607422,4.141070365905762,26.914278030395508,0.6937715411186218,0.6863899827003479,0.03151433542370796,0.6492915153503418,0.6547695398330688,0.6580363512039185,0.6661298274993896,0.6863899827003479,0.7246696352958679,0.7391355037689209,0.7436323761940002,0.7487019300460815
2352,-0.6942373514175415,17.44209098815918,4.142294406890869,26.716455459594727,0.6942373514175415,0.6863899827003479,0.03161536157131195,0.6492915153503418,0.6547695398330688,0.6584728360176086,0.6664534211158752,0.6863899827003479,0.7246696352958679,0.7396035194396973,0.7436323761940002,0.7487019300460815
2376,-0.6948673129081726,17.268346786499023,4.130558967590332,26.489134470621746,0.6948672533035278,0.6874876022338867,0.03178556635975838,0.6500756144523621,0.6547811031341553,0.6589483618736267,0.6664534211158752,0.6874876022338867,0.7248064279556274,0.7396035194396973,0.7447136640548706,0.7489157915115356
2400,-0.6953917741775513,17.110610961914062,4.109292030334473,26.285601298014324,0.6953917741775513,0.6874876022338867,0.031469859182834625,0.6500756144523621,0.65603107213974,0.6598068475723267,0.6681753396987915,0.6874876022338867,0.7255217432975769,0.7396035194396973,0.7447136640548706,0.7489157915115356
2424,-0.6959353685379028,16.956615447998047,4.098518371582031,26.081090927124023,0.6959353089332581,0.6874876022338867,0.03152981027960777,0.6500756144523621,0.658426821231842,0.6618729829788208,0.6681753396987915,0.6874876022338867,0.7280540466308594,0.7396255135536194,0.7447136640548706,0.7489157915115356
2448,-0.6961996555328369,16.807689666748047,4.085849761962891,25.885518391927082,0.6961995959281921,0.6874876022338867,0.03159208595752716,0.6500756144523621,0.658426821231842,0.6618729829788208,0.6685149073600769,0.6874876022338867,0.7280540466308594,0.7400310635566711,0.7461164593696594,0.7489157915115356
2472,-0.6967865824699402,16.648487091064453,4.067763328552246,25.674340565999348,0.6967865228652954,0.6894218921661377,0.031646598130464554,0.6500756144523621,0.6589925289154053,0.6620789766311646,0.6688754558563232,0.6894218921661377,0.7283371090888977,0.7417107224464417,0.7461164593696594,0.7489157915115356
2496,-0.6971842646598816,16.494861602783203,4.0500688552856445,25.473363876342773,0.6971843242645264,0.6894218921661377,0.03153384104371071,0.6516067385673523,0.659079909324646,0.662582278251648,0.6689228415489197,0.6894218921661377,0.7285010814666748,0.7418792247772217,0.7467114329338074,0.7493473887443542
2520,-0.697348415851593,16.343563079833984,4.0328049659729,25.271621704101562,0.697348415851593,0.6894218921661377,0.03151776269078255,0.6516067385673523,0.6596110463142395,0.662584662437439,0.6689228415489197,0.6894218921661377,0.7285010814666748,0.7418792247772217,0.7467114329338074,0.7493473887443542
2544,-0.6974847316741943,16.183460235595703,4.018745422363281,25.059071858723957,0.6974847316741943,0.6894218921661377,0.03156192600727081,0.6516067385673523,0.6605551838874817,0.662584662437439,0.6689228415489197,0.6894218921661377,0.7290946841239929,0.7418792247772217,0.7467114329338074,0.7493473887443542
2568,-0.6977300047874451,16.021324157714844,4.001116752624512,24.847327550252277,0.6977300047874451,0.6894218921661377,0.031625911593437195,0.6551697254180908,0.6605551838874817,0.662584662437439,0.6689228415489197,0.6894218921661377,0.7307212948799133,0.7418792247772217,0.7467114329338074,0.7493473887443542
2592,-0.6984010338783264,15.863195419311523,3.9873547554016113,24.634232838948567,0.6984010338783264,0.6894218921661377,0.03172282129526138,0.6581045985221863,0.6619821786880493,0.6631422638893127,0.6689228415489197,0.6894218921661377,0.7313315272331238,0.7438758015632629,0.7468828558921814,0.7493473887443542
2616,-0.6986961960792542,15.715261459350586,3.969183921813965,24.433308919270832,0.6986961960792542,0.6894218921661377,0.03165467828512192,0.6581045985221863,0.6619821786880493,0.6631422638893127,0.670452892780304,0.6894218921661377,0.7313315272331238,0.7438758015632629,0.7468828558921814,0.7493473887443542
2640,-0.6992018222808838,15.562477111816406,3.9604849815368652,24.223583221435547,0.6992018222808838,0.6894218921661377,0.03168034926056862,0.6590660810470581,0.6622024178504944,0.6637545228004456,0.670452892780304,0.6894218921661377,0.7322975397109985,0.7438758015632629,0.7486583590507507,0.7513084411621094
2664,-0.6994779109954834,15.4175443649292,3.944875478744507,24.028146107991535,0.6994778513908386,0.6894218921661377,0.03161437809467316,0.6590660810470581,0.6625339984893799,0.6645716428756714,0.6706997156143188,0.6894218921661377,0.7324507832527161,0.7438758015632629,0.7486583590507507,0.7513084411621094
2688,-0.6998527646064758,15.274978637695312,3.9270482063293457,23.835338592529297,0.6998527646064758,0.6894218921661377,0.0316876545548439,0.6590660810470581,0.6625339984893799,0.6647799015045166,0.6711212396621704,0.6894218921661377,0.733361542224884,0.7438758015632629,0.7488260865211487,0.7513084411621094
2712,-0.7004206776618958,15.105339050292969,3.8912367820739746,23.614314397176106,0.7004207372665405,0.6894218921661377,0.03176276758313179,0.6597654223442078,0.6625339984893799,0.6657513380050659,0.6711212396621704,0.6894218921661377,0.736525297164917,0.7438758015632629,0.748832643032074,0.7513084411621094
2736,-0.7006760835647583,14.955378532409668,3.874382495880127,23.410327911376953,0.7006760239601135,0.6896793842315674,0.03200110048055649,0.6598687171936035,0.6625339984893799,0.6657513380050659,0.6712786555290222,0.6896793842315674,0.7367273569107056,0.7438849210739136,0.7488645315170288,0.7575699090957642
2760,-0.7011212110519409,14.815156936645508,3.8609397411346436,23.22047487894694,0.7011211514472961,0.6896793842315674,0.03229774534702301,0.6598687171936035,0.6641011238098145,0.6657513380050659,0.6717220544815063,0.6896793842315674,0.7367273569107056,0.7466537356376648,0.7489363551139832,0.7575699090957642
2784,-0.7016445994377136,14.666067123413086,3.845825672149658,23.018614451090496,0.7016445994377136,0.6896793842315674,0.032402437180280685,0.66251540184021,0.6646101474761963,0.6663336157798767,0.6718075275421143,0.6896793842315674,0.7381576299667358,0.7471579313278198,0.7496627569198608,0.7575699090957642
2808,-0.7019515633583069,14.523597717285156,3.8217601776123047,22.826974868774414,0.7019515037536621,0.6896955966949463,0.03255223482847214,0.66251540184021,0.6646101474761963,0.6663402915000916,0.6718734502792358,0.6896955966949463,0.7388103008270264,0.7471579313278198,0.7511292695999146,0.7575699090957642
2832,-0.7022891640663147,14.371825218200684,3.7999954223632812,22.624210993448894,0.7022892236709595,0.6918689012527466,0.032484836876392365,0.66251540184021,0.6646101474761963,0.6663402915000916,0.6719049215316772,0.6918689012527466,0.7388103008270264,0.7480130195617676,0.7511292695999146,0.7575699090957642
2856,-0.7026432752609253,14.243829727172852,3.781151294708252,22.446088790893555,0.7026432156562805,0.6918689012527466,0.03237559646368027,0.66251540184021,0.6646276116371155,0.6668680310249329,0.6722725033760071,0.6918689012527466,0.7388103008270264,0.7480130195617676,0.7511292695999146,0.7575699090957642
2880,-0.7028892636299133,14.105655670166016,3.763681411743164,22.252883911132812,0.7028892636299133,0.6918689012527466,0.032415322959423065,0.66251540184021,0.6647799611091614,0.6670683026313782,0.6722725033760071,0.6918689012527466,0.7388103008270264,0.7481817603111267,0.751171350479126,0.7575699090957642
2904,-0.7032098174095154,13.963521957397461,3.732490062713623,22.064645131429035,0.7032097578048706,0.6929360032081604,0.03243132308125496,0.66251540184021,0.6647799611091614,0.6672223210334778,0.6728113889694214,0.6929360032081604,0.7388103008270264,0.7481817603111267,0.7511935830116272,0.7577252984046936
2928,-0.7035585045814514,13.816889762878418,3.699488401412964,21.873764038085938,0.7035584449768066,0.694122314453125,0.03243109956383705,0.66251540184021,0.6647799611091614,0.6679074764251709,0.6739043593406677,0.694122314453125,0.7388352751731873,0.7481817603111267,0.7530679106712341,0.7577252984046936
2952,-0.7040547132492065,13.683916091918945,3.676379680633545,21.690263748168945,0.7040546536445618,0.694122314453125,0.03240092471241951,0.66251540184021,0.6647799611091614,0.6684944033622742,0.6749234199523926,0.694122314453125,0.7388352751731873,0.7481817603111267,0.7532631158828735,0.7577252984046936
2976,-0.7042580246925354,13.542160034179688,3.653672218322754,21.49661699930827,0.7042580246925354,0.694122314453125,0.03229434788227081,0.66251540184021,0.6647799611091614,0.6684944033622742,0.6754924058914185,0.694122314453125,0.7388352751731873,0.7487278580665588,0.7532631158828735,0.7577252984046936
3000,-0.7046708464622498,13.405157089233398,3.6341569423675537,21.30709966023763,0.704670786857605,0.6965709924697876,0.03198183700442314,0.6634137630462646,0.6663194298744202,0.6684944033622742,0.6762951612472534,0.6965709924697876,0.7388352751731873,0.7487278580665588,0.7532631158828735,0.7577341794967651
3024,-0.7050267457962036,13.275312423706055,3.6218409538269043,21.122655868530273,0.7050268054008484,0.6965709924697876,0.03194795548915863,0.6636812090873718,0.6663194298744202,0.6702695488929749,0.6765080094337463,0.6965709924697876,0.7390746474266052,0.7487278580665588,0.7532631158828735,0.7577341794967651
3048,-0.7051354050636292,13.153249740600586,3.6127078533172607,20.945873260498047,0.7051355242729187,0.6965709924697876,0.032048266381025314,0.6636812090873718,0.6663194298744202,0.6702695488929749,0.6766149401664734,0.6965709924697876,0.7390746474266052,0.7488836646080017,0.7546833157539368,0.7577341794967651
3072,-0.7053022384643555,13.023174285888672,3.597224712371826,20.76276461283366,0.7053022980690002,0.6965709924697876,0.03190964087843895,0.6647800207138062,0.6668870449066162,0.6702695488929749,0.6771411895751953,0.6965709924697876,0.7390746474266052,0.7488836646080017,0.7546833157539368,0.7577341794967651
3096,-0.7055914402008057,12.88395881652832,3.5775249004364014,20.570759455362957,0.7055913805961609,0.6965709924697876,0.03180401399731636,0.6647800207138062,0.6671881675720215,0.6716518402099609,0.677467942237854,0.6965709924697876,0.7390746474266052,0.7488836646080017,0.7546833157539368,0.7577639818191528
3120,-0.7056577801704407,12.75439739227295,3.5555102825164795,20.38981056213379,0.7056577205657959,0.6965709924697876,0.031812604516744614,0.6647800207138062,0.6671881675720215,0.6716518402099609,0.677467942237854,0.6965709924697876,0.7390746474266052,0.7488836646080017,0.7546833157539368,0.7577798366546631
3144,-0.7058967351913452,12.620294570922852,3.5234909057617188,20.2054869333903,0.7058966755867004,0.6965709924697876,0.03181005269289017,0.6647800207138062,0.6671881675720215,0.6716518402099609,0.6774706840515137,0.6965709924697876,0.7390746474266052,0.749433696269989,0.7573823928833008,0.7586848735809326
3168,-0.7059594392776489,12.494211196899414,3.507983684539795,20.021895090738933,0.7059593796730042,0.6965709924697876,0.03182242810726166,0.6647800207138062,0.6671881675720215,0.6716518402099609,0.6778463125228882,0.6965709924697876,0.7390746474266052,0.749433696269989,0.7573823928833008,0.7586848735809326
3192,-0.7061434984207153,12.372196197509766,3.49190616607666,19.850661595662434,0.7061434388160706,0.6965709924697876,0.03170185536146164,0.6652969121932983,0.6683165431022644,0.6719132661819458,0.6778463125228882,0.6965709924697876,0.7390746474266052,0.749433696269989,0.7573823928833008,0.7586848735809326
3216,-0.7062335014343262,12.245613098144531,3.464306354522705,19.678150177001953,0.7062334418296814,0.6965709924697876,0.03165394067764282,0.6652969121932983,0.6683165431022644,0.6720336675643921,0.6778463125228882,0.6965709924697876,0.7390746474266052,0.749433696269989,0.7573823928833008,0.7586848735809326
3240,-0.7063787579536438,12.12466812133789,3.4460723400115967,19.504653294881184,0.706378698348999,0.6965709924697876,0.03156711906194687,0.6652969121932983,0.6695260405540466,0.6721289157867432,0.6779587864875793,0.6965709924697876,0.7390746474266052,0.749433696269989,0.7575713992118835,0.7591214179992676
3264,-0.7065010070800781,12.005794525146484,3.4316554069519043,19.33434232076009,0.7065009474754333,0.6965709924697876,0.03164178133010864,0.6663785576820374,0.6695260405540466,0.6721289157867432,0.6782498359680176,0.6965709924697876,0.739396333694458,0.7496339082717896,0.7575713992118835,0.7591214179992676
3288,-0.7067715525627136,11.88677978515625,3.4143428802490234,19.162981669108074,0.7067714929580688,0.6965709924697876,0.031594328582286835,0.6665005087852478,0.6702969074249268,0.6721989512443542,0.678430438041687,0.6965709924697876,0.7403388023376465,0.7496339082717896,0.7575713992118835,0.7591214179992676
3312,-0.7069587707519531,11.766639709472656,3.3965725898742676,18.98775800069173,0.7069587111473083,0.6965709924697876,0.03173660486936569,0.6665005087852478,0.6711717844009399,0.6724536418914795,0.678430438041687,0.6965709924697876,0.7406635284423828,0.7498509883880615,0.7580119371414185,0.7591260671615601
3336,-0.707122266292572,11.641530990600586,3.3790664672851562,18.809878667195637,0.707122266292572,0.6965709924697876,0.03178539127111435,0.6665005087852478,0.6711717844009399,0.672643780708313,0.678430438041687,0.6965709924697876,0.7412071824073792,0.7498509883880615,0.7580119371414185,0.7591260671615601
3360,-0.7071793079376221,11.510133743286133,3.3553638458251953,18.62138493855794,0.7071793079376221,0.6965709924697876,0.031749214977025986,0.6672155261039734,0.6711717844009399,0.6726512312889099,0.678430438041687,0.6965709924697876,0.7412546277046204,0.7498509883880615,0.7580119371414185,0.7591260671615601
3384,-0.7074732184410095,11.38843059539795,3.3274025917053223,18.45140202840169,0.7074732184410095,0.6965709924697876,0.031682390719652176,0.6672194004058838,0.6711717844009399,0.6729058027267456,0.6785418391227722,0.6965709924697876,0.74210524559021,0.749934732913971,0.7580119371414185,0.760102391242981
3408,-0.7076283693313599,11.278953552246094,3.3116042613983154,18.287926355997723,0.7076284289360046,0.6965709924697876,0.03160357475280762,0.6672194004058838,0.6711717844009399,0.6734298467636108,0.6792513728141785,0.6965709924697876,0.74210524559021,0.749934732913971,0.7580119371414185,0.760102391242981
3432,-0.7076836824417114,11.157331466674805,3.293555974960327,18.115795771280926,0.7076836228370667,0.6970861554145813,0.03156957030296326,0.6672702431678772,0.6711717844009399,0.6734298467636108,0.6792513728141785,0.6970861554145813,0.74210524559021,0.749934732913971,0.7580119371414185,0.760102391242981
3456,-0.7077996730804443,11.037100791931152,3.265963554382324,17.94491449991862,0.7077997326850891,0.6970861554145813,0.031619053333997726,0.6672702431678772,0.6711717844009399,0.6734298467636108,0.6794825792312622,0.6970861554145813,0.74210524559021,0.7501825094223022,0.7580119371414185,0.760102391242981
3480,-0.7079048156738281,10.919085502624512,3.254199743270874,17.76559003194173,0.7079048752784729,0.6983422040939331,0.03168454393744469,0.6672702431678772,0.6711717844009399,0.6734298467636108,0.6794825792312622,0.6983422040939331,0.74210524559021,0.7501825094223022,0.7580119371414185,0.760102391242981
3504,-0.7080143094062805,10.815336227416992,3.238428831100464,17.6131649017334,0.7080143094062805,0.6983422040939331,0.031658951193094254,0.6672702431678772,0.6711717844009399,0.6734298467636108,0.6794825792312622,0.6983422040939331,0.74210524559021,0.7501825094223022,0.7580119371414185,0.760102391242981
3528,-0.7080233097076416,10.707473754882812,3.2203917503356934,17.45266278584798,0.7080233693122864,0.6983422040939331,0.03166097775101662,0.6672702431678772,0.6711717844009399,0.6734298467636108,0.6794825792312622,0.6983422040939331,0.74210524559021,0.7501825094223022,0.7580119371414185,0.760102391242981
3552,-0.7081773281097412,10.595049858093262,3.2095954418182373,17.288840611775715,0.7081773281097412,0.6983422040939331,0.031688492745161057,0.6692001223564148,0.671245276927948,0.6736962795257568,0.6794825792312622,0.6983422040939331,0.7427321672439575,0.7501825094223022,0.758379340171814,0.760102391242981
3576,-0.7082087397575378,10.492616653442383,3.199984073638916,17.131345748901367,0.7082088589668274,0.6983422040939331,0.0316728800535202,0.6692001223564148,0.671245276927948,0.6736962795257568,0.6794825792312622,0.6983422040939331,0.7427321672439575,0.7501825094223022,0.7584542632102966,0.760102391242981
3600,-0.7082893252372742,10.382013320922852,3.185873031616211,16.96221351623535,0.7082893252372742,0.6983422040939331,0.03161769360303879,0.6692340970039368,0.671245276927948,0.6736962795257568,0.6794885396957397,0.6983422040939331,0.7427321672439575,0.7501825094223022,0.7588405013084412,0.760102391242981
3624,-0.708373486995697,10.273014068603516,3.1660313606262207,16.804253260294598,0.708373486995697,0.6983422040939331,0.031644027680158615,0.6702950596809387,0.671245276927948,0.6736962795257568,0.6795343160629272,0.6983422040939331,0.7427321672439575,0.7511350512504578,0.7588405013084412,0.7605388164520264
3648,-0.7085658311843872,10.151009559631348,3.140439033508301,16.628390630086262,0.708565890789032,0.6983422040939331,0.031696729362010956,0.6702950596809387,0.6721620559692383,0.6739851236343384,0.6800612807273865,0.6983422040939331,0.7427321672439575,0.7517615556716919,0.759148895740509,0.7605388164520264
3672,-0.7087586522102356,10.040005683898926,3.1240766048431396,16.461001714070637,0.7087587118148804,0.6983422040939331,0.03156221657991409,0.6712285280227661,0.6725778579711914,0.6742100715637207,0.6800994277000427,0.6983422040939331,0.7427321672439575,0.7517615556716919,0.759148895740509,0.7608800530433655
3696,-0.7088062167167664,9.936569213867188,3.1107540130615234,16.302552541097004,0.7088062763214111,0.6984107494354248,0.03157397732138634,0.6712296009063721,0.6725778579711914,0.6742100715637207,0.6800994277000427,0.6984107494354248,0.7427648305892944,0.7517615556716919,0.759148895740509,0.7608800530433655
3720,-0.7088486552238464,9.821138381958008,3.0952842235565186,16.127909978230793,0.7088486552238464,0.6984107494354248,0.03161041438579559,0.6712296009063721,0.6726670861244202,0.6742100715637207,0.6800994277000427,0.6984107494354248,0.7427648305892944,0.7517615556716919,0.759148895740509,0.7608800530433655
3744,-0.7089797854423523,9.710257530212402,3.074728012084961,15.964908281962076,0.7089798450469971,0.6984107494354248,0.03158923238515854,0.671330988407135,0.6726670861244202,0.6743702292442322,0.6800994277000427,0.6984107494354248,0.7430177927017212,0.7517615556716919,0.759148895740509,0.7608800530433655
3768,-0.7090304493904114,9.60364055633545,3.0590388774871826,15.800546964009603,0.7090303897857666,0.6984107494354248,0.03161628171801567,0.671330988407135,0.6731974482536316,0.6743702292442322,0.6800994277000427,0.6984107494354248,0.7430177927017212,0.7517615556716919,0.7595100402832031,0.7608800530433655
3792,-0.7091343402862549,9.500539779663086,3.037776470184326,15.648864110310873,0.7091342806816101,0.6992989778518677,0.03167557343840599,0.671330988407135,0.6731974482536316,0.6743702292442322,0.6800994277000427,0.6992989778518677,0.7430177927017212,0.7520236372947693,0.7595100402832031,0.7613165378570557
3816,-0.7093046307563782,9.399093627929688,3.014216423034668,15.496551195780436,0.7093046307563782,0.6995378136634827,0.03169868141412735,0.671330988407135,0.6731974482536316,0.6748470067977905,0.6801913976669312,0.6995378136634827,0.7434594631195068,0.7520236372947693,0.7605403661727905,0.7613165378570557
3840,-0.709339439868927,9.294965744018555,2.9969420433044434,15.339391072591146,0.7093393802642822,0.6995378136634827,0.03171352297067642,0.671330988407135,0.673211932182312,0.6748470067977905,0.6801913976669312,0.6995378136634827,0.7435483932495117,0.7520236372947693,0.7605403661727905,0.7613165378570557
3864,-0.7095013856887817,9.182838439941406,2.982631206512451,15.167503039042154,0.7095014452934265,0.6995528936386108,0.03169999644160271,0.671330988407135,0.673211932182312,0.6748470067977905,0.6801913976669312,0.6995528936386108,0.7443864345550537,0.7520236372947693,0.7613165378570557,0.7613165378570557
3888,-0.7095939517021179,9.081453323364258,2.96423602104187,15.011611938476562,0.7095938920974731,0.6995528936386108,0.03179929405450821,0.671330988407135,0.673211932182312,0.6748470067977905,0.6801913976669312,0.6995528936386108,0.745273232460022,0.7520236372947693,0.7613165378570557,0.7613165378570557
3912,-0.7096458077430725,8.97348690032959,2.946864604949951,14.843859672546387,0.7096458673477173,0.6995528936386108,0.031820863485336304,0.671330988407135,0.673211932182312,0.6748470067977905,0.6802793741226196,0.6995528936386108,0.745273232460022,0.7520397305488586,0.7613165378570557,0.7613165378570557
3936,-0.7097237706184387,8.873958587646484,2.924359083175659,14.692429860432943,0.7097238898277283,0.6995528936386108,0.03181586042046547,0.671330988407135,0.673211932182312,0.6748470067977905,0.6802793741226196,0.6995528936386108,0.745273232460022,0.7520397305488586,0.7613165378570557,0.7613165378570557
3960,-0.7098156809806824,8.778387069702148,2.906186580657959,14.544124285380045,0.7098156213760376,0.6995528936386108,0.031840454787015915,0.671330988407135,0.673211932182312,0.6748470067977905,0.680325984954834,0.6995528936386108,0.745273232460022,0.7520397305488586,0.7613165378570557,0.7613165378570557
3984,-0.7098785042762756,8.679472923278809,2.8883731365203857,14.39161237080892,0.7098785638809204,0.6995528936386108,0.03190287575125694,0.671330988407135,0.673211932182312,0.6748470067977905,0.680325984954834,0.6995528936386108,0.745273232460022,0.7520397305488586,0.7613165378570557,0.7613165378570557
4008,-0.7099822759628296,8.583309173583984,2.8681864738464355,14.24573548634847,0.7099822163581848,0.6996210217475891,0.03187274932861328,0.671330988407135,0.673211932182312,0.6748470067977905,0.6803537607192993,0.6996210217475891,0.745273232460022,0.7520397305488586,0.7613165378570557,0.7613165378570557
4032,-0.71000075340271,8.485427856445312,2.855315685272217,14.08616860707601,0.71000075340271,0.6996210217475891,0.03187579661607742,0.671330988407135,0.673211932182312,0.6748470067977905,0.6803537607192993,0.6996210217475891,0.745273232460022,0.7520397305488586,0.7613165378570557,0.7613165378570557
4056,-0.7100659012794495,8.396280288696289,2.841360569000244,13.944453557332357,0.7100659012794495,0.6998580694198608,0.03190178796648979,0.671330988407135,0.673211932182312,0.6748470067977905,0.6803537607192993,0.6998580694198608,0.745273232460022,0.7521745562553406,0.7613165378570557,0.7613165378570557
4080,-0.7101185321807861,8.307239532470703,2.827226161956787,13.797836939493815,0.7101185321807861,0.6998580694198608,0.03190011531114578,0.671330988407135,0.673211932182312,0.6748470067977905,0.6803537607192993,0.6998580694198608,0.745273232460022,0.7521745562553406,0.7613165378570557,0.7613165378570557
4104,-0.7101481556892395,8.214077949523926,2.8058996200561523,13.653279622395834,0.7101481556892395,0.6998580694198608,0.031884510070085526,0.671330988407135,0.6732230186462402,0.6748470067977905,0.6803537607192993,0.6998580694198608,0.745273232460022,0.7521745562553406,0.7613165378570557,0.7613165378570557
4128,-0.7101794481277466,8.12833023071289,2.789609432220459,13.512231508890787,0.7101794481277466,0.6998580694198608,0.03191770985722542,0.671330988407135,0.6732230186462402,0.6748470067977905,0.6803537607192993,0.6998580694198608,0.745273232460022,0.7521745562553406,0.7613165378570557,0.7613165378570557
4152,-0.7102637887001038,8.041815757751465,2.7700347900390625,13.374159812927246,0.710263729095459,0.6998580694198608,0.0318702794611454,0.671330988407135,0.6732230186462402,0.6749392747879028,0.6803809404373169,0.6998580694198608,0.7453629374504089,0.7521745562553406,0.7613165378570557,0.7613165378570557
4176,-0.7103078961372375,7.965910911560059,2.764392614364624,13.241778055826822,0.7103078365325928,0.6998580694198608,0.0318484827876091,0.671330988407135,0.6732230186462402,0.6749392747879028,0.6807123422622681,0.6998580694198608,0.7453629374504089,0.7521745562553406,0.7613165378570557,0.7613165378570557
4200,-0.710389256477356,7.884922027587891,2.756082534790039,13.103980700174967,0.710389256477356,0.6998580694198608,0.03190186992287636,0.671330988407135,0.6732230186462402,0.6749392747879028,0.6807123422622681,0.6998580694198608,0.7461503744125366,0.7521745562553406,0.7613165378570557,0.7613165378570557
4224,-0.7104653716087341,7.800388336181641,2.7408289909362793,12.963695526123047,0.7104653716087341,0.7004879117012024,0.03183814883232117,0.6724704504013062,0.6734594702720642,0.6749392747879028,0.6812504529953003,0.7004879117012024,0.7461503744125366,0.7521745562553406,0.7613165378570557,0.7613165378570557
4248,-0.710494339466095,7.721066951751709,2.7311172485351562,12.828038215637207,0.7104943990707397,0.7004879117012024,0.03184998035430908,0.6724704504013062,0.6734594702720642,0.6749392747879028,0.6812504529953003,0.7004879117012024,0.7462467551231384,0.7521745562553406,0.7613165378570557,0.7613165378570557
4272,-0.7105041146278381,7.632371425628662,2.7071645259857178,12.687055269877115,0.7105041742324829,0.700555682182312,0.031847745180130005,0.6724704504013062,0.6734594702720642,0.6749392747879028,0.6812504529953003,0.700555682182312,0.7462467551231384,0.7521745562553406,0.7613165378570557,0.7613165378570557
4296,-0.7105085849761963,7.537138938903809,2.681084156036377,12.542916933695475,0.7105085849761963,0.700555682182312,0.03184264898300171,0.6724704504013062,0.6734704971313477,0.6749392747879028,0.6812504529953003,0.700555682182312,0.7462467551231384,0.7521745562553406,0.7613165378570557,0.7613165378570557
4320,-0.7105526328086853,7.454777717590332,2.6706619262695312,12.406977017720541,0.7105526924133301,0.700555682182312,0.031819067895412445,0.6724704504013062,0.6734704971313477,0.6751379370689392,0.6814268231391907,0.700555682182312,0.7462467551231384,0.7522116899490356,0.7613165378570557,0.7613165378570557
4344,-0.7105780839920044,7.367295742034912,2.6532223224639893,12.271411895751953,0.7105780243873596,0.700555682182312,0.031825315207242966,0.6724704504013062,0.6734704971313477,0.6751379370689392,0.6814268231391907,0.700555682182312,0.7463898658752441,0.7522116899490356,0.7613165378570557,0.7613165378570557
4368,-0.7106185555458069,7.291289806365967,2.642664909362793,12.14474360148112,0.7106186151504517,0.700555682182312,0.03186430409550667,0.6724774241447449,0.6734704971313477,0.6751379370689392,0.6814268231391907,0.700555682182312,0.7464474439620972,0.7524983882904053,0.7613165378570557,0.7613165378570557
4392,-0.7107502818107605,7.20474910736084,2.6252095699310303,12.001121520996094,0.7107502818107605,0.700555682182312,0.031826507300138474,0.672479510307312,0.6734704971313477,0.6767753958702087,0.6814378499984741,0.700555682182312,0.7466162443161011,0.7524983882904053,0.7613165378570557,0.7613165378570557
4416,-0.7107700705528259,7.121051788330078,2.615260124206543,11.857704162597656,0.7107701301574707,0.700555682182312,0.03181559219956398,0.672479510307312,0.6734704971313477,0.6767753958702087,0.6814378499984741,0.700555682182312,0.7466162443161011,0.7524983882904053,0.7613165378570557,0.7613165378570557
4440,-0.7108042240142822,7.046243190765381,2.6107840538024902,11.720113436381022,0.7108041644096375,0.7007550001144409,0.031836170703172684,0.672479510307312,0.6734704971313477,0.6767753958702087,0.6814378499984741,0.7007550001144409,0.7468454837799072,0.7524983882904053,0.7613165378570557,0.7613165378570557
4464,-0.7108497619628906,6.967235565185547,2.5985302925109863,11.589472452799479,0.7108497619628906,0.7007550001144409,0.031815625727176666,0.672479510307312,0.6734704971313477,0.6767753958702087,0.6814378499984741,0.7007550001144409,0.7468454837799072,0.7524983882904053,0.7613165378570557,0.7613165378570557
4488,-0.7109197974205017,6.881548881530762,2.576537847518921,11.45178190867106,0.7109197378158569,0.7007550001144409,0.03183365240693092,0.672479510307312,0.6734704971313477,0.6767753958702087,0.6814378499984741,0.7007550001144409,0.7468454837799072,0.7527057528495789,0.7613165378570557,0.7613165378570557
4512,-0.7109321355819702,6.801084041595459,2.553865432739258,11.326273600260416,0.7109321355819702,0.7007550001144409,0.03185301274061203,0.672479510307312,0.6734704971313477,0.6767753958702087,0.6814378499984741,0.7007550001144409,0.7468454837799072,0.7527057528495789,0.7613165378570557,0.7613165378570557
4536,-0.7109487652778625,6.716701507568359,2.5347790718078613,11.190155347188314,0.7109487652778625,0.7007550001144409,0.03187121823430061,0.672479510307312,0.6734704971313477,0.6767753958702087,0.6814378499984741,0.7007550001144409,0.7468454837799072,0.7527057528495789,0.7613165378570557,0.7613165378570557
4560,-0.7109850645065308,6.63899564743042,2.5202183723449707,11.058789571126303,0.7109851241111755,0.7007550001144409,0.031865157186985016,0.6727117896080017,0.6734704971313477,0.6767753958702087,0.6814378499984741,0.7007550001144409,0.7468454837799072,0.7527057528495789,0.7613165378570557,0.7613165378570557
4584,-0.7110515236854553,6.56390380859375,2.5078847408294678,10.929471015930176,0.7110515832901001,0.7007550001144409,0.03180842101573944,0.6727117896080017,0.6734704971313477,0.6767753958702087,0.6814378499984741,0.7007550001144409,0.7468454837799072,0.7527057528495789,0.7613165378570557,0.7613165378570557
4608,-0.7110617160797119,6.487170219421387,2.497098684310913,10.796581904093424,0.7110616564750671,0.7007550001144409,0.031801674515008926,0.6727117896080017,0.6734704971313477,0.6767753958702087,0.6814378499984741,0.7007550001144409,0.7468454837799072,0.7527057528495789,0.7613165378570557,0.7613165378570557
4632,-0.7110710144042969,6.411427974700928,2.4778459072113037,10.671766916910807,0.7110709547996521,0.7007550001144409,0.031796131283044815,0.6727117896080017,0.6734704971313477,0.6767753958702087,0.6814378499984741,0.7007550001144409,0.7468454837799072,0.7527057528495789,0.7613165378570557,0.7613165378570557
4656,-0.7110849022865295,6.340437889099121,2.4611334800720215,10.548462549845377,0.7110849022865295,0.7007550001144409,0.03180188313126564,0.6727117896080017,0.6734704971313477,0.6767753958702087,0.6814378499984741,0.7007550001144409,0.7468454837799072,0.7527057528495789,0.7613165378570557,0.7613165378570557
4680,-0.7111380100250244,6.265775203704834,2.4544289112091064,10.4159148534139,0.7111380100250244,0.7007550001144409,0.03179125860333443,0.6727117896080017,0.6734704971313477,0.6767753958702087,0.6817030906677246,0.7007550001144409,0.7468454837799072,0.7528504133224487,0.7613165378570557,0.7613165378570557
4704,-0.7111380100250244,6.1934051513671875,2.435678005218506,10.297810236612955,0.7111380100250244,0.7007550001144409,0.03179125860333443,0.6727117896080017,0.6734704971313477,0.6767753958702087,0.6817030906677246,0.7007550001144409,0.7468454837799072,0.7528504133224487,0.7613165378570557,0.7613165378570557
4728,-0.7111509442329407,6.123980522155762,2.4216690063476562,10.178664843241373,0.7111508846282959,0.7007550001144409,0.03177846595644951,0.6727117896080017,0.6734704971313477,0.6767753958702087,0.6817030906677246,0.7007550001144409,0.7468454837799072,0.7528504133224487,0.7613165378570557,0.7613165378570557
4752,-0.7111634612083435,6.053404808044434,2.406482219696045,10.061543146769205,0.7111635804176331,0.7007550001144409,0.03176656737923622,0.6727117896080017,0.6734704971313477,0.6767753958702087,0.6819283366203308,0.7007550001144409,0.7468454837799072,0.7528504133224487,0.7613165378570557,0.7613165378570557
4776,-0.7111889719963074,5.9842848777771,2.39276123046875,9.94485346476237,0.7111889123916626,0.7007550001144409,0.03174351155757904,0.6727158427238464,0.6734704971313477,0.6767753958702087,0.6819283366203308,0.7007550001144409,0.7468454837799072,0.7528504133224487,0.7613165378570557,0.7613165378570557
4800,-0.7111971974372864,5.911690711975098,2.3808679580688477,9.822683970133463,0.7111971974372864,0.7007550001144409,0.03173806145787239,0.6727158427238464,0.6734704971313477,0.6767753958702087,0.6819283366203308,0.7007550001144409,0.7468454837799072,0.7528504133224487,0.7613165378570557,0.7613165378570557
4824,-0.711216390132904,5.849637508392334,2.3736307621002197,9.707476933797201,0.7112163305282593,0.7007550001144409,0.03173217549920082,0.6727162003517151,0.6734704971313477,0.6767753958702087,0.6819283366203308,0.7007550001144409,0.7468454837799072,0.7528504133224487,0.7613165378570557,0.7613165378570557
4848,-0.7112277150154114,5.78734016418457,2.3617377281188965,9.60012944539388,0.7112276554107666,0.7007550001144409,0.03172631934285164,0.6727162003517151,0.6734704971313477,0.6767753958702087,0.6819283366203308,0.7007550001144409,0.7468454837799072,0.7528504133224487,0.7613165378570557,0.7613165378570557
4872,-0.7112337946891785,5.718230247497559,2.349994659423828,9.474892616271973,0.7112337350845337,0.7007550001144409,0.03172539919614792,0.6727162003517151,0.6734704971313477,0.6767753958702087,0.6819283366203308,0.7007550001144409,0.7468454837799072,0.7528504133224487,0.7613165378570557,0.7613165378570557
4896,-0.7112623453140259,5.651004314422607,2.3360679149627686,9.358720779418945,0.7112623453140259,0.7007550001144409,0.031732846051454544,0.6729043126106262,0.6735832691192627,0.6767753958702087,0.6819283366203308,0.7007550001144409,0.7468454837799072,0.7528504133224487,0.7613165378570557,0.7613165378570557
4920,-0.7112885117530823,5.576566219329834,2.3180489540100098,9.23742707570394,0.7112885117530823,0.7007550001144409,0.03173409774899483,0.6729043126106262,0.6735832691192627,0.6767753958702087,0.6819283366203308,0.7007550001144409,0.7468454837799072,0.7528504133224487,0.7613165378570557,0.7613165378570557
4944,-0.7113064527511597,5.499362945556641,2.29685115814209,9.113849004109701,0.7113064527511597,0.7007550001144409,0.03172564134001732,0.6729043126106262,0.6735832691192627,0.6767753958702087,0.6819283366203308,0.7007550001144409,0.7468454837799072,0.7528504133224487,0.7613165378570557,0.7613165378570557
4968,-0.711322009563446,5.438318252563477,2.2753891944885254,9.008163770039877,0.7113219499588013,0.7007550001144409,0.03171495720744133,0.6729043126106262,0.6735832691192627,0.6767753958702087,0.6819283366203308,0.7007550001144409,0.7468454837799072,0.7528504133224487,0.7613165378570557,0.7613165378570557
4992,-0.7113353610038757,5.371194839477539,2.2541725635528564,8.89819081624349,0.711335301399231,0.7007550001144409,0.03170250728726387,0.6729043126106262,0.6735832691192627,0.6767753958702087,0.6822643876075745,0.7007550001144409,0.7468454837799072,0.7528504133224487,0.7613165378570557,0.7613165378570557
5016,-0.7114043831825256,5.313514232635498,2.2454144954681396,8.791823387145996,0.7114042639732361,0.7007550001144409,0.03170930966734886,0.6729043126106262,0.6735840439796448,0.6777132153511047,0.6822643876075745,0.7007550001144409,0.7468454837799072,0.7528504133224487,0.7613165378570557,0.7613165378570557
5040,-0.7114217877388,5.252650737762451,2.2291557788848877,8.687880516052246,0.7114216685295105,0.7007550001144409,0.03170417249202728,0.6729043126106262,0.6735840439796448,0.678587019443512,0.6822643876075745,0.7007550001144409,0.7468454837799072,0.7528504133224487,0.7613165378570557,0.7613165378570557
5064,-0.7114315032958984,5.188501834869385,2.2152347564697266,8.573750813802084,0.7114314436912537,0.7008610367774963,0.03171238675713539,0.6729043126106262,0.6735840439796448,0.678587019443512,0.6822643876075745,0.7008610367774963,0.7468454837799072,0.7528504133224487,0.7613165378570557,0.7613165378570557
5088,-0.7114457488059998,5.131974697113037,2.2032134532928467,8.470693906148275,0.7114457488059998,0.7008610367774963,0.03169504553079605,0.6734554171562195,0.6737715005874634,0.678587019443512,0.6822643876075745,0.7008610367774963,0.7468454837799072,0.7528504133224487,0.7613165378570557,0.7613165378570557
5112,-0.7114519476890564,5.064483165740967,2.1887354850769043,8.351253191630045,0.7114519476890564,0.7008610367774963,0.031689926981925964,0.6734554171562195,0.6737715005874634,0.678587019443512,0.6822643876075745,0.7008610367774963,0.7468454837799072,0.7528504133224487,0.7613165378570557,0.7613165378570557
5136,-0.7114541530609131,5.018711090087891,2.184023380279541,8.25692081451416,0.7114540934562683,0.7008610367774963,0.031687211245298386,0.6734554171562195,0.6737715005874634,0.678587019443512,0.6822643876075745,0.7008610367774963,0.7468454837799072,0.7528504133224487,0.7613165378570557,0.7613165378570557
5160,-0.711467444896698,4.960136413574219,2.1767125129699707,8.154910723368326,0.7114673852920532,0.7008610367774963,0.031672388315200806,0.6734660863876343,0.6737715005874634,0.678587019443512,0.6822643876075745,0.7008610367774963,0.7468454837799072,0.7528504133224487,0.7613165378570557,0.7613165378570557
5184,-0.7114712595939636,4.898107051849365,2.160937786102295,8.04430103302002,0.7114711999893188,0.7008610367774963,0.03166816383600235,0.6734704971313477,0.6737715005874634,0.678587019443512,0.6822643876075745,0.7008610367774963,0.7468454837799072,0.7528504133224487,0.7613165378570557,0.7613165378570557
5208,-0.7114956974983215,4.837844371795654,2.15451979637146,7.931109110514323,0.7114957571029663,0.7008610367774963,0.03164190053939819,0.6734704971313477,0.6748141646385193,0.678587019443512,0.6822772026062012,0.7008610367774963,0.7468454837799072,0.7528504133224487,0.7613165378570557,0.7613165378570557
5232,-0.7115126848220825,4.779295921325684,2.1479485034942627,7.819440682729085,0.7115126848220825,0.7008610367774963,0.03163602203130722,0.6734704971313477,0.6748141646385193,0.6791213750839233,0.6822772026062012,0.7008610367774963,0.7468454837799072,0.7528504133224487,0.7613165378570557,0.7613165378570557
5256,-0.7115259170532227,4.719598770141602,2.1378793716430664,7.706900755564372,0.7115259766578674,0.7008610367774963,0.03162706643342972,0.6734704971313477,0.6748141646385193,0.6791213750839233,0.6822772026062012,0.7008610367774963,0.7468454837799072,0.7528504133224487,0.7613165378570557,0.7613165378570557
5280,-0.7115378379821777,4.668461799621582,2.1254947185516357,7.618624210357666,0.7115378379821777,0.7008610367774963,0.03162822127342224,0.6734704971313477,0.6748141646385193,0.6791213750839233,0.6822772026062012,0.7008610367774963,0.7469885945320129,0.7528504133224487,0.7613165378570557,0.7613165378570557
5304,-0.7115442752838135,4.607137203216553,2.1144614219665527,7.513770580291748,0.7115442752838135,0.7008610367774963,0.0316370390355587,0.6734704971313477,0.6748141646385193,0.6791213750839233,0.6822772026062012,0.7008610367774963,0.7469885945320129,0.7530267834663391,0.7613165378570557,0.7613165378570557
5328,-0.7115473747253418,4.5519514083862305,2.104910373687744,7.410554567972819,0.711547315120697,0.7008610367774963,0.031634371727705,0.6734704971313477,0.6748141646385193,0.6791213750839233,0.6823729872703552,0.7008610367774963,0.7469885945320129,0.7530267834663391,0.7613165378570557,0.7613165378570557
5352,-0.7115485072135925,4.500394821166992,2.0887510776519775,7.320731321970622,0.7115485668182373,0.7008610367774963,0.03163294494152069,0.6735868453979492,0.6748141646385193,0.6791213750839233,0.6823729872703552,0.7008610367774963,0.7469885945320129,0.7530267834663391,0.7613165378570557,0.7613165378570557
5376,-0.7115569710731506,4.4484453201293945,2.0763416290283203,7.225074450174968,0.7115570902824402,0.7008610367774963,0.031624481081962585,0.6735868453979492,0.6748141646385193,0.6791213750839233,0.6823729872703552,0.7008610367774963,0.7469885945320129,0.7530267834663391,0.7613165378570557,0.7613165378570557
5400,-0.7115708589553833,4.388708114624023,2.06288743019104,7.113145192464192,0.7115707993507385,0.7008610367774963,0.03161051869392395,0.6735868453979492,0.6748286485671997,0.6791213750839233,0.6823729872703552,0.7008610367774963,0.7469885945320129,0.7530267834663391,0.7613165378570557,0.7613165378570557
5424,-0.7115745544433594,4.339575290679932,2.052382230758667,7.01933479309082,0.7115745544433594,0.7008610367774963,0.03161470219492912,0.6735868453979492,0.6748286485671997,0.6791213750839233,0.6823729872703552,0.7008610367774963,0.7472679615020752,0.7530267834663391,0.7613165378570557,0.7613165378570557
5448,-0.7116065621376038,4.292041301727295,2.038626194000244,6.933692296346028,0.711606502532959,0.7008610367774963,0.03158503398299217,0.6735868453979492,0.6748286485671997,0.6791213750839233,0.6823729872703552,0.7008610367774963,0.7472679615020752,0.7530267834663391,0.7613165378570557,0.7613165378570557
5472,-0.7116080522537231,4.246743679046631,2.035867691040039,6.838398615519206,0.7116080522537231,0.7008610367774963,0.03158695250749588,0.6735868453979492,0.6748286485671997,0.6791213750839233,0.6823729872703552,0.7008610367774963,0.7472679615020752,0.7530267834663391,0.7613165378570557,0.7613165378570557
5496,-0.7116186618804932,4.203822135925293,2.0384726524353027,6.742876847585042,0.7116186618804932,0.7008610367774963,0.031576819717884064,0.6735868453979492,0.6748286485671997,0.6791213750839233,0.6823729872703552,0.7008610367774963,0.7472679615020752,0.7530267834663391,0.7613165378570557,0.7613165378570557
5520,-0.7116238474845886,4.162146091461182,2.029452323913574,6.660652796427409,0.7116238474845886,0.7008610367774963,0.03158343955874443,0.6735868453979492,0.6748286485671997,0.6791213750839233,0.6823729872703552,0.7008610367774963,0.7472679615020752,0.7530297636985779,0.7613165378570557,0.7613165378570557
5544,-0.7116271257400513,4.123422145843506,2.0211830139160156,6.580889860788981,0.7116271257400513,0.7008610367774963,0.031587060540914536,0.6735868453979492,0.6748286485671997,0.6791213750839233,0.6823729872703552,0.7008610367774963,0.7472679615020752,0.7530297636985779,0.7613165378570557,0.7613165378570557
5568,-0.7116271257400513,4.0762619972229,2.0095374584198,6.491824785868327,0.7116271257400513,0.7008610367774963,0.031587060540914536,0.6735868453979492,0.6748286485671997,0.6791213750839233,0.6823729872703552,0.7008610367774963,0.7472679615020752,0.7530297636985779,0.7613165378570557,0.7613165378570557
5592,-0.7116374969482422,4.020033836364746,1.9926400184631348,6.401485761006673,0.7116374969482422,0.7008610367774963,0.03158964961767197,0.6735868453979492,0.6748286485671997,0.6791213750839233,0.6823729872703552,0.7008610367774963,0.7472679615020752,0.7530297636985779,0.7613165378570557,0.7613165378570557
5616,-0.7116432189941406,3.9658782482147217,1.9800426959991455,6.308274745941162,0.7116432189941406,0.7008610367774963,0.03159607946872711,0.6735868453979492,0.6748286485671997,0.6791213750839233,0.6823729872703552,0.7008610367774963,0.7474179267883301,0.7530297636985779,0.7613165378570557,0.7613165378570557
5640,-0.7116531133651733,3.9134469032287598,1.9657037258148193,6.212931950887044,0.7116531133651733,0.7008610367774963,0.0315876230597496,0.6735868453979492,0.6748286485671997,0.6791213750839233,0.6823729872703552,0.7008610367774963,0.7474179267883301,0.7530297636985779,0.7613165378570557,0.7613165378570557
5664,-0.7116732597351074,3.8620173931121826,1.952620506286621,6.11795171101888,0.7116732001304626,0.7008610367774963,0.031585440039634705,0.6735868453979492,0.6748286485671997,0.6791213750839233,0.6824496388435364,0.7008610367774963,0.7474179267883301,0.7530297636985779,0.7613165378570557,0.7613165378570557
5688,-0.7116819620132446,3.8260974884033203,1.948862075805664,6.041265805562337,0.7116819620132446,0.7008610367774963,0.031578101217746735,0.6735868453979492,0.6748396754264832,0.6791213750839233,0.6824496388435364,0.7008610367774963,0.7474179267883301,0.7530458569526672,0.7613165378570557,0.7613165378570557
5712,-0.7116866707801819,3.7844724655151367,1.9436691999435425,5.940451304117839,0.7116866111755371,0.7008610367774963,0.03157365694642067,0.6735868453979492,0.6748396754264832,0.6791213750839233,0.6824496388435364,0.7008610367774963,0.7474179267883301,0.7530458569526672,0.7613165378570557,0.7613165378570557
5736,-0.7116929292678833,3.741870880126953,1.9371532201766968,5.857592264811198,0.7116929888725281,0.7008610367774963,0.03157185763120651,0.6735868453979492,0.6748396754264832,0.6791213750839233,0.6824496388435364,0.7008610367774963,0.7474179267883301,0.7530458569526672,0.7613165378570557,0.7613165378570557
5760,-0.711696982383728,3.6954517364501953,1.9258575439453125,5.775808016459147,0.7116969227790833,0.70106041431427,0.03157120943069458,0.6735868453979492,0.6748396754264832,0.6791213750839233,0.6824496388435364,0.70106041431427,0.7474179267883301,0.7530458569526672,0.7613165378570557,0.7613165378570557
5784,-0.711696982383728,3.6568994522094727,1.9279835224151611,5.68769900004069,0.7116969227790833,0.70106041431427,0.03157120943069458,0.6735868453979492,0.6748396754264832,0.6791213750839233,0.6824496388435364,0.70106041431427,0.7474179267883301,0.7530458569526672,0.7613165378570557,0.7613165378570557
5808,-0.7117207646369934,3.621143341064453,1.9240520000457764,5.610400517781575,0.7117208242416382,0.70106041431427,0.03154779225587845,0.6735868453979492,0.6748396754264832,0.6796021461486816,0.6824496388435364,0.70106041431427,0.7474179267883301,0.7530458569526672,0.7613165378570557,0.7613165378570557
5832,-0.7117207646369934,3.568981170654297,1.9089878797531128,5.519944985707601,0.7117208242416382,0.70106041431427,0.03154779225587845,0.6735868453979492,0.6748396754264832,0.6796021461486816,0.6824496388435364,0.70106041431427,0.7474179267883301,0.7530458569526672,0.7613165378570557,0.7613165378570557
5856,-0.7117207646369934,3.5190353393554688,1.8874642848968506,5.433266480763753,0.7117208242416382,0.70106041431427,0.03154779225587845,0.6735868453979492,0.6748396754264832,0.6796021461486816,0.6824496388435364,0.70106041431427,0.7474179267883301,0.7530458569526672,0.7613165378570557,0.7613165378570557
5880,-0.7117264866828918,3.4773833751678467,1.8764066696166992,5.353035132090251,0.7117264270782471,0.70106041431427,0.031542714685201645,0.6735868453979492,0.6748396754264832,0.6796021461486816,0.6824496388435364,0.70106041431427,0.7474179267883301,0.7530458569526672,0.7613165378570557,0.7613165378570557
5904,-0.7117286324501038,3.4369335174560547,1.8638213872909546,5.283722082773845,0.711728572845459,0.70106041431427,0.03154416009783745,0.6735868453979492,0.6748396754264832,0.6796419024467468,0.6824496388435364,0.70106041431427,0.7474179267883301,0.7530458569526672,0.7613165378570557,0.7613165378570557
5928,-0.7117321491241455,3.386275053024292,1.8496499061584473,5.187448342641194,0.7117320895195007,0.70106041431427,0.03154924884438515,0.6735868453979492,0.6748396754264832,0.6796419024467468,0.6824496388435364,0.70106041431427,0.7474179267883301,0.7530807256698608,0.7613165378570557,0.7613165378570557
5952,-0.7117489576339722,3.346193313598633,1.8385957479476929,5.108715693155925,0.7117488980293274,0.70106041431427,0.031546927988529205,0.6735868453979492,0.6749400496482849,0.6796419024467468,0.6824496388435364,0.70106041431427,0.7474179267883301,0.7536863684654236,0.7613165378570557,0.7613165378570557
5976,-0.7117489576339722,3.310368061065674,1.8314683437347412,5.037267208099365,0.7117488980293274,0.70106041431427,0.031546927988529205,0.6735868453979492,0.6749400496482849,0.6796419024467468,0.6824496388435364,0.70106041431427,0.7474179267883301,0.7536863684654236,0.7613165378570557,0.7613165378570557
6000,-0.7117570042610168,3.2722792625427246,1.8185452222824097,4.961839199066162,0.7117570638656616,0.70106041431427,0.031539421528577805,0.6735868453979492,0.6749400496482849,0.6796419024467468,0.6824496388435364,0.70106041431427,0.7474179267883301,0.7536863684654236,0.7613165378570557,0.7613165378570557
6024,-0.7117668986320496,3.2406368255615234,1.8133444786071777,4.88909912109375,0.7117668986320496,0.70106041431427,0.031541235744953156,0.6735868453979492,0.6749400496482849,0.6796419024467468,0.6824496388435364,0.70106041431427,0.7474179267883301,0.7537308931350708,0.7613165378570557,0.7613165378570557
6048,-0.7117776274681091,3.2156238555908203,1.8085721731185913,4.8294938405354815,0.7117775678634644,0.70106041431427,0.0315532349050045,0.6735868453979492,0.6749400496482849,0.6796419024467468,0.6824496388435364,0.70106041431427,0.7474179267883301,0.7537308931350708,0.7613165378570557,0.7613165378570557
6072,-0.7117871046066284,3.176541328430176,1.7937428951263428,4.754426956176758,0.7117871046066284,0.70106041431427,0.031547002494335175,0.6735868453979492,0.6749400496482849,0.6796419024467468,0.6824496388435364,0.70106041431427,0.7474179267883301,0.7537308931350708,0.7613165378570557,0.7613165378570557
6096,-0.7117907404899597,3.1416592597961426,1.7849912643432617,4.683988730112712,0.7117906212806702,0.70106041431427,0.03154373541474342,0.6735868453979492,0.6749400496482849,0.6796419024467468,0.6824496388435364,0.70106041431427,0.7474179267883301,0.7537308931350708,0.7613165378570557,0.7613165378570557
6120,-0.7117907404899597,3.10617733001709,1.7784783840179443,4.613773504892985,0.7117906212806702,0.70106041431427,0.03154373541474342,0.6735868453979492,0.6749400496482849,0.6796419024467468,0.6824496388435364,0.70106041431427,0.7474179267883301,0.7537308931350708,0.7613165378570557,0.7613165378570557
6144,-0.7118004560470581,3.0569777488708496,1.7630524635314941,4.52238114674886,0.7118003964424133,0.70106041431427,0.0315353088080883,0.6735868453979492,0.6749400496482849,0.6796419024467468,0.6824496388435364,0.70106041431427,0.7474179267883301,0.7537308931350708,0.7613165378570557,0.7613165378570557
6168,-0.7118004560470581,3.0183045864105225,1.7486963272094727,4.447877089182536,0.7118003964424133,0.70106041431427,0.0315353088080883,0.6735868453979492,0.6749400496482849,0.6796419024467468,0.6824496388435364,0.70106041431427,0.7474179267883301,0.7537308931350708,0.7613165378570557,0.7613165378570557
6192,-0.7118147611618042,2.9773364067077637,1.7352349758148193,4.368987083435059,0.7118147015571594,0.70106041431427,0.0315449982881546,0.6735868453979492,0.6749400496482849,0.6796419024467468,0.6824496388435364,0.70106041431427,0.7474179267883301,0.7537308931350708,0.7613165378570557,0.7613165378570557
6216,-0.7118147611618042,2.950319290161133,1.7336466312408447,4.308230082194011,0.7118147015571594,0.70106041431427,0.0315449982881546,0.6735868453979492,0.6749400496482849,0.6796419024467468,0.6824496388435364,0.70106041431427,0.7474179267883301,0.7537308931350708,0.7613165378570557,0.7613165378570557
6240,-0.7118160724639893,2.914971113204956,1.720733404159546,4.243289629618327,0.7118159532546997,0.70106041431427,0.03154387325048447,0.6735868453979492,0.6749400496482849,0.6796419024467468,0.6824496388435364,0.70106041431427,0.7474179267883301,0.7537308931350708,0.7613165378570557,0.7613165378570557
6264,-0.7118523716926575,2.889458656311035,1.7193468809127808,4.1841128667195635,0.7118523120880127,0.70106041431427,0.03151487559080124,0.6735868453979492,0.6749400496482849,0.6796419024467468,0.6824496388435364,0.70106041431427,0.7474179267883301,0.7537308931350708,0.7613165378570557,0.7613165378570557
6288,-0.7118523716926575,2.859035015106201,1.7161805629730225,4.117005983988444,0.7118523120880127,0.70106041431427,0.03151487559080124,0.6735868453979492,0.6749400496482849,0.6796419024467468,0.6824496388435364,0.70106041431427,0.7474179267883301,0.7537308931350708,0.7613165378570557,0.7613165378570557
6312,-0.7118536829948425,2.8208253383636475,1.7023828029632568,4.0523167451222735,0.7118536233901978,0.70106041431427,0.03151365742087364,0.6735868453979492,0.6749400496482849,0.6796419024467468,0.6824496388435364,0.70106041431427,0.7474179267883301,0.7537308931350708,0.7613165378570557,0.7613165378570557
6336,-0.7118536829948425,2.779447555541992,1.6809837818145752,3.9796629746754966,0.7118536233901978,0.70106041431427,0.03151365742087364,0.6735868453979492,0.6749400496482849,0.6796419024467468,0.6824496388435364,0.70106041431427,0.7474179267883301,0.7537308931350708,0.7613165378570557,0.7613165378570557
6360,-0.7118551731109619,2.7539267539978027,1.6780494451522827,3.917874813079834,0.7118551731109619,0.70106041431427,0.03151556849479675,0.6735868453979492,0.6749400496482849,0.6796419024467468,0.6824496388435364,0.70106041431427,0.7474179267883301,0.7537308931350708,0.7613165378570557,0.7613165378570557
6384,-0.7118595838546753,2.7255682945251465,1.676306128501892,3.8451967239379883,0.7118595838546753,0.70106041431427,0.03151139244437218,0.6735868453979492,0.6749400496482849,0.6796419024467468,0.6824496388435364,0.70106041431427,0.7474179267883301,0.7537308931350708,0.7613165378570557,0.7613165378570557
6408,-0.7118595838546753,2.698601245880127,1.6689624786376953,3.7898890177408853,0.7118595838546753,0.70106041431427,0.03151139244437218,0.6735868453979492,0.6749400496482849,0.6796419024467468,0.6824496388435364,0.70106041431427,0.7474179267883301,0.7537308931350708,0.7613165378570557,0.7613165378570557
6432,-0.7118750810623169,2.6874003410339355,1.6761846542358398,3.7415351072947183,0.7118750214576721,0.70106041431427,0.03149813041090965,0.6735868453979492,0.6749400496482849,0.6796419024467468,0.6826950311660767,0.70106041431427,0.7474179267883301,0.7537308931350708,0.7613165378570557,0.7613165378570557
6456,-0.7118789553642273,2.647148609161377,1.654789686203003,3.6760234038035073,0.7118789553642273,0.70106041431427,0.03149481490254402,0.6735868453979492,0.6749400496482849,0.6796419024467468,0.6826950311660767,0.70106041431427,0.7474179267883301,0.7537308931350708,0.7613165378570557,0.7613165378570557
6480,-0.7118808031082153,2.601511001586914,1.6296113729476929,3.6090379556020102,0.7118807435035706,0.70106041431427,0.03149300813674927,0.6735868453979492,0.6749400496482849,0.6796419024467468,0.6826950311660767,0.70106041431427,0.7474179267883301,0.7537308931350708,0.7613165378570557,0.7613165378570557
6504,-0.7118808031082153,2.5694453716278076,1.6185243129730225,3.54958709081014,0.7118807435035706,0.70106041431427,0.03149300813674927,0.6735868453979492,0.6749400496482849,0.6796419024467468,0.6826950311660767,0.70106041431427,0.7474179267883301,0.7537308931350708,0.7613165378570557,0.7613165378570557
6528,-0.7118808031082153,2.544487953186035,1.611489176750183,3.49873415629069,0.7118807435035706,0.70106041431427,0.03149300813674927,0.6735868453979492,0.6749400496482849,0.6796419024467468,0.6826950311660767,0.70106041431427,0.7474179267883301,0.7537308931350708,0.7613165378570557,0.7613165378570557
6552,-0.7118808031082153,2.5179476737976074,1.6109075546264648,3.4272496700286865,0.7118807435035706,0.70106041431427,0.03149300813674927,0.6735868453979492,0.6749400496482849,0.6796419024467468,0.6826950311660767,0.70106041431427,0.7474179267883301,0.7537308931350708,0.7613165378570557,0.7613165378570557
6576,-0.7118808031082153,2.4973535537719727,1.6063417196273804,3.382734219233195,0.7118807435035706,0.70106041431427,0.03149300813674927,0.6735868453979492,0.6749400496482849,0.6796419024467468,0.6826950311660767,0.70106041431427,0.7474179267883301,0.7537308931350708,0.7613165378570557,0.7613165378570557
6600,-0.7118808031082153,2.4557628631591797,1.5864728689193726,3.310319741566976,0.7118807435035706,0.70106041431427,0.03149300813674927,0.6735868453979492,0.6749400496482849,0.6796419024467468,0.6826950311660767,0.70106041431427,0.7474179267883301,0.7537308931350708,0.7613165378570557,0.7613165378570557
6624,-0.7118839025497437,2.4336066246032715,1.5826730728149414,3.2618966102600098,0.7118838429450989,0.70106041431427,0.03149252012372017,0.6735868453979492,0.6749400496482849,0.6796419024467468,0.6826950311660767,0.70106041431427,0.7474179267883301,0.7537308931350708,0.7613165378570557,0.7613165378570557
6648,-0.7118839025497437,2.3997950553894043,1.5711500644683838,3.194884777069092,0.7118838429450989,0.70106041431427,0.03149252012372017,0.6735868453979492,0.6749400496482849,0.6796419024467468,0.6826950311660767,0.70106041431427,0.7474179267883301,0.7537308931350708,0.7613165378570557,0.7613165378570557
6672,-0.7118839025497437,2.370875358581543,1.562400221824646,3.140430291493734,0.7118838429450989,0.70106041431427,0.03149252012372017,0.6735868453979492,0.6749400496482849,0.6796419024467468,0.6826950311660767,0.70106041431427,0.7474179267883301,0.7537308931350708,0.7613165378570557,0.7613165378570557
6696,-0.7118839025497437,2.3547511100769043,1.5609874725341797,3.0931991736094155,0.7118838429450989,0.70106041431427,0.03149252012372017,0.6735868453979492,0.6749400496482849,0.6796419024467468,0.6826950311660767,0.70106041431427,0.7474179267883301,0.7537308931350708,0.7613165378570557,0.7613165378570557
6720,-0.7118843197822571,2.3089797496795654,1.5414340496063232,3.015690565109253,0.7118842601776123,0.70106041431427,0.031492192298173904,0.6735868453979492,0.6749400496482849,0.6796419024467468,0.6826950311660767,0.70106041431427,0.7474179267883301,0.7537308931350708,0.7613165378570557,0.7613165378570557
6744,-0.7118843197822571,2.285176992416382,1.5337281227111816,2.966223160425822,0.7118842601776123,0.70106041431427,0.031492192298173904,0.6735868453979492,0.6749400496482849,0.6796419024467468,0.6826950311660767,0.70106041431427,0.7474179267883301,0.7537308931350708,0.7613165378570557,0.7613165378570557
6768,-0.7118843197822571,2.2701258659362793,1.5316112041473389,2.9241297245025635,0.7118842601776123,0.70106041431427,0.031492192298173904,0.6735868453979492,0.6749400496482849,0.6796419024467468,0.6826950311660767,0.70106041431427,0.7474179267883301,0.7537308931350708,0.7613165378570557,0.7613165378570557
6792,-0.7118843197822571,2.2502565383911133,1.5272444486618042,2.8817675908406577,0.7118842601776123,0.70106041431427,0.031492192298173904,0.6735868453979492,0.6749400496482849,0.6796419024467468,0.6826950311660767,0.70106041431427,0.7474179267883301,0.7537308931350708,0.7613165378570557,0.7613165378570557
6816,-0.7118843197822571,2.2251267433166504,1.526090383529663,2.815368334452311,0.7118842601776123,0.70106041431427,0.031492192298173904,0.6735868453979492,0.6749400496482849,0.6796419024467468,0.6826950311660767,0.70106041431427,0.7474179267883301,0.7537308931350708,0.7613165378570557,0.7613165378570557
6840,-0.7118843197822571,2.1960530281066895,1.514418363571167,2.767582893371582,0.7118842601776123,0.70106041431427,0.031492192298173904,0.6735868453979492,0.6749400496482849,0.6796419024467468,0.6826950311660767,0.70106041431427,0.7474179267883301,0.7537308931350708,0.7613165378570557,0.7613165378570557
6864,-0.7118843197822571,2.173379898071289,1.5109405517578125,2.712480068206787,0.7118842601776123,0.70106041431427,0.031492192298173904,0.6735868453979492,0.6749400496482849,0.6796419024467468,0.6826950311660767,0.70106041431427,0.7474179267883301,0.7537308931350708,0.7613165378570557,0.7613165378570557
6888,-0.7118843197822571,2.1512115001678467,1.4995253086090088,2.670685052871704,0.7118842601776123,0.70106041431427,0.031492192298173904,0.6735868453979492,0.6749400496482849,0.6796419024467468,0.6826950311660767,0.70106041431427,0.7474179267883301,0.7537308931350708,0.7613165378570557,0.7613165378570557
6912,-0.7118867039680481,2.130157232284546,1.4946258068084717,2.6174904505411782,0.7118867635726929,0.70106041431427,0.03149007260799408,0.6735868453979492,0.6749400496482849,0.6796419024467468,0.6826950311660767,0.70106041431427,0.7474179267883301,0.7537308931350708,0.7613165378570557,0.7613165378570557
6936,-0.7118885517120361,2.097115993499756,1.4824905395507812,2.556070645650228,0.7118884921073914,0.70106041431427,0.0314885638654232,0.6735868453979492,0.6749400496482849,0.6796419024467468,0.6826950311660767,0.70106041431427,0.7474179267883301,0.7537308931350708,0.7613165378570557,0.7613165378570557
6960,-0.7118924260139465,2.0799994468688965,1.4804751873016357,2.5112838745117188,0.7118923664093018,0.70106041431427,0.031485218554735184,0.6735868453979492,0.6749400496482849,0.6796419024467468,0.6826950311660767,0.70106041431427,0.7474179267883301,0.7537308931350708,0.7613165378570557,0.7613165378570557
6984,-0.711894690990448,2.050457000732422,1.4643915891647339,2.4587517579396567,0.7118946313858032,0.70106041431427,0.03148303180932999,0.6735868453979492,0.6749400496482849,0.6796419024467468,0.6826950311660767,0.70106041431427,0.7474179267883301,0.7537308931350708,0.7613165378570557,0.7613165378570557
7008,-0.711894690990448,2.0205349922180176,1.4449222087860107,2.4147044817606607,0.7118946313858032,0.70106041431427,0.03148303180932999,0.6735868453979492,0.6749400496482849,0.6796419024467468,0.6826950311660767,0.70106041431427,0.7474179267883301,0.7537308931350708,0.7613165378570557,0.7613165378570557
7032,-0.7118995785713196,1.9974501132965088,1.439784288406372,2.3627827167510986,0.7118993997573853,0.70106041431427,0.03147818148136139,0.6735868453979492,0.6749400496482849,0.6796419024467468,0.6826950311660767,0.70106041431427,0.7474179267883301,0.7537308931350708,0.7613165378570557,0.7613165378570557
7056,-0.7118995785713196,1.9763896465301514,1.4320518970489502,2.3148316542307534,0.7118993997573853,0.70106041431427,0.03147818148136139,0.6735868453979492,0.6749400496482849,0.6796419024467468,0.6826950311660767,0.70106041431427,0.7474179267883301,0.7537308931350708,0.7613165378570557,0.7613165378570557
7080,-0.7118995785713196,1.9677445888519287,1.4421800374984741,2.273591915766398,0.7118993997573853,0.70106041431427,0.03147818148136139,0.6735868453979492,0.6749400496482849,0.6796419024467468,0.6826950311660767,0.70106041431427,0.7474179267883301,0.7537308931350708,0.7613165378570557,0.7613165378570557
7104,-0.7118995785713196,1.9295740127563477,1.4188306331634521,2.217560132344564,0.7118993997573853,0.70106041431427,0.03147818148136139,0.6735868453979492,0.6749400496482849,0.6796419024467468,0.6826950311660767,0.70106041431427,0.7474179267883301,0.7537308931350708,0.7613165378570557,0.7613165378570557
7128,-0.7118995785713196,1.915171504020691,1.4150121212005615,2.1758995056152344,0.7118993997573853,0.70106041431427,0.03147818148136139,0.6735868453979492,0.6749400496482849,0.6796419024467468,0.6826950311660767,0.70106041431427,0.7474179267883301,0.7537308931350708,0.7613165378570557,0.7613165378570557
7152,-0.7118995785713196,1.9145539999008179,1.4232490062713623,2.148672262827555,0.7118993997573853,0.70106041431427,0.03147818148136139,0.6735868453979492,0.6749400496482849,0.6796419024467468,0.6826950311660767,0.70106041431427,0.7474179267883301,0.7537308931350708,0.7613165378570557,0.7613165378570557
7176,-0.7118995785713196,1.9329817295074463,1.4486055374145508,2.137708902359009,0.7118993997573853,0.70106041431427,0.03147818148136139,0.6735868453979492,0.6749400496482849,0.6796419024467468,0.6826950311660767,0.70106041431427,0.7474179267883301,0.7537308931350708,0.7613165378570557,0.7613165378570557
7200,-0.7118995785713196,1.8901056051254272,1.414757251739502,2.0970004399617515,0.7118993997573853,0.70106041431427,0.03147818148136139,0.6735868453979492,0.6749400496482849,0.6796419024467468,0.6826950311660767,0.70106041431427,0.7474179267883301,0.7537308931350708,0.7613165378570557,0.7613165378570557
7224,-0.7118995785713196,1.8892111778259277,1.4234399795532227,2.061628262201945,0.7118993997573853,0.70106041431427,0.03147818148136139,0.6735868453979492,0.6749400496482849,0.6796419024467468,0.6826950311660767,0.70106041431427,0.7474179267883301,0.7537308931350708,0.7613165378570557,0.7613165378570557
7248,-0.7118995785713196,1.888923168182373,1.4266365766525269,2.0347084204355874,0.7118993997573853,0.70106041431427,0.03147818148136139,0.6735868453979492,0.6749400496482849,0.6796419024467468,0.6826950311660767,0.70106041431427,0.7474179267883301,0.7537308931350708,0.7613165378570557,0.7613165378570557
7272,-0.7119157314300537,1.8600704669952393,1.412014365196228,1.9899933338165283,0.7119157314300537,0.70106041431427,0.031463515013456345,0.6735868453979492,0.6749400496482849,0.6796419024467468,0.6833049058914185,0.70106041431427,0.7474179267883301,0.7537308931350708,0.7613165378570557,0.7613165378570557
7296,-0.7119157314300537,1.843048334121704,1.4063897132873535,1.9541834990183513,0.7119157314300537,0.70106041431427,0.031463515013456345,0.6735868453979492,0.6749400496482849,0.6796419024467468,0.6833049058914185,0.70106041431427,0.7474179267883301,0.7537308931350708,0.7613165378570557,0.7613165378570557
7320,-0.7119157314300537,1.822619915008545,1.393389105796814,1.9212192296981812,0.7119157314300537,0.70106041431427,0.031463515013456345,0.6735868453979492,0.6749400496482849,0.6796419024467468,0.6833049058914185,0.70106041431427,0.7474179267883301,0.7537308931350708,0.7613165378570557,0.7613165378570557
7344,-0.7119224667549133,1.8021067380905151,1.3894456624984741,1.876519242922465,0.7119224071502686,0.70106041431427,0.03145747259259224,0.6735868453979492,0.6749400496482849,0.6796419024467468,0.6833049058914185,0.70106041431427,0.7474179267883301,0.7537308931350708,0.7613165378570557,0.7613165378570557
7368,-0.7119224667549133,1.7795627117156982,1.376683235168457,1.8335525592168171,0.7119224071502686,0.70106041431427,0.03145747259259224,0.6735868453979492,0.6749400496482849,0.6796419024467468,0.6833049058914185,0.70106041431427,0.7474179267883301,0.7537308931350708,0.7613165378570557,0.7613165378570557
7392,-0.7119224667549133,1.75296950340271,1.3620879650115967,1.7910754283269246,0.7119224071502686,0.70106041431427,0.03145747259259224,0.6735868453979492,0.6749400496482849,0.6796419024467468,0.6833049058914185,0.70106041431427,0.7474179267883301,0.7537308931350708,0.7613165378570557,0.7613165378570557
7416,-0.7119224667549133,1.7361986637115479,1.3535385131835938,1.7604512373606365,0.7119224071502686,0.70106041431427,0.03145747259259224,0.6735868453979492,0.6749400496482849,0.6796419024467468,0.6833049058914185,0.70106041431427,0.7474179267883301,0.7537308931350708,0.7613165378570557,0.7613165378570557
7440,-0.7119224667549133,1.712769865989685,1.3389194011688232,1.7268337806065877,0.7119224071502686,0.70106041431427,0.03145747259259224,0.6735868453979492,0.6749400496482849,0.6796419024467468,0.6833049058914185,0.70106041431427,0.7474179267883301,0.7537308931350708,0.7613165378570557,0.7613165378570557
7464,-0.7119224667549133,1.6896121501922607,1.3294854164123535,1.6825804710388184,0.7119224071502686,0.70106041431427,0.03145747259259224,0.6735868453979492,0.6749400496482849,0.6796419024467468,0.6833049058914185,0.70106041431427,0.7474179267883301,0.7537308931350708,0.7613165378570557,0.7613165378570557
7488,-0.7119224667549133,1.671608328819275,1.322409987449646,1.6440163056055705,0.7119224071502686,0.70106041431427,0.03145747259259224,0.6735868453979492,0.6749400496482849,0.6796419024467468,0.6833049058914185,0.70106041431427,0.7474179267883301,0.7537308931350708,0.7613165378570557,0.7613165378570557
7512,-0.7119224667549133,1.6661052703857422,1.3254462480545044,1.6197963953018188,0.7119224071502686,0.70106041431427,0.03145747259259224,0.6735868453979492,0.6749400496482849,0.6796419024467468,0.6833049058914185,0.70106041431427,0.7474179267883301,0.7537308931350708,0.7613165378570557,0.7613165378570557
7536,-0.7119224667549133,1.640504240989685,1.3099536895751953,1.582921306292216,0.7119224071502686,0.70106041431427,0.03145747259259224,0.6735868453979492,0.6749400496482849,0.6796419024467468,0.6833049058914185,0.70106041431427,0.7474179267883301,0.7537308931350708,0.7613165378570557,0.7613165378570557
7560,-0.7119224667549133,1.6205127239227295,1.2979278564453125,1.549009124437968,0.7119224071502686,0.70106041431427,0.03145747259259224,0.6735868453979492,0.6749400496482849,0.6796419024467468,0.6833049058914185,0.70106041431427,0.7474179267883301,0.7537308931350708,0.7613165378570557,0.7613165378570557
7584,-0.7119245529174805,1.6110365390777588,1.2955927848815918,1.5215673844019573,0.7119246125221252,0.70106041431427,0.0314556248486042,0.6735868453979492,0.6749400496482849,0.6796419024467468,0.6833049058914185,0.70106041431427,0.7474179267883301,0.7537308931350708,0.7613165378570557,0.7613165378570557
7608,-0.7119245529174805,1.596432089805603,1.2872427701950073,1.4979440371195476,0.7119246125221252,0.70106041431427,0.0314556248486042,0.6735868453979492,0.6749400496482849,0.6796419024467468,0.6833049058914185,0.70106041431427,0.7474179267883301,0.7537308931350708,0.7613165378570557,0.7613165378570557
7632,-0.7119245529174805,1.5935828685760498,1.2909343242645264,1.4772444168726604,0.7119246125221252,0.70106041431427,0.0314556248486042,0.6735868453979492,0.6749400496482849,0.6796419024467468,0.6833049058914185,0.70106041431427,0.7474179267883301,0.7537308931350708,0.7613165378570557,0.7613165378570557
7656,-0.7119245529174805,1.586694598197937,1.2875910997390747,1.455635905265808,0.7119246125221252,0.70106041431427,0.0314556248486042,0.6735868453979492,0.6749400496482849,0.6796419024467468,0.6833049058914185,0.70106041431427,0.7474179267883301,0.7537308931350708,0.7613165378570557,0.7613165378570557
7680,-0.7119245529174805,1.5826137065887451,1.2898681163787842,1.433226505915324,0.7119246125221252,0.70106041431427,0.0314556248486042,0.6735868453979492,0.6749400496482849,0.6796419024467468,0.6833049058914185,0.70106041431427,0.7474179267883301,0.7537308931350708,0.7613165378570557,0.7613165378570557
7704,-0.7119245529174805,1.5660128593444824,1.2773874998092651,1.4127249320348103,0.7119246125221252,0.70106041431427,0.0314556248486042,0.6735868453979492,0.6749400496482849,0.6796419024467468,0.6833049058914185,0.70106041431427,0.7474179267883301,0.7537308931350708,0.7613165378570557,0.7613165378570557
7728,-0.7119245529174805,1.550083875656128,1.2665001153945923,1.390132188796997,0.7119246125221252,0.70106041431427,0.0314556248486042,0.6735868453979492,0.6749400496482849,0.6796419024467468,0.6833049058914185,0.70106041431427,0.7474179267883301,0.7537308931350708,0.7613165378570557,0.7613165378570557
7752,-0.7119245529174805,1.528425931930542,1.250693917274475,1.3663995265960693,0.7119246125221252,0.70106041431427,0.0314556248486042,0.6735868453979492,0.6749400496482849,0.6796419024467468,0.6833049058914185,0.70106041431427,0.7474179267883301,0.7537308931350708,0.7613165378570557,0.7613165378570557
7776,-0.7119245529174805,1.5181673765182495,1.2429646253585815,1.3486185471216838,0.7119246125221252,0.70106041431427,0.0314556248486042,0.6735868453979492,0.6749400496482849,0.6796419024467468,0.6833049058914185,0.70106041431427,0.7474179267883301,0.7537308931350708,0.7613165378570557,0.7613165378570557
7800,-0.7119245529174805,1.5078109502792358,1.2399853467941284,1.3263558546702068,0.7119246125221252,0.70106041431427,0.0314556248486042,0.6735868453979492,0.6749400496482849,0.6796419024467468,0.6833049058914185,0.70106041431427,0.7474179267883301,0.7537308931350708,0.7613165378570557,0.7613165378570557
7824,-0.7119245529174805,1.5095151662826538,1.2443807125091553,1.309464931488037,0.7119246125221252,0.70106041431427,0.0314556248486042,0.6735868453979492,0.6749400496482849,0.6796419024467468,0.6833049058914185,0.70106041431427,0.7474179267883301,0.7537308931350708,0.7613165378570557,0.7613165378570557
7848,-0.7119245529174805,1.5131981372833252,1.2504193782806396,1.2938152551651,0.7119246125221252,0.70106041431427,0.0314556248486042,0.6735868453979492,0.6749400496482849,0.6796419024467468,0.6833049058914185,0.70106041431427,0.7474179267883301,0.7537308931350708,0.7613165378570557,0.7613165378570557
7872,-0.7119245529174805,1.504433035850525,1.246609091758728,1.2767198880513508,0.7119246125221252,0.70106041431427,0.0314556248486042,0.6735868453979492,0.6749400496482849,0.6796419024467468,0.6833049058914185,0.70106041431427,0.7474179267883301,0.7537308931350708,0.7613165378570557,0.7613165378570557
7896,-0.7119245529174805,1.5185916423797607,1.2658195495605469,1.267008860905965,0.7119246125221252,0.70106041431427,0.0314556248486042,0.6735868453979492,0.6749400496482849,0.6796419024467468,0.6833049058914185,0.70106041431427,0.7474179267883301,0.7537308931350708,0.7613165378570557,0.7613165378570557
7920,-0.7119266986846924,1.519080638885498,1.2647953033447266,1.264086127281189,0.7119266986846924,0.70106041431427,0.031453780829906464,0.6735868453979492,0.6749400496482849,0.6796419024467468,0.6833049058914185,0.70106041431427,0.7474179267883301,0.7537308931350708,0.7613165378570557,0.7613165378570557
7944,-0.7119266986846924,1.5030643939971924,1.258956789970398,1.2357499996821086,0.7119266986846924,0.70106041431427,0.031453780829906464,0.6735868453979492,0.6749400496482849,0.6796419024467468,0.6833049058914185,0.70106041431427,0.7474179267883301,0.7537308931350708,0.7613165378570557,0.7613165378570557
7968,-0.7119280099868774,1.475534200668335,1.2380250692367554,1.1960129340489705,0.7119280099868774,0.70106041431427,0.03145258128643036,0.6735868453979492,0.6749400496482849,0.6796419024467468,0.6833049058914185,0.70106041431427,0.7474179267883301,0.7537308931350708,0.7613165378570557,0.7613165378570557
7992,-0.7119280099868774,1.468501091003418,1.2384989261627197,1.1690753698349,0.7119280099868774,0.70106041431427,0.03145258128643036,0.6735868453979492,0.6749400496482849,0.6796419024467468,0.6833049058914185,0.70106041431427,0.7474179267883301,0.7537308931350708,0.7613165378570557,0.7613165378570557
8016,-0.7119367718696594,1.4607429504394531,1.2412726879119873,1.1366995573043823,0.7119367122650146,0.70106041431427,0.03144241124391556,0.6735868453979492,0.6751535534858704,0.6796419024467468,0.6833049058914185,0.70106041431427,0.7474179267883301,0.7537308931350708,0.7613165378570557,0.7613165378570557
8040,-0.7119367718696594,1.4633703231811523,1.2501037120819092,1.1045094728469849,0.7119367122650146,0.70106041431427,0.03144241124391556,0.6735868453979492,0.6751535534858704,0.6796419024467468,0.6833049058914185,0.70106041431427,0.7474179267883301,0.7537308931350708,0.7613165378570557,0.7613165378570557
8064,-0.7119367718696594,1.4758800268173218,1.2669771909713745,1.0938266515731812,0.7119367122650146,0.70106041431427,0.03144241124391556,0.6735868453979492,0.6751535534858704,0.6796419024467468,0.6833049058914185,0.70106041431427,0.7474179267883301,0.7537308931350708,0.7613165378570557,0.7613165378570557
8088,-0.7119389176368713,1.4651445150375366,1.2600910663604736,1.0777288277943928,0.7119389176368713,0.70106041431427,0.03144045174121857,0.6735868453979492,0.6751535534858704,0.6796419024467468,0.683356523513794,0.70106041431427,0.7474179267883301,0.7537308931350708,0.7613165378570557,0.7613165378570557
8112,-0.7119389176368713,1.4573156833648682,1.2580631971359253,1.0498552719751995,0.7119389176368713,0.70106041431427,0.03144045174121857,0.6735868453979492,0.6751535534858704,0.6796419024467468,0.683356523513794,0.70106041431427,0.7474179267883301,0.7537308931350708,0.7613165378570557,0.7613165378570557
8136,-0.7119389176368713,1.4509234428405762,1.257308006286621,1.0334270397822063,0.7119389176368713,0.70106041431427,0.03144045174121857,0.6735868453979492,0.6751535534858704,0.6796419024467468,0.683356523513794,0.70106041431427,0.7474179267883301,0.7537308931350708,0.7613165378570557,0.7613165378570557
8160,-0.7119389176368713,1.5155503749847412,1.3251967430114746,1.0327431162198384,0.7119389176368713,0.70106041431427,0.03144045174121857,0.6735868453979492,0.6751535534858704,0.6796419024467468,0.683356523513794,0.70106041431427,0.7474179267883301,0.7537308931350708,0.7613165378570557,0.7613165378570557
8184,-0.7119389176368713,1.514091968536377,1.3260512351989746,1.0101826786994934,0.7119389176368713,0.70106041431427,0.03144045174121857,0.6735868453979492,0.6751535534858704,0.6796419024467468,0.683356523513794,0.70106041431427,0.7474179267883301,0.7537308931350708,0.7613165378570557,0.7613165378570557
8208,-0.7119389176368713,1.5335893630981445,1.3489079475402832,1.0020301540692647,0.7119389176368713,0.70106041431427,0.03144045174121857,0.6735868453979492,0.6751535534858704,0.6796419024467468,0.683356523513794,0.70106041431427,0.7474179267883301,0.7537308931350708,0.7613165378570557,0.7613165378570557
8232,-0.7119389176368713,1.5305893421173096,1.3472188711166382,0.9903318285942078,0.7119389176368713,0.70106041431427,0.03144045174121857,0.6735868453979492,0.6751535534858704,0.6796419024467468,0.683356523513794,0.70106041431427,0.7474179267883301,0.7537308931350708,0.7613165378570557,0.7613165378570557
8256,-0.7119389176368713,1.5264239311218262,1.3436788320541382,0.9777779579162598,0.7119389176368713,0.70106041431427,0.03144045174121857,0.6735868453979492,0.6751535534858704,0.6796419024467468,0.683356523513794,0.70106041431427,0.7474179267883301,0.7537308931350708,0.7613165378570557,0.7613165378570557
8280,-0.7119389176368713,1.5226644277572632,1.3432257175445557,0.9594221313794454,0.7119389176368713,0.70106041431427,0.03144045174121857,0.6735868453979492,0.6751535534858704,0.6796419024467468,0.683356523513794,0.70106041431427,0.7474179267883301,0.7537308931350708,0.7613165378570557,0.7613165378570557
8304,-0.711941123008728,1.503736972808838,1.3333420753479004,0.9350489576657613,0.711941123008728,0.70106041431427,0.031437862664461136,0.6735868453979492,0.6751645803451538,0.6796419024467468,0.683356523513794,0.70106041431427,0.7474179267883301,0.7537308931350708,0.7613165378570557,0.7613165378570557
8328,-0.711941123008728,1.4984745979309082,1.3324549198150635,0.9198562105496725,0.711941123008728,0.70106041431427,0.031437862664461136,0.6735868453979492,0.6751645803451538,0.6796419024467468,0.683356523513794,0.70106041431427,0.7474179267883301,0.7537308931350708,0.7613165378570557,0.7613165378570557
8352,-0.711941123008728,1.499553918838501,1.3366196155548096,0.9052423238754272,0.711941123008728,0.70106041431427,0.031437862664461136,0.6735868453979492,0.6751645803451538,0.6796419024467468,0.683356523513794,0.70106041431427,0.7474179267883301,0.7537308931350708,0.7613165378570557,0.7613165378570557
8376,-0.711941123008728,1.4894187450408936,1.3332098722457886,0.8814302086830139,0.711941123008728,0.70106041431427,0.031437862664461136,0.6735868453979492,0.6751645803451538,0.6796419024467468,0.683356523513794,0.70106041431427,0.7474179267883301,0.7537308931350708,0.7613165378570557,0.7613165378570557
8400,-0.711941123008728,1.476797103881836,1.3254183530807495,0.8562360405921936,0.711941123008728,0.70106041431427,0.031437862664461136,0.6735868453979492,0.6751645803451538,0.6796419024467468,0.683356523513794,0.70106041431427,0.7474179267883301,0.7537308931350708,0.7613165378570557,0.7613165378570557
8424,-0.711941123008728,1.4716066122055054,1.3221216201782227,0.845468540986379,0.711941123008728,0.70106041431427,0.031437862664461136,0.6735868453979492,0.6751645803451538,0.6796419024467468,0.683356523513794,0.70106041431427,0.7474179267883301,0.7537308931350708,0.7613165378570557,0.7613165378570557
8448,-0.711941123008728,1.4686096906661987,1.3205482959747314,0.8319190939267477,0.711941123008728,0.70106041431427,0.031437862664461136,0.6735868453979492,0.6751645803451538,0.6796419024467468,0.683356523513794,0.70106041431427,0.7474179267883301,0.7537308931350708,0.7613165378570557,0.7613165378570557
8472,-0.711941123008728,1.451409101486206,1.3059285879135132,0.8184022903442383,0.711941123008728,0.70106041431427,0.031437862664461136,0.6735868453979492,0.6751645803451538,0.6796419024467468,0.683356523513794,0.70106041431427,0.7474179267883301,0.7537308931350708,0.7613165378570557,0.7613165378570557
8496,-0.711941123008728,1.4435997009277344,1.3019579648971558,0.8025243878364563,0.711941123008728,0.70106041431427,0.031437862664461136,0.6735868453979492,0.6751645803451538,0.6796419024467468,0.683356523513794,0.70106041431427,0.7474179267883301,0.7537308931350708,0.7613165378570557,0.7613165378570557
8520,-0.711941123008728,1.440497875213623,1.299642562866211,0.7945598761240641,0.711941123008728,0.70106041431427,0.031437862664461136,0.6735868453979492,0.6751645803451538,0.6796419024467468,0.683356523513794,0.70106041431427,0.7474179267883301,0.7537308931350708,0.7613165378570557,0.7613165378570557
8544,-0.711941123008728,1.4292386770248413,1.291136384010315,0.7757769425710043,0.711941123008728,0.70106041431427,0.031437862664461136,0.6735868453979492,0.6751645803451538,0.6796419024467468,0.683356523513794,0.70106041431427,0.7474179267883301,0.7537308931350708,0.7613165378570557,0.7613165378570557
8568,-0.711941123008728,1.4277193546295166,1.291050910949707,0.7675010164578756,0.711941123008728,0.70106041431427,0.031437862664461136,0.6735868453979492,0.6751645803451538,0.6796419024467468,0.683356523513794,0.70106041431427,0.7474179267883301,0.7537308931350708,0.7613165378570557,0.7613165378570557
8592,-0.711941123008728,1.416269302368164,1.2828515768051147,0.751135011514028,0.711941123008728,0.70106041431427,0.031437862664461136,0.6735868453979492,0.6751645803451538,0.6796419024467468,0.683356523513794,0.70106041431427,0.7474179267883301,0.7537308931350708,0.7613165378570557,0.7613165378570557
8616,-0.711941123008728,1.4165065288543701,1.2848094701766968,0.7445638179779053,0.711941123008728,0.70106041431427,0.031437862664461136,0.6735868453979492,0.6751645803451538,0.6796419024467468,0.683356523513794,0.70106041431427,0.7474179267883301,0.7537308931350708,0.7613165378570557,0.7613165378570557
8640,-0.711941123008728,1.4089735746383667,1.2785091400146484,0.7428123752276102,0.711941123008728,0.70106041431427,0.031437862664461136,0.6735868453979492,0.6751645803451538,0.6796419024467468,0.683356523513794,0.70106041431427,0.7474179267883301,0.7537308931350708,0.7613165378570557,0.7613165378570557
8664,-0.711941123008728,1.4009335041046143,1.272757887840271,0.730388859907786,0.711941123008728,0.70106041431427,0.031437862664461136,0.6735868453979492,0.6751645803451538,0.6796419024467468,0.683356523513794,0.70106041431427,0.7474179267883301,0.7537308931350708,0.7613165378570557,0.7613165378570557
8688,-0.711941123008728,1.3946483135223389,1.2685611248016357,0.7150322596232096,0.711941123008728,0.70106041431427,0.031437862664461136,0.6735868453979492,0.6751645803451538,0.6796419024467468,0.683356523513794,0.70106041431427,0.7474179267883301,0.7537308931350708,0.7613165378570557,0.7613165378570557
8712,-0.711941123008728,1.3867934942245483,1.2653300762176514,0.7022906541824341,0.711941123008728,0.70106041431427,0.031437862664461136,0.6735868453979492,0.6751645803451538,0.6796419024467468,0.683356523513794,0.70106041431427,0.7474179267883301,0.7537308931350708,0.7613165378570557,0.7613165378570557
8736,-0.711941123008728,1.3853437900543213,1.2650330066680908,0.6945068836212158,0.711941123008728,0.70106041431427,0.031437862664461136,0.6735868453979492,0.6751645803451538,0.6796419024467468,0.683356523513794,0.70106041431427,0.7474179267883301,0.7537308931350708,0.7613165378570557,0.7613165378570557
8760,-0.711941123008728,1.3714187145233154,1.2549176216125488,0.6799418727556864,0.711941123008728,0.70106041431427,0.031437862664461136,0.6735868453979492,0.6751645803451538,0.6796419024467468,0.683356523513794,0.70106041431427,0.7474179267883301,0.7537308931350708,0.7613165378570557,0.7613165378570557
8784,-0.711941123008728,1.3683971166610718,1.2548372745513916,0.671150783697764,0.711941123008728,0.70106041431427,0.031437862664461136,0.6735868453979492,0.6751645803451538,0.6796419024467468,0.683356523513794,0.70106041431427,0.7474179267883301,0.7537308931350708,0.7613165378570557,0.7613165378570557
8808,-0.711941123008728,1.3647756576538086,1.2534358501434326,0.6597583889961243,0.711941123008728,0.70106041431427,0.031437862664461136,0.6735868453979492,0.6751645803451538,0.6796419024467468,0.683356523513794,0.70106041431427,0.7474179267883301,0.7537308931350708,0.7613165378570557,0.7613165378570557
8832,-0.711941123008728,1.3608287572860718,1.2512195110321045,0.6542232831319174,0.711941123008728,0.70106041431427,0.031437862664461136,0.6735868453979492,0.6751645803451538,0.6796419024467468,0.683356523513794,0.70106041431427,0.7474179267883301,0.7537308931350708,0.7613165378570557,0.7613165378570557
8856,-0.711941123008728,1.3569597005844116,1.2491196393966675,0.644567052523295,0.711941123008728,0.70106041431427,0.031437862664461136,0.6735868453979492,0.6751645803451538,0.6796419024467468,0.683356523513794,0.70106041431427,0.7474179267883301,0.7537308931350708,0.7613165378570557,0.7613165378570557
8880,-0.711941123008728,1.3710793256759644,1.263579249382019,0.6385764877001444,0.711941123008728,0.70106041431427,0.031437862664461136,0.6735868453979492,0.6751645803451538,0.6796419024467468,0.683356523513794,0.70106041431427,0.7474179267883301,0.7537308931350708,0.7613165378570557,0.7613165378570557
8904,-0.711941123008728,1.3762778043746948,1.269050121307373,0.6348315676053365,0.711941123008728,0.70106041431427,0.031437862664461136,0.6735868453979492,0.6751645803451538,0.6796419024467468,0.683356523513794,0.70106041431427,0.7474179267883301,0.7537308931350708,0.7613165378570557,0.7613165378570557
8928,-0.711941123008728,1.3638525009155273,1.261269211769104,0.6230524182319641,0.711941123008728,0.70106041431427,0.031437862664461136,0.6735868453979492,0.6751645803451538,0.6796419024467468,0.683356523513794,0.70106041431427,0.7474179267883301,0.7537308931350708,0.7613165378570557,0.7613165378570557
8952,-0.711941123008728,1.3551909923553467,1.2549232244491577,0.6132639646530151,0.711941123008728,0.70106041431427,0.031437862664461136,0.6735868453979492,0.6751645803451538,0.6796419024467468,0.683356523513794,0.70106041431427,0.7474179267883301,0.7537308931350708,0.7613165378570557,0.7613165378570557
8976,-0.711941123008728,1.3465579748153687,1.2485395669937134,0.6035769383112589,0.711941123008728,0.70106041431427,0.031437862664461136,0.6735868453979492,0.6751645803451538,0.6796419024467468,0.683356523513794,0.70106041431427,0.7474179267883301,0.7537308931350708,0.7613165378570557,0.7613165378570557
9000,-0.711941123008728,1.3355600833892822,1.2398407459259033,0.5919734239578247,0.711941123008728,0.70106041431427,0.031437862664461136,0.6735868453979492,0.6751645803451538,0.6796419024467468,0.683356523513794,0.70106041431427,0.7474179267883301,0.7537308931350708,0.7613165378570557,0.7613165378570557
9024,-0.711941123008728,1.324277400970459,1.2306244373321533,0.5841036637624105,0.711941123008728,0.70106041431427,0.031437862664461136,0.6735868453979492,0.6751645803451538,0.6796419024467468,0.683356523513794,0.70106041431427,0.7474179267883301,0.7537308931350708,0.7613165378570557,0.7613165378570557
9048,-0.711941123008728,1.316869854927063,1.2240078449249268,0.5746912956237793,0.711941123008728,0.70106041431427,0.031437862664461136,0.6735868453979492,0.6751645803451538,0.6796419024467468,0.683356523513794,0.70106041431427,0.7474179267883301,0.7537308931350708,0.7613165378570557,0.7613165378570557
9072,-0.711941123008728,1.3209800720214844,1.228541374206543,0.5704094171524048,0.711941123008728,0.70106041431427,0.031437862664461136,0.6735868453979492,0.6751645803451538,0.6796419024467468,0.683356523513794,0.70106041431427,0.7474179267883301,0.7537308931350708,0.7613165378570557,0.7613165378570557
9096,-0.711941123008728,1.3268568515777588,1.2349307537078857,0.5643341143925985,0.711941123008728,0.70106041431427,0.031437862664461136,0.6735868453979492,0.6751645803451538,0.6796419024467468,0.683356523513794,0.70106041431427,0.7474179267883301,0.7537308931350708,0.7613165378570557,0.7613165378570557
9120,-0.711941123008728,1.3299846649169922,1.2370065450668335,0.5616193413734436,0.711941123008728,0.70106041431427,0.031437862664461136,0.6735868453979492,0.6751645803451538,0.6796419024467468,0.683356523513794,0.70106041431427,0.7474179267883301,0.7537308931350708,0.7613165378570557,0.7613165378570557
9144,-0.711941123008728,1.326037883758545,1.2352015972137451,0.5535443822542826,0.711941123008728,0.70106041431427,0.031437862664461136,0.6735868453979492,0.6751645803451538,0.6796419024467468,0.683356523513794,0.70106041431427,0.7474179267883301,0.7537308931350708,0.7613165378570557,0.7613165378570557
9168,-0.711941123008728,1.3333866596221924,1.2397546768188477,0.5644002358118693,0.711941123008728,0.70106041431427,0.031437862664461136,0.6735868453979492,0.6751645803451538,0.6796419024467468,0.683356523513794,0.70106041431427,0.7474179267883301,0.7537308931350708,0.7613165378570557,0.7613165378570557
9192,-0.711941123008728,1.323880910873413,1.2324470281600952,0.5549116134643555,0.711941123008728,0.70106041431427,0.031437862664461136,0.6735868453979492,0.6751645803451538,0.6796419024467468,0.683356523513794,0.70106041431427,0.7474179267883301,0.7537308931350708,0.7613165378570557,0.7613165378570557
9216,-0.7119468450546265,1.3159685134887695,1.226607084274292,0.5482642650604248,0.7119468450546265,0.70106041431427,0.03143283352255821,0.6735868453979492,0.6751645803451538,0.6796419024467468,0.683356523513794,0.70106041431427,0.7474179267883301,0.7537308931350708,0.7613165378570557,0.7613165378570557
9240,-0.7119468450546265,1.3074467182159424,1.2199420928955078,0.5389089981714884,0.7119468450546265,0.70106041431427,0.03143283352255821,0.6735868453979492,0.6751645803451538,0.6796419024467468,0.683356523513794,0.70106041431427,0.7474179267883301,0.7537308931350708,0.7613165378570557,0.7613165378570557
9264,-0.7119468450546265,1.3057003021240234,1.219803810119629,0.5346864660580953,0.7119468450546265,0.70106041431427,0.03143283352255821,0.6735868453979492,0.6751645803451538,0.6796419024467468,0.683356523513794,0.70106041431427,0.7474179267883301,0.7537308931350708,0.7613165378570557,0.7613165378570557
9288,-0.7119468450546265,1.2978805303573608,1.2142505645751953,0.5230648716290792,0.7119468450546265,0.70106041431427,0.03143283352255821,0.6735868453979492,0.6751645803451538,0.6796419024467468,0.683356523513794,0.70106041431427,0.7474179267883301,0.7537308931350708,0.7613165378570557,0.7613165378570557
9312,-0.7119468450546265,1.294015884399414,1.2123993635177612,0.5145514011383057,0.7119468450546265,0.70106041431427,0.03143283352255821,0.6735868453979492,0.6751645803451538,0.6796419024467468,0.683356523513794,0.70106041431427,0.7474179267883301,0.7537308931350708,0.7613165378570557,0.7613165378570557
9336,-0.7119468450546265,1.2877848148345947,1.2083957195281982,0.508359452088674,0.7119468450546265,0.70106041431427,0.03143283352255821,0.6735868453979492,0.6751645803451538,0.6796419024467468,0.683356523513794,0.70106041431427,0.7474179267883301,0.7537308931350708,0.7613165378570557,0.7613165378570557
9360,-0.7119468450546265,1.285744309425354,1.206333041191101,0.5049954156080881,0.7119468450546265,0.70106041431427,0.03143283352255821,0.6735868453979492,0.6751645803451538,0.6796419024467468,0.683356523513794,0.70106041431427,0.7474179267883301,0.7537308931350708,0.7613165378570557,0.7613165378570557
9384,-0.7119468450546265,1.2900971174240112,1.2125037908554077,0.49654462933540344,0.7119468450546265,0.70106041431427,0.03143283352255821,0.6735868453979492,0.6751645803451538,0.6796419024467468,0.683356523513794,0.70106041431427,0.7474179267883301,0.7537308931350708,0.7613165378570557,0.7613165378570557
9408,-0.7119468450546265,1.2882466316223145,1.2124414443969727,0.4897648096084595,0.7119468450546265,0.70106041431427,0.03143283352255821,0.6735868453979492,0.6751645803451538,0.6796419024467468,0.683356523513794,0.70106041431427,0.7474179267883301,0.7537308931350708,0.7613165378570557,0.7613165378570557
9432,-0.7119468450546265,1.2835557460784912,1.2085745334625244,0.4817285935084025,0.7119468450546265,0.70106041431427,0.03143283352255821,0.6735868453979492,0.6751645803451538,0.6796419024467468,0.683356523513794,0.70106041431427,0.7474179267883301,0.7537308931350708,0.7613165378570557,0.7613165378570557
9456,-0.7119468450546265,1.2764681577682495,1.2029576301574707,0.47430649399757385,0.7119468450546265,0.70106041431427,0.03143283352255821,0.6735868453979492,0.6751645803451538,0.6796419024467468,0.683356523513794,0.70106041431427,0.7474179267883301,0.7537308931350708,0.7613165378570557,0.7613165378570557
9480,-0.7119468450546265,1.2766591310501099,1.202216625213623,0.47128575046857196,0.7119468450546265,0.70106041431427,0.03143283352255821,0.6735868453979492,0.6751645803451538,0.6796419024467468,0.683356523513794,0.70106041431427,0.7474179267883301,0.7537308931350708,0.7613165378570557,0.7613165378570557
9504,-0.7119468450546265,1.2755029201507568,1.2006022930145264,0.46769510706265766,0.7119468450546265,0.70106041431427,0.03143283352255821,0.6735868453979492,0.6751645803451538,0.6796419024467468,0.683356523513794,0.70106041431427,0.7474179267883301,0.7537308931350708,0.7613165378570557,0.7613165378570557
9528,-0.7119468450546265,1.272841453552246,1.199451208114624,0.4627213180065155,0.7119468450546265,0.70106041431427,0.03143283352255821,0.6735868453979492,0.6751645803451538,0.6796419024467468,0.683356523513794,0.70106041431427,0.7474179267883301,0.7537308931350708,0.7613165378570557,0.7613165378570557
9552,-0.7119468450546265,1.2663044929504395,1.1951427459716797,0.45395714044570923,0.7119468450546265,0.70106041431427,0.03143283352255821,0.6735868453979492,0.6751645803451538,0.6796419024467468,0.683356523513794,0.70106041431427,0.7474179267883301,0.7537308931350708,0.7613165378570557,0.7613165378570557
9576,-0.7119468450546265,1.2623339891433716,1.1923784017562866,0.4484388033548991,0.7119468450546265,0.70106041431427,0.03143283352255821,0.6735868453979492,0.6751645803451538,0.6796419024467468,0.683356523513794,0.70106041431427,0.7474179267883301,0.7537308931350708,0.7613165378570557,0.7613165378570557
9600,-0.7119468450546265,1.257352352142334,1.1881074905395508,0.4449988901615143,0.7119468450546265,0.70106041431427,0.03143283352255821,0.6735868453979492,0.6751645803451538,0.6796419024467468,0.683356523513794,0.70106041431427,0.7474179267883301,0.7537308931350708,0.7613165378570557,0.7613165378570557
9624,-0.7119468450546265,1.260527491569519,1.1916059255599976,0.44569799304008484,0.7119468450546265,0.70106041431427,0.03143283352255821,0.6735868453979492,0.6751645803451538,0.6796419024467468,0.683356523513794,0.70106041431427,0.7474179267883301,0.7537308931350708,0.7613165378570557,0.7613165378570557
9648,-0.7119468450546265,1.257720708847046,1.189760684967041,0.44135891397794086,0.7119468450546265,0.70106041431427,0.03143283352255821,0.6735868453979492,0.6751645803451538,0.6796419024467468,0.683356523513794,0.70106041431427,0.7474179267883301,0.7537308931350708,0.7613165378570557,0.7613165378570557
9672,-0.7119468450546265,1.2572211027145386,1.1904950141906738,0.4345407982667287,0.7119468450546265,0.70106041431427,0.03143283352255821,0.6735868453979492,0.6751645803451538,0.6796419024467468,0.683356523513794,0.70106041431427,0.7474179267883301,0.7537308931350708,0.7613165378570557,0.7613165378570557
9696,-0.7119468450546265,1.2507089376449585,1.18550705909729,0.42602118849754333,0.7119468450546265,0.70106041431427,0.03143283352255821,0.6735868453979492,0.6751645803451538,0.6796419024467468,0.683356523513794,0.70106041431427,0.7474179267883301,0.7537308931350708,0.7613165378570557,0.7613165378570557
9720,-0.7119468450546265,1.2473551034927368,1.1824589967727661,0.42308608690897626,0.7119468450546265,0.70106041431427,0.03143283352255821,0.6735868453979492,0.6751645803451538,0.6796419024467468,0.683356523513794,0.70106041431427,0.7474179267883301,0.7537308931350708,0.7613165378570557,0.7613165378570557
9744,-0.7119468450546265,1.2462693452835083,1.182134985923767,0.42076372106870014,0.7119468450546265,0.70106041431427,0.03143283352255821,0.6735868453979492,0.6751645803451538,0.6796419024467468,0.683356523513794,0.70106041431427,0.7474179267883301,0.7537308931350708,0.7613165378570557,0.7613165378570557
9768,-0.7119468450546265,1.242039680480957,1.1797215938568115,0.41317181785901386,0.7119468450546265,0.70106041431427,0.03143283352255821,0.6735868453979492,0.6751645803451538,0.6796419024467468,0.683356523513794,0.70106041431427,0.7474179267883301,0.7537308931350708,0.7613165378570557,0.7613165378570557
9792,-0.7119516730308533,1.2457393407821655,1.1845324039459229,0.41031577189763385,0.711951732635498,0.70106041431427,0.031427573412656784,0.6735868453979492,0.6751645803451538,0.6796419024467468,0.683356523513794,0.70106041431427,0.7474179267883301,0.7537308931350708,0.7613165378570557,0.7613165378570557
9816,-0.7119516730308533,1.246105670928955,1.1850528717041016,0.40765437483787537,0.711951732635498,0.70106041431427,0.031427573412656784,0.6735868453979492,0.6751645803451538,0.6796419024467468,0.683356523513794,0.70106041431427,0.7474179267883301,0.7537308931350708,0.7613165378570557,0.7613165378570557
9840,-0.7119516730308533,1.2420923709869385,1.1808838844299316,0.4071275591850281,0.711951732635498,0.70106041431427,0.031427573412656784,0.6735868453979492,0.6751645803451538,0.6796419024467468,0.683356523513794,0.70106041431427,0.7474179267883301,0.7537308931350708,0.7613165378570557,0.7613165378570557
9864,-0.7119516730308533,1.2409489154815674,1.1808663606643677,0.39990053574244183,0.711951732635498,0.70106041431427,0.031427573412656784,0.6735868453979492,0.6751645803451538,0.6796419024467468,0.683356523513794,0.70106041431427,0.7474179267883301,0.7537308931350708,0.7613165378570557,0.7613165378570557
9888,-0.7119516730308533,1.2303352355957031,1.171517252922058,0.3939769963423411,0.711951732635498,0.70106041431427,0.031427573412656784,0.6735868453979492,0.6751645803451538,0.6796419024467468,0.683356523513794,0.70106041431427,0.7474179267883301,0.7537308931350708,0.7613165378570557,0.7613165378570557
9912,-0.7119516730308533,1.230717658996582,1.1723238229751587,0.3906316061814626,0.711951732635498,0.70106041431427,0.031427573412656784,0.6735868453979492,0.6751645803451538,0.6796419024467468,0.683356523513794,0.70106041431427,0.7474179267883301,0.7537308931350708,0.7613165378570557,0.7613165378570557
9936,-0.7119516730308533,1.2304881811141968,1.1727348566055298,0.38500116268793744,0.711951732635498,0.70106041431427,0.031427573412656784,0.6735868453979492,0.6751645803451538,0.6796419024467468,0.683356523513794,0.70106041431427,0.7474179267883301,0.7537308931350708,0.7613165378570557,0.7613165378570557
9960,-0.7119516730308533,1.225698709487915,1.169661521911621,0.3784569203853607,0.711951732635498,0.70106041431427,0.031427573412656784,0.6735868453979492,0.6751645803451538,0.6796419024467468,0.683356523513794,0.70106041431427,0.7474179267883301,0.7537308931350708,0.7613165378570557,0.7613165378570557
9984,-0.7119516730308533,1.223466396331787,1.1680383682250977,0.37635547916094464,0.711951732635498,0.70106041431427,0.031427573412656784,0.6735868453979492,0.6751645803451538,0.6796419024467468,0.683356523513794,0.70106041431427,0.7474179267883301,0.7537308931350708,0.7613165378570557,0.7613165378570557
