step,best_fitness,avg_hamming,avg_l1,avg_entropy,mean,median,std,2%,5%,10%,25%,50%,75%,90%,95%,98%
20,-52.7599983215332,31.02022933959961,7.5599565505981445,41.9262638092041,-52.7599983215332,-52.0,13.394864082336426,-83.04000091552734,-71.05000305175781,-69.0,-63.0,-52.0,-45.75,-35.70000457763672,-28.900009155273438,-25.979995727539062
40,-60.8599967956543,30.282819747924805,9.988452911376953,39.98814868927002,-60.86000061035156,-61.0,13.179543495178223,-93.04000091552734,-85.0,-79.19999694824219,-68.25,-61.0,-50.75,-45.80000305175781,-41.95000457763672,-38.959991455078125
60,-67.55999755859375,29.64715576171875,11.430580139160156,38.3778772354126,-67.55999755859375,-67.0,13.203271865844727,-95.0199966430664,-91.0,-86.29999542236328,-75.5,-67.0,-58.0,-50.900001525878906,-47.95000457763672,-46.93998718261719
80,-72.0999984741211,29.02328109741211,12.503642082214355,36.88885021209717,-72.0999984741211,-71.0,12.637641906738281,-97.0199966430664,-95.05000305175781,-91.0,-80.0,-71.0,-62.75,-57.0,-54.0,-52.93998718261719
100,-77.0999984741211,28.359832763671875,13.306921005249023,35.40628719329834,-77.0999984741211,-74.5,13.562816619873047,-108.20000457763672,-101.25,-95.0,-86.0,-74.5,-67.0,-62.900001525878906,-58.95000457763672,-56.959991455078125
120,-80.97999572753906,27.834455490112305,14.050670623779297,34.06299304962158,-80.9800033569336,-80.5,13.012286186218262,-108.20000457763672,-104.0999984741211,-97.0999984741211,-89.0,-80.5,-70.75,-66.0,-64.0,-59.0
140,-85.91999816894531,27.251953125,14.561138153076172,32.775248527526855,-85.91999816894531,-86.0,12.76219367980957,-118.0,-108.1500015258789,-103.0,-93.0,-86.0,-76.75,-69.0,-67.95000457763672,-65.97999572753906
160,-90.13999938964844,26.84614372253418,15.025276184082031,31.696357250213623,-90.13999938964844,-89.0,13.884538650512695,-123.13999938964844,-118.0,-106.29999542236328,-99.0,-89.0,-81.0,-75.0,-69.0,-67.97999572753906
180,-94.07999420166016,26.360151290893555,15.365913391113281,30.596825122833252,-94.08000183105469,-92.0,13.3668851852417,-123.13999938964844,-118.05000305175781,-111.0999984741211,-101.5,-92.0,-85.0,-77.0,-73.95000457763672,-70.95999145507812
200,-97.91999816894531,25.90560531616211,15.649442672729492,29.544373512268066,-97.91999816894531,-97.0,13.26022720336914,-123.18000030517578,-119.05000305175781,-116.0,-107.25,-97.0,-89.0,-82.0,-76.95000457763672,-73.93998718261719
220,-100.57999420166016,25.526336669921875,15.90205192565918,28.600409984588623,-100.58000183105469,-99.0,13.590570449829102,-132.0,-124.19999694824219,-118.0999984741211,-109.25,-99.0,-90.0,-85.9000015258789,-81.0,-75.97999572753906
240,-102.91999816894531,25.13372802734375,16.088544845581055,27.699397087097168,-102.91999816894531,-103.0,13.366883277893066,-132.0,-124.19999694824219,-120.0999984741211,-112.0,-103.0,-94.25,-86.0,-81.0,-80.89997863769531
260,-105.43999481201172,24.691747665405273,16.179054260253906,26.78919744491577,-105.44000244140625,-104.0,13.298360824584961,-132.0800018310547,-128.10000610351562,-122.0999984741211,-115.0,-104.0,-95.75,-88.9000015258789,-84.90000915527344,-80.91998291015625
280,-107.55999755859375,24.366254806518555,16.349029541015625,25.964786052703857,-107.55999755859375,-106.0,13.391280174255371,-136.0,-128.10000610351562,-124.0999984741211,-116.5,-106.0,-99.0,-88.9000015258789,-85.0,-82.97999572753906
300,-109.5199966430664,23.94637107849121,16.36713409423828,25.156720638275146,-109.5199966430664,-107.0,13.168508529663086,-136.0,-130.0500030517578,-126.0999984741211,-120.0,-107.0,-101.0,-91.0,-87.0,-85.0
320,-111.13999938964844,23.692577362060547,16.46750831604004,24.508572101593018,-111.13999938964844,-111.0,12.594459533691406,-136.0,-130.14999389648438,-127.0999984741211,-120.25,-111.0,-104.0,-93.0,-90.95000457763672,-87.93998718261719
340,-112.54000091552734,23.374767303466797,16.51902961730957,23.807682037353516,-112.54000091552734,-113.0,12.727466583251953,-140.0,-133.14999389648438,-128.0,-121.0,-113.0,-104.0,-94.9000015258789,-91.0,-89.89997863769531
360,-114.1199951171875,23.134449005126953,16.613929748535156,23.158930778503418,-114.12000274658203,-115.0,12.673815727233887,-140.0399932861328,-135.14999389648438,-128.10000610351562,-122.25,-115.0,-105.0,-98.9000015258789,-93.0,-90.97999572753906
380,-115.5,22.910337448120117,16.68923568725586,22.563311100006104,-115.5,-116.0,12.441462516784668,-140.1199951171875,-135.14999389648438,-132.10000610351562,-123.0,-116.0,-107.0,-99.0,-96.90000915527344,-90.97999572753906
400,-116.0999984741211,22.64519500732422,16.70917510986328,21.955007553100586,-116.0999984741211,-116.0,12.585309028625488,-140.1199951171875,-137.14999389648438,-133.0,-123.0,-116.0,-107.0,-99.0,-96.90000915527344,-90.97999572753906
420,-117.5,22.37544822692871,16.690898895263672,21.401460647583008,-117.5,-116.5,12.602777481079102,-144.0399932861328,-140.0500030517578,-136.10000610351562,-123.25,-116.5,-109.0,-102.9000015258789,-96.90000915527344,-92.93998718261719
440,-118.5999984741211,22.16185760498047,16.69600486755371,20.895972728729248,-118.5999984741211,-119.0,12.54272747039795,-144.0399932861328,-140.0500030517578,-137.0,-125.0,-119.0,-110.75,-103.0,-98.90000915527344,-94.93998718261719
460,-119.45999908447266,21.930191040039062,16.71846580505371,20.355905055999756,-119.45999908447266,-119.5,12.666032791137695,-144.0399932861328,-141.0500030517578,-137.1999969482422,-125.25,-119.5,-111.0,-103.9000015258789,-98.90000915527344,-94.93998718261719
480,-120.86000061035156,21.70977783203125,16.722049713134766,19.844583988189697,-120.86000061035156,-120.0,12.640427589416504,-146.0,-144.0500030517578,-139.10000610351562,-128.0,-120.0,-112.0,-106.0,-100.90000915527344,-97.0
500,-121.86000061035156,21.457778930664062,16.670631408691406,19.367695331573486,-121.86000061035156,-121.0,12.836682319641113,-149.05999755859375,-144.0500030517578,-139.3000030517578,-129.0,-121.0,-113.0,-106.0,-101.0,-97.0
520,-122.87999725341797,21.243921279907227,16.638622283935547,18.903151512145996,-122.87999725341797,-122.5,13.24332332611084,-149.05999755859375,-145.0500030517578,-142.0,-131.25,-122.5,-115.0,-106.0,-101.0,-97.0
540,-123.5,20.99319839477539,16.575180053710938,18.428876876831055,-123.5,-123.0,13.593748092651367,-152.0,-147.10000610351562,-142.10000610351562,-131.5,-123.0,-115.0,-106.0,-101.0,-97.0
560,-124.6199951171875,20.86440658569336,16.61945343017578,18.034987926483154,-124.62000274658203,-124.0,13.668049812316895,-152.02000427246094,-149.10000610351562,-142.10000610351562,-134.25,-124.0,-115.0,-107.9000015258789,-101.0,-97.0
580,-125.45999908447266,20.698806762695312,16.604406356811523,17.646687984466553,-125.45999908447266,-125.0,13.144899368286133,-152.02000427246094,-149.10000610351562,-143.0,-134.25,-125.0,-117.0,-108.9000015258789,-104.90000915527344,-99.0
600,-126.19999694824219,20.517065048217773,16.5655517578125,17.25026798248291,-126.19999694824219,-126.0,12.6759614944458,-152.02000427246094,-149.10000610351562,-143.0,-134.25,-126.0,-118.75,-109.0,-106.95000457763672,-100.95999145507812
620,-126.75999450683594,20.340652465820312,16.523366928100586,16.879314422607422,-126.76000213623047,-126.0,12.672110557556152,-152.02000427246094,-151.0500030517578,-143.0,-134.25,-126.0,-120.0,-109.9000015258789,-107.95000457763672,-100.95999145507812
640,-126.91999816894531,20.18829345703125,16.512638092041016,16.482090950012207,-126.91999816894531,-126.0,12.62828540802002,-152.02000427246094,-151.0500030517578,-143.1999969482422,-134.25,-126.0,-120.0,-109.9000015258789,-108.95000457763672,-100.95999145507812
660,-127.36000061035156,20.097930908203125,16.565807342529297,16.117140293121338,-127.36000061035156,-126.5,12.425393104553223,-152.02000427246094,-151.0500030517578,-143.1999969482422,-134.25,-126.5,-120.0,-111.0,-109.0,-100.95999145507812
680,-127.95999908447266,19.972820281982422,16.56392478942871,15.769660234451294,-127.95999908447266,-127.0,12.275113105773926,-152.02000427246094,-151.0500030517578,-145.10000610351562,-134.25,-127.0,-120.75,-111.9000015258789,-109.0,-102.95999145507812
700,-128.5800018310547,19.86225700378418,16.575881958007812,15.429071187973022,-128.5800018310547,-127.0,12.07077407836914,-152.02000427246094,-151.0500030517578,-146.0,-135.0,-127.0,-122.5,-112.0,-110.90000915527344,-103.0
720,-129.0399932861328,19.711963653564453,16.54127311706543,15.077245473861694,-129.0399932861328,-128.0,12.029895782470703,-152.02000427246094,-151.0500030517578,-147.10000610351562,-136.0,-128.0,-122.75,-113.0,-111.0,-103.0
740,-129.5800018310547,19.57649803161621,16.515592575073242,14.73559045791626,-129.5800018310547,-129.0,11.949209213256836,-153.0,-152.0,-147.10000610351562,-136.25,-129.0,-124.0,-114.80000305175781,-111.0,-103.0
760,-129.94000244140625,19.436473846435547,16.487775802612305,14.411460876464844,-129.94000244140625,-129.0,12.02648639678955,-154.02000427246094,-152.0,-147.10000610351562,-138.0,-129.0,-124.0,-114.80000305175781,-111.0,-104.95999145507812
780,-130.3000030517578,19.324806213378906,16.472509384155273,14.119595766067505,-130.3000030517578,-129.0,12.095867156982422,-154.02000427246094,-152.0500030517578,-147.1999969482422,-138.0,-129.0,-124.0,-114.80000305175781,-111.0,-104.95999145507812
800,-130.52000427246094,19.235605239868164,16.475486755371094,13.842535734176636,-130.52000427246094,-129.0,12.060248374938965,-154.02000427246094,-152.0500030517578,-147.1999969482422,-138.25,-129.0,-124.75,-114.80000305175781,-111.95000457763672,-104.95999145507812
820,-130.6999969482422,19.104698181152344,16.44891929626465,13.553819179534912,-130.6999969482422,-129.0,11.969544410705566,-154.02000427246094,-152.0500030517578,-147.1999969482422,-139.0,-129.0,-125.0,-115.0,-112.0,-104.95999145507812
840,-131.02000427246094,19.030067443847656,16.456912994384766,13.292432069778442,-131.02000427246094,-129.0,12.028284072875977,-155.02000427246094,-152.0500030517578,-149.0,-139.0,-129.0,-125.0,-115.0,-112.95000457763672,-104.95999145507812
860,-131.25999450683594,18.951984405517578,16.4603271484375,13.047499418258667,-131.25999450683594,-129.5,12.052071571350098,-155.02000427246094,-152.0500030517578,-149.0,-139.25,-129.5,-125.0,-115.0,-112.95000457763672,-105.0
880,-131.47999572753906,18.83359146118164,16.407642364501953,12.792892456054688,-131.47999572753906,-130.5,12.056931495666504,-155.02000427246094,-152.0500030517578,-149.0,-139.25,-130.5,-125.0,-115.0,-112.95000457763672,-105.0
900,-131.77999877929688,18.77872085571289,16.408567428588867,12.601860523223877,-131.77999877929688,-130.5,12.099239349365234,-156.02000427246094,-152.0500030517578,-149.10000610351562,-139.25,-130.5,-125.0,-115.0,-113.0,-110.87997436523438
920,-132.0399932861328,18.690513610839844,16.38292121887207,12.374832153320312,-132.0399932861328,-131.0,11.98992919921875,-156.0399932861328,-152.0500030517578,-149.10000610351562,-139.25,-131.0,-125.0,-115.0,-113.0,-110.87997436523438
940,-132.3199920654297,18.62732696533203,16.36581802368164,12.17747449874878,-132.32000732421875,-131.0,11.957324028015137,-156.0399932861328,-152.0500030517578,-149.10000610351562,-141.0,-131.0,-125.0,-115.0,-113.0,-110.87997436523438
960,-132.66000366210938,18.553674697875977,16.350065231323242,11.965959548950195,-132.66000366210938,-131.5,11.909845352172852,-156.0399932861328,-152.10000610351562,-149.10000610351562,-141.0,-131.5,-126.0,-117.0,-113.95000457763672,-110.87997436523438
980,-132.739990234375,18.46788215637207,16.3375301361084,11.730713367462158,-132.74000549316406,-131.5,11.905141830444336,-156.0399932861328,-152.10000610351562,-149.10000610351562,-141.0,-131.5,-126.0,-117.0,-113.95000457763672,-110.87997436523438
1000,-133.02000427246094,18.371625900268555,16.292598724365234,11.551900625228882,-133.02000427246094,-132.0,11.870956420898438,-157.02000427246094,-152.10000610351562,-149.10000610351562,-141.0,-132.0,-127.0,-117.0,-113.95000457763672,-110.87997436523438
1020,-133.17999267578125,18.30014419555664,16.293413162231445,11.348286390304565,-133.17999267578125,-132.0,11.913337707519531,-158.02000427246094,-152.10000610351562,-149.10000610351562,-141.0,-132.0,-127.0,-117.0,-114.90000915527344,-110.87997436523438
1040,-133.22000122070312,18.237091064453125,16.287551879882812,11.143211841583252,-133.22000122070312,-132.0,11.996315956115723,-159.0,-152.10000610351562,-149.10000610351562,-141.0,-132.0,-127.0,-117.0,-114.90000915527344,-110.87997436523438
1060,-133.44000244140625,18.169677734375,16.264949798583984,10.96461272239685,-133.44000244140625,-132.0,12.028566360473633,-159.0,-152.1999969482422,-149.10000610351562,-141.0,-132.0,-127.0,-117.0,-114.90000915527344,-110.87997436523438
1080,-133.55999755859375,18.11092758178711,16.264493942260742,10.782078266143799,-133.55999755859375,-132.0,12.086620330810547,-159.0,-152.1999969482422,-150.10000610351562,-141.25,-132.0,-127.0,-117.0,-114.90000915527344,-110.87997436523438
1100,-133.72000122070312,18.03080940246582,16.237388610839844,10.593977928161621,-133.72000122070312,-132.0,12.175450325012207,-159.0,-154.10000610351562,-150.10000610351562,-142.0,-132.0,-127.0,-117.0,-114.90000915527344,-110.87997436523438
1120,-133.94000244140625,17.971435546875,16.217479705810547,10.43150520324707,-133.94000244140625,-132.0,12.263620376586914,-159.02000427246094,-155.0500030517578,-151.0,-142.0,-132.0,-127.0,-117.0,-114.90000915527344,-110.95999145507812
1140,-134.0800018310547,17.91891860961914,16.209339141845703,10.250008583068848,-134.0800018310547,-133.0,12.286317825317383,-159.02000427246094,-155.0500030517578,-151.0,-142.0,-133.0,-127.0,-117.0,-114.90000915527344,-110.95999145507812
1160,-134.16000366210938,17.84393882751465,16.184627532958984,10.082407474517822,-134.16000366210938,-133.0,12.337519645690918,-159.02000427246094,-155.0500030517578,-151.0,-142.0,-133.0,-127.0,-117.0,-114.90000915527344,-110.95999145507812
1180,-134.3199920654297,17.789888381958008,16.164024353027344,9.924122333526611,-134.32000732421875,-133.0,12.361942291259766,-159.02000427246094,-155.14999389648438,-151.10000610351562,-142.0,-133.0,-127.0,-117.0,-114.90000915527344,-110.95999145507812
1200,-134.44000244140625,17.760950088500977,16.163869857788086,9.806428909301758,-134.44000244140625,-133.0,12.35339641571045,-159.02000427246094,-155.14999389648438,-151.10000610351562,-142.25,-133.0,-127.0,-118.80000305175781,-114.90000915527344,-110.95999145507812
1220,-134.6199951171875,17.738231658935547,16.181983947753906,9.65127158164978,-134.6199951171875,-133.0,12.316476821899414,-159.02000427246094,-155.14999389648438,-151.10000610351562,-143.0,-133.0,-127.0,-119.0,-114.90000915527344,-110.95999145507812
1240,-134.63999938964844,17.735458374023438,16.200767517089844,9.523069858551025,-134.63999938964844,-133.0,12.331683158874512,-159.02000427246094,-155.14999389648438,-151.10000610351562,-143.25,-133.0,-127.0,-119.0,-114.90000915527344,-110.95999145507812
1260,-134.66000366210938,17.724754333496094,16.23107147216797,9.383204698562622,-134.66000366210938,-133.0,12.320892333984375,-159.02000427246094,-155.14999389648438,-151.10000610351562,-143.25,-133.0,-127.0,-119.0,-114.90000915527344,-110.95999145507812
1280,-134.72000122070312,17.686805725097656,16.22370147705078,9.255506753921509,-134.72000122070312,-133.0,12.26872444152832,-159.02000427246094,-155.14999389648438,-151.10000610351562,-143.25,-133.0,-127.0,-119.0,-115.85001373291016,-110.95999145507812
1300,-134.9199981689453,17.637935638427734,16.20372772216797,9.141793489456177,-134.9199981689453,-133.0,12.077813148498535,-159.02000427246094,-155.14999389648438,-151.10000610351562,-144.0,-133.0,-127.0,-119.0,-115.85001373291016,-111.0
1320,-134.9199981689453,17.599016189575195,16.194416046142578,8.994654893875122,-134.9199981689453,-133.0,12.077813148498535,-159.02000427246094,-155.14999389648438,-151.10000610351562,-144.0,-133.0,-127.0,-119.0,-115.85001373291016,-111.0
1340,-134.97999572753906,17.565160751342773,16.175708770751953,8.8980872631073,-134.97999572753906,-133.0,12.078062057495117,-159.02000427246094,-155.14999389648438,-151.10000610351562,-144.0,-133.0,-127.0,-119.0,-115.85001373291016,-111.0
1360,-135.05999755859375,17.517440795898438,16.153444290161133,8.786484718322754,-135.05999755859375,-133.0,12.157154083251953,-159.02000427246094,-157.0500030517578,-151.10000610351562,-144.0,-133.0,-127.0,-119.0,-115.85001373291016,-111.0
1380,-135.0800018310547,17.477947235107422,16.13349723815918,8.690218687057495,-135.0800018310547,-133.0,12.148809432983398,-159.02000427246094,-157.0500030517578,-151.10000610351562,-144.0,-133.0,-127.0,-119.0,-115.85001373291016,-111.0
1400,-135.16000366210938,17.442686080932617,16.12704086303711,8.581950187683105,-135.16000366210938,-133.0,12.212059020996094,-159.02000427246094,-157.0500030517578,-151.10000610351562,-144.25,-133.0,-127.0,-119.0,-115.85001373291016,-111.0
1420,-135.22000122070312,17.401538848876953,16.108978271484375,8.453766584396362,-135.22000122070312,-134.0,12.220949172973633,-159.02000427246094,-157.0500030517578,-151.10000610351562,-144.25,-134.0,-127.0,-119.0,-115.85001373291016,-111.0
1440,-135.25999450683594,17.383459091186523,16.123336791992188,8.344368934631348,-135.25999450683594,-134.0,12.1742525100708,-159.02000427246094,-157.0500030517578,-151.10000610351562,-144.25,-134.0,-127.0,-119.0,-115.85001373291016,-111.0
1460,-135.3199920654297,17.363601684570312,16.129138946533203,8.228971719741821,-135.32000732421875,-134.0,12.203998565673828,-159.02000427246094,-157.0500030517578,-151.10000610351562,-144.25,-134.0,-127.0,-119.0,-115.85001373291016,-111.0
1480,-135.33999633789062,17.31246566772461,16.101898193359375,8.129022002220154,-135.33999633789062,-134.0,12.178850173950195,-159.02000427246094,-157.0500030517578,-151.10000610351562,-144.25,-134.0,-127.0,-120.80000305175781,-115.85001373291016,-111.0
1500,-135.37998962402344,17.283100128173828,16.102619171142578,8.002117395401001,-135.3800048828125,-134.0,12.184236526489258,-159.02000427246094,-157.0500030517578,-151.10000610351562,-144.25,-134.0,-127.75,-120.80000305175781,-115.85001373291016,-111.0
1520,-135.44000244140625,17.242992401123047,16.08223533630371,7.913385629653931,-135.44000244140625,-134.0,12.201902389526367,-159.02000427246094,-157.0500030517578,-152.10000610351562,-144.25,-134.0,-127.75,-120.80000305175781,-115.85001373291016,-111.0
1540,-135.47999572753906,17.22805404663086,16.087051391601562,7.829991102218628,-135.47999572753906,-134.0,12.252738952636719,-159.02000427246094,-158.0,-152.10000610351562,-145.0,-134.0,-127.75,-120.80000305175781,-115.85001373291016,-111.0
1560,-135.52000427246094,17.21332550048828,16.096609115600586,7.739461302757263,-135.52000427246094,-134.0,12.215137481689453,-159.02000427246094,-158.0,-152.10000610351562,-145.0,-134.0,-128.75,-121.0,-115.85001373291016,-111.0
1580,-135.5800018310547,17.21103286743164,16.110363006591797,7.66645073890686,-135.5800018310547,-134.0,12.236976623535156,-159.02000427246094,-158.0,-152.10000610351562,-145.0,-134.0,-128.75,-121.0,-115.85001373291016,-111.0
1600,-135.59999084472656,17.197254180908203,16.11319351196289,7.578072547912598,-135.60000610351562,-134.0,12.218018531799316,-159.02000427246094,-158.0,-152.10000610351562,-145.0,-134.0,-128.75,-121.0,-115.85001373291016,-111.0
1620,-135.6199951171875,17.15009307861328,16.077604293823242,7.49327552318573,-135.6199951171875,-134.0,12.221931457519531,-159.02000427246094,-158.0,-152.10000610351562,-145.0,-134.0,-128.75,-121.0,-115.85001373291016,-111.0
1640,-135.6199951171875,17.12664031982422,16.067867279052734,7.420304179191589,-135.6199951171875,-134.0,12.221931457519531,-159.02000427246094,-158.0,-152.10000610351562,-145.0,-134.0,-128.75,-121.0,-115.85001373291016,-111.0
1660,-135.6199951171875,17.0858154296875,16.04166030883789,7.344531178474426,-135.6199951171875,-134.0,12.221931457519531,-159.02000427246094,-158.0,-152.10000610351562,-145.0,-134.0,-128.75,-121.0,-115.85001373291016,-111.0
1680,-135.67999267578125,17.09146499633789,16.065738677978516,7.26943302154541,-135.67999267578125,-134.0,12.282410621643066,-159.02000427246094,-158.0,-152.10000610351562,-145.0,-134.0,-128.75,-121.0,-115.85001373291016,-111.0
1700,-135.6999969482422,17.048336029052734,16.049959182739258,7.155253887176514,-135.6999969482422,-134.0,12.291053771972656,-159.02000427246094,-158.0,-152.10000610351562,-145.0,-134.0,-128.75,-121.0,-115.85001373291016,-111.0
1720,-135.8199920654297,17.044139862060547,16.057050704956055,7.092119812965393,-135.82000732421875,-134.0,12.215055465698242,-160.0,-158.0500030517578,-152.10000610351562,-145.0,-134.0,-128.75,-121.0,-116.95000457763672,-112.95999145507812
1740,-135.8199920654297,17.022851943969727,16.048328399658203,7.028747320175171,-135.82000732421875,-134.0,12.215055465698242,-160.0,-158.0500030517578,-152.10000610351562,-145.0,-134.0,-128.75,-121.0,-116.95000457763672,-112.95999145507812
1760,-135.83999633789062,16.99034881591797,16.031797409057617,6.941142439842224,-135.83999633789062,-134.0,12.19895076751709,-160.0,-158.0500030517578,-152.10000610351562,-145.0,-134.0,-128.75,-121.0,-116.95000457763672,-112.95999145507812
1780,-135.87998962402344,17.00584602355957,16.0631103515625,6.881163954734802,-135.8800048828125,-134.0,12.179720878601074,-160.0,-158.0500030517578,-152.10000610351562,-145.0,-134.0,-129.0,-121.0,-116.95000457763672,-112.95999145507812
1800,-135.89999389648438,17.00535774230957,16.077497482299805,6.805613875389099,-135.89999389648438,-134.0,12.186468124389648,-160.0,-158.0500030517578,-152.10000610351562,-145.0,-134.0,-129.0,-121.0,-116.95000457763672,-112.95999145507812
1820,-135.89999389648438,16.96426773071289,16.048315048217773,6.745885729789734,-135.89999389648438,-134.0,12.186468124389648,-160.0,-158.0500030517578,-152.10000610351562,-145.0,-134.0,-129.0,-121.0,-116.95000457763672,-112.95999145507812
1840,-135.97999572753906,16.927398681640625,16.021114349365234,6.684746980667114,-135.97999572753906,-135.0,12.16879653930664,-160.0,-158.0500030517578,-152.10000610351562,-145.0,-135.0,-129.0,-121.0,-116.95000457763672,-112.95999145507812
1860,-135.97999572753906,16.90227508544922,16.015987396240234,6.602758884429932,-135.97999572753906,-135.0,12.16879653930664,-160.0,-158.0500030517578,-152.10000610351562,-145.0,-135.0,-129.0,-121.0,-116.95000457763672,-112.95999145507812
1880,-136.0,16.89299201965332,16.015501022338867,6.531604886054993,-136.0,-135.0,12.162236213684082,-160.0,-158.0500030517578,-152.10000610351562,-145.0,-135.0,-129.0,-121.0,-116.95000457763672,-112.95999145507812
1900,-136.0,16.88323974609375,16.019607543945312,6.480180025100708,-136.0,-135.0,12.162236213684082,-160.0,-158.0500030517578,-152.10000610351562,-145.0,-135.0,-129.0,-121.0,-116.95000457763672,-112.95999145507812
1920,-136.0,16.866592407226562,16.016538619995117,6.414356589317322,-136.0,-135.0,12.162236213684082,-160.0,-158.0500030517578,-152.10000610351562,-145.0,-135.0,-129.0,-121.0,-116.95000457763672,-112.95999145507812
1940,-136.0800018310547,16.8341121673584,15.995233535766602,6.347228050231934,-136.0800018310547,-135.0,12.184974670410156,-160.0,-158.0500030517578,-152.10000610351562,-145.0,-135.0,-129.0,-121.0,-116.95000457763672,-112.95999145507812
1960,-136.13999938964844,16.843154907226562,16.01264762878418,6.293185472488403,-136.13999938964844,-135.0,12.218853950500488,-160.0,-158.0500030517578,-152.10000610351562,-145.0,-135.0,-129.0,-121.0,-116.95000457763672,-112.95999145507812
1980,-136.13999938964844,16.825098037719727,16.006183624267578,6.234013915061951,-136.13999938964844,-135.0,12.218853950500488,-160.0,-158.0500030517578,-152.10000610351562,-145.0,-135.0,-129.0,-121.0,-116.95000457763672,-112.95999145507812
2000,-136.16000366210938,16.787187576293945,15.982902526855469,6.165781497955322,-136.16000366210938,-135.0,12.195672035217285,-160.0,-158.0500030517578,-152.10000610351562,-145.0,-135.0,-129.0,-121.0,-116.95000457763672,-112.95999145507812
2020,-136.16000366210938,16.767038345336914,15.977084159851074,6.1025049686431885,-136.16000366210938,-135.0,12.195672035217285,-160.0,-158.0500030517578,-152.10000610351562,-145.0,-135.0,-129.0,-121.0,-116.95000457763672,-112.95999145507812
2040,-136.16000366210938,16.756999969482422,15.96883773803711,6.07136344909668,-136.16000366210938,-135.0,12.195672035217285,-160.0,-158.0500030517578,-152.10000610351562,-145.0,-135.0,-129.0,-121.0,-116.95000457763672,-112.95999145507812
2060,-136.17999267578125,16.761333465576172,15.983726501464844,6.047742247581482,-136.17999267578125,-135.0,12.201950073242188,-160.0,-158.0500030517578,-152.10000610351562,-145.0,-135.0,-129.0,-121.0,-116.95000457763672,-112.95999145507812
2080,-136.1999969482422,16.74858856201172,15.981135368347168,5.992803454399109,-136.1999969482422,-135.0,12.209831237792969,-160.0,-158.0500030517578,-152.10000610351562,-145.0,-135.0,-129.0,-121.0,-116.95000457763672,-112.95999145507812
2100,-136.22000122070312,16.740032196044922,15.980640411376953,5.936082363128662,-136.22000122070312,-135.0,12.216038703918457,-160.0,-158.0500030517578,-152.10000610351562,-145.0,-135.0,-129.0,-121.0,-116.95000457763672,-112.95999145507812
2120,-136.3000030517578,16.73337173461914,15.986071586608887,5.890813708305359,-136.3000030517578,-135.0,12.161826133728027,-160.0,-158.0500030517578,-152.10000610351562,-145.0,-135.0,-129.0,-121.0,-116.95000457763672,-112.95999145507812
2140,-136.39999389648438,16.727497100830078,15.990832328796387,5.837598919868469,-136.39999389648438,-135.0,12.069796562194824,-160.0,-158.0500030517578,-152.10000610351562,-145.0,-135.0,-129.0,-121.0,-116.95000457763672,-112.95999145507812
2160,-136.39999389648438,16.72771453857422,16.007503509521484,5.782218337059021,-136.39999389648438,-135.0,12.069796562194824,-160.0,-158.0500030517578,-152.10000610351562,-145.0,-135.0,-129.0,-121.0,-116.95000457763672,-112.95999145507812
2180,-136.44000244140625,16.711820602416992,16.00151824951172,5.72471559047699,-136.44000244140625,-135.0,12.073375701904297,-160.0,-158.0500030517578,-152.10000610351562,-145.0,-135.0,-129.0,-121.0,-116.95000457763672,-112.95999145507812
2200,-136.47999572753906,16.702938079833984,15.994451522827148,5.7016295194625854,-136.47999572753906,-135.0,12.083442687988281,-160.0,-158.0500030517578,-152.10000610351562,-145.25,-135.0,-129.0,-121.0,-116.95000457763672,-112.95999145507812
2220,-136.47999572753906,16.68373680114746,15.988643646240234,5.644766807556152,-136.47999572753906,-135.0,12.083442687988281,-160.0,-158.0500030517578,-152.10000610351562,-145.25,-135.0,-129.0,-121.0,-116.95000457763672,-112.95999145507812
2240,-136.47999572753906,16.691659927368164,16.00002670288086,5.612548232078552,-136.47999572753906,-135.0,12.083442687988281,-160.0,-158.0500030517578,-152.10000610351562,-145.25,-135.0,-129.0,-121.0,-116.95000457763672,-112.95999145507812
2260,-136.52000427246094,16.708114624023438,16.02452850341797,5.58167290687561,-136.52000427246094,-135.0,12.108244895935059,-160.0,-158.0500030517578,-152.1999969482422,-145.25,-135.0,-129.0,-121.0,-116.95000457763672,-112.95999145507812
2280,-136.5800018310547,16.690567016601562,16.012794494628906,5.526097774505615,-136.5800018310547,-135.5,12.110474586486816,-160.0,-158.0500030517578,-152.1999969482422,-145.25,-135.5,-129.0,-121.0,-116.95000457763672,-112.95999145507812
2300,-136.5800018310547,16.68450355529785,16.016502380371094,5.484219074249268,-136.5800018310547,-135.5,12.110474586486816,-160.0,-158.0500030517578,-152.1999969482422,-145.25,-135.5,-129.0,-121.0,-116.95000457763672,-112.95999145507812
2320,-136.5800018310547,16.666301727294922,16.008358001708984,5.4357582330703735,-136.5800018310547,-135.5,12.110474586486816,-160.0,-158.0500030517578,-152.1999969482422,-145.25,-135.5,-129.0,-121.0,-116.95000457763672,-112.95999145507812
2340,-136.5800018310547,16.651443481445312,16.001768112182617,5.398134827613831,-136.5800018310547,-135.5,12.110474586486816,-160.0,-158.0500030517578,-152.1999969482422,-145.25,-135.5,-129.0,-121.0,-116.95000457763672,-112.95999145507812
2360,-136.59999084472656,16.647140502929688,16.00732421875,5.352184772491455,-136.60000610351562,-135.5,12.092973709106445,-160.0,-158.0500030517578,-152.1999969482422,-145.25,-135.5,-129.0,-121.0,-116.95000457763672,-112.95999145507812
2380,-136.6199951171875,16.631900787353516,16.001434326171875,5.299052834510803,-136.6199951171875,-135.5,12.113446235656738,-160.0,-158.0500030517578,-152.1999969482422,-145.25,-135.5,-129.0,-121.0,-116.95000457763672,-112.95999145507812
2400,-136.6199951171875,16.615707397460938,15.992365837097168,5.2639594078063965,-136.6199951171875,-135.5,12.113446235656738,-160.0,-158.0500030517578,-152.1999969482422,-145.25,-135.5,-129.0,-121.0,-116.95000457763672,-112.95999145507812
2420,-136.83999633789062,16.629030227661133,16.01506805419922,5.236214518547058,-136.83999633789062,-137.5,12.156249046325684,-160.0,-158.0500030517578,-152.1999969482422,-146.0,-137.5,-129.0,-121.0,-116.95000457763672,-112.95999145507812
2440,-136.83999633789062,16.642871856689453,16.034114837646484,5.2035253047943115,-136.83999633789062,-137.5,12.156249046325684,-160.0,-158.0500030517578,-152.1999969482422,-146.0,-137.5,-129.0,-121.0,-116.95000457763672,-112.95999145507812
2460,-136.83999633789062,16.62751579284668,16.02487564086914,5.144056558609009,-136.83999633789062,-137.5,12.156249046325684,-160.0,-158.0500030517578,-152.1999969482422,-146.0,-137.5,-129.0,-121.0,-116.95000457763672,-112.95999145507812
2480,-136.83999633789062,16.60185432434082,16.010696411132812,5.078805088996887,-136.83999633789062,-137.5,12.156249046325684,-160.0,-158.0500030517578,-152.1999969482422,-146.0,-137.5,-129.0,-121.0,-116.95000457763672,-112.95999145507812
2500,-136.83999633789062,16.59035873413086,15.999239921569824,5.059698462486267,-136.83999633789062,-137.5,12.156249046325684,-160.0,-158.0500030517578,-152.1999969482422,-146.0,-137.5,-129.0,-121.0,-116.95000457763672,-112.95999145507812
2520,-136.87998962402344,16.604719161987305,16.023136138916016,5.022056579589844,-136.8800048828125,-137.5,12.153419494628906,-160.0,-158.0500030517578,-152.1999969482422,-146.0,-137.5,-129.0,-121.0,-116.95000457763672,-112.95999145507812
2540,-136.87998962402344,16.593338012695312,16.018665313720703,4.98633074760437,-136.8800048828125,-137.5,12.153419494628906,-160.0,-158.0500030517578,-152.1999969482422,-146.0,-137.5,-129.0,-121.0,-116.95000457763672,-112.95999145507812
2560,-136.89999389648438,16.57855796813965,16.017305374145508,4.925960183143616,-136.89999389648438,-137.5,12.156890869140625,-160.0,-158.0500030517578,-152.1999969482422,-146.0,-137.5,-129.0,-121.0,-116.95000457763672,-112.95999145507812
2580,-136.9199981689453,16.56167221069336,16.009443283081055,4.894345283508301,-136.9199981689453,-137.5,12.17019271850586,-160.0,-158.0500030517578,-152.1999969482422,-146.0,-137.5,-129.0,-121.0,-116.95000457763672,-112.95999145507812
2600,-136.9199981689453,16.55683708190918,16.012434005737305,4.850945472717285,-136.9199981689453,-137.5,12.17019271850586,-160.0,-158.0500030517578,-152.1999969482422,-146.0,-137.5,-129.0,-121.0,-116.95000457763672,-112.95999145507812
2620,-136.9199981689453,16.536312103271484,15.999907493591309,4.80968701839447,-136.9199981689453,-137.5,12.17019271850586,-160.0,-158.0500030517578,-152.1999969482422,-146.0,-137.5,-129.0,-121.0,-116.95000457763672,-112.95999145507812
2640,-136.9199981689453,16.541934967041016,16.00864028930664,4.787923455238342,-136.9199981689453,-137.5,12.17019271850586,-160.0,-158.0500030517578,-152.1999969482422,-146.0,-137.5,-129.0,-121.0,-116.95000457763672,-112.95999145507812
2660,-136.9199981689453,16.531761169433594,15.99932861328125,4.767584919929504,-136.9199981689453,-137.5,12.17019271850586,-160.0,-158.0500030517578,-152.1999969482422,-146.0,-137.5,-129.0,-121.0,-116.95000457763672,-112.95999145507812
2680,-136.9199981689453,16.519556045532227,15.99268913269043,4.756571054458618,-136.9199981689453,-137.5,12.17019271850586,-160.0,-158.0500030517578,-152.1999969482422,-146.0,-137.5,-129.0,-121.0,-116.95000457763672,-112.95999145507812
2700,-136.94000244140625,16.493555068969727,15.964777946472168,4.7390958070755005,-136.94000244140625,-137.5,12.153862953186035,-160.0,-158.0500030517578,-152.1999969482422,-146.0,-137.5,-129.0,-121.0,-116.95000457763672,-112.95999145507812
2720,-136.94000244140625,16.499290466308594,15.981345176696777,4.683290481567383,-136.94000244140625,-137.5,12.153862953186035,-160.0,-158.0500030517578,-152.1999969482422,-146.0,-137.5,-129.0,-121.0,-116.95000457763672,-112.95999145507812
2740,-136.94000244140625,16.479000091552734,15.967750549316406,4.656200528144836,-136.94000244140625,-137.5,12.153862953186035,-160.0,-158.0500030517578,-152.1999969482422,-146.0,-137.5,-129.0,-121.0,-116.95000457763672,-112.95999145507812
2760,-136.95999145507812,16.467546463012695,15.960841178894043,4.627954602241516,-136.9600067138672,-137.5,12.14077377319336,-160.0,-158.0500030517578,-152.1999969482422,-146.0,-137.5,-129.0,-121.0,-116.95000457763672,-112.95999145507812
2780,-136.95999145507812,16.474899291992188,15.96870231628418,4.615467548370361,-136.9600067138672,-137.5,12.14077377319336,-160.0,-158.0500030517578,-152.1999969482422,-146.0,-137.5,-129.0,-121.0,-116.95000457763672,-112.95999145507812
2800,-136.97999572753906,16.461570739746094,15.959999084472656,4.5870994329452515,-136.97999572753906,-137.5,12.158931732177734,-160.0,-158.0500030517578,-152.1999969482422,-146.0,-137.5,-129.0,-121.0,-116.95000457763672,-112.95999145507812
2820,-136.97999572753906,16.433809280395508,15.937609672546387,4.556290626525879,-136.97999572753906,-137.5,12.158931732177734,-160.0,-158.0500030517578,-152.1999969482422,-146.0,-137.5,-129.0,-121.0,-116.95000457763672,-112.95999145507812
2840,-136.97999572753906,16.42747688293457,15.936248779296875,4.5203917026519775,-136.97999572753906,-137.5,12.158931732177734,-160.0,-158.0500030517578,-152.1999969482422,-146.0,-137.5,-129.0,-121.0,-116.95000457763672,-112.95999145507812
2860,-137.0,16.405349731445312,15.91840648651123,4.490590810775757,-137.0,-137.5,12.165525436401367,-160.0,-158.0500030517578,-152.1999969482422,-146.0,-137.5,-129.0,-121.0,-116.95000457763672,-112.95999145507812
2880,-137.0,16.395517349243164,15.908427238464355,4.4701642990112305,-137.0,-137.5,12.165525436401367,-160.0,-158.0500030517578,-152.1999969482422,-146.0,-137.5,-129.0,-121.0,-116.95000457763672,-112.95999145507812
2900,-137.0,16.381383895874023,15.897924423217773,4.455817818641663,-137.0,-137.5,12.165525436401367,-160.0,-158.0500030517578,-152.1999969482422,-146.0,-137.5,-129.0,-121.0,-116.95000457763672,-112.95999145507812
2920,-137.0,16.35943603515625,15.881690979003906,4.413046598434448,-137.0,-137.5,12.165525436401367,-160.0,-158.0500030517578,-152.1999969482422,-146.0,-137.5,-129.0,-121.0,-116.95000457763672,-112.95999145507812
2940,-137.0,16.358177185058594,15.879074096679688,4.397688031196594,-137.0,-137.5,12.165525436401367,-160.0,-158.0500030517578,-152.1999969482422,-146.0,-137.5,-129.0,-121.0,-116.95000457763672,-112.95999145507812
2960,-137.0,16.379257202148438,15.904617309570312,4.376798152923584,-137.0,-137.5,12.165525436401367,-160.0,-158.0500030517578,-152.1999969482422,-146.0,-137.5,-129.0,-121.0,-116.95000457763672,-112.95999145507812
2980,-137.0,16.389925003051758,15.919532775878906,4.342670202255249,-137.0,-137.5,12.165525436401367,-160.0,-158.0500030517578,-152.1999969482422,-146.0,-137.5,-129.0,-121.0,-116.95000457763672,-112.95999145507812
3000,-137.0,16.363872528076172,15.894796371459961,4.315688967704773,-137.0,-137.5,12.165525436401367,-160.0,-158.0500030517578,-152.1999969482422,-146.0,-137.5,-129.0,-121.0,-116.95000457763672,-112.95999145507812
3020,-137.02000427246094,16.363418579101562,15.900553703308105,4.295888304710388,-137.02000427246094,-137.5,12.157285690307617,-160.0,-158.0500030517578,-152.1999969482422,-146.0,-137.5,-129.0,-121.0,-116.95000457763672,-112.95999145507812
3040,-137.02000427246094,16.349327087402344,15.89151668548584,4.292624354362488,-137.02000427246094,-137.5,12.157285690307617,-160.0,-158.0500030517578,-152.1999969482422,-146.0,-137.5,-129.0,-121.0,-116.95000457763672,-112.95999145507812
3060,-137.02000427246094,16.363906860351562,15.904808044433594,4.272555232048035,-137.02000427246094,-137.5,12.157285690307617,-160.0,-158.0500030517578,-152.1999969482422,-146.0,-137.5,-129.0,-121.0,-116.95000457763672,-112.95999145507812
3080,-137.02000427246094,16.34531021118164,15.891745567321777,4.250115990638733,-137.02000427246094,-137.5,12.157285690307617,-160.0,-158.0500030517578,-152.1999969482422,-146.0,-137.5,-129.0,-121.0,-116.95000457763672,-112.95999145507812
3100,-137.02000427246094,16.3138484954834,15.866473197937012,4.215136528015137,-137.02000427246094,-137.5,12.157285690307617,-160.0,-158.0500030517578,-152.1999969482422,-146.0,-137.5,-129.0,-121.0,-116.95000457763672,-112.95999145507812
3120,-137.02000427246094,16.305341720581055,15.862604141235352,4.194398641586304,-137.02000427246094,-137.5,12.157285690307617,-160.0,-158.0500030517578,-152.1999969482422,-146.0,-137.5,-129.0,-121.0,-116.95000457763672,-112.95999145507812
3140,-137.02000427246094,16.31393814086914,15.873443603515625,4.184909462928772,-137.02000427246094,-137.5,12.157285690307617,-160.0,-158.0500030517578,-152.1999969482422,-146.0,-137.5,-129.0,-121.0,-116.95000457763672,-112.95999145507812
3160,-137.05999755859375,16.295820236206055,15.858675003051758,4.159693658351898,-137.05999755859375,-137.5,12.097784042358398,-160.0,-158.0500030517578,-152.1999969482422,-146.0,-137.5,-129.0,-121.0,-116.95000457763672,-112.95999145507812
3180,-137.0800018310547,16.295360565185547,15.863590240478516,4.130650758743286,-137.0800018310547,-137.5,12.086091995239258,-160.0,-158.0500030517578,-152.1999969482422,-146.0,-137.5,-129.0,-121.0,-116.95000457763672,-112.95999145507812
3200,-137.0800018310547,16.28742790222168,15.857929229736328,4.113909482955933,-137.0800018310547,-137.5,12.086091995239258,-160.0,-158.0500030517578,-152.1999969482422,-146.0,-137.5,-129.0,-121.0,-116.95000457763672,-112.95999145507812
3220,-137.0800018310547,16.267507553100586,15.839412689208984,4.107925832271576,-137.0800018310547,-137.5,12.086091995239258,-160.0,-158.0500030517578,-152.1999969482422,-146.0,-137.5,-129.0,-121.0,-116.95000457763672,-112.95999145507812
3240,-137.0800018310547,16.289936065673828,15.867976188659668,4.091361463069916,-137.0800018310547,-137.5,12.086091995239258,-160.0,-158.0500030517578,-152.1999969482422,-146.0,-137.5,-129.0,-121.0,-116.95000457763672,-112.95999145507812
3260,-137.0800018310547,16.29075813293457,15.872408866882324,4.062486350536346,-137.0800018310547,-137.5,12.086091995239258,-160.0,-158.0500030517578,-152.1999969482422,-146.0,-137.5,-129.0,-121.0,-116.95000457763672,-112.95999145507812
3280,-137.09999084472656,16.267375946044922,15.84851360321045,4.047536730766296,-137.10000610351562,-137.5,12.095867156982422,-160.0,-158.0500030517578,-152.1999969482422,-146.0,-137.5,-129.0,-121.0,-116.95000457763672,-112.95999145507812
3300,-137.09999084472656,16.255569458007812,15.841583251953125,4.018635451793671,-137.10000610351562,-137.5,12.095867156982422,-160.0,-158.0500030517578,-152.1999969482422,-146.0,-137.5,-129.0,-121.0,-116.95000457763672,-112.95999145507812
3320,-137.09999084472656,16.25131607055664,15.840914726257324,3.992716431617737,-137.10000610351562,-137.5,12.095867156982422,-160.0,-158.0500030517578,-152.1999969482422,-146.0,-137.5,-129.0,-121.0,-116.95000457763672,-112.95999145507812
3340,-137.09999084472656,16.23029136657715,15.82434368133545,3.971044361591339,-137.10000610351562,-137.5,12.095867156982422,-160.0,-158.0500030517578,-152.1999969482422,-146.0,-137.5,-129.0,-121.0,-116.95000457763672,-112.95999145507812
3360,-137.09999084472656,16.240779876708984,15.839529037475586,3.9489710330963135,-137.10000610351562,-137.5,12.095867156982422,-160.0,-158.0500030517578,-152.1999969482422,-146.0,-137.5,-129.0,-121.0,-116.95000457763672,-112.95999145507812
3380,-137.09999084472656,16.250720977783203,15.851716995239258,3.9266403913497925,-137.10000610351562,-137.5,12.095867156982422,-160.0,-158.0500030517578,-152.1999969482422,-146.0,-137.5,-129.0,-121.0,-116.95000457763672,-112.95999145507812
3400,-137.09999084472656,16.228914260864258,15.833674430847168,3.8924120664596558,-137.10000610351562,-137.5,12.095867156982422,-160.0,-158.0500030517578,-152.1999969482422,-146.0,-137.5,-129.0,-121.0,-116.95000457763672,-112.95999145507812
3420,-137.09999084472656,16.227371215820312,15.832087516784668,3.881995677947998,-137.10000610351562,-137.5,12.095867156982422,-160.0,-158.0500030517578,-152.1999969482422,-146.0,-137.5,-129.0,-121.0,-116.95000457763672,-112.95999145507812
3440,-137.09999084472656,16.223787307739258,15.834053039550781,3.858376383781433,-137.10000610351562,-137.5,12.095867156982422,-160.0,-158.0500030517578,-152.1999969482422,-146.0,-137.5,-129.0,-121.0,-116.95000457763672,-112.95999145507812
3460,-137.09999084472656,16.225074768066406,15.835719108581543,3.844587981700897,-137.10000610351562,-137.5,12.095867156982422,-160.0,-158.0500030517578,-152.1999969482422,-146.0,-137.5,-129.0,-121.0,-116.95000457763672,-112.95999145507812
3480,-137.09999084472656,16.237300872802734,15.850484848022461,3.845566511154175,-137.10000610351562,-137.5,12.095867156982422,-160.0,-158.0500030517578,-152.1999969482422,-146.0,-137.5,-129.0,-121.0,-116.95000457763672,-112.95999145507812
3500,-137.09999084472656,16.223644256591797,15.838859558105469,3.824378550052643,-137.10000610351562,-137.5,12.095867156982422,-160.0,-158.0500030517578,-152.1999969482422,-146.0,-137.5,-129.0,-121.0,-116.95000457763672,-112.95999145507812
3520,-137.1199951171875,16.218639373779297,15.836455345153809,3.7975321412086487,-137.1199951171875,-137.5,12.085761070251465,-160.0,-158.0500030517578,-152.1999969482422,-146.0,-137.5,-129.0,-121.0,-116.95000457763672,-112.95999145507812
3540,-137.1199951171875,16.228870391845703,15.851664543151855,3.7775832414627075,-137.1199951171875,-137.5,12.085761070251465,-160.0,-158.0500030517578,-152.1999969482422,-146.0,-137.5,-129.0,-121.0,-116.95000457763672,-112.95999145507812
3560,-137.1199951171875,16.186573028564453,15.813464164733887,3.7531176805496216,-137.1199951171875,-137.5,12.085761070251465,-160.0,-158.0500030517578,-152.1999969482422,-146.0,-137.5,-129.0,-121.0,-116.95000457763672,-112.95999145507812
3580,-137.1199951171875,16.18581199645996,15.814046859741211,3.742821216583252,-137.1199951171875,-137.5,12.085761070251465,-160.0,-158.0500030517578,-152.1999969482422,-146.0,-137.5,-129.0,-121.0,-116.95000457763672,-112.95999145507812
3600,-137.1199951171875,16.177486419677734,15.806422233581543,3.729607582092285,-137.1199951171875,-137.5,12.085761070251465,-160.0,-158.0500030517578,-152.1999969482422,-146.0,-137.5,-129.0,-121.0,-116.95000457763672,-112.95999145507812
3620,-137.1199951171875,16.170995712280273,15.800089836120605,3.7188947200775146,-137.1199951171875,-137.5,12.085761070251465,-160.0,-158.0500030517578,-152.1999969482422,-146.0,-137.5,-129.0,-121.0,-116.95000457763672,-112.95999145507812
3640,-137.1199951171875,16.18692970275879,15.82416820526123,3.697589695453644,-137.1199951171875,-137.5,12.085761070251465,-160.0,-158.0500030517578,-152.1999969482422,-146.0,-137.5,-129.0,-121.0,-116.95000457763672,-112.95999145507812
3660,-137.13999938964844,16.202369689941406,15.840925216674805,3.6886720657348633,-137.13999938964844,-137.5,12.07726764678955,-160.0,-158.0500030517578,-152.1999969482422,-146.0,-137.5,-129.0,-121.0,-116.95000457763672,-112.95999145507812
3680,-137.13999938964844,16.214004516601562,15.855461120605469,3.672330617904663,-137.13999938964844,-137.5,12.07726764678955,-160.0,-158.0500030517578,-152.1999969482422,-146.0,-137.5,-129.0,-121.0,-116.95000457763672,-112.95999145507812
3700,-137.13999938964844,16.218868255615234,15.860011100769043,3.6608314514160156,-137.13999938964844,-137.5,12.07726764678955,-160.0,-158.0500030517578,-152.1999969482422,-146.0,-137.5,-129.0,-121.0,-116.95000457763672,-112.95999145507812
3720,-137.13999938964844,16.219589233398438,15.860956192016602,3.6493114829063416,-137.13999938964844,-137.5,12.07726764678955,-160.0,-158.0500030517578,-152.1999969482422,-146.0,-137.5,-129.0,-121.0,-116.95000457763672,-112.95999145507812
3740,-137.17999267578125,16.220298767089844,15.86225700378418,3.6400645971298218,-137.17999267578125,-137.5,12.113117218017578,-160.0,-158.0500030517578,-152.1999969482422,-146.0,-137.5,-129.0,-121.0,-116.95000457763672,-112.95999145507812
3760,-137.17999267578125,16.21967124938965,15.866576194763184,3.6197052597999573,-137.17999267578125,-137.5,12.113117218017578,-160.0,-158.0500030517578,-152.1999969482422,-146.0,-137.5,-129.0,-121.0,-116.95000457763672,-112.95999145507812
3780,-137.17999267578125,16.2158203125,15.866987228393555,3.5855196118354797,-137.17999267578125,-137.5,12.113117218017578,-160.0,-158.0500030517578,-152.1999969482422,-146.0,-137.5,-129.0,-121.0,-116.95000457763672,-112.95999145507812
3800,-137.17999267578125,16.212512969970703,15.870161056518555,3.5562134385108948,-137.17999267578125,-137.5,12.113117218017578,-160.0,-158.0500030517578,-152.1999969482422,-146.0,-137.5,-129.0,-121.0,-116.95000457763672,-112.95999145507812
3820,-137.17999267578125,16.206235885620117,15.864831924438477,3.5473140478134155,-137.17999267578125,-137.5,12.113117218017578,-160.0,-158.0500030517578,-152.1999969482422,-146.0,-137.5,-129.0,-121.0,-116.95000457763672,-112.95999145507812
3840,-137.17999267578125,16.184743881225586,15.845634460449219,3.537653863430023,-137.17999267578125,-137.5,12.113117218017578,-160.0,-158.0500030517578,-152.1999969482422,-146.0,-137.5,-129.0,-121.0,-116.95000457763672,-112.95999145507812
3860,-137.17999267578125,16.18609619140625,15.851435661315918,3.5247413516044617,-137.17999267578125,-137.5,12.113117218017578,-160.0,-158.0500030517578,-152.1999969482422,-146.0,-137.5,-129.0,-121.0,-116.95000457763672,-112.95999145507812
3880,-137.17999267578125,16.156635284423828,15.822054862976074,3.5172529220581055,-137.17999267578125,-137.5,12.113117218017578,-160.0,-158.0500030517578,-152.1999969482422,-146.0,-137.5,-129.0,-121.0,-116.95000457763672,-112.95999145507812
3900,-137.17999267578125,16.164703369140625,15.832843780517578,3.507753551006317,-137.17999267578125,-137.5,12.113117218017578,-160.0,-158.0500030517578,-152.1999969482422,-146.0,-137.5,-129.0,-121.0,-116.95000457763672,-112.95999145507812
3920,-137.17999267578125,16.161151885986328,15.833951950073242,3.4858251214027405,-137.17999267578125,-137.5,12.113117218017578,-160.0,-158.0500030517578,-152.1999969482422,-146.0,-137.5,-129.0,-121.0,-116.95000457763672,-112.95999145507812
3940,-137.17999267578125,16.144346237182617,15.814912796020508,3.475792407989502,-137.17999267578125,-137.5,12.113117218017578,-160.0,-158.0500030517578,-152.1999969482422,-146.0,-137.5,-129.0,-121.0,-116.95000457763672,-112.95999145507812
3960,-137.17999267578125,16.148130416870117,15.820945739746094,3.4658445715904236,-137.17999267578125,-137.5,12.113117218017578,-160.0,-158.0500030517578,-152.1999969482422,-146.0,-137.5,-129.0,-121.0,-116.95000457763672,-112.95999145507812
3980,-137.17999267578125,16.153766632080078,15.82932186126709,3.450902283191681,-137.17999267578125,-137.5,12.113117218017578,-160.0,-158.0500030517578,-152.1999969482422,-146.0,-137.5,-129.0,-121.0,-116.95000457763672,-112.95999145507812
4000,-137.17999267578125,16.155113220214844,15.83059310913086,3.438546895980835,-137.17999267578125,-137.5,12.113117218017578,-160.0,-158.0500030517578,-152.1999969482422,-146.0,-137.5,-129.0,-121.0,-116.95000457763672,-112.95999145507812
4020,-137.17999267578125,16.147510528564453,15.829436302185059,3.4160983562469482,-137.17999267578125,-137.5,12.113117218017578,-160.0,-158.0500030517578,-152.1999969482422,-146.0,-137.5,-129.0,-121.0,-116.95000457763672,-112.95999145507812
4040,-137.17999267578125,16.142230987548828,15.825210571289062,3.4103527069091797,-137.17999267578125,-137.5,12.113117218017578,-160.0,-158.0500030517578,-152.1999969482422,-146.0,-137.5,-129.0,-121.0,-116.95000457763672,-112.95999145507812
4060,-137.17999267578125,16.12652587890625,15.80829906463623,3.416158974170685,-137.17999267578125,-137.5,12.113117218017578,-160.0,-158.0500030517578,-152.1999969482422,-146.0,-137.5,-129.0,-121.0,-116.95000457763672,-112.95999145507812
4080,-137.17999267578125,16.10566520690918,15.789358139038086,3.401069402694702,-137.17999267578125,-137.5,12.113117218017578,-160.0,-158.0500030517578,-152.1999969482422,-146.0,-137.5,-129.0,-121.0,-116.95000457763672,-112.95999145507812
4100,-137.17999267578125,16.09813690185547,15.783076286315918,3.3879863023757935,-137.17999267578125,-137.5,12.113117218017578,-160.0,-158.0500030517578,-152.1999969482422,-146.0,-137.5,-129.0,-121.0,-116.95000457763672,-112.95999145507812
4120,-137.1999969482422,16.10784339904785,15.793391227722168,3.3889944553375244,-137.1999969482422,-137.5,12.101240158081055,-160.0,-158.0500030517578,-152.1999969482422,-146.0,-137.5,-129.0,-121.0,-116.95000457763672,-112.95999145507812
4140,-137.1999969482422,16.10702896118164,15.791645050048828,3.3868102431297302,-137.1999969482422,-137.5,12.101240158081055,-160.0,-158.0500030517578,-152.1999969482422,-146.0,-137.5,-129.0,-121.0,-116.95000457763672,-112.95999145507812
4160,-137.22000122070312,16.115421295166016,15.801216125488281,3.376374840736389,-137.22000122070312,-137.5,12.124009132385254,-160.0,-158.0500030517578,-152.1999969482422,-146.0,-137.5,-129.0,-121.0,-116.95000457763672,-112.95999145507812
4180,-137.22000122070312,16.120975494384766,15.808798789978027,3.351664900779724,-137.22000122070312,-137.5,12.124009132385254,-160.0,-158.0500030517578,-152.1999969482422,-146.0,-137.5,-129.0,-121.0,-116.95000457763672,-112.95999145507812
4200,-137.22000122070312,16.111427307128906,15.801867485046387,3.340180277824402,-137.22000122070312,-137.5,12.124009132385254,-160.0,-158.0500030517578,-152.1999969482422,-146.0,-137.5,-129.0,-121.0,-116.95000457763672,-112.95999145507812
4220,-137.22000122070312,16.113754272460938,15.806532859802246,3.3316054940223694,-137.22000122070312,-137.5,12.124009132385254,-160.0,-158.0500030517578,-152.1999969482422,-146.0,-137.5,-129.0,-121.0,-116.95000457763672,-112.95999145507812
4240,-137.22000122070312,16.105438232421875,15.798688888549805,3.3172190189361572,-137.22000122070312,-137.5,12.124009132385254,-160.0,-158.0500030517578,-152.1999969482422,-146.0,-137.5,-129.0,-121.0,-116.95000457763672,-112.95999145507812
4260,-137.22000122070312,16.09202766418457,15.786611557006836,3.29717755317688,-137.22000122070312,-137.5,12.124009132385254,-160.0,-158.0500030517578,-152.1999969482422,-146.0,-137.5,-129.0,-121.0,-116.95000457763672,-112.95999145507812
4280,-137.22000122070312,16.076221466064453,15.771139144897461,3.2866610884666443,-137.22000122070312,-137.5,12.124009132385254,-160.0,-158.0500030517578,-152.1999969482422,-146.0,-137.5,-129.0,-121.0,-116.95000457763672,-112.95999145507812
4300,-137.22000122070312,16.085975646972656,15.782774925231934,3.2777734994888306,-137.22000122070312,-137.5,12.124009132385254,-160.0,-158.0500030517578,-152.1999969482422,-146.0,-137.5,-129.0,-121.0,-116.95000457763672,-112.95999145507812
4320,-137.22000122070312,16.08238410949707,15.782764434814453,3.268949806690216,-137.22000122070312,-137.5,12.124009132385254,-160.0,-158.0500030517578,-152.1999969482422,-146.0,-137.5,-129.0,-121.0,-116.95000457763672,-112.95999145507812
4340,-137.22000122070312,16.0778751373291,15.778536796569824,3.2584884762763977,-137.22000122070312,-137.5,12.124009132385254,-160.0,-158.0500030517578,-152.1999969482422,-146.0,-137.5,-129.0,-121.0,-116.95000457763672,-112.95999145507812
4360,-137.22000122070312,16.078685760498047,15.778029441833496,3.256205976009369,-137.22000122070312,-137.5,12.124009132385254,-160.0,-158.0500030517578,-152.1999969482422,-146.0,-137.5,-129.0,-121.0,-116.95000457763672,-112.95999145507812
4380,-137.22000122070312,16.07843017578125,15.780420303344727,3.249589443206787,-137.22000122070312,-137.5,12.124009132385254,-160.0,-158.0500030517578,-152.1999969482422,-146.0,-137.5,-129.0,-121.0,-116.95000457763672,-112.95999145507812
4400,-137.22000122070312,16.081371307373047,15.784751892089844,3.219351291656494,-137.22000122070312,-137.5,12.124009132385254,-160.0,-158.0500030517578,-152.1999969482422,-146.0,-137.5,-129.0,-121.0,-116.95000457763672,-112.95999145507812
4420,-137.239990234375,16.08563995361328,15.790756225585938,3.21735155582428,-137.24000549316406,-137.5,12.113728523254395,-160.0,-158.0500030517578,-152.1999969482422,-146.0,-137.5,-129.0,-121.0,-116.95000457763672,-112.95999145507812
4440,-137.239990234375,16.085067749023438,15.78955364227295,3.201640009880066,-137.24000549316406,-137.5,12.113728523254395,-160.0,-158.0500030517578,-152.1999969482422,-146.0,-137.5,-129.0,-121.0,-116.95000457763672,-112.95999145507812
4460,-137.239990234375,16.069774627685547,15.777697563171387,3.181390941143036,-137.24000549316406,-137.5,12.113728523254395,-160.0,-158.0500030517578,-152.1999969482422,-146.0,-137.5,-129.0,-121.0,-116.95000457763672,-112.95999145507812
4480,-137.239990234375,16.06893539428711,15.778609275817871,3.172066032886505,-137.24000549316406,-137.5,12.113728523254395,-160.0,-158.0500030517578,-152.1999969482422,-146.0,-137.5,-129.0,-121.0,-116.95000457763672,-112.95999145507812
4500,-137.239990234375,16.060991287231445,15.770957946777344,3.1728551983833313,-137.24000549316406,-137.5,12.113728523254395,-160.0,-158.0500030517578,-152.1999969482422,-146.0,-137.5,-129.0,-121.0,-116.95000457763672,-112.95999145507812
4520,-137.239990234375,16.059371948242188,15.773841857910156,3.1573235988616943,-137.24000549316406,-137.5,12.113728523254395,-160.0,-158.0500030517578,-152.1999969482422,-146.0,-137.5,-129.0,-121.0,-116.95000457763672,-112.95999145507812
4540,-137.239990234375,16.06992530822754,15.784754753112793,3.150979697704315,-137.24000549316406,-137.5,12.113728523254395,-160.0,-158.0500030517578,-152.1999969482422,-146.0,-137.5,-129.0,-121.0,-116.95000457763672,-112.95999145507812
4560,-137.239990234375,16.062551498413086,15.777400970458984,3.134643316268921,-137.24000549316406,-137.5,12.113728523254395,-160.0,-158.0500030517578,-152.1999969482422,-146.0,-137.5,-129.0,-121.0,-116.95000457763672,-112.95999145507812
4580,-137.239990234375,16.072906494140625,15.789118766784668,3.123615562915802,-137.24000549316406,-137.5,12.113728523254395,-160.0,-158.0500030517578,-152.1999969482422,-146.0,-137.5,-129.0,-121.0,-116.95000457763672,-112.95999145507812
4600,-137.3000030517578,16.074230194091797,15.793731689453125,3.10060453414917,-137.3000030517578,-137.5,12.156890869140625,-160.0,-158.0500030517578,-152.1999969482422,-146.0,-137.5,-129.0,-121.0,-116.95000457763672,-112.95999145507812
4620,-137.3000030517578,16.072572708129883,15.795265197753906,3.0795225501060486,-137.3000030517578,-137.5,12.156890869140625,-160.0,-158.0500030517578,-152.1999969482422,-146.0,-137.5,-129.0,-121.0,-116.95000457763672,-112.95999145507812
4640,-137.3000030517578,16.08191680908203,15.807501792907715,3.062720537185669,-137.3000030517578,-137.5,12.156890869140625,-160.0,-158.0500030517578,-152.1999969482422,-146.0,-137.5,-129.0,-121.0,-116.95000457763672,-112.95999145507812
4660,-137.3000030517578,16.088834762573242,15.816192626953125,3.055936813354492,-137.3000030517578,-137.5,12.156890869140625,-160.0,-158.0500030517578,-152.1999969482422,-146.0,-137.5,-129.0,-121.0,-116.95000457763672,-112.95999145507812
4680,-137.3000030517578,16.086952209472656,15.815814018249512,3.0410295724868774,-137.3000030517578,-137.5,12.156890869140625,-160.0,-158.0500030517578,-152.1999969482422,-146.0,-137.5,-129.0,-121.0,-116.95000457763672,-112.95999145507812
4700,-137.3000030517578,16.085460662841797,15.815284729003906,3.0203057527542114,-137.3000030517578,-137.5,12.156890869140625,-160.0,-158.0500030517578,-152.1999969482422,-146.0,-137.5,-129.0,-121.0,-116.95000457763672,-112.95999145507812
4720,-137.3000030517578,16.079410552978516,15.811022758483887,3.00941401720047,-137.3000030517578,-137.5,12.156890869140625,-160.0,-158.0500030517578,-152.1999969482422,-146.0,-137.5,-129.0,-121.0,-116.95000457763672,-112.95999145507812
4740,-137.3000030517578,16.068464279174805,15.800992965698242,3.011644423007965,-137.3000030517578,-137.5,12.156890869140625,-160.0,-158.0500030517578,-152.1999969482422,-146.0,-137.5,-129.0,-121.0,-116.95000457763672,-112.95999145507812
4760,-137.3000030517578,16.068702697753906,15.801414489746094,3.002594470977783,-137.3000030517578,-137.5,12.156890869140625,-160.0,-158.0500030517578,-152.1999969482422,-146.0,-137.5,-129.0,-121.0,-116.95000457763672,-112.95999145507812
4780,-137.3000030517578,16.067794799804688,15.802565574645996,2.9928020238876343,-137.3000030517578,-137.5,12.156890869140625,-160.0,-158.0500030517578,-152.1999969482422,-146.0,-137.5,-129.0,-121.0,-116.95000457763672,-112.95999145507812
4800,-137.3199920654297,16.07602882385254,15.811664581298828,2.9980968236923218,-137.32000732421875,-137.5,12.174464225769043,-160.0,-158.0500030517578,-152.1999969482422,-146.0,-137.5,-129.0,-121.0,-116.95000457763672,-112.95999145507812
4820,-137.3199920654297,16.06821632385254,15.804634094238281,2.9987156987190247,-137.32000732421875,-137.5,12.174464225769043,-160.0,-158.0500030517578,-152.1999969482422,-146.0,-137.5,-129.0,-121.0,-116.95000457763672,-112.95999145507812
4840,-137.33999633789062,16.063129425048828,15.801910400390625,2.9819318056106567,-137.33999633789062,-137.5,12.165705680847168,-160.0,-158.0500030517578,-152.1999969482422,-146.0,-137.5,-129.0,-121.0,-116.95000457763672,-112.95999145507812
4860,-137.36000061035156,16.05010223388672,15.788656234741211,2.966409921646118,-137.36000061035156,-137.5,12.16348648071289,-160.0,-158.0500030517578,-152.1999969482422,-146.0,-137.5,-129.0,-121.0,-116.95000457763672,-112.95999145507812
4880,-137.37998962402344,16.047584533691406,15.788566589355469,2.9473605155944824,-137.3800048828125,-137.5,12.157943725585938,-160.0,-158.0500030517578,-152.1999969482422,-146.0,-137.5,-129.0,-121.0,-116.95000457763672,-112.95999145507812
4900,-137.4199981689453,16.04208755493164,15.784152030944824,2.9408567547798157,-137.4199981689453,-137.5,12.169781684875488,-160.0,-158.0500030517578,-152.1999969482422,-146.0,-137.5,-129.0,-121.0,-116.95000457763672,-112.95999145507812
4920,-137.4199981689453,16.04265785217285,15.779533386230469,2.945264458656311,-137.4199981689453,-137.5,12.169781684875488,-160.0,-158.0500030517578,-152.1999969482422,-146.0,-137.5,-129.0,-121.0,-116.95000457763672,-112.95999145507812
4940,-137.4199981689453,16.051103591918945,15.789997100830078,2.9313297271728516,-137.4199981689453,-137.5,12.169781684875488,-160.0,-158.0500030517578,-152.1999969482422,-146.0,-137.5,-129.0,-121.0,-116.95000457763672,-112.95999145507812
4960,-137.4199981689453,16.033628463745117,15.773984909057617,2.9174989461898804,-137.4199981689453,-137.5,12.169781684875488,-160.0,-158.0500030517578,-152.1999969482422,-146.0,-137.5,-129.0,-121.0,-116.95000457763672,-112.95999145507812
4980,-137.4199981689453,16.03612518310547,15.779546737670898,2.907594323158264,-137.4199981689453,-137.5,12.169781684875488,-160.0,-158.0500030517578,-152.1999969482422,-146.0,-137.5,-129.0,-121.0,-116.95000457763672,-112.95999145507812
5000,-137.4199981689453,16.016555786132812,15.764396667480469,2.892704427242279,-137.4199981689453,-137.5,12.169781684875488,-160.0,-158.0500030517578,-152.1999969482422,-146.0,-137.5,-129.0,-121.0,-116.95000457763672,-112.95999145507812
5020,-137.4199981689453,16.026674270629883,15.776302337646484,2.882456958293915,-137.4199981689453,-137.5,12.169781684875488,-160.0,-158.0500030517578,-152.1999969482422,-146.0,-137.5,-129.0,-121.0,-116.95000457763672,-112.95999145507812
5040,-137.4199981689453,16.02798080444336,15.775480270385742,2.8864956498146057,-137.4199981689453,-137.5,12.169781684875488,-160.0,-158.0500030517578,-152.1999969482422,-146.0,-137.5,-129.0,-121.0,-116.95000457763672,-112.95999145507812
5060,-137.4199981689453,16.017181396484375,15.768771171569824,2.863767683506012,-137.4199981689453,-137.5,12.169781684875488,-160.0,-158.0500030517578,-152.1999969482422,-146.0,-137.5,-129.0,-121.0,-116.95000457763672,-112.95999145507812
5080,-137.44000244140625,16.009353637695312,15.761375427246094,2.8636454939842224,-137.44000244140625,-137.5,12.174005508422852,-160.0,-158.0500030517578,-152.1999969482422,-146.0,-137.5,-129.0,-121.0,-116.95000457763672,-112.95999145507812
5100,-137.44000244140625,16.010623931884766,15.764674186706543,2.857041120529175,-137.44000244140625,-137.5,12.174005508422852,-160.0,-158.0500030517578,-152.1999969482422,-146.0,-137.5,-129.0,-121.0,-116.95000457763672,-112.95999145507812
5120,-137.44000244140625,16.01544189453125,15.771620750427246,2.8514344096183777,-137.44000244140625,-137.5,12.174005508422852,-160.0,-158.0500030517578,-152.1999969482422,-146.0,-137.5,-129.0,-121.0,-116.95000457763672,-112.95999145507812
5140,-137.44000244140625,16.009380340576172,15.765127182006836,2.8568561673164368,-137.44000244140625,-137.5,12.174005508422852,-160.0,-158.0500030517578,-152.1999969482422,-146.0,-137.5,-129.0,-121.0,-116.95000457763672,-112.95999145507812
5160,-137.44000244140625,16.004545211791992,15.762835502624512,2.838903486728668,-137.44000244140625,-137.5,12.174005508422852,-160.0,-158.0500030517578,-152.1999969482422,-146.0,-137.5,-129.0,-121.0,-116.95000457763672,-112.95999145507812
5180,-137.44000244140625,16.002460479736328,15.763113021850586,2.8354700207710266,-137.44000244140625,-137.5,12.174005508422852,-160.0,-158.0500030517578,-152.1999969482422,-146.0,-137.5,-129.0,-121.0,-116.95000457763672,-112.95999145507812
5200,-137.44000244140625,15.991076469421387,15.754039764404297,2.8144073486328125,-137.44000244140625,-137.5,12.174005508422852,-160.0,-158.0500030517578,-152.1999969482422,-146.0,-137.5,-129.0,-121.0,-116.95000457763672,-112.95999145507812
5220,-137.44000244140625,16.002347946166992,15.764558792114258,2.8091207146644592,-137.44000244140625,-137.5,12.174005508422852,-160.0,-158.0500030517578,-152.1999969482422,-146.0,-137.5,-129.0,-121.0,-116.95000457763672,-112.95999145507812
5240,-137.44000244140625,16.01016616821289,15.774569511413574,2.8006855845451355,-137.44000244140625,-137.5,12.174005508422852,-160.0,-158.0500030517578,-152.1999969482422,-146.0,-137.5,-129.0,-121.0,-116.95000457763672,-112.95999145507812
5260,-137.44000244140625,15.99882698059082,15.764758110046387,2.792296350002289,-137.44000244140625,-137.5,12.174005508422852,-160.0,-158.0500030517578,-152.1999969482422,-146.0,-137.5,-129.0,-121.0,-116.95000457763672,-112.95999145507812
5280,-137.44000244140625,16.00050163269043,15.766246795654297,2.793098509311676,-137.44000244140625,-137.5,12.174005508422852,-160.0,-158.0500030517578,-152.1999969482422,-146.0,-137.5,-129.0,-121.0,-116.95000457763672,-112.95999145507812
5300,-137.44000244140625,16.014530181884766,15.781947135925293,2.7903711199760437,-137.44000244140625,-137.5,12.174005508422852,-160.0,-158.0500030517578,-152.1999969482422,-146.0,-137.5,-129.0,-121.0,-116.95000457763672,-112.95999145507812
5320,-137.44000244140625,16.018390655517578,15.78712272644043,2.782685935497284,-137.44000244140625,-137.5,12.174005508422852,-160.0,-158.0500030517578,-152.1999969482422,-146.0,-137.5,-129.0,-121.0,-116.95000457763672,-112.95999145507812
5340,-137.44000244140625,16.02755355834961,15.795894622802734,2.768375515937805,-137.44000244140625,-137.5,12.174005508422852,-160.0,-158.0500030517578,-152.1999969482422,-146.0,-137.5,-129.0,-121.0,-116.95000457763672,-112.95999145507812
5360,-137.44000244140625,16.019546508789062,15.788989067077637,2.759601056575775,-137.44000244140625,-137.5,12.174005508422852,-160.0,-158.0500030517578,-152.1999969482422,-146.0,-137.5,-129.0,-121.0,-116.95000457763672,-112.95999145507812
5380,-137.44000244140625,16.011444091796875,15.783839225769043,2.7444533109664917,-137.44000244140625,-137.5,12.174005508422852,-160.0,-158.0500030517578,-152.1999969482422,-146.0,-137.5,-129.0,-121.0,-116.95000457763672,-112.95999145507812
5400,-137.44000244140625,16.005661010742188,15.781614303588867,2.73031747341156,-137.44000244140625,-137.5,12.174005508422852,-160.0,-158.0500030517578,-152.1999969482422,-146.0,-137.5,-129.0,-121.0,-116.95000457763672,-112.95999145507812
5420,-137.44000244140625,16.008325576782227,15.782964706420898,2.7402408719062805,-137.44000244140625,-137.5,12.174005508422852,-160.0,-158.0500030517578,-152.1999969482422,-146.0,-137.5,-129.0,-121.0,-116.95000457763672,-112.95999145507812
5440,-137.44000244140625,16.020580291748047,15.793935775756836,2.7383769750595093,-137.44000244140625,-137.5,12.174005508422852,-160.0,-158.0500030517578,-152.1999969482422,-146.0,-137.5,-129.0,-121.0,-116.95000457763672,-112.95999145507812
5460,-137.44000244140625,16.0360107421875,15.80959701538086,2.7382081151008606,-137.44000244140625,-137.5,12.174005508422852,-160.0,-158.0500030517578,-152.1999969482422,-146.0,-137.5,-129.0,-121.0,-116.95000457763672,-112.95999145507812
5480,-137.44000244140625,16.041061401367188,15.817693710327148,2.7227792739868164,-137.44000244140625,-137.5,12.174005508422852,-160.0,-158.0500030517578,-152.1999969482422,-146.0,-137.5,-129.0,-121.0,-116.95000457763672,-112.95999145507812
5500,-137.44000244140625,16.04638671875,15.823740005493164,2.70586621761322,-137.44000244140625,-137.5,12.174005508422852,-160.0,-158.0500030517578,-152.1999969482422,-146.0,-137.5,-129.0,-121.0,-116.95000457763672,-112.95999145507812
5520,-137.44000244140625,16.054441452026367,15.830706596374512,2.7100369930267334,-137.44000244140625,-137.5,12.174005508422852,-160.0,-158.0500030517578,-152.1999969482422,-146.0,-137.5,-129.0,-121.0,-116.95000457763672,-112.95999145507812
5540,-137.44000244140625,16.040376663208008,15.819311141967773,2.6874825954437256,-137.44000244140625,-137.5,12.174005508422852,-160.0,-158.0500030517578,-152.1999969482422,-146.0,-137.5,-129.0,-121.0,-116.95000457763672,-112.95999145507812
5560,-137.44000244140625,16.024669647216797,15.803523063659668,2.6859808564186096,-137.44000244140625,-137.5,12.174005508422852,-160.0,-158.0500030517578,-152.1999969482422,-146.0,-137.5,-129.0,-121.0,-116.95000457763672,-112.95999145507812
5580,-137.44000244140625,16.01938819885254,15.798749923706055,2.6738131642341614,-137.44000244140625,-137.5,12.174005508422852,-160.0,-158.0500030517578,-152.1999969482422,-146.0,-137.5,-129.0,-121.0,-116.95000457763672,-112.95999145507812
5600,-137.44000244140625,16.022239685058594,15.803632736206055,2.6712093353271484,-137.44000244140625,-137.5,12.174005508422852,-160.0,-158.0500030517578,-152.1999969482422,-146.0,-137.5,-129.0,-121.0,-116.95000457763672,-112.95999145507812
5620,-137.45999145507812,16.016260147094727,15.79944896697998,2.654078722000122,-137.4600067138672,-137.5,12.207719802856445,-160.0,-159.0,-152.1999969482422,-146.0,-137.5,-129.0,-121.0,-116.95000457763672,-112.95999145507812
5640,-137.45999145507812,16.00010871887207,15.782310485839844,2.649928331375122,-137.4600067138672,-137.5,12.207719802856445,-160.0,-159.0,-152.1999969482422,-146.0,-137.5,-129.0,-121.0,-116.95000457763672,-112.95999145507812
5660,-137.47999572753906,16.026512145996094,15.812139511108398,2.6560375690460205,-137.47999572753906,-137.5,12.202033042907715,-160.0,-159.0,-152.1999969482422,-146.0,-137.5,-129.0,-121.0,-116.95000457763672,-112.95999145507812
5680,-137.47999572753906,16.022071838378906,15.807167053222656,2.6479374766349792,-137.47999572753906,-137.5,12.202033042907715,-160.0,-159.0,-152.1999969482422,-146.0,-137.5,-129.0,-121.0,-116.95000457763672,-112.95999145507812
5700,-137.47999572753906,16.0184383392334,15.802507400512695,2.646847367286682,-137.47999572753906,-137.5,12.202033042907715,-160.0,-159.0,-152.1999969482422,-146.0,-137.5,-129.0,-121.0,-116.95000457763672,-112.95999145507812
5720,-137.47999572753906,16.021888732910156,15.806563377380371,2.63777619600296,-137.47999572753906,-137.5,12.202033042907715,-160.0,-159.0,-152.1999969482422,-146.0,-137.5,-129.0,-121.0,-116.95000457763672,-112.95999145507812
5740,-137.47999572753906,16.028121948242188,15.812129020690918,2.6298967599868774,-137.47999572753906,-137.5,12.202033042907715,-160.0,-159.0,-152.1999969482422,-146.0,-137.5,-129.0,-121.0,-116.95000457763672,-112.95999145507812
5760,-137.47999572753906,16.020626068115234,15.80551815032959,2.6253257393836975,-137.47999572753906,-137.5,12.202033042907715,-160.0,-159.0,-152.1999969482422,-146.0,-137.5,-129.0,-121.0,-116.95000457763672,-112.95999145507812
5780,-137.47999572753906,16.02975082397461,15.816428184509277,2.605438709259033,-137.47999572753906,-137.5,12.202033042907715,-160.0,-159.0,-152.1999969482422,-146.0,-137.5,-129.0,-121.0,-116.95000457763672,-112.95999145507812
5800,-137.47999572753906,16.029434204101562,15.818079948425293,2.5927847623825073,-137.47999572753906,-137.5,12.202033042907715,-160.0,-159.0,-152.1999969482422,-146.0,-137.5,-129.0,-121.0,-116.95000457763672,-112.95999145507812
5820,-137.52000427246094,16.027116775512695,15.814677238464355,2.5972520112991333,-137.52000427246094,-137.5,12.256002426147461,-160.0,-159.0,-154.10000610351562,-146.0,-137.5,-129.0,-121.0,-116.95000457763672,-112.95999145507812
5840,-137.52000427246094,16.036113739013672,15.825037002563477,2.592615783214569,-137.52000427246094,-137.5,12.256002426147461,-160.0,-159.0,-154.10000610351562,-146.0,-137.5,-129.0,-121.0,-116.95000457763672,-112.95999145507812
5860,-137.52000427246094,16.026668548583984,15.815905570983887,2.597552716732025,-137.52000427246094,-137.5,12.256002426147461,-160.0,-159.0,-154.10000610351562,-146.0,-137.5,-129.0,-121.0,-116.95000457763672,-112.95999145507812
5880,-137.52000427246094,16.049522399902344,15.837850570678711,2.605194091796875,-137.52000427246094,-137.5,12.256002426147461,-160.0,-159.0,-154.10000610351562,-146.0,-137.5,-129.0,-121.0,-116.95000457763672,-112.95999145507812
5900,-137.52000427246094,16.056529998779297,15.84423828125,2.6055870056152344,-137.52000427246094,-137.5,12.256002426147461,-160.0,-159.0,-154.10000610351562,-146.0,-137.5,-129.0,-121.0,-116.95000457763672,-112.95999145507812
5920,-137.52000427246094,16.051956176757812,15.842565536499023,2.601298987865448,-137.52000427246094,-137.5,12.256002426147461,-160.0,-159.0,-154.10000610351562,-146.0,-137.5,-129.0,-121.0,-116.95000457763672,-112.95999145507812
5940,-137.52000427246094,16.065841674804688,15.857593536376953,2.591732442378998,-137.52000427246094,-137.5,12.256002426147461,-160.0,-159.0,-154.10000610351562,-146.0,-137.5,-129.0,-121.0,-116.95000457763672,-112.95999145507812
5960,-137.52000427246094,16.08021354675293,15.87421989440918,2.57246071100235,-137.52000427246094,-137.5,12.256002426147461,-160.0,-159.0,-154.10000610351562,-146.0,-137.5,-129.0,-121.0,-116.95000457763672,-112.95999145507812
5980,-137.52000427246094,16.071720123291016,15.8651123046875,2.5676774382591248,-137.52000427246094,-137.5,12.256002426147461,-160.0,-159.0,-154.10000610351562,-146.0,-137.5,-129.0,-121.0,-116.95000457763672,-112.95999145507812
6000,-137.52000427246094,16.065868377685547,15.860289573669434,2.5610174536705017,-137.52000427246094,-137.5,12.256002426147461,-160.0,-159.0,-154.10000610351562,-146.0,-137.5,-129.0,-121.0,-116.95000457763672,-112.95999145507812
6020,-137.52000427246094,16.06719970703125,15.863795280456543,2.557115614414215,-137.52000427246094,-137.5,12.256002426147461,-160.0,-159.0,-154.10000610351562,-146.0,-137.5,-129.0,-121.0,-116.95000457763672,-112.95999145507812
6040,-137.52000427246094,16.07560157775879,15.871816635131836,2.552359163761139,-137.52000427246094,-137.5,12.256002426147461,-160.0,-159.0,-154.10000610351562,-146.0,-137.5,-129.0,-121.0,-116.95000457763672,-112.95999145507812
6060,-137.52000427246094,16.087886810302734,15.884828567504883,2.5377387404441833,-137.52000427246094,-137.5,12.256002426147461,-160.0,-159.0,-154.10000610351562,-146.0,-137.5,-129.0,-121.0,-116.95000457763672,-112.95999145507812
6080,-137.52000427246094,16.066017150878906,15.862261772155762,2.532659888267517,-137.52000427246094,-137.5,12.256002426147461,-160.0,-159.0,-154.10000610351562,-146.0,-137.5,-129.0,-121.0,-116.95000457763672,-112.95999145507812
6100,-137.52000427246094,16.04732894897461,15.844813346862793,2.5216750502586365,-137.52000427246094,-137.5,12.256002426147461,-160.0,-159.0,-154.10000610351562,-146.0,-137.5,-129.0,-121.0,-116.95000457763672,-112.95999145507812
6120,-137.52000427246094,16.0333251953125,15.830668449401855,2.5297012329101562,-137.52000427246094,-137.5,12.256002426147461,-160.0,-159.0,-154.10000610351562,-146.0,-137.5,-129.0,-121.0,-116.95000457763672,-112.95999145507812
6140,-137.52000427246094,16.040721893310547,15.839309692382812,2.5137851238250732,-137.52000427246094,-137.5,12.256002426147461,-160.0,-159.0,-154.10000610351562,-146.0,-137.5,-129.0,-121.0,-116.95000457763672,-112.95999145507812
6160,-137.52000427246094,16.042865753173828,15.838521957397461,2.5173985958099365,-137.52000427246094,-137.5,12.256002426147461,-160.0,-159.0,-154.10000610351562,-146.0,-137.5,-129.0,-121.0,-116.95000457763672,-112.95999145507812
6180,-137.52000427246094,16.03434944152832,15.833033561706543,2.511075496673584,-137.52000427246094,-137.5,12.256002426147461,-160.0,-159.0,-154.10000610351562,-146.0,-137.5,-129.0,-121.0,-116.95000457763672,-112.95999145507812
6200,-137.5399932861328,16.038238525390625,15.838258743286133,2.5047855973243713,-137.5399932861328,-137.5,12.261664390563965,-160.0,-159.0,-154.10000610351562,-146.0,-137.5,-129.0,-121.0,-116.95000457763672,-112.95999145507812
6220,-137.5399932861328,16.038772583007812,15.840312004089355,2.5052558183670044,-137.5399932861328,-137.5,12.261664390563965,-160.0,-159.0,-154.10000610351562,-146.0,-137.5,-129.0,-121.0,-116.95000457763672,-112.95999145507812
6240,-137.5399932861328,16.0401611328125,15.844172477722168,2.483664572238922,-137.5399932861328,-137.5,12.261664390563965,-160.0,-159.0,-154.10000610351562,-146.0,-137.5,-129.0,-121.0,-116.95000457763672,-112.95999145507812
6260,-137.5399932861328,16.03571319580078,15.841268539428711,2.466334581375122,-137.5399932861328,-137.5,12.261664390563965,-160.0,-159.0,-154.10000610351562,-146.0,-137.5,-129.0,-121.0,-116.95000457763672,-112.95999145507812
6280,-137.5399932861328,16.040462493896484,15.848508834838867,2.45378315448761,-137.5399932861328,-137.5,12.261664390563965,-160.0,-159.0,-154.10000610351562,-146.0,-137.5,-129.0,-121.0,-116.95000457763672,-112.95999145507812
6300,-137.5399932861328,16.038206100463867,15.843513488769531,2.459930419921875,-137.5399932861328,-137.5,12.261664390563965,-160.0,-159.0,-154.10000610351562,-146.0,-137.5,-129.0,-121.0,-116.95000457763672,-112.95999145507812
6320,-137.5399932861328,16.04296875,15.848101615905762,2.4690300822257996,-137.5399932861328,-137.5,12.261664390563965,-160.0,-159.0,-154.10000610351562,-146.0,-137.5,-129.0,-121.0,-116.95000457763672,-112.95999145507812
6340,-137.5399932861328,16.021778106689453,15.827083587646484,2.4646835923194885,-137.5399932861328,-137.5,12.261664390563965,-160.0,-159.0,-154.10000610351562,-146.0,-137.5,-129.0,-121.0,-116.95000457763672,-112.95999145507812
6360,-137.5399932861328,16.02771759033203,15.833059310913086,2.4659021496772766,-137.5399932861328,-137.5,12.261664390563965,-160.0,-159.0,-154.10000610351562,-146.0,-137.5,-129.0,-121.0,-116.95000457763672,-112.95999145507812
6380,-137.5399932861328,16.019624710083008,15.825095176696777,2.4580941200256348,-137.5399932861328,-137.5,12.261664390563965,-160.0,-159.0,-154.10000610351562,-146.0,-137.5,-129.0,-121.0,-116.95000457763672,-112.95999145507812
6400,-137.5399932861328,16.017532348632812,15.82416820526123,2.4477440118789673,-137.5399932861328,-137.5,12.261664390563965,-160.0,-159.0,-154.10000610351562,-146.0,-137.5,-129.0,-121.0,-116.95000457763672,-112.95999145507812
6420,-137.5800018310547,16.016983032226562,15.825103759765625,2.440117120742798,-137.5800018310547,-137.5,12.302178382873535,-160.0,-159.0,-154.10000610351562,-146.0,-137.5,-129.0,-121.0,-116.95000457763672,-112.95999145507812
6440,-137.5800018310547,16.028827667236328,15.835734367370605,2.438878118991852,-137.5800018310547,-137.5,12.302178382873535,-160.0,-159.0,-154.10000610351562,-146.0,-137.5,-129.0,-121.0,-116.95000457763672,-112.95999145507812
6460,-137.5800018310547,16.027729034423828,15.834041595458984,2.4358763694763184,-137.5800018310547,-137.5,12.302178382873535,-160.0,-159.0,-154.10000610351562,-146.0,-137.5,-129.0,-121.0,-116.95000457763672,-112.95999145507812
6480,-137.5800018310547,16.012910842895508,15.819525718688965,2.4345576763153076,-137.5800018310547,-137.5,12.302178382873535,-160.0,-159.0,-154.10000610351562,-146.0,-137.5,-129.0,-121.0,-116.95000457763672,-112.95999145507812
6500,-137.5800018310547,16.006874084472656,15.81363582611084,2.4330519437789917,-137.5800018310547,-137.5,12.302178382873535,-160.0,-159.0,-154.10000610351562,-146.0,-137.5,-129.0,-121.0,-116.95000457763672,-112.95999145507812
6520,-137.5800018310547,16.000751495361328,15.807846069335938,2.4302716851234436,-137.5800018310547,-137.5,12.302178382873535,-160.0,-159.0,-154.10000610351562,-146.0,-137.5,-129.0,-121.0,-116.95000457763672,-112.95999145507812
6540,-137.5800018310547,16.006481170654297,15.814620018005371,2.4183955788612366,-137.5800018310547,-137.5,12.302178382873535,-160.0,-159.0,-154.10000610351562,-146.0,-137.5,-129.0,-121.0,-116.95000457763672,-112.95999145507812
6560,-137.5800018310547,16.004817962646484,15.813270568847656,2.4165543913841248,-137.5800018310547,-137.5,12.302178382873535,-160.0,-159.0,-154.10000610351562,-146.0,-137.5,-129.0,-121.0,-116.95000457763672,-112.95999145507812
6580,-137.5800018310547,16.000198364257812,15.809865951538086,2.418065369129181,-137.5800018310547,-137.5,12.302178382873535,-160.0,-159.0,-154.10000610351562,-146.0,-137.5,-129.0,-121.0,-116.95000457763672,-112.95999145507812
6600,-137.5800018310547,16.01500701904297,15.823774337768555,2.4109285473823547,-137.5800018310547,-137.5,12.302178382873535,-160.0,-159.0,-154.10000610351562,-146.0,-137.5,-129.0,-121.0,-116.95000457763672,-112.95999145507812
6620,-137.5800018310547,16.007301330566406,15.81776237487793,2.4001718759536743,-137.5800018310547,-137.5,12.302178382873535,-160.0,-159.0,-154.10000610351562,-146.0,-137.5,-129.0,-121.0,-116.95000457763672,-112.95999145507812
6640,-137.5800018310547,16.018428802490234,15.826902389526367,2.4022836685180664,-137.5800018310547,-137.5,12.302178382873535,-160.0,-159.0,-154.10000610351562,-146.0,-137.5,-129.0,-121.0,-116.95000457763672,-112.95999145507812
6660,-137.5800018310547,16.017763137817383,15.82724666595459,2.3997743725776672,-137.5800018310547,-137.5,12.302178382873535,-160.0,-159.0,-154.10000610351562,-146.0,-137.5,-129.0,-121.0,-116.95000457763672,-112.95999145507812
6680,-137.5800018310547,16.016088485717773,15.824651718139648,2.3924246430397034,-137.5800018310547,-137.5,12.302178382873535,-160.0,-159.0,-154.10000610351562,-146.0,-137.5,-129.0,-121.0,-116.95000457763672,-112.95999145507812
6700,-137.5800018310547,16.00517463684082,15.815731048583984,2.3811776638031006,-137.5800018310547,-137.5,12.302178382873535,-160.0,-159.0,-154.10000610351562,-146.0,-137.5,-129.0,-121.0,-116.95000457763672,-112.95999145507812
6720,-137.5800018310547,15.995399475097656,15.805727005004883,2.3755509853363037,-137.5800018310547,-137.5,12.302178382873535,-160.0,-159.0,-154.10000610351562,-146.0,-137.5,-129.0,-121.0,-116.95000457763672,-112.95999145507812
6740,-137.5800018310547,16.004188537597656,15.81625747680664,2.374670147895813,-137.5800018310547,-137.5,12.302178382873535,-160.0,-159.0,-154.10000610351562,-146.0,-137.5,-129.0,-121.0,-116.95000457763672,-112.95999145507812
6760,-137.5800018310547,15.98615550994873,15.801398277282715,2.369300961494446,-137.5800018310547,-137.5,12.302178382873535,-160.0,-159.0,-154.10000610351562,-146.0,-137.5,-129.0,-121.0,-116.95000457763672,-112.95999145507812
6780,-137.5800018310547,15.989253997802734,15.80166244506836,2.3751277923583984,-137.5800018310547,-137.5,12.302178382873535,-160.0,-159.0,-154.10000610351562,-146.0,-137.5,-129.0,-121.0,-116.95000457763672,-112.95999145507812
6800,-137.5800018310547,15.996428489685059,15.809664726257324,2.3622066378593445,-137.5800018310547,-137.5,12.302178382873535,-160.0,-159.0,-154.10000610351562,-146.0,-137.5,-129.0,-121.0,-116.95000457763672,-112.95999145507812
6820,-137.5800018310547,15.996859550476074,15.8114652633667,2.348380982875824,-137.5800018310547,-137.5,12.302178382873535,-160.0,-159.0,-154.10000610351562,-146.0,-137.5,-129.0,-121.0,-116.95000457763672,-112.95999145507812
6840,-137.5800018310547,16.00728416442871,15.823031425476074,2.347486734390259,-137.5800018310547,-137.5,12.302178382873535,-160.0,-159.0,-154.10000610351562,-146.0,-137.5,-129.0,-121.0,-116.95000457763672,-112.95999145507812
6860,-137.5800018310547,15.995481491088867,15.811878204345703,2.3441770672798157,-137.5800018310547,-137.5,12.302178382873535,-160.0,-159.0,-154.10000610351562,-146.0,-137.5,-129.0,-121.0,-116.95000457763672,-112.95999145507812
6880,-137.5800018310547,15.992941856384277,15.81185531616211,2.3414604663848877,-137.5800018310547,-137.5,12.302178382873535,-160.0,-159.0,-154.10000610351562,-146.0,-137.5,-129.0,-121.0,-116.95000457763672,-112.95999145507812
6900,-137.5800018310547,15.997062683105469,15.815478324890137,2.338559925556183,-137.5800018310547,-137.5,12.302178382873535,-160.0,-159.0,-154.10000610351562,-146.0,-137.5,-129.0,-121.0,-116.95000457763672,-112.95999145507812
6920,-137.5800018310547,15.984305381774902,15.8033447265625,2.3268484473228455,-137.5800018310547,-137.5,12.302178382873535,-160.0,-159.0,-154.10000610351562,-146.0,-137.5,-129.0,-121.0,-116.95000457763672,-112.95999145507812
6940,-137.5800018310547,15.991522789001465,15.812070846557617,2.325894773006439,-137.5800018310547,-137.5,12.302178382873535,-160.0,-159.0,-154.10000610351562,-146.0,-137.5,-129.0,-121.0,-116.95000457763672,-112.95999145507812
6960,-137.5800018310547,15.998929977416992,15.819433212280273,2.3344605565071106,-137.5800018310547,-137.5,12.302178382873535,-160.0,-159.0,-154.10000610351562,-146.0,-137.5,-129.0,-121.0,-116.95000457763672,-112.95999145507812
6980,-137.5800018310547,16.00058364868164,15.821192741394043,2.314320147037506,-137.5800018310547,-137.5,12.302178382873535,-160.0,-159.0,-154.10000610351562,-146.0,-137.5,-129.0,-121.0,-116.95000457763672,-112.95999145507812
7000,-137.5800018310547,16.00141143798828,15.82190227508545,2.310731053352356,-137.5800018310547,-137.5,12.302178382873535,-160.0,-159.0,-154.10000610351562,-146.0,-137.5,-129.0,-121.0,-116.95000457763672,-112.95999145507812
7020,-137.5800018310547,16.00480079650879,15.827775955200195,2.3013246059417725,-137.5800018310547,-137.5,12.302178382873535,-160.0,-159.0,-154.10000610351562,-146.0,-137.5,-129.0,-121.0,-116.95000457763672,-112.95999145507812
7040,-137.5800018310547,16.01126480102539,15.834365844726562,2.299140691757202,-137.5800018310547,-137.5,12.302178382873535,-160.0,-159.0,-154.10000610351562,-146.0,-137.5,-129.0,-121.0,-116.95000457763672,-112.95999145507812
7060,-137.5800018310547,16.013626098632812,15.837549209594727,2.294711112976074,-137.5800018310547,-137.5,12.302178382873535,-160.0,-159.0,-154.10000610351562,-146.0,-137.5,-129.0,-121.0,-116.95000457763672,-112.95999145507812
7080,-137.5800018310547,16.014474868774414,15.841703414916992,2.2871344089508057,-137.5800018310547,-137.5,12.302178382873535,-160.0,-159.0,-154.10000610351562,-146.0,-137.5,-129.0,-121.0,-116.95000457763672,-112.95999145507812
7100,-137.59999084472656,16.002031326293945,15.829092979431152,2.283441185951233,-137.60000610351562,-137.5,12.29471492767334,-160.0,-159.0,-154.10000610351562,-146.0,-137.5,-129.0,-121.0,-116.95000457763672,-112.95999145507812
7120,-137.59999084472656,16.004913330078125,15.832045555114746,2.2760424613952637,-137.60000610351562,-137.5,12.29471492767334,-160.0,-159.0,-154.10000610351562,-146.0,-137.5,-129.0,-121.0,-116.95000457763672,-112.95999145507812
7140,-137.59999084472656,16.00530242919922,15.832275390625,2.2664496302604675,-137.60000610351562,-137.5,12.29471492767334,-160.0,-159.0,-154.10000610351562,-146.0,-137.5,-129.0,-121.0,-116.95000457763672,-112.95999145507812
7160,-137.59999084472656,16.00311851501465,15.832674980163574,2.2605263590812683,-137.60000610351562,-137.5,12.29471492767334,-160.0,-159.0,-154.10000610351562,-146.0,-137.5,-129.0,-121.0,-116.95000457763672,-112.95999145507812
7180,-137.6199951171875,16.002483367919922,15.834746360778809,2.2551138401031494,-137.6199951171875,-137.5,12.261141777038574,-160.0,-159.0,-154.10000610351562,-146.0,-137.5,-129.0,-121.0,-117.0,-112.95999145507812
7200,-137.6199951171875,16.012611389160156,15.844202995300293,2.2498196959495544,-137.6199951171875,-137.5,12.261141777038574,-160.0,-159.0,-154.10000610351562,-146.0,-137.5,-129.0,-121.0,-117.0,-112.95999145507812
7220,-137.6199951171875,16.01251220703125,15.841273307800293,2.251910150051117,-137.6199951171875,-137.5,12.261141777038574,-160.0,-159.0,-154.10000610351562,-146.0,-137.5,-129.0,-121.0,-117.0,-112.95999145507812
7240,-137.6199951171875,16.012454986572266,15.843679428100586,2.236774504184723,-137.6199951171875,-137.5,12.261141777038574,-160.0,-159.0,-154.10000610351562,-146.0,-137.5,-129.0,-121.0,-117.0,-112.95999145507812
7260,-137.6199951171875,16.010665893554688,15.842445373535156,2.232121229171753,-137.6199951171875,-137.5,12.261141777038574,-160.0,-159.0,-154.10000610351562,-146.0,-137.5,-129.0,-121.0,-117.0,-112.95999145507812
7280,-137.6199951171875,16.02288818359375,15.854315757751465,2.2317370772361755,-137.6199951171875,-137.5,12.261141777038574,-160.0,-159.0,-154.10000610351562,-146.0,-137.5,-129.0,-121.0,-117.0,-112.95999145507812
7300,-137.6199951171875,16.0239315032959,15.853675842285156,2.231520175933838,-137.6199951171875,-137.5,12.261141777038574,-160.0,-159.0,-154.10000610351562,-146.0,-137.5,-129.0,-121.0,-117.0,-112.95999145507812
7320,-137.6199951171875,16.02342987060547,15.854338645935059,2.2193049490451813,-137.6199951171875,-137.5,12.261141777038574,-160.0,-159.0,-154.10000610351562,-146.0,-137.5,-129.0,-121.0,-117.0,-112.95999145507812
7340,-137.6199951171875,16.02849006652832,15.857818603515625,2.2280269265174866,-137.6199951171875,-137.5,12.261141777038574,-160.0,-159.0,-154.10000610351562,-146.0,-137.5,-129.0,-121.0,-117.0,-112.95999145507812
7360,-137.6199951171875,16.031513214111328,15.86292552947998,2.229165703058243,-137.6199951171875,-137.5,12.261141777038574,-160.0,-159.0,-154.10000610351562,-146.0,-137.5,-129.0,-121.0,-117.0,-112.95999145507812
7380,-137.6199951171875,16.036014556884766,15.87009048461914,2.2294050455093384,-137.6199951171875,-137.5,12.261141777038574,-160.0,-159.0,-154.10000610351562,-146.0,-137.5,-129.0,-121.0,-117.0,-112.95999145507812
7400,-137.6199951171875,16.041608810424805,15.878192901611328,2.234814465045929,-137.6199951171875,-137.5,12.261141777038574,-160.0,-159.0,-154.10000610351562,-146.0,-137.5,-129.0,-121.0,-117.0,-112.95999145507812
7420,-137.6199951171875,16.03434181213379,15.8721342086792,2.2228839993476868,-137.6199951171875,-137.5,12.261141777038574,-160.0,-159.0,-154.10000610351562,-146.0,-137.5,-129.0,-121.0,-117.0,-112.95999145507812
7440,-137.6199951171875,16.031972885131836,15.868239402770996,2.2209126353263855,-137.6199951171875,-137.5,12.261141777038574,-160.0,-159.0,-154.10000610351562,-146.0,-137.5,-129.0,-121.0,-117.0,-112.95999145507812
7460,-137.6199951171875,16.030710220336914,15.867790222167969,2.2152051627635956,-137.6199951171875,-137.5,12.261141777038574,-160.0,-159.0,-154.10000610351562,-146.0,-137.5,-129.0,-121.0,-117.0,-112.95999145507812
7480,-137.6199951171875,16.025665283203125,15.863853454589844,2.212378352880478,-137.6199951171875,-137.5,12.261141777038574,-160.0,-159.0,-154.10000610351562,-146.0,-137.5,-129.0,-121.0,-117.0,-112.95999145507812
7500,-137.6199951171875,16.029874801635742,15.869280815124512,2.199932724237442,-137.6199951171875,-137.5,12.261141777038574,-160.0,-159.0,-154.10000610351562,-146.0,-137.5,-129.0,-121.0,-117.0,-112.95999145507812
7520,-137.6199951171875,16.02899932861328,15.869321823120117,2.1959860026836395,-137.6199951171875,-137.5,12.261141777038574,-160.0,-159.0,-154.10000610351562,-146.0,-137.5,-129.0,-121.0,-117.0,-112.95999145507812
7540,-137.6199951171875,16.02341651916504,15.864944458007812,2.1858204305171967,-137.6199951171875,-137.5,12.261141777038574,-160.0,-159.0,-154.10000610351562,-146.0,-137.5,-129.0,-121.0,-117.0,-112.95999145507812
7560,-137.6199951171875,16.032459259033203,15.875066757202148,2.1787428855895996,-137.6199951171875,-137.5,12.261141777038574,-160.0,-159.0,-154.10000610351562,-146.0,-137.5,-129.0,-121.0,-117.0,-112.95999145507812
7580,-137.63999938964844,16.04346466064453,15.886026382446289,2.1796787679195404,-137.63999938964844,-137.5,12.235620498657227,-160.0,-159.0,-154.10000610351562,-146.0,-137.5,-129.0,-122.80000305175781,-117.0,-112.95999145507812
7600,-137.63999938964844,16.02886199951172,15.870376586914062,2.183452785015106,-137.63999938964844,-137.5,12.235620498657227,-160.0,-159.0,-154.10000610351562,-146.0,-137.5,-129.0,-122.80000305175781,-117.0,-112.95999145507812
7620,-137.63999938964844,16.01384735107422,15.855039596557617,2.1776227355003357,-137.63999938964844,-137.5,12.235620498657227,-160.0,-159.0,-154.10000610351562,-146.0,-137.5,-129.0,-122.80000305175781,-117.0,-112.95999145507812
7640,-137.63999938964844,16.014497756958008,15.856157302856445,2.177232503890991,-137.63999938964844,-137.5,12.235620498657227,-160.0,-159.0,-154.10000610351562,-146.0,-137.5,-129.0,-122.80000305175781,-117.0,-112.95999145507812
7660,-137.63999938964844,16.008081436157227,15.850677490234375,2.176257401704788,-137.63999938964844,-137.5,12.235620498657227,-160.0,-159.0,-154.10000610351562,-146.0,-137.5,-129.0,-122.80000305175781,-117.0,-112.95999145507812
7680,-137.63999938964844,16.015607833862305,15.8587646484375,2.172255724668503,-137.63999938964844,-137.5,12.235620498657227,-160.0,-159.0,-154.10000610351562,-146.0,-137.5,-129.0,-122.80000305175781,-117.0,-112.95999145507812
7700,-137.63999938964844,16.019012451171875,15.862493515014648,2.180427610874176,-137.63999938964844,-137.5,12.235620498657227,-160.0,-159.0,-154.10000610351562,-146.0,-137.5,-129.0,-122.80000305175781,-117.0,-112.95999145507812
7720,-137.66000366210938,16.012651443481445,15.856077194213867,2.162387728691101,-137.66000366210938,-137.5,12.250893592834473,-160.0,-159.0,-154.10000610351562,-146.25,-137.5,-129.0,-122.80000305175781,-117.0,-112.95999145507812
7740,-137.66000366210938,16.002450942993164,15.846403121948242,2.1619287729263306,-137.66000366210938,-137.5,12.250893592834473,-160.0,-159.0,-154.10000610351562,-146.25,-137.5,-129.0,-122.80000305175781,-117.0,-112.95999145507812
7760,-137.66000366210938,15.999503135681152,15.846067428588867,2.153585761785507,-137.66000366210938,-137.5,12.250893592834473,-160.0,-159.0,-154.10000610351562,-146.25,-137.5,-129.0,-122.80000305175781,-117.0,-112.95999145507812
7780,-137.66000366210938,15.993693351745605,15.840288162231445,2.145233929157257,-137.66000366210938,-137.5,12.250893592834473,-160.0,-159.0,-154.10000610351562,-146.25,-137.5,-129.0,-122.80000305175781,-117.0,-112.95999145507812
7800,-137.66000366210938,15.985869407653809,15.830355644226074,2.155908316373825,-137.66000366210938,-137.5,12.250893592834473,-160.0,-159.0,-154.10000610351562,-146.25,-137.5,-129.0,-122.80000305175781,-117.0,-112.95999145507812
7820,-137.66000366210938,15.979116439819336,15.824758529663086,2.1419143676757812,-137.66000366210938,-137.5,12.250893592834473,-160.0,-159.0,-154.10000610351562,-146.25,-137.5,-129.0,-122.80000305175781,-117.0,-112.95999145507812
7840,-137.66000366210938,15.973901748657227,15.820440292358398,2.133966565132141,-137.66000366210938,-137.5,12.250893592834473,-160.0,-159.0,-154.10000610351562,-146.25,-137.5,-129.0,-122.80000305175781,-117.0,-112.95999145507812
7860,-137.66000366210938,15.982683181762695,15.828719139099121,2.142014116048813,-137.66000366210938,-137.5,12.250893592834473,-160.0,-159.0,-154.10000610351562,-146.25,-137.5,-129.0,-122.80000305175781,-117.0,-112.95999145507812
7880,-137.66000366210938,16.00225830078125,15.849326133728027,2.13874888420105,-137.66000366210938,-137.5,12.250893592834473,-160.0,-159.0,-154.10000610351562,-146.25,-137.5,-129.0,-122.80000305175781,-117.0,-112.95999145507812
7900,-137.66000366210938,16.003448486328125,15.852132797241211,2.1249048709869385,-137.66000366210938,-137.5,12.250893592834473,-160.0,-159.0,-154.10000610351562,-146.25,-137.5,-129.0,-122.80000305175781,-117.0,-112.95999145507812
7920,-137.66000366210938,15.991121292114258,15.841052055358887,2.120913028717041,-137.66000366210938,-137.5,12.250893592834473,-160.0,-159.0,-154.10000610351562,-146.25,-137.5,-129.0,-122.80000305175781,-117.0,-112.95999145507812
7940,-137.66000366210938,15.978017807006836,15.828524589538574,2.109812021255493,-137.66000366210938,-137.5,12.250893592834473,-160.0,-159.0,-154.10000610351562,-146.25,-137.5,-129.0,-122.80000305175781,-117.0,-112.95999145507812
7960,-137.66000366210938,15.972938537597656,15.823153495788574,2.1103497445583344,-137.66000366210938,-137.5,12.250893592834473,-160.0,-159.0,-154.10000610351562,-146.25,-137.5,-129.0,-122.80000305175781,-117.0,-112.95999145507812
7980,-137.66000366210938,15.963690757751465,15.815174102783203,2.095825970172882,-137.66000366210938,-137.5,12.250893592834473,-160.0,-159.0,-154.10000610351562,-146.25,-137.5,-129.0,-122.80000305175781,-117.0,-112.95999145507812
8000,-137.66000366210938,15.968676567077637,15.82038402557373,2.0986479818820953,-137.66000366210938,-137.5,12.250893592834473,-160.0,-159.0,-154.10000610351562,-146.25,-137.5,-129.0,-122.80000305175781,-117.0,-112.95999145507812
8020,-137.67999267578125,15.958788871765137,15.810892105102539,2.087644338607788,-137.67999267578125,-137.5,12.267746925354004,-160.0,-159.0,-154.10000610351562,-146.25,-137.5,-129.0,-122.80000305175781,-117.0,-112.95999145507812
8040,-137.67999267578125,15.948321342468262,15.800861358642578,2.0891979336738586,-137.67999267578125,-137.5,12.267746925354004,-160.0,-159.0,-154.10000610351562,-146.25,-137.5,-129.0,-122.80000305175781,-117.0,-112.95999145507812
8060,-137.67999267578125,15.954081535339355,15.806747436523438,2.080880492925644,-137.67999267578125,-137.5,12.267746925354004,-160.0,-159.0,-154.10000610351562,-146.25,-137.5,-129.0,-122.80000305175781,-117.0,-112.95999145507812
8080,-137.67999267578125,15.945632934570312,15.797409057617188,2.080146372318268,-137.67999267578125,-137.5,12.267746925354004,-160.0,-159.0,-154.10000610351562,-146.25,-137.5,-129.0,-122.80000305175781,-117.0,-112.95999145507812
8100,-137.67999267578125,15.947040557861328,15.798335075378418,2.079863041639328,-137.67999267578125,-137.5,12.267746925354004,-160.0,-159.0,-154.10000610351562,-146.25,-137.5,-129.0,-122.80000305175781,-117.0,-112.95999145507812
8120,-137.67999267578125,15.932230949401855,15.786043167114258,2.0712594389915466,-137.67999267578125,-137.5,12.267746925354004,-160.0,-159.0,-154.10000610351562,-146.25,-137.5,-129.0,-122.80000305175781,-117.0,-112.95999145507812
8140,-137.67999267578125,15.936370849609375,15.790388107299805,2.069985121488571,-137.67999267578125,-137.5,12.267746925354004,-160.0,-159.0,-154.10000610351562,-146.25,-137.5,-129.0,-122.80000305175781,-117.0,-112.95999145507812
8160,-137.67999267578125,15.935680389404297,15.790992736816406,2.0694099068641663,-137.67999267578125,-137.5,12.267746925354004,-160.0,-159.0,-154.10000610351562,-146.25,-137.5,-129.0,-122.80000305175781,-117.0,-112.95999145507812
8180,-137.67999267578125,15.92353630065918,15.778559684753418,2.063431441783905,-137.67999267578125,-137.5,12.267746925354004,-160.0,-159.0,-154.10000610351562,-146.25,-137.5,-129.0,-122.80000305175781,-117.0,-112.95999145507812
8200,-137.67999267578125,15.924930572509766,15.778739929199219,2.0516888201236725,-137.67999267578125,-137.5,12.267746925354004,-160.0,-159.0,-154.10000610351562,-146.25,-137.5,-129.0,-122.80000305175781,-117.0,-112.95999145507812
8220,-137.67999267578125,15.924367904663086,15.77899169921875,2.050891786813736,-137.67999267578125,-137.5,12.267746925354004,-160.0,-159.0,-154.10000610351562,-146.25,-137.5,-129.0,-122.80000305175781,-117.0,-112.95999145507812
8240,-137.67999267578125,15.9229736328125,15.777654647827148,2.0520768761634827,-137.67999267578125,-137.5,12.267746925354004,-160.0,-159.0,-154.10000610351562,-146.25,-137.5,-129.0,-122.80000305175781,-117.0,-112.95999145507812
8260,-137.67999267578125,15.92880630493164,15.784735679626465,2.0435441434383392,-137.67999267578125,-137.5,12.267746925354004,-160.0,-159.0,-154.10000610351562,-146.25,-137.5,-129.0,-122.80000305175781,-117.0,-112.95999145507812
8280,-137.67999267578125,15.9348783493042,15.790228843688965,2.0413442850112915,-137.67999267578125,-137.5,12.267746925354004,-160.0,-159.0,-154.10000610351562,-146.25,-137.5,-129.0,-122.80000305175781,-117.0,-112.95999145507812
8300,-137.67999267578125,15.94123649597168,15.796676635742188,2.0479449331760406,-137.67999267578125,-137.5,12.267746925354004,-160.0,-159.0,-154.10000610351562,-146.25,-137.5,-129.0,-122.80000305175781,-117.0,-112.95999145507812
8320,-137.67999267578125,15.928770065307617,15.784796714782715,2.0422142446041107,-137.67999267578125,-137.5,12.267746925354004,-160.0,-159.0,-154.10000610351562,-146.25,-137.5,-129.0,-122.80000305175781,-117.0,-112.95999145507812
8340,-137.67999267578125,15.931539535522461,15.787028312683105,2.0322668254375458,-137.67999267578125,-137.5,12.267746925354004,-160.0,-159.0,-154.10000610351562,-146.25,-137.5,-129.0,-122.80000305175781,-117.0,-112.95999145507812
8360,-137.67999267578125,15.926424026489258,15.783320426940918,2.0323917865753174,-137.67999267578125,-137.5,12.267746925354004,-160.0,-159.0,-154.10000610351562,-146.25,-137.5,-129.0,-122.80000305175781,-117.0,-112.95999145507812
8380,-137.67999267578125,15.92139720916748,15.779715538024902,2.03607776761055,-137.67999267578125,-137.5,12.267746925354004,-160.0,-159.0,-154.10000610351562,-146.25,-137.5,-129.0,-122.80000305175781,-117.0,-112.95999145507812
8400,-137.67999267578125,15.909027099609375,15.768420219421387,2.0202969014644623,-137.67999267578125,-137.5,12.267746925354004,-160.0,-159.0,-154.10000610351562,-146.25,-137.5,-129.0,-122.80000305175781,-117.0,-112.95999145507812
8420,-137.67999267578125,15.919215202331543,15.775538444519043,2.0201584696769714,-137.67999267578125,-137.5,12.267746925354004,-160.0,-159.0,-154.10000610351562,-146.25,-137.5,-129.0,-122.80000305175781,-117.0,-112.95999145507812
8440,-137.67999267578125,15.916996002197266,15.772806167602539,2.016294687986374,-137.67999267578125,-137.5,12.267746925354004,-160.0,-159.0,-154.10000610351562,-146.25,-137.5,-129.0,-122.80000305175781,-117.0,-112.95999145507812
8460,-137.67999267578125,15.914278984069824,15.771231651306152,2.006410449743271,-137.67999267578125,-137.5,12.267746925354004,-160.0,-159.0,-154.10000610351562,-146.25,-137.5,-129.0,-122.80000305175781,-117.0,-112.95999145507812
8480,-137.67999267578125,15.926877975463867,15.784777641296387,2.0067673325538635,-137.67999267578125,-137.5,12.267746925354004,-160.0,-159.0,-154.10000610351562,-146.25,-137.5,-129.0,-122.80000305175781,-117.0,-112.95999145507812
8500,-137.67999267578125,15.918676376342773,15.777448654174805,2.0011131167411804,-137.67999267578125,-137.5,12.267746925354004,-160.0,-159.0,-154.10000610351562,-146.25,-137.5,-129.0,-122.80000305175781,-117.0,-112.95999145507812
8520,-137.6999969482422,15.906736373901367,15.766103744506836,1.9999472796916962,-137.6999969482422,-137.5,12.276400566101074,-160.0,-159.0,-154.10000610351562,-146.25,-137.5,-129.0,-122.80000305175781,-117.0,-112.95999145507812
8540,-137.6999969482422,15.904802322387695,15.764178276062012,1.9947454929351807,-137.6999969482422,-137.5,12.276400566101074,-160.0,-159.0,-154.10000610351562,-146.25,-137.5,-129.0,-122.80000305175781,-117.0,-112.95999145507812
8560,-137.6999969482422,15.90610408782959,15.766032218933105,1.983807235956192,-137.6999969482422,-137.5,12.276400566101074,-160.0,-159.0,-154.10000610351562,-146.25,-137.5,-129.0,-122.80000305175781,-117.0,-112.95999145507812
8580,-137.6999969482422,15.916374206542969,15.775413513183594,1.9890254437923431,-137.6999969482422,-137.5,12.276400566101074,-160.0,-159.0,-154.10000610351562,-146.25,-137.5,-129.0,-122.80000305175781,-117.0,-112.95999145507812
8600,-137.6999969482422,15.909796714782715,15.771154403686523,1.9850155711174011,-137.6999969482422,-137.5,12.276400566101074,-160.0,-159.0,-154.10000610351562,-146.25,-137.5,-129.0,-122.80000305175781,-117.0,-112.95999145507812
8620,-137.6999969482422,15.905956268310547,15.768230438232422,1.9745619893074036,-137.6999969482422,-137.5,12.276400566101074,-160.0,-159.0,-154.10000610351562,-146.25,-137.5,-129.0,-122.80000305175781,-117.0,-112.95999145507812
8640,-137.6999969482422,15.908716201782227,15.77003288269043,1.9747999608516693,-137.6999969482422,-137.5,12.276400566101074,-160.0,-159.0,-154.10000610351562,-146.25,-137.5,-129.0,-122.80000305175781,-117.0,-112.95999145507812
8660,-137.6999969482422,15.913012504577637,15.776041984558105,1.9712118804454803,-137.6999969482422,-137.5,12.276400566101074,-160.0,-159.0,-154.10000610351562,-146.25,-137.5,-129.0,-122.80000305175781,-117.0,-112.95999145507812
8680,-137.6999969482422,15.917129516601562,15.779158592224121,1.9698191583156586,-137.6999969482422,-137.5,12.276400566101074,-160.0,-159.0,-154.10000610351562,-146.25,-137.5,-129.0,-122.80000305175781,-117.0,-112.95999145507812
8700,-137.6999969482422,15.90839958190918,15.771807670593262,1.960394948720932,-137.6999969482422,-137.5,12.276400566101074,-160.0,-159.0,-154.10000610351562,-146.25,-137.5,-129.0,-122.80000305175781,-117.0,-112.95999145507812
8720,-137.6999969482422,15.923206329345703,15.787071228027344,1.966544359922409,-137.6999969482422,-137.5,12.276400566101074,-160.0,-159.0,-154.10000610351562,-146.25,-137.5,-129.0,-122.80000305175781,-117.0,-112.95999145507812
8740,-137.6999969482422,15.928939819335938,15.791869163513184,1.9712634086608887,-137.6999969482422,-137.5,12.276400566101074,-160.0,-159.0,-154.10000610351562,-146.25,-137.5,-129.0,-122.80000305175781,-117.0,-112.95999145507812
8760,-137.6999969482422,15.924537658691406,15.786550521850586,1.9707863926887512,-137.6999969482422,-137.5,12.276400566101074,-160.0,-159.0,-154.10000610351562,-146.25,-137.5,-129.0,-122.80000305175781,-117.0,-112.95999145507812
8780,-137.739990234375,15.914926528930664,15.777214050292969,1.9660186767578125,-137.74000549316406,-137.5,12.296844482421875,-160.0,-159.0,-154.10000610351562,-146.25,-137.5,-129.0,-122.80000305175781,-117.0,-112.95999145507812
8800,-137.739990234375,15.914905548095703,15.778242111206055,1.9622072875499725,-137.74000549316406,-137.5,12.296844482421875,-160.0,-159.0,-154.10000610351562,-146.25,-137.5,-129.0,-122.80000305175781,-117.0,-112.95999145507812
8820,-137.739990234375,15.913864135742188,15.777313232421875,1.9685790538787842,-137.74000549316406,-137.5,12.296844482421875,-160.0,-159.0,-154.10000610351562,-146.25,-137.5,-129.0,-122.80000305175781,-117.0,-112.95999145507812
8840,-137.739990234375,15.915836334228516,15.780363082885742,1.9616918861865997,-137.74000549316406,-137.5,12.296844482421875,-160.0,-159.0,-154.10000610351562,-146.25,-137.5,-129.0,-122.80000305175781,-117.0,-112.95999145507812
8860,-137.739990234375,15.899813652038574,15.764225006103516,1.9550411403179169,-137.74000549316406,-137.5,12.296844482421875,-160.0,-159.0,-154.10000610351562,-146.25,-137.5,-129.0,-122.80000305175781,-117.0,-112.95999145507812
8880,-137.739990234375,15.900469779968262,15.764758110046387,1.9476796984672546,-137.74000549316406,-137.5,12.296844482421875,-160.0,-159.0,-154.10000610351562,-146.25,-137.5,-129.0,-122.80000305175781,-117.0,-112.95999145507812
8900,-137.739990234375,15.890490531921387,15.755702018737793,1.9477295279502869,-137.74000549316406,-137.5,12.296844482421875,-160.0,-159.0,-154.10000610351562,-146.25,-137.5,-129.0,-122.80000305175781,-117.0,-112.95999145507812
8920,-137.739990234375,15.901691436767578,15.768074035644531,1.9415870308876038,-137.74000549316406,-137.5,12.296844482421875,-160.0,-159.0,-154.10000610351562,-146.25,-137.5,-129.0,-122.80000305175781,-117.0,-112.95999145507812
8940,-137.739990234375,15.897188186645508,15.761848449707031,1.9418705105781555,-137.74000549316406,-137.5,12.296844482421875,-160.0,-159.0,-154.10000610351562,-146.25,-137.5,-129.0,-122.80000305175781,-117.0,-112.95999145507812
8960,-137.739990234375,15.887709617614746,15.754122734069824,1.9290072917938232,-137.74000549316406,-137.5,12.296844482421875,-160.0,-159.0,-154.10000610351562,-146.25,-137.5,-129.0,-122.80000305175781,-117.0,-112.95999145507812
8980,-137.739990234375,15.885923385620117,15.752639770507812,1.924927830696106,-137.74000549316406,-137.5,12.296844482421875,-160.0,-159.0,-154.10000610351562,-146.25,-137.5,-129.0,-122.80000305175781,-117.0,-112.95999145507812
9000,-137.739990234375,15.875370025634766,15.74261474609375,1.9147073328495026,-137.74000549316406,-137.5,12.296844482421875,-160.0,-159.0,-154.10000610351562,-146.25,-137.5,-129.0,-122.80000305175781,-117.0,-112.95999145507812
9020,-137.739990234375,15.871040344238281,15.737653732299805,1.9169263243675232,-137.74000549316406,-137.5,12.296844482421875,-160.0,-159.0,-154.10000610351562,-146.25,-137.5,-129.0,-122.80000305175781,-117.0,-112.95999145507812
9040,-137.739990234375,15.876232147216797,15.743162155151367,1.9176977574825287,-137.74000549316406,-137.5,12.296844482421875,-160.0,-159.0,-154.10000610351562,-146.25,-137.5,-129.0,-122.80000305175781,-117.0,-112.95999145507812
9060,-137.739990234375,15.886981964111328,15.755640983581543,1.9070829153060913,-137.74000549316406,-137.5,12.296844482421875,-160.0,-159.0,-154.10000610351562,-146.25,-137.5,-129.0,-122.80000305175781,-117.0,-112.95999145507812
9080,-137.739990234375,15.879854202270508,15.74932861328125,1.904651790857315,-137.74000549316406,-137.5,12.296844482421875,-160.0,-159.0,-154.10000610351562,-146.25,-137.5,-129.0,-122.80000305175781,-117.0,-112.95999145507812
9100,-137.739990234375,15.883807182312012,15.754149436950684,1.9073139429092407,-137.74000549316406,-137.5,12.296844482421875,-160.0,-159.0,-154.10000610351562,-146.25,-137.5,-129.0,-122.80000305175781,-117.0,-112.95999145507812
9120,-137.739990234375,15.895206451416016,15.76705551147461,1.9091061353683472,-137.74000549316406,-137.5,12.296844482421875,-160.0,-159.0,-154.10000610351562,-146.25,-137.5,-129.0,-122.80000305175781,-117.0,-112.95999145507812
9140,-137.739990234375,15.887250900268555,15.76099967956543,1.901622712612152,-137.74000549316406,-137.5,12.296844482421875,-160.0,-159.0,-154.10000610351562,-146.25,-137.5,-129.0,-122.80000305175781,-117.0,-112.95999145507812
9160,-137.739990234375,15.87891674041748,15.753904342651367,1.8959250152111053,-137.74000549316406,-137.5,12.296844482421875,-160.0,-159.0,-154.10000610351562,-146.25,-137.5,-129.0,-122.80000305175781,-117.0,-112.95999145507812
9180,-137.739990234375,15.8765869140625,15.75085735321045,1.9052873849868774,-137.74000549316406,-137.5,12.296844482421875,-160.0,-159.0,-154.10000610351562,-146.25,-137.5,-129.0,-122.80000305175781,-117.0,-112.95999145507812
9200,-137.739990234375,15.880755424499512,15.755167961120605,1.902900367975235,-137.74000549316406,-137.5,12.296844482421875,-160.0,-159.0,-154.10000610351562,-146.25,-137.5,-129.0,-122.80000305175781,-117.0,-112.95999145507812
9220,-137.739990234375,15.87732219696045,15.751724243164062,1.9041486084461212,-137.74000549316406,-137.5,12.296844482421875,-160.0,-159.0,-154.10000610351562,-146.25,-137.5,-129.0,-122.80000305175781,-117.0,-112.95999145507812
9240,-137.739990234375,15.879836082458496,15.75330924987793,1.906954824924469,-137.74000549316406,-137.5,12.296844482421875,-160.0,-159.0,-154.10000610351562,-146.25,-137.5,-129.0,-122.80000305175781,-117.0,-112.95999145507812
9260,-137.739990234375,15.897579193115234,15.772476196289062,1.9014122188091278,-137.74000549316406,-137.5,12.296844482421875,-160.0,-159.0,-154.10000610351562,-146.25,-137.5,-129.0,-122.80000305175781,-117.0,-112.95999145507812
9280,-137.739990234375,15.887739181518555,15.76269817352295,1.8939813673496246,-137.74000549316406,-137.5,12.296844482421875,-160.0,-159.0,-154.10000610351562,-146.25,-137.5,-129.0,-122.80000305175781,-117.0,-112.95999145507812
9300,-137.739990234375,15.884893417358398,15.76087760925293,1.8837509453296661,-137.74000549316406,-137.5,12.296844482421875,-160.0,-159.0,-154.10000610351562,-146.25,-137.5,-129.0,-122.80000305175781,-117.0,-112.95999145507812
9320,-137.739990234375,15.88199234008789,15.757551193237305,1.884940654039383,-137.74000549316406,-137.5,12.296844482421875,-160.0,-159.0,-154.10000610351562,-146.25,-137.5,-129.0,-122.80000305175781,-117.0,-112.95999145507812
9340,-137.739990234375,15.882776260375977,15.75823974609375,1.8820105195045471,-137.74000549316406,-137.5,12.296844482421875,-160.0,-159.0,-154.10000610351562,-146.25,-137.5,-129.0,-122.80000305175781,-117.0,-112.95999145507812
9360,-137.739990234375,15.882259368896484,15.757795333862305,1.8825722932815552,-137.74000549316406,-137.5,12.296844482421875,-160.0,-159.0,-154.10000610351562,-146.25,-137.5,-129.0,-122.80000305175781,-117.0,-112.95999145507812
9380,-137.739990234375,15.892718315124512,15.767168998718262,1.8807136118412018,-137.74000549316406,-137.5,12.296844482421875,-160.0,-159.0,-154.10000610351562,-146.25,-137.5,-129.0,-122.80000305175781,-117.0,-112.95999145507812
9400,-137.739990234375,15.908275604248047,15.782726287841797,1.887855976819992,-137.74000549316406,-137.5,12.296844482421875,-160.0,-159.0,-154.10000610351562,-146.25,-137.5,-129.0,-122.80000305175781,-117.0,-112.95999145507812
9420,-137.739990234375,15.909354209899902,15.784429550170898,1.8886210322380066,-137.74000549316406,-137.5,12.296844482421875,-160.0,-159.0,-154.10000610351562,-146.25,-137.5,-129.0,-122.80000305175781,-117.0,-112.95999145507812
9440,-137.739990234375,15.913702011108398,15.788532257080078,1.889122486114502,-137.74000549316406,-137.5,12.296844482421875,-160.0,-159.0,-154.10000610351562,-146.25,-137.5,-129.0,-122.80000305175781,-117.0,-112.95999145507812
9460,-137.739990234375,15.90897274017334,15.78359603881836,1.89148810505867,-137.74000549316406,-137.5,12.296844482421875,-160.0,-159.0,-154.10000610351562,-146.25,-137.5,-129.0,-122.80000305175781,-117.0,-112.95999145507812
9480,-137.739990234375,15.911032676696777,15.785432815551758,1.9017215967178345,-137.74000549316406,-137.5,12.296844482421875,-160.0,-159.0,-154.10000610351562,-146.25,-137.5,-129.0,-122.80000305175781,-117.0,-112.95999145507812
9500,-137.739990234375,15.910909652709961,15.785087585449219,1.8952527046203613,-137.74000549316406,-137.5,12.296844482421875,-160.0,-159.0,-154.10000610351562,-146.25,-137.5,-129.0,-122.80000305175781,-117.0,-112.95999145507812
9520,-137.739990234375,15.904333114624023,15.780052185058594,1.8861064910888672,-137.74000549316406,-137.5,12.296844482421875,-160.0,-159.0,-154.10000610351562,-146.25,-137.5,-129.0,-122.80000305175781,-117.0,-112.95999145507812
9540,-137.739990234375,15.899761199951172,15.775741577148438,1.8869091868400574,-137.74000549316406,-137.5,12.296844482421875,-160.0,-159.0,-154.10000610351562,-146.25,-137.5,-129.0,-122.80000305175781,-117.0,-112.95999145507812
9560,-137.739990234375,15.885570526123047,15.762603759765625,1.8856003284454346,-137.74000549316406,-137.5,12.296844482421875,-160.0,-159.0,-154.10000610351562,-146.25,-137.5,-129.0,-122.80000305175781,-117.0,-112.95999145507812
9580,-137.739990234375,15.892812728881836,15.76929759979248,1.886764258146286,-137.74000549316406,-137.5,12.296844482421875,-160.0,-159.0,-154.10000610351562,-146.25,-137.5,-129.0,-122.80000305175781,-117.0,-112.95999145507812
9600,-137.739990234375,15.883872032165527,15.760543823242188,1.8791413009166718,-137.74000549316406,-137.5,12.296844482421875,-160.0,-159.0,-154.10000610351562,-146.25,-137.5,-129.0,-122.80000305175781,-117.0,-112.95999145507812
9620,-137.739990234375,15.882888793945312,15.759199142456055,1.8870051205158234,-137.74000549316406,-137.5,12.296844482421875,-160.0,-159.0,-154.10000610351562,-146.25,-137.5,-129.0,-122.80000305175781,-117.0,-112.95999145507812
9640,-137.739990234375,15.889632225036621,15.766448974609375,1.8845595717430115,-137.74000549316406,-137.5,12.296844482421875,-160.0,-159.0,-154.10000610351562,-146.25,-137.5,-129.0,-122.80000305175781,-117.0,-112.95999145507812
9660,-137.739990234375,15.882353782653809,15.7598295211792,1.8885371387004852,-137.74000549316406,-137.5,12.296844482421875,-160.0,-159.0,-154.10000610351562,-146.25,-137.5,-129.0,-122.80000305175781,-117.0,-112.95999145507812
9680,-137.739990234375,15.885805130004883,15.762859344482422,1.8778835535049438,-137.74000549316406,-137.5,12.296844482421875,-160.0,-159.0,-154.10000610351562,-146.25,-137.5,-129.0,-122.80000305175781,-117.0,-112.95999145507812
9700,-137.739990234375,15.893287658691406,15.77155590057373,1.8731062412261963,-137.74000549316406,-137.5,12.296844482421875,-160.0,-159.0,-154.10000610351562,-146.25,-137.5,-129.0,-122.80000305175781,-117.0,-112.95999145507812
9720,-137.739990234375,15.896390914916992,15.775961875915527,1.8663966059684753,-137.74000549316406,-137.5,12.296844482421875,-160.0,-159.0,-154.10000610351562,-146.25,-137.5,-129.0,-122.80000305175781,-117.0,-112.95999145507812
9740,-137.739990234375,15.898429870605469,15.778223991394043,1.861731618642807,-137.74000549316406,-137.5,12.296844482421875,-160.0,-159.0,-154.10000610351562,-146.25,-137.5,-129.0,-122.80000305175781,-117.0,-112.95999145507812
9760,-137.739990234375,15.893167495727539,15.773420333862305,1.8591994941234589,-137.74000549316406,-137.5,12.296844482421875,-160.0,-159.0,-154.10000610351562,-146.25,-137.5,-129.0,-122.80000305175781,-117.0,-112.95999145507812
9780,-137.739990234375,15.883498191833496,15.764509201049805,1.8554637730121613,-137.74000549316406,-137.5,12.296844482421875,-160.0,-159.0,-154.10000610351562,-146.25,-137.5,-129.0,-122.80000305175781,-117.0,-112.95999145507812
9800,-137.739990234375,15.886115074157715,15.76629638671875,1.8526942133903503,-137.74000549316406,-137.5,12.296844482421875,-160.0,-159.0,-154.10000610351562,-146.25,-137.5,-129.0,-122.80000305175781,-117.0,-112.95999145507812
9820,-137.739990234375,15.88003921508789,15.760302543640137,1.8498241007328033,-137.74000549316406,-137.5,12.296844482421875,-160.0,-159.0,-154.10000610351562,-146.25,-137.5,-129.0,-122.80000305175781,-117.0,-112.95999145507812
9840,-137.739990234375,15.884387016296387,15.764684677124023,1.8499281108379364,-137.74000549316406,-137.5,12.296844482421875,-160.0,-159.0,-154.10000610351562,-146.25,-137.5,-129.0,-122.80000305175781,-117.0,-112.95999145507812
9860,-137.739990234375,15.880423545837402,15.762263298034668,1.8412353992462158,-137.74000549316406,-137.5,12.296844482421875,-160.0,-159.0,-154.10000610351562,-146.25,-137.5,-129.0,-122.80000305175781,-117.0,-112.95999145507812
9880,-137.739990234375,15.886112213134766,15.76773738861084,1.8378898799419403,-137.74000549316406,-137.5,12.296844482421875,-160.0,-159.0,-154.10000610351562,-146.25,-137.5,-129.0,-122.80000305175781,-117.0,-112.95999145507812
9900,-137.739990234375,15.878928184509277,15.762475967407227,1.8349770903587341,-137.74000549316406,-137.5,12.296844482421875,-160.0,-159.0,-154.10000610351562,-146.25,-137.5,-129.0,-122.80000305175781,-117.0,-112.95999145507812
9920,-137.739990234375,15.882380485534668,15.765974998474121,1.8312663435935974,-137.74000549316406,-137.5,12.296844482421875,-160.0,-159.0,-154.10000610351562,-146.25,-137.5,-129.0,-122.80000305175781,-117.0,-112.95999145507812
9940,-137.739990234375,15.87545394897461,15.758544921875,1.8300887644290924,-137.74000549316406,-137.5,12.296844482421875,-160.0,-159.0,-154.10000610351562,-146.25,-137.5,-129.0,-122.80000305175781,-117.0,-112.95999145507812
9960,-137.739990234375,15.861043930053711,15.74374771118164,1.8293586075305939,-137.74000549316406,-137.5,12.296844482421875,-160.0,-159.0,-154.10000610351562,-146.25,-137.5,-129.0,-122.80000305175781,-117.0,-112.95999145507812
9980,-137.739990234375,15.860313415527344,15.742923736572266,1.82642662525177,-137.74000549316406,-137.5,12.296844482421875,-160.0,-159.0,-154.10000610351562,-146.25,-137.5,-129.0,-122.80000305175781,-117.0,-112.95999145507812
10000,-137.739990234375,15.858255386352539,15.741201400756836,1.8292296230793,-137.74000549316406,-137.5,12.296844482421875,-160.0,-159.0,-154.10000610351562,-146.25,-137.5,-129.0,-122.80000305175781,-117.0,-112.95999145507812
10020,-137.739990234375,15.854307174682617,15.738019943237305,1.820969581604004,-137.74000549316406,-137.5,12.296844482421875,-160.0,-159.0,-154.10000610351562,-146.25,-137.5,-129.0,-122.80000305175781,-117.0,-112.95999145507812
10040,-137.75999450683594,15.850318908691406,15.733061790466309,1.824184089899063,-137.75999450683594,-137.5,12.264681816101074,-160.0,-159.0,-154.10000610351562,-146.25,-137.5,-129.0,-122.80000305175781,-117.95000457763672,-112.95999145507812
10060,-137.75999450683594,15.846769332885742,15.730117797851562,1.8198303282260895,-137.75999450683594,-137.5,12.264681816101074,-160.0,-159.0,-154.10000610351562,-146.25,-137.5,-129.0,-122.80000305175781,-117.95000457763672,-112.95999145507812
10080,-137.75999450683594,15.834548950195312,15.719061851501465,1.8175829946994781,-137.75999450683594,-137.5,12.264681816101074,-160.0,-159.0,-154.10000610351562,-146.25,-137.5,-129.0,-122.80000305175781,-117.95000457763672,-112.95999145507812
10100,-137.75999450683594,15.836193084716797,15.72022819519043,1.8140762448310852,-137.75999450683594,-137.5,12.264681816101074,-160.0,-159.0,-154.10000610351562,-146.25,-137.5,-129.0,-122.80000305175781,-117.95000457763672,-112.95999145507812
10120,-137.75999450683594,15.840896606445312,15.726618766784668,1.8108951449394226,-137.75999450683594,-137.5,12.264681816101074,-160.0,-159.0,-154.10000610351562,-146.25,-137.5,-129.0,-122.80000305175781,-117.95000457763672,-112.95999145507812
10140,-137.77999877929688,15.83639907836914,15.722747802734375,1.8041645884513855,-137.77999877929688,-137.5,12.27646541595459,-160.0,-159.0,-154.10000610351562,-146.25,-137.5,-129.0,-122.80000305175781,-117.95000457763672,-112.95999145507812
10160,-137.77999877929688,15.840641021728516,15.72584056854248,1.8124503195285797,-137.77999877929688,-137.5,12.27646541595459,-160.0,-159.0,-154.10000610351562,-146.25,-137.5,-129.0,-122.80000305175781,-117.95000457763672,-112.95999145507812
10180,-137.77999877929688,15.83772087097168,15.723400115966797,1.8100143671035767,-137.77999877929688,-137.5,12.27646541595459,-160.0,-159.0,-154.10000610351562,-146.25,-137.5,-129.0,-122.80000305175781,-117.95000457763672,-112.95999145507812
10200,-137.77999877929688,15.851893424987793,15.737979888916016,1.8011963963508606,-137.77999877929688,-137.5,12.27646541595459,-160.0,-159.0,-154.10000610351562,-146.25,-137.5,-129.0,-122.80000305175781,-117.95000457763672,-112.95999145507812
10220,-137.77999877929688,15.855581283569336,15.741397857666016,1.802764654159546,-137.77999877929688,-137.5,12.27646541595459,-160.0,-159.0,-154.10000610351562,-146.25,-137.5,-129.0,-122.80000305175781,-117.95000457763672,-112.95999145507812
10240,-137.77999877929688,15.853723526000977,15.73939037322998,1.8027850985527039,-137.77999877929688,-137.5,12.27646541595459,-160.0,-159.0,-154.10000610351562,-146.25,-137.5,-129.0,-122.80000305175781,-117.95000457763672,-112.95999145507812
10260,-137.77999877929688,15.852018356323242,15.738444328308105,1.7996227741241455,-137.77999877929688,-137.5,12.27646541595459,-160.0,-159.0,-154.10000610351562,-146.25,-137.5,-129.0,-122.80000305175781,-117.95000457763672,-112.95999145507812
10280,-137.77999877929688,15.846758842468262,15.734138488769531,1.8039375245571136,-137.77999877929688,-137.5,12.27646541595459,-160.0,-159.0,-154.10000610351562,-146.25,-137.5,-129.0,-122.80000305175781,-117.95000457763672,-112.95999145507812
10300,-137.77999877929688,15.851058959960938,15.738166809082031,1.8023802638053894,-137.77999877929688,-137.5,12.27646541595459,-160.0,-159.0,-154.10000610351562,-146.25,-137.5,-129.0,-122.80000305175781,-117.95000457763672,-112.95999145507812
10320,-137.77999877929688,15.852315902709961,15.740068435668945,1.7988086342811584,-137.77999877929688,-137.5,12.27646541595459,-160.0,-159.0,-154.10000610351562,-146.25,-137.5,-129.0,-122.80000305175781,-117.95000457763672,-112.95999145507812
10340,-137.77999877929688,15.844840049743652,15.732709884643555,1.792723387479782,-137.77999877929688,-137.5,12.27646541595459,-160.0,-159.0,-154.10000610351562,-146.25,-137.5,-129.0,-122.80000305175781,-117.95000457763672,-112.95999145507812
10360,-137.77999877929688,15.841468811035156,15.72913646697998,1.7899132072925568,-137.77999877929688,-137.5,12.27646541595459,-160.0,-159.0,-154.10000610351562,-146.25,-137.5,-129.0,-122.80000305175781,-117.95000457763672,-112.95999145507812
10380,-137.77999877929688,15.825313568115234,15.713043212890625,1.7862761914730072,-137.77999877929688,-137.5,12.27646541595459,-160.0,-159.0,-154.10000610351562,-146.25,-137.5,-129.0,-122.80000305175781,-117.95000457763672,-112.95999145507812
10400,-137.77999877929688,15.824108123779297,15.712121963500977,1.772316813468933,-137.77999877929688,-137.5,12.27646541595459,-160.0,-159.0,-154.10000610351562,-146.25,-137.5,-129.0,-122.80000305175781,-117.95000457763672,-112.95999145507812
10420,-137.77999877929688,15.827723503112793,15.716087341308594,1.77555650472641,-137.77999877929688,-137.5,12.27646541595459,-160.0,-159.0,-154.10000610351562,-146.25,-137.5,-129.0,-122.80000305175781,-117.95000457763672,-112.95999145507812
10440,-137.77999877929688,15.819334030151367,15.707781791687012,1.773501843214035,-137.77999877929688,-137.5,12.27646541595459,-160.0,-159.0,-154.10000610351562,-146.25,-137.5,-129.0,-122.80000305175781,-117.95000457763672,-112.95999145507812
10460,-137.77999877929688,15.81595516204834,15.704615592956543,1.7662957906723022,-137.77999877929688,-137.5,12.27646541595459,-160.0,-159.0,-154.10000610351562,-146.25,-137.5,-129.0,-122.80000305175781,-117.95000457763672,-112.95999145507812
10480,-137.77999877929688,15.822164535522461,15.709550857543945,1.7646367847919464,-137.77999877929688,-137.5,12.27646541595459,-160.0,-159.0,-154.10000610351562,-146.25,-137.5,-129.0,-122.80000305175781,-117.95000457763672,-112.95999145507812
10500,-137.77999877929688,15.8121976852417,15.701122283935547,1.7531939446926117,-137.77999877929688,-137.5,12.27646541595459,-160.0,-159.0,-154.10000610351562,-146.25,-137.5,-129.0,-122.80000305175781,-117.95000457763672,-112.95999145507812
10520,-137.77999877929688,15.807257652282715,15.696271896362305,1.7510933578014374,-137.77999877929688,-137.5,12.27646541595459,-160.0,-159.0,-154.10000610351562,-146.25,-137.5,-129.0,-122.80000305175781,-117.95000457763672,-112.95999145507812
10540,-137.77999877929688,15.8043212890625,15.694637298583984,1.7482410967350006,-137.77999877929688,-137.5,12.27646541595459,-160.0,-159.0,-154.10000610351562,-146.25,-137.5,-129.0,-122.80000305175781,-117.95000457763672,-112.95999145507812
10560,-137.77999877929688,15.812732696533203,15.703597068786621,1.7407285869121552,-137.77999877929688,-137.5,12.27646541595459,-160.0,-159.0,-154.10000610351562,-146.25,-137.5,-129.0,-122.80000305175781,-117.95000457763672,-112.95999145507812
10580,-137.77999877929688,15.807211875915527,15.697134017944336,1.7477069795131683,-137.77999877929688,-137.5,12.27646541595459,-160.0,-159.0,-154.10000610351562,-146.25,-137.5,-129.0,-122.80000305175781,-117.95000457763672,-112.95999145507812
10600,-137.77999877929688,15.80714225769043,15.697657585144043,1.7413413524627686,-137.77999877929688,-137.5,12.27646541595459,-160.0,-159.0,-154.10000610351562,-146.25,-137.5,-129.0,-122.80000305175781,-117.95000457763672,-112.95999145507812
10620,-137.77999877929688,15.798084259033203,15.689996719360352,1.7350498139858246,-137.77999877929688,-137.5,12.27646541595459,-160.0,-159.0,-154.10000610351562,-146.25,-137.5,-129.0,-122.80000305175781,-117.95000457763672,-112.95999145507812
10640,-137.77999877929688,15.785266876220703,15.677797317504883,1.7241758406162262,-137.77999877929688,-137.5,12.27646541595459,-160.0,-159.0,-154.10000610351562,-146.25,-137.5,-129.0,-122.80000305175781,-117.95000457763672,-112.95999145507812
10660,-137.77999877929688,15.789144515991211,15.681112289428711,1.725918859243393,-137.77999877929688,-137.5,12.27646541595459,-160.0,-159.0,-154.10000610351562,-146.25,-137.5,-129.0,-122.80000305175781,-117.95000457763672,-112.95999145507812
10680,-137.77999877929688,15.784488677978516,15.676023483276367,1.7345908880233765,-137.77999877929688,-137.5,12.27646541595459,-160.0,-159.0,-154.10000610351562,-146.25,-137.5,-129.0,-122.80000305175781,-117.95000457763672,-112.95999145507812
10700,-137.77999877929688,15.791282653808594,15.682714462280273,1.7254641354084015,-137.77999877929688,-137.5,12.27646541595459,-160.0,-159.0,-154.10000610351562,-146.25,-137.5,-129.0,-122.80000305175781,-117.95000457763672,-112.95999145507812
10720,-137.77999877929688,15.783302307128906,15.675959587097168,1.7166646420955658,-137.77999877929688,-137.5,12.27646541595459,-160.0,-159.0,-154.10000610351562,-146.25,-137.5,-129.0,-122.80000305175781,-117.95000457763672,-112.95999145507812
10740,-137.77999877929688,15.789865493774414,15.683008193969727,1.7167001962661743,-137.77999877929688,-137.5,12.27646541595459,-160.0,-159.0,-154.10000610351562,-146.25,-137.5,-129.0,-122.80000305175781,-117.95000457763672,-112.95999145507812
10760,-137.77999877929688,15.789129257202148,15.683390617370605,1.7177671790122986,-137.77999877929688,-137.5,12.27646541595459,-160.0,-159.0,-154.10000610351562,-146.25,-137.5,-129.0,-122.80000305175781,-117.95000457763672,-112.95999145507812
10780,-137.77999877929688,15.796920776367188,15.691244125366211,1.7137462496757507,-137.77999877929688,-137.5,12.27646541595459,-160.0,-159.0,-154.10000610351562,-146.25,-137.5,-129.0,-122.80000305175781,-117.95000457763672,-112.95999145507812
10800,-137.77999877929688,15.801353454589844,15.696471214294434,1.7132290303707123,-137.77999877929688,-137.5,12.27646541595459,-160.0,-159.0,-154.10000610351562,-146.25,-137.5,-129.0,-122.80000305175781,-117.95000457763672,-112.95999145507812
10820,-137.77999877929688,15.808269500732422,15.702120780944824,1.7207078039646149,-137.77999877929688,-137.5,12.27646541595459,-160.0,-159.0,-154.10000610351562,-146.25,-137.5,-129.0,-122.80000305175781,-117.95000457763672,-112.95999145507812
10840,-137.77999877929688,15.798002243041992,15.693514823913574,1.7091951966285706,-137.77999877929688,-137.5,12.27646541595459,-160.0,-159.0,-154.10000610351562,-146.25,-137.5,-129.0,-122.80000305175781,-117.95000457763672,-112.95999145507812
10860,-137.77999877929688,15.798715591430664,15.694048881530762,1.702970713376999,-137.77999877929688,-137.5,12.27646541595459,-160.0,-159.0,-154.10000610351562,-146.25,-137.5,-129.0,-122.80000305175781,-117.95000457763672,-112.95999145507812
10880,-137.77999877929688,15.796531677246094,15.69108772277832,1.706373006105423,-137.77999877929688,-137.5,12.27646541595459,-160.0,-159.0,-154.10000610351562,-146.25,-137.5,-129.0,-122.80000305175781,-117.95000457763672,-112.95999145507812
10900,-137.77999877929688,15.801471710205078,15.697723388671875,1.7034330070018768,-137.77999877929688,-137.5,12.27646541595459,-160.0,-159.0,-154.10000610351562,-146.25,-137.5,-129.0,-122.80000305175781,-117.95000457763672,-112.95999145507812
10920,-137.77999877929688,15.806915283203125,15.702730178833008,1.7073505818843842,-137.77999877929688,-137.5,12.27646541595459,-160.0,-159.0,-154.10000610351562,-146.25,-137.5,-129.0,-122.80000305175781,-117.95000457763672,-112.95999145507812
10940,-137.77999877929688,15.803183555603027,15.698606491088867,1.7126858532428741,-137.77999877929688,-137.5,12.27646541595459,-160.0,-159.0,-154.10000610351562,-146.25,-137.5,-129.0,-122.80000305175781,-117.95000457763672,-112.95999145507812
10960,-137.77999877929688,15.81208610534668,15.707430839538574,1.71880903840065,-137.77999877929688,-137.5,12.27646541595459,-160.0,-159.0,-154.10000610351562,-146.25,-137.5,-129.0,-122.80000305175781,-117.95000457763672,-112.95999145507812
10980,-137.77999877929688,15.816741943359375,15.710994720458984,1.7290131747722626,-137.77999877929688,-137.5,12.27646541595459,-160.0,-159.0,-154.10000610351562,-146.25,-137.5,-129.0,-122.80000305175781,-117.95000457763672,-112.95999145507812
11000,-137.77999877929688,15.807220458984375,15.70086669921875,1.722532033920288,-137.77999877929688,-137.5,12.27646541595459,-160.0,-159.0,-154.10000610351562,-146.25,-137.5,-129.0,-122.80000305175781,-117.95000457763672,-112.95999145507812
11020,-137.77999877929688,15.817092895507812,15.71167278289795,1.7159115374088287,-137.77999877929688,-137.5,12.27646541595459,-160.0,-159.0,-154.10000610351562,-146.25,-137.5,-129.0,-122.80000305175781,-117.95000457763672,-112.95999145507812
11040,-137.77999877929688,15.8291015625,15.724357604980469,1.7120934128761292,-137.77999877929688,-137.5,12.27646541595459,-160.0,-159.0,-154.10000610351562,-146.25,-137.5,-129.0,-122.80000305175781,-117.95000457763672,-112.95999145507812
11060,-137.77999877929688,15.821273803710938,15.715791702270508,1.7135118246078491,-137.77999877929688,-137.5,12.27646541595459,-160.0,-159.0,-154.10000610351562,-146.25,-137.5,-129.0,-122.80000305175781,-117.95000457763672,-112.95999145507812
11080,-137.77999877929688,15.813695907592773,15.708566665649414,1.7102853655815125,-137.77999877929688,-137.5,12.27646541595459,-160.0,-159.0,-154.10000610351562,-146.25,-137.5,-129.0,-122.80000305175781,-117.95000457763672,-112.95999145507812
11100,-137.77999877929688,15.815937042236328,15.709808349609375,1.711305558681488,-137.77999877929688,-137.5,12.27646541595459,-160.0,-159.0,-154.10000610351562,-146.25,-137.5,-129.0,-122.80000305175781,-117.95000457763672,-112.95999145507812
11120,-137.77999877929688,15.80653190612793,15.699904441833496,1.7098426520824432,-137.77999877929688,-137.5,12.27646541595459,-160.0,-159.0,-154.10000610351562,-146.25,-137.5,-129.0,-122.80000305175781,-117.95000457763672,-112.95999145507812
11140,-137.77999877929688,15.811625480651855,15.704246520996094,1.714074820280075,-137.77999877929688,-137.5,12.27646541595459,-160.0,-159.0,-154.10000610351562,-146.25,-137.5,-129.0,-122.80000305175781,-117.95000457763672,-112.95999145507812
11160,-137.77999877929688,15.812277793884277,15.706245422363281,1.71840700507164,-137.77999877929688,-137.5,12.27646541595459,-160.0,-159.0,-154.10000610351562,-146.25,-137.5,-129.0,-122.80000305175781,-117.95000457763672,-112.95999145507812
11180,-137.77999877929688,15.818597793579102,15.713323593139648,1.7145614624023438,-137.77999877929688,-137.5,12.27646541595459,-160.0,-159.0,-154.10000610351562,-146.25,-137.5,-129.0,-122.80000305175781,-117.95000457763672,-112.95999145507812
11200,-137.77999877929688,15.812057495117188,15.706687927246094,1.7147656083106995,-137.77999877929688,-137.5,12.27646541595459,-160.0,-159.0,-154.10000610351562,-146.25,-137.5,-129.0,-122.80000305175781,-117.95000457763672,-112.95999145507812
11220,-137.77999877929688,15.806673049926758,15.701095581054688,1.7122939825057983,-137.77999877929688,-137.5,12.27646541595459,-160.0,-159.0,-154.10000610351562,-146.25,-137.5,-129.0,-122.80000305175781,-117.95000457763672,-112.95999145507812
11240,-137.77999877929688,15.807428359985352,15.701265335083008,1.710537850856781,-137.77999877929688,-137.5,12.27646541595459,-160.0,-159.0,-154.10000610351562,-146.25,-137.5,-129.0,-122.80000305175781,-117.95000457763672,-112.95999145507812
11260,-137.77999877929688,15.807330131530762,15.700480461120605,1.7123156785964966,-137.77999877929688,-137.5,12.27646541595459,-160.0,-159.0,-154.10000610351562,-146.25,-137.5,-129.0,-122.80000305175781,-117.95000457763672,-112.95999145507812
11280,-137.77999877929688,15.797548294067383,15.691718101501465,1.695652574300766,-137.77999877929688,-137.5,12.27646541595459,-160.0,-159.0,-154.10000610351562,-146.25,-137.5,-129.0,-122.80000305175781,-117.95000457763672,-112.95999145507812
11300,-137.77999877929688,15.777961730957031,15.673510551452637,1.6861378848552704,-137.77999877929688,-137.5,12.27646541595459,-160.0,-159.0,-154.10000610351562,-146.25,-137.5,-129.0,-122.80000305175781,-117.95000457763672,-112.95999145507812
11320,-137.77999877929688,15.775339126586914,15.672114372253418,1.6867740154266357,-137.77999877929688,-137.5,12.27646541595459,-160.0,-159.0,-154.10000610351562,-146.25,-137.5,-129.0,-122.80000305175781,-117.95000457763672,-112.95999145507812
11340,-137.77999877929688,15.776922225952148,15.675661087036133,1.6758641302585602,-137.77999877929688,-137.5,12.27646541595459,-160.0,-159.0,-154.10000610351562,-146.25,-137.5,-129.0,-122.80000305175781,-117.95000457763672,-112.95999145507812
11360,-137.77999877929688,15.77530574798584,15.67413330078125,1.6781282424926758,-137.77999877929688,-137.5,12.27646541595459,-160.0,-159.0,-154.10000610351562,-146.25,-137.5,-129.0,-122.80000305175781,-117.95000457763672,-112.95999145507812
11380,-137.77999877929688,15.779296875,15.677976608276367,1.674885332584381,-137.77999877929688,-137.5,12.27646541595459,-160.0,-159.0,-154.10000610351562,-146.25,-137.5,-129.0,-122.80000305175781,-117.95000457763672,-112.95999145507812
11400,-137.77999877929688,15.767919540405273,15.666387557983398,1.6797992885112762,-137.77999877929688,-137.5,12.27646541595459,-160.0,-159.0,-154.10000610351562,-146.25,-137.5,-129.0,-122.80000305175781,-117.95000457763672,-112.95999145507812
11420,-137.77999877929688,15.778554916381836,15.676769256591797,1.6675843298435211,-137.77999877929688,-137.5,12.27646541595459,-160.0,-159.0,-154.10000610351562,-146.25,-137.5,-129.0,-122.80000305175781,-117.95000457763672,-112.95999145507812
11440,-137.77999877929688,15.7813138961792,15.680438041687012,1.6660628914833069,-137.77999877929688,-137.5,12.27646541595459,-160.0,-159.0,-154.10000610351562,-146.25,-137.5,-129.0,-122.80000305175781,-117.95000457763672,-112.95999145507812
11460,-137.77999877929688,15.77502727508545,15.673518180847168,1.6611682176589966,-137.77999877929688,-137.5,12.27646541595459,-160.0,-159.0,-154.10000610351562,-146.25,-137.5,-129.0,-122.80000305175781,-117.95000457763672,-112.95999145507812
11480,-137.77999877929688,15.761987686157227,15.66062068939209,1.6566689610481262,-137.77999877929688,-137.5,12.27646541595459,-160.0,-159.0,-154.10000610351562,-146.25,-137.5,-129.0,-122.80000305175781,-117.95000457763672,-112.95999145507812
11500,-137.77999877929688,15.767026901245117,15.666796684265137,1.6504748463630676,-137.77999877929688,-137.5,12.27646541595459,-160.0,-159.0,-154.10000610351562,-146.25,-137.5,-129.0,-122.80000305175781,-117.95000457763672,-112.95999145507812
11520,-137.77999877929688,15.771282196044922,15.670912742614746,1.6486261785030365,-137.77999877929688,-137.5,12.27646541595459,-160.0,-159.0,-154.10000610351562,-146.25,-137.5,-129.0,-122.80000305175781,-117.95000457763672,-112.95999145507812
11540,-137.77999877929688,15.763795852661133,15.662862777709961,1.6453954875469208,-137.77999877929688,-137.5,12.27646541595459,-160.0,-159.0,-154.10000610351562,-146.25,-137.5,-129.0,-122.80000305175781,-117.95000457763672,-112.95999145507812
11560,-137.77999877929688,15.768118858337402,15.66791820526123,1.639099359512329,-137.77999877929688,-137.5,12.27646541595459,-160.0,-159.0,-154.10000610351562,-146.25,-137.5,-129.0,-122.80000305175781,-117.95000457763672,-112.95999145507812
11580,-137.77999877929688,15.758536338806152,15.6590576171875,1.6358365416526794,-137.77999877929688,-137.5,12.27646541595459,-160.0,-159.0,-154.10000610351562,-146.25,-137.5,-129.0,-122.80000305175781,-117.95000457763672,-112.95999145507812
11600,-137.77999877929688,15.764212608337402,15.664664268493652,1.6316392123699188,-137.77999877929688,-137.5,12.27646541595459,-160.0,-159.0,-154.10000610351562,-146.25,-137.5,-129.0,-122.80000305175781,-117.95000457763672,-112.95999145507812
11620,-137.77999877929688,15.750429153442383,15.651947021484375,1.6227932572364807,-137.77999877929688,-137.5,12.27646541595459,-160.0,-159.0,-154.10000610351562,-146.25,-137.5,-129.0,-122.80000305175781,-117.95000457763672,-112.95999145507812
11640,-137.77999877929688,15.748428344726562,15.649789810180664,1.6264769732952118,-137.77999877929688,-137.5,12.27646541595459,-160.0,-159.0,-154.10000610351562,-146.25,-137.5,-129.0,-122.80000305175781,-117.95000457763672,-112.95999145507812
11660,-137.77999877929688,15.74683666229248,15.648470878601074,1.6266231834888458,-137.77999877929688,-137.5,12.27646541595459,-160.0,-159.0,-154.10000610351562,-146.25,-137.5,-129.0,-122.80000305175781,-117.95000457763672,-112.95999145507812
11680,-137.77999877929688,15.751007080078125,15.651388168334961,1.6319376826286316,-137.77999877929688,-137.5,12.27646541595459,-160.0,-159.0,-154.10000610351562,-146.25,-137.5,-129.0,-122.80000305175781,-117.95000457763672,-112.95999145507812
11700,-137.77999877929688,15.764554977416992,15.6649808883667,1.6312785148620605,-137.77999877929688,-137.5,12.27646541595459,-160.0,-159.0,-154.10000610351562,-146.25,-137.5,-129.0,-122.80000305175781,-117.95000457763672,-112.95999145507812
11720,-137.77999877929688,15.76308822631836,15.663458824157715,1.6243985295295715,-137.77999877929688,-137.5,12.27646541595459,-160.0,-159.0,-154.10000610351562,-146.25,-137.5,-129.0,-122.80000305175781,-117.95000457763672,-112.95999145507812
11740,-137.77999877929688,15.749956130981445,15.650749206542969,1.6229794919490814,-137.77999877929688,-137.5,12.27646541595459,-160.0,-159.0,-154.10000610351562,-146.25,-137.5,-129.0,-122.80000305175781,-117.95000457763672,-112.95999145507812
11760,-137.77999877929688,15.753771781921387,15.654608726501465,1.62241730093956,-137.77999877929688,-137.5,12.27646541595459,-160.0,-159.0,-154.10000610351562,-146.25,-137.5,-129.0,-122.80000305175781,-117.95000457763672,-112.95999145507812
11780,-137.77999877929688,15.744564056396484,15.645452499389648,1.6227437555789948,-137.77999877929688,-137.5,12.27646541595459,-160.0,-159.0,-154.10000610351562,-146.25,-137.5,-129.0,-122.80000305175781,-117.95000457763672,-112.95999145507812
11800,-137.8199920654297,15.73975944519043,15.641733169555664,1.6206561923027039,-137.82000732421875,-137.5,12.301527976989746,-160.02000427246094,-159.0,-154.10000610351562,-146.25,-137.5,-129.0,-122.80000305175781,-117.95000457763672,-112.95999145507812
11820,-137.8199920654297,15.73355770111084,15.635882377624512,1.6126447916030884,-137.82000732421875,-137.5,12.301527976989746,-160.02000427246094,-159.0,-154.10000610351562,-146.25,-137.5,-129.0,-122.80000305175781,-117.95000457763672,-112.95999145507812
11840,-137.8199920654297,15.729679107666016,15.631874084472656,1.6150100827217102,-137.82000732421875,-137.5,12.301527976989746,-160.02000427246094,-159.0,-154.10000610351562,-146.25,-137.5,-129.0,-122.80000305175781,-117.95000457763672,-112.95999145507812
11860,-137.8199920654297,15.730400085449219,15.631319046020508,1.6102334856987,-137.82000732421875,-137.5,12.301527976989746,-160.02000427246094,-159.0,-154.10000610351562,-146.25,-137.5,-129.0,-122.80000305175781,-117.95000457763672,-112.95999145507812
11880,-137.8199920654297,15.729448318481445,15.630804061889648,1.6139222383499146,-137.82000732421875,-137.5,12.301527976989746,-160.02000427246094,-159.0,-154.10000610351562,-146.25,-137.5,-129.0,-122.80000305175781,-117.95000457763672,-112.95999145507812
11900,-137.8199920654297,15.734491348266602,15.634519577026367,1.6212168335914612,-137.82000732421875,-137.5,12.301527976989746,-160.02000427246094,-159.0,-154.10000610351562,-146.25,-137.5,-129.0,-122.80000305175781,-117.95000457763672,-112.95999145507812
11920,-137.8199920654297,15.749727249145508,15.648672103881836,1.628273606300354,-137.82000732421875,-137.5,12.301527976989746,-160.02000427246094,-159.0,-154.10000610351562,-146.25,-137.5,-129.0,-122.80000305175781,-117.95000457763672,-112.95999145507812
11940,-137.8199920654297,15.735204696655273,15.635231018066406,1.6239194571971893,-137.82000732421875,-137.5,12.301527976989746,-160.02000427246094,-159.0,-154.10000610351562,-146.25,-137.5,-129.0,-122.80000305175781,-117.95000457763672,-112.95999145507812
11960,-137.8199920654297,15.730875015258789,15.630119323730469,1.616639107465744,-137.82000732421875,-137.5,12.301527976989746,-160.02000427246094,-159.0,-154.10000610351562,-146.25,-137.5,-129.0,-122.80000305175781,-117.95000457763672,-112.95999145507812
11980,-137.8199920654297,15.737405776977539,15.637519836425781,1.6110105514526367,-137.82000732421875,-137.5,12.301527976989746,-160.02000427246094,-159.0,-154.10000610351562,-146.25,-137.5,-129.0,-122.80000305175781,-117.95000457763672,-112.95999145507812
12000,-137.8199920654297,15.75039291381836,15.65027904510498,1.6098847687244415,-137.82000732421875,-137.5,12.301527976989746,-160.02000427246094,-159.0,-154.10000610351562,-146.25,-137.5,-129.0,-122.80000305175781,-117.95000457763672,-112.95999145507812
12020,-137.8199920654297,15.75733470916748,15.658042907714844,1.6048917472362518,-137.82000732421875,-137.5,12.301527976989746,-160.02000427246094,-159.0,-154.10000610351562,-146.25,-137.5,-129.0,-122.80000305175781,-117.95000457763672,-112.95999145507812
12040,-137.83999633789062,15.759661674499512,15.66064739227295,1.6083815395832062,-137.83999633789062,-138.0,12.30342960357666,-160.02000427246094,-159.0,-154.10000610351562,-146.25,-138.0,-129.0,-122.80000305175781,-117.95000457763672,-112.95999145507812
12060,-137.83999633789062,15.754786491394043,15.654769897460938,1.605673372745514,-137.83999633789062,-138.0,12.30342960357666,-160.02000427246094,-159.0,-154.10000610351562,-146.25,-138.0,-129.0,-122.80000305175781,-117.95000457763672,-112.95999145507812
12080,-137.83999633789062,15.760995864868164,15.661821365356445,1.6073901951313019,-137.83999633789062,-138.0,12.30342960357666,-160.02000427246094,-159.0,-154.10000610351562,-146.25,-138.0,-129.0,-122.80000305175781,-117.95000457763672,-112.95999145507812
12100,-137.83999633789062,15.772631645202637,15.6748046875,1.6076120138168335,-137.83999633789062,-138.0,12.30342960357666,-160.02000427246094,-159.0,-154.10000610351562,-146.25,-138.0,-129.0,-122.80000305175781,-117.95000457763672,-112.95999145507812
12120,-137.83999633789062,15.764997482299805,15.668363571166992,1.5932315289974213,-137.83999633789062,-138.0,12.30342960357666,-160.02000427246094,-159.0,-154.10000610351562,-146.25,-138.0,-129.0,-122.80000305175781,-117.95000457763672,-112.95999145507812
12140,-137.83999633789062,15.770933151245117,15.6744384765625,1.59358611702919,-137.83999633789062,-138.0,12.30342960357666,-160.02000427246094,-159.0,-154.10000610351562,-146.25,-138.0,-129.0,-122.80000305175781,-117.95000457763672,-112.95999145507812
12160,-137.83999633789062,15.76296615600586,15.667059898376465,1.5931128561496735,-137.83999633789062,-138.0,12.30342960357666,-160.02000427246094,-159.0,-154.10000610351562,-146.25,-138.0,-129.0,-122.80000305175781,-117.95000457763672,-112.95999145507812
12180,-137.83999633789062,15.745954513549805,15.650394439697266,1.5989549160003662,-137.83999633789062,-138.0,12.30342960357666,-160.02000427246094,-159.0,-154.10000610351562,-146.25,-138.0,-129.0,-122.80000305175781,-117.95000457763672,-112.95999145507812
12200,-137.83999633789062,15.746001243591309,15.652334213256836,1.5867820382118225,-137.83999633789062,-138.0,12.30342960357666,-160.02000427246094,-159.0,-154.10000610351562,-146.25,-138.0,-129.0,-122.80000305175781,-117.95000457763672,-112.95999145507812
12220,-137.83999633789062,15.746309280395508,15.653051376342773,1.5837699174880981,-137.83999633789062,-138.0,12.30342960357666,-160.02000427246094,-159.0,-154.10000610351562,-146.25,-138.0,-129.0,-122.80000305175781,-117.95000457763672,-112.95999145507812
12240,-137.83999633789062,15.731158256530762,15.638053894042969,1.5862646102905273,-137.83999633789062,-138.0,12.30342960357666,-160.02000427246094,-159.0,-154.10000610351562,-146.25,-138.0,-129.0,-122.80000305175781,-117.95000457763672,-112.95999145507812
12260,-137.83999633789062,15.740885734558105,15.649039268493652,1.576813519001007,-137.83999633789062,-138.0,12.30342960357666,-160.02000427246094,-159.0,-154.10000610351562,-146.25,-138.0,-129.0,-122.80000305175781,-117.95000457763672,-112.95999145507812
12280,-137.83999633789062,15.74409294128418,15.652046203613281,1.5711073875427246,-137.83999633789062,-138.0,12.30342960357666,-160.02000427246094,-159.0,-154.10000610351562,-146.25,-138.0,-129.0,-122.80000305175781,-117.95000457763672,-112.95999145507812
12300,-137.83999633789062,15.73315715789795,15.64146614074707,1.567541480064392,-137.83999633789062,-138.0,12.30342960357666,-160.02000427246094,-159.0,-154.10000610351562,-146.25,-138.0,-129.0,-122.80000305175781,-117.95000457763672,-112.95999145507812
12320,-137.83999633789062,15.730550765991211,15.638143539428711,1.5681809782981873,-137.83999633789062,-138.0,12.30342960357666,-160.02000427246094,-159.0,-154.10000610351562,-146.25,-138.0,-129.0,-122.80000305175781,-117.95000457763672,-112.95999145507812
12340,-137.83999633789062,15.731249809265137,15.637728691101074,1.5652721226215363,-137.83999633789062,-138.0,12.30342960357666,-160.02000427246094,-159.0,-154.10000610351562,-146.25,-138.0,-129.0,-122.80000305175781,-117.95000457763672,-112.95999145507812
12360,-137.83999633789062,15.726801872253418,15.633481979370117,1.5614325404167175,-137.83999633789062,-138.0,12.30342960357666,-160.02000427246094,-159.0,-154.10000610351562,-146.25,-138.0,-129.0,-122.80000305175781,-117.95000457763672,-112.95999145507812
12380,-137.83999633789062,15.72935676574707,15.63682746887207,1.5553461611270905,-137.83999633789062,-138.0,12.30342960357666,-160.02000427246094,-159.0,-154.10000610351562,-146.25,-138.0,-129.0,-122.80000305175781,-117.95000457763672,-112.95999145507812
12400,-137.83999633789062,15.734484672546387,15.641891479492188,1.5565921366214752,-137.83999633789062,-138.0,12.30342960357666,-160.02000427246094,-159.0,-154.10000610351562,-146.25,-138.0,-129.0,-122.80000305175781,-117.95000457763672,-112.95999145507812
12420,-137.83999633789062,15.73303508758545,15.6415433883667,1.5542990565299988,-137.83999633789062,-138.0,12.30342960357666,-160.02000427246094,-159.0,-154.10000610351562,-146.25,-138.0,-129.0,-122.80000305175781,-117.95000457763672,-112.95999145507812
12440,-137.83999633789062,15.737022399902344,15.644957542419434,1.5500524044036865,-137.83999633789062,-138.0,12.30342960357666,-160.02000427246094,-159.0,-154.10000610351562,-146.25,-138.0,-129.0,-122.80000305175781,-117.95000457763672,-112.95999145507812
12460,-137.83999633789062,15.746210098266602,15.654531478881836,1.5547162294387817,-137.83999633789062,-138.0,12.30342960357666,-160.02000427246094,-159.0,-154.10000610351562,-146.25,-138.0,-129.0,-122.80000305175781,-117.95000457763672,-112.95999145507812
12480,-137.83999633789062,15.757614135742188,15.66516399383545,1.558583527803421,-137.83999633789062,-138.0,12.30342960357666,-160.02000427246094,-159.0,-154.10000610351562,-146.25,-138.0,-129.0,-122.80000305175781,-117.95000457763672,-112.95999145507812
12500,-137.83999633789062,15.762826919555664,15.670553207397461,1.5595360100269318,-137.83999633789062,-138.0,12.30342960357666,-160.02000427246094,-159.0,-154.10000610351562,-146.25,-138.0,-129.0,-122.80000305175781,-117.95000457763672,-112.95999145507812
12520,-137.83999633789062,15.749468803405762,15.657308578491211,1.5514039099216461,-137.83999633789062,-138.0,12.30342960357666,-160.02000427246094,-159.0,-154.10000610351562,-146.25,-138.0,-129.0,-122.80000305175781,-117.95000457763672,-112.95999145507812
12540,-137.83999633789062,15.74270248413086,15.649467468261719,1.5512222945690155,-137.83999633789062,-138.0,12.30342960357666,-160.02000427246094,-159.0,-154.10000610351562,-146.25,-138.0,-129.0,-122.80000305175781,-117.95000457763672,-112.95999145507812
12560,-137.83999633789062,15.744182586669922,15.65150260925293,1.5525561571121216,-137.83999633789062,-138.0,12.30342960357666,-160.02000427246094,-159.0,-154.10000610351562,-146.25,-138.0,-129.0,-122.80000305175781,-117.95000457763672,-112.95999145507812
12580,-137.83999633789062,15.746420860290527,15.654228210449219,1.5440421998500824,-137.83999633789062,-138.0,12.30342960357666,-160.02000427246094,-159.0,-154.10000610351562,-146.25,-138.0,-129.0,-122.80000305175781,-117.95000457763672,-112.95999145507812
12600,-137.83999633789062,15.747114181518555,15.655375480651855,1.5465891361236572,-137.83999633789062,-138.0,12.30342960357666,-160.02000427246094,-159.0,-154.10000610351562,-146.25,-138.0,-129.0,-122.80000305175781,-117.95000457763672,-112.95999145507812
12620,-137.83999633789062,15.743053436279297,15.652486801147461,1.5365168154239655,-137.83999633789062,-138.0,12.30342960357666,-160.02000427246094,-159.0,-154.10000610351562,-146.25,-138.0,-129.0,-122.80000305175781,-117.95000457763672,-112.95999145507812
12640,-137.83999633789062,15.756187438964844,15.665313720703125,1.5348035991191864,-137.83999633789062,-138.0,12.30342960357666,-160.02000427246094,-159.0,-154.10000610351562,-146.25,-138.0,-129.0,-122.80000305175781,-117.95000457763672,-112.95999145507812
12660,-137.83999633789062,15.754237174987793,15.664477348327637,1.5295250117778778,-137.83999633789062,-138.0,12.30342960357666,-160.02000427246094,-159.0,-154.10000610351562,-146.25,-138.0,-129.0,-122.80000305175781,-117.95000457763672,-112.95999145507812
12680,-137.83999633789062,15.763151168823242,15.67371654510498,1.5272778570652008,-137.83999633789062,-138.0,12.30342960357666,-160.02000427246094,-159.0,-154.10000610351562,-146.25,-138.0,-129.0,-122.80000305175781,-117.95000457763672,-112.95999145507812
12700,-137.83999633789062,15.757848739624023,15.6693115234375,1.5211841464042664,-137.83999633789062,-138.0,12.30342960357666,-160.02000427246094,-159.0,-154.10000610351562,-146.25,-138.0,-129.0,-122.80000305175781,-117.95000457763672,-112.95999145507812
12720,-137.83999633789062,15.771873474121094,15.682943344116211,1.5215092301368713,-137.83999633789062,-138.0,12.30342960357666,-160.02000427246094,-159.0,-154.10000610351562,-146.25,-138.0,-129.0,-122.80000305175781,-117.95000457763672,-112.95999145507812
12740,-137.83999633789062,15.764286041259766,15.675475120544434,1.5287342369556427,-137.83999633789062,-138.0,12.30342960357666,-160.02000427246094,-159.0,-154.10000610351562,-146.25,-138.0,-129.0,-122.80000305175781,-117.95000457763672,-112.95999145507812
12760,-137.83999633789062,15.752286911010742,15.662989616394043,1.5276070535182953,-137.83999633789062,-138.0,12.30342960357666,-160.02000427246094,-159.0,-154.10000610351562,-146.25,-138.0,-129.0,-122.80000305175781,-117.95000457763672,-112.95999145507812
12780,-137.83999633789062,15.751155853271484,15.662798881530762,1.5305915176868439,-137.83999633789062,-138.0,12.30342960357666,-160.02000427246094,-159.0,-154.10000610351562,-146.25,-138.0,-129.0,-122.80000305175781,-117.95000457763672,-112.95999145507812
12800,-137.83999633789062,15.74637508392334,15.657485008239746,1.5311360657215118,-137.83999633789062,-138.0,12.30342960357666,-160.02000427246094,-159.0,-154.10000610351562,-146.25,-138.0,-129.0,-122.80000305175781,-117.95000457763672,-112.95999145507812
12820,-137.83999633789062,15.738044738769531,15.649271965026855,1.5291231274604797,-137.83999633789062,-138.0,12.30342960357666,-160.02000427246094,-159.0,-154.10000610351562,-146.25,-138.0,-129.0,-122.80000305175781,-117.95000457763672,-112.95999145507812
12840,-137.83999633789062,15.730884552001953,15.641807556152344,1.52610844373703,-137.83999633789062,-138.0,12.30342960357666,-160.02000427246094,-159.0,-154.10000610351562,-146.25,-138.0,-129.0,-122.80000305175781,-117.95000457763672,-112.95999145507812
12860,-137.83999633789062,15.72514533996582,15.636531829833984,1.5211340487003326,-137.83999633789062,-138.0,12.30342960357666,-160.02000427246094,-159.0,-154.10000610351562,-146.25,-138.0,-129.0,-122.80000305175781,-117.95000457763672,-112.95999145507812
12880,-137.83999633789062,15.723394393920898,15.635035514831543,1.5196188390254974,-137.83999633789062,-138.0,12.30342960357666,-160.02000427246094,-159.0,-154.10000610351562,-146.25,-138.0,-129.0,-122.80000305175781,-117.95000457763672,-112.95999145507812
12900,-137.83999633789062,15.718096733093262,15.630366325378418,1.5187440514564514,-137.83999633789062,-138.0,12.30342960357666,-160.02000427246094,-159.0,-154.10000610351562,-146.25,-138.0,-129.0,-122.80000305175781,-117.95000457763672,-112.95999145507812
12920,-137.86000061035156,15.70959758758545,15.620319366455078,1.5177977681159973,-137.86000061035156,-138.0,12.308549880981445,-160.02000427246094,-159.0,-154.10000610351562,-146.25,-138.0,-129.0,-122.80000305175781,-117.95000457763672,-112.95999145507812
12940,-137.86000061035156,15.707235336303711,15.619085311889648,1.5128920078277588,-137.86000061035156,-138.0,12.308549880981445,-160.02000427246094,-159.0,-154.10000610351562,-146.25,-138.0,-129.0,-122.80000305175781,-117.95000457763672,-112.95999145507812
12960,-137.86000061035156,15.711710929870605,15.622716903686523,1.5186245143413544,-137.86000061035156,-138.0,12.308549880981445,-160.02000427246094,-159.0,-154.10000610351562,-146.25,-138.0,-129.0,-122.80000305175781,-117.95000457763672,-112.95999145507812
12980,-137.86000061035156,15.718341827392578,15.630683898925781,1.5148978233337402,-137.86000061035156,-138.0,12.308549880981445,-160.02000427246094,-159.0,-154.10000610351562,-146.25,-138.0,-129.0,-122.80000305175781,-117.95000457763672,-112.95999145507812
13000,-137.86000061035156,15.716635704040527,15.62836742401123,1.51273974776268,-137.86000061035156,-138.0,12.308549880981445,-160.02000427246094,-159.0,-154.10000610351562,-146.25,-138.0,-129.0,-122.80000305175781,-117.95000457763672,-112.95999145507812
13020,-137.86000061035156,15.71711254119873,15.628474235534668,1.5142971575260162,-137.86000061035156,-138.0,12.308549880981445,-160.02000427246094,-159.0,-154.10000610351562,-146.25,-138.0,-129.0,-122.80000305175781,-117.95000457763672,-112.95999145507812
13040,-137.86000061035156,15.714465141296387,15.627089500427246,1.508015215396881,-137.86000061035156,-138.0,12.308549880981445,-160.02000427246094,-159.0,-154.10000610351562,-146.25,-138.0,-129.0,-122.80000305175781,-117.95000457763672,-112.95999145507812
13060,-137.86000061035156,15.710311889648438,15.622636795043945,1.510304570198059,-137.86000061035156,-138.0,12.308549880981445,-160.02000427246094,-159.0,-154.10000610351562,-146.25,-138.0,-129.0,-122.80000305175781,-117.95000457763672,-112.95999145507812
13080,-137.86000061035156,15.70093059539795,15.611387252807617,1.5124095976352692,-137.86000061035156,-138.0,12.308549880981445,-160.02000427246094,-159.0,-154.10000610351562,-146.25,-138.0,-129.0,-122.80000305175781,-117.95000457763672,-112.95999145507812
13100,-137.86000061035156,15.699007034301758,15.609603881835938,1.5128220319747925,-137.86000061035156,-138.0,12.308549880981445,-160.02000427246094,-159.0,-154.10000610351562,-146.25,-138.0,-129.0,-122.80000305175781,-117.95000457763672,-112.95999145507812
13120,-137.86000061035156,15.694807052612305,15.605509757995605,1.51286581158638,-137.86000061035156,-138.0,12.308549880981445,-160.02000427246094,-159.0,-154.10000610351562,-146.25,-138.0,-129.0,-122.80000305175781,-117.95000457763672,-112.95999145507812
13140,-137.86000061035156,15.707588195800781,15.61832046508789,1.5119309425354004,-137.86000061035156,-138.0,12.308549880981445,-160.02000427246094,-159.0,-154.10000610351562,-146.25,-138.0,-129.0,-122.80000305175781,-117.95000457763672,-112.95999145507812
13160,-137.86000061035156,15.704713821411133,15.614069938659668,1.515787959098816,-137.86000061035156,-138.0,12.308549880981445,-160.02000427246094,-159.0,-154.10000610351562,-146.25,-138.0,-129.0,-122.80000305175781,-117.95000457763672,-112.95999145507812
13180,-137.86000061035156,15.710833549499512,15.619929313659668,1.5099994242191315,-137.86000061035156,-138.0,12.308549880981445,-160.02000427246094,-159.0,-154.10000610351562,-146.25,-138.0,-129.0,-122.80000305175781,-117.95000457763672,-112.95999145507812
13200,-137.86000061035156,15.701850891113281,15.610710144042969,1.5102331340312958,-137.86000061035156,-138.0,12.308549880981445,-160.02000427246094,-159.0,-154.10000610351562,-146.25,-138.0,-129.0,-122.80000305175781,-117.95000457763672,-112.95999145507812
13220,-137.86000061035156,15.714293479919434,15.624547958374023,1.514294981956482,-137.86000061035156,-138.0,12.308549880981445,-160.02000427246094,-159.0,-154.10000610351562,-146.25,-138.0,-129.0,-122.80000305175781,-117.95000457763672,-112.95999145507812
13240,-137.86000061035156,15.713218688964844,15.623370170593262,1.5161595046520233,-137.86000061035156,-138.0,12.308549880981445,-160.02000427246094,-159.0,-154.10000610351562,-146.25,-138.0,-129.0,-122.80000305175781,-117.95000457763672,-112.95999145507812
13260,-137.86000061035156,15.694509506225586,15.60627269744873,1.5135614275932312,-137.86000061035156,-138.0,12.308549880981445,-160.02000427246094,-159.0,-154.10000610351562,-146.25,-138.0,-129.0,-122.80000305175781,-117.95000457763672,-112.95999145507812
13280,-137.86000061035156,15.691271781921387,15.602825164794922,1.5120829343795776,-137.86000061035156,-138.0,12.308549880981445,-160.02000427246094,-159.0,-154.10000610351562,-146.25,-138.0,-129.0,-122.80000305175781,-117.95000457763672,-112.95999145507812
13300,-137.86000061035156,15.692373275756836,15.603568077087402,1.5139618813991547,-137.86000061035156,-138.0,12.308549880981445,-160.02000427246094,-159.0,-154.10000610351562,-146.25,-138.0,-129.0,-122.80000305175781,-117.95000457763672,-112.95999145507812
13320,-137.86000061035156,15.682906150817871,15.594062805175781,1.5116506814956665,-137.86000061035156,-138.0,12.308549880981445,-160.02000427246094,-159.0,-154.10000610351562,-146.25,-138.0,-129.0,-122.80000305175781,-117.95000457763672,-112.95999145507812
13340,-137.86000061035156,15.685277938842773,15.596673965454102,1.508575677871704,-137.86000061035156,-138.0,12.308549880981445,-160.02000427246094,-159.0,-154.10000610351562,-146.25,-138.0,-129.0,-122.80000305175781,-117.95000457763672,-112.95999145507812
13360,-137.86000061035156,15.687980651855469,15.600044250488281,1.5031225979328156,-137.86000061035156,-138.0,12.308549880981445,-160.02000427246094,-159.0,-154.10000610351562,-146.25,-138.0,-129.0,-122.80000305175781,-117.95000457763672,-112.95999145507812
13380,-137.86000061035156,15.689947128295898,15.602301597595215,1.4929127991199493,-137.86000061035156,-138.0,12.308549880981445,-160.02000427246094,-159.0,-154.10000610351562,-146.25,-138.0,-129.0,-122.80000305175781,-117.95000457763672,-112.95999145507812
13400,-137.86000061035156,15.687457084655762,15.600921630859375,1.4903152883052826,-137.86000061035156,-138.0,12.308549880981445,-160.02000427246094,-159.0,-154.10000610351562,-146.25,-138.0,-129.0,-122.80000305175781,-117.95000457763672,-112.95999145507812
13420,-137.86000061035156,15.688830375671387,15.602426528930664,1.4866509139537811,-137.86000061035156,-138.0,12.308549880981445,-160.02000427246094,-159.0,-154.10000610351562,-146.25,-138.0,-129.0,-122.80000305175781,-117.95000457763672,-112.95999145507812
13440,-137.86000061035156,15.69266128540039,15.60578441619873,1.4850181639194489,-137.86000061035156,-138.0,12.308549880981445,-160.02000427246094,-159.0,-154.10000610351562,-146.25,-138.0,-129.0,-122.80000305175781,-117.95000457763672,-112.95999145507812
13460,-137.86000061035156,15.68756103515625,15.600008964538574,1.4850296378135681,-137.86000061035156,-138.0,12.308549880981445,-160.02000427246094,-159.0,-154.10000610351562,-146.25,-138.0,-129.0,-122.80000305175781,-117.95000457763672,-112.95999145507812
13480,-137.86000061035156,15.691328048706055,15.605148315429688,1.4831724762916565,-137.86000061035156,-138.0,12.308549880981445,-160.02000427246094,-159.0,-154.10000610351562,-146.25,-138.0,-129.0,-122.80000305175781,-117.95000457763672,-112.95999145507812
13500,-137.86000061035156,15.681402206420898,15.595565795898438,1.4758484661579132,-137.86000061035156,-138.0,12.308549880981445,-160.02000427246094,-159.0,-154.10000610351562,-146.25,-138.0,-129.0,-122.80000305175781,-117.95000457763672,-112.95999145507812
13520,-137.86000061035156,15.690567016601562,15.605426788330078,1.4760628640651703,-137.86000061035156,-138.0,12.308549880981445,-160.02000427246094,-159.0,-154.10000610351562,-146.25,-138.0,-129.0,-122.80000305175781,-117.95000457763672,-112.95999145507812
13540,-137.86000061035156,15.69207763671875,15.607501029968262,1.4751912355422974,-137.86000061035156,-138.0,12.308549880981445,-160.02000427246094,-159.0,-154.10000610351562,-146.25,-138.0,-129.0,-122.80000305175781,-117.95000457763672,-112.95999145507812
13560,-137.86000061035156,15.678606033325195,15.59487533569336,1.471157819032669,-137.86000061035156,-138.0,12.308549880981445,-160.02000427246094,-159.0,-154.10000610351562,-146.25,-138.0,-129.0,-122.80000305175781,-117.95000457763672,-112.95999145507812
13580,-137.86000061035156,15.682035446166992,15.598001480102539,1.4714508652687073,-137.86000061035156,-138.0,12.308549880981445,-160.02000427246094,-159.0,-154.10000610351562,-146.25,-138.0,-129.0,-122.80000305175781,-117.95000457763672,-112.95999145507812
13600,-137.86000061035156,15.680051803588867,15.596919059753418,1.465328186750412,-137.86000061035156,-138.0,12.308549880981445,-160.02000427246094,-159.0,-154.10000610351562,-146.25,-138.0,-129.0,-122.80000305175781,-117.95000457763672,-112.95999145507812
13620,-137.86000061035156,15.683496475219727,15.599126815795898,1.4735186100006104,-137.86000061035156,-138.0,12.308549880981445,-160.02000427246094,-159.0,-154.10000610351562,-146.25,-138.0,-129.0,-122.80000305175781,-117.95000457763672,-112.95999145507812
13640,-137.86000061035156,15.685186386108398,15.601102828979492,1.481372892856598,-137.86000061035156,-138.0,12.308549880981445,-160.02000427246094,-159.0,-154.10000610351562,-146.25,-138.0,-129.0,-122.80000305175781,-117.95000457763672,-112.95999145507812
13660,-137.86000061035156,15.689818382263184,15.605888366699219,1.4819473028182983,-137.86000061035156,-138.0,12.308549880981445,-160.02000427246094,-159.0,-154.10000610351562,-146.25,-138.0,-129.0,-122.80000305175781,-117.95000457763672,-112.95999145507812
13680,-137.86000061035156,15.694717407226562,15.610954284667969,1.4786732494831085,-137.86000061035156,-138.0,12.308549880981445,-160.02000427246094,-159.0,-154.10000610351562,-146.25,-138.0,-129.0,-122.80000305175781,-117.95000457763672,-112.95999145507812
13700,-137.86000061035156,15.68864631652832,15.604830741882324,1.4753649830818176,-137.86000061035156,-138.0,12.308549880981445,-160.02000427246094,-159.0,-154.10000610351562,-146.25,-138.0,-129.0,-122.80000305175781,-117.95000457763672,-112.95999145507812
13720,-137.86000061035156,15.673511505126953,15.590155601501465,1.4698159396648407,-137.86000061035156,-138.0,12.308549880981445,-160.02000427246094,-159.0,-154.10000610351562,-146.25,-138.0,-129.0,-122.80000305175781,-117.95000457763672,-112.95999145507812
13740,-137.86000061035156,15.686663627624512,15.60352897644043,1.4726994633674622,-137.86000061035156,-138.0,12.308549880981445,-160.02000427246094,-159.0,-154.10000610351562,-146.25,-138.0,-129.0,-122.80000305175781,-117.95000457763672,-112.95999145507812
13760,-137.86000061035156,15.677538871765137,15.595205307006836,1.457443356513977,-137.86000061035156,-138.0,12.308549880981445,-160.02000427246094,-159.0,-154.10000610351562,-146.25,-138.0,-129.0,-122.80000305175781,-117.95000457763672,-112.95999145507812
13780,-137.86000061035156,15.669730186462402,15.587458610534668,1.452379733324051,-137.86000061035156,-138.0,12.308549880981445,-160.02000427246094,-159.0,-154.10000610351562,-146.25,-138.0,-129.0,-122.80000305175781,-117.95000457763672,-112.95999145507812
13800,-137.86000061035156,15.670658111572266,15.588249206542969,1.4538247883319855,-137.86000061035156,-138.0,12.308549880981445,-160.02000427246094,-159.0,-154.10000610351562,-146.25,-138.0,-129.0,-122.80000305175781,-117.95000457763672,-112.95999145507812
13820,-137.86000061035156,15.666487693786621,15.584066390991211,1.454085797071457,-137.86000061035156,-138.0,12.308549880981445,-160.02000427246094,-159.0,-154.10000610351562,-146.25,-138.0,-129.0,-122.80000305175781,-117.95000457763672,-112.95999145507812
13840,-137.86000061035156,15.67923355102539,15.597127914428711,1.4556529521942139,-137.86000061035156,-138.0,12.308549880981445,-160.02000427246094,-159.0,-154.10000610351562,-146.25,-138.0,-129.0,-122.80000305175781,-117.95000457763672,-112.95999145507812
13860,-137.86000061035156,15.68262767791748,15.600333213806152,1.456510603427887,-137.86000061035156,-138.0,12.308549880981445,-160.02000427246094,-159.0,-154.10000610351562,-146.25,-138.0,-129.0,-122.80000305175781,-117.95000457763672,-112.95999145507812
13880,-137.86000061035156,15.688456535339355,15.607539176940918,1.4492437541484833,-137.86000061035156,-138.0,12.308549880981445,-160.02000427246094,-159.0,-154.10000610351562,-146.25,-138.0,-129.0,-122.80000305175781,-117.95000457763672,-112.95999145507812
13900,-137.86000061035156,15.687980651855469,15.607173919677734,1.447387844324112,-137.86000061035156,-138.0,12.308549880981445,-160.02000427246094,-159.0,-154.10000610351562,-146.25,-138.0,-129.0,-122.80000305175781,-117.95000457763672,-112.95999145507812
13920,-137.86000061035156,15.681619644165039,15.599468231201172,1.4512281119823456,-137.86000061035156,-138.0,12.308549880981445,-160.02000427246094,-159.0,-154.10000610351562,-146.25,-138.0,-129.0,-122.80000305175781,-117.95000457763672,-112.95999145507812
13940,-137.86000061035156,15.683460235595703,15.60084342956543,1.4530071914196014,-137.86000061035156,-138.0,12.308549880981445,-160.02000427246094,-159.0,-154.10000610351562,-146.25,-138.0,-129.0,-122.80000305175781,-117.95000457763672,-112.95999145507812
13960,-137.86000061035156,15.677265167236328,15.595914840698242,1.4455891847610474,-137.86000061035156,-138.0,12.308549880981445,-160.02000427246094,-159.0,-154.10000610351562,-146.25,-138.0,-129.0,-122.80000305175781,-117.95000457763672,-112.95999145507812
13980,-137.86000061035156,15.685426712036133,15.604890823364258,1.4380196630954742,-137.86000061035156,-138.0,12.308549880981445,-160.02000427246094,-159.0,-154.10000610351562,-146.25,-138.0,-129.0,-122.80000305175781,-117.95000457763672,-112.95999145507812
14000,-137.86000061035156,15.689921379089355,15.61047649383545,1.4336109161376953,-137.86000061035156,-138.0,12.308549880981445,-160.02000427246094,-159.0,-154.10000610351562,-146.25,-138.0,-129.0,-122.80000305175781,-117.95000457763672,-112.95999145507812
14020,-137.86000061035156,15.699234008789062,15.619949340820312,1.4356926381587982,-137.86000061035156,-138.0,12.308549880981445,-160.02000427246094,-159.0,-154.10000610351562,-146.25,-138.0,-129.0,-122.80000305175781,-117.95000457763672,-112.95999145507812
14040,-137.86000061035156,15.704368591308594,15.624422073364258,1.4466091394424438,-137.86000061035156,-138.0,12.308549880981445,-160.02000427246094,-159.0,-154.10000610351562,-146.25,-138.0,-129.0,-122.80000305175781,-117.95000457763672,-112.95999145507812
14060,-137.86000061035156,15.705412864685059,15.625341415405273,1.446798324584961,-137.86000061035156,-138.0,12.308549880981445,-160.02000427246094,-159.0,-154.10000610351562,-146.25,-138.0,-129.0,-122.80000305175781,-117.95000457763672,-112.95999145507812
14080,-137.86000061035156,15.706161499023438,15.62565803527832,1.4445097148418427,-137.86000061035156,-138.0,12.308549880981445,-160.02000427246094,-159.0,-154.10000610351562,-146.25,-138.0,-129.0,-122.80000305175781,-117.95000457763672,-112.95999145507812
14100,-137.86000061035156,15.702957153320312,15.62154769897461,1.4506165087223053,-137.86000061035156,-138.0,12.308549880981445,-160.02000427246094,-159.0,-154.10000610351562,-146.25,-138.0,-129.0,-122.80000305175781,-117.95000457763672,-112.95999145507812
14120,-137.86000061035156,15.689139366149902,15.608297348022461,1.4506383836269379,-137.86000061035156,-138.0,12.308549880981445,-160.02000427246094,-159.0,-154.10000610351562,-146.25,-138.0,-129.0,-122.80000305175781,-117.95000457763672,-112.95999145507812
14140,-137.86000061035156,15.687803268432617,15.606571197509766,1.4466257393360138,-137.86000061035156,-138.0,12.308549880981445,-160.02000427246094,-159.0,-154.10000610351562,-146.25,-138.0,-129.0,-122.80000305175781,-117.95000457763672,-112.95999145507812
14160,-137.86000061035156,15.687530517578125,15.606618881225586,1.449800819158554,-137.86000061035156,-138.0,12.308549880981445,-160.02000427246094,-159.0,-154.10000610351562,-146.25,-138.0,-129.0,-122.80000305175781,-117.95000457763672,-112.95999145507812
14180,-137.86000061035156,15.699148178100586,15.618093490600586,1.4504812359809875,-137.86000061035156,-138.0,12.308549880981445,-160.02000427246094,-159.0,-154.10000610351562,-146.25,-138.0,-129.0,-122.80000305175781,-117.95000457763672,-112.95999145507812
14200,-137.86000061035156,15.704521179199219,15.622797966003418,1.4539527893066406,-137.86000061035156,-138.0,12.308549880981445,-160.02000427246094,-159.0,-154.10000610351562,-146.25,-138.0,-129.0,-122.80000305175781,-117.95000457763672,-112.95999145507812
14220,-137.86000061035156,15.706347465515137,15.625746726989746,1.4368006587028503,-137.86000061035156,-138.0,12.308549880981445,-160.02000427246094,-159.0,-154.10000610351562,-146.25,-138.0,-129.0,-122.80000305175781,-117.95000457763672,-112.95999145507812
14240,-137.86000061035156,15.707563400268555,15.625964164733887,1.4367957413196564,-137.86000061035156,-138.0,12.308549880981445,-160.02000427246094,-159.0,-154.10000610351562,-146.25,-138.0,-129.0,-122.80000305175781,-117.95000457763672,-112.95999145507812
14260,-137.86000061035156,15.703380584716797,15.621429443359375,1.4342435598373413,-137.86000061035156,-138.0,12.308549880981445,-160.02000427246094,-159.0,-154.10000610351562,-146.25,-138.0,-129.0,-122.80000305175781,-117.95000457763672,-112.95999145507812
14280,-137.86000061035156,15.71796989440918,15.634775161743164,1.4320097267627716,-137.86000061035156,-138.0,12.308549880981445,-160.02000427246094,-159.0,-154.10000610351562,-146.25,-138.0,-129.0,-122.80000305175781,-117.95000457763672,-112.95999145507812
14300,-137.86000061035156,15.714964866638184,15.632616996765137,1.4236624836921692,-137.86000061035156,-138.0,12.308549880981445,-160.02000427246094,-159.0,-154.10000610351562,-146.25,-138.0,-129.0,-122.80000305175781,-117.95000457763672,-112.95999145507812
14320,-137.86000061035156,15.718687057495117,15.63532543182373,1.43400040268898,-137.86000061035156,-138.0,12.308549880981445,-160.02000427246094,-159.0,-154.10000610351562,-146.25,-138.0,-129.0,-122.80000305175781,-117.95000457763672,-112.95999145507812
14340,-137.86000061035156,15.720525741577148,15.638293266296387,1.426610678434372,-137.86000061035156,-138.0,12.308549880981445,-160.02000427246094,-159.0,-154.10000610351562,-146.25,-138.0,-129.0,-122.80000305175781,-117.95000457763672,-112.95999145507812
14360,-137.86000061035156,15.710302352905273,15.628265380859375,1.419928789138794,-137.86000061035156,-138.0,12.308549880981445,-160.02000427246094,-159.0,-154.10000610351562,-146.25,-138.0,-129.0,-122.80000305175781,-117.95000457763672,-112.95999145507812
14380,-137.86000061035156,15.705015182495117,15.621515274047852,1.4285992681980133,-137.86000061035156,-138.0,12.308549880981445,-160.02000427246094,-159.0,-154.10000610351562,-146.25,-138.0,-129.0,-122.80000305175781,-117.95000457763672,-112.95999145507812
14400,-137.86000061035156,15.702203750610352,15.620475769042969,1.4201353788375854,-137.86000061035156,-138.0,12.308549880981445,-160.02000427246094,-159.0,-154.10000610351562,-146.25,-138.0,-129.0,-122.80000305175781,-117.95000457763672,-112.95999145507812
14420,-137.86000061035156,15.689411163330078,15.608833312988281,1.4218353629112244,-137.86000061035156,-138.0,12.308549880981445,-160.02000427246094,-159.0,-154.10000610351562,-146.25,-138.0,-129.0,-122.80000305175781,-117.95000457763672,-112.95999145507812
14440,-137.86000061035156,15.680028915405273,15.599332809448242,1.418361783027649,-137.86000061035156,-138.0,12.308549880981445,-160.02000427246094,-159.0,-154.10000610351562,-146.25,-138.0,-129.0,-122.80000305175781,-117.95000457763672,-112.95999145507812
14460,-137.86000061035156,15.669848442077637,15.589376449584961,1.4133841693401337,-137.86000061035156,-138.0,12.308549880981445,-160.02000427246094,-159.0,-154.10000610351562,-146.25,-138.0,-129.0,-122.80000305175781,-117.95000457763672,-112.95999145507812
14480,-137.86000061035156,15.658868789672852,15.580244064331055,1.4107249081134796,-137.86000061035156,-138.0,12.308549880981445,-160.02000427246094,-159.0,-154.10000610351562,-146.25,-138.0,-129.0,-122.80000305175781,-117.95000457763672,-112.95999145507812
14500,-137.86000061035156,15.663565635681152,15.585079193115234,1.408972680568695,-137.86000061035156,-138.0,12.308549880981445,-160.02000427246094,-159.0,-154.10000610351562,-146.25,-138.0,-129.0,-122.80000305175781,-117.95000457763672,-112.95999145507812
14520,-137.86000061035156,15.66349983215332,15.585517883300781,1.405106395483017,-137.86000061035156,-138.0,12.308549880981445,-160.02000427246094,-159.0,-154.10000610351562,-146.25,-138.0,-129.0,-122.80000305175781,-117.95000457763672,-112.95999145507812
14540,-137.86000061035156,15.660582542419434,15.58276653289795,1.4024281203746796,-137.86000061035156,-138.0,12.308549880981445,-160.02000427246094,-159.0,-154.10000610351562,-146.25,-138.0,-129.0,-122.80000305175781,-117.95000457763672,-112.95999145507812
14560,-137.86000061035156,15.655306816101074,15.57809829711914,1.398897260427475,-137.86000061035156,-138.0,12.308549880981445,-160.02000427246094,-159.0,-154.10000610351562,-146.25,-138.0,-129.0,-122.80000305175781,-117.95000457763672,-112.95999145507812
14580,-137.86000061035156,15.654669761657715,15.577123641967773,1.3993960618972778,-137.86000061035156,-138.0,12.308549880981445,-160.02000427246094,-159.0,-154.10000610351562,-146.25,-138.0,-129.0,-122.80000305175781,-117.95000457763672,-112.95999145507812
14600,-137.86000061035156,15.6629056930542,15.585410118103027,1.3940944969654083,-137.86000061035156,-138.0,12.308549880981445,-160.02000427246094,-159.0,-154.10000610351562,-146.25,-138.0,-129.0,-122.80000305175781,-117.95000457763672,-112.95999145507812
14620,-137.86000061035156,15.668222427368164,15.59223461151123,1.3898184299468994,-137.86000061035156,-138.0,12.308549880981445,-160.02000427246094,-159.0,-154.10000610351562,-146.25,-138.0,-129.0,-122.80000305175781,-117.95000457763672,-112.95999145507812
14640,-137.86000061035156,15.66287899017334,15.586479187011719,1.3895659148693085,-137.86000061035156,-138.0,12.308549880981445,-160.02000427246094,-159.0,-154.10000610351562,-146.25,-138.0,-129.0,-122.80000305175781,-117.95000457763672,-112.95999145507812
14660,-137.86000061035156,15.675036430358887,15.598177909851074,1.3896800875663757,-137.86000061035156,-138.0,12.308549880981445,-160.02000427246094,-159.0,-154.10000610351562,-146.25,-138.0,-129.0,-122.80000305175781,-117.95000457763672,-112.95999145507812
14680,-137.86000061035156,15.675642013549805,15.598562240600586,1.3882337510585785,-137.86000061035156,-138.0,12.308549880981445,-160.02000427246094,-159.0,-154.10000610351562,-146.25,-138.0,-129.0,-122.80000305175781,-117.95000457763672,-112.95999145507812
14700,-137.87998962402344,15.675491333007812,15.600333213806152,1.380064457654953,-137.8800048828125,-138.0,12.295755386352539,-160.02000427246094,-159.0,-154.10000610351562,-146.25,-138.0,-129.75,-122.80000305175781,-117.95000457763672,-112.95999145507812
14720,-137.87998962402344,15.68332576751709,15.608144760131836,1.3863013982772827,-137.8800048828125,-138.0,12.295755386352539,-160.02000427246094,-159.0,-154.10000610351562,-146.25,-138.0,-129.75,-122.80000305175781,-117.95000457763672,-112.95999145507812
14740,-137.87998962402344,15.672843933105469,15.597757339477539,1.3903180062770844,-137.8800048828125,-138.0,12.295755386352539,-160.02000427246094,-159.0,-154.10000610351562,-146.25,-138.0,-129.75,-122.80000305175781,-117.95000457763672,-112.95999145507812
14760,-137.87998962402344,15.671489715576172,15.596481323242188,1.3838500678539276,-137.8800048828125,-138.0,12.295755386352539,-160.02000427246094,-159.0,-154.10000610351562,-146.25,-138.0,-129.75,-122.80000305175781,-117.95000457763672,-112.95999145507812
14780,-137.87998962402344,15.668523788452148,15.593904495239258,1.3812288343906403,-137.8800048828125,-138.0,12.295755386352539,-160.02000427246094,-159.0,-154.10000610351562,-146.25,-138.0,-129.75,-122.80000305175781,-117.95000457763672,-112.95999145507812
14800,-137.87998962402344,15.673888206481934,15.598987579345703,1.3845156133174896,-137.8800048828125,-138.0,12.295755386352539,-160.02000427246094,-159.0,-154.10000610351562,-146.25,-138.0,-129.75,-122.80000305175781,-117.95000457763672,-112.95999145507812
14820,-137.87998962402344,15.66958999633789,15.593978881835938,1.3865540027618408,-137.8800048828125,-138.0,12.295755386352539,-160.02000427246094,-159.0,-154.10000610351562,-146.25,-138.0,-129.75,-122.80000305175781,-117.95000457763672,-112.95999145507812
14840,-137.87998962402344,15.673060417175293,15.596916198730469,1.3847399055957794,-137.8800048828125,-138.0,12.295755386352539,-160.02000427246094,-159.0,-154.10000610351562,-146.25,-138.0,-129.75,-122.80000305175781,-117.95000457763672,-112.95999145507812
14860,-137.87998962402344,15.668879508972168,15.593185424804688,1.3796989023685455,-137.8800048828125,-138.0,12.295755386352539,-160.02000427246094,-159.0,-154.10000610351562,-146.25,-138.0,-129.75,-122.80000305175781,-117.95000457763672,-112.95999145507812
14880,-137.87998962402344,15.666772842407227,15.592538833618164,1.372419387102127,-137.8800048828125,-138.0,12.295755386352539,-160.02000427246094,-159.0,-154.10000610351562,-146.25,-138.0,-129.75,-122.80000305175781,-117.95000457763672,-112.95999145507812
14900,-137.87998962402344,15.663951873779297,15.591185569763184,1.3717111945152283,-137.8800048828125,-138.0,12.295755386352539,-160.02000427246094,-159.0,-154.10000610351562,-146.25,-138.0,-129.75,-122.80000305175781,-117.95000457763672,-112.95999145507812
14920,-137.87998962402344,15.664209365844727,15.591913223266602,1.365440011024475,-137.8800048828125,-138.0,12.295755386352539,-160.02000427246094,-159.0,-154.10000610351562,-146.25,-138.0,-129.75,-122.80000305175781,-117.95000457763672,-112.95999145507812
14940,-137.87998962402344,15.67196273803711,15.597082138061523,1.3677922487258911,-137.8800048828125,-138.0,12.295755386352539,-160.02000427246094,-159.0,-154.10000610351562,-146.25,-138.0,-129.75,-122.80000305175781,-117.95000457763672,-112.95999145507812
14960,-137.87998962402344,15.667598724365234,15.592201232910156,1.3721718490123749,-137.8800048828125,-138.0,12.295755386352539,-160.02000427246094,-159.0,-154.10000610351562,-146.25,-138.0,-129.75,-122.80000305175781,-117.95000457763672,-112.95999145507812
14980,-137.87998962402344,15.67359733581543,15.599054336547852,1.3735673427581787,-137.8800048828125,-138.0,12.295755386352539,-160.02000427246094,-159.0,-154.10000610351562,-146.25,-138.0,-129.75,-122.80000305175781,-117.95000457763672,-112.95999145507812
15000,-137.87998962402344,15.674947738647461,15.601203918457031,1.372809886932373,-137.8800048828125,-138.0,12.295755386352539,-160.02000427246094,-159.0,-154.10000610351562,-146.25,-138.0,-129.75,-122.80000305175781,-117.95000457763672,-112.95999145507812
15020,-137.87998962402344,15.673136711120605,15.598182678222656,1.3731068074703217,-137.8800048828125,-138.0,12.295755386352539,-160.02000427246094,-159.0,-154.10000610351562,-146.25,-138.0,-129.75,-122.80000305175781,-117.95000457763672,-112.95999145507812
15040,-137.87998962402344,15.664633750915527,15.590719223022461,1.373309314250946,-137.8800048828125,-138.0,12.295755386352539,-160.02000427246094,-159.0,-154.10000610351562,-146.25,-138.0,-129.75,-122.80000305175781,-117.95000457763672,-112.95999145507812
15060,-137.87998962402344,15.667367935180664,15.593887329101562,1.3713820278644562,-137.8800048828125,-138.0,12.295755386352539,-160.02000427246094,-159.0,-154.10000610351562,-146.25,-138.0,-129.75,-122.80000305175781,-117.95000457763672,-112.95999145507812
15080,-137.87998962402344,15.664709091186523,15.591421127319336,1.3722340762615204,-137.8800048828125,-138.0,12.295755386352539,-160.02000427246094,-159.0,-154.10000610351562,-146.25,-138.0,-129.75,-122.80000305175781,-117.95000457763672,-112.95999145507812
15100,-137.87998962402344,15.663471221923828,15.58979606628418,1.3676419854164124,-137.8800048828125,-138.0,12.295755386352539,-160.02000427246094,-159.0,-154.10000610351562,-146.25,-138.0,-129.75,-122.80000305175781,-117.95000457763672,-112.95999145507812
15120,-137.87998962402344,15.660699844360352,15.588964462280273,1.366767942905426,-137.8800048828125,-138.0,12.295755386352539,-160.02000427246094,-159.0,-154.10000610351562,-146.25,-138.0,-129.75,-122.80000305175781,-117.95000457763672,-112.95999145507812
15140,-137.87998962402344,15.658061981201172,15.58662223815918,1.3606629073619843,-137.8800048828125,-138.0,12.295755386352539,-160.02000427246094,-159.0,-154.10000610351562,-146.25,-138.0,-129.75,-122.80000305175781,-117.95000457763672,-112.95999145507812
15160,-137.87998962402344,15.658548355102539,15.586883544921875,1.3608989715576172,-137.8800048828125,-138.0,12.295755386352539,-160.02000427246094,-159.0,-154.10000610351562,-146.25,-138.0,-129.75,-122.80000305175781,-117.95000457763672,-112.95999145507812
15180,-137.87998962402344,15.668941497802734,15.597129821777344,1.356119841337204,-137.8800048828125,-138.0,12.295755386352539,-160.02000427246094,-159.0,-154.10000610351562,-146.25,-138.0,-129.75,-122.80000305175781,-117.95000457763672,-112.95999145507812
15200,-137.87998962402344,15.671924591064453,15.599985122680664,1.3551445007324219,-137.8800048828125,-138.0,12.295755386352539,-160.02000427246094,-159.0,-154.10000610351562,-146.25,-138.0,-129.75,-122.80000305175781,-117.95000457763672,-112.95999145507812
15220,-137.87998962402344,15.682439804077148,15.610458374023438,1.3508475720882416,-137.8800048828125,-138.0,12.295755386352539,-160.02000427246094,-159.0,-154.10000610351562,-146.25,-138.0,-129.75,-122.80000305175781,-117.95000457763672,-112.95999145507812
15240,-137.87998962402344,15.67831039428711,15.60654354095459,1.35733762383461,-137.8800048828125,-138.0,12.295755386352539,-160.02000427246094,-159.0,-154.10000610351562,-146.25,-138.0,-129.75,-122.80000305175781,-117.95000457763672,-112.95999145507812
15260,-137.87998962402344,15.674964904785156,15.601930618286133,1.3600553572177887,-137.8800048828125,-138.0,12.295755386352539,-160.02000427246094,-159.0,-154.10000610351562,-146.25,-138.0,-129.75,-122.80000305175781,-117.95000457763672,-112.95999145507812
15280,-137.87998962402344,15.678665161132812,15.605316162109375,1.3568680882453918,-137.8800048828125,-138.0,12.295755386352539,-160.02000427246094,-159.0,-154.10000610351562,-146.25,-138.0,-129.75,-122.80000305175781,-117.95000457763672,-112.95999145507812
15300,-137.87998962402344,15.670454025268555,15.59803581237793,1.357799381017685,-137.8800048828125,-138.0,12.295755386352539,-160.02000427246094,-159.0,-154.10000610351562,-146.25,-138.0,-129.75,-122.80000305175781,-117.95000457763672,-112.95999145507812
15320,-137.87998962402344,15.668388366699219,15.595900535583496,1.3597733676433563,-137.8800048828125,-138.0,12.295755386352539,-160.02000427246094,-159.0,-154.10000610351562,-146.25,-138.0,-129.75,-122.80000305175781,-117.95000457763672,-112.95999145507812
15340,-137.87998962402344,15.67747688293457,15.604999542236328,1.360438883304596,-137.8800048828125,-138.0,12.295755386352539,-160.02000427246094,-159.0,-154.10000610351562,-146.25,-138.0,-129.75,-122.80000305175781,-117.95000457763672,-112.95999145507812
15360,-137.87998962402344,15.676551818847656,15.604425430297852,1.3583981692790985,-137.8800048828125,-138.0,12.295755386352539,-160.02000427246094,-159.0,-154.10000610351562,-146.25,-138.0,-129.75,-122.80000305175781,-117.95000457763672,-112.95999145507812
15380,-137.87998962402344,15.677507400512695,15.6068754196167,1.3430870175361633,-137.8800048828125,-138.0,12.295755386352539,-160.02000427246094,-159.0,-154.10000610351562,-146.25,-138.0,-129.75,-122.80000305175781,-117.95000457763672,-112.95999145507812
15400,-137.87998962402344,15.67740535736084,15.607076644897461,1.3502330780029297,-137.8800048828125,-138.0,12.295755386352539,-160.02000427246094,-159.0,-154.10000610351562,-146.25,-138.0,-129.75,-122.80000305175781,-117.95000457763672,-112.95999145507812
15420,-137.87998962402344,15.670272827148438,15.599693298339844,1.343027651309967,-137.8800048828125,-138.0,12.295755386352539,-160.02000427246094,-159.0,-154.10000610351562,-146.25,-138.0,-129.75,-122.80000305175781,-117.95000457763672,-112.95999145507812
15440,-137.87998962402344,15.671838760375977,15.601293563842773,1.3492730855941772,-137.8800048828125,-138.0,12.295755386352539,-160.02000427246094,-159.0,-154.10000610351562,-146.25,-138.0,-129.75,-122.80000305175781,-117.95000457763672,-112.95999145507812
15460,-137.87998962402344,15.683138847351074,15.61182975769043,1.3488267064094543,-137.8800048828125,-138.0,12.295755386352539,-160.02000427246094,-159.0,-154.10000610351562,-146.25,-138.0,-129.75,-122.80000305175781,-117.95000457763672,-112.95999145507812
15480,-137.87998962402344,15.676276206970215,15.605079650878906,1.3490732312202454,-137.8800048828125,-138.0,12.295755386352539,-160.02000427246094,-159.0,-154.10000610351562,-146.25,-138.0,-129.75,-122.80000305175781,-117.95000457763672,-112.95999145507812
15500,-137.87998962402344,15.671820640563965,15.60174560546875,1.3422893285751343,-137.8800048828125,-138.0,12.295755386352539,-160.02000427246094,-159.0,-154.10000610351562,-146.25,-138.0,-129.75,-122.80000305175781,-117.95000457763672,-112.95999145507812
15520,-137.87998962402344,15.665624618530273,15.596285820007324,1.3370421528816223,-137.8800048828125,-138.0,12.295755386352539,-160.02000427246094,-159.0,-154.10000610351562,-146.25,-138.0,-129.75,-122.80000305175781,-117.95000457763672,-112.95999145507812
15540,-137.87998962402344,15.66396713256836,15.595442771911621,1.3319475948810577,-137.8800048828125,-138.0,12.295755386352539,-160.02000427246094,-159.0,-154.10000610351562,-146.25,-138.0,-129.75,-122.80000305175781,-117.95000457763672,-112.95999145507812
15560,-137.87998962402344,15.662708282470703,15.594549179077148,1.3339682221412659,-137.8800048828125,-138.0,12.295755386352539,-160.02000427246094,-159.0,-154.10000610351562,-146.25,-138.0,-129.75,-122.80000305175781,-117.95000457763672,-112.95999145507812
15580,-137.87998962402344,15.666963577270508,15.59895133972168,1.3282901346683502,-137.8800048828125,-138.0,12.295755386352539,-160.02000427246094,-159.0,-154.10000610351562,-146.25,-138.0,-129.75,-122.80000305175781,-117.95000457763672,-112.95999145507812
15600,-137.87998962402344,15.671626091003418,15.604484558105469,1.317094326019287,-137.8800048828125,-138.0,12.295755386352539,-160.02000427246094,-159.0,-154.10000610351562,-146.25,-138.0,-129.75,-122.80000305175781,-117.95000457763672,-112.95999145507812
15620,-137.87998962402344,15.672152519226074,15.604738235473633,1.311628818511963,-137.8800048828125,-138.0,12.295755386352539,-160.02000427246094,-159.0,-154.10000610351562,-146.25,-138.0,-129.75,-122.80000305175781,-117.95000457763672,-112.95999145507812
15640,-137.87998962402344,15.667284965515137,15.60023021697998,1.3136570453643799,-137.8800048828125,-138.0,12.295755386352539,-160.02000427246094,-159.0,-154.10000610351562,-146.25,-138.0,-129.75,-122.80000305175781,-117.95000457763672,-112.95999145507812
15660,-137.87998962402344,15.671379089355469,15.603727340698242,1.3096600770950317,-137.8800048828125,-138.0,12.295755386352539,-160.02000427246094,-159.0,-154.10000610351562,-146.25,-138.0,-129.75,-122.80000305175781,-117.95000457763672,-112.95999145507812
15680,-137.87998962402344,15.677734375,15.610166549682617,1.3166085481643677,-137.8800048828125,-138.0,12.295755386352539,-160.02000427246094,-159.0,-154.10000610351562,-146.25,-138.0,-129.75,-122.80000305175781,-117.95000457763672,-112.95999145507812
15700,-137.87998962402344,15.679874420166016,15.61114501953125,1.3165192008018494,-137.8800048828125,-138.0,12.295755386352539,-160.02000427246094,-159.0,-154.10000610351562,-146.25,-138.0,-129.75,-122.80000305175781,-117.95000457763672,-112.95999145507812
15720,-137.87998962402344,15.669490814208984,15.599945068359375,1.3115414679050446,-137.8800048828125,-138.0,12.295755386352539,-160.02000427246094,-159.0,-154.10000610351562,-146.25,-138.0,-129.75,-122.80000305175781,-117.95000457763672,-112.95999145507812
15740,-137.87998962402344,15.653360366821289,15.584769248962402,1.3092083036899567,-137.8800048828125,-138.0,12.295755386352539,-160.02000427246094,-159.0,-154.10000610351562,-146.25,-138.0,-129.75,-122.80000305175781,-117.95000457763672,-112.95999145507812
15760,-137.87998962402344,15.656869888305664,15.589506149291992,1.302306741476059,-137.8800048828125,-138.0,12.295755386352539,-160.02000427246094,-159.0,-154.10000610351562,-146.25,-138.0,-129.75,-122.80000305175781,-117.95000457763672,-112.95999145507812
15780,-137.87998962402344,15.659472465515137,15.591436386108398,1.3047170042991638,-137.8800048828125,-138.0,12.295755386352539,-160.02000427246094,-159.0,-154.10000610351562,-146.25,-138.0,-129.75,-122.80000305175781,-117.95000457763672,-112.95999145507812
15800,-137.87998962402344,15.659931182861328,15.59302806854248,1.3012462258338928,-137.8800048828125,-138.0,12.295755386352539,-160.02000427246094,-159.0,-154.10000610351562,-146.25,-138.0,-129.75,-122.80000305175781,-117.95000457763672,-112.95999145507812
15820,-137.87998962402344,15.664054870605469,15.597387313842773,1.2940861284732819,-137.8800048828125,-138.0,12.295755386352539,-160.02000427246094,-159.0,-154.10000610351562,-146.25,-138.0,-129.75,-122.80000305175781,-117.95000457763672,-112.95999145507812
15840,-137.87998962402344,15.665882110595703,15.599058151245117,1.290646255016327,-137.8800048828125,-138.0,12.295755386352539,-160.02000427246094,-159.0,-154.10000610351562,-146.25,-138.0,-129.75,-122.80000305175781,-117.95000457763672,-112.95999145507812
15860,-137.87998962402344,15.658697128295898,15.59125804901123,1.2967712581157684,-137.8800048828125,-138.0,12.295755386352539,-160.02000427246094,-159.0,-154.10000610351562,-146.25,-138.0,-129.75,-122.80000305175781,-117.95000457763672,-112.95999145507812
15880,-137.87998962402344,15.65931510925293,15.593093872070312,1.29647496342659,-137.8800048828125,-138.0,12.295755386352539,-160.02000427246094,-159.0,-154.10000610351562,-146.25,-138.0,-129.75,-122.80000305175781,-117.95000457763672,-112.95999145507812
15900,-137.87998962402344,15.64809799194336,15.581016540527344,1.2913161218166351,-137.8800048828125,-138.0,12.295755386352539,-160.02000427246094,-159.0,-154.10000610351562,-146.25,-138.0,-129.75,-122.80000305175781,-117.95000457763672,-112.95999145507812
15920,-137.87998962402344,15.646244049072266,15.579483032226562,1.2881857454776764,-137.8800048828125,-138.0,12.295755386352539,-160.02000427246094,-159.0,-154.10000610351562,-146.25,-138.0,-129.75,-122.80000305175781,-117.95000457763672,-112.95999145507812
15940,-137.87998962402344,15.644325256347656,15.57895278930664,1.2795348763465881,-137.8800048828125,-138.0,12.295755386352539,-160.02000427246094,-159.0,-154.10000610351562,-146.25,-138.0,-129.75,-122.80000305175781,-117.95000457763672,-112.95999145507812
15960,-137.87998962402344,15.641056060791016,15.57605266571045,1.2838900089263916,-137.8800048828125,-138.0,12.295755386352539,-160.02000427246094,-159.0,-154.10000610351562,-146.25,-138.0,-129.75,-122.80000305175781,-117.95000457763672,-112.95999145507812
15980,-137.87998962402344,15.645254135131836,15.581576347351074,1.2822344899177551,-137.8800048828125,-138.0,12.295755386352539,-160.02000427246094,-159.0,-154.10000610351562,-146.25,-138.0,-129.75,-122.80000305175781,-117.95000457763672,-112.95999145507812
16000,-137.87998962402344,15.646610260009766,15.582964897155762,1.2903744280338287,-137.8800048828125,-138.0,12.295755386352539,-160.02000427246094,-159.0,-154.10000610351562,-146.25,-138.0,-129.75,-122.80000305175781,-117.95000457763672,-112.95999145507812
16020,-137.87998962402344,15.645442962646484,15.580886840820312,1.2901556491851807,-137.8800048828125,-138.0,12.295755386352539,-160.02000427246094,-159.0,-154.10000610351562,-146.25,-138.0,-129.75,-122.80000305175781,-117.95000457763672,-112.95999145507812
16040,-137.87998962402344,15.653480529785156,15.588976860046387,1.2841082513332367,-137.8800048828125,-138.0,12.295755386352539,-160.02000427246094,-159.0,-154.10000610351562,-146.25,-138.0,-129.75,-122.80000305175781,-117.95000457763672,-112.95999145507812
16060,-137.87998962402344,15.659754753112793,15.595319747924805,1.2865163385868073,-137.8800048828125,-138.0,12.295755386352539,-160.02000427246094,-159.0,-154.10000610351562,-146.25,-138.0,-129.75,-122.80000305175781,-117.95000457763672,-112.95999145507812
16080,-137.87998962402344,15.661985397338867,15.597750663757324,1.28291255235672,-137.8800048828125,-138.0,12.295755386352539,-160.02000427246094,-159.0,-154.10000610351562,-146.25,-138.0,-129.75,-122.80000305175781,-117.95000457763672,-112.95999145507812
16100,-137.87998962402344,15.66592788696289,15.601377487182617,1.2815347909927368,-137.8800048828125,-138.0,12.295755386352539,-160.02000427246094,-159.0,-154.10000610351562,-146.25,-138.0,-129.75,-122.80000305175781,-117.95000457763672,-112.95999145507812
16120,-137.87998962402344,15.66361141204834,15.598620414733887,1.2877748310565948,-137.8800048828125,-138.0,12.295755386352539,-160.02000427246094,-159.0,-154.10000610351562,-146.25,-138.0,-129.75,-122.80000305175781,-117.95000457763672,-112.95999145507812
16140,-137.87998962402344,15.669512748718262,15.603567123413086,1.2912544310092926,-137.8800048828125,-138.0,12.295755386352539,-160.02000427246094,-159.0,-154.10000610351562,-146.25,-138.0,-129.75,-122.80000305175781,-117.95000457763672,-112.95999145507812
16160,-137.87998962402344,15.66419506072998,15.59906005859375,1.2924469709396362,-137.8800048828125,-138.0,12.295755386352539,-160.02000427246094,-159.0,-154.10000610351562,-146.25,-138.0,-129.75,-122.80000305175781,-117.95000457763672,-112.95999145507812
16180,-137.87998962402344,15.664667129516602,15.599848747253418,1.2844429910182953,-137.8800048828125,-138.0,12.295755386352539,-160.02000427246094,-159.0,-154.10000610351562,-146.25,-138.0,-129.75,-122.80000305175781,-117.95000457763672,-112.95999145507812
16200,-137.87998962402344,15.671294212341309,15.60725212097168,1.287874311208725,-137.8800048828125,-138.0,12.295755386352539,-160.02000427246094,-159.0,-154.10000610351562,-146.25,-138.0,-129.75,-122.80000305175781,-117.95000457763672,-112.95999145507812
16220,-137.87998962402344,15.667803764343262,15.603599548339844,1.296241134405136,-137.8800048828125,-138.0,12.295755386352539,-160.02000427246094,-159.0,-154.10000610351562,-146.25,-138.0,-129.75,-122.80000305175781,-117.95000457763672,-112.95999145507812
16240,-137.87998962402344,15.681048393249512,15.616796493530273,1.2908908426761627,-137.8800048828125,-138.0,12.295755386352539,-160.02000427246094,-159.0,-154.10000610351562,-146.25,-138.0,-129.75,-122.80000305175781,-117.95000457763672,-112.95999145507812
16260,-137.87998962402344,15.683094024658203,15.619017601013184,1.2920681238174438,-137.8800048828125,-138.0,12.295755386352539,-160.02000427246094,-159.0,-154.10000610351562,-146.25,-138.0,-129.75,-122.80000305175781,-117.95000457763672,-112.95999145507812
16280,-137.87998962402344,15.671797752380371,15.608081817626953,1.2968149781227112,-137.8800048828125,-138.0,12.295755386352539,-160.02000427246094,-159.0,-154.10000610351562,-146.25,-138.0,-129.75,-122.80000305175781,-117.95000457763672,-112.95999145507812
16300,-137.87998962402344,15.681857109069824,15.617541313171387,1.29922416806221,-137.8800048828125,-138.0,12.295755386352539,-160.02000427246094,-159.0,-154.10000610351562,-146.25,-138.0,-129.75,-122.80000305175781,-117.95000457763672,-112.95999145507812
16320,-137.87998962402344,15.685290336608887,15.621530532836914,1.2879938185214996,-137.8800048828125,-138.0,12.295755386352539,-160.02000427246094,-159.0,-154.10000610351562,-146.25,-138.0,-129.75,-122.80000305175781,-117.95000457763672,-112.95999145507812
16340,-137.87998962402344,15.686053276062012,15.62255859375,1.281671404838562,-137.8800048828125,-138.0,12.295755386352539,-160.02000427246094,-159.0,-154.10000610351562,-146.25,-138.0,-129.75,-122.80000305175781,-117.95000457763672,-112.95999145507812
16360,-137.87998962402344,15.682052612304688,15.619128227233887,1.2795991897583008,-137.8800048828125,-138.0,12.295755386352539,-160.02000427246094,-159.0,-154.10000610351562,-146.25,-138.0,-129.75,-122.80000305175781,-117.95000457763672,-112.95999145507812
16380,-137.87998962402344,15.687724113464355,15.624903678894043,1.2739149630069733,-137.8800048828125,-138.0,12.295755386352539,-160.02000427246094,-159.0,-154.10000610351562,-146.25,-138.0,-129.75,-122.80000305175781,-117.95000457763672,-112.95999145507812
16400,-137.87998962402344,15.683439254760742,15.620993614196777,1.2723873257637024,-137.8800048828125,-138.0,12.295755386352539,-160.02000427246094,-159.0,-154.10000610351562,-146.25,-138.0,-129.75,-122.80000305175781,-117.95000457763672,-112.95999145507812
16420,-137.87998962402344,15.681848526000977,15.619184494018555,1.2799630761146545,-137.8800048828125,-138.0,12.295755386352539,-160.02000427246094,-159.0,-154.10000610351562,-146.25,-138.0,-129.75,-122.80000305175781,-117.95000457763672,-112.95999145507812
16440,-137.87998962402344,15.685030937194824,15.622980117797852,1.2793265879154205,-137.8800048828125,-138.0,12.295755386352539,-160.02000427246094,-159.0,-154.10000610351562,-146.25,-138.0,-129.75,-122.80000305175781,-117.95000457763672,-112.95999145507812
16460,-137.87998962402344,15.679275512695312,15.616598129272461,1.2829404771327972,-137.8800048828125,-138.0,12.295755386352539,-160.02000427246094,-159.0,-154.10000610351562,-146.25,-138.0,-129.75,-122.80000305175781,-117.95000457763672,-112.95999145507812
16480,-137.87998962402344,15.6760892868042,15.612295150756836,1.2802278399467468,-137.8800048828125,-138.0,12.295755386352539,-160.02000427246094,-159.0,-154.10000610351562,-146.25,-138.0,-129.75,-122.80000305175781,-117.95000457763672,-112.95999145507812
16500,-137.87998962402344,15.67386245727539,15.610926628112793,1.2778470814228058,-137.8800048828125,-138.0,12.295755386352539,-160.02000427246094,-159.0,-154.10000610351562,-146.25,-138.0,-129.75,-122.80000305175781,-117.95000457763672,-112.95999145507812
16520,-137.89999389648438,15.673458099365234,15.610926628112793,1.2749371230602264,-137.89999389648438,-138.0,12.30406379699707,-160.02000427246094,-159.0,-154.10000610351562,-146.25,-138.0,-129.75,-122.80000305175781,-117.95000457763672,-112.95999145507812
16540,-137.89999389648438,15.67551326751709,15.612391471862793,1.2758790254592896,-137.89999389648438,-138.0,12.30406379699707,-160.02000427246094,-159.0,-154.10000610351562,-146.25,-138.0,-129.75,-122.80000305175781,-117.95000457763672,-112.95999145507812
16560,-137.89999389648438,15.681319236755371,15.618886947631836,1.2744678854942322,-137.89999389648438,-138.0,12.30406379699707,-160.02000427246094,-159.0,-154.10000610351562,-146.25,-138.0,-129.75,-122.80000305175781,-117.95000457763672,-112.95999145507812
16580,-137.89999389648438,15.688325881958008,15.625755310058594,1.27155801653862,-137.89999389648438,-138.0,12.30406379699707,-160.02000427246094,-159.0,-154.10000610351562,-146.25,-138.0,-129.75,-122.80000305175781,-117.95000457763672,-112.95999145507812
16600,-137.89999389648438,15.686866760253906,15.624679565429688,1.2680834531784058,-137.89999389648438,-138.0,12.30406379699707,-160.02000427246094,-159.0,-154.10000610351562,-146.25,-138.0,-129.75,-122.80000305175781,-117.95000457763672,-112.95999145507812
16620,-137.89999389648438,15.68698501586914,15.622940063476562,1.2804648876190186,-137.89999389648438,-138.0,12.30406379699707,-160.02000427246094,-159.0,-154.10000610351562,-146.25,-138.0,-129.75,-122.80000305175781,-117.95000457763672,-112.95999145507812
16640,-137.89999389648438,15.679460525512695,15.615276336669922,1.2775922119617462,-137.89999389648438,-138.0,12.30406379699707,-160.02000427246094,-159.0,-154.10000610351562,-146.25,-138.0,-129.75,-122.80000305175781,-117.95000457763672,-112.95999145507812
16660,-137.89999389648438,15.678407669067383,15.615904808044434,1.272273987531662,-137.89999389648438,-138.0,12.30406379699707,-160.02000427246094,-159.0,-154.10000610351562,-146.25,-138.0,-129.75,-122.80000305175781,-117.95000457763672,-112.95999145507812
16680,-137.89999389648438,15.689865112304688,15.626684188842773,1.2790901958942413,-137.89999389648438,-138.0,12.30406379699707,-160.02000427246094,-159.0,-154.10000610351562,-146.25,-138.0,-129.75,-122.80000305175781,-117.95000457763672,-112.95999145507812
16700,-137.89999389648438,15.70357894897461,15.639755249023438,1.281678944826126,-137.89999389648438,-138.0,12.30406379699707,-160.02000427246094,-159.0,-154.10000610351562,-146.25,-138.0,-129.75,-122.80000305175781,-117.95000457763672,-112.95999145507812
16720,-137.89999389648438,15.70052719116211,15.636297225952148,1.280424177646637,-137.89999389648438,-138.0,12.30406379699707,-160.02000427246094,-159.0,-154.10000610351562,-146.25,-138.0,-129.75,-122.80000305175781,-117.95000457763672,-112.95999145507812
16740,-137.89999389648438,15.697835922241211,15.633502006530762,1.2869116961956024,-137.89999389648438,-138.0,12.30406379699707,-160.02000427246094,-159.0,-154.10000610351562,-146.25,-138.0,-129.75,-122.80000305175781,-117.95000457763672,-112.95999145507812
16760,-137.89999389648438,15.687543869018555,15.623438835144043,1.2860897779464722,-137.89999389648438,-138.0,12.30406379699707,-160.02000427246094,-159.0,-154.10000610351562,-146.25,-138.0,-129.75,-122.80000305175781,-117.95000457763672,-112.95999145507812
16780,-137.89999389648438,15.677118301391602,15.611927032470703,1.2897298336029053,-137.89999389648438,-138.0,12.30406379699707,-160.02000427246094,-159.0,-154.10000610351562,-146.25,-138.0,-129.75,-122.80000305175781,-117.95000457763672,-112.95999145507812
16800,-137.89999389648438,15.66998291015625,15.604537963867188,1.288488358259201,-137.89999389648438,-138.0,12.30406379699707,-160.02000427246094,-159.0,-154.10000610351562,-146.25,-138.0,-129.75,-122.80000305175781,-117.95000457763672,-112.95999145507812
16820,-137.89999389648438,15.670673370361328,15.604963302612305,1.2814563512802124,-137.89999389648438,-138.0,12.30406379699707,-160.02000427246094,-159.0,-154.10000610351562,-146.25,-138.0,-129.75,-122.80000305175781,-117.95000457763672,-112.95999145507812
16840,-137.89999389648438,15.666275024414062,15.601428031921387,1.2818346917629242,-137.89999389648438,-138.0,12.30406379699707,-160.02000427246094,-159.0,-154.10000610351562,-146.25,-138.0,-129.75,-122.80000305175781,-117.95000457763672,-112.95999145507812
16860,-137.89999389648438,15.668742179870605,15.604843139648438,1.280397742986679,-137.89999389648438,-138.0,12.30406379699707,-160.02000427246094,-159.0,-154.10000610351562,-146.25,-138.0,-129.75,-122.80000305175781,-117.95000457763672,-112.95999145507812
16880,-137.89999389648438,15.673133850097656,15.609183311462402,1.2817420065402985,-137.89999389648438,-138.0,12.30406379699707,-160.02000427246094,-159.0,-154.10000610351562,-146.25,-138.0,-129.75,-122.80000305175781,-117.95000457763672,-112.95999145507812
16900,-137.89999389648438,15.671947479248047,15.609926223754883,1.2731797695159912,-137.89999389648438,-138.0,12.30406379699707,-160.02000427246094,-159.0,-154.10000610351562,-146.25,-138.0,-129.75,-122.80000305175781,-117.95000457763672,-112.95999145507812
16920,-137.89999389648438,15.670798301696777,15.608682632446289,1.2745200097560883,-137.89999389648438,-138.0,12.30406379699707,-160.02000427246094,-159.0,-154.10000610351562,-146.25,-138.0,-129.75,-122.80000305175781,-117.95000457763672,-112.95999145507812
16940,-137.89999389648438,15.660948753356934,15.598751068115234,1.274310976266861,-137.89999389648438,-138.0,12.30406379699707,-160.02000427246094,-159.0,-154.10000610351562,-146.25,-138.0,-129.75,-122.80000305175781,-117.95000457763672,-112.95999145507812
16960,-137.89999389648438,15.655189514160156,15.593314170837402,1.2782614529132843,-137.89999389648438,-138.0,12.30406379699707,-160.02000427246094,-159.0,-154.10000610351562,-146.25,-138.0,-129.75,-122.80000305175781,-117.95000457763672,-112.95999145507812
16980,-137.89999389648438,15.651946067810059,15.590343475341797,1.2767908573150635,-137.89999389648438,-138.0,12.30406379699707,-160.02000427246094,-159.0,-154.10000610351562,-146.25,-138.0,-129.75,-122.80000305175781,-117.95000457763672,-112.95999145507812
17000,-137.89999389648438,15.661005020141602,15.599398612976074,1.2765870988368988,-137.89999389648438,-138.0,12.30406379699707,-160.02000427246094,-159.0,-154.10000610351562,-146.25,-138.0,-129.75,-122.80000305175781,-117.95000457763672,-112.95999145507812
17020,-137.89999389648438,15.644721031188965,15.583938598632812,1.2681908011436462,-137.89999389648438,-138.0,12.30406379699707,-160.02000427246094,-159.0,-154.10000610351562,-146.25,-138.0,-129.75,-122.80000305175781,-117.95000457763672,-112.95999145507812
17040,-137.89999389648438,15.648428916931152,15.588252067565918,1.268626630306244,-137.89999389648438,-138.0,12.30406379699707,-160.02000427246094,-159.0,-154.10000610351562,-146.25,-138.0,-129.75,-122.80000305175781,-117.95000457763672,-112.95999145507812
17060,-137.89999389648438,15.647658348083496,15.587225914001465,1.26060351729393,-137.89999389648438,-138.0,12.30406379699707,-160.02000427246094,-159.0,-154.10000610351562,-146.25,-138.0,-129.75,-122.80000305175781,-117.95000457763672,-112.95999145507812
17080,-137.89999389648438,15.645488739013672,15.584895133972168,1.2657695710659027,-137.89999389648438,-138.0,12.30406379699707,-160.02000427246094,-159.0,-154.10000610351562,-146.25,-138.0,-129.75,-122.80000305175781,-117.95000457763672,-112.95999145507812
17100,-137.89999389648438,15.64441967010498,15.584074020385742,1.2582820355892181,-137.89999389648438,-138.0,12.30406379699707,-160.02000427246094,-159.0,-154.10000610351562,-146.25,-138.0,-129.75,-122.80000305175781,-117.95000457763672,-112.95999145507812
17120,-137.89999389648438,15.645614624023438,15.585824966430664,1.257246494293213,-137.89999389648438,-138.0,12.30406379699707,-160.02000427246094,-159.0,-154.10000610351562,-146.25,-138.0,-129.75,-122.80000305175781,-117.95000457763672,-112.95999145507812
17140,-137.89999389648438,15.64984130859375,15.589163780212402,1.2538251280784607,-137.89999389648438,-138.0,12.30406379699707,-160.02000427246094,-159.0,-154.10000610351562,-146.25,-138.0,-129.75,-122.80000305175781,-117.95000457763672,-112.95999145507812
17160,-137.89999389648438,15.653334617614746,15.593284606933594,1.2524548768997192,-137.89999389648438,-138.0,12.30406379699707,-160.02000427246094,-159.0,-154.10000610351562,-146.25,-138.0,-129.75,-122.80000305175781,-117.95000457763672,-112.95999145507812
17180,-137.89999389648438,15.648748397827148,15.588438987731934,1.2568605840206146,-137.89999389648438,-138.0,12.30406379699707,-160.02000427246094,-159.0,-154.10000610351562,-146.25,-138.0,-129.75,-122.80000305175781,-117.95000457763672,-112.95999145507812
17200,-137.89999389648438,15.640024185180664,15.579044342041016,1.2552330493927002,-137.89999389648438,-138.0,12.30406379699707,-160.02000427246094,-159.0,-154.10000610351562,-146.25,-138.0,-129.75,-122.80000305175781,-117.95000457763672,-112.95999145507812
17220,-137.89999389648438,15.638160705566406,15.577049255371094,1.2495225965976715,-137.89999389648438,-138.0,12.30406379699707,-160.02000427246094,-159.0,-154.10000610351562,-146.25,-138.0,-129.75,-122.80000305175781,-117.95000457763672,-112.95999145507812
17240,-137.89999389648438,15.634272575378418,15.573003768920898,1.250862181186676,-137.89999389648438,-138.0,12.30406379699707,-160.02000427246094,-159.0,-154.10000610351562,-146.25,-138.0,-129.75,-122.80000305175781,-117.95000457763672,-112.95999145507812
17260,-137.89999389648438,15.637557029724121,15.576502799987793,1.2445529997348785,-137.89999389648438,-138.0,12.30406379699707,-160.02000427246094,-159.0,-154.10000610351562,-146.25,-138.0,-129.75,-122.80000305175781,-117.95000457763672,-112.95999145507812
17280,-137.89999389648438,15.63428020477295,15.572975158691406,1.2461315989494324,-137.89999389648438,-138.0,12.30406379699707,-160.02000427246094,-159.0,-154.10000610351562,-146.25,-138.0,-129.75,-122.80000305175781,-117.95000457763672,-112.95999145507812
17300,-137.89999389648438,15.62991714477539,15.568316459655762,1.2410969734191895,-137.89999389648438,-138.0,12.30406379699707,-160.02000427246094,-159.0,-154.10000610351562,-146.25,-138.0,-129.75,-122.80000305175781,-117.95000457763672,-112.95999145507812
17320,-137.89999389648438,15.625722885131836,15.56470012664795,1.2302477657794952,-137.89999389648438,-138.0,12.30406379699707,-160.02000427246094,-159.0,-154.10000610351562,-146.25,-138.0,-129.75,-122.80000305175781,-117.95000457763672,-112.95999145507812
17340,-137.89999389648438,15.625019073486328,15.564531326293945,1.226474553346634,-137.89999389648438,-138.0,12.30406379699707,-160.02000427246094,-159.0,-154.10000610351562,-146.25,-138.0,-129.75,-122.80000305175781,-117.95000457763672,-112.95999145507812
17360,-137.89999389648438,15.626102447509766,15.564733505249023,1.2230702638626099,-137.89999389648438,-138.0,12.30406379699707,-160.02000427246094,-159.0,-154.10000610351562,-146.25,-138.0,-129.75,-122.80000305175781,-117.95000457763672,-112.95999145507812
17380,-137.89999389648438,15.623403549194336,15.561592102050781,1.2244452834129333,-137.89999389648438,-138.0,12.30406379699707,-160.02000427246094,-159.0,-154.10000610351562,-146.25,-138.0,-129.75,-122.80000305175781,-117.95000457763672,-112.95999145507812
17400,-137.89999389648438,15.627105712890625,15.56494426727295,1.2254747450351715,-137.89999389648438,-138.0,12.30406379699707,-160.02000427246094,-159.0,-154.10000610351562,-146.25,-138.0,-129.75,-122.80000305175781,-117.95000457763672,-112.95999145507812
17420,-137.89999389648438,15.632262229919434,15.570816040039062,1.2205811440944672,-137.89999389648438,-138.0,12.30406379699707,-160.02000427246094,-159.0,-154.10000610351562,-146.25,-138.0,-129.75,-122.80000305175781,-117.95000457763672,-112.95999145507812
17440,-137.89999389648438,15.634879112243652,15.573341369628906,1.2192970216274261,-137.89999389648438,-138.0,12.30406379699707,-160.02000427246094,-159.0,-154.10000610351562,-146.25,-138.0,-129.75,-122.80000305175781,-117.95000457763672,-112.95999145507812
17460,-137.89999389648438,15.635321617126465,15.574057579040527,1.2195553481578827,-137.89999389648438,-138.0,12.30406379699707,-160.02000427246094,-159.0,-154.10000610351562,-146.25,-138.0,-129.75,-122.80000305175781,-117.95000457763672,-112.95999145507812
17480,-137.89999389648438,15.635519981384277,15.57440185546875,1.2277313768863678,-137.89999389648438,-138.0,12.30406379699707,-160.02000427246094,-159.0,-154.10000610351562,-146.25,-138.0,-129.75,-122.80000305175781,-117.95000457763672,-112.95999145507812
17500,-137.89999389648438,15.633247375488281,15.572855949401855,1.221900850534439,-137.89999389648438,-138.0,12.30406379699707,-160.02000427246094,-159.0,-154.10000610351562,-146.25,-138.0,-129.75,-122.80000305175781,-117.95000457763672,-112.95999145507812
17520,-137.89999389648438,15.624383926391602,15.564125061035156,1.2254132330417633,-137.89999389648438,-138.0,12.30406379699707,-160.02000427246094,-159.0,-154.10000610351562,-146.25,-138.0,-129.75,-122.80000305175781,-117.95000457763672,-112.95999145507812
17540,-137.89999389648438,15.621456146240234,15.560628890991211,1.2275024354457855,-137.89999389648438,-138.0,12.30406379699707,-160.02000427246094,-159.0,-154.10000610351562,-146.25,-138.0,-129.75,-122.80000305175781,-117.95000457763672,-112.95999145507812
17560,-137.89999389648438,15.62352180480957,15.562254905700684,1.2280734479427338,-137.89999389648438,-138.0,12.30406379699707,-160.02000427246094,-159.0,-154.10000610351562,-146.25,-138.0,-129.75,-122.80000305175781,-117.95000457763672,-112.95999145507812
17580,-137.89999389648438,15.62830924987793,15.567481994628906,1.2249863743782043,-137.89999389648438,-138.0,12.30406379699707,-160.02000427246094,-159.0,-154.10000610351562,-146.25,-138.0,-129.75,-122.80000305175781,-117.95000457763672,-112.95999145507812
17600,-137.89999389648438,15.629679679870605,15.56956672668457,1.2243174016475677,-137.89999389648438,-138.0,12.30406379699707,-160.02000427246094,-159.0,-154.10000610351562,-146.25,-138.0,-129.75,-122.80000305175781,-117.95000457763672,-112.95999145507812
17620,-137.89999389648438,15.62741756439209,15.567865371704102,1.2154757976531982,-137.89999389648438,-138.0,12.30406379699707,-160.02000427246094,-159.0,-154.10000610351562,-146.25,-138.0,-129.75,-122.80000305175781,-117.95000457763672,-112.95999145507812
17640,-137.9199981689453,15.629294395446777,15.568999290466309,1.2264383733272552,-137.9199981689453,-139.0,12.304211616516113,-160.02000427246094,-159.0,-154.10000610351562,-146.25,-139.0,-129.75,-122.80000305175781,-117.95000457763672,-112.95999145507812
17660,-137.9199981689453,15.621057510375977,15.560004234313965,1.2252018749713898,-137.9199981689453,-139.0,12.304211616516113,-160.02000427246094,-159.0,-154.10000610351562,-146.25,-139.0,-129.75,-122.80000305175781,-117.95000457763672,-112.95999145507812
17680,-137.9199981689453,15.613272666931152,15.552574157714844,1.21769317984581,-137.9199981689453,-139.0,12.304211616516113,-160.02000427246094,-159.0,-154.10000610351562,-146.25,-139.0,-129.75,-122.80000305175781,-117.95000457763672,-112.95999145507812
17700,-137.9199981689453,15.616674423217773,15.556671142578125,1.210135817527771,-137.9199981689453,-139.0,12.304211616516113,-160.02000427246094,-159.0,-154.10000610351562,-146.25,-139.0,-129.75,-122.80000305175781,-117.95000457763672,-112.95999145507812
17720,-137.9199981689453,15.619032859802246,15.55970573425293,1.208131730556488,-137.9199981689453,-139.0,12.304211616516113,-160.02000427246094,-159.0,-154.10000610351562,-146.25,-139.0,-129.75,-122.80000305175781,-117.95000457763672,-112.95999145507812
17740,-137.9199981689453,15.622695922851562,15.56336498260498,1.2055534422397614,-137.9199981689453,-139.0,12.304211616516113,-160.02000427246094,-159.0,-154.10000610351562,-146.25,-139.0,-129.75,-122.80000305175781,-117.95000457763672,-112.95999145507812
17760,-137.9199981689453,15.619163513183594,15.559260368347168,1.2102919220924377,-137.9199981689453,-139.0,12.304211616516113,-160.02000427246094,-159.0,-154.10000610351562,-146.25,-139.0,-129.75,-122.80000305175781,-117.95000457763672,-112.95999145507812
17780,-137.9199981689453,15.622679710388184,15.56256103515625,1.2082070410251617,-137.9199981689453,-139.0,12.304211616516113,-160.02000427246094,-159.0,-154.10000610351562,-146.25,-139.0,-129.75,-122.80000305175781,-117.95000457763672,-112.95999145507812
17800,-137.9199981689453,15.626592636108398,15.566551208496094,1.2131458520889282,-137.9199981689453,-139.0,12.304211616516113,-160.02000427246094,-159.0,-154.10000610351562,-146.25,-139.0,-129.75,-122.80000305175781,-117.95000457763672,-112.95999145507812
17820,-137.9199981689453,15.628504753112793,15.569234848022461,1.210220992565155,-137.9199981689453,-139.0,12.304211616516113,-160.02000427246094,-159.0,-154.10000610351562,-146.25,-139.0,-129.75,-122.80000305175781,-117.95000457763672,-112.95999145507812
17840,-137.9199981689453,15.628711700439453,15.569969177246094,1.2082882225513458,-137.9199981689453,-139.0,12.304211616516113,-160.02000427246094,-159.0,-154.10000610351562,-146.25,-139.0,-129.75,-122.80000305175781,-117.95000457763672,-112.95999145507812
17860,-137.9199981689453,15.625014305114746,15.567304611206055,1.2086657285690308,-137.9199981689453,-139.0,12.304211616516113,-160.02000427246094,-159.0,-154.10000610351562,-146.25,-139.0,-129.75,-122.80000305175781,-117.95000457763672,-112.95999145507812
17880,-137.9199981689453,15.625983238220215,15.568758010864258,1.2073081135749817,-137.9199981689453,-139.0,12.304211616516113,-160.02000427246094,-159.0,-154.10000610351562,-146.25,-139.0,-129.75,-122.80000305175781,-117.95000457763672,-112.95999145507812
17900,-137.9199981689453,15.633342742919922,15.57565689086914,1.2071906626224518,-137.9199981689453,-139.0,12.304211616516113,-160.02000427246094,-159.0,-154.10000610351562,-146.25,-139.0,-129.75,-122.80000305175781,-117.95000457763672,-112.95999145507812
17920,-137.9199981689453,15.633260726928711,15.575030326843262,1.2096473276615143,-137.9199981689453,-139.0,12.304211616516113,-160.02000427246094,-159.0,-154.10000610351562,-146.25,-139.0,-129.75,-122.80000305175781,-117.95000457763672,-112.95999145507812
17940,-137.94000244140625,15.635368347167969,15.576353073120117,1.2135371267795563,-137.94000244140625,-139.0,12.297820091247559,-160.02000427246094,-159.0,-154.10000610351562,-146.25,-139.0,-129.75,-122.80000305175781,-117.95000457763672,-112.95999145507812
17960,-137.94000244140625,15.632990837097168,15.573143005371094,1.215230643749237,-137.94000244140625,-139.0,12.297820091247559,-160.02000427246094,-159.0,-154.10000610351562,-146.25,-139.0,-129.75,-122.80000305175781,-117.95000457763672,-112.95999145507812
17980,-137.94000244140625,15.63277816772461,15.575233459472656,1.2103139162063599,-137.94000244140625,-139.0,12.297820091247559,-160.02000427246094,-159.0,-154.10000610351562,-146.25,-139.0,-129.75,-122.80000305175781,-117.95000457763672,-112.95999145507812
18000,-137.94000244140625,15.629851341247559,15.572250366210938,1.2059013545513153,-137.94000244140625,-139.0,12.297820091247559,-160.02000427246094,-159.0,-154.10000610351562,-146.25,-139.0,-129.75,-122.80000305175781,-117.95000457763672,-112.95999145507812
18020,-137.94000244140625,15.631486892700195,15.57453441619873,1.1991631090641022,-137.94000244140625,-139.0,12.297820091247559,-160.02000427246094,-159.0,-154.10000610351562,-146.25,-139.0,-129.75,-122.80000305175781,-117.95000457763672,-112.95999145507812
18040,-137.94000244140625,15.62923812866211,15.572624206542969,1.1988885700702667,-137.94000244140625,-139.0,12.297820091247559,-160.02000427246094,-159.0,-154.10000610351562,-146.25,-139.0,-129.75,-122.80000305175781,-117.95000457763672,-112.95999145507812
18060,-137.94000244140625,15.64395523071289,15.586386680603027,1.1966989934444427,-137.94000244140625,-139.0,12.297820091247559,-160.02000427246094,-159.0,-154.10000610351562,-146.25,-139.0,-129.75,-122.80000305175781,-117.95000457763672,-112.95999145507812
18080,-137.94000244140625,15.646207809448242,15.588835716247559,1.189557135105133,-137.94000244140625,-139.0,12.297820091247559,-160.02000427246094,-159.0,-154.10000610351562,-146.25,-139.0,-129.75,-122.80000305175781,-117.95000457763672,-112.95999145507812
18100,-137.94000244140625,15.646899223327637,15.589930534362793,1.1896096467971802,-137.94000244140625,-139.0,12.297820091247559,-160.02000427246094,-159.0,-154.10000610351562,-146.25,-139.0,-129.75,-122.80000305175781,-117.95000457763672,-112.95999145507812
18120,-137.94000244140625,15.658439636230469,15.60193920135498,1.1937658488750458,-137.94000244140625,-139.0,12.297820091247559,-160.02000427246094,-159.0,-154.10000610351562,-146.25,-139.0,-129.75,-122.80000305175781,-117.95000457763672,-112.95999145507812
18140,-137.94000244140625,15.661742210388184,15.605297088623047,1.1881220042705536,-137.94000244140625,-139.0,12.297820091247559,-160.02000427246094,-159.0,-154.10000610351562,-146.25,-139.0,-129.75,-122.80000305175781,-117.95000457763672,-112.95999145507812
18160,-137.94000244140625,15.655868530273438,15.60045051574707,1.185048371553421,-137.94000244140625,-139.0,12.297820091247559,-160.02000427246094,-159.0,-154.10000610351562,-146.25,-139.0,-129.75,-122.80000305175781,-117.95000457763672,-112.95999145507812
18180,-137.94000244140625,15.652687072753906,15.596553802490234,1.1836017966270447,-137.94000244140625,-139.0,12.297820091247559,-160.02000427246094,-159.0,-154.10000610351562,-146.25,-139.0,-129.75,-122.80000305175781,-117.95000457763672,-112.95999145507812
18200,-137.94000244140625,15.649909019470215,15.593687057495117,1.1797089874744415,-137.94000244140625,-139.0,12.297820091247559,-160.02000427246094,-159.0,-154.10000610351562,-146.25,-139.0,-129.75,-122.80000305175781,-117.95000457763672,-112.95999145507812
18220,-137.94000244140625,15.649531364440918,15.59398078918457,1.176103413105011,-137.94000244140625,-139.0,12.297820091247559,-160.02000427246094,-159.0,-154.10000610351562,-146.25,-139.0,-129.75,-122.80000305175781,-117.95000457763672,-112.95999145507812
18240,-137.94000244140625,15.647443771362305,15.591690063476562,1.1784183382987976,-137.94000244140625,-139.0,12.297820091247559,-160.02000427246094,-159.0,-154.10000610351562,-146.25,-139.0,-129.75,-122.80000305175781,-117.95000457763672,-112.95999145507812
18260,-137.94000244140625,15.647189140319824,15.5914306640625,1.1761467158794403,-137.94000244140625,-139.0,12.297820091247559,-160.02000427246094,-159.0,-154.10000610351562,-146.25,-139.0,-129.75,-122.80000305175781,-117.95000457763672,-112.95999145507812
18280,-137.94000244140625,15.642400741577148,15.586383819580078,1.1742786169052124,-137.94000244140625,-139.0,12.297820091247559,-160.02000427246094,-159.0,-154.10000610351562,-146.25,-139.0,-129.75,-122.80000305175781,-117.95000457763672,-112.95999145507812
18300,-137.94000244140625,15.638941764831543,15.583358764648438,1.1779593527317047,-137.94000244140625,-139.0,12.297820091247559,-160.02000427246094,-159.0,-154.10000610351562,-146.25,-139.0,-129.75,-122.80000305175781,-117.95000457763672,-112.95999145507812
18320,-137.94000244140625,15.63559341430664,15.58063793182373,1.171636551618576,-137.94000244140625,-139.0,12.297820091247559,-160.02000427246094,-159.0,-154.10000610351562,-146.25,-139.0,-129.75,-122.80000305175781,-117.95000457763672,-112.95999145507812
18340,-137.94000244140625,15.635452270507812,15.581480026245117,1.1638650447130203,-137.94000244140625,-139.0,12.297820091247559,-160.02000427246094,-159.0,-154.10000610351562,-146.25,-139.0,-129.75,-122.80000305175781,-117.95000457763672,-112.95999145507812
18360,-137.94000244140625,15.637182235717773,15.582517623901367,1.164638876914978,-137.94000244140625,-139.0,12.297820091247559,-160.02000427246094,-159.0,-154.10000610351562,-146.25,-139.0,-129.75,-122.80000305175781,-117.95000457763672,-112.95999145507812
18380,-137.94000244140625,15.63731575012207,15.58246898651123,1.1621719002723694,-137.94000244140625,-139.0,12.297820091247559,-160.02000427246094,-159.0,-154.10000610351562,-146.25,-139.0,-129.75,-122.80000305175781,-117.95000457763672,-112.95999145507812
18400,-137.94000244140625,15.646140098571777,15.59187126159668,1.1595754027366638,-137.94000244140625,-139.0,12.297820091247559,-160.02000427246094,-159.0,-154.10000610351562,-146.25,-139.0,-129.75,-122.80000305175781,-117.95000457763672,-112.95999145507812
18420,-137.94000244140625,15.644485473632812,15.590479850769043,1.1614372581243515,-137.94000244140625,-139.0,12.297820091247559,-160.02000427246094,-159.0,-154.10000610351562,-146.25,-139.0,-129.75,-122.80000305175781,-117.95000457763672,-112.95999145507812
18440,-137.94000244140625,15.647459030151367,15.593008041381836,1.1603544801473618,-137.94000244140625,-139.0,12.297820091247559,-160.02000427246094,-159.0,-154.10000610351562,-146.25,-139.0,-129.75,-122.80000305175781,-117.95000457763672,-112.95999145507812
18460,-137.94000244140625,15.643247604370117,15.588516235351562,1.1620424836874008,-137.94000244140625,-139.0,12.297820091247559,-160.02000427246094,-159.0,-154.10000610351562,-146.25,-139.0,-129.75,-122.80000305175781,-117.95000457763672,-112.95999145507812
18480,-137.94000244140625,15.647588729858398,15.592815399169922,1.1594204604625702,-137.94000244140625,-139.0,12.297820091247559,-160.02000427246094,-159.0,-154.10000610351562,-146.25,-139.0,-129.75,-122.80000305175781,-117.95000457763672,-112.95999145507812
18500,-137.94000244140625,15.646366119384766,15.592308044433594,1.1568117141723633,-137.94000244140625,-139.0,12.297820091247559,-160.02000427246094,-159.0,-154.10000610351562,-146.25,-139.0,-129.75,-122.80000305175781,-117.95000457763672,-112.95999145507812
18520,-137.94000244140625,15.640260696411133,15.585929870605469,1.1570378988981247,-137.94000244140625,-139.0,12.297820091247559,-160.02000427246094,-159.0,-154.10000610351562,-146.25,-139.0,-129.75,-122.80000305175781,-117.95000457763672,-112.95999145507812
18540,-137.94000244140625,15.644400596618652,15.589098930358887,1.1614280343055725,-137.94000244140625,-139.0,12.297820091247559,-160.02000427246094,-159.0,-154.10000610351562,-146.25,-139.0,-129.75,-122.80000305175781,-117.95000457763672,-112.95999145507812
18560,-137.94000244140625,15.655807495117188,15.599920272827148,1.171932578086853,-137.94000244140625,-139.0,12.297820091247559,-160.02000427246094,-159.0,-154.10000610351562,-146.25,-139.0,-129.75,-122.80000305175781,-117.95000457763672,-112.95999145507812
18580,-137.94000244140625,15.659884452819824,15.604162216186523,1.1687124967575073,-137.94000244140625,-139.0,12.297820091247559,-160.02000427246094,-159.0,-154.10000610351562,-146.25,-139.0,-129.75,-122.80000305175781,-117.95000457763672,-112.95999145507812
18600,-137.94000244140625,15.66425895690918,15.609214782714844,1.1629609316587448,-137.94000244140625,-139.0,12.297820091247559,-160.02000427246094,-159.0,-154.10000610351562,-146.25,-139.0,-129.75,-122.80000305175781,-117.95000457763672,-112.95999145507812
18620,-137.94000244140625,15.6579008102417,15.601806640625,1.1654287725687027,-137.94000244140625,-139.0,12.297820091247559,-160.02000427246094,-159.0,-154.10000610351562,-146.25,-139.0,-129.75,-122.80000305175781,-117.95000457763672,-112.95999145507812
18640,-137.94000244140625,15.661177635192871,15.604764938354492,1.1689360588788986,-137.94000244140625,-139.0,12.297820091247559,-160.02000427246094,-159.0,-154.10000610351562,-146.25,-139.0,-129.75,-122.80000305175781,-117.95000457763672,-112.95999145507812
18660,-137.94000244140625,15.657397270202637,15.601119995117188,1.1719238013029099,-137.94000244140625,-139.0,12.297820091247559,-160.02000427246094,-159.0,-154.10000610351562,-146.25,-139.0,-129.75,-122.80000305175781,-117.95000457763672,-112.95999145507812
18680,-137.94000244140625,15.658496856689453,15.602938652038574,1.1697750240564346,-137.94000244140625,-139.0,12.297820091247559,-160.02000427246094,-159.0,-154.10000610351562,-146.25,-139.0,-129.75,-122.80000305175781,-117.95000457763672,-112.95999145507812
18700,-137.94000244140625,15.660140037536621,15.604232788085938,1.1681860387325287,-137.94000244140625,-139.0,12.297820091247559,-160.02000427246094,-159.0,-154.10000610351562,-146.25,-139.0,-129.75,-122.80000305175781,-117.95000457763672,-112.95999145507812
18720,-137.94000244140625,15.656859397888184,15.601310729980469,1.1680863201618195,-137.94000244140625,-139.0,12.297820091247559,-160.02000427246094,-159.0,-154.10000610351562,-146.25,-139.0,-129.75,-122.80000305175781,-117.95000457763672,-112.95999145507812
18740,-137.94000244140625,15.655740737915039,15.599593162536621,1.167988434433937,-137.94000244140625,-139.0,12.297820091247559,-160.02000427246094,-159.0,-154.10000610351562,-146.25,-139.0,-129.75,-122.80000305175781,-117.95000457763672,-112.95999145507812
18760,-137.94000244140625,15.659879684448242,15.603796005249023,1.1691588759422302,-137.94000244140625,-139.0,12.297820091247559,-160.02000427246094,-159.0,-154.10000610351562,-146.25,-139.0,-129.75,-122.80000305175781,-117.95000457763672,-112.95999145507812
18780,-137.94000244140625,15.658278465270996,15.60226058959961,1.1694730520248413,-137.94000244140625,-139.0,12.297820091247559,-160.02000427246094,-159.0,-154.10000610351562,-146.25,-139.0,-129.75,-122.80000305175781,-117.95000457763672,-112.95999145507812
18800,-137.94000244140625,15.653812408447266,15.596435546875,1.168648973107338,-137.94000244140625,-139.0,12.297820091247559,-160.02000427246094,-159.0,-154.10000610351562,-146.25,-139.0,-129.75,-122.80000305175781,-117.95000457763672,-112.95999145507812
18820,-137.94000244140625,15.644889831542969,15.589431762695312,1.1613880842924118,-137.94000244140625,-139.0,12.297820091247559,-160.02000427246094,-159.0,-154.10000610351562,-146.25,-139.0,-129.75,-122.80000305175781,-117.95000457763672,-112.95999145507812
18840,-137.94000244140625,15.644058227539062,15.589635848999023,1.1572475135326385,-137.94000244140625,-139.0,12.297820091247559,-160.02000427246094,-159.0,-154.10000610351562,-146.25,-139.0,-129.75,-122.80000305175781,-117.95000457763672,-112.95999145507812
18860,-137.94000244140625,15.646239280700684,15.592887878417969,1.1576305031776428,-137.94000244140625,-139.0,12.297820091247559,-160.02000427246094,-159.0,-154.10000610351562,-146.25,-139.0,-129.75,-122.80000305175781,-117.95000457763672,-112.95999145507812
18880,-137.94000244140625,15.651598930358887,15.597732543945312,1.1653121709823608,-137.94000244140625,-139.0,12.297820091247559,-160.02000427246094,-159.0,-154.10000610351562,-146.25,-139.0,-129.75,-122.80000305175781,-117.95000457763672,-112.95999145507812
18900,-137.94000244140625,15.658641815185547,15.604248046875,1.1662661731243134,-137.94000244140625,-139.0,12.297820091247559,-160.02000427246094,-159.0,-154.10000610351562,-146.25,-139.0,-129.75,-122.80000305175781,-117.95000457763672,-112.95999145507812
18920,-137.94000244140625,15.654601097106934,15.601152420043945,1.1666185706853867,-137.94000244140625,-139.0,12.297820091247559,-160.02000427246094,-159.0,-154.10000610351562,-146.25,-139.0,-129.75,-122.80000305175781,-117.95000457763672,-112.95999145507812
18940,-137.94000244140625,15.657526969909668,15.604246139526367,1.160852774977684,-137.94000244140625,-139.0,12.297820091247559,-160.02000427246094,-159.0,-154.10000610351562,-146.25,-139.0,-129.75,-122.80000305175781,-117.95000457763672,-112.95999145507812
18960,-137.94000244140625,15.654067993164062,15.600626945495605,1.1584698110818863,-137.94000244140625,-139.0,12.297820091247559,-160.02000427246094,-159.0,-154.10000610351562,-146.25,-139.0,-129.75,-122.80000305175781,-117.95000457763672,-112.95999145507812
18980,-137.94000244140625,15.668033599853516,15.614348411560059,1.156163826584816,-137.94000244140625,-139.0,12.297820091247559,-160.02000427246094,-159.0,-154.10000610351562,-146.25,-139.0,-129.75,-122.80000305175781,-117.95000457763672,-112.95999145507812
19000,-137.94000244140625,15.667823791503906,15.614466667175293,1.1505791246891022,-137.94000244140625,-139.0,12.297820091247559,-160.02000427246094,-159.0,-154.10000610351562,-146.25,-139.0,-129.75,-122.80000305175781,-117.95000457763672,-112.95999145507812
19020,-137.94000244140625,15.671236991882324,15.617884635925293,1.148353397846222,-137.94000244140625,-139.0,12.297820091247559,-160.02000427246094,-159.0,-154.10000610351562,-146.25,-139.0,-129.75,-122.80000305175781,-117.95000457763672,-112.95999145507812
19040,-137.94000244140625,15.677470207214355,15.624200820922852,1.1523822247982025,-137.94000244140625,-139.0,12.297820091247559,-160.02000427246094,-159.0,-154.10000610351562,-146.25,-139.0,-129.75,-122.80000305175781,-117.95000457763672,-112.95999145507812
19060,-137.94000244140625,15.671512603759766,15.61842155456543,1.1498424261808395,-137.94000244140625,-139.0,12.297820091247559,-160.02000427246094,-159.0,-154.10000610351562,-146.25,-139.0,-129.75,-122.80000305175781,-117.95000457763672,-112.95999145507812
19080,-137.94000244140625,15.658212661743164,15.604052543640137,1.1549038887023926,-137.94000244140625,-139.0,12.297820091247559,-160.02000427246094,-159.0,-154.10000610351562,-146.25,-139.0,-129.75,-122.80000305175781,-117.95000457763672,-112.95999145507812
19100,-137.94000244140625,15.654997825622559,15.601107597351074,1.159338891506195,-137.94000244140625,-139.0,12.297820091247559,-160.02000427246094,-159.0,-154.10000610351562,-146.25,-139.0,-129.75,-122.80000305175781,-117.95000457763672,-112.95999145507812
19120,-137.94000244140625,15.661628723144531,15.6077880859375,1.163907453417778,-137.94000244140625,-139.0,12.297820091247559,-160.02000427246094,-159.0,-154.10000610351562,-146.25,-139.0,-129.75,-122.80000305175781,-117.95000457763672,-112.95999145507812
19140,-137.94000244140625,15.676797866821289,15.623445510864258,1.1590320318937302,-137.94000244140625,-139.0,12.297820091247559,-160.02000427246094,-159.0,-154.10000610351562,-146.25,-139.0,-129.75,-122.80000305175781,-117.95000457763672,-112.95999145507812
19160,-137.94000244140625,15.672491073608398,15.619363784790039,1.1523054391145706,-137.94000244140625,-139.0,12.297820091247559,-160.02000427246094,-159.0,-154.10000610351562,-146.25,-139.0,-129.75,-122.80000305175781,-117.95000457763672,-112.95999145507812
19180,-137.94000244140625,15.674751281738281,15.62168025970459,1.1507093906402588,-137.94000244140625,-139.0,12.297820091247559,-160.02000427246094,-159.0,-154.10000610351562,-146.25,-139.0,-129.75,-122.80000305175781,-117.95000457763672,-112.95999145507812
19200,-137.94000244140625,15.671015739440918,15.617399215698242,1.1497161239385605,-137.94000244140625,-139.0,12.297820091247559,-160.02000427246094,-159.0,-154.10000610351562,-146.25,-139.0,-129.75,-122.80000305175781,-117.95000457763672,-112.95999145507812
19220,-137.94000244140625,15.671778678894043,15.618575096130371,1.153528407216072,-137.94000244140625,-139.0,12.297820091247559,-160.02000427246094,-159.0,-154.10000610351562,-146.25,-139.0,-129.75,-122.80000305175781,-117.95000457763672,-112.95999145507812
19240,-137.94000244140625,15.674654960632324,15.621771812438965,1.1492931842803955,-137.94000244140625,-139.0,12.297820091247559,-160.02000427246094,-159.0,-154.10000610351562,-146.25,-139.0,-129.75,-122.80000305175781,-117.95000457763672,-112.95999145507812
19260,-137.94000244140625,15.676824569702148,15.623640060424805,1.1471368670463562,-137.94000244140625,-139.0,12.297820091247559,-160.02000427246094,-159.0,-154.10000610351562,-146.25,-139.0,-129.75,-122.80000305175781,-117.95000457763672,-112.95999145507812
19280,-137.94000244140625,15.683883666992188,15.629928588867188,1.143072322010994,-137.94000244140625,-139.0,12.297820091247559,-160.02000427246094,-159.0,-154.10000610351562,-146.25,-139.0,-129.75,-122.80000305175781,-117.95000457763672,-112.95999145507812
19300,-137.94000244140625,15.679878234863281,15.6266508102417,1.1456741690635681,-137.94000244140625,-139.0,12.297820091247559,-160.02000427246094,-159.0,-154.10000610351562,-146.25,-139.0,-129.75,-122.80000305175781,-117.95000457763672,-112.95999145507812
19320,-137.94000244140625,15.685028076171875,15.632098197937012,1.1418685466051102,-137.94000244140625,-139.0,12.297820091247559,-160.02000427246094,-159.0,-154.10000610351562,-146.25,-139.0,-129.75,-122.80000305175781,-117.95000457763672,-112.95999145507812
19340,-137.94000244140625,15.68686294555664,15.634303092956543,1.1406338512897491,-137.94000244140625,-139.0,12.297820091247559,-160.02000427246094,-159.0,-154.10000610351562,-146.25,-139.0,-129.75,-122.80000305175781,-117.95000457763672,-112.95999145507812
19360,-137.94000244140625,15.689574241638184,15.636863708496094,1.143148049712181,-137.94000244140625,-139.0,12.297820091247559,-160.02000427246094,-159.0,-154.10000610351562,-146.25,-139.0,-129.75,-122.80000305175781,-117.95000457763672,-112.95999145507812
19380,-137.94000244140625,15.686443328857422,15.633588790893555,1.1401760131120682,-137.94000244140625,-139.0,12.297820091247559,-160.02000427246094,-159.0,-154.10000610351562,-146.25,-139.0,-129.75,-122.80000305175781,-117.95000457763672,-112.95999145507812
19400,-137.94000244140625,15.686263084411621,15.634002685546875,1.1414468884468079,-137.94000244140625,-139.0,12.297820091247559,-160.02000427246094,-159.0,-154.10000610351562,-146.25,-139.0,-129.75,-122.80000305175781,-117.95000457763672,-112.95999145507812
19420,-137.94000244140625,15.696109771728516,15.64416790008545,1.139455869793892,-137.94000244140625,-139.0,12.297820091247559,-160.02000427246094,-159.0,-154.10000610351562,-146.25,-139.0,-129.75,-122.80000305175781,-117.95000457763672,-112.95999145507812
19440,-137.94000244140625,15.698640823364258,15.646257400512695,1.140454739332199,-137.94000244140625,-139.0,12.297820091247559,-160.02000427246094,-159.0,-154.10000610351562,-146.25,-139.0,-129.75,-122.80000305175781,-117.95000457763672,-112.95999145507812
19460,-137.94000244140625,15.695655822753906,15.643149375915527,1.1367365717887878,-137.94000244140625,-139.0,12.297820091247559,-160.02000427246094,-159.0,-154.10000610351562,-146.25,-139.0,-129.75,-122.80000305175781,-117.95000457763672,-112.95999145507812
19480,-137.94000244140625,15.6881103515625,15.635549545288086,1.1291829496622086,-137.94000244140625,-139.0,12.297820091247559,-160.02000427246094,-159.0,-154.10000610351562,-146.25,-139.0,-129.75,-122.80000305175781,-117.95000457763672,-112.95999145507812
19500,-137.94000244140625,15.686290740966797,15.6333646774292,1.1316080838441849,-137.94000244140625,-139.0,12.297820091247559,-160.02000427246094,-159.0,-154.10000610351562,-146.25,-139.0,-129.75,-122.80000305175781,-117.95000457763672,-112.95999145507812
19520,-137.94000244140625,15.685724258422852,15.631319999694824,1.1347006559371948,-137.94000244140625,-139.0,12.297820091247559,-160.02000427246094,-159.0,-154.10000610351562,-146.25,-139.0,-129.75,-122.80000305175781,-117.95000457763672,-112.95999145507812
19540,-137.94000244140625,15.684966087341309,15.631610870361328,1.1267635375261307,-137.94000244140625,-139.0,12.297820091247559,-160.02000427246094,-159.0,-154.10000610351562,-146.25,-139.0,-129.75,-122.80000305175781,-117.95000457763672,-112.95999145507812
19560,-137.94000244140625,15.682516098022461,15.629618644714355,1.1268103420734406,-137.94000244140625,-139.0,12.297820091247559,-160.02000427246094,-159.0,-154.10000610351562,-146.25,-139.0,-129.75,-122.80000305175781,-117.95000457763672,-112.95999145507812
19580,-137.94000244140625,15.681628227233887,15.629287719726562,1.1277028322219849,-137.94000244140625,-139.0,12.297820091247559,-160.02000427246094,-159.0,-154.10000610351562,-146.25,-139.0,-129.75,-122.80000305175781,-117.95000457763672,-112.95999145507812
19600,-137.94000244140625,15.679896354675293,15.62762451171875,1.1222958862781525,-137.94000244140625,-139.0,12.297820091247559,-160.02000427246094,-159.0,-154.10000610351562,-146.25,-139.0,-129.75,-122.80000305175781,-117.95000457763672,-112.95999145507812
19620,-137.94000244140625,15.67948055267334,15.627642631530762,1.1225697845220566,-137.94000244140625,-139.0,12.297820091247559,-160.02000427246094,-159.0,-154.10000610351562,-146.25,-139.0,-129.75,-122.80000305175781,-117.95000457763672,-112.95999145507812
19640,-137.94000244140625,15.678417205810547,15.626752853393555,1.126895621418953,-137.94000244140625,-139.0,12.297820091247559,-160.02000427246094,-159.0,-154.10000610351562,-146.25,-139.0,-129.75,-122.80000305175781,-117.95000457763672,-112.95999145507812
19660,-137.94000244140625,15.680549621582031,15.62922191619873,1.129035085439682,-137.94000244140625,-139.0,12.297820091247559,-160.02000427246094,-159.0,-154.10000610351562,-146.25,-139.0,-129.75,-122.80000305175781,-117.95000457763672,-112.95999145507812
19680,-137.94000244140625,15.676738739013672,15.626147270202637,1.121798262000084,-137.94000244140625,-139.0,12.297820091247559,-160.02000427246094,-159.0,-154.10000610351562,-146.25,-139.0,-129.75,-122.80000305175781,-117.95000457763672,-112.95999145507812
19700,-137.94000244140625,15.676069259643555,15.625572204589844,1.1219476908445358,-137.94000244140625,-139.0,12.297820091247559,-160.02000427246094,-159.0,-154.10000610351562,-146.25,-139.0,-129.75,-122.80000305175781,-117.95000457763672,-112.95999145507812
19720,-137.94000244140625,15.669962882995605,15.619571685791016,1.1214361041784286,-137.94000244140625,-139.0,12.297820091247559,-160.02000427246094,-159.0,-154.10000610351562,-146.25,-139.0,-129.75,-122.80000305175781,-117.95000457763672,-112.95999145507812
19740,-137.94000244140625,15.675421714782715,15.625175476074219,1.1235873401165009,-137.94000244140625,-139.0,12.297820091247559,-160.02000427246094,-159.0,-154.10000610351562,-146.25,-139.0,-129.75,-122.80000305175781,-117.95000457763672,-112.95999145507812
19760,-137.94000244140625,15.673747062683105,15.623202323913574,1.126492366194725,-137.94000244140625,-139.0,12.297820091247559,-160.02000427246094,-159.0,-154.10000610351562,-146.25,-139.0,-129.75,-122.80000305175781,-117.95000457763672,-112.95999145507812
19780,-137.94000244140625,15.667915344238281,15.616806030273438,1.1296574771404266,-137.94000244140625,-139.0,12.297820091247559,-160.02000427246094,-159.0,-154.10000610351562,-146.25,-139.0,-129.75,-122.80000305175781,-117.95000457763672,-112.95999145507812
19800,-137.94000244140625,15.672416687011719,15.621101379394531,1.1330148875713348,-137.94000244140625,-139.0,12.297820091247559,-160.02000427246094,-159.0,-154.10000610351562,-146.25,-139.0,-129.75,-122.80000305175781,-117.95000457763672,-112.95999145507812
19820,-137.94000244140625,15.672480583190918,15.621027946472168,1.1259592473506927,-137.94000244140625,-139.0,12.297820091247559,-160.02000427246094,-159.0,-154.10000610351562,-146.25,-139.0,-129.75,-122.80000305175781,-117.95000457763672,-112.95999145507812
19840,-137.94000244140625,15.682418823242188,15.6303129196167,1.129273846745491,-137.94000244140625,-139.0,12.297820091247559,-160.02000427246094,-159.0,-154.10000610351562,-146.25,-139.0,-129.75,-122.80000305175781,-117.95000457763672,-112.95999145507812
19860,-137.94000244140625,15.681086540222168,15.629049301147461,1.1215310394763947,-137.94000244140625,-139.0,12.297820091247559,-160.02000427246094,-159.0,-154.10000610351562,-146.25,-139.0,-129.75,-122.80000305175781,-117.95000457763672,-112.95999145507812
19880,-137.94000244140625,15.681116104125977,15.62921142578125,1.1184155344963074,-137.94000244140625,-139.0,12.297820091247559,-160.02000427246094,-159.0,-154.10000610351562,-146.25,-139.0,-129.75,-122.80000305175781,-117.95000457763672,-112.95999145507812
19900,-137.94000244140625,15.673494338989258,15.621737480163574,1.115274503827095,-137.94000244140625,-139.0,12.297820091247559,-160.02000427246094,-159.0,-154.10000610351562,-146.25,-139.0,-129.75,-122.80000305175781,-117.95000457763672,-112.95999145507812
19920,-137.94000244140625,15.675048828125,15.6229887008667,1.1179677695035934,-137.94000244140625,-139.0,12.297820091247559,-160.02000427246094,-159.0,-154.10000610351562,-146.25,-139.0,-129.75,-122.80000305175781,-117.95000457763672,-112.95999145507812
19940,-137.94000244140625,15.674928665161133,15.622747421264648,1.1118860095739365,-137.94000244140625,-139.0,12.297820091247559,-160.02000427246094,-159.0,-154.10000610351562,-146.25,-139.0,-129.75,-122.80000305175781,-117.95000457763672,-112.95999145507812
19960,-137.94000244140625,15.680309295654297,15.628436088562012,1.1082301139831543,-137.94000244140625,-139.0,12.297820091247559,-160.02000427246094,-159.0,-154.10000610351562,-146.25,-139.0,-129.75,-122.80000305175781,-117.95000457763672,-112.95999145507812
19980,-137.94000244140625,15.68376350402832,15.63214111328125,1.114539995789528,-137.94000244140625,-139.0,12.297820091247559,-160.02000427246094,-159.0,-154.10000610351562,-146.25,-139.0,-129.75,-122.80000305175781,-117.95000457763672,-112.95999145507812
20000,-137.94000244140625,15.677237510681152,15.625285148620605,1.1122160404920578,-137.94000244140625,-139.0,12.297820091247559,-160.02000427246094,-159.0,-154.10000610351562,-146.25,-139.0,-129.75,-122.80000305175781,-117.95000457763672,-112.95999145507812
20020,-137.94000244140625,15.675193786621094,15.624850273132324,1.1129935830831528,-137.94000244140625,-139.0,12.297820091247559,-160.02000427246094,-159.0,-154.10000610351562,-146.25,-139.0,-129.75,-122.80000305175781,-117.95000457763672,-112.95999145507812
20040,-137.94000244140625,15.670709609985352,15.62049674987793,1.105712890625,-137.94000244140625,-139.0,12.297820091247559,-160.02000427246094,-159.0,-154.10000610351562,-146.25,-139.0,-129.75,-122.80000305175781,-117.95000457763672,-112.95999145507812
20060,-137.94000244140625,15.672843933105469,15.621892929077148,1.101817786693573,-137.94000244140625,-139.0,12.297820091247559,-160.02000427246094,-159.0,-154.10000610351562,-146.25,-139.0,-129.75,-122.80000305175781,-117.95000457763672,-112.95999145507812
20080,-137.94000244140625,15.6741943359375,15.623103141784668,1.1028384566307068,-137.94000244140625,-139.0,12.297820091247559,-160.02000427246094,-159.0,-154.10000610351562,-146.25,-139.0,-129.75,-122.80000305175781,-117.95000457763672,-112.95999145507812
20100,-137.94000244140625,15.672948837280273,15.621328353881836,1.1044914424419403,-137.94000244140625,-139.0,12.297820091247559,-160.02000427246094,-159.0,-154.10000610351562,-146.25,-139.0,-129.75,-122.80000305175781,-117.95000457763672,-112.95999145507812
20120,-137.94000244140625,15.678607940673828,15.627832412719727,1.1057687401771545,-137.94000244140625,-139.0,12.297820091247559,-160.02000427246094,-159.0,-154.10000610351562,-146.25,-139.0,-129.75,-122.80000305175781,-117.95000457763672,-112.95999145507812
20140,-137.94000244140625,15.681011199951172,15.63003921508789,1.109196811914444,-137.94000244140625,-139.0,12.297820091247559,-160.02000427246094,-159.0,-154.10000610351562,-146.25,-139.0,-129.75,-122.80000305175781,-117.95000457763672,-112.95999145507812
20160,-137.94000244140625,15.673225402832031,15.622037887573242,1.1022978127002716,-137.94000244140625,-139.0,12.297820091247559,-160.02000427246094,-159.0,-154.10000610351562,-146.25,-139.0,-129.75,-122.80000305175781,-117.95000457763672,-112.95999145507812
20180,-137.94000244140625,15.679859161376953,15.628438949584961,1.0978452265262604,-137.94000244140625,-139.0,12.297820091247559,-160.02000427246094,-159.0,-154.10000610351562,-146.25,-139.0,-129.75,-122.80000305175781,-117.95000457763672,-112.95999145507812
20200,-137.94000244140625,15.671923637390137,15.62013053894043,1.1033226996660233,-137.94000244140625,-139.0,12.297820091247559,-160.02000427246094,-159.0,-154.10000610351562,-146.25,-139.0,-129.75,-122.80000305175781,-117.95000457763672,-112.95999145507812
20220,-137.94000244140625,15.67161750793457,15.620287895202637,1.1033975780010223,-137.94000244140625,-139.0,12.297820091247559,-160.02000427246094,-159.0,-154.10000610351562,-146.25,-139.0,-129.75,-122.80000305175781,-117.95000457763672,-112.95999145507812
20240,-137.94000244140625,15.674112319946289,15.623457908630371,1.1015921384096146,-137.94000244140625,-139.0,12.297820091247559,-160.02000427246094,-159.0,-154.10000610351562,-146.25,-139.0,-129.75,-122.80000305175781,-117.95000457763672,-112.95999145507812
20260,-137.94000244140625,15.668937683105469,15.617238998413086,1.106850042939186,-137.94000244140625,-139.0,12.297820091247559,-160.02000427246094,-159.0,-154.10000610351562,-146.25,-139.0,-129.75,-122.80000305175781,-117.95000457763672,-112.95999145507812
20280,-137.94000244140625,15.666037559509277,15.616476058959961,1.102038100361824,-137.94000244140625,-139.0,12.297820091247559,-160.02000427246094,-159.0,-154.10000610351562,-146.25,-139.0,-129.75,-122.80000305175781,-117.95000457763672,-112.95999145507812
20300,-137.94000244140625,15.6690092086792,15.618659019470215,1.1057700663805008,-137.94000244140625,-139.0,12.297820091247559,-160.02000427246094,-159.0,-154.10000610351562,-146.25,-139.0,-129.75,-122.80000305175781,-117.95000457763672,-112.95999145507812
20320,-137.94000244140625,15.670069694519043,15.619171142578125,1.1051646769046783,-137.94000244140625,-139.0,12.297820091247559,-160.02000427246094,-159.0,-154.10000610351562,-146.25,-139.0,-129.75,-122.80000305175781,-117.95000457763672,-112.95999145507812
20340,-137.94000244140625,15.671958923339844,15.621994018554688,1.1017680317163467,-137.94000244140625,-139.0,12.297820091247559,-160.02000427246094,-159.0,-154.10000610351562,-146.25,-139.0,-129.75,-122.80000305175781,-117.95000457763672,-112.95999145507812
20360,-137.94000244140625,15.671625137329102,15.622163772583008,1.094565138220787,-137.94000244140625,-139.0,12.297820091247559,-160.02000427246094,-159.0,-154.10000610351562,-146.25,-139.0,-129.75,-122.80000305175781,-117.95000457763672,-112.95999145507812
20380,-137.94000244140625,15.672657012939453,15.623739242553711,1.0941317528486252,-137.94000244140625,-139.0,12.297820091247559,-160.02000427246094,-159.0,-154.10000610351562,-146.25,-139.0,-129.75,-122.80000305175781,-117.95000457763672,-112.95999145507812
20400,-137.94000244140625,15.667165756225586,15.618330955505371,1.0886377543210983,-137.94000244140625,-139.0,12.297820091247559,-160.02000427246094,-159.0,-154.10000610351562,-146.25,-139.0,-129.75,-122.80000305175781,-117.95000457763672,-112.95999145507812
20420,-137.94000244140625,15.669212341308594,15.619922637939453,1.0998237580060959,-137.94000244140625,-139.0,12.297820091247559,-160.02000427246094,-159.0,-154.10000610351562,-146.25,-139.0,-129.75,-122.80000305175781,-117.95000457763672,-112.95999145507812
20440,-137.94000244140625,15.669868469238281,15.620071411132812,1.0960692465305328,-137.94000244140625,-139.0,12.297820091247559,-160.02000427246094,-159.0,-154.10000610351562,-146.25,-139.0,-129.75,-122.80000305175781,-117.95000457763672,-112.95999145507812
20460,-137.94000244140625,15.666831016540527,15.618029594421387,1.0922910124063492,-137.94000244140625,-139.0,12.297820091247559,-160.02000427246094,-159.0,-154.10000610351562,-146.25,-139.0,-129.75,-122.80000305175781,-117.95000457763672,-112.95999145507812
20480,-137.94000244140625,15.662818908691406,15.613296508789062,1.0924251675605774,-137.94000244140625,-139.0,12.297820091247559,-160.02000427246094,-159.0,-154.10000610351562,-146.25,-139.0,-129.75,-122.80000305175781,-117.95000457763672,-112.95999145507812
20500,-137.94000244140625,15.665521621704102,15.614809036254883,1.0974100977182388,-137.94000244140625,-139.0,12.297820091247559,-160.02000427246094,-159.0,-154.10000610351562,-146.25,-139.0,-129.75,-122.80000305175781,-117.95000457763672,-112.95999145507812
20520,-137.94000244140625,15.670747756958008,15.620532035827637,1.0958144515752792,-137.94000244140625,-139.0,12.297820091247559,-160.02000427246094,-159.0,-154.10000610351562,-146.25,-139.0,-129.75,-122.80000305175781,-117.95000457763672,-112.95999145507812
20540,-137.94000244140625,15.668573379516602,15.618658065795898,1.0909880250692368,-137.94000244140625,-139.0,12.297820091247559,-160.02000427246094,-159.0,-154.10000610351562,-146.25,-139.0,-129.75,-122.80000305175781,-117.95000457763672,-112.95999145507812
20560,-137.94000244140625,15.673879623413086,15.624702453613281,1.0901721119880676,-137.94000244140625,-139.0,12.297820091247559,-160.02000427246094,-159.0,-154.10000610351562,-146.25,-139.0,-129.75,-122.80000305175781,-117.95000457763672,-112.95999145507812
20580,-137.94000244140625,15.671385765075684,15.621912002563477,1.0956830978393555,-137.94000244140625,-139.0,12.297820091247559,-160.02000427246094,-159.0,-154.10000610351562,-146.25,-139.0,-129.75,-122.80000305175781,-117.95000457763672,-112.95999145507812
20600,-137.94000244140625,15.665228843688965,15.616331100463867,1.0964098423719406,-137.94000244140625,-139.0,12.297820091247559,-160.02000427246094,-159.0,-154.10000610351562,-146.25,-139.0,-129.75,-122.80000305175781,-117.95000457763672,-112.95999145507812
20620,-137.94000244140625,15.660377502441406,15.611831665039062,1.0916945040225983,-137.94000244140625,-139.0,12.297820091247559,-160.02000427246094,-159.0,-154.10000610351562,-146.25,-139.0,-129.75,-122.80000305175781,-117.95000457763672,-112.95999145507812
20640,-137.94000244140625,15.66231918334961,15.613346099853516,1.0942948162555695,-137.94000244140625,-139.0,12.297820091247559,-160.02000427246094,-159.0,-154.10000610351562,-146.25,-139.0,-129.75,-122.80000305175781,-117.95000457763672,-112.95999145507812
20660,-137.94000244140625,15.661687850952148,15.611910820007324,1.0990601778030396,-137.94000244140625,-139.0,12.297820091247559,-160.02000427246094,-159.0,-154.10000610351562,-146.25,-139.0,-129.75,-122.80000305175781,-117.95000457763672,-112.95999145507812
20680,-137.94000244140625,15.658845901489258,15.610061645507812,1.0956788808107376,-137.94000244140625,-139.0,12.297820091247559,-160.02000427246094,-159.0,-154.10000610351562,-146.25,-139.0,-129.75,-122.80000305175781,-117.95000457763672,-112.95999145507812
20700,-137.94000244140625,15.658400535583496,15.60956859588623,1.0981429517269135,-137.94000244140625,-139.0,12.297820091247559,-160.02000427246094,-159.0,-154.10000610351562,-146.25,-139.0,-129.75,-122.80000305175781,-117.95000457763672,-112.95999145507812
20720,-137.94000244140625,15.66030502319336,15.6112699508667,1.0976977348327637,-137.94000244140625,-139.0,12.297820091247559,-160.02000427246094,-159.0,-154.10000610351562,-146.25,-139.0,-129.75,-122.80000305175781,-117.95000457763672,-112.95999145507812
20740,-137.94000244140625,15.65128231048584,15.601629257202148,1.0955685079097748,-137.94000244140625,-139.0,12.297820091247559,-160.02000427246094,-159.0,-154.10000610351562,-146.25,-139.0,-129.75,-122.80000305175781,-117.95000457763672,-112.95999145507812
20760,-137.94000244140625,15.649389266967773,15.601058959960938,1.0907278954982758,-137.94000244140625,-139.0,12.297820091247559,-160.02000427246094,-159.0,-154.10000610351562,-146.25,-139.0,-129.75,-122.80000305175781,-117.95000457763672,-112.95999145507812
20780,-137.94000244140625,15.660724639892578,15.613019943237305,1.0913177281618118,-137.94000244140625,-139.0,12.297820091247559,-160.02000427246094,-159.0,-154.10000610351562,-146.25,-139.0,-129.75,-122.80000305175781,-117.95000457763672,-112.95999145507812
20800,-137.94000244140625,15.6583890914917,15.610186576843262,1.0885327607393265,-137.94000244140625,-139.0,12.297820091247559,-160.02000427246094,-159.0,-154.10000610351562,-146.25,-139.0,-129.75,-122.80000305175781,-117.95000457763672,-112.95999145507812
20820,-137.94000244140625,15.655145645141602,15.607429504394531,1.0878392159938812,-137.94000244140625,-139.0,12.297820091247559,-160.02000427246094,-159.0,-154.10000610351562,-146.25,-139.0,-129.75,-122.80000305175781,-117.95000457763672,-112.95999145507812
20840,-137.94000244140625,15.654415130615234,15.60664176940918,1.0853349566459656,-137.94000244140625,-139.0,12.297820091247559,-160.02000427246094,-159.0,-154.10000610351562,-146.25,-139.0,-129.75,-122.80000305175781,-117.95000457763672,-112.95999145507812
20860,-137.94000244140625,15.652412414550781,15.60418701171875,1.0818686485290527,-137.94000244140625,-139.0,12.297820091247559,-160.02000427246094,-159.0,-154.10000610351562,-146.25,-139.0,-129.75,-122.80000305175781,-117.95000457763672,-112.95999145507812
20880,-137.94000244140625,15.643336296081543,15.595892906188965,1.075252890586853,-137.94000244140625,-139.0,12.297820091247559,-160.02000427246094,-159.0,-154.10000610351562,-146.25,-139.0,-129.75,-122.80000305175781,-117.95000457763672,-112.95999145507812
20900,-137.94000244140625,15.644145011901855,15.596487998962402,1.0700249522924423,-137.94000244140625,-139.0,12.297820091247559,-160.02000427246094,-159.0,-154.10000610351562,-146.25,-139.0,-129.75,-122.80000305175781,-117.95000457763672,-112.95999145507812
20920,-137.94000244140625,15.642278671264648,15.59443187713623,1.0643216222524643,-137.94000244140625,-139.0,12.297820091247559,-160.02000427246094,-159.0,-154.10000610351562,-146.25,-139.0,-129.75,-122.80000305175781,-117.95000457763672,-112.95999145507812
20940,-137.94000244140625,15.641456604003906,15.594401359558105,1.0582917630672455,-137.94000244140625,-139.0,12.297820091247559,-160.02000427246094,-159.0,-154.10000610351562,-146.25,-139.0,-129.75,-122.80000305175781,-117.95000457763672,-112.95999145507812
20960,-137.94000244140625,15.645926475524902,15.599538803100586,1.0564126819372177,-137.94000244140625,-139.0,12.297820091247559,-160.02000427246094,-159.0,-154.10000610351562,-146.25,-139.0,-129.75,-122.80000305175781,-117.95000457763672,-112.95999145507812
20980,-137.94000244140625,15.652034759521484,15.605857849121094,1.0541057884693146,-137.94000244140625,-139.0,12.297820091247559,-160.02000427246094,-159.0,-154.10000610351562,-146.25,-139.0,-129.75,-122.80000305175781,-117.95000457763672,-112.95999145507812
21000,-137.94000244140625,15.65286922454834,15.60719108581543,1.0536504685878754,-137.94000244140625,-139.0,12.297820091247559,-160.02000427246094,-159.0,-154.10000610351562,-146.25,-139.0,-129.75,-122.80000305175781,-117.95000457763672,-112.95999145507812
21020,-137.94000244140625,15.645339965820312,15.600143432617188,1.0570550858974457,-137.94000244140625,-139.0,12.297820091247559,-160.02000427246094,-159.0,-154.10000610351562,-146.25,-139.0,-129.75,-122.80000305175781,-117.95000457763672,-112.95999145507812
21040,-137.94000244140625,15.643888473510742,15.5986328125,1.0558052957057953,-137.94000244140625,-139.0,12.297820091247559,-160.02000427246094,-159.0,-154.10000610351562,-146.25,-139.0,-129.75,-122.80000305175781,-117.95000457763672,-112.95999145507812
21060,-137.94000244140625,15.647565841674805,15.602048873901367,1.0563231110572815,-137.94000244140625,-139.0,12.297820091247559,-160.02000427246094,-159.0,-154.10000610351562,-146.25,-139.0,-129.75,-122.80000305175781,-117.95000457763672,-112.95999145507812
21080,-137.94000244140625,15.648776054382324,15.60322093963623,1.0547723919153214,-137.94000244140625,-139.0,12.297820091247559,-160.02000427246094,-159.0,-154.10000610351562,-146.25,-139.0,-129.75,-122.80000305175781,-117.95000457763672,-112.95999145507812
21100,-137.94000244140625,15.651744842529297,15.605914115905762,1.0580699294805527,-137.94000244140625,-139.0,12.297820091247559,-160.02000427246094,-159.0,-154.10000610351562,-146.25,-139.0,-129.75,-122.80000305175781,-117.95000457763672,-112.95999145507812
21120,-137.94000244140625,15.641894340515137,15.596033096313477,1.0606061220169067,-137.94000244140625,-139.0,12.297820091247559,-160.02000427246094,-159.0,-154.10000610351562,-146.25,-139.0,-129.75,-122.80000305175781,-117.95000457763672,-112.95999145507812
21140,-137.94000244140625,15.649778366088867,15.603780746459961,1.0602646470069885,-137.94000244140625,-139.0,12.297820091247559,-160.02000427246094,-159.0,-154.10000610351562,-146.25,-139.0,-129.75,-122.80000305175781,-117.95000457763672,-112.95999145507812
21160,-137.94000244140625,15.649264335632324,15.6032133102417,1.0550391972064972,-137.94000244140625,-139.0,12.297820091247559,-160.02000427246094,-159.0,-154.10000610351562,-146.25,-139.0,-129.75,-122.80000305175781,-117.95000457763672,-112.95999145507812
21180,-137.94000244140625,15.65649700164795,15.60987663269043,1.057278335094452,-137.94000244140625,-139.0,12.297820091247559,-160.02000427246094,-159.0,-154.10000610351562,-146.25,-139.0,-129.75,-122.80000305175781,-117.95000457763672,-112.95999145507812
21200,-137.94000244140625,15.650771141052246,15.604532241821289,1.063470646739006,-137.94000244140625,-139.0,12.297820091247559,-160.02000427246094,-159.0,-154.10000610351562,-146.25,-139.0,-129.75,-122.80000305175781,-117.95000457763672,-112.95999145507812
21220,-137.94000244140625,15.652254104614258,15.605853080749512,1.062136635184288,-137.94000244140625,-139.0,12.297820091247559,-160.02000427246094,-159.0,-154.10000610351562,-146.25,-139.0,-129.75,-122.80000305175781,-117.95000457763672,-112.95999145507812
21240,-137.94000244140625,15.645952224731445,15.599037170410156,1.063205063343048,-137.94000244140625,-139.0,12.297820091247559,-160.02000427246094,-159.0,-154.10000610351562,-146.25,-139.0,-129.75,-122.80000305175781,-117.95000457763672,-112.95999145507812
21260,-137.94000244140625,15.647684097290039,15.600539207458496,1.0598544478416443,-137.94000244140625,-139.0,12.297820091247559,-160.02000427246094,-159.0,-154.10000610351562,-146.25,-139.0,-129.75,-122.80000305175781,-117.95000457763672,-112.95999145507812
21280,-137.94000244140625,15.648653030395508,15.601232528686523,1.0586416125297546,-137.94000244140625,-139.0,12.297820091247559,-160.02000427246094,-159.0,-154.10000610351562,-146.25,-139.0,-129.75,-122.80000305175781,-117.95000457763672,-112.95999145507812
21300,-137.94000244140625,15.64681625366211,15.599523544311523,1.0656901001930237,-137.94000244140625,-139.0,12.297820091247559,-160.02000427246094,-159.0,-154.10000610351562,-146.25,-139.0,-129.75,-122.80000305175781,-117.95000457763672,-112.95999145507812
21320,-137.94000244140625,15.63249397277832,15.584463119506836,1.0642969608306885,-137.94000244140625,-139.0,12.297820091247559,-160.02000427246094,-159.0,-154.10000610351562,-146.25,-139.0,-129.75,-122.80000305175781,-117.95000457763672,-112.95999145507812
21340,-137.94000244140625,15.634417533874512,15.58668327331543,1.0630750358104706,-137.94000244140625,-139.0,12.297820091247559,-160.02000427246094,-159.0,-154.10000610351562,-146.25,-139.0,-129.75,-122.80000305175781,-117.95000457763672,-112.95999145507812
21360,-137.94000244140625,15.630118370056152,15.583196640014648,1.0587806701660156,-137.94000244140625,-139.0,12.297820091247559,-160.02000427246094,-159.0,-154.10000610351562,-146.25,-139.0,-129.75,-122.80000305175781,-117.95000457763672,-112.95999145507812
21380,-137.94000244140625,15.63292121887207,15.585508346557617,1.0656351149082184,-137.94000244140625,-139.0,12.297820091247559,-160.02000427246094,-159.0,-154.10000610351562,-146.25,-139.0,-129.75,-122.80000305175781,-117.95000457763672,-112.95999145507812
21400,-137.94000244140625,15.643632888793945,15.596468925476074,1.0739690661430359,-137.94000244140625,-139.0,12.297820091247559,-160.02000427246094,-159.0,-154.10000610351562,-146.25,-139.0,-129.75,-122.80000305175781,-117.95000457763672,-112.95999145507812
21420,-137.94000244140625,15.638232231140137,15.59176254272461,1.0680668950080872,-137.94000244140625,-139.0,12.297820091247559,-160.02000427246094,-159.0,-154.10000610351562,-146.25,-139.0,-129.75,-122.80000305175781,-117.95000457763672,-112.95999145507812
21440,-137.94000244140625,15.628588676452637,15.582125663757324,1.0693031698465347,-137.94000244140625,-139.0,12.297820091247559,-160.02000427246094,-159.0,-154.10000610351562,-146.25,-139.0,-129.75,-122.80000305175781,-117.95000457763672,-112.95999145507812
21460,-137.94000244140625,15.629589080810547,15.583463668823242,1.0632196217775345,-137.94000244140625,-139.0,12.297820091247559,-160.02000427246094,-159.0,-154.10000610351562,-146.25,-139.0,-129.75,-122.80000305175781,-117.95000457763672,-112.95999145507812
21480,-137.94000244140625,15.620288848876953,15.573206901550293,1.060556635260582,-137.94000244140625,-139.0,12.297820091247559,-160.02000427246094,-159.0,-154.10000610351562,-146.25,-139.0,-129.75,-122.80000305175781,-117.95000457763672,-112.95999145507812
21500,-137.94000244140625,15.618322372436523,15.571348190307617,1.0615567713975906,-137.94000244140625,-139.0,12.297820091247559,-160.02000427246094,-159.0,-154.10000610351562,-146.25,-139.0,-129.75,-122.80000305175781,-117.95000457763672,-112.95999145507812
21520,-137.94000244140625,15.630572319030762,15.584643363952637,1.0589812994003296,-137.94000244140625,-139.0,12.297820091247559,-160.02000427246094,-159.0,-154.10000610351562,-146.25,-139.0,-129.75,-122.80000305175781,-117.95000457763672,-112.95999145507812
21540,-137.94000244140625,15.626209259033203,15.581106185913086,1.0551249235868454,-137.94000244140625,-139.0,12.297820091247559,-160.02000427246094,-159.0,-154.10000610351562,-146.25,-139.0,-129.75,-122.80000305175781,-117.95000457763672,-112.95999145507812
21560,-137.94000244140625,15.621450424194336,15.575523376464844,1.0550673604011536,-137.94000244140625,-139.0,12.297820091247559,-160.02000427246094,-159.0,-154.10000610351562,-146.25,-139.0,-129.75,-122.80000305175781,-117.95000457763672,-112.95999145507812
21580,-137.94000244140625,15.623739242553711,15.577773094177246,1.0570236593484879,-137.94000244140625,-139.0,12.297820091247559,-160.02000427246094,-159.0,-154.10000610351562,-146.25,-139.0,-129.75,-122.80000305175781,-117.95000457763672,-112.95999145507812
21600,-137.94000244140625,15.629435539245605,15.583381652832031,1.0598699450492859,-137.94000244140625,-139.0,12.297820091247559,-160.02000427246094,-159.0,-154.10000610351562,-146.25,-139.0,-129.75,-122.80000305175781,-117.95000457763672,-112.95999145507812
21620,-137.94000244140625,15.624449729919434,15.579008102416992,1.0567087531089783,-137.94000244140625,-139.0,12.297820091247559,-160.02000427246094,-159.0,-154.10000610351562,-146.25,-139.0,-129.75,-122.80000305175781,-117.95000457763672,-112.95999145507812
21640,-137.94000244140625,15.629496574401855,15.583616256713867,1.0505178421735764,-137.94000244140625,-139.0,12.297820091247559,-160.02000427246094,-159.0,-154.10000610351562,-146.25,-139.0,-129.75,-122.80000305175781,-117.95000457763672,-112.95999145507812
21660,-137.94000244140625,15.627750396728516,15.582305908203125,1.0482869297266006,-137.94000244140625,-139.0,12.297820091247559,-160.02000427246094,-159.0,-154.10000610351562,-146.25,-139.0,-129.75,-122.80000305175781,-117.95000457763672,-112.95999145507812
21680,-137.94000244140625,15.6237211227417,15.578163146972656,1.0535310804843903,-137.94000244140625,-139.0,12.297820091247559,-160.02000427246094,-159.0,-154.10000610351562,-146.25,-139.0,-129.75,-122.80000305175781,-117.95000457763672,-112.95999145507812
21700,-137.94000244140625,15.623663902282715,15.578449249267578,1.0486777424812317,-137.94000244140625,-139.0,12.297820091247559,-160.02000427246094,-159.0,-154.10000610351562,-146.25,-139.0,-129.75,-122.80000305175781,-117.95000457763672,-112.95999145507812
21720,-137.94000244140625,15.612921714782715,15.567474365234375,1.0505778938531876,-137.94000244140625,-139.0,12.297820091247559,-160.02000427246094,-159.0,-154.10000610351562,-146.25,-139.0,-129.75,-122.80000305175781,-117.95000457763672,-112.95999145507812
21740,-137.94000244140625,15.611078262329102,15.565695762634277,1.0439657717943192,-137.94000244140625,-139.0,12.297820091247559,-160.02000427246094,-159.0,-154.10000610351562,-146.25,-139.0,-129.75,-122.80000305175781,-117.95000457763672,-112.95999145507812
21760,-137.94000244140625,15.601186752319336,15.554906845092773,1.0414772778749466,-137.94000244140625,-139.0,12.297820091247559,-160.02000427246094,-159.0,-154.10000610351562,-146.25,-139.0,-129.75,-122.80000305175781,-117.95000457763672,-112.95999145507812
21780,-137.94000244140625,15.60636043548584,15.560033798217773,1.0452344566583633,-137.94000244140625,-139.0,12.297820091247559,-160.02000427246094,-159.0,-154.10000610351562,-146.25,-139.0,-129.75,-122.80000305175781,-117.95000457763672,-112.95999145507812
21800,-137.94000244140625,15.609100341796875,15.562299728393555,1.0437038242816925,-137.94000244140625,-139.0,12.297820091247559,-160.02000427246094,-159.0,-154.10000610351562,-146.25,-139.0,-129.75,-122.80000305175781,-117.95000457763672,-112.95999145507812
21820,-137.94000244140625,15.606433868408203,15.56013298034668,1.038080856204033,-137.94000244140625,-139.0,12.297820091247559,-160.02000427246094,-159.0,-154.10000610351562,-146.25,-139.0,-129.75,-122.80000305175781,-117.95000457763672,-112.95999145507812
21840,-137.94000244140625,15.604724884033203,15.558551788330078,1.0355499982833862,-137.94000244140625,-139.0,12.297820091247559,-160.02000427246094,-159.0,-154.10000610351562,-146.25,-139.0,-129.75,-122.80000305175781,-117.95000457763672,-112.95999145507812
21860,-137.94000244140625,15.5973539352417,15.551454544067383,1.0343977957963943,-137.94000244140625,-139.0,12.297820091247559,-160.02000427246094,-159.0,-154.10000610351562,-146.25,-139.0,-129.75,-122.80000305175781,-117.95000457763672,-112.95999145507812
21880,-137.94000244140625,15.596527099609375,15.551237106323242,1.0287276953458786,-137.94000244140625,-139.0,12.297820091247559,-160.02000427246094,-159.0,-154.10000610351562,-146.25,-139.0,-129.75,-122.80000305175781,-117.95000457763672,-112.95999145507812
21900,-137.94000244140625,15.590147018432617,15.545405387878418,1.017484575510025,-137.94000244140625,-139.0,12.297820091247559,-160.02000427246094,-159.0,-154.10000610351562,-146.25,-139.0,-129.75,-122.80000305175781,-117.95000457763672,-112.95999145507812
21920,-137.94000244140625,15.583335876464844,15.538511276245117,1.0132947862148285,-137.94000244140625,-139.0,12.297820091247559,-160.02000427246094,-159.0,-154.10000610351562,-146.25,-139.0,-129.75,-122.80000305175781,-117.95000457763672,-112.95999145507812
21940,-137.94000244140625,15.58773422241211,15.543025016784668,1.0083530396223068,-137.94000244140625,-139.0,12.297820091247559,-160.02000427246094,-159.0,-154.10000610351562,-146.25,-139.0,-129.75,-122.80000305175781,-117.95000457763672,-112.95999145507812
21960,-137.94000244140625,15.589640617370605,15.544634819030762,1.0122622400522232,-137.94000244140625,-139.0,12.297820091247559,-160.02000427246094,-159.0,-154.10000610351562,-146.25,-139.0,-129.75,-122.80000305175781,-117.95000457763672,-112.95999145507812
21980,-137.94000244140625,15.594806671142578,15.549674987792969,1.011703535914421,-137.94000244140625,-139.0,12.297820091247559,-160.02000427246094,-159.0,-154.10000610351562,-146.25,-139.0,-129.75,-122.80000305175781,-117.95000457763672,-112.95999145507812
22000,-137.94000244140625,15.586833000183105,15.542196273803711,1.0127729028463364,-137.94000244140625,-139.0,12.297820091247559,-160.02000427246094,-159.0,-154.10000610351562,-146.25,-139.0,-129.75,-122.80000305175781,-117.95000457763672,-112.95999145507812
22020,-137.94000244140625,15.58770751953125,15.543230056762695,1.0072213560342789,-137.94000244140625,-139.0,12.297820091247559,-160.02000427246094,-159.0,-154.10000610351562,-146.25,-139.0,-129.75,-122.80000305175781,-117.95000457763672,-112.95999145507812
22040,-137.94000244140625,15.59126091003418,15.546485900878906,1.0125260651111603,-137.94000244140625,-139.0,12.297820091247559,-160.02000427246094,-159.0,-154.10000610351562,-146.25,-139.0,-129.75,-122.80000305175781,-117.95000457763672,-112.95999145507812
22060,-137.94000244140625,15.601679801940918,15.556574821472168,1.0119488835334778,-137.94000244140625,-139.0,12.297820091247559,-160.02000427246094,-159.0,-154.10000610351562,-146.25,-139.0,-129.75,-122.80000305175781,-117.95000457763672,-112.95999145507812
22080,-137.94000244140625,15.601818084716797,15.556746482849121,1.0112391114234924,-137.94000244140625,-139.0,12.297820091247559,-160.02000427246094,-159.0,-154.10000610351562,-146.25,-139.0,-129.75,-122.80000305175781,-117.95000457763672,-112.95999145507812
22100,-137.94000244140625,15.600278854370117,15.55578899383545,1.0032052993774414,-137.94000244140625,-139.0,12.297820091247559,-160.02000427246094,-159.0,-154.10000610351562,-146.25,-139.0,-129.75,-122.80000305175781,-117.95000457763672,-112.95999145507812
22120,-137.94000244140625,15.605039596557617,15.560145378112793,1.0077687203884125,-137.94000244140625,-139.0,12.297820091247559,-160.02000427246094,-159.0,-154.10000610351562,-146.25,-139.0,-129.75,-122.80000305175781,-117.95000457763672,-112.95999145507812
22140,-137.94000244140625,15.609258651733398,15.565032005310059,1.0044358968734741,-137.94000244140625,-139.0,12.297820091247559,-160.02000427246094,-159.0,-154.10000610351562,-146.25,-139.0,-129.75,-122.80000305175781,-117.95000457763672,-112.95999145507812
22160,-137.94000244140625,15.61471176147461,15.570570945739746,1.0002253502607346,-137.94000244140625,-139.0,12.297820091247559,-160.02000427246094,-159.0,-154.10000610351562,-146.25,-139.0,-129.75,-122.80000305175781,-117.95000457763672,-112.95999145507812
22180,-137.95999145507812,15.615809440612793,15.571207046508789,1.0020838379859924,-137.9600067138672,-139.0,12.327140808105469,-160.02000427246094,-159.0,-154.1999969482422,-146.25,-139.0,-129.75,-122.80000305175781,-117.95000457763672,-112.95999145507812
22200,-137.95999145507812,15.613805770874023,15.569354057312012,0.9984104037284851,-137.9600067138672,-139.0,12.327140808105469,-160.02000427246094,-159.0,-154.1999969482422,-146.25,-139.0,-129.75,-122.80000305175781,-117.95000457763672,-112.95999145507812
22220,-137.95999145507812,15.61190414428711,15.56751537322998,1.000940963625908,-137.9600067138672,-139.0,12.327140808105469,-160.02000427246094,-159.0,-154.1999969482422,-146.25,-139.0,-129.75,-122.80000305175781,-117.95000457763672,-112.95999145507812
22240,-137.95999145507812,15.606989860534668,15.562594413757324,1.00225268304348,-137.9600067138672,-139.0,12.327140808105469,-160.02000427246094,-159.0,-154.1999969482422,-146.25,-139.0,-129.75,-122.80000305175781,-117.95000457763672,-112.95999145507812
22260,-137.95999145507812,15.60468864440918,15.559966087341309,0.9994768500328064,-137.9600067138672,-139.0,12.327140808105469,-160.02000427246094,-159.0,-154.1999969482422,-146.25,-139.0,-129.75,-122.80000305175781,-117.95000457763672,-112.95999145507812
22280,-137.95999145507812,15.60354995727539,15.559215545654297,0.9935846477746964,-137.9600067138672,-139.0,12.327140808105469,-160.02000427246094,-159.0,-154.1999969482422,-146.25,-139.0,-129.75,-122.80000305175781,-117.95000457763672,-112.95999145507812
22300,-137.95999145507812,15.59794807434082,15.55366325378418,0.999320775270462,-137.9600067138672,-139.0,12.327140808105469,-160.02000427246094,-159.0,-154.1999969482422,-146.25,-139.0,-129.75,-122.80000305175781,-117.95000457763672,-112.95999145507812
22320,-137.95999145507812,15.59707260131836,15.55162239074707,1.0029280632734299,-137.9600067138672,-139.0,12.327140808105469,-160.02000427246094,-159.0,-154.1999969482422,-146.25,-139.0,-129.75,-122.80000305175781,-117.95000457763672,-112.95999145507812
22340,-137.95999145507812,15.591930389404297,15.546526908874512,1.000575214624405,-137.9600067138672,-139.0,12.327140808105469,-160.02000427246094,-159.0,-154.1999969482422,-146.25,-139.0,-129.75,-122.80000305175781,-117.95000457763672,-112.95999145507812
22360,-137.95999145507812,15.591054916381836,15.545806884765625,0.9984683692455292,-137.9600067138672,-139.0,12.327140808105469,-160.02000427246094,-159.0,-154.1999969482422,-146.25,-139.0,-129.75,-122.80000305175781,-117.95000457763672,-112.95999145507812
22380,-137.95999145507812,15.59526252746582,15.550451278686523,0.9900978207588196,-137.9600067138672,-139.0,12.327140808105469,-160.02000427246094,-159.0,-154.1999969482422,-146.25,-139.0,-129.75,-122.80000305175781,-117.95000457763672,-112.95999145507812
22400,-137.95999145507812,15.598421096801758,15.553712844848633,0.9945546239614487,-137.9600067138672,-139.0,12.327140808105469,-160.02000427246094,-159.0,-154.1999969482422,-146.25,-139.0,-129.75,-122.80000305175781,-117.95000457763672,-112.95999145507812
22420,-137.95999145507812,15.594482421875,15.549749374389648,0.9933081269264221,-137.9600067138672,-139.0,12.327140808105469,-160.02000427246094,-159.0,-154.1999969482422,-146.25,-139.0,-129.75,-122.80000305175781,-117.95000457763672,-112.95999145507812
22440,-137.95999145507812,15.598590850830078,15.553821563720703,0.9940579831600189,-137.9600067138672,-139.0,12.327140808105469,-160.02000427246094,-159.0,-154.1999969482422,-146.25,-139.0,-129.75,-122.80000305175781,-117.95000457763672,-112.95999145507812
22460,-137.95999145507812,15.60596752166748,15.559804916381836,0.9974035024642944,-137.9600067138672,-139.0,12.327140808105469,-160.02000427246094,-159.0,-154.1999969482422,-146.25,-139.0,-129.75,-122.80000305175781,-117.95000457763672,-112.95999145507812
22480,-137.95999145507812,15.602522850036621,15.556961059570312,0.989340603351593,-137.9600067138672,-139.0,12.327140808105469,-160.02000427246094,-159.0,-154.1999969482422,-146.25,-139.0,-129.75,-122.80000305175781,-117.95000457763672,-112.95999145507812
22500,-137.95999145507812,15.601018905639648,15.555953979492188,0.9922957569360733,-137.9600067138672,-139.0,12.327140808105469,-160.02000427246094,-159.0,-154.1999969482422,-146.25,-139.0,-129.75,-122.80000305175781,-117.95000457763672,-112.95999145507812
22520,-137.95999145507812,15.601797103881836,15.555720329284668,0.9950003325939178,-137.9600067138672,-139.0,12.327140808105469,-160.02000427246094,-159.0,-154.1999969482422,-146.25,-139.0,-129.75,-122.80000305175781,-117.95000457763672,-112.95999145507812
22540,-137.95999145507812,15.597026824951172,15.552068710327148,0.9907661378383636,-137.9600067138672,-139.0,12.327140808105469,-160.02000427246094,-159.0,-154.1999969482422,-146.25,-139.0,-129.75,-122.80000305175781,-117.95000457763672,-112.95999145507812
22560,-137.95999145507812,15.592494010925293,15.547948837280273,0.9880166351795197,-137.9600067138672,-139.0,12.327140808105469,-160.02000427246094,-159.0,-154.1999969482422,-146.25,-139.0,-129.75,-122.80000305175781,-117.95000457763672,-112.95999145507812
22580,-137.95999145507812,15.592131614685059,15.547892570495605,0.9835876524448395,-137.9600067138672,-139.0,12.327140808105469,-160.02000427246094,-159.0,-154.1999969482422,-146.25,-139.0,-129.75,-122.80000305175781,-117.95000457763672,-112.95999145507812
22600,-137.95999145507812,15.602222442626953,15.557548522949219,0.9816284775733948,-137.9600067138672,-139.0,12.327140808105469,-160.02000427246094,-159.0,-154.1999969482422,-146.25,-139.0,-129.75,-122.80000305175781,-117.95000457763672,-112.95999145507812
22620,-137.95999145507812,15.60799789428711,15.56312370300293,0.9781359136104584,-137.9600067138672,-139.0,12.327140808105469,-160.02000427246094,-159.0,-154.1999969482422,-146.25,-139.0,-129.75,-122.80000305175781,-117.95000457763672,-112.95999145507812
22640,-137.95999145507812,15.61030101776123,15.565096855163574,0.9815788120031357,-137.9600067138672,-139.0,12.327140808105469,-160.02000427246094,-159.0,-154.1999969482422,-146.25,-139.0,-129.75,-122.80000305175781,-117.95000457763672,-112.95999145507812
22660,-137.95999145507812,15.613080978393555,15.5675048828125,0.9869575798511505,-137.9600067138672,-139.0,12.327140808105469,-160.02000427246094,-159.0,-154.1999969482422,-146.25,-139.0,-129.75,-122.80000305175781,-117.95000457763672,-112.95999145507812
22680,-137.95999145507812,15.618362426757812,15.57136344909668,0.9921696931123734,-137.9600067138672,-139.0,12.327140808105469,-160.02000427246094,-159.0,-154.1999969482422,-146.25,-139.0,-129.75,-122.80000305175781,-117.95000457763672,-112.95999145507812
22700,-137.95999145507812,15.624594688415527,15.578208923339844,0.9929764270782471,-137.9600067138672,-139.0,12.327140808105469,-160.02000427246094,-159.0,-154.1999969482422,-146.25,-139.0,-129.75,-122.80000305175781,-117.95000457763672,-112.95999145507812
22720,-137.95999145507812,15.62726879119873,15.581324577331543,0.988570511341095,-137.9600067138672,-139.0,12.327140808105469,-160.02000427246094,-159.0,-154.1999969482422,-146.25,-139.0,-129.75,-122.80000305175781,-117.95000457763672,-112.95999145507812
22740,-137.95999145507812,15.622354507446289,15.576582908630371,0.9903002381324768,-137.9600067138672,-139.0,12.327140808105469,-160.02000427246094,-159.0,-154.1999969482422,-146.25,-139.0,-129.75,-122.80000305175781,-117.95000457763672,-112.95999145507812
22760,-137.95999145507812,15.61758041381836,15.57287883758545,0.9859141409397125,-137.9600067138672,-139.0,12.327140808105469,-160.02000427246094,-159.0,-154.1999969482422,-146.25,-139.0,-129.75,-122.80000305175781,-117.95000457763672,-112.95999145507812
22780,-137.95999145507812,15.617898941040039,15.571929931640625,0.9914876818656921,-137.9600067138672,-139.0,12.327140808105469,-160.02000427246094,-159.0,-154.1999969482422,-146.25,-139.0,-129.75,-122.80000305175781,-117.95000457763672,-112.95999145507812
22800,-137.95999145507812,15.61179256439209,15.56723690032959,0.9871798455715179,-137.9600067138672,-139.0,12.327140808105469,-160.02000427246094,-159.0,-154.1999969482422,-146.25,-139.0,-129.75,-122.80000305175781,-117.95000457763672,-112.95999145507812
22820,-137.95999145507812,15.615058898925781,15.571767807006836,0.9831994771957397,-137.9600067138672,-139.0,12.327140808105469,-160.02000427246094,-159.0,-154.1999969482422,-146.25,-139.0,-129.75,-122.80000305175781,-117.95000457763672,-112.95999145507812
22840,-137.95999145507812,15.622098922729492,15.578845977783203,0.988259956240654,-137.9600067138672,-139.0,12.327140808105469,-160.02000427246094,-159.0,-154.1999969482422,-146.25,-139.0,-129.75,-122.80000305175781,-117.95000457763672,-112.95999145507812
22860,-137.95999145507812,15.623573303222656,15.580455780029297,0.9884390532970428,-137.9600067138672,-139.0,12.327140808105469,-160.02000427246094,-159.0,-154.1999969482422,-146.25,-139.0,-129.75,-122.80000305175781,-117.95000457763672,-112.95999145507812
22880,-137.95999145507812,15.621058464050293,15.576862335205078,0.9927884489297867,-137.9600067138672,-139.0,12.327140808105469,-160.02000427246094,-159.0,-154.1999969482422,-146.25,-139.0,-129.75,-122.80000305175781,-117.95000457763672,-112.95999145507812
22900,-137.95999145507812,15.616971969604492,15.57147216796875,0.9961100816726685,-137.9600067138672,-139.0,12.327140808105469,-160.02000427246094,-159.0,-154.1999969482422,-146.25,-139.0,-129.75,-122.80000305175781,-117.95000457763672,-112.95999145507812
22920,-137.95999145507812,15.613338470458984,15.569045066833496,0.9991387575864792,-137.9600067138672,-139.0,12.327140808105469,-160.02000427246094,-159.0,-154.1999969482422,-146.25,-139.0,-129.75,-122.80000305175781,-117.95000457763672,-112.95999145507812
22940,-137.95999145507812,15.616048812866211,15.571525573730469,1.0006000995635986,-137.9600067138672,-139.0,12.327140808105469,-160.02000427246094,-159.0,-154.1999969482422,-146.25,-139.0,-129.75,-122.80000305175781,-117.95000457763672,-112.95999145507812
22960,-137.95999145507812,15.614733695983887,15.571210861206055,1.0100478529930115,-137.9600067138672,-139.0,12.327140808105469,-160.02000427246094,-159.0,-154.1999969482422,-146.25,-139.0,-129.75,-122.80000305175781,-117.95000457763672,-112.95999145507812
22980,-137.95999145507812,15.606773376464844,15.563738822937012,1.0032033026218414,-137.9600067138672,-139.0,12.327140808105469,-160.02000427246094,-159.0,-154.1999969482422,-146.25,-139.0,-129.75,-122.80000305175781,-117.95000457763672,-112.95999145507812
23000,-137.95999145507812,15.607810020446777,15.565650939941406,0.9922713190317154,-137.9600067138672,-139.0,12.327140808105469,-160.02000427246094,-159.0,-154.1999969482422,-146.25,-139.0,-129.75,-122.80000305175781,-117.95000457763672,-112.95999145507812
23020,-137.95999145507812,15.610809326171875,15.56831169128418,0.9897267073392868,-137.9600067138672,-139.0,12.327140808105469,-160.02000427246094,-159.0,-154.1999969482422,-146.25,-139.0,-129.75,-122.80000305175781,-117.95000457763672,-112.95999145507812
23040,-137.95999145507812,15.608187675476074,15.565763473510742,0.9844030290842056,-137.9600067138672,-139.0,12.327140808105469,-160.02000427246094,-159.0,-154.1999969482422,-146.25,-139.0,-129.75,-122.80000305175781,-117.95000457763672,-112.95999145507812
23060,-137.95999145507812,15.606649398803711,15.564136505126953,0.9789332300424576,-137.9600067138672,-139.0,12.327140808105469,-160.02000427246094,-159.0,-154.1999969482422,-146.25,-139.0,-129.75,-122.80000305175781,-117.95000457763672,-112.95999145507812
23080,-137.95999145507812,15.607580184936523,15.564901351928711,0.9790149629116058,-137.9600067138672,-139.0,12.327140808105469,-160.02000427246094,-159.0,-154.1999969482422,-146.25,-139.0,-129.75,-122.80000305175781,-117.95000457763672,-112.95999145507812
23100,-137.95999145507812,15.601036071777344,15.55841064453125,0.9765789657831192,-137.9600067138672,-139.0,12.327140808105469,-160.02000427246094,-159.0,-154.1999969482422,-146.25,-139.0,-129.75,-122.80000305175781,-117.95000457763672,-112.95999145507812
23120,-137.95999145507812,15.603443145751953,15.560447692871094,0.9797251969575882,-137.9600067138672,-139.0,12.327140808105469,-160.02000427246094,-159.0,-154.1999969482422,-146.25,-139.0,-129.75,-122.80000305175781,-117.95000457763672,-112.95999145507812
23140,-137.95999145507812,15.60132122039795,15.557124137878418,0.9788850247859955,-137.9600067138672,-139.0,12.327140808105469,-160.02000427246094,-159.0,-154.1999969482422,-146.25,-139.0,-129.75,-122.80000305175781,-117.95000457763672,-112.95999145507812
23160,-137.95999145507812,15.593825340270996,15.550100326538086,0.9815458208322525,-137.9600067138672,-139.0,12.327140808105469,-160.02000427246094,-159.0,-154.1999969482422,-146.25,-139.0,-129.75,-122.80000305175781,-117.95000457763672,-112.95999145507812
23180,-137.95999145507812,15.590010643005371,15.546464920043945,0.9796415567398071,-137.9600067138672,-139.0,12.327140808105469,-160.02000427246094,-159.0,-154.1999969482422,-146.25,-139.0,-129.75,-122.80000305175781,-117.95000457763672,-112.95999145507812
23200,-137.95999145507812,15.587088584899902,15.542762756347656,0.9723812341690063,-137.9600067138672,-139.0,12.327140808105469,-160.02000427246094,-159.0,-154.1999969482422,-146.25,-139.0,-129.75,-122.80000305175781,-117.95000457763672,-112.95999145507812
23220,-137.95999145507812,15.584510803222656,15.54188060760498,0.9704446047544479,-137.9600067138672,-139.0,12.327140808105469,-160.02000427246094,-159.0,-154.1999969482422,-146.25,-139.0,-129.75,-122.80000305175781,-117.95000457763672,-112.95999145507812
23240,-137.95999145507812,15.58787727355957,15.545702934265137,0.9675500839948654,-137.9600067138672,-139.0,12.327140808105469,-160.02000427246094,-159.0,-154.1999969482422,-146.25,-139.0,-129.75,-122.80000305175781,-117.95000457763672,-112.95999145507812
23260,-137.95999145507812,15.600668907165527,15.557916641235352,0.9692269414663315,-137.9600067138672,-139.0,12.327140808105469,-160.02000427246094,-159.0,-154.1999969482422,-146.25,-139.0,-129.75,-122.80000305175781,-117.95000457763672,-112.95999145507812
23280,-137.95999145507812,15.600238800048828,15.558146476745605,0.9656485617160797,-137.9600067138672,-139.0,12.327140808105469,-160.02000427246094,-159.0,-154.1999969482422,-146.25,-139.0,-129.75,-122.80000305175781,-117.95000457763672,-112.95999145507812
23300,-137.95999145507812,15.597854614257812,15.555706024169922,0.966870903968811,-137.9600067138672,-139.0,12.327140808105469,-160.02000427246094,-159.0,-154.1999969482422,-146.25,-139.0,-129.75,-122.80000305175781,-117.95000457763672,-112.95999145507812
23320,-137.95999145507812,15.587969779968262,15.5463285446167,0.9631792902946472,-137.9600067138672,-139.0,12.327140808105469,-160.02000427246094,-159.0,-154.1999969482422,-146.25,-139.0,-129.75,-122.80000305175781,-117.95000457763672,-112.95999145507812
23340,-137.95999145507812,15.587955474853516,15.546191215515137,0.9590931832790375,-137.9600067138672,-139.0,12.327140808105469,-160.02000427246094,-159.0,-154.1999969482422,-146.25,-139.0,-129.75,-122.80000305175781,-117.95000457763672,-112.95999145507812
23360,-137.95999145507812,15.594135284423828,15.552490234375,0.9616630226373672,-137.9600067138672,-139.0,12.327140808105469,-160.02000427246094,-159.0,-154.1999969482422,-146.25,-139.0,-129.75,-122.80000305175781,-117.95000457763672,-112.95999145507812
23380,-137.95999145507812,15.590262413024902,15.548918724060059,0.9518078118562698,-137.9600067138672,-139.0,12.327140808105469,-160.02000427246094,-159.0,-154.1999969482422,-146.25,-139.0,-129.75,-122.80000305175781,-117.95000457763672,-112.95999145507812
23400,-137.95999145507812,15.58906078338623,15.548051834106445,0.9449837952852249,-137.9600067138672,-139.0,12.327140808105469,-160.02000427246094,-159.0,-154.1999969482422,-146.25,-139.0,-129.75,-122.80000305175781,-117.95000457763672,-112.95999145507812
23420,-137.95999145507812,15.596099853515625,15.554922103881836,0.949933797121048,-137.9600067138672,-139.0,12.327140808105469,-160.02000427246094,-159.0,-154.1999969482422,-146.25,-139.0,-129.75,-122.80000305175781,-117.95000457763672,-112.95999145507812
23440,-137.95999145507812,15.586797714233398,15.54554557800293,0.9527601301670074,-137.9600067138672,-139.0,12.327140808105469,-160.02000427246094,-159.0,-154.1999969482422,-146.25,-139.0,-129.75,-122.80000305175781,-117.95000457763672,-112.95999145507812
23460,-137.95999145507812,15.582536697387695,15.541601181030273,0.9549760520458221,-137.9600067138672,-139.0,12.327140808105469,-160.02000427246094,-159.0,-154.1999969482422,-146.25,-139.0,-129.75,-122.80000305175781,-117.95000457763672,-112.95999145507812
23480,-137.95999145507812,15.584512710571289,15.543597221374512,0.9476797431707382,-137.9600067138672,-139.0,12.327140808105469,-160.02000427246094,-159.0,-154.1999969482422,-146.25,-139.0,-129.75,-122.80000305175781,-117.95000457763672,-112.95999145507812
23500,-137.95999145507812,15.583778381347656,15.542529106140137,0.9498441219329834,-137.9600067138672,-139.0,12.327140808105469,-160.02000427246094,-159.0,-154.1999969482422,-146.25,-139.0,-129.75,-122.80000305175781,-117.95000457763672,-112.95999145507812
23520,-137.95999145507812,15.586443901062012,15.545093536376953,0.9516870528459549,-137.9600067138672,-139.0,12.327140808105469,-160.02000427246094,-159.0,-154.1999969482422,-146.25,-139.0,-129.75,-122.80000305175781,-117.95000457763672,-112.95999145507812
23540,-137.95999145507812,15.592267990112305,15.550410270690918,0.9553810507059097,-137.9600067138672,-139.0,12.327140808105469,-160.02000427246094,-159.0,-154.1999969482422,-146.25,-139.0,-129.75,-122.80000305175781,-117.95000457763672,-112.95999145507812
23560,-137.95999145507812,15.592986106872559,15.550498962402344,0.9549793004989624,-137.9600067138672,-139.0,12.327140808105469,-160.02000427246094,-159.0,-154.1999969482422,-146.25,-139.0,-129.75,-122.80000305175781,-117.95000457763672,-112.95999145507812
23580,-137.95999145507812,15.594850540161133,15.553500175476074,0.955590546131134,-137.9600067138672,-139.0,12.327140808105469,-160.02000427246094,-159.0,-154.1999969482422,-146.25,-139.0,-129.75,-122.80000305175781,-117.95000457763672,-112.95999145507812
23600,-137.95999145507812,15.602062225341797,15.560072898864746,0.9625842124223709,-137.9600067138672,-139.0,12.327140808105469,-160.02000427246094,-159.0,-154.1999969482422,-146.25,-139.0,-129.75,-122.80000305175781,-117.95000457763672,-112.95999145507812
23620,-137.95999145507812,15.603334426879883,15.561320304870605,0.9509771764278412,-137.9600067138672,-139.0,12.327140808105469,-160.02000427246094,-159.0,-154.1999969482422,-146.25,-139.0,-129.75,-122.80000305175781,-117.95000457763672,-112.95999145507812
23640,-137.95999145507812,15.610831260681152,15.56909465789795,0.9435113817453384,-137.9600067138672,-139.0,12.327140808105469,-160.02000427246094,-159.0,-154.1999969482422,-146.25,-139.0,-129.75,-122.80000305175781,-117.95000457763672,-112.95999145507812
23660,-137.95999145507812,15.61500358581543,15.573110580444336,0.9389339238405228,-137.9600067138672,-139.0,12.327140808105469,-160.02000427246094,-159.0,-154.1999969482422,-146.25,-139.0,-129.75,-122.80000305175781,-117.95000457763672,-112.95999145507812
23680,-137.95999145507812,15.600065231323242,15.55823802947998,0.9390949904918671,-137.9600067138672,-139.0,12.327140808105469,-160.02000427246094,-159.0,-154.1999969482422,-146.25,-139.0,-129.75,-122.80000305175781,-117.95000457763672,-112.95999145507812
23700,-137.95999145507812,15.606298446655273,15.564367294311523,0.9375111609697342,-137.9600067138672,-139.0,12.327140808105469,-160.02000427246094,-159.0,-154.1999969482422,-146.25,-139.0,-129.75,-122.80000305175781,-117.95000457763672,-112.95999145507812
23720,-137.95999145507812,15.607196807861328,15.566363334655762,0.9403219968080521,-137.9600067138672,-139.0,12.327140808105469,-160.02000427246094,-159.0,-154.1999969482422,-146.25,-139.0,-129.75,-122.80000305175781,-117.95000457763672,-112.95999145507812
23740,-137.95999145507812,15.605514526367188,15.564306259155273,0.9376325905323029,-137.9600067138672,-139.0,12.327140808105469,-160.02000427246094,-159.0,-154.1999969482422,-146.25,-139.0,-129.75,-122.80000305175781,-117.95000457763672,-112.95999145507812
23760,-137.95999145507812,15.607367515563965,15.566303253173828,0.9431867450475693,-137.9600067138672,-139.0,12.327140808105469,-160.02000427246094,-159.0,-154.1999969482422,-146.25,-139.0,-129.75,-122.80000305175781,-117.95000457763672,-112.95999145507812
23780,-137.95999145507812,15.6023588180542,15.561434745788574,0.9411160796880722,-137.9600067138672,-139.0,12.327140808105469,-160.02000427246094,-159.0,-154.1999969482422,-146.25,-139.0,-129.75,-122.80000305175781,-117.95000457763672,-112.95999145507812
23800,-137.95999145507812,15.60252571105957,15.561491012573242,0.9367682784795761,-137.9600067138672,-139.0,12.327140808105469,-160.02000427246094,-159.0,-154.1999969482422,-146.25,-139.0,-129.75,-122.80000305175781,-117.95000457763672,-112.95999145507812
23820,-137.95999145507812,15.602527618408203,15.561713218688965,0.9317637532949448,-137.9600067138672,-139.0,12.327140808105469,-160.02000427246094,-159.0,-154.1999969482422,-146.25,-139.0,-129.75,-122.80000305175781,-117.95000457763672,-112.95999145507812
23840,-137.95999145507812,15.597818374633789,15.55622673034668,0.9336725026369095,-137.9600067138672,-139.0,12.327140808105469,-160.02000427246094,-159.0,-154.1999969482422,-146.25,-139.0,-129.75,-122.80000305175781,-117.95000457763672,-112.95999145507812
23860,-137.95999145507812,15.60151481628418,15.560636520385742,0.9378676563501358,-137.9600067138672,-139.0,12.327140808105469,-160.02000427246094,-159.0,-154.1999969482422,-146.25,-139.0,-129.75,-122.80000305175781,-117.95000457763672,-112.95999145507812
23880,-137.95999145507812,15.603968620300293,15.563666343688965,0.9382700324058533,-137.9600067138672,-139.0,12.327140808105469,-160.02000427246094,-159.0,-154.1999969482422,-146.25,-139.0,-129.75,-122.80000305175781,-117.95000457763672,-112.95999145507812
23900,-137.95999145507812,15.606086730957031,15.565797805786133,0.9347099363803864,-137.9600067138672,-139.0,12.327140808105469,-160.02000427246094,-159.0,-154.1999969482422,-146.25,-139.0,-129.75,-122.80000305175781,-117.95000457763672,-112.95999145507812
23920,-137.95999145507812,15.598541259765625,15.55909252166748,0.9321567118167877,-137.9600067138672,-139.0,12.327140808105469,-160.02000427246094,-159.0,-154.1999969482422,-146.25,-139.0,-129.75,-122.80000305175781,-117.95000457763672,-112.95999145507812
23940,-137.95999145507812,15.603303909301758,15.564017295837402,0.9260674715042114,-137.9600067138672,-139.0,12.327140808105469,-160.02000427246094,-159.0,-154.1999969482422,-146.25,-139.0,-129.75,-122.80000305175781,-117.95000457763672,-112.95999145507812
23960,-137.95999145507812,15.603483200073242,15.56358528137207,0.931823119521141,-137.9600067138672,-139.0,12.327140808105469,-160.02000427246094,-159.0,-154.1999969482422,-146.25,-139.0,-129.75,-122.80000305175781,-117.95000457763672,-112.95999145507812
23980,-137.95999145507812,15.605993270874023,15.566076278686523,0.9294134080410004,-137.9600067138672,-139.0,12.327140808105469,-160.02000427246094,-159.0,-154.1999969482422,-146.25,-139.0,-129.75,-122.80000305175781,-117.95000457763672,-112.95999145507812
24000,-137.95999145507812,15.60178279876709,15.56196403503418,0.9271712452173233,-137.9600067138672,-139.0,12.327140808105469,-160.02000427246094,-159.0,-154.1999969482422,-146.25,-139.0,-129.75,-122.80000305175781,-117.95000457763672,-112.95999145507812
24020,-137.95999145507812,15.599120140075684,15.559489250183105,0.9283336848020554,-137.9600067138672,-139.0,12.327140808105469,-160.02000427246094,-159.0,-154.1999969482422,-146.25,-139.0,-129.75,-122.80000305175781,-117.95000457763672,-112.95999145507812
24040,-137.95999145507812,15.598442077636719,15.558637619018555,0.9276705235242844,-137.9600067138672,-139.0,12.327140808105469,-160.02000427246094,-159.0,-154.1999969482422,-146.25,-139.0,-129.75,-122.80000305175781,-117.95000457763672,-112.95999145507812
24060,-137.95999145507812,15.596282958984375,15.557319641113281,0.9250752627849579,-137.9600067138672,-139.0,12.327140808105469,-160.02000427246094,-159.0,-154.1999969482422,-146.25,-139.0,-129.75,-122.80000305175781,-117.95000457763672,-112.95999145507812
24080,-137.95999145507812,15.593745231628418,15.554194450378418,0.9306078553199768,-137.9600067138672,-139.0,12.327140808105469,-160.02000427246094,-159.0,-154.1999969482422,-146.25,-139.0,-129.75,-122.80000305175781,-117.95000457763672,-112.95999145507812
24100,-137.95999145507812,15.577737808227539,15.538827896118164,0.9292294085025787,-137.9600067138672,-139.0,12.327140808105469,-160.02000427246094,-159.0,-154.1999969482422,-146.25,-139.0,-129.75,-122.80000305175781,-117.95000457763672,-112.95999145507812
24120,-137.95999145507812,15.574362754821777,15.53521728515625,0.9316546618938446,-137.9600067138672,-139.0,12.327140808105469,-160.02000427246094,-159.0,-154.1999969482422,-146.25,-139.0,-129.75,-122.80000305175781,-117.95000457763672,-112.95999145507812
24140,-137.95999145507812,15.586490631103516,15.547111511230469,0.924428254365921,-137.9600067138672,-139.0,12.327140808105469,-160.02000427246094,-159.0,-154.1999969482422,-146.25,-139.0,-129.75,-122.80000305175781,-117.95000457763672,-112.95999145507812
24160,-137.95999145507812,15.574939727783203,15.53493881225586,0.9308432638645172,-137.9600067138672,-139.0,12.327140808105469,-160.02000427246094,-159.0,-154.1999969482422,-146.25,-139.0,-129.75,-122.80000305175781,-117.95000457763672,-112.95999145507812
24180,-137.95999145507812,15.56906509399414,15.529836654663086,0.928835391998291,-137.9600067138672,-139.0,12.327140808105469,-160.02000427246094,-159.0,-154.1999969482422,-146.25,-139.0,-129.75,-122.80000305175781,-117.95000457763672,-112.95999145507812
24200,-137.95999145507812,15.574286460876465,15.535502433776855,0.9168640226125717,-137.9600067138672,-139.0,12.327140808105469,-160.02000427246094,-159.0,-154.1999969482422,-146.25,-139.0,-129.75,-122.80000305175781,-117.95000457763672,-112.95999145507812
24220,-137.95999145507812,15.57291316986084,15.53425407409668,0.9113919585943222,-137.9600067138672,-139.0,12.327140808105469,-160.02000427246094,-159.0,-154.1999969482422,-146.25,-139.0,-129.75,-122.80000305175781,-117.95000457763672,-112.95999145507812
24240,-137.95999145507812,15.578615188598633,15.538714408874512,0.9164877533912659,-137.9600067138672,-139.0,12.327140808105469,-160.02000427246094,-159.0,-154.1999969482422,-146.25,-139.0,-129.75,-122.80000305175781,-117.95000457763672,-112.95999145507812
24260,-137.95999145507812,15.578356742858887,15.539009094238281,0.9089504033327103,-137.9600067138672,-139.0,12.327140808105469,-160.02000427246094,-159.0,-154.1999969482422,-146.25,-139.0,-129.75,-122.80000305175781,-117.95000457763672,-112.95999145507812
24280,-137.95999145507812,15.575804710388184,15.535430908203125,0.9202192425727844,-137.9600067138672,-139.0,12.327140808105469,-160.02000427246094,-159.0,-154.1999969482422,-146.25,-139.0,-129.75,-122.80000305175781,-117.95000457763672,-112.95999145507812
24300,-137.95999145507812,15.573915481567383,15.533468246459961,0.9233986139297485,-137.9600067138672,-139.0,12.327140808105469,-160.02000427246094,-159.0,-154.1999969482422,-146.25,-139.0,-129.75,-122.80000305175781,-117.95000457763672,-112.95999145507812
24320,-137.95999145507812,15.579376220703125,15.538359642028809,0.9151225686073303,-137.9600067138672,-139.0,12.327140808105469,-160.02000427246094,-159.0,-154.1999969482422,-146.25,-139.0,-129.75,-122.80000305175781,-117.95000457763672,-112.95999145507812
24340,-137.95999145507812,15.573195457458496,15.531450271606445,0.917334258556366,-137.9600067138672,-139.0,12.327140808105469,-160.02000427246094,-159.0,-154.1999969482422,-146.25,-139.0,-129.75,-122.80000305175781,-117.95000457763672,-112.95999145507812
24360,-137.95999145507812,15.585081100463867,15.544042587280273,0.9181753993034363,-137.9600067138672,-139.0,12.327140808105469,-160.02000427246094,-159.0,-154.1999969482422,-146.25,-139.0,-129.75,-122.80000305175781,-117.95000457763672,-112.95999145507812
24380,-137.95999145507812,15.584506034851074,15.543521881103516,0.9183552712202072,-137.9600067138672,-139.0,12.327140808105469,-160.02000427246094,-159.0,-154.1999969482422,-146.25,-139.0,-129.75,-122.80000305175781,-117.95000457763672,-112.95999145507812
24400,-137.95999145507812,15.591377258300781,15.550768852233887,0.9150608032941818,-137.9600067138672,-139.0,12.327140808105469,-160.02000427246094,-159.0,-154.1999969482422,-146.25,-139.0,-129.75,-122.80000305175781,-117.95000457763672,-112.95999145507812
24420,-137.95999145507812,15.595293045043945,15.554952621459961,0.9101386964321136,-137.9600067138672,-139.0,12.327140808105469,-160.02000427246094,-159.0,-154.1999969482422,-146.25,-139.0,-129.75,-122.80000305175781,-117.95000457763672,-112.95999145507812
24440,-137.95999145507812,15.595992088317871,15.555244445800781,0.9097467064857483,-137.9600067138672,-139.0,12.327140808105469,-160.02000427246094,-159.0,-154.1999969482422,-146.25,-139.0,-129.75,-122.80000305175781,-117.95000457763672,-112.95999145507812
24460,-137.95999145507812,15.603930473327637,15.563652038574219,0.9107351005077362,-137.9600067138672,-139.0,12.327140808105469,-160.02000427246094,-159.0,-154.1999969482422,-146.25,-139.0,-129.75,-122.80000305175781,-117.95000457763672,-112.95999145507812
24480,-137.95999145507812,15.605199813842773,15.564851760864258,0.9091968685388565,-137.9600067138672,-139.0,12.327140808105469,-160.02000427246094,-159.0,-154.1999969482422,-146.25,-139.0,-129.75,-122.80000305175781,-117.95000457763672,-112.95999145507812
24500,-137.95999145507812,15.605022430419922,15.564016342163086,0.912954106926918,-137.9600067138672,-139.0,12.327140808105469,-160.02000427246094,-159.0,-154.1999969482422,-146.25,-139.0,-129.75,-122.80000305175781,-117.95000457763672,-112.95999145507812
24520,-137.95999145507812,15.602995872497559,15.562978744506836,0.9145027101039886,-137.9600067138672,-139.0,12.327140808105469,-160.02000427246094,-159.0,-154.1999969482422,-146.25,-139.0,-129.75,-122.80000305175781,-117.95000457763672,-112.95999145507812
24540,-137.95999145507812,15.60407829284668,15.56375789642334,0.9209817349910736,-137.9600067138672,-139.0,12.327140808105469,-160.02000427246094,-159.0,-154.1999969482422,-146.25,-139.0,-129.75,-122.80000305175781,-117.95000457763672,-112.95999145507812
24560,-137.95999145507812,15.602523803710938,15.562698364257812,0.923595204949379,-137.9600067138672,-139.0,12.327140808105469,-160.02000427246094,-159.0,-154.1999969482422,-146.25,-139.0,-129.75,-122.80000305175781,-117.95000457763672,-112.95999145507812
24580,-137.95999145507812,15.607521057128906,15.567937850952148,0.9251607358455658,-137.9600067138672,-139.0,12.327140808105469,-160.02000427246094,-159.0,-154.1999969482422,-146.25,-139.0,-129.75,-122.80000305175781,-117.95000457763672,-112.95999145507812
24600,-137.95999145507812,15.616576194763184,15.577632904052734,0.9205735325813293,-137.9600067138672,-139.0,12.327140808105469,-160.02000427246094,-159.0,-154.1999969482422,-146.25,-139.0,-129.75,-122.80000305175781,-117.95000457763672,-112.95999145507812
24620,-137.95999145507812,15.612998962402344,15.574060440063477,0.9210540354251862,-137.9600067138672,-139.0,12.327140808105469,-160.02000427246094,-159.0,-154.1999969482422,-146.25,-139.0,-129.75,-122.80000305175781,-117.95000457763672,-112.95999145507812
24640,-137.95999145507812,15.61058235168457,15.571271896362305,0.9249563217163086,-137.9600067138672,-139.0,12.327140808105469,-160.02000427246094,-159.0,-154.1999969482422,-146.25,-139.0,-129.75,-122.80000305175781,-117.95000457763672,-112.95999145507812
24660,-137.95999145507812,15.612825393676758,15.573625564575195,0.9246204495429993,-137.9600067138672,-139.0,12.327140808105469,-160.02000427246094,-159.0,-154.1999969482422,-146.25,-139.0,-129.75,-122.80000305175781,-117.95000457763672,-112.95999145507812
24680,-137.95999145507812,15.618850708007812,15.580238342285156,0.9195779412984848,-137.9600067138672,-139.0,12.327140808105469,-160.02000427246094,-159.0,-154.1999969482422,-146.25,-139.0,-129.75,-122.80000305175781,-117.95000457763672,-112.95999145507812
24700,-137.95999145507812,15.61164379119873,15.573176383972168,0.9191587865352631,-137.9600067138672,-139.0,12.327140808105469,-160.02000427246094,-159.0,-154.1999969482422,-146.25,-139.0,-129.75,-122.80000305175781,-117.95000457763672,-112.95999145507812
24720,-137.95999145507812,15.607061386108398,15.568868637084961,0.9172392338514328,-137.9600067138672,-139.0,12.327140808105469,-160.02000427246094,-159.0,-154.1999969482422,-146.25,-139.0,-129.75,-122.80000305175781,-117.95000457763672,-112.95999145507812
24740,-137.95999145507812,15.595502853393555,15.5568265914917,0.9205049723386765,-137.9600067138672,-139.0,12.327140808105469,-160.02000427246094,-159.0,-154.1999969482422,-146.25,-139.0,-129.75,-122.80000305175781,-117.95000457763672,-112.95999145507812
24760,-137.95999145507812,15.5962553024292,15.55744743347168,0.9205261617898941,-137.9600067138672,-139.0,12.327140808105469,-160.02000427246094,-159.0,-154.1999969482422,-146.25,-139.0,-129.75,-122.80000305175781,-117.95000457763672,-112.95999145507812
24780,-137.95999145507812,15.599441528320312,15.560450553894043,0.9196572601795197,-137.9600067138672,-139.0,12.327140808105469,-160.02000427246094,-159.0,-154.1999969482422,-146.25,-139.0,-129.75,-122.80000305175781,-117.95000457763672,-112.95999145507812
24800,-137.95999145507812,15.603819847106934,15.565215110778809,0.9140974581241608,-137.9600067138672,-139.0,12.327140808105469,-160.02000427246094,-159.0,-154.1999969482422,-146.25,-139.0,-129.75,-122.80000305175781,-117.95000457763672,-112.95999145507812
24820,-137.95999145507812,15.608996391296387,15.570428848266602,0.9122913777828217,-137.9600067138672,-139.0,12.327140808105469,-160.02000427246094,-159.0,-154.1999969482422,-146.25,-139.0,-129.75,-122.80000305175781,-117.95000457763672,-112.95999145507812
24840,-137.95999145507812,15.604022026062012,15.565752983093262,0.9187158942222595,-137.9600067138672,-139.0,12.327140808105469,-160.02000427246094,-159.0,-154.1999969482422,-146.25,-139.0,-129.75,-122.80000305175781,-117.95000457763672,-112.95999145507812
24860,-137.95999145507812,15.608160972595215,15.57004451751709,0.9184688776731491,-137.9600067138672,-139.0,12.327140808105469,-160.02000427246094,-159.0,-154.1999969482422,-146.25,-139.0,-129.75,-122.80000305175781,-117.95000457763672,-112.95999145507812
24880,-137.95999145507812,15.604154586791992,15.56574535369873,0.9129213392734528,-137.9600067138672,-139.0,12.327140808105469,-160.02000427246094,-159.0,-154.1999969482422,-146.25,-139.0,-129.75,-122.80000305175781,-117.95000457763672,-112.95999145507812
24900,-137.95999145507812,15.605396270751953,15.566436767578125,0.9231506735086441,-137.9600067138672,-139.0,12.327140808105469,-160.02000427246094,-159.0,-154.1999969482422,-146.25,-139.0,-129.75,-122.80000305175781,-117.95000457763672,-112.95999145507812
24920,-137.95999145507812,15.623733520507812,15.584699630737305,0.9284729957580566,-137.9600067138672,-139.0,12.327140808105469,-160.02000427246094,-159.0,-154.1999969482422,-146.25,-139.0,-129.75,-122.80000305175781,-117.95000457763672,-112.95999145507812
24940,-137.95999145507812,15.628409385681152,15.589617729187012,0.9297652840614319,-137.9600067138672,-139.0,12.327140808105469,-160.02000427246094,-159.0,-154.1999969482422,-146.25,-139.0,-129.75,-122.80000305175781,-117.95000457763672,-112.95999145507812
24960,-137.95999145507812,15.637140274047852,15.599390983581543,0.9248271882534027,-137.9600067138672,-139.0,12.327140808105469,-160.02000427246094,-159.0,-154.1999969482422,-146.25,-139.0,-129.75,-122.80000305175781,-117.95000457763672,-112.95999145507812
24980,-137.95999145507812,15.63101577758789,15.592875480651855,0.9267434775829315,-137.9600067138672,-139.0,12.327140808105469,-160.02000427246094,-159.0,-154.1999969482422,-146.25,-139.0,-129.75,-122.80000305175781,-117.95000457763672,-112.95999145507812
25000,-137.95999145507812,15.625839233398438,15.587550163269043,0.9226196706295013,-137.9600067138672,-139.0,12.327140808105469,-160.02000427246094,-159.0,-154.1999969482422,-146.25,-139.0,-129.75,-122.80000305175781,-117.95000457763672,-112.95999145507812
25020,-137.95999145507812,15.624662399291992,15.586748123168945,0.9236300438642502,-137.9600067138672,-139.0,12.327140808105469,-160.02000427246094,-159.0,-154.1999969482422,-146.25,-139.0,-129.75,-122.80000305175781,-117.95000457763672,-112.95999145507812
25040,-137.95999145507812,15.616084098815918,15.578791618347168,0.9239481091499329,-137.9600067138672,-139.0,12.327140808105469,-160.02000427246094,-159.0,-154.1999969482422,-146.25,-139.0,-129.75,-122.80000305175781,-117.95000457763672,-112.95999145507812
25060,-137.95999145507812,15.62002182006836,15.58242416381836,0.9179054349660873,-137.9600067138672,-139.0,12.327140808105469,-160.02000427246094,-159.0,-154.1999969482422,-146.25,-139.0,-129.75,-122.80000305175781,-117.95000457763672,-112.95999145507812
25080,-137.95999145507812,15.622289657592773,15.585101127624512,0.9116833508014679,-137.9600067138672,-139.0,12.327140808105469,-160.02000427246094,-159.0,-154.1999969482422,-146.25,-139.0,-129.75,-122.80000305175781,-117.95000457763672,-112.95999145507812
25100,-137.95999145507812,15.633386611938477,15.595634460449219,0.9101597517728806,-137.9600067138672,-139.0,12.327140808105469,-160.02000427246094,-159.0,-154.1999969482422,-146.25,-139.0,-129.75,-122.80000305175781,-117.95000457763672,-112.95999145507812
25120,-137.95999145507812,15.633430480957031,15.596309661865234,0.9092301577329636,-137.9600067138672,-139.0,12.327140808105469,-160.02000427246094,-159.0,-154.1999969482422,-146.25,-139.0,-129.75,-122.80000305175781,-117.95000457763672,-112.95999145507812
25140,-137.95999145507812,15.631954193115234,15.594301223754883,0.9100176244974136,-137.9600067138672,-139.0,12.327140808105469,-160.02000427246094,-159.0,-154.1999969482422,-146.25,-139.0,-129.75,-122.80000305175781,-117.95000457763672,-112.95999145507812
25160,-137.95999145507812,15.636160850524902,15.598158836364746,0.9140174388885498,-137.9600067138672,-139.0,12.327140808105469,-160.02000427246094,-159.0,-154.1999969482422,-146.25,-139.0,-129.75,-122.80000305175781,-117.95000457763672,-112.95999145507812
25180,-137.95999145507812,15.636905670166016,15.599467277526855,0.9134535491466522,-137.9600067138672,-139.0,12.327140808105469,-160.02000427246094,-159.0,-154.1999969482422,-146.25,-139.0,-129.75,-122.80000305175781,-117.95000457763672,-112.95999145507812
25200,-137.95999145507812,15.640863418579102,15.604087829589844,0.9079248756170273,-137.9600067138672,-139.0,12.327140808105469,-160.02000427246094,-159.0,-154.1999969482422,-146.25,-139.0,-129.75,-122.80000305175781,-117.95000457763672,-112.95999145507812
25220,-137.95999145507812,15.638771057128906,15.60127067565918,0.9087581038475037,-137.9600067138672,-139.0,12.327140808105469,-160.02000427246094,-159.0,-154.1999969482422,-146.25,-139.0,-129.75,-122.80000305175781,-117.95000457763672,-112.95999145507812
25240,-137.95999145507812,15.637519836425781,15.600269317626953,0.9120809137821198,-137.9600067138672,-139.0,12.327140808105469,-160.02000427246094,-159.0,-154.1999969482422,-146.25,-139.0,-129.75,-122.80000305175781,-117.95000457763672,-112.95999145507812
25260,-137.95999145507812,15.645594596862793,15.6084623336792,0.908548429608345,-137.9600067138672,-139.0,12.327140808105469,-160.02000427246094,-159.0,-154.1999969482422,-146.25,-139.0,-129.75,-122.80000305175781,-117.95000457763672,-112.95999145507812
25280,-137.95999145507812,15.645805358886719,15.609121322631836,0.9010753482580185,-137.9600067138672,-139.0,12.327140808105469,-160.02000427246094,-159.0,-154.1999969482422,-146.25,-139.0,-129.75,-122.80000305175781,-117.95000457763672,-112.95999145507812
25300,-137.95999145507812,15.643447875976562,15.606505393981934,0.9018995761871338,-137.9600067138672,-139.0,12.327140808105469,-160.02000427246094,-159.0,-154.1999969482422,-146.25,-139.0,-129.75,-122.80000305175781,-117.95000457763672,-112.95999145507812
25320,-137.95999145507812,15.64518928527832,15.608675956726074,0.9030196070671082,-137.9600067138672,-139.0,12.327140808105469,-160.02000427246094,-159.0,-154.1999969482422,-146.25,-139.0,-129.75,-122.80000305175781,-117.95000457763672,-112.95999145507812
25340,-137.95999145507812,15.65299129486084,15.617103576660156,0.8969086557626724,-137.9600067138672,-139.0,12.327140808105469,-160.02000427246094,-159.0,-154.1999969482422,-146.25,-139.0,-129.75,-122.80000305175781,-117.95000457763672,-112.95999145507812
25360,-137.95999145507812,15.64498519897461,15.609282493591309,0.8886313289403915,-137.9600067138672,-139.0,12.327140808105469,-160.02000427246094,-159.0,-154.1999969482422,-146.25,-139.0,-129.75,-122.80000305175781,-117.95000457763672,-112.95999145507812
25380,-137.95999145507812,15.648421287536621,15.612265586853027,0.8925392776727676,-137.9600067138672,-139.0,12.327140808105469,-160.02000427246094,-159.0,-154.1999969482422,-146.25,-139.0,-129.75,-122.80000305175781,-117.95000457763672,-112.95999145507812
25400,-137.95999145507812,15.645069122314453,15.60816478729248,0.8936617821455002,-137.9600067138672,-139.0,12.327140808105469,-160.02000427246094,-159.0,-154.1999969482422,-146.25,-139.0,-129.75,-122.80000305175781,-117.95000457763672,-112.95999145507812
25420,-137.95999145507812,15.648649215698242,15.612277030944824,0.8931694626808167,-137.9600067138672,-139.0,12.327140808105469,-160.02000427246094,-159.0,-154.1999969482422,-146.25,-139.0,-129.75,-122.80000305175781,-117.95000457763672,-112.95999145507812
25440,-137.95999145507812,15.641998291015625,15.606021881103516,0.8871912211179733,-137.9600067138672,-139.0,12.327140808105469,-160.02000427246094,-159.0,-154.1999969482422,-146.25,-139.0,-129.75,-122.80000305175781,-117.95000457763672,-112.95999145507812
25460,-137.95999145507812,15.63947582244873,15.603190422058105,0.890386626124382,-137.9600067138672,-139.0,12.327140808105469,-160.02000427246094,-159.0,-154.1999969482422,-146.25,-139.0,-129.75,-122.80000305175781,-117.95000457763672,-112.95999145507812
25480,-137.95999145507812,15.641239166259766,15.60389518737793,0.8902033865451813,-137.9600067138672,-139.0,12.327140808105469,-160.02000427246094,-159.0,-154.1999969482422,-146.25,-139.0,-129.75,-122.80000305175781,-117.95000457763672,-112.95999145507812
25500,-137.95999145507812,15.638908386230469,15.600406646728516,0.8942107409238815,-137.9600067138672,-139.0,12.327140808105469,-160.02000427246094,-159.0,-154.1999969482422,-146.25,-139.0,-129.75,-122.80000305175781,-117.95000457763672,-112.95999145507812
25520,-137.95999145507812,15.639581680297852,15.601343154907227,0.891483798623085,-137.9600067138672,-139.0,12.327140808105469,-160.02000427246094,-159.0,-154.1999969482422,-146.25,-139.0,-129.75,-122.80000305175781,-117.95000457763672,-112.95999145507812
25540,-137.95999145507812,15.634815216064453,15.595611572265625,0.8891564011573792,-137.9600067138672,-139.0,12.327140808105469,-160.02000427246094,-159.0,-154.1999969482422,-146.25,-139.0,-129.75,-122.80000305175781,-117.95000457763672,-112.95999145507812
25560,-137.95999145507812,15.640547752380371,15.602073669433594,0.8869301825761795,-137.9600067138672,-139.0,12.327140808105469,-160.02000427246094,-159.0,-154.1999969482422,-146.25,-139.0,-129.75,-122.80000305175781,-117.95000457763672,-112.95999145507812
25580,-137.95999145507812,15.647884368896484,15.610113143920898,0.8825950473546982,-137.9600067138672,-139.0,12.327140808105469,-160.02000427246094,-159.0,-154.1999969482422,-146.25,-139.0,-129.75,-122.80000305175781,-117.95000457763672,-112.95999145507812
25600,-137.95999145507812,15.649080276489258,15.611940383911133,0.8786606341600418,-137.9600067138672,-139.0,12.327140808105469,-160.02000427246094,-159.0,-154.1999969482422,-146.25,-139.0,-129.75,-122.80000305175781,-117.95000457763672,-112.95999145507812
25620,-137.95999145507812,15.645167350769043,15.608245849609375,0.8760636746883392,-137.9600067138672,-139.0,12.327140808105469,-160.02000427246094,-159.0,-154.1999969482422,-146.25,-139.0,-129.75,-122.80000305175781,-117.95000457763672,-112.95999145507812
25640,-137.95999145507812,15.649272918701172,15.611437797546387,0.8740319907665253,-137.9600067138672,-139.0,12.327140808105469,-160.02000427246094,-159.0,-154.1999969482422,-146.25,-139.0,-129.75,-122.80000305175781,-117.95000457763672,-112.95999145507812
25660,-137.95999145507812,15.647220611572266,15.609573364257812,0.8703517466783524,-137.9600067138672,-139.0,12.327140808105469,-160.02000427246094,-159.0,-154.1999969482422,-146.25,-139.0,-129.75,-122.80000305175781,-117.95000457763672,-112.95999145507812
25680,-137.95999145507812,15.647516250610352,15.609903335571289,0.8753931224346161,-137.9600067138672,-139.0,12.327140808105469,-160.02000427246094,-159.0,-154.1999969482422,-146.25,-139.0,-129.75,-122.80000305175781,-117.95000457763672,-112.95999145507812
25700,-137.95999145507812,15.643240928649902,15.606674194335938,0.8729326725006104,-137.9600067138672,-139.0,12.327140808105469,-160.02000427246094,-159.0,-154.1999969482422,-146.25,-139.0,-129.75,-122.80000305175781,-117.95000457763672,-112.95999145507812
25720,-137.95999145507812,15.642359733581543,15.605613708496094,0.8755111694335938,-137.9600067138672,-139.0,12.327140808105469,-160.02000427246094,-159.0,-154.1999969482422,-146.25,-139.0,-129.75,-122.80000305175781,-117.95000457763672,-112.95999145507812
25740,-137.95999145507812,15.641879081726074,15.605113983154297,0.8775980770587921,-137.9600067138672,-139.0,12.327140808105469,-160.02000427246094,-159.0,-154.1999969482422,-146.25,-139.0,-129.75,-122.80000305175781,-117.95000457763672,-112.95999145507812
25760,-137.95999145507812,15.643362045288086,15.606300354003906,0.8755258768796921,-137.9600067138672,-139.0,12.327140808105469,-160.02000427246094,-159.0,-154.1999969482422,-146.25,-139.0,-129.75,-122.80000305175781,-117.95000457763672,-112.95999145507812
25780,-137.95999145507812,15.644208908081055,15.607994079589844,0.8713738471269608,-137.9600067138672,-139.0,12.327140808105469,-160.02000427246094,-159.0,-154.1999969482422,-146.25,-139.0,-129.75,-122.80000305175781,-117.95000457763672,-112.95999145507812
25800,-137.95999145507812,15.648275375366211,15.612054824829102,0.8786143511533737,-137.9600067138672,-139.0,12.327140808105469,-160.02000427246094,-159.0,-154.1999969482422,-146.25,-139.0,-129.75,-122.80000305175781,-117.95000457763672,-112.95999145507812
25820,-137.95999145507812,15.64951229095459,15.613791465759277,0.8765791654586792,-137.9600067138672,-139.0,12.327140808105469,-160.02000427246094,-159.0,-154.1999969482422,-146.25,-139.0,-129.75,-122.80000305175781,-117.95000457763672,-112.95999145507812
25840,-137.95999145507812,15.655364990234375,15.61950969696045,0.8734380006790161,-137.9600067138672,-139.0,12.327140808105469,-160.02000427246094,-159.0,-154.1999969482422,-146.25,-139.0,-129.75,-122.80000305175781,-117.95000457763672,-112.95999145507812
25860,-137.95999145507812,15.651156425476074,15.61536693572998,0.8797558844089508,-137.9600067138672,-139.0,12.327140808105469,-160.02000427246094,-159.0,-154.1999969482422,-146.25,-139.0,-129.75,-122.80000305175781,-117.95000457763672,-112.95999145507812
25880,-137.95999145507812,15.651244163513184,15.61561107635498,0.8778166323900223,-137.9600067138672,-139.0,12.327140808105469,-160.02000427246094,-159.0,-154.1999969482422,-146.25,-139.0,-129.75,-122.80000305175781,-117.95000457763672,-112.95999145507812
25900,-137.95999145507812,15.651690483093262,15.615900039672852,0.8767884224653244,-137.9600067138672,-139.0,12.327140808105469,-160.02000427246094,-159.0,-154.1999969482422,-146.25,-139.0,-129.75,-122.80000305175781,-117.95000457763672,-112.95999145507812
25920,-137.95999145507812,15.651226043701172,15.615774154663086,0.8747389614582062,-137.9600067138672,-139.0,12.327140808105469,-160.02000427246094,-159.0,-154.1999969482422,-146.25,-139.0,-129.75,-122.80000305175781,-117.95000457763672,-112.95999145507812
25940,-137.95999145507812,15.653125762939453,15.617465019226074,0.8746204525232315,-137.9600067138672,-139.0,12.327140808105469,-160.02000427246094,-159.0,-154.1999969482422,-146.25,-139.0,-129.75,-122.80000305175781,-117.95000457763672,-112.95999145507812
25960,-137.95999145507812,15.659090995788574,15.623191833496094,0.8734129667282104,-137.9600067138672,-139.0,12.327140808105469,-160.02000427246094,-159.0,-154.1999969482422,-146.25,-139.0,-129.75,-122.80000305175781,-117.95000457763672,-112.95999145507812
25980,-137.95999145507812,15.656271934509277,15.620715141296387,0.8689605295658112,-137.9600067138672,-139.0,12.327140808105469,-160.02000427246094,-159.0,-154.1999969482422,-146.25,-139.0,-129.75,-122.80000305175781,-117.95000457763672,-112.95999145507812
26000,-137.95999145507812,15.656344413757324,15.620482444763184,0.8660055994987488,-137.9600067138672,-139.0,12.327140808105469,-160.02000427246094,-159.0,-154.1999969482422,-146.25,-139.0,-129.75,-122.80000305175781,-117.95000457763672,-112.95999145507812
26020,-137.95999145507812,15.664724349975586,15.628924369812012,0.8637882024049759,-137.9600067138672,-139.0,12.327140808105469,-160.02000427246094,-159.0,-154.1999969482422,-146.25,-139.0,-129.75,-122.80000305175781,-117.95000457763672,-112.95999145507812
26040,-137.95999145507812,15.670501708984375,15.634765625,0.8636584579944611,-137.9600067138672,-139.0,12.327140808105469,-160.02000427246094,-159.0,-154.1999969482422,-146.25,-139.0,-129.75,-122.80000305175781,-117.95000457763672,-112.95999145507812
26060,-137.95999145507812,15.671792984008789,15.635534286499023,0.8714875876903534,-137.9600067138672,-139.0,12.327140808105469,-160.02000427246094,-159.0,-154.1999969482422,-146.25,-139.0,-129.75,-122.80000305175781,-117.95000457763672,-112.95999145507812
26080,-137.95999145507812,15.673320770263672,15.636150360107422,0.8723052442073822,-137.9600067138672,-139.0,12.327140808105469,-160.02000427246094,-159.0,-154.1999969482422,-146.25,-139.0,-129.75,-122.80000305175781,-117.95000457763672,-112.95999145507812
26100,-137.95999145507812,15.678943634033203,15.641825675964355,0.8681094497442245,-137.9600067138672,-139.0,12.327140808105469,-160.02000427246094,-159.0,-154.1999969482422,-146.25,-139.0,-129.75,-122.80000305175781,-117.95000457763672,-112.95999145507812
26120,-137.95999145507812,15.677157402038574,15.640380859375,0.8645760715007782,-137.9600067138672,-139.0,12.327140808105469,-160.02000427246094,-159.0,-154.1999969482422,-146.25,-139.0,-129.75,-122.80000305175781,-117.95000457763672,-112.95999145507812
26140,-137.95999145507812,15.677298545837402,15.64069938659668,0.8592049926519394,-137.9600067138672,-139.0,12.327140808105469,-160.02000427246094,-159.0,-154.1999969482422,-146.25,-139.0,-129.75,-122.80000305175781,-117.95000457763672,-112.95999145507812
26160,-137.95999145507812,15.67667293548584,15.640594482421875,0.8600199073553085,-137.9600067138672,-139.0,12.327140808105469,-160.02000427246094,-159.0,-154.1999969482422,-146.25,-139.0,-129.75,-122.80000305175781,-117.95000457763672,-112.95999145507812
26180,-137.95999145507812,15.672815322875977,15.636393547058105,0.8645260483026505,-137.9600067138672,-139.0,12.327140808105469,-160.02000427246094,-159.0,-154.1999969482422,-146.25,-139.0,-129.75,-122.80000305175781,-117.95000457763672,-112.95999145507812
26200,-137.95999145507812,15.667670249938965,15.630569458007812,0.8588860780000687,-137.9600067138672,-139.0,12.327140808105469,-160.02000427246094,-159.0,-154.1999969482422,-146.25,-139.0,-129.75,-122.80000305175781,-117.95000457763672,-112.95999145507812
26220,-137.95999145507812,15.66437816619873,15.627944946289062,0.8500002920627594,-137.9600067138672,-139.0,12.327140808105469,-160.02000427246094,-159.0,-154.1999969482422,-146.25,-139.0,-129.75,-122.80000305175781,-117.95000457763672,-112.95999145507812
26240,-137.95999145507812,15.662586212158203,15.626054763793945,0.8565683960914612,-137.9600067138672,-139.0,12.327140808105469,-160.02000427246094,-159.0,-154.1999969482422,-146.25,-139.0,-129.75,-122.80000305175781,-117.95000457763672,-112.95999145507812
26260,-137.95999145507812,15.665105819702148,15.627875328063965,0.8608342558145523,-137.9600067138672,-139.0,12.327140808105469,-160.02000427246094,-159.0,-154.1999969482422,-146.25,-139.0,-129.75,-122.80000305175781,-117.95000457763672,-112.95999145507812
26280,-137.95999145507812,15.657306671142578,15.620725631713867,0.8622251898050308,-137.9600067138672,-139.0,12.327140808105469,-160.02000427246094,-159.0,-154.1999969482422,-146.25,-139.0,-129.75,-122.80000305175781,-117.95000457763672,-112.95999145507812
26300,-137.95999145507812,15.655935287475586,15.619287490844727,0.8614733070135117,-137.9600067138672,-139.0,12.327140808105469,-160.02000427246094,-159.0,-154.1999969482422,-146.25,-139.0,-129.75,-122.80000305175781,-117.95000457763672,-112.95999145507812
26320,-137.95999145507812,15.657670974731445,15.621378898620605,0.8621398359537125,-137.9600067138672,-139.0,12.327140808105469,-160.02000427246094,-159.0,-154.1999969482422,-146.25,-139.0,-129.75,-122.80000305175781,-117.95000457763672,-112.95999145507812
26340,-137.95999145507812,15.65494155883789,15.618986129760742,0.8532175868749619,-137.9600067138672,-139.0,12.327140808105469,-160.02000427246094,-159.0,-154.1999969482422,-146.25,-139.0,-129.75,-122.80000305175781,-117.95000457763672,-112.95999145507812
26360,-137.95999145507812,15.651891708374023,15.616267204284668,0.8479495942592621,-137.9600067138672,-139.0,12.327140808105469,-160.02000427246094,-159.0,-154.1999969482422,-146.25,-139.0,-129.75,-122.80000305175781,-117.95000457763672,-112.95999145507812
26380,-137.95999145507812,15.643462181091309,15.607778549194336,0.8492497205734253,-137.9600067138672,-139.0,12.327140808105469,-160.02000427246094,-159.0,-154.1999969482422,-146.25,-139.0,-129.75,-122.80000305175781,-117.95000457763672,-112.95999145507812
26400,-137.95999145507812,15.643716812133789,15.608180046081543,0.8536638915538788,-137.9600067138672,-139.0,12.327140808105469,-160.02000427246094,-159.0,-154.1999969482422,-146.25,-139.0,-129.75,-122.80000305175781,-117.95000457763672,-112.95999145507812
26420,-137.95999145507812,15.638091087341309,15.602309226989746,0.8535000532865524,-137.9600067138672,-139.0,12.327140808105469,-160.02000427246094,-159.0,-154.1999969482422,-146.25,-139.0,-129.75,-122.80000305175781,-117.95000457763672,-112.95999145507812
26440,-137.95999145507812,15.635074615478516,15.600614547729492,0.8509393036365509,-137.9600067138672,-139.0,12.327140808105469,-160.02000427246094,-159.0,-154.1999969482422,-146.25,-139.0,-129.75,-122.80000305175781,-117.95000457763672,-112.95999145507812
26460,-137.95999145507812,15.633696556091309,15.599164962768555,0.8559016436338425,-137.9600067138672,-139.0,12.327140808105469,-160.02000427246094,-159.0,-154.1999969482422,-146.25,-139.0,-129.75,-122.80000305175781,-117.95000457763672,-112.95999145507812
26480,-137.95999145507812,15.635604858398438,15.601221084594727,0.854438990354538,-137.9600067138672,-139.0,12.327140808105469,-160.02000427246094,-159.0,-154.1999969482422,-146.25,-139.0,-129.75,-122.80000305175781,-117.95000457763672,-112.95999145507812
26500,-137.95999145507812,15.642801284790039,15.608920097351074,0.8526653796434402,-137.9600067138672,-139.0,12.327140808105469,-160.02000427246094,-159.0,-154.1999969482422,-146.25,-139.0,-129.75,-122.80000305175781,-117.95000457763672,-112.95999145507812
26520,-137.95999145507812,15.648470878601074,15.614500045776367,0.8535254448652267,-137.9600067138672,-139.0,12.327140808105469,-160.02000427246094,-159.0,-154.1999969482422,-146.25,-139.0,-129.75,-122.80000305175781,-117.95000457763672,-112.95999145507812
26540,-137.95999145507812,15.642088890075684,15.607915878295898,0.8520281761884689,-137.9600067138672,-139.0,12.327140808105469,-160.02000427246094,-159.0,-154.1999969482422,-146.25,-139.0,-129.75,-122.80000305175781,-117.95000457763672,-112.95999145507812
26560,-137.95999145507812,15.643717765808105,15.609400749206543,0.854336678981781,-137.9600067138672,-139.0,12.327140808105469,-160.02000427246094,-159.0,-154.1999969482422,-146.25,-139.0,-129.75,-122.80000305175781,-117.95000457763672,-112.95999145507812
26580,-137.95999145507812,15.649809837341309,15.61572551727295,0.8520047217607498,-137.9600067138672,-139.0,12.327140808105469,-160.02000427246094,-159.0,-154.1999969482422,-146.25,-139.0,-129.75,-122.80000305175781,-117.95000457763672,-112.95999145507812
26600,-137.95999145507812,15.64863395690918,15.61463737487793,0.8496715724468231,-137.9600067138672,-139.0,12.327140808105469,-160.02000427246094,-159.0,-154.1999969482422,-146.25,-139.0,-129.75,-122.80000305175781,-117.95000457763672,-112.95999145507812
26620,-137.95999145507812,15.660871505737305,15.626742362976074,0.8512371629476547,-137.9600067138672,-139.0,12.327140808105469,-160.02000427246094,-159.0,-154.1999969482422,-146.25,-139.0,-129.75,-122.80000305175781,-117.95000457763672,-112.95999145507812
26640,-137.95999145507812,15.658851623535156,15.624635696411133,0.8522509634494781,-137.9600067138672,-139.0,12.327140808105469,-160.02000427246094,-159.0,-154.1999969482422,-146.25,-139.0,-129.75,-122.80000305175781,-117.95000457763672,-112.95999145507812
26660,-137.95999145507812,15.65715217590332,15.62314510345459,0.8540104627609253,-137.9600067138672,-139.0,12.327140808105469,-160.02000427246094,-159.0,-154.1999969482422,-146.25,-139.0,-129.75,-122.80000305175781,-117.95000457763672,-112.95999145507812
26680,-137.95999145507812,15.658576011657715,15.624773979187012,0.8543723970651627,-137.9600067138672,-139.0,12.327140808105469,-160.02000427246094,-159.0,-154.1999969482422,-146.25,-139.0,-129.75,-122.80000305175781,-117.95000457763672,-112.95999145507812
26700,-137.95999145507812,15.659494400024414,15.625944137573242,0.8519066423177719,-137.9600067138672,-139.0,12.327140808105469,-160.02000427246094,-159.0,-154.1999969482422,-146.25,-139.0,-129.75,-122.80000305175781,-117.95000457763672,-112.95999145507812
26720,-137.95999145507812,15.65510082244873,15.621129989624023,0.8564964085817337,-137.9600067138672,-139.0,12.327140808105469,-160.02000427246094,-159.0,-154.1999969482422,-146.25,-139.0,-129.75,-122.80000305175781,-117.95000457763672,-112.95999145507812
26740,-137.95999145507812,15.661745071411133,15.628061294555664,0.8527180254459381,-137.9600067138672,-139.0,12.327140808105469,-160.02000427246094,-159.0,-154.1999969482422,-146.25,-139.0,-129.75,-122.80000305175781,-117.95000457763672,-112.95999145507812
26760,-137.95999145507812,15.658584594726562,15.624725341796875,0.8528362810611725,-137.9600067138672,-139.0,12.327140808105469,-160.02000427246094,-159.0,-154.1999969482422,-146.25,-139.0,-129.75,-122.80000305175781,-117.95000457763672,-112.95999145507812
26780,-137.95999145507812,15.664989471435547,15.631335258483887,0.8542086482048035,-137.9600067138672,-139.0,12.327140808105469,-160.02000427246094,-159.0,-154.1999969482422,-146.25,-139.0,-129.75,-122.80000305175781,-117.95000457763672,-112.95999145507812
26800,-137.95999145507812,15.669485092163086,15.636192321777344,0.8504905998706818,-137.9600067138672,-139.0,12.327140808105469,-160.02000427246094,-159.0,-154.1999969482422,-146.25,-139.0,-129.75,-122.80000305175781,-117.95000457763672,-112.95999145507812
26820,-137.95999145507812,15.670123100280762,15.636711120605469,0.8565302640199661,-137.9600067138672,-139.0,12.327140808105469,-160.02000427246094,-159.0,-154.1999969482422,-146.25,-139.0,-129.75,-122.80000305175781,-117.95000457763672,-112.95999145507812
26840,-137.95999145507812,15.669939041137695,15.6365966796875,0.8552705645561218,-137.9600067138672,-139.0,12.327140808105469,-160.02000427246094,-159.0,-154.1999969482422,-146.25,-139.0,-129.75,-122.80000305175781,-117.95000457763672,-112.95999145507812
26860,-137.95999145507812,15.667875289916992,15.633132934570312,0.8637682646512985,-137.9600067138672,-139.0,12.327140808105469,-160.02000427246094,-159.0,-154.1999969482422,-146.25,-139.0,-129.75,-122.80000305175781,-117.95000457763672,-112.95999145507812
26880,-137.95999145507812,15.675508499145508,15.641258239746094,0.859714537858963,-137.9600067138672,-139.0,12.327140808105469,-160.02000427246094,-159.0,-154.1999969482422,-146.25,-139.0,-129.75,-122.80000305175781,-117.95000457763672,-112.95999145507812
26900,-137.95999145507812,15.674579620361328,15.641070365905762,0.8518753796815872,-137.9600067138672,-139.0,12.327140808105469,-160.02000427246094,-159.0,-154.1999969482422,-146.25,-139.0,-129.75,-122.80000305175781,-117.95000457763672,-112.95999145507812
26920,-137.95999145507812,15.680181503295898,15.647016525268555,0.8547717332839966,-137.9600067138672,-139.0,12.327140808105469,-160.02000427246094,-159.0,-154.1999969482422,-146.25,-139.0,-129.75,-122.80000305175781,-117.95000457763672,-112.95999145507812
26940,-137.95999145507812,15.685542106628418,15.652857780456543,0.8574595004320145,-137.9600067138672,-139.0,12.327140808105469,-160.02000427246094,-159.0,-154.1999969482422,-146.25,-139.0,-129.75,-122.80000305175781,-117.95000457763672,-112.95999145507812
26960,-137.95999145507812,15.684946060180664,15.652061462402344,0.8558657765388489,-137.9600067138672,-139.0,12.327140808105469,-160.02000427246094,-159.0,-154.1999969482422,-146.25,-139.0,-129.75,-122.80000305175781,-117.95000457763672,-112.95999145507812
26980,-137.95999145507812,15.681483268737793,15.648244857788086,0.8564624339342117,-137.9600067138672,-139.0,12.327140808105469,-160.02000427246094,-159.0,-154.1999969482422,-146.25,-139.0,-129.75,-122.80000305175781,-117.95000457763672,-112.95999145507812
27000,-137.95999145507812,15.688216209411621,15.655340194702148,0.8472992032766342,-137.9600067138672,-139.0,12.327140808105469,-160.02000427246094,-159.0,-154.1999969482422,-146.25,-139.0,-129.75,-122.80000305175781,-117.95000457763672,-112.95999145507812
27020,-137.95999145507812,15.678213119506836,15.644891738891602,0.8476610332727432,-137.9600067138672,-139.0,12.327140808105469,-160.02000427246094,-159.0,-154.1999969482422,-146.25,-139.0,-129.75,-122.80000305175781,-117.95000457763672,-112.95999145507812
27040,-137.95999145507812,15.684234619140625,15.65102767944336,0.8429356217384338,-137.9600067138672,-139.0,12.327140808105469,-160.02000427246094,-159.0,-154.1999969482422,-146.25,-139.0,-129.75,-122.80000305175781,-117.95000457763672,-112.95999145507812
27060,-137.95999145507812,15.700568199157715,15.66762924194336,0.8433150947093964,-137.9600067138672,-139.0,12.327140808105469,-160.02000427246094,-159.0,-154.1999969482422,-146.25,-139.0,-129.75,-122.80000305175781,-117.95000457763672,-112.95999145507812
27080,-137.95999145507812,15.690532684326172,15.657766342163086,0.8378953486680984,-137.9600067138672,-139.0,12.327140808105469,-160.02000427246094,-159.0,-154.1999969482422,-146.25,-139.0,-129.75,-122.80000305175781,-117.95000457763672,-112.95999145507812
27100,-137.95999145507812,15.689056396484375,15.65661907196045,0.8375329524278641,-137.9600067138672,-139.0,12.327140808105469,-160.02000427246094,-159.0,-154.1999969482422,-146.25,-139.0,-129.75,-122.80000305175781,-117.95000457763672,-112.95999145507812
27120,-137.95999145507812,15.685503005981445,15.652812004089355,0.8385120183229446,-137.9600067138672,-139.0,12.327140808105469,-160.02000427246094,-159.0,-154.1999969482422,-146.25,-139.0,-129.75,-122.80000305175781,-117.95000457763672,-112.95999145507812
27140,-137.95999145507812,15.692465782165527,15.659744262695312,0.8396796435117722,-137.9600067138672,-139.0,12.327140808105469,-160.02000427246094,-159.0,-154.1999969482422,-146.25,-139.0,-129.75,-122.80000305175781,-117.95000457763672,-112.95999145507812
27160,-137.95999145507812,15.692992210388184,15.659696578979492,0.8482000976800919,-137.9600067138672,-139.0,12.327140808105469,-160.02000427246094,-159.0,-154.1999969482422,-146.25,-139.0,-129.75,-122.80000305175781,-117.95000457763672,-112.95999145507812
27180,-137.95999145507812,15.695369720458984,15.662276268005371,0.8481558263301849,-137.9600067138672,-139.0,12.327140808105469,-160.02000427246094,-159.0,-154.1999969482422,-146.25,-139.0,-129.75,-122.80000305175781,-117.95000457763672,-112.95999145507812
27200,-137.95999145507812,15.698386192321777,15.665205001831055,0.8472473919391632,-137.9600067138672,-139.0,12.327140808105469,-160.02000427246094,-159.0,-154.1999969482422,-146.25,-139.0,-129.75,-122.80000305175781,-117.95000457763672,-112.95999145507812
27220,-137.95999145507812,15.704741477966309,15.671778678894043,0.8437572121620178,-137.9600067138672,-139.0,12.327140808105469,-160.02000427246094,-159.0,-154.1999969482422,-146.25,-139.0,-129.75,-122.80000305175781,-117.95000457763672,-112.95999145507812
27240,-137.95999145507812,15.703851699829102,15.671103477478027,0.8431731462478638,-137.9600067138672,-139.0,12.327140808105469,-160.02000427246094,-159.0,-154.1999969482422,-146.25,-139.0,-129.75,-122.80000305175781,-117.95000457763672,-112.95999145507812
27260,-137.95999145507812,15.702947616577148,15.669795036315918,0.8463275134563446,-137.9600067138672,-139.0,12.327140808105469,-160.02000427246094,-159.0,-154.1999969482422,-146.25,-139.0,-129.75,-122.80000305175781,-117.95000457763672,-112.95999145507812
27280,-137.95999145507812,15.707923889160156,15.674802780151367,0.8463144302368164,-137.9600067138672,-139.0,12.327140808105469,-160.02000427246094,-159.0,-154.1999969482422,-146.25,-139.0,-129.75,-122.80000305175781,-117.95000457763672,-112.95999145507812
27300,-137.95999145507812,15.701132774353027,15.66853141784668,0.8387670665979385,-137.9600067138672,-139.0,12.327140808105469,-160.02000427246094,-159.0,-154.1999969482422,-146.25,-139.0,-129.75,-122.80000305175781,-117.95000457763672,-112.95999145507812
27320,-137.95999145507812,15.707698822021484,15.674736022949219,0.8435967713594437,-137.9600067138672,-139.0,12.327140808105469,-160.02000427246094,-159.0,-154.1999969482422,-146.25,-139.0,-129.75,-122.80000305175781,-117.95000457763672,-112.95999145507812
27340,-137.95999145507812,15.714232444763184,15.681657791137695,0.840726837515831,-137.9600067138672,-139.0,12.327140808105469,-160.02000427246094,-159.0,-154.1999969482422,-146.25,-139.0,-129.75,-122.80000305175781,-117.95000457763672,-112.95999145507812
27360,-137.95999145507812,15.714274406433105,15.681760787963867,0.8407076001167297,-137.9600067138672,-139.0,12.327140808105469,-160.02000427246094,-159.0,-154.1999969482422,-146.25,-139.0,-129.75,-122.80000305175781,-117.95000457763672,-112.95999145507812
27380,-137.95999145507812,15.708159446716309,15.675239562988281,0.8410483300685883,-137.9600067138672,-139.0,12.327140808105469,-160.02000427246094,-159.0,-154.1999969482422,-146.25,-139.0,-129.75,-122.80000305175781,-117.95000457763672,-112.95999145507812
27400,-137.95999145507812,15.711669921875,15.678600311279297,0.8421463370323181,-137.9600067138672,-139.0,12.327140808105469,-160.02000427246094,-159.0,-154.1999969482422,-146.25,-139.0,-129.75,-122.80000305175781,-117.95000457763672,-112.95999145507812
27420,-137.95999145507812,15.710226058959961,15.677421569824219,0.8365193754434586,-137.9600067138672,-139.0,12.327140808105469,-160.02000427246094,-159.0,-154.1999969482422,-146.25,-139.0,-129.75,-122.80000305175781,-117.95000457763672,-112.95999145507812
27440,-137.95999145507812,15.706717491149902,15.674341201782227,0.8370457887649536,-137.9600067138672,-139.0,12.327140808105469,-160.02000427246094,-159.0,-154.1999969482422,-146.25,-139.0,-129.75,-122.80000305175781,-117.95000457763672,-112.95999145507812
27460,-137.95999145507812,15.710348129272461,15.677451133728027,0.8370621353387833,-137.9600067138672,-139.0,12.327140808105469,-160.02000427246094,-159.0,-154.1999969482422,-146.25,-139.0,-129.75,-122.80000305175781,-117.95000457763672,-112.95999145507812
27480,-137.95999145507812,15.716829299926758,15.684123992919922,0.8338722884654999,-137.9600067138672,-139.0,12.327140808105469,-160.02000427246094,-159.0,-154.1999969482422,-146.25,-139.0,-129.75,-122.80000305175781,-117.95000457763672,-112.95999145507812
27500,-137.95999145507812,15.715181350708008,15.682401657104492,0.8337989896535873,-137.9600067138672,-139.0,12.327140808105469,-160.02000427246094,-159.0,-154.1999969482422,-146.25,-139.0,-129.75,-122.80000305175781,-117.95000457763672,-112.95999145507812
27520,-137.95999145507812,15.711048126220703,15.678581237792969,0.8353839814662933,-137.9600067138672,-139.0,12.327140808105469,-160.02000427246094,-159.0,-154.1999969482422,-146.25,-139.0,-129.75,-122.80000305175781,-117.95000457763672,-112.95999145507812
27540,-137.95999145507812,15.708852767944336,15.676084518432617,0.8370123356580734,-137.9600067138672,-139.0,12.327140808105469,-160.02000427246094,-159.0,-154.1999969482422,-146.25,-139.0,-129.75,-122.80000305175781,-117.95000457763672,-112.95999145507812
27560,-137.95999145507812,15.703842163085938,15.670753479003906,0.8330936580896378,-137.9600067138672,-139.0,12.327140808105469,-160.02000427246094,-159.0,-154.1999969482422,-146.25,-139.0,-129.75,-122.80000305175781,-117.95000457763672,-112.95999145507812
27580,-137.95999145507812,15.700301170349121,15.667274475097656,0.8290767073631287,-137.9600067138672,-139.0,12.327140808105469,-160.02000427246094,-159.0,-154.1999969482422,-146.25,-139.0,-129.75,-122.80000305175781,-117.95000457763672,-112.95999145507812
27600,-137.95999145507812,15.696250915527344,15.663668632507324,0.8256442993879318,-137.9600067138672,-139.0,12.327140808105469,-160.02000427246094,-159.0,-154.1999969482422,-146.25,-139.0,-129.75,-122.80000305175781,-117.95000457763672,-112.95999145507812
27620,-137.95999145507812,15.706435203552246,15.67380428314209,0.8225658088922501,-137.9600067138672,-139.0,12.327140808105469,-160.02000427246094,-159.0,-154.1999969482422,-146.25,-139.0,-129.75,-122.80000305175781,-117.95000457763672,-112.95999145507812
27640,-137.95999145507812,15.706993103027344,15.67401123046875,0.8229314088821411,-137.9600067138672,-139.0,12.327140808105469,-160.02000427246094,-159.0,-154.1999969482422,-146.25,-139.0,-129.75,-122.80000305175781,-117.95000457763672,-112.95999145507812
27660,-138.0399932861328,15.7036771774292,15.670584678649902,0.8243256211280823,-138.0399932861328,-139.0,12.190094947814941,-160.02000427246094,-159.0,-154.1999969482422,-146.25,-139.0,-129.75,-122.80000305175781,-118.95000457763672,-112.95999145507812
27680,-138.0399932861328,15.699294090270996,15.666067123413086,0.824176475405693,-138.0399932861328,-139.0,12.190094947814941,-160.02000427246094,-159.0,-154.1999969482422,-146.25,-139.0,-129.75,-122.80000305175781,-118.95000457763672,-112.95999145507812
27700,-138.0399932861328,15.70514965057373,15.672767639160156,0.821484848856926,-138.0399932861328,-139.0,12.190094947814941,-160.02000427246094,-159.0,-154.1999969482422,-146.25,-139.0,-129.75,-122.80000305175781,-118.95000457763672,-112.95999145507812
27720,-138.0399932861328,15.699014663696289,15.666410446166992,0.8238908797502518,-138.0399932861328,-139.0,12.190094947814941,-160.02000427246094,-159.0,-154.1999969482422,-146.25,-139.0,-129.75,-122.80000305175781,-118.95000457763672,-112.95999145507812
27740,-138.0399932861328,15.711679458618164,15.679244995117188,0.8197054415941238,-138.0399932861328,-139.0,12.190094947814941,-160.02000427246094,-159.0,-154.1999969482422,-146.25,-139.0,-129.75,-122.80000305175781,-118.95000457763672,-112.95999145507812
27760,-138.0399932861328,15.706923484802246,15.674293518066406,0.8197498470544815,-138.0399932861328,-139.0,12.190094947814941,-160.02000427246094,-159.0,-154.1999969482422,-146.25,-139.0,-129.75,-122.80000305175781,-118.95000457763672,-112.95999145507812
27780,-138.0399932861328,15.706694602966309,15.674071311950684,0.8202526420354843,-138.0399932861328,-139.0,12.190094947814941,-160.02000427246094,-159.0,-154.1999969482422,-146.25,-139.0,-129.75,-122.80000305175781,-118.95000457763672,-112.95999145507812
27800,-138.0399932861328,15.70783805847168,15.675016403198242,0.8208682090044022,-138.0399932861328,-139.0,12.190094947814941,-160.02000427246094,-159.0,-154.1999969482422,-146.25,-139.0,-129.75,-122.80000305175781,-118.95000457763672,-112.95999145507812
27820,-138.0399932861328,15.71451473236084,15.681861877441406,0.8187271952629089,-138.0399932861328,-139.0,12.190094947814941,-160.02000427246094,-159.0,-154.1999969482422,-146.25,-139.0,-129.75,-122.80000305175781,-118.95000457763672,-112.95999145507812
27840,-138.0399932861328,15.713006973266602,15.680621147155762,0.8208804726600647,-138.0399932861328,-139.0,12.190094947814941,-160.02000427246094,-159.0,-154.1999969482422,-146.25,-139.0,-129.75,-122.80000305175781,-118.95000457763672,-112.95999145507812
27860,-138.0399932861328,15.709490776062012,15.676924705505371,0.8152165561914444,-138.0399932861328,-139.0,12.190094947814941,-160.02000427246094,-159.0,-154.1999969482422,-146.25,-139.0,-129.75,-122.80000305175781,-118.95000457763672,-112.95999145507812
27880,-138.0399932861328,15.717394828796387,15.685127258300781,0.8151069432497025,-138.0399932861328,-139.0,12.190094947814941,-160.02000427246094,-159.0,-154.1999969482422,-146.25,-139.0,-129.75,-122.80000305175781,-118.95000457763672,-112.95999145507812
27900,-138.0399932861328,15.723459243774414,15.690803527832031,0.8194533586502075,-138.0399932861328,-139.0,12.190094947814941,-160.02000427246094,-159.0,-154.1999969482422,-146.25,-139.0,-129.75,-122.80000305175781,-118.95000457763672,-112.95999145507812
27920,-138.0399932861328,15.723921775817871,15.691768646240234,0.8131927400827408,-138.0399932861328,-139.0,12.190094947814941,-160.02000427246094,-159.0,-154.1999969482422,-146.25,-139.0,-129.75,-122.80000305175781,-118.95000457763672,-112.95999145507812
27940,-138.0399932861328,15.723670959472656,15.691744804382324,0.8162079304456711,-138.0399932861328,-139.0,12.190094947814941,-160.02000427246094,-159.0,-154.1999969482422,-146.25,-139.0,-129.75,-122.80000305175781,-118.95000457763672,-112.95999145507812
27960,-138.0399932861328,15.722212791442871,15.690458297729492,0.8159360140562057,-138.0399932861328,-139.0,12.190094947814941,-160.02000427246094,-159.0,-154.1999969482422,-146.25,-139.0,-129.75,-122.80000305175781,-118.95000457763672,-112.95999145507812
27980,-138.0399932861328,15.727519035339355,15.695834159851074,0.8214933425188065,-138.0399932861328,-139.0,12.190094947814941,-160.02000427246094,-159.0,-154.1999969482422,-146.25,-139.0,-129.75,-122.80000305175781,-118.95000457763672,-112.95999145507812
28000,-138.0399932861328,15.72275447845459,15.691486358642578,0.820564478635788,-138.0399932861328,-139.0,12.190094947814941,-160.02000427246094,-159.0,-154.1999969482422,-146.25,-139.0,-129.75,-122.80000305175781,-118.95000457763672,-112.95999145507812
28020,-138.0399932861328,15.717680931091309,15.686120986938477,0.8191348910331726,-138.0399932861328,-139.0,12.190094947814941,-160.02000427246094,-159.0,-154.1999969482422,-146.25,-139.0,-129.75,-122.80000305175781,-118.95000457763672,-112.95999145507812
28040,-138.0399932861328,15.719088554382324,15.688028335571289,0.8195715546607971,-138.0399932861328,-139.0,12.190094947814941,-160.02000427246094,-159.0,-154.1999969482422,-146.25,-139.0,-129.75,-122.80000305175781,-118.95000457763672,-112.95999145507812
28060,-138.0399932861328,15.720474243164062,15.689410209655762,0.818727046251297,-138.0399932861328,-139.0,12.190094947814941,-160.02000427246094,-159.0,-154.1999969482422,-146.25,-139.0,-129.75,-122.80000305175781,-118.95000457763672,-112.95999145507812
28080,-138.0399932861328,15.720352172851562,15.689102172851562,0.8164262622594833,-138.0399932861328,-139.0,12.190094947814941,-160.02000427246094,-159.0,-154.1999969482422,-146.25,-139.0,-129.75,-122.80000305175781,-118.95000457763672,-112.95999145507812
28100,-138.0399932861328,15.718794822692871,15.687895774841309,0.8153607696294785,-138.0399932861328,-139.0,12.190094947814941,-160.02000427246094,-159.0,-154.1999969482422,-146.25,-139.0,-129.75,-122.80000305175781,-118.95000457763672,-112.95999145507812
28120,-138.0399932861328,15.709856986999512,15.67840576171875,0.8183091878890991,-138.0399932861328,-139.0,12.190094947814941,-160.02000427246094,-159.0,-154.1999969482422,-146.25,-139.0,-129.75,-122.80000305175781,-118.95000457763672,-112.95999145507812
28140,-138.0399932861328,15.714357376098633,15.681963920593262,0.8251351118087769,-138.0399932861328,-139.0,12.190094947814941,-160.02000427246094,-159.0,-154.1999969482422,-146.25,-139.0,-129.75,-122.80000305175781,-118.95000457763672,-112.95999145507812
28160,-138.0399932861328,15.721548080444336,15.689531326293945,0.8189712017774582,-138.0399932861328,-139.0,12.190094947814941,-160.02000427246094,-159.0,-154.1999969482422,-146.25,-139.0,-129.75,-122.80000305175781,-118.95000457763672,-112.95999145507812
28180,-138.0399932861328,15.724523544311523,15.692625045776367,0.8176413327455521,-138.0399932861328,-139.0,12.190094947814941,-160.02000427246094,-159.0,-154.1999969482422,-146.25,-139.0,-129.75,-122.80000305175781,-118.95000457763672,-112.95999145507812
28200,-138.0399932861328,15.721912384033203,15.690611839294434,0.8158515244722366,-138.0399932861328,-139.0,12.190094947814941,-160.02000427246094,-159.0,-154.1999969482422,-146.25,-139.0,-129.75,-122.80000305175781,-118.95000457763672,-112.95999145507812
28220,-138.0399932861328,15.72452449798584,15.692378044128418,0.8160919547080994,-138.0399932861328,-139.0,12.190094947814941,-160.02000427246094,-159.0,-154.1999969482422,-146.25,-139.0,-129.75,-122.80000305175781,-118.95000457763672,-112.95999145507812
28240,-138.0399932861328,15.725687980651855,15.69385051727295,0.8154251575469971,-138.0399932861328,-139.0,12.190094947814941,-160.02000427246094,-159.0,-154.1999969482422,-146.25,-139.0,-129.75,-122.80000305175781,-118.95000457763672,-112.95999145507812
28260,-138.0399932861328,15.721761703491211,15.689916610717773,0.8096027225255966,-138.0399932861328,-139.0,12.190094947814941,-160.02000427246094,-159.0,-154.1999969482422,-146.25,-139.0,-129.75,-122.80000305175781,-118.95000457763672,-112.95999145507812
28280,-138.0399932861328,15.720703125,15.689265251159668,0.8078090101480484,-138.0399932861328,-139.0,12.190094947814941,-160.02000427246094,-159.0,-154.1999969482422,-146.25,-139.0,-129.75,-122.80000305175781,-118.95000457763672,-112.95999145507812
28300,-138.0399932861328,15.72304916381836,15.692068099975586,0.8105980902910233,-138.0399932861328,-139.0,12.190094947814941,-160.02000427246094,-159.0,-154.1999969482422,-146.25,-139.0,-129.75,-122.80000305175781,-118.95000457763672,-112.95999145507812
28320,-138.0399932861328,15.716689109802246,15.686050415039062,0.8128270357847214,-138.0399932861328,-139.0,12.190094947814941,-160.02000427246094,-159.0,-154.1999969482422,-146.25,-139.0,-129.75,-122.80000305175781,-118.95000457763672,-112.95999145507812
28340,-138.0399932861328,15.712182998657227,15.681375503540039,0.8152443319559097,-138.0399932861328,-139.0,12.190094947814941,-160.02000427246094,-159.0,-154.1999969482422,-146.25,-139.0,-129.75,-122.80000305175781,-118.95000457763672,-112.95999145507812
28360,-138.0399932861328,15.718088150024414,15.686742782592773,0.8185924887657166,-138.0399932861328,-139.0,12.190094947814941,-160.02000427246094,-159.0,-154.1999969482422,-146.25,-139.0,-129.75,-122.80000305175781,-118.95000457763672,-112.95999145507812
28380,-138.0399932861328,15.712088584899902,15.680442810058594,0.8206278532743454,-138.0399932861328,-139.0,12.190094947814941,-160.02000427246094,-159.0,-154.1999969482422,-146.25,-139.0,-129.75,-122.80000305175781,-118.95000457763672,-112.95999145507812
28400,-138.0399932861328,15.70751953125,15.675410270690918,0.8154650032520294,-138.0399932861328,-139.0,12.190094947814941,-160.02000427246094,-159.0,-154.1999969482422,-146.25,-139.0,-129.75,-122.80000305175781,-118.95000457763672,-112.95999145507812
28420,-138.0399932861328,15.707710266113281,15.6761474609375,0.8103178888559341,-138.0399932861328,-139.0,12.190094947814941,-160.02000427246094,-159.0,-154.1999969482422,-146.25,-139.0,-129.75,-122.80000305175781,-118.95000457763672,-112.95999145507812
28440,-138.0399932861328,15.708436965942383,15.677188873291016,0.8061374127864838,-138.0399932861328,-139.0,12.190094947814941,-160.02000427246094,-159.0,-154.1999969482422,-146.25,-139.0,-129.75,-122.80000305175781,-118.95000457763672,-112.95999145507812
28460,-138.0399932861328,15.715021133422852,15.683978080749512,0.803228348493576,-138.0399932861328,-139.0,12.190094947814941,-160.02000427246094,-159.0,-154.1999969482422,-146.25,-139.0,-129.75,-122.80000305175781,-118.95000457763672,-112.95999145507812
28480,-138.0399932861328,15.717571258544922,15.686697006225586,0.8025691509246826,-138.0399932861328,-139.0,12.190094947814941,-160.02000427246094,-159.0,-154.1999969482422,-146.25,-139.0,-129.75,-122.80000305175781,-118.95000457763672,-112.95999145507812
28500,-138.0399932861328,15.7167387008667,15.68610668182373,0.794840931892395,-138.0399932861328,-139.0,12.190094947814941,-160.02000427246094,-159.0,-154.1999969482422,-146.25,-139.0,-129.75,-122.80000305175781,-118.95000457763672,-112.95999145507812
28520,-138.0399932861328,15.71728515625,15.686803817749023,0.792952299118042,-138.0399932861328,-139.0,12.190094947814941,-160.02000427246094,-159.0,-154.1999969482422,-146.25,-139.0,-129.75,-122.80000305175781,-118.95000457763672,-112.95999145507812
28540,-138.0399932861328,15.717042922973633,15.686141967773438,0.7941679358482361,-138.0399932861328,-139.0,12.190094947814941,-160.02000427246094,-159.0,-154.1999969482422,-146.25,-139.0,-129.75,-122.80000305175781,-118.95000457763672,-112.95999145507812
28560,-138.0399932861328,15.721071243286133,15.690448760986328,0.7950126528739929,-138.0399932861328,-139.0,12.190094947814941,-160.02000427246094,-159.0,-154.1999969482422,-146.25,-139.0,-129.75,-122.80000305175781,-118.95000457763672,-112.95999145507812
28580,-138.0399932861328,15.730401992797852,15.69970703125,0.8001657724380493,-138.0399932861328,-139.0,12.190094947814941,-160.02000427246094,-159.0,-154.1999969482422,-146.25,-139.0,-129.75,-122.80000305175781,-118.95000457763672,-112.95999145507812
28600,-138.0399932861328,15.734293937683105,15.703704833984375,0.7981989979743958,-138.0399932861328,-139.0,12.190094947814941,-160.02000427246094,-159.0,-154.1999969482422,-146.25,-139.0,-129.75,-122.80000305175781,-118.95000457763672,-112.95999145507812
28620,-138.0399932861328,15.72973918914795,15.699186325073242,0.7988207787275314,-138.0399932861328,-139.0,12.190094947814941,-160.02000427246094,-159.0,-154.1999969482422,-146.25,-139.0,-129.75,-122.80000305175781,-118.95000457763672,-112.95999145507812
28640,-138.0399932861328,15.735941886901855,15.705337524414062,0.7980139702558517,-138.0399932861328,-139.0,12.190094947814941,-160.02000427246094,-159.0,-154.1999969482422,-146.25,-139.0,-129.75,-122.80000305175781,-118.95000457763672,-112.95999145507812
28660,-138.0399932861328,15.73434066772461,15.703901290893555,0.7973252385854721,-138.0399932861328,-139.0,12.190094947814941,-160.02000427246094,-159.0,-154.1999969482422,-146.25,-139.0,-129.75,-122.80000305175781,-118.95000457763672,-112.95999145507812
28680,-138.0399932861328,15.73129940032959,15.700851440429688,0.7994549721479416,-138.0399932861328,-139.0,12.190094947814941,-160.02000427246094,-159.0,-154.1999969482422,-146.25,-139.0,-129.75,-122.80000305175781,-118.95000457763672,-112.95999145507812
28700,-138.0399932861328,15.728293418884277,15.69770336151123,0.7966323345899582,-138.0399932861328,-139.0,12.190094947814941,-160.02000427246094,-159.0,-154.1999969482422,-146.25,-139.0,-129.75,-122.80000305175781,-118.95000457763672,-112.95999145507812
28720,-138.0399932861328,15.73123550415039,15.69990348815918,0.799989253282547,-138.0399932861328,-139.0,12.190094947814941,-160.02000427246094,-159.0,-154.1999969482422,-146.25,-139.0,-129.75,-122.80000305175781,-118.95000457763672,-112.95999145507812
28740,-138.0399932861328,15.73470687866211,15.703962326049805,0.7967670857906342,-138.0399932861328,-139.0,12.190094947814941,-160.02000427246094,-159.0,-154.1999969482422,-146.25,-139.0,-129.75,-122.80000305175781,-118.95000457763672,-112.95999145507812
28760,-138.0399932861328,15.736784934997559,15.706113815307617,0.8013160526752472,-138.0399932861328,-139.0,12.190094947814941,-160.02000427246094,-159.0,-154.1999969482422,-146.25,-139.0,-129.75,-122.80000305175781,-118.95000457763672,-112.95999145507812
28780,-138.0399932861328,15.733583450317383,15.7030668258667,0.7981080561876297,-138.0399932861328,-139.0,12.190094947814941,-160.02000427246094,-159.0,-154.1999969482422,-146.25,-139.0,-129.75,-122.80000305175781,-118.95000457763672,-112.95999145507812
28800,-138.0399932861328,15.726709365844727,15.695396423339844,0.8007377535104752,-138.0399932861328,-139.0,12.190094947814941,-160.02000427246094,-159.0,-154.1999969482422,-146.25,-139.0,-129.75,-122.80000305175781,-118.95000457763672,-112.95999145507812
28820,-138.0399932861328,15.729961395263672,15.698577880859375,0.8033815771341324,-138.0399932861328,-139.0,12.190094947814941,-160.02000427246094,-159.0,-154.1999969482422,-146.25,-139.0,-129.75,-122.80000305175781,-118.95000457763672,-112.95999145507812
28840,-138.0399932861328,15.729181289672852,15.697614669799805,0.7985159158706665,-138.0399932861328,-139.0,12.190094947814941,-160.02000427246094,-159.0,-154.1999969482422,-146.25,-139.0,-129.75,-122.80000305175781,-118.95000457763672,-112.95999145507812
28860,-138.0399932861328,15.721186637878418,15.689445495605469,0.7995397001504898,-138.0399932861328,-139.0,12.190094947814941,-160.02000427246094,-159.0,-154.1999969482422,-146.25,-139.0,-129.75,-122.80000305175781,-118.95000457763672,-112.95999145507812
28880,-138.0399932861328,15.722660064697266,15.690485954284668,0.798837274312973,-138.0399932861328,-139.0,12.190094947814941,-160.02000427246094,-159.0,-154.1999969482422,-146.25,-139.0,-129.75,-122.80000305175781,-118.95000457763672,-112.95999145507812
28900,-138.0399932861328,15.732206344604492,15.700824737548828,0.7971507906913757,-138.0399932861328,-139.0,12.190094947814941,-160.02000427246094,-159.0,-154.1999969482422,-146.25,-139.0,-129.75,-122.80000305175781,-118.95000457763672,-112.95999145507812
28920,-138.05999755859375,15.727259635925293,15.695655822753906,0.7993851006031036,-138.05999755859375,-139.0,12.170307159423828,-160.02000427246094,-159.0,-154.1999969482422,-146.25,-139.0,-129.75,-122.80000305175781,-118.95000457763672,-112.95999145507812
28940,-138.05999755859375,15.723066329956055,15.691526412963867,0.7981828600168228,-138.05999755859375,-139.0,12.170307159423828,-160.02000427246094,-159.0,-154.1999969482422,-146.25,-139.0,-129.75,-122.80000305175781,-118.95000457763672,-112.95999145507812
28960,-138.05999755859375,15.721771240234375,15.690592765808105,0.7939171344041824,-138.05999755859375,-139.0,12.170307159423828,-160.02000427246094,-159.0,-154.1999969482422,-146.25,-139.0,-129.75,-122.80000305175781,-118.95000457763672,-112.95999145507812
28980,-138.05999755859375,15.726173400878906,15.695101737976074,0.7879447937011719,-138.05999755859375,-139.0,12.170307159423828,-160.02000427246094,-159.0,-154.1999969482422,-146.25,-139.0,-129.75,-122.80000305175781,-118.95000457763672,-112.95999145507812
29000,-138.05999755859375,15.716657638549805,15.685626029968262,0.7907238900661469,-138.05999755859375,-139.0,12.170307159423828,-160.02000427246094,-159.0,-154.1999969482422,-146.25,-139.0,-129.75,-122.80000305175781,-118.95000457763672,-112.95999145507812
29020,-138.05999755859375,15.718268394470215,15.687636375427246,0.791893482208252,-138.05999755859375,-139.0,12.170307159423828,-160.02000427246094,-159.0,-154.1999969482422,-146.25,-139.0,-129.75,-122.80000305175781,-118.95000457763672,-112.95999145507812
29040,-138.05999755859375,15.713760375976562,15.682401657104492,0.7911242693662643,-138.05999755859375,-139.0,12.170307159423828,-160.02000427246094,-159.0,-154.1999969482422,-146.25,-139.0,-129.75,-122.80000305175781,-118.95000457763672,-112.95999145507812
29060,-138.05999755859375,15.7069730758667,15.675987243652344,0.7934459894895554,-138.05999755859375,-139.0,12.170307159423828,-160.02000427246094,-159.0,-154.1999969482422,-146.25,-139.0,-129.75,-122.80000305175781,-118.95000457763672,-112.95999145507812
29080,-138.05999755859375,15.70993709564209,15.678919792175293,0.7974473685026169,-138.05999755859375,-139.0,12.170307159423828,-160.02000427246094,-159.0,-154.1999969482422,-146.25,-139.0,-129.75,-122.80000305175781,-118.95000457763672,-112.95999145507812
29100,-138.05999755859375,15.708685874938965,15.678149223327637,0.7955792248249054,-138.05999755859375,-139.0,12.170307159423828,-160.02000427246094,-159.0,-154.1999969482422,-146.25,-139.0,-129.75,-122.80000305175781,-118.95000457763672,-112.95999145507812
29120,-138.05999755859375,15.705778121948242,15.674995422363281,0.7919075787067413,-138.05999755859375,-139.0,12.170307159423828,-160.02000427246094,-159.0,-154.1999969482422,-146.25,-139.0,-129.75,-122.80000305175781,-118.95000457763672,-112.95999145507812
29140,-138.05999755859375,15.705560684204102,15.674711227416992,0.7989480495452881,-138.05999755859375,-139.0,12.170307159423828,-160.02000427246094,-159.0,-154.1999969482422,-146.25,-139.0,-129.75,-122.80000305175781,-118.95000457763672,-112.95999145507812
29160,-138.05999755859375,15.702947616577148,15.671989440917969,0.7973992228507996,-138.05999755859375,-139.0,12.170307159423828,-160.02000427246094,-159.0,-154.1999969482422,-146.25,-139.0,-129.75,-122.80000305175781,-118.95000457763672,-112.95999145507812
29180,-138.05999755859375,15.694823265075684,15.66425895690918,0.7922360301017761,-138.05999755859375,-139.0,12.170307159423828,-160.02000427246094,-159.0,-154.1999969482422,-146.25,-139.0,-129.75,-122.80000305175781,-118.95000457763672,-112.95999145507812
29200,-138.05999755859375,15.693537712097168,15.66245174407959,0.7942404448986053,-138.05999755859375,-139.0,12.170307159423828,-160.02000427246094,-159.0,-154.1999969482422,-146.25,-139.0,-129.75,-122.80000305175781,-118.95000457763672,-112.95999145507812
29220,-138.05999755859375,15.692586898803711,15.661169052124023,0.795090451836586,-138.05999755859375,-139.0,12.170307159423828,-160.02000427246094,-159.0,-154.1999969482422,-146.25,-139.0,-129.75,-122.80000305175781,-118.95000457763672,-112.95999145507812
29240,-138.05999755859375,15.69219970703125,15.6600980758667,0.8013681918382645,-138.05999755859375,-139.0,12.170307159423828,-160.02000427246094,-159.0,-154.1999969482422,-146.25,-139.0,-129.75,-122.80000305175781,-118.95000457763672,-112.95999145507812
29260,-138.05999755859375,15.692451477050781,15.660507202148438,0.7920215874910355,-138.05999755859375,-139.0,12.170307159423828,-160.02000427246094,-159.0,-154.1999969482422,-146.25,-139.0,-129.75,-122.80000305175781,-118.95000457763672,-112.95999145507812
29280,-138.05999755859375,15.686561584472656,15.654792785644531,0.7878229171037674,-138.05999755859375,-139.0,12.170307159423828,-160.02000427246094,-159.0,-154.1999969482422,-146.25,-139.0,-129.75,-122.80000305175781,-118.95000457763672,-112.95999145507812
29300,-138.05999755859375,15.679088592529297,15.647705078125,0.787224218249321,-138.05999755859375,-139.0,12.170307159423828,-160.02000427246094,-159.0,-154.1999969482422,-146.25,-139.0,-129.75,-122.80000305175781,-118.95000457763672,-112.95999145507812
29320,-138.05999755859375,15.682466506958008,15.651298522949219,0.7891096025705338,-138.05999755859375,-139.0,12.170307159423828,-160.02000427246094,-159.0,-154.1999969482422,-146.25,-139.0,-129.75,-122.80000305175781,-118.95000457763672,-112.95999145507812
29340,-138.05999755859375,15.677839279174805,15.646512985229492,0.7904394567012787,-138.05999755859375,-139.0,12.170307159423828,-160.02000427246094,-159.0,-154.1999969482422,-146.25,-139.0,-129.75,-122.80000305175781,-118.95000457763672,-112.95999145507812
29360,-138.05999755859375,15.687520980834961,15.656829833984375,0.7930648624897003,-138.05999755859375,-139.0,12.170307159423828,-160.02000427246094,-159.0,-154.1999969482422,-146.25,-139.0,-129.75,-122.80000305175781,-118.95000457763672,-112.95999145507812
29380,-138.05999755859375,15.688963890075684,15.658302307128906,0.7927030920982361,-138.05999755859375,-139.0,12.170307159423828,-160.02000427246094,-159.0,-154.1999969482422,-146.25,-139.0,-129.75,-122.80000305175781,-118.95000457763672,-112.95999145507812
29400,-138.05999755859375,15.688955307006836,15.658355712890625,0.797433391213417,-138.05999755859375,-139.0,12.170307159423828,-160.02000427246094,-159.0,-154.1999969482422,-146.25,-139.0,-129.75,-122.80000305175781,-118.95000457763672,-112.95999145507812
29420,-138.05999755859375,15.689486503601074,15.658788681030273,0.801178365945816,-138.05999755859375,-139.0,12.170307159423828,-160.02000427246094,-159.0,-154.1999969482422,-146.25,-139.0,-129.75,-122.80000305175781,-118.95000457763672,-112.95999145507812
29440,-138.05999755859375,15.682472229003906,15.651144027709961,0.7972699403762817,-138.05999755859375,-139.0,12.170307159423828,-160.02000427246094,-159.0,-154.1999969482422,-146.25,-139.0,-129.75,-122.80000305175781,-118.95000457763672,-112.95999145507812
29460,-138.05999755859375,15.684513092041016,15.653864860534668,0.7964762896299362,-138.05999755859375,-139.0,12.170307159423828,-160.02000427246094,-159.0,-154.1999969482422,-146.25,-139.0,-129.75,-122.80000305175781,-118.95000457763672,-112.95999145507812
29480,-138.05999755859375,15.689108848571777,15.658832550048828,0.7894963473081589,-138.05999755859375,-139.0,12.170307159423828,-160.02000427246094,-159.0,-154.1999969482422,-146.25,-139.0,-129.75,-122.80000305175781,-118.95000457763672,-112.95999145507812
29500,-138.05999755859375,15.700495719909668,15.670120239257812,0.7868569195270538,-138.05999755859375,-139.0,12.170307159423828,-160.02000427246094,-159.0,-154.1999969482422,-146.25,-139.0,-129.75,-122.80000305175781,-118.95000457763672,-112.95999145507812
29520,-138.05999755859375,15.704665184020996,15.673540115356445,0.7939670234918594,-138.05999755859375,-139.0,12.170307159423828,-160.02000427246094,-159.0,-154.1999969482422,-146.25,-139.0,-129.75,-122.80000305175781,-118.95000457763672,-112.95999145507812
29540,-138.05999755859375,15.701665878295898,15.670822143554688,0.7982759028673172,-138.05999755859375,-139.0,12.170307159423828,-160.02000427246094,-159.0,-154.1999969482422,-146.25,-139.0,-129.75,-122.80000305175781,-118.95000457763672,-112.95999145507812
29560,-138.05999755859375,15.706634521484375,15.676124572753906,0.8018425554037094,-138.05999755859375,-139.0,12.170307159423828,-160.02000427246094,-159.0,-154.1999969482422,-146.25,-139.0,-129.75,-122.80000305175781,-118.95000457763672,-112.95999145507812
29580,-138.05999755859375,15.712172508239746,15.681053161621094,0.8036133348941803,-138.05999755859375,-139.0,12.170307159423828,-160.02000427246094,-159.0,-154.1999969482422,-146.25,-139.0,-129.75,-122.80000305175781,-118.95000457763672,-112.95999145507812
29600,-138.05999755859375,15.717508316040039,15.686698913574219,0.7933817803859711,-138.05999755859375,-139.0,12.170307159423828,-160.02000427246094,-159.0,-154.1999969482422,-146.25,-139.0,-129.75,-122.80000305175781,-118.95000457763672,-112.95999145507812
29620,-138.05999755859375,15.712196350097656,15.681991577148438,0.7906008362770081,-138.05999755859375,-139.0,12.170307159423828,-160.02000427246094,-159.0,-154.1999969482422,-146.25,-139.0,-129.75,-122.80000305175781,-118.95000457763672,-112.95999145507812
29640,-138.05999755859375,15.714465141296387,15.684435844421387,0.788169339299202,-138.05999755859375,-139.0,12.170307159423828,-160.02000427246094,-159.0,-154.1999969482422,-146.25,-139.0,-129.75,-122.80000305175781,-118.95000457763672,-112.95999145507812
29660,-138.05999755859375,15.709390640258789,15.679288864135742,0.7937096506357193,-138.05999755859375,-139.0,12.170307159423828,-160.02000427246094,-159.0,-154.1999969482422,-146.25,-139.0,-129.75,-122.80000305175781,-118.95000457763672,-112.95999145507812
29680,-138.05999755859375,15.716068267822266,15.68558406829834,0.798624187707901,-138.05999755859375,-139.0,12.170307159423828,-160.02000427246094,-159.0,-154.1999969482422,-146.25,-139.0,-129.75,-122.80000305175781,-118.95000457763672,-112.95999145507812
29700,-138.05999755859375,15.713567733764648,15.683314323425293,0.7959488779306412,-138.05999755859375,-139.0,12.170307159423828,-160.02000427246094,-159.0,-154.1999969482422,-146.25,-139.0,-129.75,-122.80000305175781,-118.95000457763672,-112.95999145507812
29720,-138.05999755859375,15.702413558959961,15.673088073730469,0.7823908030986786,-138.05999755859375,-139.0,12.170307159423828,-160.02000427246094,-159.0,-154.1999969482422,-146.25,-139.0,-129.75,-122.80000305175781,-118.95000457763672,-112.95999145507812
29740,-138.05999755859375,15.710210800170898,15.680716514587402,0.7782592326402664,-138.05999755859375,-139.0,12.170307159423828,-160.02000427246094,-159.0,-154.1999969482422,-146.25,-139.0,-129.75,-122.80000305175781,-118.95000457763672,-112.95999145507812
29760,-138.05999755859375,15.717982292175293,15.688082695007324,0.7850287705659866,-138.05999755859375,-139.0,12.170307159423828,-160.02000427246094,-159.0,-154.1999969482422,-146.25,-139.0,-129.75,-122.80000305175781,-118.95000457763672,-112.95999145507812
29780,-138.05999755859375,15.722723960876465,15.692687034606934,0.7867158055305481,-138.05999755859375,-139.0,12.170307159423828,-160.02000427246094,-159.0,-154.1999969482422,-146.25,-139.0,-129.75,-122.80000305175781,-118.95000457763672,-112.95999145507812
29800,-138.05999755859375,15.72589111328125,15.69611930847168,0.7875355929136276,-138.05999755859375,-139.0,12.170307159423828,-160.02000427246094,-159.0,-154.1999969482422,-146.25,-139.0,-129.75,-122.80000305175781,-118.95000457763672,-112.95999145507812
29820,-138.05999755859375,15.725146293640137,15.69520378112793,0.787697970867157,-138.05999755859375,-139.0,12.170307159423828,-160.02000427246094,-159.0,-154.1999969482422,-146.25,-139.0,-129.75,-122.80000305175781,-118.95000457763672,-112.95999145507812
29840,-138.05999755859375,15.72907829284668,15.699554443359375,0.7885057479143143,-138.05999755859375,-139.0,12.170307159423828,-160.02000427246094,-159.0,-154.1999969482422,-146.25,-139.0,-129.75,-122.80000305175781,-118.95000457763672,-112.95999145507812
29860,-138.05999755859375,15.732295989990234,15.70252513885498,0.7915633469820023,-138.05999755859375,-139.0,12.170307159423828,-160.02000427246094,-159.0,-154.1999969482422,-146.25,-139.0,-129.75,-122.80000305175781,-118.95000457763672,-112.95999145507812
29880,-138.05999755859375,15.731368064880371,15.701292991638184,0.7939176708459854,-138.05999755859375,-139.0,12.170307159423828,-160.02000427246094,-159.0,-154.1999969482422,-146.25,-139.0,-129.75,-122.80000305175781,-118.95000457763672,-112.95999145507812
29900,-138.05999755859375,15.721868515014648,15.691650390625,0.7948011606931686,-138.05999755859375,-139.0,12.170307159423828,-160.02000427246094,-159.0,-154.1999969482422,-146.25,-139.0,-129.75,-122.80000305175781,-118.95000457763672,-112.95999145507812
29920,-138.05999755859375,15.729812622070312,15.700235366821289,0.7926152944564819,-138.05999755859375,-139.0,12.170307159423828,-160.02000427246094,-159.0,-154.1999969482422,-146.25,-139.0,-129.75,-122.80000305175781,-118.95000457763672,-112.95999145507812
29940,-138.05999755859375,15.723264694213867,15.693816184997559,0.7901882827281952,-138.05999755859375,-139.0,12.170307159423828,-160.02000427246094,-159.0,-154.1999969482422,-146.25,-139.0,-129.75,-122.80000305175781,-118.95000457763672,-112.95999145507812
29960,-138.05999755859375,15.717496871948242,15.68824577331543,0.788215234875679,-138.05999755859375,-139.0,12.170307159423828,-160.02000427246094,-159.0,-154.1999969482422,-146.25,-139.0,-129.75,-122.80000305175781,-118.95000457763672,-112.95999145507812
29980,-138.05999755859375,15.709250450134277,15.680130004882812,0.7856809049844742,-138.05999755859375,-139.0,12.170307159423828,-160.02000427246094,-159.0,-154.1999969482422,-146.25,-139.0,-129.75,-122.80000305175781,-118.95000457763672,-112.95999145507812
30000,-138.05999755859375,15.7029447555542,15.67347526550293,0.7872044444084167,-138.05999755859375,-139.0,12.170307159423828,-160.02000427246094,-159.0,-154.1999969482422,-146.25,-139.0,-129.75,-122.80000305175781,-118.95000457763672,-112.95999145507812
30020,-138.05999755859375,15.712648391723633,15.682920455932617,0.7866369485855103,-138.05999755859375,-139.0,12.170307159423828,-160.02000427246094,-159.0,-154.1999969482422,-146.25,-139.0,-129.75,-122.80000305175781,-118.95000457763672,-112.95999145507812
30040,-138.05999755859375,15.705059051513672,15.674560546875,0.7854545265436172,-138.05999755859375,-139.0,12.170307159423828,-160.02000427246094,-159.0,-154.1999969482422,-146.25,-139.0,-129.75,-122.80000305175781,-118.95000457763672,-112.95999145507812
30060,-138.05999755859375,15.707335472106934,15.676839828491211,0.7934760898351669,-138.05999755859375,-139.0,12.170307159423828,-160.02000427246094,-159.0,-154.1999969482422,-146.25,-139.0,-129.75,-122.80000305175781,-118.95000457763672,-112.95999145507812
30080,-138.05999755859375,15.706937789916992,15.676414489746094,0.7911247909069061,-138.05999755859375,-139.0,12.170307159423828,-160.02000427246094,-159.0,-154.1999969482422,-146.25,-139.0,-129.75,-122.80000305175781,-118.95000457763672,-112.95999145507812
30100,-138.05999755859375,15.699674606323242,15.669038772583008,0.7894745171070099,-138.05999755859375,-139.0,12.170307159423828,-160.02000427246094,-159.0,-154.1999969482422,-146.25,-139.0,-129.75,-122.80000305175781,-118.95000457763672,-112.95999145507812
30120,-138.05999755859375,15.697565078735352,15.66676139831543,0.7938400954008102,-138.05999755859375,-139.0,12.170307159423828,-160.02000427246094,-159.0,-154.1999969482422,-146.25,-139.0,-129.75,-122.80000305175781,-118.95000457763672,-112.95999145507812
30140,-138.05999755859375,15.697359085083008,15.666587829589844,0.7963242381811142,-138.05999755859375,-139.0,12.170307159423828,-160.02000427246094,-159.0,-154.1999969482422,-146.25,-139.0,-129.75,-122.80000305175781,-118.95000457763672,-112.95999145507812
30160,-138.05999755859375,15.696813583374023,15.666997909545898,0.7892323285341263,-138.05999755859375,-139.0,12.170307159423828,-160.02000427246094,-159.0,-154.1999969482422,-146.25,-139.0,-129.75,-122.80000305175781,-118.95000457763672,-112.95999145507812
30180,-138.05999755859375,15.696131706237793,15.666723251342773,0.782456785440445,-138.05999755859375,-139.0,12.170307159423828,-160.02000427246094,-159.0,-154.1999969482422,-146.25,-139.0,-129.75,-122.80000305175781,-118.95000457763672,-112.95999145507812
30200,-138.05999755859375,15.69608211517334,15.665143966674805,0.7850943207740784,-138.05999755859375,-139.0,12.170307159423828,-160.02000427246094,-159.0,-154.1999969482422,-146.25,-139.0,-129.75,-122.80000305175781,-118.95000457763672,-112.95999145507812
30220,-138.05999755859375,15.693904876708984,15.662734985351562,0.7827757596969604,-138.05999755859375,-139.0,12.170307159423828,-160.02000427246094,-159.0,-154.1999969482422,-146.25,-139.0,-129.75,-122.80000305175781,-118.95000457763672,-112.95999145507812
30240,-138.05999755859375,15.692720413208008,15.661219596862793,0.7866765409708023,-138.05999755859375,-139.0,12.170307159423828,-160.02000427246094,-159.0,-154.1999969482422,-146.25,-139.0,-129.75,-122.80000305175781,-118.95000457763672,-112.95999145507812
30260,-138.05999755859375,15.697521209716797,15.665878295898438,0.78853739798069,-138.05999755859375,-139.0,12.170307159423828,-160.02000427246094,-159.0,-154.1999969482422,-146.25,-139.0,-129.75,-122.80000305175781,-118.95000457763672,-112.95999145507812
30280,-138.05999755859375,15.683680534362793,15.6534423828125,0.7805241644382477,-138.05999755859375,-139.0,12.170307159423828,-160.02000427246094,-159.0,-154.1999969482422,-146.25,-139.0,-129.75,-122.80000305175781,-118.95000457763672,-112.95999145507812
30300,-138.05999755859375,15.691099166870117,15.660922050476074,0.7735497355461121,-138.05999755859375,-139.0,12.170307159423828,-160.02000427246094,-159.0,-154.1999969482422,-146.25,-139.0,-129.75,-122.80000305175781,-118.95000457763672,-112.95999145507812
30320,-138.05999755859375,15.691165924072266,15.661601066589355,0.7745879590511322,-138.05999755859375,-139.0,12.170307159423828,-160.02000427246094,-159.0,-154.1999969482422,-146.25,-139.0,-129.75,-122.80000305175781,-118.95000457763672,-112.95999145507812
30340,-138.05999755859375,15.691818237304688,15.661712646484375,0.7713827192783356,-138.05999755859375,-139.0,12.170307159423828,-160.02000427246094,-159.0,-154.1999969482422,-146.25,-139.0,-129.75,-122.80000305175781,-118.95000457763672,-112.95999145507812
30360,-138.05999755859375,15.692516326904297,15.663015365600586,0.7692056596279144,-138.05999755859375,-139.0,12.170307159423828,-160.02000427246094,-159.0,-154.1999969482422,-146.25,-139.0,-129.75,-122.80000305175781,-118.95000457763672,-112.95999145507812
30380,-138.05999755859375,15.684762954711914,15.653899192810059,0.768848106265068,-138.05999755859375,-139.0,12.170307159423828,-160.02000427246094,-159.0,-154.1999969482422,-146.25,-139.0,-129.75,-122.80000305175781,-118.95000457763672,-112.95999145507812
30400,-138.05999755859375,15.689192771911621,15.658026695251465,0.7737491279840469,-138.05999755859375,-139.0,12.170307159423828,-160.02000427246094,-159.0,-154.1999969482422,-146.25,-139.0,-129.75,-122.80000305175781,-118.95000457763672,-112.95999145507812
30420,-138.05999755859375,15.684264183044434,15.653570175170898,0.7722858041524887,-138.05999755859375,-139.0,12.170307159423828,-160.02000427246094,-159.0,-154.1999969482422,-146.25,-139.0,-129.75,-122.80000305175781,-118.95000457763672,-112.95999145507812
30440,-138.05999755859375,15.685507774353027,15.655891418457031,0.7724873870611191,-138.05999755859375,-139.0,12.170307159423828,-160.02000427246094,-159.0,-154.1999969482422,-146.25,-139.0,-129.75,-122.80000305175781,-118.95000457763672,-112.95999145507812
30460,-138.05999755859375,15.681326866149902,15.651283264160156,0.7804091572761536,-138.05999755859375,-139.0,12.170307159423828,-160.02000427246094,-159.0,-154.1999969482422,-146.25,-139.0,-129.75,-122.80000305175781,-118.95000457763672,-112.95999145507812
30480,-138.05999755859375,15.681886672973633,15.650564193725586,0.7793919742107391,-138.05999755859375,-139.0,12.170307159423828,-160.02000427246094,-159.0,-154.1999969482422,-146.25,-139.0,-129.75,-122.80000305175781,-118.95000457763672,-112.95999145507812
30500,-138.05999755859375,15.684335708618164,15.653518676757812,0.7788467258214951,-138.05999755859375,-139.0,12.170307159423828,-160.02000427246094,-159.0,-154.1999969482422,-146.25,-139.0,-129.75,-122.80000305175781,-118.95000457763672,-112.95999145507812
30520,-138.05999755859375,15.686293601989746,15.65566635131836,0.7754877954721451,-138.05999755859375,-139.0,12.170307159423828,-160.02000427246094,-159.0,-154.1999969482422,-146.25,-139.0,-129.75,-122.80000305175781,-118.95000457763672,-112.95999145507812
30540,-138.05999755859375,15.694726943969727,15.66498851776123,0.7755146026611328,-138.05999755859375,-139.0,12.170307159423828,-160.02000427246094,-159.0,-154.1999969482422,-146.25,-139.0,-129.75,-122.80000305175781,-118.95000457763672,-112.95999145507812
30560,-138.05999755859375,15.68696117401123,15.656949996948242,0.7719154506921768,-138.05999755859375,-139.0,12.170307159423828,-160.02000427246094,-159.0,-154.1999969482422,-146.25,-139.0,-129.75,-122.80000305175781,-118.95000457763672,-112.95999145507812
30580,-138.05999755859375,15.684358596801758,15.655024528503418,0.7663911134004593,-138.05999755859375,-139.0,12.170307159423828,-160.02000427246094,-159.0,-154.1999969482422,-146.25,-139.0,-129.75,-122.80000305175781,-118.95000457763672,-112.95999145507812
30600,-138.05999755859375,15.68056869506836,15.650580406188965,0.7669379711151123,-138.05999755859375,-139.0,12.170307159423828,-160.02000427246094,-159.0,-154.1999969482422,-146.25,-139.0,-129.75,-122.80000305175781,-118.95000457763672,-112.95999145507812
30620,-138.05999755859375,15.668630599975586,15.639669418334961,0.7597601860761642,-138.05999755859375,-139.0,12.170307159423828,-160.02000427246094,-159.0,-154.1999969482422,-146.25,-139.0,-129.75,-122.80000305175781,-118.95000457763672,-112.95999145507812
30640,-138.05999755859375,15.673212051391602,15.644845962524414,0.7582640945911407,-138.05999755859375,-139.0,12.170307159423828,-160.02000427246094,-159.0,-154.1999969482422,-146.25,-139.0,-129.75,-122.80000305175781,-118.95000457763672,-112.95999145507812
30660,-138.05999755859375,15.669755935668945,15.641279220581055,0.7578941434621811,-138.05999755859375,-139.0,12.170307159423828,-160.02000427246094,-159.0,-154.1999969482422,-146.25,-139.0,-129.75,-122.80000305175781,-118.95000457763672,-112.95999145507812
30680,-138.05999755859375,15.671226501464844,15.642653465270996,0.763050988316536,-138.05999755859375,-139.0,12.170307159423828,-160.02000427246094,-159.0,-154.1999969482422,-146.25,-139.0,-129.75,-122.80000305175781,-118.95000457763672,-112.95999145507812
30700,-138.05999755859375,15.660433769226074,15.631614685058594,0.764186829328537,-138.05999755859375,-139.0,12.170307159423828,-160.02000427246094,-159.0,-154.1999969482422,-146.25,-139.0,-129.75,-122.80000305175781,-118.95000457763672,-112.95999145507812
30720,-138.05999755859375,15.662569046020508,15.634191513061523,0.7640360295772552,-138.05999755859375,-139.0,12.170307159423828,-160.02000427246094,-159.0,-154.1999969482422,-146.25,-139.0,-129.75,-122.80000305175781,-118.95000457763672,-112.95999145507812
30740,-138.05999755859375,15.65878677368164,15.630572319030762,0.7626779973506927,-138.05999755859375,-139.0,12.170307159423828,-160.02000427246094,-159.0,-154.1999969482422,-146.25,-139.0,-129.75,-122.80000305175781,-118.95000457763672,-112.95999145507812
30760,-138.05999755859375,15.658130645751953,15.629984855651855,0.7628355771303177,-138.05999755859375,-139.0,12.170307159423828,-160.02000427246094,-159.0,-154.1999969482422,-146.25,-139.0,-129.75,-122.80000305175781,-118.95000457763672,-112.95999145507812
30780,-138.05999755859375,15.664314270019531,15.63510513305664,0.766476184129715,-138.05999755859375,-139.0,12.170307159423828,-160.02000427246094,-159.0,-154.1999969482422,-146.25,-139.0,-129.75,-122.80000305175781,-118.95000457763672,-112.95999145507812
30800,-138.05999755859375,15.657279968261719,15.628416061401367,0.7657954543828964,-138.05999755859375,-139.0,12.170307159423828,-160.02000427246094,-159.0,-154.1999969482422,-146.25,-139.0,-129.75,-122.80000305175781,-118.95000457763672,-112.95999145507812
30820,-138.05999755859375,15.657454490661621,15.628713607788086,0.7710700184106827,-138.05999755859375,-139.0,12.170307159423828,-160.02000427246094,-159.0,-154.1999969482422,-146.25,-139.0,-129.75,-122.80000305175781,-118.95000457763672,-112.95999145507812
30840,-138.05999755859375,15.652799606323242,15.624399185180664,0.7707659155130386,-138.05999755859375,-139.0,12.170307159423828,-160.02000427246094,-159.0,-154.1999969482422,-146.25,-139.0,-129.75,-122.80000305175781,-118.95000457763672,-112.95999145507812
30860,-138.05999755859375,15.654884338378906,15.626551628112793,0.7676441222429276,-138.05999755859375,-139.0,12.170307159423828,-160.02000427246094,-159.0,-154.1999969482422,-146.25,-139.0,-129.75,-122.80000305175781,-118.95000457763672,-112.95999145507812
30880,-138.05999755859375,15.659770965576172,15.63120174407959,0.7662869393825531,-138.05999755859375,-139.0,12.170307159423828,-160.02000427246094,-159.0,-154.1999969482422,-146.25,-139.0,-129.75,-122.80000305175781,-118.95000457763672,-112.95999145507812
30900,-138.05999755859375,15.65539836883545,15.627180099487305,0.7698965072631836,-138.05999755859375,-139.0,12.170307159423828,-160.02000427246094,-159.0,-154.1999969482422,-146.25,-139.0,-129.75,-122.80000305175781,-118.95000457763672,-112.95999145507812
30920,-138.05999755859375,15.652887344360352,15.624275207519531,0.769278034567833,-138.05999755859375,-139.0,12.170307159423828,-160.02000427246094,-159.0,-154.1999969482422,-146.25,-139.0,-129.75,-122.80000305175781,-118.95000457763672,-112.95999145507812
30940,-138.05999755859375,15.655820846557617,15.627033233642578,0.7647198289632797,-138.05999755859375,-139.0,12.170307159423828,-160.02000427246094,-159.0,-154.1999969482422,-146.25,-139.0,-129.75,-122.80000305175781,-118.95000457763672,-112.95999145507812
30960,-138.05999755859375,15.655794143676758,15.627250671386719,0.764915406703949,-138.05999755859375,-139.0,12.170307159423828,-160.02000427246094,-159.0,-154.1999969482422,-146.25,-139.0,-129.75,-122.80000305175781,-118.95000457763672,-112.95999145507812
30980,-138.05999755859375,15.658811569213867,15.630544662475586,0.7659879624843597,-138.05999755859375,-139.0,12.170307159423828,-160.02000427246094,-159.0,-154.1999969482422,-146.25,-139.0,-129.75,-122.80000305175781,-118.95000457763672,-112.95999145507812
31000,-138.05999755859375,15.650546073913574,15.62202262878418,0.7632475197315216,-138.05999755859375,-139.0,12.170307159423828,-160.02000427246094,-159.0,-154.1999969482422,-146.25,-139.0,-129.75,-122.80000305175781,-118.95000457763672,-112.95999145507812
31020,-138.05999755859375,15.656509399414062,15.628103256225586,0.7651544213294983,-138.05999755859375,-139.0,12.170307159423828,-160.02000427246094,-159.0,-154.1999969482422,-146.25,-139.0,-129.75,-122.80000305175781,-118.95000457763672,-112.95999145507812
31040,-138.05999755859375,15.6534423828125,15.625636100769043,0.7631806433200836,-138.05999755859375,-139.0,12.170307159423828,-160.02000427246094,-159.0,-154.1999969482422,-146.25,-139.0,-129.75,-122.80000305175781,-118.95000457763672,-112.95999145507812
31060,-138.05999755859375,15.652063369750977,15.624323844909668,0.7608635127544403,-138.05999755859375,-139.0,12.170307159423828,-160.02000427246094,-159.0,-154.1999969482422,-146.25,-139.0,-129.75,-122.80000305175781,-118.95000457763672,-112.95999145507812
31080,-138.05999755859375,15.647276878356934,15.619680404663086,0.7614148408174515,-138.05999755859375,-139.0,12.170307159423828,-160.02000427246094,-159.0,-154.1999969482422,-146.25,-139.0,-129.75,-122.80000305175781,-118.95000457763672,-112.95999145507812
31100,-138.05999755859375,15.645267486572266,15.617701530456543,0.7616712749004364,-138.05999755859375,-139.0,12.170307159423828,-160.02000427246094,-159.0,-154.1999969482422,-146.25,-139.0,-129.75,-122.80000305175781,-118.95000457763672,-112.95999145507812
31120,-138.05999755859375,15.63923454284668,15.611650466918945,0.7622807621955872,-138.05999755859375,-139.0,12.170307159423828,-160.02000427246094,-159.0,-154.1999969482422,-146.25,-139.0,-129.75,-122.80000305175781,-118.95000457763672,-112.95999145507812
31140,-138.05999755859375,15.636758804321289,15.609416007995605,0.7549328953027725,-138.05999755859375,-139.0,12.170307159423828,-160.02000427246094,-159.0,-154.1999969482422,-146.25,-139.0,-129.75,-122.80000305175781,-118.95000457763672,-112.95999145507812
31160,-138.05999755859375,15.63157844543457,15.603857040405273,0.7544571608304977,-138.05999755859375,-139.0,12.170307159423828,-160.02000427246094,-159.0,-154.1999969482422,-146.25,-139.0,-129.75,-122.80000305175781,-118.95000457763672,-112.95999145507812
31180,-138.05999755859375,15.636630058288574,15.609342575073242,0.7469705790281296,-138.05999755859375,-139.0,12.170307159423828,-160.02000427246094,-159.0,-154.1999969482422,-146.25,-139.0,-129.75,-122.80000305175781,-118.95000457763672,-112.95999145507812
31200,-138.05999755859375,15.632728576660156,15.605377197265625,0.7495903223752975,-138.05999755859375,-139.0,12.170307159423828,-160.02000427246094,-159.0,-154.1999969482422,-146.25,-139.0,-129.75,-122.80000305175781,-118.95000457763672,-112.95999145507812
31220,-138.05999755859375,15.634173393249512,15.606962203979492,0.7486009746789932,-138.05999755859375,-139.0,12.170307159423828,-160.02000427246094,-159.0,-154.1999969482422,-146.25,-139.0,-129.75,-122.80000305175781,-118.95000457763672,-112.95999145507812
31240,-138.05999755859375,15.630378723144531,15.603175163269043,0.7466941624879837,-138.05999755859375,-139.0,12.170307159423828,-160.02000427246094,-159.0,-154.1999969482422,-146.25,-139.0,-129.75,-122.80000305175781,-118.95000457763672,-112.95999145507812
31260,-138.05999755859375,15.63319206237793,15.60583782196045,0.7487622201442719,-138.05999755859375,-139.0,12.170307159423828,-160.02000427246094,-159.0,-154.1999969482422,-146.25,-139.0,-129.75,-122.80000305175781,-118.95000457763672,-112.95999145507812
31280,-138.05999755859375,15.634517669677734,15.606727600097656,0.7518980205059052,-138.05999755859375,-139.0,12.170307159423828,-160.02000427246094,-159.0,-154.1999969482422,-146.25,-139.0,-129.75,-122.80000305175781,-118.95000457763672,-112.95999145507812
31300,-138.05999755859375,15.636032104492188,15.607915878295898,0.7474520355463028,-138.05999755859375,-139.0,12.170307159423828,-160.02000427246094,-159.0,-154.1999969482422,-146.25,-139.0,-129.75,-122.80000305175781,-118.95000457763672,-112.95999145507812
31320,-138.05999755859375,15.634403228759766,15.606891632080078,0.7484306544065475,-138.05999755859375,-139.0,12.170307159423828,-160.02000427246094,-159.0,-154.1999969482422,-146.25,-139.0,-129.75,-122.80000305175781,-118.95000457763672,-112.95999145507812
31340,-138.05999755859375,15.64068603515625,15.611990928649902,0.7536062151193619,-138.05999755859375,-139.0,12.170307159423828,-160.02000427246094,-159.0,-154.1999969482422,-146.25,-139.0,-129.75,-122.80000305175781,-118.95000457763672,-112.95999145507812
31360,-138.05999755859375,15.63189697265625,15.604248046875,0.7507876008749008,-138.05999755859375,-139.0,12.170307159423828,-160.02000427246094,-159.0,-154.1999969482422,-146.25,-139.0,-129.75,-122.80000305175781,-118.95000457763672,-112.95999145507812
31380,-138.05999755859375,15.62916088104248,15.601393699645996,0.7483942806720734,-138.05999755859375,-139.0,12.170307159423828,-160.02000427246094,-159.0,-154.1999969482422,-146.25,-139.0,-129.75,-122.80000305175781,-118.95000457763672,-112.95999145507812
31400,-138.05999755859375,15.62851619720459,15.600955963134766,0.747921496629715,-138.05999755859375,-139.0,12.170307159423828,-160.02000427246094,-159.0,-154.1999969482422,-146.25,-139.0,-129.75,-122.80000305175781,-118.95000457763672,-112.95999145507812
31420,-138.05999755859375,15.63668441772461,15.607988357543945,0.7482818216085434,-138.05999755859375,-139.0,12.170307159423828,-160.02000427246094,-159.0,-154.1999969482422,-146.25,-139.0,-129.75,-122.80000305175781,-118.95000457763672,-112.95999145507812
31440,-138.05999755859375,15.639196395874023,15.611056327819824,0.7466639578342438,-138.05999755859375,-139.0,12.170307159423828,-160.02000427246094,-159.0,-154.1999969482422,-146.25,-139.0,-129.75,-122.80000305175781,-118.95000457763672,-112.95999145507812
31460,-138.05999755859375,15.645525932312012,15.616886138916016,0.7506712675094604,-138.05999755859375,-139.0,12.170307159423828,-160.02000427246094,-159.0,-154.1999969482422,-146.25,-139.0,-129.75,-122.80000305175781,-118.95000457763672,-112.95999145507812
31480,-138.05999755859375,15.650823593139648,15.622828483581543,0.7460600137710571,-138.05999755859375,-139.0,12.170307159423828,-160.02000427246094,-159.0,-154.1999969482422,-146.25,-139.0,-129.75,-122.80000305175781,-118.95000457763672,-112.95999145507812
31500,-138.05999755859375,15.645709991455078,15.618316650390625,0.7444958537817001,-138.05999755859375,-139.0,12.170307159423828,-160.02000427246094,-159.0,-154.1999969482422,-146.25,-139.0,-129.75,-122.80000305175781,-118.95000457763672,-112.95999145507812
31520,-138.05999755859375,15.63348388671875,15.606554985046387,0.7396901845932007,-138.05999755859375,-139.0,12.170307159423828,-160.02000427246094,-159.0,-154.1999969482422,-146.25,-139.0,-129.75,-122.80000305175781,-118.95000457763672,-112.95999145507812
31540,-138.05999755859375,15.625839233398438,15.598956108093262,0.7436440736055374,-138.05999755859375,-139.0,12.170307159423828,-160.02000427246094,-159.0,-154.1999969482422,-146.25,-139.0,-129.75,-122.80000305175781,-118.95000457763672,-112.95999145507812
31560,-138.05999755859375,15.634462356567383,15.607248306274414,0.7463781833648682,-138.05999755859375,-139.0,12.170307159423828,-160.02000427246094,-159.0,-154.1999969482422,-146.25,-139.0,-129.75,-122.80000305175781,-118.95000457763672,-112.95999145507812
31580,-138.05999755859375,15.638239860534668,15.610631942749023,0.7481478154659271,-138.05999755859375,-139.0,12.170307159423828,-160.02000427246094,-159.0,-154.1999969482422,-146.25,-139.0,-129.75,-122.80000305175781,-118.95000457763672,-112.95999145507812
31600,-138.05999755859375,15.628395080566406,15.601308822631836,0.7414300292730331,-138.05999755859375,-139.0,12.170307159423828,-160.02000427246094,-159.0,-154.1999969482422,-146.25,-139.0,-129.75,-122.80000305175781,-118.95000457763672,-112.95999145507812
31620,-138.05999755859375,15.629827499389648,15.602538108825684,0.7404167950153351,-138.05999755859375,-139.0,12.170307159423828,-160.02000427246094,-159.0,-154.1999969482422,-146.25,-139.0,-129.75,-122.80000305175781,-118.95000457763672,-112.95999145507812
31640,-138.05999755859375,15.629785537719727,15.603094100952148,0.7375656068325043,-138.05999755859375,-139.0,12.170307159423828,-160.02000427246094,-159.0,-154.1999969482422,-146.25,-139.0,-129.75,-122.80000305175781,-118.95000457763672,-112.95999145507812
31660,-138.05999755859375,15.63780403137207,15.611160278320312,0.7296845316886902,-138.05999755859375,-139.0,12.170307159423828,-160.02000427246094,-159.0,-154.1999969482422,-146.25,-139.0,-129.75,-122.80000305175781,-118.95000457763672,-112.95999145507812
31680,-138.05999755859375,15.638944625854492,15.612361907958984,0.724962905049324,-138.05999755859375,-139.0,12.170307159423828,-160.02000427246094,-159.0,-154.1999969482422,-146.25,-139.0,-129.75,-122.80000305175781,-118.95000457763672,-112.95999145507812
31700,-138.05999755859375,15.639171600341797,15.612281799316406,0.7321130633354187,-138.05999755859375,-139.0,12.170307159423828,-160.02000427246094,-159.0,-154.1999969482422,-146.25,-139.0,-129.75,-122.80000305175781,-118.95000457763672,-112.95999145507812
31720,-138.05999755859375,15.646459579467773,15.619270324707031,0.7312943339347839,-138.05999755859375,-139.0,12.170307159423828,-160.02000427246094,-159.0,-154.1999969482422,-146.25,-139.0,-129.75,-122.80000305175781,-118.95000457763672,-112.95999145507812
31740,-138.05999755859375,15.643388748168945,15.615705490112305,0.7306823581457138,-138.05999755859375,-139.0,12.170307159423828,-160.02000427246094,-159.0,-154.1999969482422,-146.25,-139.0,-129.75,-122.80000305175781,-118.95000457763672,-112.95999145507812
31760,-138.05999755859375,15.650537490844727,15.622880935668945,0.7259891033172607,-138.05999755859375,-139.0,12.170307159423828,-160.02000427246094,-159.0,-154.1999969482422,-146.25,-139.0,-129.75,-122.80000305175781,-118.95000457763672,-112.95999145507812
31780,-138.05999755859375,15.64576244354248,15.617643356323242,0.7316431105136871,-138.05999755859375,-139.0,12.170307159423828,-160.02000427246094,-159.0,-154.1999969482422,-146.25,-139.0,-129.75,-122.80000305175781,-118.95000457763672,-112.95999145507812
31800,-138.05999755859375,15.63625717163086,15.607925415039062,0.7355320006608963,-138.05999755859375,-139.0,12.170307159423828,-160.02000427246094,-159.0,-154.1999969482422,-146.25,-139.0,-129.75,-122.80000305175781,-118.95000457763672,-112.95999145507812
31820,-138.05999755859375,15.629630088806152,15.601348876953125,0.7340688854455948,-138.05999755859375,-139.0,12.170307159423828,-160.02000427246094,-159.0,-154.1999969482422,-146.25,-139.0,-129.75,-122.80000305175781,-118.95000457763672,-112.95999145507812
31840,-138.05999755859375,15.630306243896484,15.601679801940918,0.7337579876184464,-138.05999755859375,-139.0,12.170307159423828,-160.02000427246094,-159.0,-154.1999969482422,-146.25,-139.0,-129.75,-122.80000305175781,-118.95000457763672,-112.95999145507812
31860,-138.05999755859375,15.62779426574707,15.598959922790527,0.7346606105566025,-138.05999755859375,-139.0,12.170307159423828,-160.02000427246094,-159.0,-154.1999969482422,-146.25,-139.0,-129.75,-122.80000305175781,-118.95000457763672,-112.95999145507812
31880,-138.05999755859375,15.627960205078125,15.598883628845215,0.7419988662004471,-138.05999755859375,-139.0,12.170307159423828,-160.02000427246094,-159.0,-154.1999969482422,-146.25,-139.0,-129.75,-122.80000305175781,-118.95000457763672,-112.95999145507812
31900,-138.05999755859375,15.619651794433594,15.5908842086792,0.7333132326602936,-138.05999755859375,-139.0,12.170307159423828,-160.02000427246094,-159.0,-154.1999969482422,-146.25,-139.0,-129.75,-122.80000305175781,-118.95000457763672,-112.95999145507812
31920,-138.05999755859375,15.610419273376465,15.58306884765625,0.7349385321140289,-138.05999755859375,-139.0,12.170307159423828,-160.02000427246094,-159.0,-154.1999969482422,-146.25,-139.0,-129.75,-122.80000305175781,-118.95000457763672,-112.95999145507812
31940,-138.05999755859375,15.607721328735352,15.578842163085938,0.7350764125585556,-138.05999755859375,-139.0,12.170307159423828,-160.02000427246094,-159.0,-154.1999969482422,-146.25,-139.0,-129.75,-122.80000305175781,-118.95000457763672,-112.95999145507812
31960,-138.05999755859375,15.60599422454834,15.578203201293945,0.7345664501190186,-138.05999755859375,-139.0,12.170307159423828,-160.02000427246094,-159.0,-154.1999969482422,-146.25,-139.0,-129.75,-122.80000305175781,-118.95000457763672,-112.95999145507812
31980,-138.05999755859375,15.612977981567383,15.585103988647461,0.7356370538473129,-138.05999755859375,-139.0,12.170307159423828,-160.02000427246094,-159.0,-154.1999969482422,-146.25,-139.0,-129.75,-122.80000305175781,-118.95000457763672,-112.95999145507812
32000,-138.05999755859375,15.609538078308105,15.58106803894043,0.7308379411697388,-138.05999755859375,-139.0,12.170307159423828,-160.02000427246094,-159.0,-154.1999969482422,-146.25,-139.0,-129.75,-122.80000305175781,-118.95000457763672,-112.95999145507812
32020,-138.05999755859375,15.608599662780762,15.580500602722168,0.72324538230896,-138.05999755859375,-139.0,12.170307159423828,-160.02000427246094,-159.0,-154.1999969482422,-146.25,-139.0,-129.75,-122.80000305175781,-118.95000457763672,-112.95999145507812
32040,-138.05999755859375,15.608444213867188,15.579906463623047,0.7262237370014191,-138.05999755859375,-139.0,12.170307159423828,-160.02000427246094,-159.0,-154.1999969482422,-146.25,-139.0,-129.75,-122.80000305175781,-118.95000457763672,-112.95999145507812
32060,-138.05999755859375,15.608535766601562,15.581357955932617,0.7186864465475082,-138.05999755859375,-139.0,12.170307159423828,-160.02000427246094,-159.0,-154.1999969482422,-146.25,-139.0,-129.75,-122.80000305175781,-118.95000457763672,-112.95999145507812
32080,-138.05999755859375,15.6090726852417,15.582538604736328,0.7251328676939011,-138.05999755859375,-139.0,12.170307159423828,-160.02000427246094,-159.0,-154.1999969482422,-146.25,-139.0,-129.75,-122.80000305175781,-118.95000457763672,-112.95999145507812
32100,-138.05999755859375,15.614241600036621,15.587196350097656,0.7280067503452301,-138.05999755859375,-139.0,12.170307159423828,-160.02000427246094,-159.0,-154.1999969482422,-146.25,-139.0,-129.75,-122.80000305175781,-118.95000457763672,-112.95999145507812
32120,-138.05999755859375,15.609399795532227,15.581850051879883,0.7268864959478378,-138.05999755859375,-139.0,12.170307159423828,-160.02000427246094,-159.0,-154.1999969482422,-146.25,-139.0,-129.75,-122.80000305175781,-118.95000457763672,-112.95999145507812
32140,-138.05999755859375,15.60837173461914,15.5813627243042,0.7282040417194366,-138.05999755859375,-139.0,12.170307159423828,-160.02000427246094,-159.0,-154.1999969482422,-146.25,-139.0,-129.75,-122.80000305175781,-118.95000457763672,-112.95999145507812
32160,-138.05999755859375,15.613727569580078,15.586955070495605,0.7291838973760605,-138.05999755859375,-139.0,12.170307159423828,-160.02000427246094,-159.0,-154.1999969482422,-146.25,-139.0,-129.75,-122.80000305175781,-118.95000457763672,-112.95999145507812
32180,-138.05999755859375,15.613615989685059,15.587261199951172,0.7263059467077255,-138.05999755859375,-139.0,12.170307159423828,-160.02000427246094,-159.0,-154.1999969482422,-146.25,-139.0,-129.75,-122.80000305175781,-118.95000457763672,-112.95999145507812
32200,-138.05999755859375,15.608247756958008,15.581399917602539,0.730456992983818,-138.05999755859375,-139.0,12.170307159423828,-160.02000427246094,-159.0,-154.1999969482422,-146.25,-139.0,-129.75,-122.80000305175781,-118.95000457763672,-112.95999145507812
32220,-138.05999755859375,15.61593246459961,15.58918571472168,0.7373096346855164,-138.05999755859375,-139.0,12.170307159423828,-160.02000427246094,-159.0,-154.1999969482422,-146.25,-139.0,-129.75,-122.80000305175781,-118.95000457763672,-112.95999145507812
32240,-138.05999755859375,15.618173599243164,15.59168529510498,0.7356118410825729,-138.05999755859375,-139.0,12.170307159423828,-160.02000427246094,-159.0,-154.1999969482422,-146.25,-139.0,-129.75,-122.80000305175781,-118.95000457763672,-112.95999145507812
32260,-138.05999755859375,15.625231742858887,15.599220275878906,0.7377811223268509,-138.05999755859375,-139.0,12.170307159423828,-160.02000427246094,-159.0,-154.1999969482422,-146.25,-139.0,-129.75,-122.80000305175781,-118.95000457763672,-112.95999145507812
32280,-138.05999755859375,15.625734329223633,15.599929809570312,0.7328470647335052,-138.05999755859375,-139.0,12.170307159423828,-160.02000427246094,-159.0,-154.1999969482422,-146.25,-139.0,-129.75,-122.80000305175781,-118.95000457763672,-112.95999145507812
32300,-138.05999755859375,15.624258041381836,15.598831176757812,0.7184345573186874,-138.05999755859375,-139.0,12.170307159423828,-160.02000427246094,-159.0,-154.1999969482422,-146.25,-139.0,-129.75,-122.80000305175781,-118.95000457763672,-112.95999145507812
32320,-138.05999755859375,15.619532585144043,15.594182968139648,0.7145740538835526,-138.05999755859375,-139.0,12.170307159423828,-160.02000427246094,-159.0,-154.1999969482422,-146.25,-139.0,-129.75,-122.80000305175781,-118.95000457763672,-112.95999145507812
32340,-138.05999755859375,15.620851516723633,15.595683097839355,0.7145727574825287,-138.05999755859375,-139.0,12.170307159423828,-160.02000427246094,-159.0,-154.1999969482422,-146.25,-139.0,-129.75,-122.80000305175781,-118.95000457763672,-112.95999145507812
32360,-138.05999755859375,15.618468284606934,15.593111038208008,0.7177840918302536,-138.05999755859375,-139.0,12.170307159423828,-160.02000427246094,-159.0,-154.1999969482422,-146.25,-139.0,-129.75,-122.80000305175781,-118.95000457763672,-112.95999145507812
32380,-138.05999755859375,15.62195873260498,15.596457481384277,0.7140553891658783,-138.05999755859375,-139.0,12.170307159423828,-160.02000427246094,-159.0,-154.1999969482422,-146.25,-139.0,-129.75,-122.80000305175781,-118.95000457763672,-112.95999145507812
32400,-138.05999755859375,15.621480941772461,15.595301628112793,0.7115169614553452,-138.05999755859375,-139.0,12.170307159423828,-160.02000427246094,-159.0,-154.1999969482422,-146.25,-139.0,-129.75,-122.80000305175781,-118.95000457763672,-112.95999145507812
32420,-138.05999755859375,15.624629020690918,15.599069595336914,0.7180794775485992,-138.05999755859375,-139.0,12.170307159423828,-160.02000427246094,-159.0,-154.1999969482422,-146.25,-139.0,-129.75,-122.80000305175781,-118.95000457763672,-112.95999145507812
32440,-138.05999755859375,15.626657485961914,15.6010160446167,0.7140723019838333,-138.05999755859375,-139.0,12.170307159423828,-160.02000427246094,-159.0,-154.1999969482422,-146.25,-139.0,-129.75,-122.80000305175781,-118.95000457763672,-112.95999145507812
32460,-138.05999755859375,15.626429557800293,15.60101318359375,0.712301179766655,-138.05999755859375,-139.0,12.170307159423828,-160.02000427246094,-159.0,-154.1999969482422,-146.25,-139.0,-129.75,-122.80000305175781,-118.95000457763672,-112.95999145507812
32480,-138.05999755859375,15.628097534179688,15.602938652038574,0.7088244408369064,-138.05999755859375,-139.0,12.170307159423828,-160.02000427246094,-159.0,-154.1999969482422,-146.25,-139.0,-129.75,-122.80000305175781,-118.95000457763672,-112.95999145507812
32500,-138.05999755859375,15.62500286102295,15.599818229675293,0.7110563516616821,-138.05999755859375,-139.0,12.170307159423828,-160.02000427246094,-159.0,-154.1999969482422,-146.25,-139.0,-129.75,-122.80000305175781,-118.95000457763672,-112.95999145507812
32520,-138.05999755859375,15.619853973388672,15.5949125289917,0.7067734748125076,-138.05999755859375,-139.0,12.170307159423828,-160.02000427246094,-159.0,-154.1999969482422,-146.25,-139.0,-129.75,-122.80000305175781,-118.95000457763672,-112.95999145507812
32540,-138.0800018310547,15.619093894958496,15.594164848327637,0.7111106365919113,-138.0800018310547,-139.0,12.193178176879883,-160.02000427246094,-159.0,-154.1999969482422,-146.25,-139.0,-129.75,-122.80000305175781,-118.95000457763672,-112.95999145507812
32560,-138.0800018310547,15.61286449432373,15.587824821472168,0.7079703658819199,-138.0800018310547,-139.0,12.193178176879883,-160.02000427246094,-159.0,-154.1999969482422,-146.25,-139.0,-129.75,-122.80000305175781,-118.95000457763672,-112.95999145507812
32580,-138.0800018310547,15.611555099487305,15.586668014526367,0.7065576761960983,-138.0800018310547,-139.0,12.193178176879883,-160.02000427246094,-159.0,-154.1999969482422,-146.25,-139.0,-129.75,-122.80000305175781,-118.95000457763672,-112.95999145507812
32600,-138.0800018310547,15.61234188079834,15.587145805358887,0.7097866237163544,-138.0800018310547,-139.0,12.193178176879883,-160.02000427246094,-159.0,-154.1999969482422,-146.25,-139.0,-129.75,-122.80000305175781,-118.95000457763672,-112.95999145507812
32620,-138.0800018310547,15.606101036071777,15.581098556518555,0.708455428481102,-138.0800018310547,-139.0,12.193178176879883,-160.02000427246094,-159.0,-154.1999969482422,-146.25,-139.0,-129.75,-122.80000305175781,-118.95000457763672,-112.95999145507812
32640,-138.0800018310547,15.604473114013672,15.579948425292969,0.7149242013692856,-138.0800018310547,-139.0,12.193178176879883,-160.02000427246094,-159.0,-154.1999969482422,-146.25,-139.0,-129.75,-122.80000305175781,-118.95000457763672,-112.95999145507812
32660,-138.0800018310547,15.611957550048828,15.58736801147461,0.7155348062515259,-138.0800018310547,-139.0,12.193178176879883,-160.02000427246094,-159.0,-154.1999969482422,-146.25,-139.0,-129.75,-122.80000305175781,-118.95000457763672,-112.95999145507812
32680,-138.0800018310547,15.605925559997559,15.580977439880371,0.7073104977607727,-138.0800018310547,-139.0,12.193178176879883,-160.02000427246094,-159.0,-154.1999969482422,-146.25,-139.0,-129.75,-122.80000305175781,-118.95000457763672,-112.95999145507812
32700,-138.0800018310547,15.602762222290039,15.577876091003418,0.7079716175794601,-138.0800018310547,-139.0,12.193178176879883,-160.02000427246094,-159.0,-154.1999969482422,-146.25,-139.0,-129.75,-122.80000305175781,-118.95000457763672,-112.95999145507812
32720,-138.0800018310547,15.609298706054688,15.58477783203125,0.7162722051143646,-138.0800018310547,-139.0,12.193178176879883,-160.02000427246094,-159.0,-154.1999969482422,-146.25,-139.0,-129.75,-122.80000305175781,-118.95000457763672,-112.95999145507812
32740,-138.0800018310547,15.608638763427734,15.58375358581543,0.7202213555574417,-138.0800018310547,-139.0,12.193178176879883,-160.02000427246094,-159.0,-154.1999969482422,-146.25,-139.0,-129.75,-122.80000305175781,-118.95000457763672,-112.95999145507812
32760,-138.0800018310547,15.60932445526123,15.584750175476074,0.7114991247653961,-138.0800018310547,-139.0,12.193178176879883,-160.02000427246094,-159.0,-154.1999969482422,-146.25,-139.0,-129.75,-122.80000305175781,-118.95000457763672,-112.95999145507812
32780,-138.0800018310547,15.603561401367188,15.5787992477417,0.7122941166162491,-138.0800018310547,-139.0,12.193178176879883,-160.02000427246094,-159.0,-154.1999969482422,-146.25,-139.0,-129.75,-122.80000305175781,-118.95000457763672,-112.95999145507812
32800,-138.0800018310547,15.607802391052246,15.582179069519043,0.7108487188816071,-138.0800018310547,-139.0,12.193178176879883,-160.02000427246094,-159.0,-154.1999969482422,-146.25,-139.0,-129.75,-122.80000305175781,-118.95000457763672,-112.95999145507812
32820,-138.0800018310547,15.608457565307617,15.582900047302246,0.7090891450643539,-138.0800018310547,-139.0,12.193178176879883,-160.02000427246094,-159.0,-154.1999969482422,-146.25,-139.0,-129.75,-122.80000305175781,-118.95000457763672,-112.95999145507812
32840,-138.0800018310547,15.606382369995117,15.580636978149414,0.706286832690239,-138.0800018310547,-139.0,12.193178176879883,-160.02000427246094,-159.0,-154.1999969482422,-146.25,-139.0,-129.75,-122.80000305175781,-118.95000457763672,-112.95999145507812
32860,-138.0800018310547,15.60338020324707,15.577655792236328,0.7065204977989197,-138.0800018310547,-139.0,12.193178176879883,-160.02000427246094,-159.0,-154.1999969482422,-146.25,-139.0,-129.75,-122.80000305175781,-118.95000457763672,-112.95999145507812
32880,-138.0800018310547,15.605567932128906,15.580442428588867,0.6998242735862732,-138.0800018310547,-139.0,12.193178176879883,-160.02000427246094,-159.0,-154.1999969482422,-146.25,-139.0,-129.75,-122.80000305175781,-118.95000457763672,-112.95999145507812
32900,-138.0800018310547,15.605456352233887,15.580058097839355,0.6974712908267975,-138.0800018310547,-139.0,12.193178176879883,-160.02000427246094,-159.0,-154.1999969482422,-146.25,-139.0,-129.75,-122.80000305175781,-118.95000457763672,-112.95999145507812
32920,-138.0800018310547,15.604314804077148,15.578453063964844,0.697960376739502,-138.0800018310547,-139.0,12.193178176879883,-160.02000427246094,-159.0,-154.1999969482422,-146.25,-139.0,-129.75,-122.80000305175781,-118.95000457763672,-112.95999145507812
32940,-138.0800018310547,15.611075401306152,15.58620834350586,0.6932180821895599,-138.0800018310547,-139.0,12.193178176879883,-160.02000427246094,-159.0,-154.1999969482422,-146.25,-139.0,-129.75,-122.80000305175781,-118.95000457763672,-112.95999145507812
32960,-138.0800018310547,15.610004425048828,15.584994316101074,0.6933330744504929,-138.0800018310547,-139.0,12.193178176879883,-160.02000427246094,-159.0,-154.1999969482422,-146.25,-139.0,-129.75,-122.80000305175781,-118.95000457763672,-112.95999145507812
32980,-138.0800018310547,15.610355377197266,15.585847854614258,0.6857076734304428,-138.0800018310547,-139.0,12.193178176879883,-160.02000427246094,-159.0,-154.1999969482422,-146.25,-139.0,-129.75,-122.80000305175781,-118.95000457763672,-112.95999145507812
33000,-138.0800018310547,15.613815307617188,15.58929443359375,0.6905389130115509,-138.0800018310547,-139.0,12.193178176879883,-160.02000427246094,-159.0,-154.1999969482422,-146.25,-139.0,-129.75,-122.80000305175781,-118.95000457763672,-112.95999145507812
33020,-138.0800018310547,15.608138084411621,15.582934379577637,0.693222776055336,-138.0800018310547,-139.0,12.193178176879883,-160.02000427246094,-159.0,-154.1999969482422,-146.25,-139.0,-129.75,-122.80000305175781,-118.95000457763672,-112.95999145507812
33040,-138.0800018310547,15.60915756225586,15.583221435546875,0.6985926330089569,-138.0800018310547,-139.0,12.193178176879883,-160.02000427246094,-159.0,-154.1999969482422,-146.25,-139.0,-129.75,-122.80000305175781,-118.95000457763672,-112.95999145507812
33060,-138.0800018310547,15.610442161560059,15.585680961608887,0.6907897740602493,-138.0800018310547,-139.0,12.193178176879883,-160.02000427246094,-159.0,-154.1999969482422,-146.25,-139.0,-129.75,-122.80000305175781,-118.95000457763672,-112.95999145507812
33080,-138.0800018310547,15.607494354248047,15.58298110961914,0.6873218864202499,-138.0800018310547,-139.0,12.193178176879883,-160.02000427246094,-159.0,-154.1999969482422,-146.25,-139.0,-129.75,-122.80000305175781,-118.95000457763672,-112.95999145507812
33100,-138.0800018310547,15.605167388916016,15.580459594726562,0.69024957716465,-138.0800018310547,-139.0,12.193178176879883,-160.02000427246094,-159.0,-154.1999969482422,-146.25,-139.0,-129.75,-122.80000305175781,-118.95000457763672,-112.95999145507812
33120,-138.0800018310547,15.60163402557373,15.577021598815918,0.6891306489706039,-138.0800018310547,-139.0,12.193178176879883,-160.02000427246094,-159.0,-154.1999969482422,-146.25,-139.0,-129.75,-122.80000305175781,-118.95000457763672,-112.95999145507812
33140,-138.0800018310547,15.593067169189453,15.568414688110352,0.6909437626600266,-138.0800018310547,-139.0,12.193178176879883,-160.02000427246094,-159.0,-154.1999969482422,-146.25,-139.0,-129.75,-122.80000305175781,-118.95000457763672,-112.95999145507812
33160,-138.0800018310547,15.585577011108398,15.561004638671875,0.6855592876672745,-138.0800018310547,-139.0,12.193178176879883,-160.02000427246094,-159.0,-154.1999969482422,-146.25,-139.0,-129.75,-122.80000305175781,-118.95000457763672,-112.95999145507812
33180,-138.0800018310547,15.58938980102539,15.564963340759277,0.6856989711523056,-138.0800018310547,-139.0,12.193178176879883,-160.02000427246094,-159.0,-154.1999969482422,-146.25,-139.0,-129.75,-122.80000305175781,-118.95000457763672,-112.95999145507812
33200,-138.0800018310547,15.583620071411133,15.557948112487793,0.6897688955068588,-138.0800018310547,-139.0,12.193178176879883,-160.02000427246094,-159.0,-154.1999969482422,-146.25,-139.0,-129.75,-122.80000305175781,-118.95000457763672,-112.95999145507812
33220,-138.0800018310547,15.589052200317383,15.564249992370605,0.68544040620327,-138.0800018310547,-139.0,12.193178176879883,-160.02000427246094,-159.0,-154.1999969482422,-146.25,-139.0,-129.75,-122.80000305175781,-118.95000457763672,-112.95999145507812
33240,-138.0800018310547,15.582293510437012,15.557340621948242,0.682147666811943,-138.0800018310547,-139.0,12.193178176879883,-160.02000427246094,-159.0,-154.1999969482422,-146.25,-139.0,-129.75,-122.80000305175781,-118.95000457763672,-112.95999145507812
33260,-138.0800018310547,15.595107078552246,15.570301055908203,0.6824555546045303,-138.0800018310547,-139.0,12.193178176879883,-160.02000427246094,-159.0,-154.1999969482422,-146.25,-139.0,-129.75,-122.80000305175781,-118.95000457763672,-112.95999145507812
33280,-138.0800018310547,15.59127426147461,15.566925048828125,0.6810159832239151,-138.0800018310547,-139.0,12.193178176879883,-160.02000427246094,-159.0,-154.1999969482422,-146.25,-139.0,-129.75,-122.80000305175781,-118.95000457763672,-112.95999145507812
33300,-138.0800018310547,15.578388214111328,15.554191589355469,0.6799627095460892,-138.0800018310547,-139.0,12.193178176879883,-160.02000427246094,-159.0,-154.1999969482422,-146.25,-139.0,-129.75,-122.80000305175781,-118.95000457763672,-112.95999145507812
33320,-138.0800018310547,15.579957962036133,15.555850982666016,0.680029422044754,-138.0800018310547,-139.0,12.193178176879883,-160.02000427246094,-159.0,-154.1999969482422,-146.25,-139.0,-129.75,-122.80000305175781,-118.95000457763672,-112.95999145507812
33340,-138.0800018310547,15.587492942810059,15.563417434692383,0.6749393790960312,-138.0800018310547,-139.0,12.193178176879883,-160.02000427246094,-159.0,-154.1999969482422,-146.25,-139.0,-129.75,-122.80000305175781,-118.95000457763672,-112.95999145507812
33360,-138.0800018310547,15.58599853515625,15.561392784118652,0.681741788983345,-138.0800018310547,-139.0,12.193178176879883,-160.02000427246094,-159.0,-154.1999969482422,-146.25,-139.0,-129.75,-122.80000305175781,-118.95000457763672,-112.95999145507812
33380,-138.0800018310547,15.59281063079834,15.568171501159668,0.681485578417778,-138.0800018310547,-139.0,12.193178176879883,-160.02000427246094,-159.0,-154.1999969482422,-146.25,-139.0,-129.75,-122.80000305175781,-118.95000457763672,-112.95999145507812
33400,-138.0800018310547,15.59426498413086,15.569265365600586,0.6792650520801544,-138.0800018310547,-139.0,12.193178176879883,-160.02000427246094,-159.0,-154.1999969482422,-146.25,-139.0,-129.75,-122.80000305175781,-118.95000457763672,-112.95999145507812
33420,-138.09999084472656,15.604307174682617,15.578570365905762,0.6817622631788254,-138.10000610351562,-139.0,12.19795036315918,-160.02000427246094,-159.0,-154.1999969482422,-146.25,-139.0,-129.75,-122.80000305175781,-118.95000457763672,-112.95999145507812
33440,-138.09999084472656,15.601055145263672,15.576693534851074,0.673773467540741,-138.10000610351562,-139.0,12.19795036315918,-160.02000427246094,-159.0,-154.1999969482422,-146.25,-139.0,-129.75,-122.80000305175781,-118.95000457763672,-112.95999145507812
33460,-138.09999084472656,15.608153343200684,15.5835599899292,0.6770293861627579,-138.10000610351562,-139.0,12.19795036315918,-160.02000427246094,-159.0,-154.1999969482422,-146.25,-139.0,-129.75,-122.80000305175781,-118.95000457763672,-112.95999145507812
33480,-138.09999084472656,15.611834526062012,15.587420463562012,0.6722137182950974,-138.10000610351562,-139.0,12.19795036315918,-160.02000427246094,-159.0,-154.1999969482422,-146.25,-139.0,-129.75,-122.80000305175781,-118.95000457763672,-112.95999145507812
33500,-138.09999084472656,15.609034538269043,15.583974838256836,0.6768631339073181,-138.10000610351562,-139.0,12.19795036315918,-160.02000427246094,-159.0,-154.1999969482422,-146.25,-139.0,-129.75,-122.80000305175781,-118.95000457763672,-112.95999145507812
33520,-138.09999084472656,15.60127067565918,15.5762357711792,0.6811170130968094,-138.10000610351562,-139.0,12.19795036315918,-160.02000427246094,-159.0,-154.1999969482422,-146.25,-139.0,-129.75,-122.80000305175781,-118.95000457763672,-112.95999145507812
33540,-138.09999084472656,15.606009483337402,15.58114242553711,0.6829924881458282,-138.10000610351562,-139.0,12.19795036315918,-160.02000427246094,-159.0,-154.1999969482422,-146.25,-139.0,-129.75,-122.80000305175781,-118.95000457763672,-112.95999145507812
33560,-138.09999084472656,15.606749534606934,15.582464218139648,0.6789531856775284,-138.10000610351562,-139.0,12.19795036315918,-160.02000427246094,-159.0,-154.1999969482422,-146.25,-139.0,-129.75,-122.80000305175781,-118.95000457763672,-112.95999145507812
33580,-138.09999084472656,15.603704452514648,15.579526901245117,0.6716932207345963,-138.10000610351562,-139.0,12.19795036315918,-160.02000427246094,-159.0,-154.1999969482422,-146.25,-139.0,-129.75,-122.80000305175781,-118.95000457763672,-112.95999145507812
33600,-138.09999084472656,15.607027053833008,15.583213806152344,0.676989957690239,-138.10000610351562,-139.0,12.19795036315918,-160.02000427246094,-159.0,-154.1999969482422,-146.25,-139.0,-129.75,-122.80000305175781,-118.95000457763672,-112.95999145507812
33620,-138.09999084472656,15.60755443572998,15.583663940429688,0.6720440238714218,-138.10000610351562,-139.0,12.19795036315918,-160.02000427246094,-159.0,-154.1999969482422,-146.25,-139.0,-129.75,-122.80000305175781,-118.95000457763672,-112.95999145507812
33640,-138.09999084472656,15.602789878845215,15.578863143920898,0.6760712414979935,-138.10000610351562,-139.0,12.19795036315918,-160.02000427246094,-159.0,-154.1999969482422,-146.25,-139.0,-129.75,-122.80000305175781,-118.95000457763672,-112.95999145507812
33660,-138.09999084472656,15.609569549560547,15.585256576538086,0.6729232221841812,-138.10000610351562,-139.0,12.19795036315918,-160.02000427246094,-159.0,-154.1999969482422,-146.25,-139.0,-129.75,-122.80000305175781,-118.95000457763672,-112.95999145507812
33680,-138.09999084472656,15.60478401184082,15.580900192260742,0.6696992963552475,-138.10000610351562,-139.0,12.19795036315918,-160.02000427246094,-159.0,-154.1999969482422,-146.25,-139.0,-129.75,-122.80000305175781,-118.95000457763672,-112.95999145507812
33700,-138.09999084472656,15.605321884155273,15.581210136413574,0.6686726212501526,-138.10000610351562,-139.0,12.19795036315918,-160.02000427246094,-159.0,-154.1999969482422,-146.25,-139.0,-129.75,-122.80000305175781,-118.95000457763672,-112.95999145507812
33720,-138.09999084472656,15.60513687133789,15.580997467041016,0.6657250225543976,-138.10000610351562,-139.0,12.19795036315918,-160.02000427246094,-159.0,-154.1999969482422,-146.25,-139.0,-129.75,-122.80000305175781,-118.95000457763672,-112.95999145507812
33740,-138.09999084472656,15.591060638427734,15.56733512878418,0.6675568073987961,-138.10000610351562,-139.0,12.19795036315918,-160.02000427246094,-159.0,-154.1999969482422,-146.25,-139.0,-129.75,-122.80000305175781,-118.95000457763672,-112.95999145507812
33760,-138.09999084472656,15.588240623474121,15.564336776733398,0.6609648317098618,-138.10000610351562,-139.0,12.19795036315918,-160.02000427246094,-159.0,-154.1999969482422,-146.25,-139.0,-129.75,-122.80000305175781,-118.95000457763672,-112.95999145507812
33780,-138.09999084472656,15.59946060180664,15.575739860534668,0.6550497114658356,-138.10000610351562,-139.0,12.19795036315918,-160.02000427246094,-159.0,-154.1999969482422,-146.25,-139.0,-129.75,-122.80000305175781,-118.95000457763672,-112.95999145507812
33800,-138.09999084472656,15.595735549926758,15.571891784667969,0.6548086404800415,-138.10000610351562,-139.0,12.19795036315918,-160.02000427246094,-159.0,-154.1999969482422,-146.25,-139.0,-129.75,-122.80000305175781,-118.95000457763672,-112.95999145507812
33820,-138.09999084472656,15.596742630004883,15.572321891784668,0.6639634966850281,-138.10000610351562,-139.0,12.19795036315918,-160.02000427246094,-159.0,-154.1999969482422,-146.25,-139.0,-129.75,-122.80000305175781,-118.95000457763672,-112.95999145507812
33840,-138.09999084472656,15.597333908081055,15.573486328125,0.6585386693477631,-138.10000610351562,-139.0,12.19795036315918,-160.02000427246094,-159.0,-154.1999969482422,-146.25,-139.0,-129.75,-122.80000305175781,-118.95000457763672,-112.95999145507812
33860,-138.09999084472656,15.594287872314453,15.570995330810547,0.6547580808401108,-138.10000610351562,-139.0,12.19795036315918,-160.02000427246094,-159.0,-154.1999969482422,-146.25,-139.0,-129.75,-122.80000305175781,-118.95000457763672,-112.95999145507812
33880,-138.09999084472656,15.593759536743164,15.570887565612793,0.657928392291069,-138.10000610351562,-139.0,12.19795036315918,-160.02000427246094,-159.0,-154.1999969482422,-146.25,-139.0,-129.75,-122.80000305175781,-118.95000457763672,-112.95999145507812
33900,-138.09999084472656,15.598578453063965,15.574554443359375,0.6647606790065765,-138.10000610351562,-139.0,12.19795036315918,-160.02000427246094,-159.0,-154.1999969482422,-146.25,-139.0,-129.75,-122.80000305175781,-118.95000457763672,-112.95999145507812
33920,-138.09999084472656,15.599085807800293,15.575130462646484,0.66196009516716,-138.10000610351562,-139.0,12.19795036315918,-160.02000427246094,-159.0,-154.1999969482422,-146.25,-139.0,-129.75,-122.80000305175781,-118.95000457763672,-112.95999145507812
33940,-138.09999084472656,15.592963218688965,15.569313049316406,0.6593246012926102,-138.10000610351562,-139.0,12.19795036315918,-160.02000427246094,-159.0,-154.1999969482422,-146.25,-139.0,-129.75,-122.80000305175781,-118.95000457763672,-112.95999145507812
33960,-138.09999084472656,15.594091415405273,15.570144653320312,0.6630896329879761,-138.10000610351562,-139.0,12.19795036315918,-160.02000427246094,-159.0,-154.1999969482422,-146.25,-139.0,-129.75,-122.80000305175781,-118.95000457763672,-112.95999145507812
33980,-138.09999084472656,15.587730407714844,15.563494682312012,0.6567028164863586,-138.10000610351562,-139.0,12.19795036315918,-160.02000427246094,-159.0,-154.1999969482422,-146.25,-139.0,-129.75,-122.80000305175781,-118.95000457763672,-112.95999145507812
34000,-138.09999084472656,15.591727256774902,15.56836223602295,0.6580979079008102,-138.10000610351562,-139.0,12.19795036315918,-160.02000427246094,-159.0,-154.1999969482422,-146.25,-139.0,-129.75,-122.80000305175781,-118.95000457763672,-112.95999145507812
34020,-138.09999084472656,15.592822074890137,15.569890975952148,0.656152069568634,-138.10000610351562,-139.0,12.19795036315918,-160.02000427246094,-159.0,-154.1999969482422,-146.25,-139.0,-129.75,-122.80000305175781,-118.95000457763672,-112.95999145507812
34040,-138.09999084472656,15.595927238464355,15.573134422302246,0.6579055488109589,-138.10000610351562,-139.0,12.19795036315918,-160.02000427246094,-159.0,-154.1999969482422,-146.25,-139.0,-129.75,-122.80000305175781,-118.95000457763672,-112.95999145507812
34060,-138.09999084472656,15.585010528564453,15.562281608581543,0.6540252715349197,-138.10000610351562,-139.0,12.19795036315918,-160.02000427246094,-159.0,-154.1999969482422,-146.25,-139.0,-129.75,-122.80000305175781,-118.95000457763672,-112.95999145507812
34080,-138.09999084472656,15.583052635192871,15.560651779174805,0.6458840668201447,-138.10000610351562,-139.0,12.19795036315918,-160.02000427246094,-159.0,-154.1999969482422,-146.25,-139.0,-129.75,-122.80000305175781,-118.95000457763672,-112.95999145507812
34100,-138.09999084472656,15.579809188842773,15.55664348602295,0.6444171667098999,-138.10000610351562,-139.0,12.19795036315918,-160.02000427246094,-159.0,-154.1999969482422,-146.25,-139.0,-129.75,-122.80000305175781,-118.95000457763672,-112.95999145507812
34120,-138.09999084472656,15.581022262573242,15.557024002075195,0.6455092877149582,-138.10000610351562,-139.0,12.19795036315918,-160.02000427246094,-159.0,-154.1999969482422,-146.25,-139.0,-129.75,-122.80000305175781,-118.95000457763672,-112.95999145507812
34140,-138.09999084472656,15.588743209838867,15.565139770507812,0.6415202021598816,-138.10000610351562,-139.0,12.19795036315918,-160.02000427246094,-159.0,-154.1999969482422,-146.25,-139.0,-129.75,-122.80000305175781,-118.95000457763672,-112.95999145507812
34160,-138.09999084472656,15.588790893554688,15.5654935836792,0.6450528204441071,-138.10000610351562,-139.0,12.19795036315918,-160.02000427246094,-159.0,-154.1999969482422,-146.25,-139.0,-129.75,-122.80000305175781,-118.95000457763672,-112.95999145507812
34180,-138.09999084472656,15.590328216552734,15.567596435546875,0.6464445292949677,-138.10000610351562,-139.0,12.19795036315918,-160.02000427246094,-159.0,-154.1999969482422,-146.25,-139.0,-129.75,-122.80000305175781,-118.95000457763672,-112.95999145507812
34200,-138.09999084472656,15.591243743896484,15.568565368652344,0.6462621688842773,-138.10000610351562,-139.0,12.19795036315918,-160.02000427246094,-159.0,-154.1999969482422,-146.25,-139.0,-129.75,-122.80000305175781,-118.95000457763672,-112.95999145507812
34220,-138.09999084472656,15.588301658630371,15.565683364868164,0.6436194032430649,-138.10000610351562,-139.0,12.19795036315918,-160.02000427246094,-159.0,-154.1999969482422,-146.25,-139.0,-129.75,-122.80000305175781,-118.95000457763672,-112.95999145507812
34240,-138.09999084472656,15.592375755310059,15.569572448730469,0.6472016870975494,-138.10000610351562,-139.0,12.19795036315918,-160.02000427246094,-159.0,-154.1999969482422,-146.25,-139.0,-129.75,-122.80000305175781,-118.95000457763672,-112.95999145507812
34260,-138.09999084472656,15.586868286132812,15.563661575317383,0.6577651351690292,-138.10000610351562,-139.0,12.19795036315918,-160.02000427246094,-159.0,-154.1999969482422,-146.25,-139.0,-129.75,-122.80000305175781,-118.95000457763672,-112.95999145507812
34280,-138.09999084472656,15.577665328979492,15.554584503173828,0.6568155288696289,-138.10000610351562,-139.0,12.19795036315918,-160.02000427246094,-159.0,-154.1999969482422,-146.25,-139.0,-129.75,-122.80000305175781,-118.95000457763672,-112.95999145507812
34300,-138.09999084472656,15.58279037475586,15.55982780456543,0.6599868386983871,-138.10000610351562,-139.0,12.19795036315918,-160.02000427246094,-159.0,-154.1999969482422,-146.25,-139.0,-129.75,-122.80000305175781,-118.95000457763672,-112.95999145507812
34320,-138.09999084472656,15.585097312927246,15.562339782714844,0.6515365689992905,-138.10000610351562,-139.0,12.19795036315918,-160.02000427246094,-159.0,-154.1999969482422,-146.25,-139.0,-129.75,-122.80000305175781,-118.95000457763672,-112.95999145507812
34340,-138.09999084472656,15.59088134765625,15.568099975585938,0.6531158685684204,-138.10000610351562,-139.0,12.19795036315918,-160.02000427246094,-159.0,-154.1999969482422,-146.25,-139.0,-129.75,-122.80000305175781,-118.95000457763672,-112.95999145507812
34360,-138.09999084472656,15.591910362243652,15.56915283203125,0.6496037989854813,-138.10000610351562,-139.0,12.19795036315918,-160.02000427246094,-159.0,-154.1999969482422,-146.25,-139.0,-129.75,-122.80000305175781,-118.95000457763672,-112.95999145507812
34380,-138.09999084472656,15.602439880371094,15.579952239990234,0.649385467171669,-138.10000610351562,-139.0,12.19795036315918,-160.02000427246094,-159.0,-154.1999969482422,-146.25,-139.0,-129.75,-122.80000305175781,-118.95000457763672,-112.95999145507812
34400,-138.09999084472656,15.598315238952637,15.575733184814453,0.649656131863594,-138.10000610351562,-139.0,12.19795036315918,-160.02000427246094,-159.0,-154.1999969482422,-146.25,-139.0,-129.75,-122.80000305175781,-118.95000457763672,-112.95999145507812
34420,-138.09999084472656,15.595541954040527,15.573031425476074,0.6475150436162949,-138.10000610351562,-139.0,12.19795036315918,-160.02000427246094,-159.0,-154.1999969482422,-146.25,-139.0,-129.75,-122.80000305175781,-118.95000457763672,-112.95999145507812
34440,-138.09999084472656,15.606725692749023,15.583635330200195,0.6562315225601196,-138.10000610351562,-139.0,12.19795036315918,-160.02000427246094,-159.0,-154.1999969482422,-146.25,-139.0,-129.75,-122.80000305175781,-118.95000457763672,-112.95999145507812
34460,-138.09999084472656,15.620162963867188,15.597376823425293,0.6504325568675995,-138.10000610351562,-139.0,12.19795036315918,-160.02000427246094,-159.0,-154.1999969482422,-146.25,-139.0,-129.75,-122.80000305175781,-118.95000457763672,-112.95999145507812
34480,-138.09999084472656,15.617485046386719,15.594470977783203,0.6561894416809082,-138.10000610351562,-139.0,12.19795036315918,-160.02000427246094,-159.0,-154.1999969482422,-146.25,-139.0,-129.75,-122.80000305175781,-118.95000457763672,-112.95999145507812
34500,-138.09999084472656,15.617403984069824,15.594596862792969,0.6535409092903137,-138.10000610351562,-139.0,12.19795036315918,-160.02000427246094,-159.0,-154.1999969482422,-146.25,-139.0,-129.75,-122.80000305175781,-118.95000457763672,-112.95999145507812
34520,-138.09999084472656,15.609891891479492,15.586771965026855,0.6534581482410431,-138.10000610351562,-139.0,12.19795036315918,-160.02000427246094,-159.0,-154.1999969482422,-146.25,-139.0,-129.75,-122.80000305175781,-118.95000457763672,-112.95999145507812
34540,-138.09999084472656,15.61243724822998,15.589377403259277,0.6548722237348557,-138.10000610351562,-139.0,12.19795036315918,-160.02000427246094,-159.0,-154.1999969482422,-146.25,-139.0,-129.75,-122.80000305175781,-118.95000457763672,-112.95999145507812
34560,-138.09999084472656,15.613576889038086,15.590731620788574,0.6480829268693924,-138.10000610351562,-139.0,12.19795036315918,-160.02000427246094,-159.0,-154.1999969482422,-146.25,-139.0,-129.75,-122.80000305175781,-118.95000457763672,-112.95999145507812
34580,-138.09999084472656,15.607030868530273,15.583983421325684,0.6492692828178406,-138.10000610351562,-139.0,12.19795036315918,-160.02000427246094,-159.0,-154.1999969482422,-146.25,-139.0,-129.75,-122.80000305175781,-118.95000457763672,-112.95999145507812
34600,-138.09999084472656,15.616957664489746,15.594451904296875,0.6489540189504623,-138.10000610351562,-139.0,12.19795036315918,-160.02000427246094,-159.0,-154.1999969482422,-146.25,-139.0,-129.75,-122.80000305175781,-118.95000457763672,-112.95999145507812
34620,-138.09999084472656,15.609516143798828,15.586843490600586,0.6563321799039841,-138.10000610351562,-139.0,12.19795036315918,-160.02000427246094,-159.0,-154.1999969482422,-146.25,-139.0,-129.75,-122.80000305175781,-118.95000457763672,-112.95999145507812
34640,-138.09999084472656,15.59994125366211,15.577592849731445,0.653180718421936,-138.10000610351562,-139.0,12.19795036315918,-160.02000427246094,-159.0,-154.1999969482422,-146.25,-139.0,-129.75,-122.80000305175781,-118.95000457763672,-112.95999145507812
34660,-138.09999084472656,15.592620849609375,15.570104598999023,0.6493808776140213,-138.10000610351562,-139.0,12.19795036315918,-160.02000427246094,-159.0,-154.1999969482422,-146.25,-139.0,-129.75,-122.80000305175781,-118.95000457763672,-112.95999145507812
34680,-138.09999084472656,15.589254379272461,15.566719055175781,0.6440439224243164,-138.10000610351562,-139.0,12.19795036315918,-160.02000427246094,-159.0,-154.1999969482422,-146.25,-139.0,-129.75,-122.80000305175781,-118.95000457763672,-112.95999145507812
34700,-138.09999084472656,15.590041160583496,15.567279815673828,0.6484953463077545,-138.10000610351562,-139.0,12.19795036315918,-160.02000427246094,-159.0,-154.1999969482422,-146.25,-139.0,-129.75,-122.80000305175781,-118.95000457763672,-112.95999145507812
34720,-138.09999084472656,15.589569091796875,15.566793441772461,0.644684687256813,-138.10000610351562,-139.0,12.19795036315918,-160.02000427246094,-159.0,-154.1999969482422,-146.25,-139.0,-129.75,-122.80000305175781,-118.95000457763672,-112.95999145507812
34740,-138.09999084472656,15.58974838256836,15.566793441772461,0.6441101878881454,-138.10000610351562,-139.0,12.19795036315918,-160.02000427246094,-159.0,-154.1999969482422,-146.25,-139.0,-129.75,-122.80000305175781,-118.95000457763672,-112.95999145507812
34760,-138.09999084472656,15.589410781860352,15.56631088256836,0.6469972133636475,-138.10000610351562,-139.0,12.19795036315918,-160.02000427246094,-159.0,-154.1999969482422,-146.25,-139.0,-129.75,-122.80000305175781,-118.95000457763672,-112.95999145507812
34780,-138.09999084472656,15.588987350463867,15.565531730651855,0.6510791927576065,-138.10000610351562,-139.0,12.19795036315918,-160.02000427246094,-159.0,-154.1999969482422,-146.25,-139.0,-129.75,-122.80000305175781,-118.95000457763672,-112.95999145507812
34800,-138.09999084472656,15.588544845581055,15.565886497497559,0.651473268866539,-138.10000610351562,-139.0,12.19795036315918,-160.02000427246094,-159.0,-154.1999969482422,-146.25,-139.0,-129.75,-122.80000305175781,-118.95000457763672,-112.95999145507812
34820,-138.09999084472656,15.588066101074219,15.565634727478027,0.6424098014831543,-138.10000610351562,-139.0,12.19795036315918,-160.02000427246094,-159.0,-154.1999969482422,-146.25,-139.0,-129.75,-122.80000305175781,-118.95000457763672,-112.95999145507812
34840,-138.09999084472656,15.583221435546875,15.560577392578125,0.6348126530647278,-138.10000610351562,-139.0,12.19795036315918,-160.02000427246094,-159.0,-154.1999969482422,-146.25,-139.0,-129.75,-122.80000305175781,-118.95000457763672,-112.95999145507812
34860,-138.09999084472656,15.585636138916016,15.563390731811523,0.6323729455471039,-138.10000610351562,-139.0,12.19795036315918,-160.02000427246094,-159.0,-154.1999969482422,-146.25,-139.0,-129.75,-122.80000305175781,-118.95000457763672,-112.95999145507812
34880,-138.09999084472656,15.589811325073242,15.567361831665039,0.631286233663559,-138.10000610351562,-139.0,12.19795036315918,-160.02000427246094,-159.0,-154.1999969482422,-146.25,-139.0,-129.75,-122.80000305175781,-118.95000457763672,-112.95999145507812
34900,-138.09999084472656,15.582160949707031,15.560009002685547,0.6339211165904999,-138.10000610351562,-139.0,12.19795036315918,-160.02000427246094,-159.0,-154.1999969482422,-146.25,-139.0,-129.75,-122.80000305175781,-118.95000457763672,-112.95999145507812
34920,-138.09999084472656,15.58669662475586,15.564132690429688,0.6362899839878082,-138.10000610351562,-139.0,12.19795036315918,-160.02000427246094,-159.0,-154.1999969482422,-146.25,-139.0,-129.75,-122.80000305175781,-118.95000457763672,-112.95999145507812
34940,-138.09999084472656,15.594447135925293,15.571952819824219,0.6345322132110596,-138.10000610351562,-139.0,12.19795036315918,-160.02000427246094,-159.0,-154.1999969482422,-146.25,-139.0,-129.75,-122.80000305175781,-118.95000457763672,-112.95999145507812
34960,-138.09999084472656,15.5903959274292,15.568235397338867,0.631145641207695,-138.10000610351562,-139.0,12.19795036315918,-160.02000427246094,-159.0,-154.1999969482422,-146.25,-139.0,-129.75,-122.80000305175781,-118.95000457763672,-112.95999145507812
34980,-138.09999084472656,15.59991455078125,15.57801628112793,0.6319117844104767,-138.10000610351562,-139.0,12.19795036315918,-160.02000427246094,-159.0,-154.1999969482422,-146.25,-139.0,-129.75,-122.80000305175781,-118.95000457763672,-112.95999145507812
35000,-138.09999084472656,15.598682403564453,15.576601028442383,0.6323836296796799,-138.10000610351562,-139.0,12.19795036315918,-160.02000427246094,-159.0,-154.1999969482422,-146.25,-139.0,-129.75,-122.80000305175781,-118.95000457763672,-112.95999145507812
35020,-138.09999084472656,15.597770690917969,15.575706481933594,0.6302591115236282,-138.10000610351562,-139.0,12.19795036315918,-160.02000427246094,-159.0,-154.1999969482422,-146.25,-139.0,-129.75,-122.80000305175781,-118.95000457763672,-112.95999145507812
35040,-138.09999084472656,15.600915908813477,15.578661918640137,0.6303552985191345,-138.10000610351562,-139.0,12.19795036315918,-160.02000427246094,-159.0,-154.1999969482422,-146.25,-139.0,-129.75,-122.80000305175781,-118.95000457763672,-112.95999145507812
35060,-138.09999084472656,15.599803924560547,15.577452659606934,0.6334049552679062,-138.10000610351562,-139.0,12.19795036315918,-160.02000427246094,-159.0,-154.1999969482422,-146.25,-139.0,-129.75,-122.80000305175781,-118.95000457763672,-112.95999145507812
35080,-138.09999084472656,15.603826522827148,15.581572532653809,0.6293429583311081,-138.10000610351562,-139.0,12.19795036315918,-160.02000427246094,-159.0,-154.1999969482422,-146.25,-139.0,-129.75,-122.80000305175781,-118.95000457763672,-112.95999145507812
35100,-138.09999084472656,15.599725723266602,15.57731819152832,0.6306425631046295,-138.10000610351562,-139.0,12.19795036315918,-160.02000427246094,-159.0,-154.1999969482422,-146.25,-139.0,-129.75,-122.80000305175781,-118.95000457763672,-112.95999145507812
35120,-138.09999084472656,15.604449272155762,15.582275390625,0.6322519481182098,-138.10000610351562,-139.0,12.19795036315918,-160.02000427246094,-159.0,-154.1999969482422,-146.25,-139.0,-129.75,-122.80000305175781,-118.95000457763672,-112.95999145507812
35140,-138.09999084472656,15.604923248291016,15.582643508911133,0.6319952011108398,-138.10000610351562,-139.0,12.19795036315918,-160.02000427246094,-159.0,-154.1999969482422,-146.25,-139.0,-129.75,-122.80000305175781,-118.95000457763672,-112.95999145507812
35160,-138.09999084472656,15.60357666015625,15.581388473510742,0.6343686133623123,-138.10000610351562,-139.0,12.19795036315918,-160.02000427246094,-159.0,-154.1999969482422,-146.25,-139.0,-129.75,-122.80000305175781,-118.95000457763672,-112.95999145507812
35180,-138.09999084472656,15.599455833435059,15.577253341674805,0.6300818622112274,-138.10000610351562,-139.0,12.19795036315918,-160.02000427246094,-159.0,-154.1999969482422,-146.25,-139.0,-129.75,-122.80000305175781,-118.95000457763672,-112.95999145507812
35200,-138.09999084472656,15.601215362548828,15.57948112487793,0.6338596791028976,-138.10000610351562,-139.0,12.19795036315918,-160.02000427246094,-159.0,-154.1999969482422,-146.25,-139.0,-129.75,-122.80000305175781,-118.95000457763672,-112.95999145507812
35220,-138.09999084472656,15.60190200805664,15.580268859863281,0.6371293216943741,-138.10000610351562,-139.0,12.19795036315918,-160.02000427246094,-159.0,-154.1999969482422,-146.25,-139.0,-129.75,-122.80000305175781,-118.95000457763672,-112.95999145507812
35240,-138.09999084472656,15.601871490478516,15.580520629882812,0.6310254037380219,-138.10000610351562,-139.0,12.19795036315918,-160.02000427246094,-159.0,-154.1999969482422,-146.25,-139.0,-129.75,-122.80000305175781,-118.95000457763672,-112.95999145507812
35260,-138.09999084472656,15.598833084106445,15.577323913574219,0.6356019824743271,-138.10000610351562,-139.0,12.19795036315918,-160.02000427246094,-159.0,-154.1999969482422,-146.25,-139.0,-129.75,-122.80000305175781,-118.95000457763672,-112.95999145507812
35280,-138.09999084472656,15.597884178161621,15.576194763183594,0.6365926861763,-138.10000610351562,-139.0,12.19795036315918,-160.02000427246094,-159.0,-154.1999969482422,-146.25,-139.0,-129.75,-122.80000305175781,-118.95000457763672,-112.95999145507812
35300,-138.09999084472656,15.599250793457031,15.576513290405273,0.634523868560791,-138.10000610351562,-139.0,12.19795036315918,-160.02000427246094,-159.0,-154.1999969482422,-146.25,-139.0,-129.75,-122.80000305175781,-118.95000457763672,-112.95999145507812
35320,-138.09999084472656,15.602500915527344,15.580470085144043,0.6273195147514343,-138.10000610351562,-139.0,12.19795036315918,-160.02000427246094,-159.0,-154.1999969482422,-146.25,-139.0,-129.75,-122.80000305175781,-118.95000457763672,-112.95999145507812
35340,-138.09999084472656,15.598804473876953,15.576700210571289,0.6318523436784744,-138.10000610351562,-139.0,12.19795036315918,-160.02000427246094,-159.0,-154.1999969482422,-146.25,-139.0,-129.75,-122.80000305175781,-118.95000457763672,-112.95999145507812
35360,-138.09999084472656,15.591269493103027,15.569572448730469,0.6318706125020981,-138.10000610351562,-139.0,12.19795036315918,-160.02000427246094,-159.0,-154.1999969482422,-146.25,-139.0,-129.75,-122.80000305175781,-118.95000457763672,-112.95999145507812
35380,-138.09999084472656,15.59268569946289,15.571273803710938,0.6312612295150757,-138.10000610351562,-139.0,12.19795036315918,-160.02000427246094,-159.0,-154.1999969482422,-146.25,-139.0,-129.75,-122.80000305175781,-118.95000457763672,-112.95999145507812
35400,-138.09999084472656,15.590177536010742,15.568571090698242,0.6355910450220108,-138.10000610351562,-139.0,12.19795036315918,-160.02000427246094,-159.0,-154.1999969482422,-146.25,-139.0,-129.75,-122.80000305175781,-118.95000457763672,-112.95999145507812
35420,-138.09999084472656,15.59515380859375,15.573280334472656,0.6320349127054214,-138.10000610351562,-139.0,12.19795036315918,-160.02000427246094,-159.0,-154.1999969482422,-146.25,-139.0,-129.75,-122.80000305175781,-118.95000457763672,-112.95999145507812
35440,-138.09999084472656,15.6000394821167,15.578361511230469,0.63392373919487,-138.10000610351562,-139.0,12.19795036315918,-160.02000427246094,-159.0,-154.1999969482422,-146.25,-139.0,-129.75,-122.80000305175781,-118.95000457763672,-112.95999145507812
35460,-138.09999084472656,15.598459243774414,15.576910018920898,0.6294344216585159,-138.10000610351562,-139.0,12.19795036315918,-160.02000427246094,-159.0,-154.1999969482422,-146.25,-139.0,-129.75,-122.80000305175781,-118.95000457763672,-112.95999145507812
35480,-138.09999084472656,15.599248886108398,15.576892852783203,0.6322319060564041,-138.10000610351562,-139.0,12.19795036315918,-160.02000427246094,-159.0,-154.1999969482422,-146.25,-139.0,-129.75,-122.80000305175781,-118.95000457763672,-112.95999145507812
35500,-138.09999084472656,15.601344108581543,15.579143524169922,0.6360846757888794,-138.10000610351562,-139.0,12.19795036315918,-160.02000427246094,-159.0,-154.1999969482422,-146.25,-139.0,-129.75,-122.80000305175781,-118.95000457763672,-112.95999145507812
35520,-138.09999084472656,15.59787654876709,15.575386047363281,0.6325080841779709,-138.10000610351562,-139.0,12.19795036315918,-160.02000427246094,-159.0,-154.1999969482422,-146.25,-139.0,-129.75,-122.80000305175781,-118.95000457763672,-112.95999145507812
35540,-138.09999084472656,15.601043701171875,15.578523635864258,0.632135346531868,-138.10000610351562,-139.0,12.19795036315918,-160.02000427246094,-159.0,-154.1999969482422,-146.25,-139.0,-129.75,-122.80000305175781,-118.95000457763672,-112.95999145507812
35560,-138.09999084472656,15.604289054870605,15.582212448120117,0.6327011585235596,-138.10000610351562,-139.0,12.19795036315918,-160.02000427246094,-159.0,-154.1999969482422,-146.25,-139.0,-129.75,-122.80000305175781,-118.95000457763672,-112.95999145507812
35580,-138.09999084472656,15.605337142944336,15.582625389099121,0.6354588568210602,-138.10000610351562,-139.0,12.19795036315918,-160.02000427246094,-159.0,-154.1999969482422,-146.25,-139.0,-129.75,-122.80000305175781,-118.95000457763672,-112.95999145507812
35600,-138.09999084472656,15.60413932800293,15.580572128295898,0.6357357352972031,-138.10000610351562,-139.0,12.19795036315918,-160.02000427246094,-159.0,-154.1999969482422,-146.25,-139.0,-129.75,-122.80000305175781,-118.95000457763672,-112.95999145507812
35620,-138.09999084472656,15.609374046325684,15.585917472839355,0.6361746937036514,-138.10000610351562,-139.0,12.19795036315918,-160.02000427246094,-159.0,-154.1999969482422,-146.25,-139.0,-129.75,-122.80000305175781,-118.95000457763672,-112.95999145507812
35640,-138.09999084472656,15.61393928527832,15.591022491455078,0.6354877799749374,-138.10000610351562,-139.0,12.19795036315918,-160.02000427246094,-159.0,-154.1999969482422,-146.25,-139.0,-129.75,-122.80000305175781,-118.95000457763672,-112.95999145507812
35660,-138.09999084472656,15.612117767333984,15.58922004699707,0.6309233009815216,-138.10000610351562,-139.0,12.19795036315918,-160.02000427246094,-159.0,-154.1999969482422,-146.25,-139.0,-129.75,-122.80000305175781,-118.95000457763672,-112.95999145507812
35680,-138.09999084472656,15.609400749206543,15.585760116577148,0.631013959646225,-138.10000610351562,-139.0,12.19795036315918,-160.02000427246094,-159.0,-154.1999969482422,-146.25,-139.0,-129.75,-122.80000305175781,-118.95000457763672,-112.95999145507812
35700,-138.09999084472656,15.599348068237305,15.575636863708496,0.6365531161427498,-138.10000610351562,-139.0,12.19795036315918,-160.02000427246094,-159.0,-154.1999969482422,-146.25,-139.0,-129.75,-122.80000305175781,-118.95000457763672,-112.95999145507812
35720,-138.09999084472656,15.597087860107422,15.573202133178711,0.6341682970523834,-138.10000610351562,-139.0,12.19795036315918,-160.02000427246094,-159.0,-154.1999969482422,-146.25,-139.0,-129.75,-122.80000305175781,-118.95000457763672,-112.95999145507812
35740,-138.09999084472656,15.601446151733398,15.577991485595703,0.6396297812461853,-138.10000610351562,-139.0,12.19795036315918,-160.02000427246094,-159.0,-154.1999969482422,-146.25,-139.0,-129.75,-122.80000305175781,-118.95000457763672,-112.95999145507812
35760,-138.09999084472656,15.59804916381836,15.575180053710938,0.6396025121212006,-138.10000610351562,-139.0,12.19795036315918,-160.02000427246094,-159.0,-154.1999969482422,-146.25,-139.0,-129.75,-122.80000305175781,-118.95000457763672,-112.95999145507812
35780,-138.09999084472656,15.601634979248047,15.578866958618164,0.6324076503515244,-138.10000610351562,-139.0,12.19795036315918,-160.02000427246094,-159.0,-154.1999969482422,-146.25,-139.0,-129.75,-122.80000305175781,-118.95000457763672,-112.95999145507812
35800,-138.09999084472656,15.596914291381836,15.574603080749512,0.6299146711826324,-138.10000610351562,-139.0,12.19795036315918,-160.02000427246094,-159.0,-154.1999969482422,-146.25,-139.0,-129.75,-122.80000305175781,-118.95000457763672,-112.95999145507812
35820,-138.09999084472656,15.598869323730469,15.576960563659668,0.6219591647386551,-138.10000610351562,-139.0,12.19795036315918,-160.02000427246094,-159.0,-154.1999969482422,-146.25,-139.0,-129.75,-122.80000305175781,-118.95000457763672,-112.95999145507812
35840,-138.09999084472656,15.59724235534668,15.575483322143555,0.6240656971931458,-138.10000610351562,-139.0,12.19795036315918,-160.02000427246094,-159.0,-154.1999969482422,-146.25,-139.0,-129.75,-122.80000305175781,-118.95000457763672,-112.95999145507812
35860,-138.09999084472656,15.595309257507324,15.573508262634277,0.626513734459877,-138.10000610351562,-139.0,12.19795036315918,-160.02000427246094,-159.0,-154.1999969482422,-146.25,-139.0,-129.75,-122.80000305175781,-118.95000457763672,-112.95999145507812
35880,-138.09999084472656,15.595914840698242,15.57447338104248,0.6196041256189346,-138.10000610351562,-139.0,12.19795036315918,-160.02000427246094,-159.0,-154.1999969482422,-146.25,-139.0,-129.75,-122.80000305175781,-118.95000457763672,-112.95999145507812
35900,-138.09999084472656,15.595030784606934,15.573650360107422,0.6147010698914528,-138.10000610351562,-139.0,12.19795036315918,-160.02000427246094,-159.0,-154.1999969482422,-146.25,-139.0,-129.75,-122.80000305175781,-118.95000457763672,-112.95999145507812
35920,-138.09999084472656,15.592721939086914,15.571078300476074,0.6135586127638817,-138.10000610351562,-139.0,12.19795036315918,-160.02000427246094,-159.0,-154.1999969482422,-146.25,-139.0,-129.75,-122.80000305175781,-118.95000457763672,-112.95999145507812
35940,-138.09999084472656,15.590869903564453,15.56910228729248,0.6190128847956657,-138.10000610351562,-139.0,12.19795036315918,-160.02000427246094,-159.0,-154.1999969482422,-146.25,-139.0,-129.75,-122.80000305175781,-118.95000457763672,-112.95999145507812
35960,-138.09999084472656,15.58512020111084,15.562936782836914,0.6161912903189659,-138.10000610351562,-139.0,12.19795036315918,-160.02000427246094,-159.0,-154.1999969482422,-146.25,-139.0,-129.75,-122.80000305175781,-118.95000457763672,-112.95999145507812
35980,-138.09999084472656,15.581235885620117,15.559675216674805,0.6154264062643051,-138.10000610351562,-139.0,12.19795036315918,-160.02000427246094,-159.0,-154.1999969482422,-146.25,-139.0,-129.75,-122.80000305175781,-118.95000457763672,-112.95999145507812
36000,-138.09999084472656,15.57832145690918,15.556788444519043,0.6205763071775436,-138.10000610351562,-139.0,12.19795036315918,-160.02000427246094,-159.0,-154.1999969482422,-146.25,-139.0,-129.75,-122.80000305175781,-118.95000457763672,-112.95999145507812
36020,-138.09999084472656,15.569506645202637,15.547966003417969,0.6168162897229195,-138.10000610351562,-139.0,12.19795036315918,-160.02000427246094,-159.0,-154.1999969482422,-146.25,-139.0,-129.75,-122.80000305175781,-118.95000457763672,-112.95999145507812
36040,-138.09999084472656,15.573473930358887,15.550540924072266,0.6196976453065872,-138.10000610351562,-139.0,12.19795036315918,-160.02000427246094,-159.0,-154.1999969482422,-146.25,-139.0,-129.75,-122.80000305175781,-118.95000457763672,-112.95999145507812
36060,-138.09999084472656,15.576555252075195,15.553956985473633,0.6152445301413536,-138.10000610351562,-139.0,12.19795036315918,-160.02000427246094,-159.0,-154.1999969482422,-146.25,-139.0,-129.75,-122.80000305175781,-118.95000457763672,-112.95999145507812
36080,-138.09999084472656,15.57241439819336,15.55048656463623,0.615385614335537,-138.10000610351562,-139.0,12.19795036315918,-160.02000427246094,-159.0,-154.1999969482422,-146.25,-139.0,-129.75,-122.80000305175781,-118.95000457763672,-112.95999145507812
36100,-138.09999084472656,15.573930740356445,15.552386283874512,0.6167697980999947,-138.10000610351562,-139.0,12.19795036315918,-160.02000427246094,-159.0,-154.1999969482422,-146.25,-139.0,-129.75,-122.80000305175781,-118.95000457763672,-112.95999145507812
36120,-138.09999084472656,15.570657730102539,15.548563003540039,0.611248292028904,-138.10000610351562,-139.0,12.19795036315918,-160.02000427246094,-159.0,-154.1999969482422,-146.25,-139.0,-129.75,-122.80000305175781,-118.95000457763672,-112.95999145507812
36140,-138.09999084472656,15.575019836425781,15.552729606628418,0.6134209260344505,-138.10000610351562,-139.0,12.19795036315918,-160.02000427246094,-159.0,-154.1999969482422,-146.25,-139.0,-129.75,-122.80000305175781,-118.95000457763672,-112.95999145507812
36160,-138.09999084472656,15.56998062133789,15.548503875732422,0.6181017011404037,-138.10000610351562,-139.0,12.19795036315918,-160.02000427246094,-159.0,-154.1999969482422,-146.25,-139.0,-129.75,-122.80000305175781,-118.95000457763672,-112.95999145507812
36180,-138.09999084472656,15.562575340270996,15.541725158691406,0.6118300631642342,-138.10000610351562,-139.0,12.19795036315918,-160.02000427246094,-159.0,-154.1999969482422,-146.25,-139.0,-129.75,-122.80000305175781,-118.95000457763672,-112.95999145507812
36200,-138.09999084472656,15.570133209228516,15.549238204956055,0.6114968657493591,-138.10000610351562,-139.0,12.19795036315918,-160.02000427246094,-159.0,-154.1999969482422,-146.25,-139.0,-129.75,-122.80000305175781,-118.95000457763672,-112.95999145507812
36220,-138.09999084472656,15.568695068359375,15.547863006591797,0.6153198778629303,-138.10000610351562,-139.0,12.19795036315918,-160.02000427246094,-159.0,-154.1999969482422,-146.25,-139.0,-129.75,-122.80000305175781,-118.95000457763672,-112.95999145507812
36240,-138.09999084472656,15.567119598388672,15.54639720916748,0.6180023923516273,-138.10000610351562,-139.0,12.19795036315918,-160.02000427246094,-159.0,-154.1999969482422,-146.25,-139.0,-129.75,-122.80000305175781,-118.95000457763672,-112.95999145507812
36260,-138.09999084472656,15.574531555175781,15.55409049987793,0.6187268644571304,-138.10000610351562,-139.0,12.19795036315918,-160.02000427246094,-159.0,-154.1999969482422,-146.25,-139.0,-129.75,-122.80000305175781,-118.95000457763672,-112.95999145507812
36280,-138.09999084472656,15.573362350463867,15.55250358581543,0.6203477308154106,-138.10000610351562,-139.0,12.19795036315918,-160.02000427246094,-159.0,-154.1999969482422,-146.25,-139.0,-129.75,-122.80000305175781,-118.95000457763672,-112.95999145507812
36300,-138.09999084472656,15.577415466308594,15.556536674499512,0.6252200305461884,-138.10000610351562,-139.0,12.19795036315918,-160.02000427246094,-159.0,-154.1999969482422,-146.25,-139.0,-129.75,-122.80000305175781,-118.95000457763672,-112.95999145507812
36320,-138.09999084472656,15.575212478637695,15.554522514343262,0.6228820532560349,-138.10000610351562,-139.0,12.19795036315918,-160.02000427246094,-159.0,-154.1999969482422,-146.25,-139.0,-129.75,-122.80000305175781,-118.95000457763672,-112.95999145507812
36340,-138.09999084472656,15.577925682067871,15.556632995605469,0.6253774240612984,-138.10000610351562,-139.0,12.19795036315918,-160.02000427246094,-159.0,-154.1999969482422,-146.25,-139.0,-129.75,-122.80000305175781,-118.95000457763672,-112.95999145507812
36360,-138.09999084472656,15.581035614013672,15.559759140014648,0.622454047203064,-138.10000610351562,-139.0,12.19795036315918,-160.02000427246094,-159.0,-154.1999969482422,-146.25,-139.0,-129.75,-122.80000305175781,-118.95000457763672,-112.95999145507812
36380,-138.09999084472656,15.579034805297852,15.558164596557617,0.6225435510277748,-138.10000610351562,-139.0,12.19795036315918,-160.02000427246094,-159.0,-154.1999969482422,-146.25,-139.0,-129.75,-122.80000305175781,-118.95000457763672,-112.95999145507812
36400,-138.09999084472656,15.582254409790039,15.561403274536133,0.6211160570383072,-138.10000610351562,-139.0,12.19795036315918,-160.02000427246094,-159.0,-154.1999969482422,-146.25,-139.0,-129.75,-122.80000305175781,-118.95000457763672,-112.95999145507812
36420,-138.09999084472656,15.582911491394043,15.562080383300781,0.6188757345080376,-138.10000610351562,-139.0,12.19795036315918,-160.02000427246094,-159.0,-154.1999969482422,-146.25,-139.0,-129.75,-122.80000305175781,-118.95000457763672,-112.95999145507812
36440,-138.09999084472656,15.580451011657715,15.559089660644531,0.6205220371484756,-138.10000610351562,-139.0,12.19795036315918,-160.02000427246094,-159.0,-154.1999969482422,-146.25,-139.0,-129.75,-122.80000305175781,-118.95000457763672,-112.95999145507812
36460,-138.09999084472656,15.571020126342773,15.549842834472656,0.6194094568490982,-138.10000610351562,-139.0,12.19795036315918,-160.02000427246094,-159.0,-154.1999969482422,-146.25,-139.0,-129.75,-122.80000305175781,-118.95000457763672,-112.95999145507812
36480,-138.09999084472656,15.577571868896484,15.556386947631836,0.6180561631917953,-138.10000610351562,-139.0,12.19795036315918,-160.02000427246094,-159.0,-154.1999969482422,-146.25,-139.0,-129.75,-122.80000305175781,-118.95000457763672,-112.95999145507812
36500,-138.09999084472656,15.59387493133545,15.572927474975586,0.6149291545152664,-138.10000610351562,-139.0,12.19795036315918,-160.02000427246094,-159.0,-154.1999969482422,-146.25,-139.0,-129.75,-122.80000305175781,-118.95000457763672,-112.95999145507812
36520,-138.09999084472656,15.597792625427246,15.577444076538086,0.6142299100756645,-138.10000610351562,-139.0,12.19795036315918,-160.02000427246094,-159.0,-154.1999969482422,-146.25,-139.0,-129.75,-122.80000305175781,-118.95000457763672,-112.95999145507812
36540,-138.09999084472656,15.594179153442383,15.574016571044922,0.6137427166104317,-138.10000610351562,-139.0,12.19795036315918,-160.02000427246094,-159.0,-154.1999969482422,-146.25,-139.0,-129.75,-122.80000305175781,-118.95000457763672,-112.95999145507812
36560,-138.09999084472656,15.587839126586914,15.5675687789917,0.6186771094799042,-138.10000610351562,-139.0,12.19795036315918,-160.02000427246094,-159.0,-154.1999969482422,-146.25,-139.0,-129.75,-122.80000305175781,-118.95000457763672,-112.95999145507812
36580,-138.09999084472656,15.581562042236328,15.560750961303711,0.6158032342791557,-138.10000610351562,-139.0,12.19795036315918,-160.02000427246094,-159.0,-154.1999969482422,-146.25,-139.0,-129.75,-122.80000305175781,-118.95000457763672,-112.95999145507812
36600,-138.09999084472656,15.582286834716797,15.561407089233398,0.6149809062480927,-138.10000610351562,-139.0,12.19795036315918,-160.02000427246094,-159.0,-154.1999969482422,-146.25,-139.0,-129.75,-122.80000305175781,-118.95000457763672,-112.95999145507812
36620,-138.09999084472656,15.588156700134277,15.567584037780762,0.6187770515680313,-138.10000610351562,-139.0,12.19795036315918,-160.02000427246094,-159.0,-154.1999969482422,-146.25,-139.0,-129.75,-122.80000305175781,-118.95000457763672,-112.95999145507812
36640,-138.09999084472656,15.586077690124512,15.566012382507324,0.6121895909309387,-138.10000610351562,-139.0,12.19795036315918,-160.02000427246094,-159.0,-154.1999969482422,-146.25,-139.0,-129.75,-122.80000305175781,-118.95000457763672,-112.95999145507812
36660,-138.09999084472656,15.59009075164795,15.570083618164062,0.6081188470125198,-138.10000610351562,-139.0,12.19795036315918,-160.02000427246094,-159.0,-154.1999969482422,-146.25,-139.0,-129.75,-122.80000305175781,-118.95000457763672,-112.95999145507812
36680,-138.09999084472656,15.593969345092773,15.573989868164062,0.611999936401844,-138.10000610351562,-139.0,12.19795036315918,-160.02000427246094,-159.0,-154.1999969482422,-146.25,-139.0,-129.75,-122.80000305175781,-118.95000457763672,-112.95999145507812
36700,-138.09999084472656,15.591734886169434,15.571683883666992,0.6154007166624069,-138.10000610351562,-139.0,12.19795036315918,-160.02000427246094,-159.0,-154.1999969482422,-146.25,-139.0,-129.75,-122.80000305175781,-118.95000457763672,-112.95999145507812
36720,-138.09999084472656,15.588615417480469,15.56879997253418,0.6123101338744164,-138.10000610351562,-139.0,12.19795036315918,-160.02000427246094,-159.0,-154.1999969482422,-146.25,-139.0,-129.75,-122.80000305175781,-118.95000457763672,-112.95999145507812
36740,-138.09999084472656,15.589967727661133,15.57004451751709,0.6114943698048592,-138.10000610351562,-139.0,12.19795036315918,-160.02000427246094,-159.0,-154.1999969482422,-146.25,-139.0,-129.75,-122.80000305175781,-118.95000457763672,-112.95999145507812
36760,-138.09999084472656,15.591567993164062,15.57148551940918,0.6066524237394333,-138.10000610351562,-139.0,12.19795036315918,-160.02000427246094,-159.0,-154.1999969482422,-146.25,-139.0,-129.75,-122.80000305175781,-118.95000457763672,-112.95999145507812
36780,-138.09999084472656,15.589658737182617,15.569324493408203,0.6077211871743202,-138.10000610351562,-139.0,12.19795036315918,-160.02000427246094,-159.0,-154.1999969482422,-146.25,-139.0,-129.75,-122.80000305175781,-118.95000457763672,-112.95999145507812
36800,-138.09999084472656,15.582536697387695,15.56233024597168,0.6084255054593086,-138.10000610351562,-139.0,12.19795036315918,-160.02000427246094,-159.0,-154.1999969482422,-146.25,-139.0,-129.75,-122.80000305175781,-118.95000457763672,-112.95999145507812
36820,-138.09999084472656,15.583370208740234,15.563032150268555,0.6065571084618568,-138.10000610351562,-139.0,12.19795036315918,-160.02000427246094,-159.0,-154.1999969482422,-146.25,-139.0,-129.75,-122.80000305175781,-118.95000457763672,-112.95999145507812
36840,-138.09999084472656,15.579704284667969,15.559362411499023,0.6023673266172409,-138.10000610351562,-139.0,12.19795036315918,-160.02000427246094,-159.0,-154.1999969482422,-146.25,-139.0,-129.75,-122.80000305175781,-118.95000457763672,-112.95999145507812
36860,-138.09999084472656,15.581607818603516,15.560844421386719,0.602648101747036,-138.10000610351562,-139.0,12.19795036315918,-160.02000427246094,-159.0,-154.1999969482422,-146.25,-139.0,-129.75,-122.80000305175781,-118.95000457763672,-112.95999145507812
36880,-138.09999084472656,15.579534530639648,15.558990478515625,0.6048518121242523,-138.10000610351562,-139.0,12.19795036315918,-160.02000427246094,-159.0,-154.1999969482422,-146.25,-139.0,-129.75,-122.80000305175781,-118.95000457763672,-112.95999145507812
36900,-138.09999084472656,15.583099365234375,15.563044548034668,0.6087128669023514,-138.10000610351562,-139.0,12.19795036315918,-160.02000427246094,-159.0,-154.1999969482422,-146.25,-139.0,-129.75,-122.80000305175781,-118.95000457763672,-112.95999145507812
36920,-138.09999084472656,15.584667205810547,15.564504623413086,0.610553190112114,-138.10000610351562,-139.0,12.19795036315918,-160.02000427246094,-159.0,-154.1999969482422,-146.25,-139.0,-129.75,-122.80000305175781,-118.95000457763672,-112.95999145507812
36940,-138.09999084472656,15.579233169555664,15.558794975280762,0.6116703003644943,-138.10000610351562,-139.0,12.19795036315918,-160.02000427246094,-159.0,-154.1999969482422,-146.25,-139.0,-129.75,-122.80000305175781,-118.95000457763672,-112.95999145507812
36960,-138.09999084472656,15.578658103942871,15.558611869812012,0.610045962035656,-138.10000610351562,-139.0,12.19795036315918,-160.02000427246094,-159.0,-154.1999969482422,-146.25,-139.0,-129.75,-122.80000305175781,-118.95000457763672,-112.95999145507812
36980,-138.09999084472656,15.569818496704102,15.548538208007812,0.6157720014452934,-138.10000610351562,-139.0,12.19795036315918,-160.02000427246094,-159.0,-154.1999969482422,-146.25,-139.0,-129.75,-122.80000305175781,-118.95000457763672,-112.95999145507812
37000,-138.09999084472656,15.56934642791748,15.54920768737793,0.6074087470769882,-138.10000610351562,-139.0,12.19795036315918,-160.02000427246094,-159.0,-154.1999969482422,-146.25,-139.0,-129.75,-122.80000305175781,-118.95000457763672,-112.95999145507812
37020,-138.09999084472656,15.578268051147461,15.558273315429688,0.60267673432827,-138.10000610351562,-139.0,12.19795036315918,-160.02000427246094,-159.0,-154.1999969482422,-146.25,-139.0,-129.75,-122.80000305175781,-118.95000457763672,-112.95999145507812
37040,-138.09999084472656,15.573593139648438,15.552996635437012,0.6116899251937866,-138.10000610351562,-139.0,12.19795036315918,-160.02000427246094,-159.0,-154.1999969482422,-146.25,-139.0,-129.75,-122.80000305175781,-118.95000457763672,-112.95999145507812
37060,-138.09999084472656,15.576433181762695,15.556173324584961,0.6170376315712929,-138.10000610351562,-139.0,12.19795036315918,-160.02000427246094,-159.0,-154.1999969482422,-146.25,-139.0,-129.75,-122.80000305175781,-118.95000457763672,-112.95999145507812
37080,-138.09999084472656,15.568827629089355,15.548957824707031,0.6112437769770622,-138.10000610351562,-139.0,12.19795036315918,-160.02000427246094,-159.0,-154.1999969482422,-146.25,-139.0,-129.75,-122.80000305175781,-118.95000457763672,-112.95999145507812
37100,-138.09999084472656,15.571701049804688,15.551612854003906,0.6056385561823845,-138.10000610351562,-139.0,12.19795036315918,-160.02000427246094,-159.0,-154.1999969482422,-146.25,-139.0,-129.75,-122.80000305175781,-118.95000457763672,-112.95999145507812
37120,-138.09999084472656,15.568488121032715,15.548834800720215,0.6055642738938332,-138.10000610351562,-139.0,12.19795036315918,-160.02000427246094,-159.0,-154.1999969482422,-146.25,-139.0,-129.75,-122.80000305175781,-118.95000457763672,-112.95999145507812
37140,-138.09999084472656,15.56360912322998,15.544062614440918,0.6029578298330307,-138.10000610351562,-139.0,12.19795036315918,-160.02000427246094,-159.0,-154.1999969482422,-146.25,-139.0,-129.75,-122.80000305175781,-118.95000457763672,-112.95999145507812
37160,-138.09999084472656,15.560186386108398,15.539464950561523,0.6093909814953804,-138.10000610351562,-139.0,12.19795036315918,-160.02000427246094,-159.0,-154.1999969482422,-146.25,-139.0,-129.75,-122.80000305175781,-118.95000457763672,-112.95999145507812
37180,-138.09999084472656,15.554255485534668,15.53352165222168,0.6078547388315201,-138.10000610351562,-139.0,12.19795036315918,-160.02000427246094,-159.0,-154.1999969482422,-146.25,-139.0,-129.75,-122.80000305175781,-118.95000457763672,-112.95999145507812
37200,-138.09999084472656,15.549642562866211,15.527420043945312,0.6150121763348579,-138.10000610351562,-139.0,12.19795036315918,-160.02000427246094,-159.0,-154.1999969482422,-146.25,-139.0,-129.75,-122.80000305175781,-118.95000457763672,-112.95999145507812
37220,-138.09999084472656,15.54166316986084,15.519824028015137,0.617352657020092,-138.10000610351562,-139.0,12.19795036315918,-160.02000427246094,-159.0,-154.1999969482422,-146.25,-139.0,-129.75,-122.80000305175781,-118.95000457763672,-112.95999145507812
37240,-138.09999084472656,15.53500747680664,15.514585494995117,0.6127336099743843,-138.10000610351562,-139.0,12.19795036315918,-160.02000427246094,-159.0,-154.1999969482422,-146.25,-139.0,-129.75,-122.80000305175781,-118.95000457763672,-112.95999145507812
37260,-138.09999084472656,15.535085678100586,15.515277862548828,0.6107401624321938,-138.10000610351562,-139.0,12.19795036315918,-160.02000427246094,-159.0,-154.1999969482422,-146.25,-139.0,-129.75,-122.80000305175781,-118.95000457763672,-112.95999145507812
37280,-138.09999084472656,15.530010223388672,15.510207176208496,0.6070500090718269,-138.10000610351562,-139.0,12.19795036315918,-160.02000427246094,-159.0,-154.1999969482422,-146.25,-139.0,-129.75,-122.80000305175781,-118.95000457763672,-112.95999145507812
37300,-138.09999084472656,15.530142784118652,15.510462760925293,0.6037174090743065,-138.10000610351562,-139.0,12.19795036315918,-160.02000427246094,-159.0,-154.1999969482422,-146.25,-139.0,-129.75,-122.80000305175781,-118.95000457763672,-112.95999145507812
37320,-138.09999084472656,15.526103019714355,15.506037712097168,0.6057595983147621,-138.10000610351562,-139.0,12.19795036315918,-160.02000427246094,-159.0,-154.1999969482422,-146.25,-139.0,-129.75,-122.80000305175781,-118.95000457763672,-112.95999145507812
37340,-138.09999084472656,15.528276443481445,15.507967948913574,0.603903591632843,-138.10000610351562,-139.0,12.19795036315918,-160.02000427246094,-159.0,-154.1999969482422,-146.25,-139.0,-129.75,-122.80000305175781,-118.95000457763672,-112.95999145507812
37360,-138.09999084472656,15.530524253845215,15.50969123840332,0.6030258759856224,-138.10000610351562,-139.0,12.19795036315918,-160.02000427246094,-159.0,-154.1999969482422,-146.25,-139.0,-129.75,-122.80000305175781,-118.95000457763672,-112.95999145507812
37380,-138.09999084472656,15.528426170349121,15.508316040039062,0.6064568012952805,-138.10000610351562,-139.0,12.19795036315918,-160.02000427246094,-159.0,-154.1999969482422,-146.25,-139.0,-129.75,-122.80000305175781,-118.95000457763672,-112.95999145507812
37400,-138.09999084472656,15.530933380126953,15.51111125946045,0.6051612347364426,-138.10000610351562,-139.0,12.19795036315918,-160.02000427246094,-159.0,-154.1999969482422,-146.25,-139.0,-129.75,-122.80000305175781,-118.95000457763672,-112.95999145507812
37420,-138.09999084472656,15.5282621383667,15.508573532104492,0.6095717251300812,-138.10000610351562,-139.0,12.19795036315918,-160.02000427246094,-159.0,-154.1999969482422,-146.25,-139.0,-129.75,-122.80000305175781,-118.95000457763672,-112.95999145507812
37440,-138.09999084472656,15.517120361328125,15.497103691101074,0.6035686731338501,-138.10000610351562,-139.0,12.19795036315918,-160.02000427246094,-159.0,-154.1999969482422,-146.25,-139.0,-129.75,-122.80000305175781,-118.95000457763672,-112.95999145507812
37460,-138.09999084472656,15.512271881103516,15.492528915405273,0.6028929874300957,-138.10000610351562,-139.0,12.19795036315918,-160.02000427246094,-159.0,-154.1999969482422,-146.25,-139.0,-129.75,-122.80000305175781,-118.95000457763672,-112.95999145507812
37480,-138.09999084472656,15.513282775878906,15.493643760681152,0.6067799478769302,-138.10000610351562,-139.0,12.19795036315918,-160.02000427246094,-159.0,-154.1999969482422,-146.25,-139.0,-129.75,-122.80000305175781,-118.95000457763672,-112.95999145507812
37500,-138.09999084472656,15.520770072937012,15.500741958618164,0.6030068248510361,-138.10000610351562,-139.0,12.19795036315918,-160.02000427246094,-159.0,-154.1999969482422,-146.25,-139.0,-129.75,-122.80000305175781,-118.95000457763672,-112.95999145507812
37520,-138.09999084472656,15.52235221862793,15.50226879119873,0.5992547497153282,-138.10000610351562,-139.0,12.19795036315918,-160.02000427246094,-159.0,-154.1999969482422,-146.25,-139.0,-129.75,-122.80000305175781,-118.95000457763672,-112.95999145507812
37540,-138.09999084472656,15.51978588104248,15.499419212341309,0.6119182333350182,-138.10000610351562,-139.0,12.19795036315918,-160.02000427246094,-159.0,-154.1999969482422,-146.25,-139.0,-129.75,-122.80000305175781,-118.95000457763672,-112.95999145507812
37560,-138.09999084472656,15.5178861618042,15.496901512145996,0.605693444609642,-138.10000610351562,-139.0,12.19795036315918,-160.02000427246094,-159.0,-154.1999969482422,-146.25,-139.0,-129.75,-122.80000305175781,-118.95000457763672,-112.95999145507812
37580,-138.09999084472656,15.516646385192871,15.495702743530273,0.6060217618942261,-138.10000610351562,-139.0,12.19795036315918,-160.02000427246094,-159.0,-154.1999969482422,-146.25,-139.0,-129.75,-122.80000305175781,-118.95000457763672,-112.95999145507812
37600,-138.09999084472656,15.522414207458496,15.502169609069824,0.6036048457026482,-138.10000610351562,-139.0,12.19795036315918,-160.02000427246094,-159.0,-154.1999969482422,-146.25,-139.0,-129.75,-122.80000305175781,-118.95000457763672,-112.95999145507812
37620,-138.09999084472656,15.523009300231934,15.502802848815918,0.6028510928153992,-138.10000610351562,-139.0,12.19795036315918,-160.02000427246094,-159.0,-154.1999969482422,-146.25,-139.0,-129.75,-122.80000305175781,-118.95000457763672,-112.95999145507812
37640,-138.09999084472656,15.523849487304688,15.503396987915039,0.6027001142501831,-138.10000610351562,-139.0,12.19795036315918,-160.02000427246094,-159.0,-154.1999969482422,-146.25,-139.0,-129.75,-122.80000305175781,-118.95000457763672,-112.95999145507812
37660,-138.09999084472656,15.533473014831543,15.511859893798828,0.5983629748225212,-138.10000610351562,-139.0,12.19795036315918,-160.02000427246094,-159.0,-154.1999969482422,-146.25,-139.0,-129.75,-122.80000305175781,-118.95000457763672,-112.95999145507812
37680,-138.09999084472656,15.534921646118164,15.51478385925293,0.5912144929170609,-138.10000610351562,-139.0,12.19795036315918,-160.02000427246094,-159.0,-154.1999969482422,-146.25,-139.0,-129.75,-122.80000305175781,-118.95000457763672,-112.95999145507812
37700,-138.09999084472656,15.53365707397461,15.513270378112793,0.5914339870214462,-138.10000610351562,-139.0,12.19795036315918,-160.02000427246094,-159.0,-154.1999969482422,-146.25,-139.0,-129.75,-122.80000305175781,-118.95000457763672,-112.95999145507812
37720,-138.09999084472656,15.537936210632324,15.517725944519043,0.5928705334663391,-138.10000610351562,-139.0,12.19795036315918,-160.02000427246094,-159.0,-154.1999969482422,-146.25,-139.0,-129.75,-122.80000305175781,-118.95000457763672,-112.95999145507812
37740,-138.09999084472656,15.536212921142578,15.516143798828125,0.5940707623958588,-138.10000610351562,-139.0,12.19795036315918,-160.02000427246094,-159.0,-154.1999969482422,-146.25,-139.0,-129.75,-122.80000305175781,-118.95000457763672,-112.95999145507812
37760,-138.09999084472656,15.548742294311523,15.528461456298828,0.5943879038095474,-138.10000610351562,-139.0,12.19795036315918,-160.02000427246094,-159.0,-154.1999969482422,-146.25,-139.0,-129.75,-122.80000305175781,-118.95000457763672,-112.95999145507812
37780,-138.09999084472656,15.538718223571777,15.518110275268555,0.5907334536314011,-138.10000610351562,-139.0,12.19795036315918,-160.02000427246094,-159.0,-154.1999969482422,-146.25,-139.0,-129.75,-122.80000305175781,-118.95000457763672,-112.95999145507812
37800,-138.09999084472656,15.529241561889648,15.509244918823242,0.5992231369018555,-138.10000610351562,-139.0,12.19795036315918,-160.02000427246094,-159.0,-154.1999969482422,-146.25,-139.0,-129.75,-122.80000305175781,-118.95000457763672,-112.95999145507812
37820,-138.09999084472656,15.523612022399902,15.503355979919434,0.5996818169951439,-138.10000610351562,-139.0,12.19795036315918,-160.02000427246094,-159.0,-154.1999969482422,-146.25,-139.0,-129.75,-122.80000305175781,-118.95000457763672,-112.95999145507812
37840,-138.09999084472656,15.517644882202148,15.49763011932373,0.5915046408772469,-138.10000610351562,-139.0,12.19795036315918,-160.02000427246094,-159.0,-154.1999969482422,-146.25,-139.0,-129.75,-122.80000305175781,-118.95000457763672,-112.95999145507812
37860,-138.09999084472656,15.522577285766602,15.502740859985352,0.590495727956295,-138.10000610351562,-139.0,12.19795036315918,-160.02000427246094,-159.0,-154.1999969482422,-146.25,-139.0,-129.75,-122.80000305175781,-118.95000457763672,-112.95999145507812
37880,-138.09999084472656,15.531509399414062,15.51203441619873,0.5850914493203163,-138.10000610351562,-139.0,12.19795036315918,-160.02000427246094,-159.0,-154.1999969482422,-146.25,-139.0,-129.75,-122.80000305175781,-118.95000457763672,-112.95999145507812
37900,-138.09999084472656,15.536894798278809,15.51740550994873,0.5895540863275528,-138.10000610351562,-139.0,12.19795036315918,-160.02000427246094,-159.0,-154.1999969482422,-146.25,-139.0,-129.75,-122.80000305175781,-118.95000457763672,-112.95999145507812
37920,-138.09999084472656,15.536884307861328,15.517478942871094,0.5869647413492203,-138.10000610351562,-139.0,12.19795036315918,-160.02000427246094,-159.0,-154.1999969482422,-146.25,-139.0,-129.75,-122.80000305175781,-118.95000457763672,-112.95999145507812
37940,-138.09999084472656,15.542391777038574,15.522879600524902,0.5930164903402328,-138.10000610351562,-139.0,12.19795036315918,-160.02000427246094,-159.0,-154.1999969482422,-146.25,-139.0,-129.75,-122.80000305175781,-118.95000457763672,-112.95999145507812
37960,-138.09999084472656,15.552279472351074,15.533012390136719,0.5944265723228455,-138.10000610351562,-139.0,12.19795036315918,-160.02000427246094,-159.0,-154.1999969482422,-146.25,-139.0,-129.75,-122.80000305175781,-118.95000457763672,-112.95999145507812
37980,-138.09999084472656,15.5455322265625,15.525932312011719,0.5966854244470596,-138.10000610351562,-139.0,12.19795036315918,-160.02000427246094,-159.0,-154.1999969482422,-146.25,-139.0,-129.75,-122.80000305175781,-118.95000457763672,-112.95999145507812
38000,-138.09999084472656,15.54050064086914,15.521108627319336,0.5947647541761398,-138.10000610351562,-139.0,12.19795036315918,-160.02000427246094,-159.0,-154.1999969482422,-146.25,-139.0,-129.75,-122.80000305175781,-118.95000457763672,-112.95999145507812
38020,-138.09999084472656,15.535575866699219,15.51648998260498,0.5904973596334457,-138.10000610351562,-139.0,12.19795036315918,-160.02000427246094,-159.0,-154.1999969482422,-146.25,-139.0,-129.75,-122.80000305175781,-118.95000457763672,-112.95999145507812
38040,-138.09999084472656,15.540369033813477,15.520792961120605,0.5945351421833038,-138.10000610351562,-139.0,12.19795036315918,-160.02000427246094,-159.0,-154.1999969482422,-146.25,-139.0,-129.75,-122.80000305175781,-118.95000457763672,-112.95999145507812
38060,-138.09999084472656,15.533882141113281,15.513715744018555,0.5951858013868332,-138.10000610351562,-139.0,12.19795036315918,-160.02000427246094,-159.0,-154.1999969482422,-146.25,-139.0,-129.75,-122.80000305175781,-118.95000457763672,-112.95999145507812
38080,-138.09999084472656,15.532645225524902,15.512861251831055,0.5928584858775139,-138.10000610351562,-139.0,12.19795036315918,-160.02000427246094,-159.0,-154.1999969482422,-146.25,-139.0,-129.75,-122.80000305175781,-118.95000457763672,-112.95999145507812
38100,-138.09999084472656,15.532232284545898,15.513164520263672,0.5908499956130981,-138.10000610351562,-139.0,12.19795036315918,-160.02000427246094,-159.0,-154.1999969482422,-146.25,-139.0,-129.75,-122.80000305175781,-118.95000457763672,-112.95999145507812
38120,-138.09999084472656,15.515825271606445,15.496600151062012,0.5936020165681839,-138.10000610351562,-139.0,12.19795036315918,-160.02000427246094,-159.0,-154.1999969482422,-146.25,-139.0,-129.75,-122.80000305175781,-118.95000457763672,-112.95999145507812
38140,-138.09999084472656,15.512203216552734,15.492782592773438,0.5896553546190262,-138.10000610351562,-139.0,12.19795036315918,-160.02000427246094,-159.0,-154.1999969482422,-146.25,-139.0,-129.75,-122.80000305175781,-118.95000457763672,-112.95999145507812
38160,-138.09999084472656,15.510808944702148,15.491777420043945,0.5881025269627571,-138.10000610351562,-139.0,12.19795036315918,-160.02000427246094,-159.0,-154.1999969482422,-146.25,-139.0,-129.75,-122.80000305175781,-118.95000457763672,-112.95999145507812
38180,-138.09999084472656,15.502676010131836,15.483641624450684,0.5898986756801605,-138.10000610351562,-139.0,12.19795036315918,-160.02000427246094,-159.0,-154.1999969482422,-146.25,-139.0,-129.75,-122.80000305175781,-118.95000457763672,-112.95999145507812
38200,-138.09999084472656,15.500947952270508,15.481971740722656,0.5936961993575096,-138.10000610351562,-139.0,12.19795036315918,-160.02000427246094,-159.0,-154.1999969482422,-146.25,-139.0,-129.75,-122.80000305175781,-118.95000457763672,-112.95999145507812
38220,-138.09999084472656,15.506144523620605,15.487508773803711,0.5882145389914513,-138.10000610351562,-139.0,12.19795036315918,-160.02000427246094,-159.0,-154.1999969482422,-146.25,-139.0,-129.75,-122.80000305175781,-118.95000457763672,-112.95999145507812
38240,-138.09999084472656,15.497081756591797,15.47811508178711,0.5838442444801331,-138.10000610351562,-139.0,12.19795036315918,-160.02000427246094,-159.0,-154.1999969482422,-146.25,-139.0,-129.75,-122.80000305175781,-118.95000457763672,-112.95999145507812
38260,-138.09999084472656,15.4994535446167,15.480616569519043,0.5829451680183411,-138.10000610351562,-139.0,12.19795036315918,-160.02000427246094,-159.0,-154.1999969482422,-146.25,-139.0,-129.75,-122.80000305175781,-118.95000457763672,-112.95999145507812
38280,-138.09999084472656,15.500490188598633,15.481544494628906,0.5851757824420929,-138.10000610351562,-139.0,12.19795036315918,-160.02000427246094,-159.0,-154.1999969482422,-146.25,-139.0,-129.75,-122.80000305175781,-118.95000457763672,-112.95999145507812
38300,-138.09999084472656,15.502298355102539,15.483343124389648,0.5918945968151093,-138.10000610351562,-139.0,12.19795036315918,-160.02000427246094,-159.0,-154.1999969482422,-146.25,-139.0,-129.75,-122.80000305175781,-118.95000457763672,-112.95999145507812
38320,-138.09999084472656,15.49631118774414,15.47724723815918,0.5986492931842804,-138.10000610351562,-139.0,12.19795036315918,-160.02000427246094,-159.0,-154.1999969482422,-146.25,-139.0,-129.75,-122.80000305175781,-118.95000457763672,-112.95999145507812
38340,-138.09999084472656,15.491630554199219,15.472591400146484,0.5884256958961487,-138.10000610351562,-139.0,12.19795036315918,-160.02000427246094,-159.0,-154.1999969482422,-146.25,-139.0,-129.75,-122.80000305175781,-118.95000457763672,-112.95999145507812
38360,-138.09999084472656,15.499205589294434,15.480119705200195,0.5902478098869324,-138.10000610351562,-139.0,12.19795036315918,-160.02000427246094,-159.0,-154.1999969482422,-146.25,-139.0,-129.75,-122.80000305175781,-118.95000457763672,-112.95999145507812
38380,-138.09999084472656,15.498268127441406,15.479299545288086,0.584120474755764,-138.10000610351562,-139.0,12.19795036315918,-160.02000427246094,-159.0,-154.1999969482422,-146.25,-139.0,-129.75,-122.80000305175781,-118.95000457763672,-112.95999145507812
38400,-138.09999084472656,15.499968528747559,15.481170654296875,0.5878351852297783,-138.10000610351562,-139.0,12.19795036315918,-160.02000427246094,-159.0,-154.1999969482422,-146.25,-139.0,-129.75,-122.80000305175781,-118.95000457763672,-112.95999145507812
38420,-138.1199951171875,15.495893478393555,15.477679252624512,0.583957776427269,-138.1199951171875,-139.0,12.204326629638672,-160.02000427246094,-159.0,-154.1999969482422,-146.25,-139.0,-129.75,-122.80000305175781,-118.95000457763672,-112.95999145507812
38440,-138.1199951171875,15.50110149383545,15.482765197753906,0.5832896083593369,-138.1199951171875,-139.0,12.204326629638672,-160.02000427246094,-159.0,-154.1999969482422,-146.25,-139.0,-129.75,-122.80000305175781,-118.95000457763672,-112.95999145507812
38460,-138.1199951171875,15.50020980834961,15.480860710144043,0.5846601277589798,-138.1199951171875,-139.0,12.204326629638672,-160.02000427246094,-159.0,-154.1999969482422,-146.25,-139.0,-129.75,-122.80000305175781,-118.95000457763672,-112.95999145507812
38480,-138.1199951171875,15.48876953125,15.469345092773438,0.5891763344407082,-138.1199951171875,-139.0,12.204326629638672,-160.02000427246094,-159.0,-154.1999969482422,-146.25,-139.0,-129.75,-122.80000305175781,-118.95000457763672,-112.95999145507812
38500,-138.1199951171875,15.482248306274414,15.4630126953125,0.5889304354786873,-138.1199951171875,-139.0,12.204326629638672,-160.02000427246094,-159.0,-154.1999969482422,-146.25,-139.0,-129.75,-122.80000305175781,-118.95000457763672,-112.95999145507812
38520,-138.1199951171875,15.48584270477295,15.466926574707031,0.5894336700439453,-138.1199951171875,-139.0,12.204326629638672,-160.02000427246094,-159.0,-154.1999969482422,-146.25,-139.0,-129.75,-122.80000305175781,-118.95000457763672,-112.95999145507812
38540,-138.1199951171875,15.488845825195312,15.469663619995117,0.5885560512542725,-138.1199951171875,-139.0,12.204326629638672,-160.02000427246094,-159.0,-154.1999969482422,-146.25,-139.0,-129.75,-122.80000305175781,-118.95000457763672,-112.95999145507812
38560,-138.1199951171875,15.481014251708984,15.461769104003906,0.5827401205897331,-138.1199951171875,-139.0,12.204326629638672,-160.02000427246094,-159.0,-154.1999969482422,-146.25,-139.0,-129.75,-122.80000305175781,-118.95000457763672,-112.95999145507812
38580,-138.1199951171875,15.482812881469727,15.463851928710938,0.588191568851471,-138.1199951171875,-139.0,12.204326629638672,-160.02000427246094,-159.0,-154.1999969482422,-146.25,-139.0,-129.75,-122.80000305175781,-118.95000457763672,-112.95999145507812
38600,-138.1199951171875,15.480756759643555,15.461084365844727,0.5806128680706024,-138.1199951171875,-139.0,12.204326629638672,-160.02000427246094,-159.0,-154.1999969482422,-146.25,-139.0,-129.75,-122.80000305175781,-118.95000457763672,-112.95999145507812
38620,-138.1199951171875,15.47953987121582,15.460463523864746,0.5759107768535614,-138.1199951171875,-139.0,12.204326629638672,-160.02000427246094,-159.0,-154.1999969482422,-146.25,-139.0,-129.75,-122.80000305175781,-118.95000457763672,-112.95999145507812
38640,-138.1199951171875,15.475295066833496,15.456332206726074,0.5765250325202942,-138.1199951171875,-139.0,12.204326629638672,-160.02000427246094,-159.0,-154.1999969482422,-146.25,-139.0,-129.75,-122.80000305175781,-118.95000457763672,-112.95999145507812
38660,-138.1199951171875,15.471362113952637,15.452690124511719,0.5701849386096001,-138.1199951171875,-139.0,12.204326629638672,-160.02000427246094,-159.0,-154.1999969482422,-146.25,-139.0,-129.75,-122.80000305175781,-118.95000457763672,-112.95999145507812
38680,-138.1199951171875,15.467863082885742,15.449836730957031,0.5688461810350418,-138.1199951171875,-139.0,12.204326629638672,-160.02000427246094,-159.0,-154.1999969482422,-146.25,-139.0,-129.75,-122.80000305175781,-118.95000457763672,-112.95999145507812
38700,-138.1199951171875,15.469945907592773,15.451823234558105,0.5677830278873444,-138.1199951171875,-139.0,12.204326629638672,-160.02000427246094,-159.0,-154.1999969482422,-146.25,-139.0,-129.75,-122.80000305175781,-118.95000457763672,-112.95999145507812
38720,-138.1199951171875,15.471328735351562,15.452879905700684,0.573146641254425,-138.1199951171875,-139.0,12.204326629638672,-160.02000427246094,-159.0,-154.1999969482422,-146.25,-139.0,-129.75,-122.80000305175781,-118.95000457763672,-112.95999145507812
38740,-138.1199951171875,15.46600341796875,15.447866439819336,0.5738019794225693,-138.1199951171875,-139.0,12.204326629638672,-160.02000427246094,-159.0,-154.1999969482422,-146.25,-139.0,-129.75,-122.80000305175781,-118.95000457763672,-112.95999145507812
38760,-138.1199951171875,15.460800170898438,15.442602157592773,0.5756855234503746,-138.1199951171875,-139.0,12.204326629638672,-160.02000427246094,-159.0,-154.1999969482422,-146.25,-139.0,-129.75,-122.80000305175781,-118.95000457763672,-112.95999145507812
38780,-138.1199951171875,15.465002059936523,15.446502685546875,0.5809999629855156,-138.1199951171875,-139.0,12.204326629638672,-160.02000427246094,-159.0,-154.1999969482422,-146.25,-139.0,-129.75,-122.80000305175781,-118.95000457763672,-112.95999145507812
38800,-138.1199951171875,15.45766830444336,15.439420700073242,0.576038770377636,-138.1199951171875,-139.0,12.204326629638672,-160.02000427246094,-159.0,-154.1999969482422,-146.25,-139.0,-129.75,-122.80000305175781,-118.95000457763672,-112.95999145507812
38820,-138.1199951171875,15.449745178222656,15.431513786315918,0.5754513889551163,-138.1199951171875,-139.0,12.204326629638672,-160.02000427246094,-159.0,-154.1999969482422,-146.25,-139.0,-129.75,-122.80000305175781,-118.95000457763672,-112.95999145507812
38840,-138.1199951171875,15.456085205078125,15.437651634216309,0.5789151266217232,-138.1199951171875,-139.0,12.204326629638672,-160.02000427246094,-159.0,-154.1999969482422,-146.25,-139.0,-129.75,-122.80000305175781,-118.95000457763672,-112.95999145507812
38860,-138.1199951171875,15.458305358886719,15.439992904663086,0.5792876482009888,-138.1199951171875,-139.0,12.204326629638672,-160.02000427246094,-159.0,-154.1999969482422,-146.25,-139.0,-129.75,-122.80000305175781,-118.95000457763672,-112.95999145507812
38880,-138.1199951171875,15.45753288269043,15.439433097839355,0.5784341171383858,-138.1199951171875,-139.0,12.204326629638672,-160.02000427246094,-159.0,-154.1999969482422,-146.25,-139.0,-129.75,-122.80000305175781,-118.95000457763672,-112.95999145507812
38900,-138.1199951171875,15.45559310913086,15.437070846557617,0.5792605355381966,-138.1199951171875,-139.0,12.204326629638672,-160.02000427246094,-159.0,-154.1999969482422,-146.25,-139.0,-129.75,-122.80000305175781,-118.95000457763672,-112.95999145507812
38920,-138.1199951171875,15.455607414245605,15.437772750854492,0.5803553834557533,-138.1199951171875,-139.0,12.204326629638672,-160.02000427246094,-159.0,-154.1999969482422,-146.25,-139.0,-129.75,-122.80000305175781,-118.95000457763672,-112.95999145507812
38940,-138.1199951171875,15.458345413208008,15.440524101257324,0.5798759162425995,-138.1199951171875,-139.0,12.204326629638672,-160.02000427246094,-159.0,-154.1999969482422,-146.25,-139.0,-129.75,-122.80000305175781,-118.95000457763672,-112.95999145507812
38960,-138.1199951171875,15.453597068786621,15.435850143432617,0.5759705975651741,-138.1199951171875,-139.0,12.204326629638672,-160.02000427246094,-159.0,-154.1999969482422,-146.25,-139.0,-129.75,-122.80000305175781,-118.95000457763672,-112.95999145507812
38980,-138.1199951171875,15.452613830566406,15.434591293334961,0.5684218853712082,-138.1199951171875,-139.0,12.204326629638672,-160.02000427246094,-159.0,-154.1999969482422,-146.25,-139.0,-129.75,-122.80000305175781,-118.95000457763672,-112.95999145507812
39000,-138.1199951171875,15.466970443725586,15.448539733886719,0.5766828134655952,-138.1199951171875,-139.0,12.204326629638672,-160.02000427246094,-159.0,-154.1999969482422,-146.25,-139.0,-129.75,-122.80000305175781,-118.95000457763672,-112.95999145507812
39020,-138.1199951171875,15.464896202087402,15.446245193481445,0.5720918625593185,-138.1199951171875,-139.0,12.204326629638672,-160.02000427246094,-159.0,-154.1999969482422,-146.25,-139.0,-129.75,-122.80000305175781,-118.95000457763672,-112.95999145507812
39040,-138.1199951171875,15.465204238891602,15.446734428405762,0.5676896423101425,-138.1199951171875,-139.0,12.204326629638672,-160.02000427246094,-159.0,-154.1999969482422,-146.25,-139.0,-129.75,-122.80000305175781,-118.95000457763672,-112.95999145507812
39060,-138.1199951171875,15.460939407348633,15.44227123260498,0.5667634457349777,-138.1199951171875,-139.0,12.204326629638672,-160.02000427246094,-159.0,-154.1999969482422,-146.25,-139.0,-129.75,-122.80000305175781,-118.95000457763672,-112.95999145507812
39080,-138.1199951171875,15.464576721191406,15.445955276489258,0.5690316036343575,-138.1199951171875,-139.0,12.204326629638672,-160.02000427246094,-159.0,-154.1999969482422,-146.25,-139.0,-129.75,-122.80000305175781,-118.95000457763672,-112.95999145507812
39100,-138.1199951171875,15.469561576843262,15.451295852661133,0.5708128586411476,-138.1199951171875,-139.0,12.204326629638672,-160.02000427246094,-159.0,-154.1999969482422,-146.25,-139.0,-129.75,-122.80000305175781,-118.95000457763672,-112.95999145507812
39120,-138.1199951171875,15.471109390258789,15.452211380004883,0.5783404260873795,-138.1199951171875,-139.0,12.204326629638672,-160.02000427246094,-159.0,-154.1999969482422,-146.25,-139.0,-129.75,-122.80000305175781,-118.95000457763672,-112.95999145507812
39140,-138.1199951171875,15.462593078613281,15.444185256958008,0.5743692591786385,-138.1199951171875,-139.0,12.204326629638672,-160.02000427246094,-159.0,-154.1999969482422,-146.25,-139.0,-129.75,-122.80000305175781,-118.95000457763672,-112.95999145507812
39160,-138.1199951171875,15.458850860595703,15.44050121307373,0.5804664045572281,-138.1199951171875,-139.0,12.204326629638672,-160.02000427246094,-159.0,-154.1999969482422,-146.25,-139.0,-129.75,-122.80000305175781,-118.95000457763672,-112.95999145507812
39180,-138.1199951171875,15.462383270263672,15.443388938903809,0.5821133479475975,-138.1199951171875,-139.0,12.204326629638672,-160.02000427246094,-159.0,-154.1999969482422,-146.25,-139.0,-129.75,-122.80000305175781,-118.95000457763672,-112.95999145507812
39200,-138.1199951171875,15.463133811950684,15.444258689880371,0.5760510563850403,-138.1199951171875,-139.0,12.204326629638672,-160.02000427246094,-159.0,-154.1999969482422,-146.25,-139.0,-129.75,-122.80000305175781,-118.95000457763672,-112.95999145507812
39220,-138.1199951171875,15.456549644470215,15.438377380371094,0.5780898109078407,-138.1199951171875,-139.0,12.204326629638672,-160.02000427246094,-159.0,-154.1999969482422,-146.25,-139.0,-129.75,-122.80000305175781,-118.95000457763672,-112.95999145507812
39240,-138.1199951171875,15.46475887298584,15.446608543395996,0.5739987567067146,-138.1199951171875,-139.0,12.204326629638672,-160.02000427246094,-159.0,-154.1999969482422,-146.25,-139.0,-129.75,-122.80000305175781,-118.95000457763672,-112.95999145507812
39260,-138.1199951171875,15.460898399353027,15.441755294799805,0.5774075612425804,-138.1199951171875,-139.0,12.204326629638672,-160.02000427246094,-159.0,-154.1999969482422,-146.25,-139.0,-129.75,-122.80000305175781,-118.95000457763672,-112.95999145507812
39280,-138.1199951171875,15.456328392028809,15.438009262084961,0.5778429061174393,-138.1199951171875,-139.0,12.204326629638672,-160.02000427246094,-159.0,-154.1999969482422,-146.25,-139.0,-129.75,-122.80000305175781,-118.95000457763672,-112.95999145507812
39300,-138.1199951171875,15.451745986938477,15.433192253112793,0.5794289112091064,-138.1199951171875,-139.0,12.204326629638672,-160.02000427246094,-159.0,-154.1999969482422,-146.25,-139.0,-129.75,-122.80000305175781,-118.95000457763672,-112.95999145507812
39320,-138.1199951171875,15.455184936523438,15.436975479125977,0.5740770921111107,-138.1199951171875,-139.0,12.204326629638672,-160.02000427246094,-159.0,-154.1999969482422,-146.25,-139.0,-129.75,-122.80000305175781,-118.95000457763672,-112.95999145507812
39340,-138.1199951171875,15.458675384521484,15.440295219421387,0.5806567743420601,-138.1199951171875,-139.0,12.204326629638672,-160.02000427246094,-159.0,-154.1999969482422,-146.25,-139.0,-129.75,-122.80000305175781,-118.95000457763672,-112.95999145507812
39360,-138.1199951171875,15.444656372070312,15.426493644714355,0.5747482627630234,-138.1199951171875,-139.0,12.204326629638672,-160.02000427246094,-159.0,-154.1999969482422,-146.25,-139.0,-129.75,-122.80000305175781,-118.95000457763672,-112.95999145507812
39380,-138.1199951171875,15.44929027557373,15.429095268249512,0.5833680331707001,-138.1199951171875,-139.0,12.204326629638672,-160.02000427246094,-159.0,-154.1999969482422,-146.25,-139.0,-129.75,-122.80000305175781,-118.95000457763672,-112.95999145507812
39400,-138.1199951171875,15.451288223266602,15.433009147644043,0.5724734961986542,-138.1199951171875,-139.0,12.204326629638672,-160.02000427246094,-159.0,-154.1999969482422,-146.25,-139.0,-129.75,-122.80000305175781,-118.95000457763672,-112.95999145507812
39420,-138.1199951171875,15.43652629852295,15.418149948120117,0.5708963721990585,-138.1199951171875,-139.0,12.204326629638672,-160.02000427246094,-159.0,-154.1999969482422,-146.25,-139.0,-129.75,-122.80000305175781,-118.95000457763672,-112.95999145507812
39440,-138.1199951171875,15.434648513793945,15.416175842285156,0.5785418152809143,-138.1199951171875,-139.0,12.204326629638672,-160.02000427246094,-159.0,-154.1999969482422,-146.25,-139.0,-129.75,-122.80000305175781,-118.95000457763672,-112.95999145507812
39460,-138.1199951171875,15.441694259643555,15.423768997192383,0.5683253407478333,-138.1199951171875,-139.0,12.204326629638672,-160.02000427246094,-159.0,-154.1999969482422,-146.25,-139.0,-129.75,-122.80000305175781,-118.95000457763672,-112.95999145507812
39480,-138.1199951171875,15.443666458129883,15.425646781921387,0.567673921585083,-138.1199951171875,-139.0,12.204326629638672,-160.02000427246094,-159.0,-154.1999969482422,-146.25,-139.0,-129.75,-122.80000305175781,-118.95000457763672,-112.95999145507812
39500,-138.1199951171875,15.450778007507324,15.433670043945312,0.5591399818658829,-138.1199951171875,-139.0,12.204326629638672,-160.02000427246094,-159.0,-154.1999969482422,-146.25,-139.0,-129.75,-122.80000305175781,-118.95000457763672,-112.95999145507812
39520,-138.1199951171875,15.447502136230469,15.430196762084961,0.5620693191885948,-138.1199951171875,-139.0,12.204326629638672,-160.02000427246094,-159.0,-154.1999969482422,-146.25,-139.0,-129.75,-122.80000305175781,-118.95000457763672,-112.95999145507812
39540,-138.1199951171875,15.442401885986328,15.425349235534668,0.567465715110302,-138.1199951171875,-139.0,12.204326629638672,-160.02000427246094,-159.0,-154.1999969482422,-146.25,-139.0,-129.75,-122.80000305175781,-118.95000457763672,-112.95999145507812
39560,-138.1199951171875,15.433783531188965,15.416594505310059,0.5681738331913948,-138.1199951171875,-139.0,12.204326629638672,-160.02000427246094,-159.0,-154.1999969482422,-146.25,-139.0,-129.75,-122.80000305175781,-118.95000457763672,-112.95999145507812
39580,-138.1199951171875,15.443449974060059,15.4263334274292,0.5635357797145844,-138.1199951171875,-139.0,12.204326629638672,-160.02000427246094,-159.0,-154.1999969482422,-146.25,-139.0,-129.75,-122.80000305175781,-118.95000457763672,-112.95999145507812
39600,-138.1199951171875,15.437499046325684,15.420293807983398,0.5696716085076332,-138.1199951171875,-139.0,12.204326629638672,-160.02000427246094,-159.0,-154.1999969482422,-146.25,-139.0,-129.75,-122.80000305175781,-118.95000457763672,-112.95999145507812
39620,-138.1199951171875,15.430521965026855,15.413416862487793,0.5623030439019203,-138.1199951171875,-139.0,12.204326629638672,-160.02000427246094,-159.0,-154.1999969482422,-146.25,-139.0,-129.75,-122.80000305175781,-118.95000457763672,-112.95999145507812
39640,-138.1199951171875,15.430595397949219,15.412894248962402,0.5652851909399033,-138.1199951171875,-139.0,12.204326629638672,-160.02000427246094,-159.0,-154.1999969482422,-146.25,-139.0,-129.75,-122.80000305175781,-118.95000457763672,-112.95999145507812
39660,-138.1199951171875,15.43212890625,15.41436767578125,0.5695309787988663,-138.1199951171875,-139.0,12.204326629638672,-160.02000427246094,-159.0,-154.1999969482422,-146.25,-139.0,-129.75,-122.80000305175781,-118.95000457763672,-112.95999145507812
39680,-138.1199951171875,15.428491592407227,15.410758018493652,0.5655369386076927,-138.1199951171875,-139.0,12.204326629638672,-160.02000427246094,-159.0,-154.1999969482422,-146.25,-139.0,-129.75,-122.80000305175781,-118.95000457763672,-112.95999145507812
39700,-138.1199951171875,15.419286727905273,15.401830673217773,0.5679416954517365,-138.1199951171875,-139.0,12.204326629638672,-160.02000427246094,-159.0,-154.1999969482422,-146.25,-139.0,-129.75,-122.80000305175781,-118.95000457763672,-112.95999145507812
39720,-138.1199951171875,15.411687850952148,15.394630432128906,0.5606270059943199,-138.1199951171875,-139.0,12.204326629638672,-160.02000427246094,-159.0,-154.1999969482422,-146.25,-139.0,-129.75,-122.80000305175781,-118.95000457763672,-112.95999145507812
39740,-138.1199951171875,15.424942016601562,15.407611846923828,0.5644291788339615,-138.1199951171875,-139.0,12.204326629638672,-160.02000427246094,-159.0,-154.1999969482422,-146.25,-139.0,-129.75,-122.80000305175781,-118.95000457763672,-112.95999145507812
39760,-138.1199951171875,15.424154281616211,15.406391143798828,0.5709600672125816,-138.1199951171875,-139.0,12.204326629638672,-160.02000427246094,-159.0,-154.1999969482422,-146.25,-139.0,-129.75,-122.80000305175781,-118.95000457763672,-112.95999145507812
39780,-138.1199951171875,15.428549766540527,15.410479545593262,0.5731629282236099,-138.1199951171875,-139.0,12.204326629638672,-160.02000427246094,-159.0,-154.1999969482422,-146.25,-139.0,-129.75,-122.80000305175781,-118.95000457763672,-112.95999145507812
39800,-138.1199951171875,15.428102493286133,15.409887313842773,0.5645640417933464,-138.1199951171875,-139.0,12.204326629638672,-160.02000427246094,-159.0,-154.1999969482422,-146.25,-139.0,-129.75,-122.80000305175781,-118.95000457763672,-112.95999145507812
39820,-138.1199951171875,15.443441390991211,15.424942016601562,0.5651322230696678,-138.1199951171875,-139.0,12.204326629638672,-160.02000427246094,-159.0,-154.1999969482422,-146.25,-139.0,-129.75,-122.80000305175781,-118.95000457763672,-112.95999145507812
39840,-138.1199951171875,15.439440727233887,15.421607971191406,0.5705185830593109,-138.1199951171875,-139.0,12.204326629638672,-160.02000427246094,-159.0,-154.1999969482422,-146.25,-139.0,-129.75,-122.80000305175781,-118.95000457763672,-112.95999145507812
39860,-138.1199951171875,15.443031311035156,15.425468444824219,0.5666861087083817,-138.1199951171875,-139.0,12.204326629638672,-160.02000427246094,-159.0,-154.1999969482422,-146.25,-139.0,-129.75,-122.80000305175781,-118.95000457763672,-112.95999145507812
39880,-138.1199951171875,15.444316864013672,15.426118850708008,0.5638650953769684,-138.1199951171875,-139.0,12.204326629638672,-160.02000427246094,-159.0,-154.1999969482422,-146.25,-139.0,-129.75,-122.80000305175781,-118.95000457763672,-112.95999145507812
39900,-138.1199951171875,15.441837310791016,15.423750877380371,0.5670877918601036,-138.1199951171875,-139.0,12.204326629638672,-160.02000427246094,-159.0,-154.1999969482422,-146.25,-139.0,-129.75,-122.80000305175781,-118.95000457763672,-112.95999145507812
39920,-138.1199951171875,15.44031810760498,15.422330856323242,0.5649240091443062,-138.1199951171875,-139.0,12.204326629638672,-160.02000427246094,-159.0,-154.1999969482422,-146.25,-139.0,-129.75,-122.80000305175781,-118.95000457763672,-112.95999145507812
39940,-138.1199951171875,15.437164306640625,15.419118881225586,0.5636627972126007,-138.1199951171875,-139.0,12.204326629638672,-160.02000427246094,-159.0,-154.1999969482422,-146.25,-139.0,-129.75,-122.80000305175781,-118.95000457763672,-112.95999145507812
39960,-138.1199951171875,15.445006370544434,15.42707347869873,0.5668241903185844,-138.1199951171875,-139.0,12.204326629638672,-160.02000427246094,-159.0,-154.1999969482422,-146.25,-139.0,-129.75,-122.80000305175781,-118.95000457763672,-112.95999145507812
39980,-138.1199951171875,15.442461013793945,15.424766540527344,0.5681110173463821,-138.1199951171875,-139.0,12.204326629638672,-160.02000427246094,-159.0,-154.1999969482422,-146.25,-139.0,-129.75,-122.80000305175781,-118.95000457763672,-112.95999145507812
40000,-138.1199951171875,15.44599437713623,15.428484916687012,0.5637332648038864,-138.1199951171875,-139.0,12.204326629638672,-160.02000427246094,-159.0,-154.1999969482422,-146.25,-139.0,-129.75,-122.80000305175781,-118.95000457763672,-112.95999145507812
40020,-138.1199951171875,15.450301170349121,15.432905197143555,0.5600986778736115,-138.1199951171875,-139.0,12.204326629638672,-160.02000427246094,-159.0,-154.1999969482422,-146.25,-139.0,-129.75,-122.80000305175781,-118.95000457763672,-112.95999145507812
40040,-138.1199951171875,15.45745849609375,15.439807891845703,0.5544199720025063,-138.1199951171875,-139.0,12.204326629638672,-160.02000427246094,-159.0,-154.1999969482422,-146.25,-139.0,-129.75,-122.80000305175781,-118.95000457763672,-112.95999145507812
40060,-138.1199951171875,15.461649894714355,15.444475173950195,0.5552957206964493,-138.1199951171875,-139.0,12.204326629638672,-160.02000427246094,-159.0,-154.1999969482422,-146.25,-139.0,-129.75,-122.80000305175781,-118.95000457763672,-112.95999145507812
40080,-138.1199951171875,15.456384658813477,15.437751770019531,0.5571871921420097,-138.1199951171875,-139.0,12.204326629638672,-160.02000427246094,-159.0,-154.1999969482422,-146.25,-139.0,-129.75,-122.80000305175781,-118.95000457763672,-112.95999145507812
40100,-138.1199951171875,15.453544616699219,15.435606956481934,0.5577096492052078,-138.1199951171875,-139.0,12.204326629638672,-160.02000427246094,-159.0,-154.1999969482422,-146.25,-139.0,-129.75,-122.80000305175781,-118.95000457763672,-112.95999145507812
40120,-138.1199951171875,15.458667755126953,15.441795349121094,0.5593714639544487,-138.1199951171875,-139.0,12.204326629638672,-160.02000427246094,-159.0,-154.1999969482422,-146.25,-139.0,-129.75,-122.80000305175781,-118.95000457763672,-112.95999145507812
40140,-138.1199951171875,15.463705062866211,15.446260452270508,0.5613523200154305,-138.1199951171875,-139.0,12.204326629638672,-160.02000427246094,-159.0,-154.1999969482422,-146.25,-139.0,-129.75,-122.80000305175781,-118.95000457763672,-112.95999145507812
40160,-138.1199951171875,15.450674057006836,15.433695793151855,0.563908576965332,-138.1199951171875,-139.0,12.204326629638672,-160.02000427246094,-159.0,-154.1999969482422,-146.25,-139.0,-129.75,-122.80000305175781,-118.95000457763672,-112.95999145507812
40180,-138.1199951171875,15.449450492858887,15.4329252243042,0.556152954697609,-138.1199951171875,-139.0,12.204326629638672,-160.02000427246094,-159.0,-154.1999969482422,-146.25,-139.0,-129.75,-122.80000305175781,-118.95000457763672,-112.95999145507812
40200,-138.1199951171875,15.452808380126953,15.435896873474121,0.5570901483297348,-138.1199951171875,-139.0,12.204326629638672,-160.02000427246094,-159.0,-154.1999969482422,-146.25,-139.0,-129.75,-122.80000305175781,-118.95000457763672,-112.95999145507812
40220,-138.1199951171875,15.456609725952148,15.440656661987305,0.5581165105104446,-138.1199951171875,-139.0,12.204326629638672,-160.02000427246094,-159.0,-154.1999969482422,-146.25,-139.0,-129.75,-122.80000305175781,-118.95000457763672,-112.95999145507812
40240,-138.1199951171875,15.463930130004883,15.447416305541992,0.554925374686718,-138.1199951171875,-139.0,12.204326629638672,-160.02000427246094,-159.0,-154.1999969482422,-146.25,-139.0,-129.75,-122.80000305175781,-118.95000457763672,-112.95999145507812
40260,-138.1199951171875,15.463480949401855,15.447187423706055,0.5590098798274994,-138.1199951171875,-139.0,12.204326629638672,-160.02000427246094,-159.0,-154.1999969482422,-146.25,-139.0,-129.75,-122.80000305175781,-118.95000457763672,-112.95999145507812
40280,-138.1199951171875,15.4664306640625,15.4500732421875,0.5550367310643196,-138.1199951171875,-139.0,12.204326629638672,-160.02000427246094,-159.0,-154.1999969482422,-146.25,-139.0,-129.75,-122.80000305175781,-118.95000457763672,-112.95999145507812
40300,-138.1199951171875,15.455795288085938,15.439573287963867,0.5540170297026634,-138.1199951171875,-139.0,12.204326629638672,-160.02000427246094,-159.0,-154.1999969482422,-146.25,-139.0,-129.75,-122.80000305175781,-118.95000457763672,-112.95999145507812
40320,-138.1199951171875,15.45775032043457,15.441569328308105,0.5589684993028641,-138.1199951171875,-139.0,12.204326629638672,-160.02000427246094,-159.0,-154.1999969482422,-146.25,-139.0,-129.75,-122.80000305175781,-118.95000457763672,-112.95999145507812
40340,-138.1199951171875,15.453291893005371,15.437525749206543,0.5595963671803474,-138.1199951171875,-139.0,12.204326629638672,-160.02000427246094,-159.0,-154.1999969482422,-146.25,-139.0,-129.75,-122.80000305175781,-118.95000457763672,-112.95999145507812
40360,-138.1199951171875,15.454557418823242,15.43885612487793,0.553411141037941,-138.1199951171875,-139.0,12.204326629638672,-160.02000427246094,-159.0,-154.1999969482422,-146.25,-139.0,-129.75,-122.80000305175781,-118.95000457763672,-112.95999145507812
40380,-138.1199951171875,15.456957817077637,15.441337585449219,0.5547895804047585,-138.1199951171875,-139.0,12.204326629638672,-160.02000427246094,-159.0,-154.1999969482422,-146.25,-139.0,-129.75,-122.80000305175781,-118.95000457763672,-112.95999145507812
40400,-138.1199951171875,15.455564498901367,15.439702987670898,0.5620302781462669,-138.1199951171875,-139.0,12.204326629638672,-160.02000427246094,-159.0,-154.1999969482422,-146.25,-139.0,-129.75,-122.80000305175781,-118.95000457763672,-112.95999145507812
40420,-138.1199951171875,15.463994979858398,15.44851303100586,0.5528511703014374,-138.1199951171875,-139.0,12.204326629638672,-160.02000427246094,-159.0,-154.1999969482422,-146.25,-139.0,-129.75,-122.80000305175781,-118.95000457763672,-112.95999145507812
40440,-138.1199951171875,15.465543746948242,15.450141906738281,0.5538453608751297,-138.1199951171875,-139.0,12.204326629638672,-160.02000427246094,-159.0,-154.1999969482422,-146.25,-139.0,-129.75,-122.80000305175781,-118.95000457763672,-112.95999145507812
40460,-138.1199951171875,15.476522445678711,15.46122932434082,0.5545061156153679,-138.1199951171875,-139.0,12.204326629638672,-160.02000427246094,-159.0,-154.1999969482422,-146.25,-139.0,-129.75,-122.80000305175781,-118.95000457763672,-112.95999145507812
40480,-138.1199951171875,15.471349716186523,15.456241607666016,0.5525495260953903,-138.1199951171875,-139.0,12.204326629638672,-160.02000427246094,-159.0,-154.1999969482422,-146.25,-139.0,-129.75,-122.80000305175781,-118.95000457763672,-112.95999145507812
40500,-138.1199951171875,15.470294952392578,15.455241203308105,0.5536534339189529,-138.1199951171875,-139.0,12.204326629638672,-160.02000427246094,-159.0,-154.1999969482422,-146.25,-139.0,-129.75,-122.80000305175781,-118.95000457763672,-112.95999145507812
40520,-138.1199951171875,15.474639892578125,15.459425926208496,0.5571670532226562,-138.1199951171875,-139.0,12.204326629638672,-160.02000427246094,-159.0,-154.1999969482422,-146.25,-139.0,-129.75,-122.80000305175781,-118.95000457763672,-112.95999145507812
40540,-138.1199951171875,15.471781730651855,15.456533432006836,0.5549919456243515,-138.1199951171875,-139.0,12.204326629638672,-160.02000427246094,-159.0,-154.1999969482422,-146.25,-139.0,-129.75,-122.80000305175781,-118.95000457763672,-112.95999145507812
40560,-138.1199951171875,15.47230052947998,15.456947326660156,0.556555911898613,-138.1199951171875,-139.0,12.204326629638672,-160.02000427246094,-159.0,-154.1999969482422,-146.25,-139.0,-129.75,-122.80000305175781,-118.95000457763672,-112.95999145507812
40580,-138.1199951171875,15.478195190429688,15.462793350219727,0.5568318516016006,-138.1199951171875,-139.0,12.204326629638672,-160.02000427246094,-159.0,-154.1999969482422,-146.25,-139.0,-129.75,-122.80000305175781,-118.95000457763672,-112.95999145507812
40600,-138.1199951171875,15.485198020935059,15.469783782958984,0.5582606419920921,-138.1199951171875,-139.0,12.204326629638672,-160.02000427246094,-159.0,-154.1999969482422,-146.25,-139.0,-129.75,-122.80000305175781,-118.95000457763672,-112.95999145507812
40620,-138.1199951171875,15.478635787963867,15.462858200073242,0.5580356419086456,-138.1199951171875,-139.0,12.204326629638672,-160.02000427246094,-159.0,-154.1999969482422,-146.25,-139.0,-129.75,-122.80000305175781,-118.95000457763672,-112.95999145507812
40640,-138.1199951171875,15.475604057312012,15.460103988647461,0.549804612994194,-138.1199951171875,-139.0,12.204326629638672,-160.02000427246094,-159.0,-154.1999969482422,-146.25,-139.0,-129.75,-122.80000305175781,-118.95000457763672,-112.95999145507812
40660,-138.1199951171875,15.477079391479492,15.46109390258789,0.5496735125780106,-138.1199951171875,-139.0,12.204326629638672,-160.02000427246094,-159.0,-154.1999969482422,-146.25,-139.0,-129.75,-122.80000305175781,-118.95000457763672,-112.95999145507812
40680,-138.1199951171875,15.480494499206543,15.46453857421875,0.5568206682801247,-138.1199951171875,-139.0,12.204326629638672,-160.02000427246094,-159.0,-154.1999969482422,-146.25,-139.0,-129.75,-122.80000305175781,-118.95000457763672,-112.95999145507812
40700,-138.1199951171875,15.480051040649414,15.464083671569824,0.550289697945118,-138.1199951171875,-139.0,12.204326629638672,-160.02000427246094,-159.0,-154.1999969482422,-146.25,-139.0,-129.75,-122.80000305175781,-118.95000457763672,-112.95999145507812
40720,-138.1199951171875,15.47616195678711,15.460219383239746,0.5460995435714722,-138.1199951171875,-139.0,12.204326629638672,-160.02000427246094,-159.0,-154.1999969482422,-146.25,-139.0,-129.75,-122.80000305175781,-118.95000457763672,-112.95999145507812
40740,-138.1199951171875,15.48398208618164,15.467570304870605,0.5432526096701622,-138.1199951171875,-139.0,12.204326629638672,-160.02000427246094,-159.0,-154.1999969482422,-146.25,-139.0,-129.75,-122.80000305175781,-118.95000457763672,-112.95999145507812
40760,-138.1199951171875,15.48760986328125,15.471392631530762,0.5449292883276939,-138.1199951171875,-139.0,12.204326629638672,-160.02000427246094,-159.0,-154.1999969482422,-146.25,-139.0,-129.75,-122.80000305175781,-118.95000457763672,-112.95999145507812
40780,-138.1199951171875,15.491153717041016,15.475408554077148,0.5401523560285568,-138.1199951171875,-139.0,12.204326629638672,-160.02000427246094,-159.0,-154.1999969482422,-146.25,-139.0,-129.75,-122.80000305175781,-118.95000457763672,-112.95999145507812
40800,-138.1199951171875,15.484365463256836,15.468534469604492,0.5412011444568634,-138.1199951171875,-139.0,12.204326629638672,-160.02000427246094,-159.0,-154.1999969482422,-146.25,-139.0,-129.75,-122.80000305175781,-118.95000457763672,-112.95999145507812
40820,-138.1199951171875,15.483168601989746,15.46686840057373,0.5428747162222862,-138.1199951171875,-139.0,12.204326629638672,-160.02000427246094,-159.0,-154.1999969482422,-146.25,-139.0,-129.75,-122.80000305175781,-118.95000457763672,-112.95999145507812
40840,-138.1199951171875,15.485307693481445,15.469532012939453,0.5383119583129883,-138.1199951171875,-139.0,12.204326629638672,-160.02000427246094,-159.0,-154.1999969482422,-146.25,-139.0,-129.75,-122.80000305175781,-118.95000457763672,-112.95999145507812
40860,-138.1199951171875,15.487914085388184,15.47157096862793,0.5423540025949478,-138.1199951171875,-139.0,12.204326629638672,-160.02000427246094,-159.0,-154.1999969482422,-146.25,-139.0,-129.75,-122.80000305175781,-118.95000457763672,-112.95999145507812
40880,-138.1199951171875,15.49247932434082,15.475362777709961,0.5447899699211121,-138.1199951171875,-139.0,12.204326629638672,-160.02000427246094,-159.0,-154.1999969482422,-146.25,-139.0,-129.75,-122.80000305175781,-118.95000457763672,-112.95999145507812
40900,-138.1199951171875,15.494108200073242,15.476763725280762,0.5507789701223373,-138.1199951171875,-139.0,12.204326629638672,-160.02000427246094,-159.0,-154.1999969482422,-146.25,-139.0,-129.75,-122.80000305175781,-118.95000457763672,-112.95999145507812
40920,-138.1199951171875,15.500747680664062,15.483985900878906,0.5544800162315369,-138.1199951171875,-139.0,12.204326629638672,-160.02000427246094,-159.0,-154.1999969482422,-146.25,-139.0,-129.75,-122.80000305175781,-118.95000457763672,-112.95999145507812
40940,-138.1199951171875,15.495613098144531,15.479304313659668,0.5472984910011292,-138.1199951171875,-139.0,12.204326629638672,-160.02000427246094,-159.0,-154.1999969482422,-146.25,-139.0,-129.75,-122.80000305175781,-118.95000457763672,-112.95999145507812
40960,-138.1199951171875,15.49973201751709,15.48359203338623,0.5387033745646477,-138.1199951171875,-139.0,12.204326629638672,-160.02000427246094,-159.0,-154.1999969482422,-146.25,-139.0,-129.75,-122.80000305175781,-118.95000457763672,-112.95999145507812
40980,-138.1199951171875,15.490717887878418,15.474225997924805,0.5477351918816566,-138.1199951171875,-139.0,12.204326629638672,-160.02000427246094,-159.0,-154.1999969482422,-146.25,-139.0,-129.75,-122.80000305175781,-118.95000457763672,-112.95999145507812
41000,-138.1199951171875,15.488913536071777,15.472224235534668,0.5384524762630463,-138.1199951171875,-139.0,12.204326629638672,-160.02000427246094,-159.0,-154.1999969482422,-146.25,-139.0,-129.75,-122.80000305175781,-118.95000457763672,-112.95999145507812
41020,-138.1199951171875,15.48133373260498,15.465018272399902,0.5368298292160034,-138.1199951171875,-139.0,12.204326629638672,-160.02000427246094,-159.0,-154.1999969482422,-146.25,-139.0,-129.75,-122.80000305175781,-118.95000457763672,-112.95999145507812
41040,-138.1199951171875,15.482638359069824,15.466720581054688,0.5399024784564972,-138.1199951171875,-139.0,12.204326629638672,-160.02000427246094,-159.0,-154.1999969482422,-146.25,-139.0,-129.75,-122.80000305175781,-118.95000457763672,-112.95999145507812
41060,-138.1199951171875,15.481430053710938,15.46552848815918,0.54140505194664,-138.1199951171875,-139.0,12.204326629638672,-160.02000427246094,-159.0,-154.1999969482422,-146.25,-139.0,-129.75,-122.80000305175781,-118.95000457763672,-112.95999145507812
41080,-138.1199951171875,15.472514152526855,15.456450462341309,0.5362661927938461,-138.1199951171875,-139.0,12.204326629638672,-160.02000427246094,-159.0,-154.1999969482422,-146.25,-139.0,-129.75,-122.80000305175781,-118.95000457763672,-112.95999145507812
41100,-138.1199951171875,15.471904754638672,15.455467224121094,0.5433874577283859,-138.1199951171875,-139.0,12.204326629638672,-160.02000427246094,-159.0,-154.1999969482422,-146.25,-139.0,-129.75,-122.80000305175781,-118.95000457763672,-112.95999145507812
41120,-138.1199951171875,15.474418640136719,15.457443237304688,0.5453187972307205,-138.1199951171875,-139.0,12.204326629638672,-160.02000427246094,-159.0,-154.1999969482422,-146.25,-139.0,-129.75,-122.80000305175781,-118.95000457763672,-112.95999145507812
41140,-138.1199951171875,15.467252731323242,15.449209213256836,0.5490938574075699,-138.1199951171875,-139.0,12.204326629638672,-160.02000427246094,-159.0,-154.1999969482422,-146.25,-139.0,-129.75,-122.80000305175781,-118.95000457763672,-112.95999145507812
41160,-138.1199951171875,15.466029167175293,15.44873046875,0.5417239665985107,-138.1199951171875,-139.0,12.204326629638672,-160.02000427246094,-159.0,-154.1999969482422,-146.25,-139.0,-129.75,-122.80000305175781,-118.95000457763672,-112.95999145507812
41180,-138.1199951171875,15.46371841430664,15.447572708129883,0.5362093672156334,-138.1199951171875,-139.0,12.204326629638672,-160.02000427246094,-159.0,-154.1999969482422,-146.25,-139.0,-129.75,-122.80000305175781,-118.95000457763672,-112.95999145507812
41200,-138.1199951171875,15.460025787353516,15.443901062011719,0.5401672646403313,-138.1199951171875,-139.0,12.204326629638672,-160.02000427246094,-159.0,-154.1999969482422,-146.25,-139.0,-129.75,-122.80000305175781,-118.95000457763672,-112.95999145507812
41220,-138.1199951171875,15.467363357543945,15.450319290161133,0.5393771752715111,-138.1199951171875,-139.0,12.204326629638672,-160.02000427246094,-159.0,-154.1999969482422,-146.25,-139.0,-129.75,-122.80000305175781,-118.95000457763672,-112.95999145507812
41240,-138.1199951171875,15.460650444030762,15.444854736328125,0.5414432138204575,-138.1199951171875,-139.0,12.204326629638672,-160.02000427246094,-159.0,-154.1999969482422,-146.25,-139.0,-129.75,-122.80000305175781,-118.95000457763672,-112.95999145507812
41260,-138.1199951171875,15.466808319091797,15.450824737548828,0.5401782095432281,-138.1199951171875,-139.0,12.204326629638672,-160.02000427246094,-159.0,-154.1999969482422,-146.25,-139.0,-129.75,-122.80000305175781,-118.95000457763672,-112.95999145507812
41280,-138.1199951171875,15.46534252166748,15.449275016784668,0.5475357323884964,-138.1199951171875,-139.0,12.204326629638672,-160.02000427246094,-159.0,-154.1999969482422,-146.25,-139.0,-129.75,-122.80000305175781,-118.95000457763672,-112.95999145507812
41300,-138.1199951171875,15.46584701538086,15.450393676757812,0.5425008162856102,-138.1199951171875,-139.0,12.204326629638672,-160.02000427246094,-159.0,-154.1999969482422,-146.25,-139.0,-129.75,-122.80000305175781,-118.95000457763672,-112.95999145507812
41320,-138.1199951171875,15.459296226501465,15.443808555603027,0.5418124869465828,-138.1199951171875,-139.0,12.204326629638672,-160.02000427246094,-159.0,-154.1999969482422,-146.25,-139.0,-129.75,-122.80000305175781,-118.95000457763672,-112.95999145507812
41340,-138.1199951171875,15.461526870727539,15.445734024047852,0.5391837656497955,-138.1199951171875,-139.0,12.204326629638672,-160.02000427246094,-159.0,-154.1999969482422,-146.25,-139.0,-129.75,-122.80000305175781,-118.95000457763672,-112.95999145507812
41360,-138.1199951171875,15.470874786376953,15.454967498779297,0.5375780984759331,-138.1199951171875,-139.0,12.204326629638672,-160.02000427246094,-159.0,-154.1999969482422,-146.25,-139.0,-129.75,-122.80000305175781,-118.95000457763672,-112.95999145507812
41380,-138.1199951171875,15.464593887329102,15.449275016784668,0.5395085886120796,-138.1199951171875,-139.0,12.204326629638672,-160.02000427246094,-159.0,-154.1999969482422,-146.25,-139.0,-129.75,-122.80000305175781,-118.95000457763672,-112.95999145507812
41400,-138.1199951171875,15.46671199798584,15.451083183288574,0.5362696796655655,-138.1199951171875,-139.0,12.204326629638672,-160.02000427246094,-159.0,-154.1999969482422,-146.25,-139.0,-129.75,-122.80000305175781,-118.95000457763672,-112.95999145507812
41420,-138.1199951171875,15.465452194213867,15.449432373046875,0.5402459502220154,-138.1199951171875,-139.0,12.204326629638672,-160.02000427246094,-159.0,-154.1999969482422,-146.25,-139.0,-129.75,-122.80000305175781,-118.95000457763672,-112.95999145507812
41440,-138.1199951171875,15.467897415161133,15.451544761657715,0.5415510833263397,-138.1199951171875,-139.0,12.204326629638672,-160.02000427246094,-159.0,-154.1999969482422,-146.25,-139.0,-129.75,-122.80000305175781,-118.95000457763672,-112.95999145507812
41460,-138.1199951171875,15.462420463562012,15.446720123291016,0.5449466928839684,-138.1199951171875,-139.0,12.204326629638672,-160.02000427246094,-159.0,-154.1999969482422,-146.25,-139.0,-129.75,-122.80000305175781,-118.95000457763672,-112.95999145507812
41480,-138.1199951171875,15.457002639770508,15.441396713256836,0.5416236594319344,-138.1199951171875,-139.0,12.204326629638672,-160.02000427246094,-159.0,-154.1999969482422,-146.25,-139.0,-129.75,-122.80000305175781,-118.95000457763672,-112.95999145507812
41500,-138.1199951171875,15.456679344177246,15.441168785095215,0.5410150587558746,-138.1199951171875,-139.0,12.204326629638672,-160.02000427246094,-159.0,-154.1999969482422,-146.25,-139.0,-129.75,-122.80000305175781,-118.95000457763672,-112.95999145507812
41520,-138.1199951171875,15.464250564575195,15.44800853729248,0.5455574840307236,-138.1199951171875,-139.0,12.204326629638672,-160.02000427246094,-159.0,-154.1999969482422,-146.25,-139.0,-129.75,-122.80000305175781,-118.95000457763672,-112.95999145507812
41540,-138.1199951171875,15.461315155029297,15.444829940795898,0.5417781546711922,-138.1199951171875,-139.0,12.204326629638672,-160.02000427246094,-159.0,-154.1999969482422,-146.25,-139.0,-129.75,-122.80000305175781,-118.95000457763672,-112.95999145507812
41560,-138.1199951171875,15.467824935913086,15.452386856079102,0.5407206416130066,-138.1199951171875,-139.0,12.204326629638672,-160.02000427246094,-159.0,-154.1999969482422,-146.25,-139.0,-129.75,-122.80000305175781,-118.95000457763672,-112.95999145507812
41580,-138.1199951171875,15.478696823120117,15.462392807006836,0.5360154435038567,-138.1199951171875,-139.0,12.204326629638672,-160.02000427246094,-159.0,-154.1999969482422,-146.25,-139.0,-129.75,-122.80000305175781,-118.95000457763672,-112.95999145507812
41600,-138.1199951171875,15.475638389587402,15.460439682006836,0.5386548489332199,-138.1199951171875,-139.0,12.204326629638672,-160.02000427246094,-159.0,-154.1999969482422,-146.25,-139.0,-129.75,-122.80000305175781,-118.95000457763672,-112.95999145507812
41620,-138.1199951171875,15.479784965515137,15.464568138122559,0.5359426513314247,-138.1199951171875,-139.0,12.204326629638672,-160.02000427246094,-159.0,-154.1999969482422,-146.25,-139.0,-129.75,-122.80000305175781,-118.95000457763672,-112.95999145507812
41640,-138.1199951171875,15.47917366027832,15.46204948425293,0.5345814526081085,-138.1199951171875,-139.0,12.204326629638672,-160.02000427246094,-159.0,-154.1999969482422,-146.25,-139.0,-129.75,-122.80000305175781,-118.95000457763672,-112.95999145507812
41660,-138.1199951171875,15.493108749389648,15.476945877075195,0.5358829647302628,-138.1199951171875,-139.0,12.204326629638672,-160.02000427246094,-159.0,-154.1999969482422,-146.25,-139.0,-129.75,-122.80000305175781,-118.95000457763672,-112.95999145507812
41680,-138.1199951171875,15.499159812927246,15.48307991027832,0.538281038403511,-138.1199951171875,-139.0,12.204326629638672,-160.02000427246094,-159.0,-154.1999969482422,-146.25,-139.0,-129.75,-122.80000305175781,-118.95000457763672,-112.95999145507812
41700,-138.1199951171875,15.49882698059082,15.483383178710938,0.5364066511392593,-138.1199951171875,-139.0,12.204326629638672,-160.02000427246094,-159.0,-154.1999969482422,-146.25,-139.0,-129.75,-122.80000305175781,-118.95000457763672,-112.95999145507812
41720,-138.1199951171875,15.49931526184082,15.483366012573242,0.545039489865303,-138.1199951171875,-139.0,12.204326629638672,-160.02000427246094,-159.0,-154.1999969482422,-146.25,-139.0,-129.75,-122.80000305175781,-118.95000457763672,-112.95999145507812
41740,-138.1199951171875,15.493099212646484,15.477014541625977,0.5515795052051544,-138.1199951171875,-139.0,12.204326629638672,-160.02000427246094,-159.0,-154.1999969482422,-146.25,-139.0,-129.75,-122.80000305175781,-118.95000457763672,-112.95999145507812
41760,-138.1199951171875,15.491601943969727,15.474810600280762,0.5459703877568245,-138.1199951171875,-139.0,12.204326629638672,-160.02000427246094,-159.0,-154.1999969482422,-146.25,-139.0,-129.75,-122.80000305175781,-118.95000457763672,-112.95999145507812
41780,-138.1199951171875,15.488382339477539,15.472221374511719,0.5494360402226448,-138.1199951171875,-139.0,12.204326629638672,-160.02000427246094,-159.0,-154.1999969482422,-146.25,-139.0,-129.75,-122.80000305175781,-118.95000457763672,-112.95999145507812
41800,-138.1199951171875,15.488643646240234,15.472572326660156,0.5454070791602135,-138.1199951171875,-139.0,12.204326629638672,-160.02000427246094,-159.0,-154.1999969482422,-146.25,-139.0,-129.75,-122.80000305175781,-118.95000457763672,-112.95999145507812
41820,-138.1199951171875,15.481742858886719,15.464347839355469,0.5427125096321106,-138.1199951171875,-139.0,12.204326629638672,-160.02000427246094,-159.0,-154.1999969482422,-146.25,-139.0,-129.75,-122.80000305175781,-118.95000457763672,-112.95999145507812
41840,-138.1199951171875,15.486268997192383,15.470542907714844,0.5375949069857597,-138.1199951171875,-139.0,12.204326629638672,-160.02000427246094,-159.0,-154.1999969482422,-146.25,-139.0,-129.75,-122.80000305175781,-118.95000457763672,-112.95999145507812
41860,-138.1199951171875,15.484123229980469,15.468708038330078,0.5348311811685562,-138.1199951171875,-139.0,12.204326629638672,-160.02000427246094,-159.0,-154.1999969482422,-146.25,-139.0,-129.75,-122.80000305175781,-118.95000457763672,-112.95999145507812
41880,-138.1199951171875,15.489704132080078,15.47433853149414,0.5273716077208519,-138.1199951171875,-139.0,12.204326629638672,-160.02000427246094,-159.0,-154.1999969482422,-146.25,-139.0,-129.75,-122.80000305175781,-118.95000457763672,-112.95999145507812
41900,-138.1199951171875,15.483576774597168,15.468032836914062,0.5273030251264572,-138.1199951171875,-139.0,12.204326629638672,-160.02000427246094,-159.0,-154.1999969482422,-146.25,-139.0,-129.75,-122.80000305175781,-118.95000457763672,-112.95999145507812
41920,-138.1199951171875,15.484380722045898,15.468591690063477,0.5329879969358444,-138.1199951171875,-139.0,12.204326629638672,-160.02000427246094,-159.0,-154.1999969482422,-146.25,-139.0,-129.75,-122.80000305175781,-118.95000457763672,-112.95999145507812
41940,-138.1199951171875,15.482832908630371,15.467720031738281,0.5315001308917999,-138.1199951171875,-139.0,12.204326629638672,-160.02000427246094,-159.0,-154.1999969482422,-146.25,-139.0,-129.75,-122.80000305175781,-118.95000457763672,-112.95999145507812
41960,-138.1199951171875,15.480474472045898,15.464757919311523,0.5300283208489418,-138.1199951171875,-139.0,12.204326629638672,-160.02000427246094,-159.0,-154.1999969482422,-146.25,-139.0,-129.75,-122.80000305175781,-118.95000457763672,-112.95999145507812
41980,-138.1199951171875,15.478775024414062,15.462752342224121,0.5252372175455093,-138.1199951171875,-139.0,12.204326629638672,-160.02000427246094,-159.0,-154.1999969482422,-146.25,-139.0,-129.75,-122.80000305175781,-118.95000457763672,-112.95999145507812
42000,-138.1199951171875,15.47842025756836,15.462654113769531,0.5302916616201401,-138.1199951171875,-139.0,12.204326629638672,-160.02000427246094,-159.0,-154.1999969482422,-146.25,-139.0,-129.75,-122.80000305175781,-118.95000457763672,-112.95999145507812
42020,-138.1199951171875,15.481398582458496,15.466285705566406,0.5268768817186356,-138.1199951171875,-139.0,12.204326629638672,-160.02000427246094,-159.0,-154.1999969482422,-146.25,-139.0,-129.75,-122.80000305175781,-118.95000457763672,-112.95999145507812
42040,-138.1199951171875,15.480315208435059,15.464948654174805,0.5284872278571129,-138.1199951171875,-139.0,12.204326629638672,-160.02000427246094,-159.0,-154.1999969482422,-146.25,-139.0,-129.75,-122.80000305175781,-118.95000457763672,-112.95999145507812
42060,-138.1199951171875,15.482344627380371,15.46737289428711,0.5325257033109665,-138.1199951171875,-139.0,12.204326629638672,-160.02000427246094,-159.0,-154.1999969482422,-146.25,-139.0,-129.75,-122.80000305175781,-118.95000457763672,-112.95999145507812
42080,-138.1199951171875,15.481319427490234,15.466291427612305,0.5292299911379814,-138.1199951171875,-139.0,12.204326629638672,-160.02000427246094,-159.0,-154.1999969482422,-146.25,-139.0,-129.75,-122.80000305175781,-118.95000457763672,-112.95999145507812
42100,-138.1199951171875,15.47929573059082,15.463549613952637,0.5352434292435646,-138.1199951171875,-139.0,12.204326629638672,-160.02000427246094,-159.0,-154.1999969482422,-146.25,-139.0,-129.75,-122.80000305175781,-118.95000457763672,-112.95999145507812
42120,-138.1199951171875,15.476367950439453,15.460906982421875,0.5401477068662643,-138.1199951171875,-139.0,12.204326629638672,-160.02000427246094,-159.0,-154.1999969482422,-146.25,-139.0,-129.75,-122.80000305175781,-118.95000457763672,-112.95999145507812
42140,-138.1199951171875,15.466796875,15.45130729675293,0.5369211286306381,-138.1199951171875,-139.0,12.204326629638672,-160.02000427246094,-159.0,-154.1999969482422,-146.25,-139.0,-129.75,-122.80000305175781,-118.95000457763672,-112.95999145507812
42160,-138.1199951171875,15.461966514587402,15.446706771850586,0.5312557965517044,-138.1199951171875,-139.0,12.204326629638672,-160.02000427246094,-159.0,-154.1999969482422,-146.25,-139.0,-129.75,-122.80000305175781,-118.95000457763672,-112.95999145507812
42180,-138.1199951171875,15.455984115600586,15.440328598022461,0.5333868265151978,-138.1199951171875,-139.0,12.204326629638672,-160.02000427246094,-159.0,-154.1999969482422,-146.25,-139.0,-129.75,-122.80000305175781,-118.95000457763672,-112.95999145507812
42200,-138.1199951171875,15.467300415039062,15.45161247253418,0.528023786842823,-138.1199951171875,-139.0,12.204326629638672,-160.02000427246094,-159.0,-154.1999969482422,-146.25,-139.0,-129.75,-122.80000305175781,-118.95000457763672,-112.95999145507812
42220,-138.1199951171875,15.470197677612305,15.455183029174805,0.5256064236164093,-138.1199951171875,-139.0,12.204326629638672,-160.02000427246094,-159.0,-154.1999969482422,-146.25,-139.0,-129.75,-122.80000305175781,-118.95000457763672,-112.95999145507812
42240,-138.1199951171875,15.474140167236328,15.459315299987793,0.5230614393949509,-138.1199951171875,-139.0,12.204326629638672,-160.02000427246094,-159.0,-154.1999969482422,-146.25,-139.0,-129.75,-122.80000305175781,-118.95000457763672,-112.95999145507812
42260,-138.1199951171875,15.480647087097168,15.46573543548584,0.5250164940953255,-138.1199951171875,-139.0,12.204326629638672,-160.02000427246094,-159.0,-154.1999969482422,-146.25,-139.0,-129.75,-122.80000305175781,-118.95000457763672,-112.95999145507812
42280,-138.1199951171875,15.467424392700195,15.453062057495117,0.5203022956848145,-138.1199951171875,-139.0,12.204326629638672,-160.02000427246094,-159.0,-154.1999969482422,-146.25,-139.0,-129.75,-122.80000305175781,-118.95000457763672,-112.95999145507812
42300,-138.1199951171875,15.466020584106445,15.451647758483887,0.5177464708685875,-138.1199951171875,-139.0,12.204326629638672,-160.02000427246094,-159.0,-154.1999969482422,-146.25,-139.0,-129.75,-122.80000305175781,-118.95000457763672,-112.95999145507812
42320,-138.1199951171875,15.460275650024414,15.445761680603027,0.522715836763382,-138.1199951171875,-139.0,12.204326629638672,-160.02000427246094,-159.0,-154.1999969482422,-146.25,-139.0,-129.75,-122.80000305175781,-118.95000457763672,-112.95999145507812
42340,-138.1199951171875,15.456755638122559,15.442373275756836,0.5204355418682098,-138.1199951171875,-139.0,12.204326629638672,-160.02000427246094,-159.0,-154.1999969482422,-146.25,-139.0,-129.75,-122.80000305175781,-118.95000457763672,-112.95999145507812
42360,-138.1199951171875,15.458060264587402,15.443939208984375,0.5267876237630844,-138.1199951171875,-139.0,12.204326629638672,-160.02000427246094,-159.0,-154.1999969482422,-146.25,-139.0,-129.75,-122.80000305175781,-118.95000457763672,-112.95999145507812
42380,-138.1199951171875,15.459863662719727,15.44561767578125,0.5223609805107117,-138.1199951171875,-139.0,12.204326629638672,-160.02000427246094,-159.0,-154.1999969482422,-146.25,-139.0,-129.75,-122.80000305175781,-118.95000457763672,-112.95999145507812
42400,-138.1199951171875,15.460783958435059,15.44635009765625,0.5222526863217354,-138.1199951171875,-139.0,12.204326629638672,-160.02000427246094,-159.0,-154.1999969482422,-146.25,-139.0,-129.75,-122.80000305175781,-118.95000457763672,-112.95999145507812
42420,-138.1199951171875,15.46964168548584,15.454954147338867,0.5227820798754692,-138.1199951171875,-139.0,12.204326629638672,-160.02000427246094,-159.0,-154.1999969482422,-146.25,-139.0,-129.75,-122.80000305175781,-118.95000457763672,-112.95999145507812
42440,-138.1199951171875,15.4677734375,15.453670501708984,0.5209366381168365,-138.1199951171875,-139.0,12.204326629638672,-160.02000427246094,-159.0,-154.1999969482422,-146.25,-139.0,-129.75,-122.80000305175781,-118.95000457763672,-112.95999145507812
42460,-138.1199951171875,15.465807914733887,15.451797485351562,0.5134188905358315,-138.1199951171875,-139.0,12.204326629638672,-160.02000427246094,-159.0,-154.1999969482422,-146.25,-139.0,-129.75,-122.80000305175781,-118.95000457763672,-112.95999145507812
42480,-138.1199951171875,15.453120231628418,15.438338279724121,0.5228592604398727,-138.1199951171875,-139.0,12.204326629638672,-160.02000427246094,-159.0,-154.1999969482422,-146.25,-139.0,-129.75,-122.80000305175781,-118.95000457763672,-112.95999145507812
42500,-138.1199951171875,15.444038391113281,15.429975509643555,0.5140808522701263,-138.1199951171875,-139.0,12.204326629638672,-160.02000427246094,-159.0,-154.1999969482422,-146.25,-139.0,-129.75,-122.80000305175781,-118.95000457763672,-112.95999145507812
42520,-138.1199951171875,15.440096855163574,15.426340103149414,0.5170544385910034,-138.1199951171875,-139.0,12.204326629638672,-160.02000427246094,-159.0,-154.1999969482422,-146.25,-139.0,-129.75,-122.80000305175781,-118.95000457763672,-112.95999145507812
42540,-138.1199951171875,15.447675704956055,15.433441162109375,0.5136672928929329,-138.1199951171875,-139.0,12.204326629638672,-160.02000427246094,-159.0,-154.1999969482422,-146.25,-139.0,-129.75,-122.80000305175781,-118.95000457763672,-112.95999145507812
42560,-138.1199951171875,15.454984664916992,15.440893173217773,0.5173061490058899,-138.1199951171875,-139.0,12.204326629638672,-160.02000427246094,-159.0,-154.1999969482422,-146.25,-139.0,-129.75,-122.80000305175781,-118.95000457763672,-112.95999145507812
42580,-138.1199951171875,15.453168869018555,15.439356803894043,0.5090355426073074,-138.1199951171875,-139.0,12.204326629638672,-160.02000427246094,-159.0,-154.1999969482422,-146.25,-139.0,-129.75,-122.80000305175781,-118.95000457763672,-112.95999145507812
42600,-138.1199951171875,15.454238891601562,15.4404935836792,0.5091584697365761,-138.1199951171875,-139.0,12.204326629638672,-160.02000427246094,-159.0,-154.1999969482422,-146.25,-139.0,-129.75,-122.80000305175781,-118.95000457763672,-112.95999145507812
42620,-138.1199951171875,15.453004837036133,15.439303398132324,0.5075398907065392,-138.1199951171875,-139.0,12.204326629638672,-160.02000427246094,-159.0,-154.1999969482422,-146.25,-139.0,-129.75,-122.80000305175781,-118.95000457763672,-112.95999145507812
42640,-138.1199951171875,15.460768699645996,15.446958541870117,0.5129193291068077,-138.1199951171875,-139.0,12.204326629638672,-160.02000427246094,-159.0,-154.1999969482422,-146.25,-139.0,-129.75,-122.80000305175781,-118.95000457763672,-112.95999145507812
42660,-138.1199951171875,15.459254264831543,15.445419311523438,0.5110780522227287,-138.1199951171875,-139.0,12.204326629638672,-160.02000427246094,-159.0,-154.1999969482422,-146.25,-139.0,-129.75,-122.80000305175781,-118.95000457763672,-112.95999145507812
42680,-138.1199951171875,15.460695266723633,15.446032524108887,0.5190622583031654,-138.1199951171875,-139.0,12.204326629638672,-160.02000427246094,-159.0,-154.1999969482422,-146.25,-139.0,-129.75,-122.80000305175781,-118.95000457763672,-112.95999145507812
42700,-138.1199951171875,15.46490478515625,15.449901580810547,0.5164654031395912,-138.1199951171875,-139.0,12.204326629638672,-160.02000427246094,-159.0,-154.1999969482422,-146.25,-139.0,-129.75,-122.80000305175781,-118.95000457763672,-112.95999145507812
42720,-138.1199951171875,15.466686248779297,15.45191764831543,0.5117233544588089,-138.1199951171875,-139.0,12.204326629638672,-160.02000427246094,-159.0,-154.1999969482422,-146.25,-139.0,-129.75,-122.80000305175781,-118.95000457763672,-112.95999145507812
42740,-138.1199951171875,15.467700004577637,15.45298957824707,0.5145531892776489,-138.1199951171875,-139.0,12.204326629638672,-160.02000427246094,-159.0,-154.1999969482422,-146.25,-139.0,-129.75,-122.80000305175781,-118.95000457763672,-112.95999145507812
42760,-138.1199951171875,15.46577262878418,15.451210021972656,0.5136977732181549,-138.1199951171875,-139.0,12.204326629638672,-160.02000427246094,-159.0,-154.1999969482422,-146.25,-139.0,-129.75,-122.80000305175781,-118.95000457763672,-112.95999145507812
42780,-138.1199951171875,15.461077690124512,15.446471214294434,0.5128489583730698,-138.1199951171875,-139.0,12.204326629638672,-160.02000427246094,-159.0,-154.1999969482422,-146.25,-139.0,-129.75,-122.80000305175781,-118.95000457763672,-112.95999145507812
42800,-138.1199951171875,15.465585708618164,15.45050048828125,0.5161921009421349,-138.1199951171875,-139.0,12.204326629638672,-160.02000427246094,-159.0,-154.1999969482422,-146.25,-139.0,-129.75,-122.80000305175781,-118.95000457763672,-112.95999145507812
42820,-138.1199951171875,15.464395523071289,15.449079513549805,0.5221309885382652,-138.1199951171875,-139.0,12.204326629638672,-160.02000427246094,-159.0,-154.1999969482422,-146.25,-139.0,-129.75,-122.80000305175781,-118.95000457763672,-112.95999145507812
42840,-138.1199951171875,15.465414047241211,15.451007843017578,0.5150922909379005,-138.1199951171875,-139.0,12.204326629638672,-160.02000427246094,-159.0,-154.1999969482422,-146.25,-139.0,-129.75,-122.80000305175781,-118.95000457763672,-112.95999145507812
42860,-138.1199951171875,15.457636833190918,15.443438529968262,0.5127069652080536,-138.1199951171875,-139.0,12.204326629638672,-160.02000427246094,-159.0,-154.1999969482422,-146.25,-139.0,-129.75,-122.80000305175781,-118.95000457763672,-112.95999145507812
42880,-138.1199951171875,15.459846496582031,15.445371627807617,0.5205594301223755,-138.1199951171875,-139.0,12.204326629638672,-160.02000427246094,-159.0,-154.1999969482422,-146.25,-139.0,-129.75,-122.80000305175781,-118.95000457763672,-112.95999145507812
42900,-138.1199951171875,15.465339660644531,15.449447631835938,0.5256239995360374,-138.1199951171875,-139.0,12.204326629638672,-160.02000427246094,-159.0,-154.1999969482422,-146.25,-139.0,-129.75,-122.80000305175781,-118.95000457763672,-112.95999145507812
42920,-138.1199951171875,15.468673706054688,15.453936576843262,0.519235372543335,-138.1199951171875,-139.0,12.204326629638672,-160.02000427246094,-159.0,-154.1999969482422,-146.25,-139.0,-129.75,-122.80000305175781,-118.95000457763672,-112.95999145507812
42940,-138.1199951171875,15.471054077148438,15.456314086914062,0.5208665132522583,-138.1199951171875,-139.0,12.204326629638672,-160.02000427246094,-159.0,-154.1999969482422,-146.25,-139.0,-129.75,-122.80000305175781,-118.95000457763672,-112.95999145507812
42960,-138.1199951171875,15.480826377868652,15.466054916381836,0.5186360403895378,-138.1199951171875,-139.0,12.204326629638672,-160.02000427246094,-159.0,-154.1999969482422,-146.25,-139.0,-129.75,-122.80000305175781,-118.95000457763672,-112.95999145507812
42980,-138.1199951171875,15.478679656982422,15.462774276733398,0.5282350033521652,-138.1199951171875,-139.0,12.204326629638672,-160.02000427246094,-159.0,-154.1999969482422,-146.25,-139.0,-129.75,-122.80000305175781,-118.95000457763672,-112.95999145507812
43000,-138.1199951171875,15.48075008392334,15.46510124206543,0.5187606289982796,-138.1199951171875,-139.0,12.204326629638672,-160.02000427246094,-159.0,-154.1999969482422,-146.25,-139.0,-129.75,-122.80000305175781,-118.95000457763672,-112.95999145507812
43020,-138.1199951171875,15.474189758300781,15.459074020385742,0.5104605406522751,-138.1199951171875,-139.0,12.204326629638672,-160.02000427246094,-159.0,-154.1999969482422,-146.25,-139.0,-129.75,-122.80000305175781,-118.95000457763672,-112.95999145507812
43040,-138.1199951171875,15.478181838989258,15.463244438171387,0.5144324824213982,-138.1199951171875,-139.0,12.204326629638672,-160.02000427246094,-159.0,-154.1999969482422,-146.25,-139.0,-129.75,-122.80000305175781,-118.95000457763672,-112.95999145507812
43060,-138.1199951171875,15.47972297668457,15.46387004852295,0.522659108042717,-138.1199951171875,-139.0,12.204326629638672,-160.02000427246094,-159.0,-154.1999969482422,-146.25,-139.0,-129.75,-122.80000305175781,-118.95000457763672,-112.95999145507812
43080,-138.1199951171875,15.485580444335938,15.47049331665039,0.5183287486433983,-138.1199951171875,-139.0,12.204326629638672,-160.02000427246094,-159.0,-154.1999969482422,-146.25,-139.0,-129.75,-122.80000305175781,-118.95000457763672,-112.95999145507812
43100,-138.1199951171875,15.487101554870605,15.47166633605957,0.5249471440911293,-138.1199951171875,-139.0,12.204326629638672,-160.02000427246094,-159.0,-154.1999969482422,-146.25,-139.0,-129.75,-122.80000305175781,-118.95000457763672,-112.95999145507812
43120,-138.1199951171875,15.489459991455078,15.474527359008789,0.515649788081646,-138.1199951171875,-139.0,12.204326629638672,-160.02000427246094,-159.0,-154.1999969482422,-146.25,-139.0,-129.75,-122.80000305175781,-118.95000457763672,-112.95999145507812
43140,-138.1199951171875,15.476374626159668,15.461779594421387,0.51020348072052,-138.1199951171875,-139.0,12.204326629638672,-160.02000427246094,-159.0,-154.1999969482422,-146.25,-139.0,-129.75,-122.80000305175781,-118.95000457763672,-112.95999145507812
43160,-138.1199951171875,15.472162246704102,15.457624435424805,0.5116151422262192,-138.1199951171875,-139.0,12.204326629638672,-160.02000427246094,-159.0,-154.1999969482422,-146.25,-139.0,-129.75,-122.80000305175781,-118.95000457763672,-112.95999145507812
43180,-138.1199951171875,15.471735000610352,15.457178115844727,0.5120944976806641,-138.1199951171875,-139.0,12.204326629638672,-160.02000427246094,-159.0,-154.1999969482422,-146.25,-139.0,-129.75,-122.80000305175781,-118.95000457763672,-112.95999145507812
43200,-138.1199951171875,15.478960037231445,15.464216232299805,0.5163464695215225,-138.1199951171875,-139.0,12.204326629638672,-160.02000427246094,-159.0,-154.1999969482422,-146.25,-139.0,-129.75,-122.80000305175781,-118.95000457763672,-112.95999145507812
43220,-138.1199951171875,15.474543571472168,15.4599027633667,0.5108169391751289,-138.1199951171875,-139.0,12.204326629638672,-160.02000427246094,-159.0,-154.1999969482422,-146.25,-139.0,-129.75,-122.80000305175781,-118.95000457763672,-112.95999145507812
43240,-138.1199951171875,15.476771354675293,15.462202072143555,0.5089892894029617,-138.1199951171875,-139.0,12.204326629638672,-160.02000427246094,-159.0,-154.1999969482422,-146.25,-139.0,-129.75,-122.80000305175781,-118.95000457763672,-112.95999145507812
43260,-138.1199951171875,15.461004257202148,15.446455955505371,0.5063191652297974,-138.1199951171875,-139.0,12.204326629638672,-160.02000427246094,-159.0,-154.1999969482422,-146.25,-139.0,-129.75,-122.80000305175781,-118.95000457763672,-112.95999145507812
43280,-138.1199951171875,15.46435546875,15.44921875,0.5142997205257416,-138.1199951171875,-139.0,12.204326629638672,-160.02000427246094,-159.0,-154.1999969482422,-146.25,-139.0,-129.75,-122.80000305175781,-118.95000457763672,-112.95999145507812
43300,-138.1199951171875,15.468751907348633,15.453956604003906,0.5075196102261543,-138.1199951171875,-139.0,12.204326629638672,-160.02000427246094,-159.0,-154.1999969482422,-146.25,-139.0,-129.75,-122.80000305175781,-118.95000457763672,-112.95999145507812
43320,-138.1199951171875,15.468195915222168,15.453803062438965,0.5040993839502335,-138.1199951171875,-139.0,12.204326629638672,-160.02000427246094,-159.0,-154.1999969482422,-146.25,-139.0,-129.75,-122.80000305175781,-118.95000457763672,-112.95999145507812
43340,-138.1199951171875,15.469122886657715,15.454610824584961,0.5082727298140526,-138.1199951171875,-139.0,12.204326629638672,-160.02000427246094,-159.0,-154.1999969482422,-146.25,-139.0,-129.75,-122.80000305175781,-118.95000457763672,-112.95999145507812
43360,-138.1199951171875,15.464938163757324,15.450614929199219,0.5136210843920708,-138.1199951171875,-139.0,12.204326629638672,-160.02000427246094,-159.0,-154.1999969482422,-146.25,-139.0,-129.75,-122.80000305175781,-118.95000457763672,-112.95999145507812
43380,-138.1199951171875,15.458673477172852,15.445052146911621,0.5026375949382782,-138.1199951171875,-139.0,12.204326629638672,-160.02000427246094,-159.0,-154.1999969482422,-146.25,-139.0,-129.75,-122.80000305175781,-118.95000457763672,-112.95999145507812
43400,-138.1199951171875,15.454456329345703,15.440890312194824,0.505235992372036,-138.1199951171875,-139.0,12.204326629638672,-160.02000427246094,-159.0,-154.1999969482422,-146.25,-139.0,-129.75,-122.80000305175781,-118.95000457763672,-112.95999145507812
43420,-138.1199951171875,15.461318969726562,15.447547912597656,0.5037403851747513,-138.1199951171875,-139.0,12.204326629638672,-160.02000427246094,-159.0,-154.1999969482422,-146.25,-139.0,-129.75,-122.80000305175781,-118.95000457763672,-112.95999145507812
43440,-138.1199951171875,15.461427688598633,15.447595596313477,0.501025840640068,-138.1199951171875,-139.0,12.204326629638672,-160.02000427246094,-159.0,-154.1999969482422,-146.25,-139.0,-129.75,-122.80000305175781,-118.95000457763672,-112.95999145507812
43460,-138.1199951171875,15.46596908569336,15.451937675476074,0.504388615489006,-138.1199951171875,-139.0,12.204326629638672,-160.02000427246094,-159.0,-154.1999969482422,-146.25,-139.0,-129.75,-122.80000305175781,-118.95000457763672,-112.95999145507812
43480,-138.1199951171875,15.465936660766602,15.450902938842773,0.5025401562452316,-138.1199951171875,-139.0,12.204326629638672,-160.02000427246094,-159.0,-154.1999969482422,-146.25,-139.0,-129.75,-122.80000305175781,-118.95000457763672,-112.95999145507812
43500,-138.1199951171875,15.468195915222168,15.45148754119873,0.5090469717979431,-138.1199951171875,-139.0,12.204326629638672,-160.02000427246094,-159.0,-154.1999969482422,-146.25,-139.0,-129.75,-122.80000305175781,-118.95000457763672,-112.95999145507812
43520,-138.1199951171875,15.471202850341797,15.456747055053711,0.5053357407450676,-138.1199951171875,-139.0,12.204326629638672,-160.02000427246094,-159.0,-154.1999969482422,-146.25,-139.0,-129.75,-122.80000305175781,-118.95000457763672,-112.95999145507812
43540,-138.1199951171875,15.461381912231445,15.447715759277344,0.5016654208302498,-138.1199951171875,-139.0,12.204326629638672,-160.02000427246094,-159.0,-154.1999969482422,-146.25,-139.0,-129.75,-122.80000305175781,-118.95000457763672,-112.95999145507812
43560,-138.1199951171875,15.46284294128418,15.449287414550781,0.4988793879747391,-138.1199951171875,-139.0,12.204326629638672,-160.02000427246094,-159.0,-154.1999969482422,-146.25,-139.0,-129.75,-122.80000305175781,-118.95000457763672,-112.95999145507812
43580,-138.1199951171875,15.463523864746094,15.450031280517578,0.49388812482357025,-138.1199951171875,-139.0,12.204326629638672,-160.02000427246094,-159.0,-154.1999969482422,-146.25,-139.0,-129.75,-122.80000305175781,-118.95000457763672,-112.95999145507812
43600,-138.1199951171875,15.463478088378906,15.449811935424805,0.49498577415943146,-138.1199951171875,-139.0,12.204326629638672,-160.02000427246094,-159.0,-154.1999969482422,-146.25,-139.0,-129.75,-122.80000305175781,-118.95000457763672,-112.95999145507812
43620,-138.1199951171875,15.466682434082031,15.453145980834961,0.4891788139939308,-138.1199951171875,-139.0,12.204326629638672,-160.02000427246094,-159.0,-154.1999969482422,-146.25,-139.0,-129.75,-122.80000305175781,-118.95000457763672,-112.95999145507812
43640,-138.1199951171875,15.467073440551758,15.453425407409668,0.4938414841890335,-138.1199951171875,-139.0,12.204326629638672,-160.02000427246094,-159.0,-154.1999969482422,-146.25,-139.0,-129.75,-122.80000305175781,-118.95000457763672,-112.95999145507812
43660,-138.1199951171875,15.453730583190918,15.440176010131836,0.4904073551297188,-138.1199951171875,-139.0,12.204326629638672,-160.02000427246094,-159.0,-154.1999969482422,-146.25,-139.0,-129.75,-122.80000305175781,-118.95000457763672,-112.95999145507812
43680,-138.1199951171875,15.44779109954834,15.434320449829102,0.4877903461456299,-138.1199951171875,-139.0,12.204326629638672,-160.02000427246094,-159.0,-154.1999969482422,-146.25,-139.0,-129.75,-122.80000305175781,-118.95000457763672,-112.95999145507812
43700,-138.1199951171875,15.447123527526855,15.433683395385742,0.4923713207244873,-138.1199951171875,-139.0,12.204326629638672,-160.02000427246094,-159.0,-154.1999969482422,-146.25,-139.0,-129.75,-122.80000305175781,-118.95000457763672,-112.95999145507812
43720,-138.1199951171875,15.449091911315918,15.435344696044922,0.4925384074449539,-138.1199951171875,-139.0,12.204326629638672,-160.02000427246094,-159.0,-154.1999969482422,-146.25,-139.0,-129.75,-122.80000305175781,-118.95000457763672,-112.95999145507812
43740,-138.1199951171875,15.448419570922852,15.434904098510742,0.4891766533255577,-138.1199951171875,-139.0,12.204326629638672,-160.02000427246094,-159.0,-154.1999969482422,-146.25,-139.0,-129.75,-122.80000305175781,-118.95000457763672,-112.95999145507812
43760,-138.1199951171875,15.451579093933105,15.438011169433594,0.4902486354112625,-138.1199951171875,-139.0,12.204326629638672,-160.02000427246094,-159.0,-154.1999969482422,-146.25,-139.0,-129.75,-122.80000305175781,-118.95000457763672,-112.95999145507812
43780,-138.1199951171875,15.448286056518555,15.434375762939453,0.4911981672048569,-138.1199951171875,-139.0,12.204326629638672,-160.02000427246094,-159.0,-154.1999969482422,-146.25,-139.0,-129.75,-122.80000305175781,-118.95000457763672,-112.95999145507812
43800,-138.1199951171875,15.439407348632812,15.425542831420898,0.49169179052114487,-138.1199951171875,-139.0,12.204326629638672,-160.02000427246094,-159.0,-154.1999969482422,-146.25,-139.0,-129.75,-122.80000305175781,-118.95000457763672,-112.95999145507812
43820,-138.1199951171875,15.433002471923828,15.419120788574219,0.49459173530340195,-138.1199951171875,-139.0,12.204326629638672,-160.02000427246094,-159.0,-154.1999969482422,-146.25,-139.0,-129.75,-122.80000305175781,-118.95000457763672,-112.95999145507812
43840,-138.1199951171875,15.434616088867188,15.420902252197266,0.5025220587849617,-138.1199951171875,-139.0,12.204326629638672,-160.02000427246094,-159.0,-154.1999969482422,-146.25,-139.0,-129.75,-122.80000305175781,-118.95000457763672,-112.95999145507812
43860,-138.1199951171875,15.429289817810059,15.41539192199707,0.500274196267128,-138.1199951171875,-139.0,12.204326629638672,-160.02000427246094,-159.0,-154.1999969482422,-146.25,-139.0,-129.75,-122.80000305175781,-118.95000457763672,-112.95999145507812
43880,-138.1199951171875,15.425519943237305,15.411880493164062,0.5003389492630959,-138.1199951171875,-139.0,12.204326629638672,-160.02000427246094,-159.0,-154.1999969482422,-146.25,-139.0,-129.75,-122.80000305175781,-118.95000457763672,-112.95999145507812
43900,-138.1199951171875,15.419471740722656,15.405863761901855,0.4944198504090309,-138.1199951171875,-139.0,12.204326629638672,-160.02000427246094,-159.0,-154.1999969482422,-146.25,-139.0,-129.75,-122.80000305175781,-118.95000457763672,-112.95999145507812
43920,-138.1199951171875,15.416925430297852,15.403167724609375,0.4920491501688957,-138.1199951171875,-139.0,12.204326629638672,-160.02000427246094,-159.0,-154.1999969482422,-146.25,-139.0,-129.75,-122.80000305175781,-118.95000457763672,-112.95999145507812
43940,-138.1199951171875,15.417501449584961,15.403129577636719,0.49471615254879,-138.1199951171875,-139.0,12.204326629638672,-160.02000427246094,-159.0,-154.1999969482422,-146.25,-139.0,-129.75,-122.80000305175781,-118.95000457763672,-112.95999145507812
43960,-138.1199951171875,15.422468185424805,15.408797264099121,0.49237271398305893,-138.1199951171875,-139.0,12.204326629638672,-160.02000427246094,-159.0,-154.1999969482422,-146.25,-139.0,-129.75,-122.80000305175781,-118.95000457763672,-112.95999145507812
43980,-138.1199951171875,15.428369522094727,15.414194107055664,0.49356266111135483,-138.1199951171875,-139.0,12.204326629638672,-160.02000427246094,-159.0,-154.1999969482422,-146.25,-139.0,-129.75,-122.80000305175781,-118.95000457763672,-112.95999145507812
44000,-138.1199951171875,15.426218032836914,15.412447929382324,0.49972713738679886,-138.1199951171875,-139.0,12.204326629638672,-160.02000427246094,-159.0,-154.1999969482422,-146.25,-139.0,-129.75,-122.80000305175781,-118.95000457763672,-112.95999145507812
44020,-138.1199951171875,15.428606986999512,15.415159225463867,0.49301087856292725,-138.1199951171875,-139.0,12.204326629638672,-160.02000427246094,-159.0,-154.1999969482422,-146.25,-139.0,-129.75,-122.80000305175781,-118.95000457763672,-112.95999145507812
44040,-138.1199951171875,15.425322532653809,15.41193675994873,0.4949723333120346,-138.1199951171875,-139.0,12.204326629638672,-160.02000427246094,-159.0,-154.1999969482422,-146.25,-139.0,-129.75,-122.80000305175781,-118.95000457763672,-112.95999145507812
44060,-138.1199951171875,15.424044609069824,15.410506248474121,0.49170439690351486,-138.1199951171875,-139.0,12.204326629638672,-160.02000427246094,-159.0,-154.1999969482422,-146.25,-139.0,-129.75,-122.80000305175781,-118.95000457763672,-112.95999145507812
44080,-138.1199951171875,15.424548149108887,15.411150932312012,0.49549149721860886,-138.1199951171875,-139.0,12.204326629638672,-160.02000427246094,-159.0,-154.1999969482422,-146.25,-139.0,-129.75,-122.80000305175781,-118.95000457763672,-112.95999145507812
44100,-138.1199951171875,15.4173583984375,15.404336929321289,0.4873061031103134,-138.1199951171875,-139.0,12.204326629638672,-160.02000427246094,-159.0,-154.1999969482422,-146.25,-139.0,-129.75,-122.80000305175781,-118.95000457763672,-112.95999145507812
44120,-138.1199951171875,15.420185089111328,15.407188415527344,0.4871589317917824,-138.1199951171875,-139.0,12.204326629638672,-160.02000427246094,-159.0,-154.1999969482422,-146.25,-139.0,-129.75,-122.80000305175781,-118.95000457763672,-112.95999145507812
44140,-138.1199951171875,15.411139488220215,15.397985458374023,0.4944505989551544,-138.1199951171875,-139.0,12.204326629638672,-160.02000427246094,-159.0,-154.1999969482422,-146.25,-139.0,-129.75,-122.80000305175781,-118.95000457763672,-112.95999145507812
44160,-138.1199951171875,15.411242485046387,15.398127555847168,0.49040283262729645,-138.1199951171875,-139.0,12.204326629638672,-160.02000427246094,-159.0,-154.1999969482422,-146.25,-139.0,-129.75,-122.80000305175781,-118.95000457763672,-112.95999145507812
44180,-138.1199951171875,15.420555114746094,15.407492637634277,0.48953962326049805,-138.1199951171875,-139.0,12.204326629638672,-160.02000427246094,-159.0,-154.1999969482422,-146.25,-139.0,-129.75,-122.80000305175781,-118.95000457763672,-112.95999145507812
44200,-138.1199951171875,15.417610168457031,15.404711723327637,0.48732852190732956,-138.1199951171875,-139.0,12.204326629638672,-160.02000427246094,-159.0,-154.1999969482422,-146.25,-139.0,-129.75,-122.80000305175781,-118.95000457763672,-112.95999145507812
44220,-138.1199951171875,15.408000946044922,15.395111083984375,0.48727525025606155,-138.1199951171875,-139.0,12.204326629638672,-160.02000427246094,-159.0,-154.1999969482422,-146.25,-139.0,-129.75,-122.80000305175781,-118.95000457763672,-112.95999145507812
44240,-138.1199951171875,15.401957511901855,15.388343811035156,0.49388428777456284,-138.1199951171875,-139.0,12.204326629638672,-160.02000427246094,-159.0,-154.1999969482422,-146.25,-139.0,-129.75,-122.80000305175781,-118.95000457763672,-112.95999145507812
44260,-138.1199951171875,15.404029846191406,15.390388488769531,0.4993399381637573,-138.1199951171875,-139.0,12.204326629638672,-160.02000427246094,-159.0,-154.1999969482422,-146.25,-139.0,-129.75,-122.80000305175781,-118.95000457763672,-112.95999145507812
44280,-138.1199951171875,15.406503677368164,15.393072128295898,0.5010130777955055,-138.1199951171875,-139.0,12.204326629638672,-160.02000427246094,-159.0,-154.1999969482422,-146.25,-139.0,-129.75,-122.80000305175781,-118.95000457763672,-112.95999145507812
44300,-138.1199951171875,15.406522750854492,15.393596649169922,0.494361013174057,-138.1199951171875,-139.0,12.204326629638672,-160.02000427246094,-159.0,-154.1999969482422,-146.25,-139.0,-129.75,-122.80000305175781,-118.95000457763672,-112.95999145507812
44320,-138.1199951171875,15.404165267944336,15.391200065612793,0.4962603449821472,-138.1199951171875,-139.0,12.204326629638672,-160.02000427246094,-159.0,-154.1999969482422,-146.25,-139.0,-129.75,-122.80000305175781,-118.95000457763672,-112.95999145507812
44340,-138.1199951171875,15.408727645874023,15.395744323730469,0.4818901866674423,-138.1199951171875,-139.0,12.204326629638672,-160.02000427246094,-159.0,-154.1999969482422,-146.25,-139.0,-129.75,-122.80000305175781,-118.95000457763672,-112.95999145507812
44360,-138.1199951171875,15.405399322509766,15.392080307006836,0.4829333573579788,-138.1199951171875,-139.0,12.204326629638672,-160.02000427246094,-159.0,-154.1999969482422,-146.25,-139.0,-129.75,-122.80000305175781,-118.95000457763672,-112.95999145507812
44380,-138.1199951171875,15.395975112915039,15.382033348083496,0.4838615953922272,-138.1199951171875,-139.0,12.204326629638672,-160.02000427246094,-159.0,-154.1999969482422,-146.25,-139.0,-129.75,-122.80000305175781,-118.95000457763672,-112.95999145507812
44400,-138.1199951171875,15.394713401794434,15.381160736083984,0.4884285628795624,-138.1199951171875,-139.0,12.204326629638672,-160.02000427246094,-159.0,-154.1999969482422,-146.25,-139.0,-129.75,-122.80000305175781,-118.95000457763672,-112.95999145507812
44420,-138.1199951171875,15.398122787475586,15.384783744812012,0.4907485768198967,-138.1199951171875,-139.0,12.204326629638672,-160.02000427246094,-159.0,-154.1999969482422,-146.25,-139.0,-129.75,-122.80000305175781,-118.95000457763672,-112.95999145507812
44440,-138.1199951171875,15.399803161621094,15.38646125793457,0.48826462775468826,-138.1199951171875,-139.0,12.204326629638672,-160.02000427246094,-159.0,-154.1999969482422,-146.25,-139.0,-129.75,-122.80000305175781,-118.95000457763672,-112.95999145507812
44460,-138.1199951171875,15.39680004119873,15.383214950561523,0.48358041793107986,-138.1199951171875,-139.0,12.204326629638672,-160.02000427246094,-159.0,-154.1999969482422,-146.25,-139.0,-129.75,-122.80000305175781,-118.95000457763672,-112.95999145507812
44480,-138.1199951171875,15.40433406829834,15.391592979431152,0.4819314181804657,-138.1199951171875,-139.0,12.204326629638672,-160.02000427246094,-159.0,-154.1999969482422,-146.25,-139.0,-129.75,-122.80000305175781,-118.95000457763672,-112.95999145507812
44500,-138.1199951171875,15.40470027923584,15.392097473144531,0.48409098386764526,-138.1199951171875,-139.0,12.204326629638672,-160.02000427246094,-159.0,-154.1999969482422,-146.25,-139.0,-129.75,-122.80000305175781,-118.95000457763672,-112.95999145507812
44520,-138.1199951171875,15.400772094726562,15.387914657592773,0.4756614938378334,-138.1199951171875,-139.0,12.204326629638672,-160.02000427246094,-159.0,-154.1999969482422,-146.25,-139.0,-129.75,-122.80000305175781,-118.95000457763672,-112.95999145507812
44540,-138.1199951171875,15.395277976989746,15.382781982421875,0.47697747498750687,-138.1199951171875,-139.0,12.204326629638672,-160.02000427246094,-159.0,-154.1999969482422,-146.25,-139.0,-129.75,-122.80000305175781,-118.95000457763672,-112.95999145507812
44560,-138.1199951171875,15.390714645385742,15.37838363647461,0.4721231609582901,-138.1199951171875,-139.0,12.204326629638672,-160.02000427246094,-159.0,-154.1999969482422,-146.25,-139.0,-129.75,-122.80000305175781,-118.95000457763672,-112.95999145507812
44580,-138.1199951171875,15.387235641479492,15.374654769897461,0.4784724786877632,-138.1199951171875,-139.0,12.204326629638672,-160.02000427246094,-159.0,-154.1999969482422,-146.25,-139.0,-129.75,-122.80000305175781,-118.95000457763672,-112.95999145507812
44600,-138.1199951171875,15.384700775146484,15.372169494628906,0.47420791536569595,-138.1199951171875,-139.0,12.204326629638672,-160.02000427246094,-159.0,-154.1999969482422,-146.25,-139.0,-129.75,-122.80000305175781,-118.95000457763672,-112.95999145507812
44620,-138.1199951171875,15.38258171081543,15.369897842407227,0.4768974706530571,-138.1199951171875,-139.0,12.204326629638672,-160.02000427246094,-159.0,-154.1999969482422,-146.25,-139.0,-129.75,-122.80000305175781,-118.95000457763672,-112.95999145507812
44640,-138.1199951171875,15.392034530639648,15.379244804382324,0.47780609875917435,-138.1199951171875,-139.0,12.204326629638672,-160.02000427246094,-159.0,-154.1999969482422,-146.25,-139.0,-129.75,-122.80000305175781,-118.95000457763672,-112.95999145507812
44660,-138.1199951171875,15.395301818847656,15.382341384887695,0.47649358958005905,-138.1199951171875,-139.0,12.204326629638672,-160.02000427246094,-159.0,-154.1999969482422,-146.25,-139.0,-129.75,-122.80000305175781,-118.95000457763672,-112.95999145507812
44680,-138.1199951171875,15.393251419067383,15.379981994628906,0.4768132343888283,-138.1199951171875,-139.0,12.204326629638672,-160.02000427246094,-159.0,-154.1999969482422,-146.25,-139.0,-129.75,-122.80000305175781,-118.95000457763672,-112.95999145507812
44700,-138.1199951171875,15.392860412597656,15.380264282226562,0.4647474139928818,-138.1199951171875,-139.0,12.204326629638672,-160.02000427246094,-159.0,-154.1999969482422,-146.25,-139.0,-129.75,-122.80000305175781,-118.95000457763672,-112.95999145507812
44720,-138.1199951171875,15.39410400390625,15.381937980651855,0.4665510803461075,-138.1199951171875,-139.0,12.204326629638672,-160.02000427246094,-159.0,-154.1999969482422,-146.25,-139.0,-129.75,-122.80000305175781,-118.95000457763672,-112.95999145507812
44740,-138.1199951171875,15.390995025634766,15.378268241882324,0.4700569212436676,-138.1199951171875,-139.0,12.204326629638672,-160.02000427246094,-159.0,-154.1999969482422,-146.25,-139.0,-129.75,-122.80000305175781,-118.95000457763672,-112.95999145507812
44760,-138.1199951171875,15.39151668548584,15.378652572631836,0.4736775755882263,-138.1199951171875,-139.0,12.204326629638672,-160.02000427246094,-159.0,-154.1999969482422,-146.25,-139.0,-129.75,-122.80000305175781,-118.95000457763672,-112.95999145507812
44780,-138.1199951171875,15.396334648132324,15.383655548095703,0.4704556241631508,-138.1199951171875,-139.0,12.204326629638672,-160.02000427246094,-159.0,-154.1999969482422,-146.25,-139.0,-129.75,-122.80000305175781,-118.95000457763672,-112.95999145507812
44800,-138.1199951171875,15.398775100708008,15.38624095916748,0.4761428013443947,-138.1199951171875,-139.0,12.204326629638672,-160.02000427246094,-159.0,-154.1999969482422,-146.25,-139.0,-129.75,-122.80000305175781,-118.95000457763672,-112.95999145507812
44820,-138.1199951171875,15.406351089477539,15.393915176391602,0.47211290895938873,-138.1199951171875,-139.0,12.204326629638672,-160.02000427246094,-159.0,-154.1999969482422,-146.25,-139.0,-129.75,-122.80000305175781,-118.95000457763672,-112.95999145507812
44840,-138.1199951171875,15.407069206237793,15.394758224487305,0.4778662621974945,-138.1199951171875,-139.0,12.204326629638672,-160.02000427246094,-159.0,-154.1999969482422,-146.25,-139.0,-129.75,-122.80000305175781,-118.95000457763672,-112.95999145507812
44860,-138.1199951171875,15.411490440368652,15.399545669555664,0.47666627168655396,-138.1199951171875,-139.0,12.204326629638672,-160.02000427246094,-159.0,-154.1999969482422,-146.25,-139.0,-129.75,-122.80000305175781,-118.95000457763672,-112.95999145507812
44880,-138.1199951171875,15.405441284179688,15.39263916015625,0.4758651554584503,-138.1199951171875,-139.0,12.204326629638672,-160.02000427246094,-159.0,-154.1999969482422,-146.25,-139.0,-129.75,-122.80000305175781,-118.95000457763672,-112.95999145507812
44900,-138.1199951171875,15.408053398132324,15.396273612976074,0.4722103849053383,-138.1199951171875,-139.0,12.204326629638672,-160.02000427246094,-159.0,-154.1999969482422,-146.25,-139.0,-129.75,-122.80000305175781,-118.95000457763672,-112.95999145507812
44920,-138.1199951171875,15.400627136230469,15.389017105102539,0.4802575334906578,-138.1199951171875,-139.0,12.204326629638672,-160.02000427246094,-159.0,-154.1999969482422,-146.25,-139.0,-129.75,-122.80000305175781,-118.95000457763672,-112.95999145507812
44940,-138.1199951171875,15.401723861694336,15.389970779418945,0.47191836684942245,-138.1199951171875,-139.0,12.204326629638672,-160.02000427246094,-159.0,-154.1999969482422,-146.25,-139.0,-129.75,-122.80000305175781,-118.95000457763672,-112.95999145507812
44960,-138.1199951171875,15.403536796569824,15.391387939453125,0.4716065227985382,-138.1199951171875,-139.0,12.204326629638672,-160.02000427246094,-159.0,-154.1999969482422,-146.25,-139.0,-129.75,-122.80000305175781,-118.95000457763672,-112.95999145507812
44980,-138.1199951171875,15.392314910888672,15.380691528320312,0.47304949909448624,-138.1199951171875,-139.0,12.204326629638672,-160.02000427246094,-159.0,-154.1999969482422,-146.25,-139.0,-129.75,-122.80000305175781,-118.95000457763672,-112.95999145507812
45000,-138.1199951171875,15.38808822631836,15.376322746276855,0.472833089530468,-138.1199951171875,-139.0,12.204326629638672,-160.02000427246094,-159.0,-154.1999969482422,-146.25,-139.0,-129.75,-122.80000305175781,-118.95000457763672,-112.95999145507812
45020,-138.1199951171875,15.384708404541016,15.372847557067871,0.4732738435268402,-138.1199951171875,-139.0,12.204326629638672,-160.02000427246094,-159.0,-154.1999969482422,-146.25,-139.0,-129.75,-122.80000305175781,-118.95000457763672,-112.95999145507812
45040,-138.1199951171875,15.386604309082031,15.374556541442871,0.4761408492922783,-138.1199951171875,-139.0,12.204326629638672,-160.02000427246094,-159.0,-154.1999969482422,-146.25,-139.0,-129.75,-122.80000305175781,-118.95000457763672,-112.95999145507812
45060,-138.1199951171875,15.384576797485352,15.373098373413086,0.4780995845794678,-138.1199951171875,-139.0,12.204326629638672,-160.02000427246094,-159.0,-154.1999969482422,-146.25,-139.0,-129.75,-122.80000305175781,-118.95000457763672,-112.95999145507812
45080,-138.1199951171875,15.392833709716797,15.381406784057617,0.46757281571626663,-138.1199951171875,-139.0,12.204326629638672,-160.02000427246094,-159.0,-154.1999969482422,-146.25,-139.0,-129.75,-122.80000305175781,-118.95000457763672,-112.95999145507812
45100,-138.1199951171875,15.392672538757324,15.381266593933105,0.4679271727800369,-138.1199951171875,-139.0,12.204326629638672,-160.02000427246094,-159.0,-154.1999969482422,-146.25,-139.0,-129.75,-122.80000305175781,-118.95000457763672,-112.95999145507812
45120,-138.1199951171875,15.40357780456543,15.392156600952148,0.4700126573443413,-138.1199951171875,-139.0,12.204326629638672,-160.02000427246094,-159.0,-154.1999969482422,-146.25,-139.0,-129.75,-122.80000305175781,-118.95000457763672,-112.95999145507812
45140,-138.1199951171875,15.395689010620117,15.384511947631836,0.47050363570451736,-138.1199951171875,-139.0,12.204326629638672,-160.02000427246094,-159.0,-154.1999969482422,-146.25,-139.0,-129.75,-122.80000305175781,-118.95000457763672,-112.95999145507812
45160,-138.1199951171875,15.409479141235352,15.39786148071289,0.4701079800724983,-138.1199951171875,-139.0,12.204326629638672,-160.02000427246094,-159.0,-154.1999969482422,-146.25,-139.0,-129.75,-122.80000305175781,-118.95000457763672,-112.95999145507812
45180,-138.1199951171875,15.40164566040039,15.390551567077637,0.4758106619119644,-138.1199951171875,-139.0,12.204326629638672,-160.02000427246094,-159.0,-154.1999969482422,-146.25,-139.0,-129.75,-122.80000305175781,-118.95000457763672,-112.95999145507812
45200,-138.1199951171875,15.399133682250977,15.387984275817871,0.468630388379097,-138.1199951171875,-139.0,12.204326629638672,-160.02000427246094,-159.0,-154.1999969482422,-146.25,-139.0,-129.75,-122.80000305175781,-118.95000457763672,-112.95999145507812
45220,-138.1199951171875,15.392784118652344,15.381673812866211,0.46272416412830353,-138.1199951171875,-139.0,12.204326629638672,-160.02000427246094,-159.0,-154.1999969482422,-146.25,-139.0,-129.75,-122.80000305175781,-118.95000457763672,-112.95999145507812
45240,-138.1199951171875,15.394892692565918,15.383688926696777,0.46046119928359985,-138.1199951171875,-139.0,12.204326629638672,-160.02000427246094,-159.0,-154.1999969482422,-146.25,-139.0,-129.75,-122.80000305175781,-118.95000457763672,-112.95999145507812
45260,-138.1199951171875,15.39004135131836,15.378718376159668,0.46617748588323593,-138.1199951171875,-139.0,12.204326629638672,-160.02000427246094,-159.0,-154.1999969482422,-146.25,-139.0,-129.75,-122.80000305175781,-118.95000457763672,-112.95999145507812
45280,-138.1199951171875,15.393077850341797,15.381875991821289,0.46090810745954514,-138.1199951171875,-139.0,12.204326629638672,-160.02000427246094,-159.0,-154.1999969482422,-146.25,-139.0,-129.75,-122.80000305175781,-118.95000457763672,-112.95999145507812
45300,-138.1199951171875,15.395305633544922,15.384170532226562,0.45795611292123795,-138.1199951171875,-139.0,12.204326629638672,-160.02000427246094,-159.0,-154.1999969482422,-146.25,-139.0,-129.75,-122.80000305175781,-118.95000457763672,-112.95999145507812
45320,-138.1199951171875,15.388608932495117,15.377673149108887,0.45705030113458633,-138.1199951171875,-139.0,12.204326629638672,-160.02000427246094,-159.0,-154.1999969482422,-146.25,-139.0,-129.75,-122.80000305175781,-118.95000457763672,-112.95999145507812
45340,-138.1199951171875,15.392410278320312,15.38172721862793,0.45225827395915985,-138.1199951171875,-139.0,12.204326629638672,-160.02000427246094,-159.0,-154.1999969482422,-146.25,-139.0,-129.75,-122.80000305175781,-118.95000457763672,-112.95999145507812
45360,-138.1199951171875,15.393057823181152,15.382506370544434,0.45184290409088135,-138.1199951171875,-139.0,12.204326629638672,-160.02000427246094,-159.0,-154.1999969482422,-146.25,-139.0,-129.75,-122.80000305175781,-118.95000457763672,-112.95999145507812
45380,-138.1199951171875,15.390036582946777,15.379552841186523,0.45840761065483093,-138.1199951171875,-139.0,12.204326629638672,-160.02000427246094,-159.0,-154.1999969482422,-146.25,-139.0,-129.75,-122.80000305175781,-118.95000457763672,-112.95999145507812
45400,-138.1199951171875,15.394268035888672,15.383772850036621,0.45670001953840256,-138.1199951171875,-139.0,12.204326629638672,-160.02000427246094,-159.0,-154.1999969482422,-146.25,-139.0,-129.75,-122.80000305175781,-118.95000457763672,-112.95999145507812
45420,-138.1199951171875,15.389235496520996,15.378637313842773,0.45300862938165665,-138.1199951171875,-139.0,12.204326629638672,-160.02000427246094,-159.0,-154.1999969482422,-146.25,-139.0,-129.75,-122.80000305175781,-118.95000457763672,-112.95999145507812
45440,-138.1199951171875,15.390765190124512,15.3803129196167,0.4527772516012192,-138.1199951171875,-139.0,12.204326629638672,-160.02000427246094,-159.0,-154.1999969482422,-146.25,-139.0,-129.75,-122.80000305175781,-118.95000457763672,-112.95999145507812
45460,-138.1199951171875,15.399171829223633,15.388435363769531,0.46022409945726395,-138.1199951171875,-139.0,12.204326629638672,-160.02000427246094,-159.0,-154.1999969482422,-146.25,-139.0,-129.75,-122.80000305175781,-118.95000457763672,-112.95999145507812
45480,-138.1199951171875,15.401731491088867,15.390989303588867,0.4530002847313881,-138.1199951171875,-139.0,12.204326629638672,-160.02000427246094,-159.0,-154.1999969482422,-146.25,-139.0,-129.75,-122.80000305175781,-118.95000457763672,-112.95999145507812
45500,-138.1199951171875,15.402029037475586,15.391314506530762,0.4578627645969391,-138.1199951171875,-139.0,12.204326629638672,-160.02000427246094,-159.0,-154.1999969482422,-146.25,-139.0,-129.75,-122.80000305175781,-118.95000457763672,-112.95999145507812
45520,-138.1199951171875,15.405311584472656,15.394920349121094,0.45652374625205994,-138.1199951171875,-139.0,12.204326629638672,-160.02000427246094,-159.0,-154.1999969482422,-146.25,-139.0,-129.75,-122.80000305175781,-118.95000457763672,-112.95999145507812
45540,-138.1199951171875,15.410311698913574,15.39966869354248,0.44869954884052277,-138.1199951171875,-139.0,12.204326629638672,-160.02000427246094,-159.0,-154.1999969482422,-146.25,-139.0,-129.75,-122.80000305175781,-118.95000457763672,-112.95999145507812
45560,-138.1199951171875,15.40452766418457,15.393928527832031,0.4476552829146385,-138.1199951171875,-139.0,12.204326629638672,-160.02000427246094,-159.0,-154.1999969482422,-146.25,-139.0,-129.75,-122.80000305175781,-118.95000457763672,-112.95999145507812
45580,-138.1199951171875,15.39271068572998,15.382143020629883,0.4479879066348076,-138.1199951171875,-139.0,12.204326629638672,-160.02000427246094,-159.0,-154.1999969482422,-146.25,-139.0,-129.75,-122.80000305175781,-118.95000457763672,-112.95999145507812
45600,-138.1199951171875,15.394431114196777,15.383634567260742,0.4511609524488449,-138.1199951171875,-139.0,12.204326629638672,-160.02000427246094,-159.0,-154.1999969482422,-146.25,-139.0,-129.75,-122.80000305175781,-118.95000457763672,-112.95999145507812
45620,-138.1199951171875,15.40662670135498,15.39597225189209,0.45392119139432907,-138.1199951171875,-139.0,12.204326629638672,-160.02000427246094,-159.0,-154.1999969482422,-146.25,-139.0,-129.75,-122.80000305175781,-118.95000457763672,-112.95999145507812
45640,-138.1199951171875,15.405000686645508,15.394222259521484,0.4579707831144333,-138.1199951171875,-139.0,12.204326629638672,-160.02000427246094,-159.0,-154.1999969482422,-146.25,-139.0,-129.75,-122.80000305175781,-118.95000457763672,-112.95999145507812
45660,-138.1199951171875,15.409019470214844,15.3985595703125,0.4545346349477768,-138.1199951171875,-139.0,12.204326629638672,-160.02000427246094,-159.0,-154.1999969482422,-146.25,-139.0,-129.75,-122.80000305175781,-118.95000457763672,-112.95999145507812
45680,-138.1199951171875,15.401313781738281,15.390857696533203,0.4540460780262947,-138.1199951171875,-139.0,12.204326629638672,-160.02000427246094,-159.0,-154.1999969482422,-146.25,-139.0,-129.75,-122.80000305175781,-118.95000457763672,-112.95999145507812
45700,-138.1199951171875,15.406477928161621,15.396079063415527,0.45204949378967285,-138.1199951171875,-139.0,12.204326629638672,-160.02000427246094,-159.0,-154.1999969482422,-146.25,-139.0,-129.75,-122.80000305175781,-118.95000457763672,-112.95999145507812
45720,-138.1199951171875,15.400529861450195,15.389914512634277,0.4573672041296959,-138.1199951171875,-139.0,12.204326629638672,-160.02000427246094,-159.0,-154.1999969482422,-146.25,-139.0,-129.75,-122.80000305175781,-118.95000457763672,-112.95999145507812
45740,-138.1199951171875,15.39289379119873,15.382583618164062,0.44877801090478897,-138.1199951171875,-139.0,12.204326629638672,-160.02000427246094,-159.0,-154.1999969482422,-146.25,-139.0,-129.75,-122.80000305175781,-118.95000457763672,-112.95999145507812
45760,-138.1199951171875,15.385847091674805,15.375524520874023,0.4493379145860672,-138.1199951171875,-139.0,12.204326629638672,-160.02000427246094,-159.0,-154.1999969482422,-146.25,-139.0,-129.75,-122.80000305175781,-118.95000457763672,-112.95999145507812
45780,-138.1199951171875,15.384868621826172,15.374471664428711,0.4489698261022568,-138.1199951171875,-139.0,12.204326629638672,-160.02000427246094,-159.0,-154.1999969482422,-146.25,-139.0,-129.75,-122.80000305175781,-118.95000457763672,-112.95999145507812
45800,-138.1199951171875,15.37955093383789,15.369071960449219,0.4523487612605095,-138.1199951171875,-139.0,12.204326629638672,-160.02000427246094,-159.0,-154.1999969482422,-146.25,-139.0,-129.75,-122.80000305175781,-118.95000457763672,-112.95999145507812
45820,-138.1199951171875,15.381465911865234,15.371111869812012,0.45362744480371475,-138.1199951171875,-139.0,12.204326629638672,-160.02000427246094,-159.0,-154.1999969482422,-146.25,-139.0,-129.75,-122.80000305175781,-118.95000457763672,-112.95999145507812
45840,-138.1199951171875,15.387038230895996,15.376724243164062,0.44590987265110016,-138.1199951171875,-139.0,12.204326629638672,-160.02000427246094,-159.0,-154.1999969482422,-146.25,-139.0,-129.75,-122.80000305175781,-118.95000457763672,-112.95999145507812
45860,-138.1199951171875,15.390341758728027,15.380012512207031,0.44791343063116074,-138.1199951171875,-139.0,12.204326629638672,-160.02000427246094,-159.0,-154.1999969482422,-146.25,-139.0,-129.75,-122.80000305175781,-118.95000457763672,-112.95999145507812
45880,-138.1199951171875,15.393836975097656,15.383346557617188,0.44897036254405975,-138.1199951171875,-139.0,12.204326629638672,-160.02000427246094,-159.0,-154.1999969482422,-146.25,-139.0,-129.75,-122.80000305175781,-118.95000457763672,-112.95999145507812
45900,-138.1199951171875,15.396148681640625,15.385442733764648,0.44234251976013184,-138.1199951171875,-139.0,12.204326629638672,-160.02000427246094,-159.0,-154.1999969482422,-146.25,-139.0,-129.75,-122.80000305175781,-118.95000457763672,-112.95999145507812
45920,-138.1199951171875,15.395179748535156,15.384599685668945,0.4396756663918495,-138.1199951171875,-139.0,12.204326629638672,-160.02000427246094,-159.0,-154.1999969482422,-146.25,-139.0,-129.75,-122.80000305175781,-118.95000457763672,-112.95999145507812
45940,-138.1199951171875,15.394537925720215,15.384665489196777,0.43588513880968094,-138.1199951171875,-139.0,12.204326629638672,-160.02000427246094,-159.0,-154.1999969482422,-146.25,-139.0,-129.75,-122.80000305175781,-118.95000457763672,-112.95999145507812
45960,-138.1199951171875,15.40012264251709,15.389693260192871,0.43813399970531464,-138.1199951171875,-139.0,12.204326629638672,-160.02000427246094,-159.0,-154.1999969482422,-146.25,-139.0,-129.75,-122.80000305175781,-118.95000457763672,-112.95999145507812
45980,-138.1199951171875,15.40676498413086,15.396604537963867,0.44206400215625763,-138.1199951171875,-139.0,12.204326629638672,-160.02000427246094,-159.0,-154.1999969482422,-146.25,-139.0,-129.75,-122.80000305175781,-118.95000457763672,-112.95999145507812
46000,-138.1199951171875,15.415663719177246,15.405363082885742,0.439630389213562,-138.1199951171875,-139.0,12.204326629638672,-160.02000427246094,-159.0,-154.1999969482422,-146.25,-139.0,-129.75,-122.80000305175781,-118.95000457763672,-112.95999145507812
46020,-138.1199951171875,15.416879653930664,15.406477928161621,0.44098585844039917,-138.1199951171875,-139.0,12.204326629638672,-160.02000427246094,-159.0,-154.1999969482422,-146.25,-139.0,-129.75,-122.80000305175781,-118.95000457763672,-112.95999145507812
46040,-138.1199951171875,15.412077903747559,15.402013778686523,0.4408050701022148,-138.1199951171875,-139.0,12.204326629638672,-160.02000427246094,-159.0,-154.1999969482422,-146.25,-139.0,-129.75,-122.80000305175781,-118.95000457763672,-112.95999145507812
46060,-138.1199951171875,15.408141136169434,15.398033142089844,0.4419289827346802,-138.1199951171875,-139.0,12.204326629638672,-160.02000427246094,-159.0,-154.1999969482422,-146.25,-139.0,-129.75,-122.80000305175781,-118.95000457763672,-112.95999145507812
46080,-138.1199951171875,15.40931510925293,15.39930534362793,0.4357067421078682,-138.1199951171875,-139.0,12.204326629638672,-160.02000427246094,-159.0,-154.1999969482422,-146.25,-139.0,-129.75,-122.80000305175781,-118.95000457763672,-112.95999145507812
46100,-138.1199951171875,15.406387329101562,15.396666526794434,0.43532974272966385,-138.1199951171875,-139.0,12.204326629638672,-160.02000427246094,-159.0,-154.1999969482422,-146.25,-139.0,-129.75,-122.80000305175781,-118.95000457763672,-112.95999145507812
46120,-138.1199951171875,15.39967155456543,15.390064239501953,0.4360688179731369,-138.1199951171875,-139.0,12.204326629638672,-160.02000427246094,-159.0,-154.1999969482422,-146.25,-139.0,-129.75,-122.80000305175781,-118.95000457763672,-112.95999145507812
46140,-138.1199951171875,15.394267082214355,15.384572982788086,0.4315754324197769,-138.1199951171875,-139.0,12.204326629638672,-160.02000427246094,-159.0,-154.1999969482422,-146.25,-139.0,-129.75,-122.80000305175781,-118.95000457763672,-112.95999145507812
46160,-138.1199951171875,15.394075393676758,15.38337230682373,0.44101133942604065,-138.1199951171875,-139.0,12.204326629638672,-160.02000427246094,-159.0,-154.1999969482422,-146.25,-139.0,-129.75,-122.80000305175781,-118.95000457763672,-112.95999145507812
46180,-138.1199951171875,15.388175010681152,15.377965927124023,0.4417728781700134,-138.1199951171875,-139.0,12.204326629638672,-160.02000427246094,-159.0,-154.1999969482422,-146.25,-139.0,-129.75,-122.80000305175781,-118.95000457763672,-112.95999145507812
46200,-138.1199951171875,15.385509490966797,15.375844955444336,0.43649741262197495,-138.1199951171875,-139.0,12.204326629638672,-160.02000427246094,-159.0,-154.1999969482422,-146.25,-139.0,-129.75,-122.80000305175781,-118.95000457763672,-112.95999145507812
46220,-138.1199951171875,15.395270347595215,15.385534286499023,0.43887844681739807,-138.1199951171875,-139.0,12.204326629638672,-160.02000427246094,-159.0,-154.1999969482422,-146.25,-139.0,-129.75,-122.80000305175781,-118.95000457763672,-112.95999145507812
46240,-138.1199951171875,15.390822410583496,15.380765914916992,0.4387575685977936,-138.1199951171875,-139.0,12.204326629638672,-160.02000427246094,-159.0,-154.1999969482422,-146.25,-139.0,-129.75,-122.80000305175781,-118.95000457763672,-112.95999145507812
46260,-138.1199951171875,15.39169692993164,15.381731986999512,0.44166871905326843,-138.1199951171875,-139.0,12.204326629638672,-160.02000427246094,-159.0,-154.1999969482422,-146.25,-139.0,-129.75,-122.80000305175781,-118.95000457763672,-112.95999145507812
46280,-138.1199951171875,15.384188652038574,15.37421989440918,0.44937411695718765,-138.1199951171875,-139.0,12.204326629638672,-160.02000427246094,-159.0,-154.1999969482422,-146.25,-139.0,-129.75,-122.80000305175781,-118.95000457763672,-112.95999145507812
46300,-138.1199951171875,15.38601303100586,15.376681327819824,0.44249585270881653,-138.1199951171875,-139.0,12.204326629638672,-160.02000427246094,-159.0,-154.1999969482422,-146.25,-139.0,-129.75,-122.80000305175781,-118.95000457763672,-112.95999145507812
46320,-138.1199951171875,15.393638610839844,15.384178161621094,0.4421556815505028,-138.1199951171875,-139.0,12.204326629638672,-160.02000427246094,-159.0,-154.1999969482422,-146.25,-139.0,-129.75,-122.80000305175781,-118.95000457763672,-112.95999145507812
46340,-138.1199951171875,15.397665977478027,15.388238906860352,0.4381982311606407,-138.1199951171875,-139.0,12.204326629638672,-160.02000427246094,-159.0,-154.1999969482422,-146.25,-139.0,-129.75,-122.80000305175781,-118.95000457763672,-112.95999145507812
46360,-138.1199951171875,15.386893272399902,15.377485275268555,0.4449955001473427,-138.1199951171875,-139.0,12.204326629638672,-160.02000427246094,-159.0,-154.1999969482422,-146.25,-139.0,-129.75,-122.80000305175781,-118.95000457763672,-112.95999145507812
46380,-138.1199951171875,15.383012771606445,15.373601913452148,0.43630000203847885,-138.1199951171875,-139.0,12.204326629638672,-160.02000427246094,-159.0,-154.1999969482422,-146.25,-139.0,-129.75,-122.80000305175781,-118.95000457763672,-112.95999145507812
46400,-138.1199951171875,15.389002799987793,15.379585266113281,0.438609816133976,-138.1199951171875,-139.0,12.204326629638672,-160.02000427246094,-159.0,-154.1999969482422,-146.25,-139.0,-129.75,-122.80000305175781,-118.95000457763672,-112.95999145507812
46420,-138.1199951171875,15.380321502685547,15.370841979980469,0.44301987439393997,-138.1199951171875,-139.0,12.204326629638672,-160.02000427246094,-159.0,-154.1999969482422,-146.25,-139.0,-129.75,-122.80000305175781,-118.95000457763672,-112.95999145507812
46440,-138.1199951171875,15.382455825805664,15.372687339782715,0.44466647505760193,-138.1199951171875,-139.0,12.204326629638672,-160.02000427246094,-159.0,-154.1999969482422,-146.25,-139.0,-129.75,-122.80000305175781,-118.95000457763672,-112.95999145507812
46460,-138.1199951171875,15.395214080810547,15.385564804077148,0.44359416514635086,-138.1199951171875,-139.0,12.204326629638672,-160.02000427246094,-159.0,-154.1999969482422,-146.25,-139.0,-129.75,-122.80000305175781,-118.95000457763672,-112.95999145507812
46480,-138.1199951171875,15.396074295043945,15.386331558227539,0.44302652031183243,-138.1199951171875,-139.0,12.204326629638672,-160.02000427246094,-159.0,-154.1999969482422,-146.25,-139.0,-129.75,-122.80000305175781,-118.95000457763672,-112.95999145507812
46500,-138.1199951171875,15.38416576385498,15.374467849731445,0.4429972395300865,-138.1199951171875,-139.0,12.204326629638672,-160.02000427246094,-159.0,-154.1999969482422,-146.25,-139.0,-129.75,-122.80000305175781,-118.95000457763672,-112.95999145507812
46520,-138.1199951171875,15.388790130615234,15.379295349121094,0.4375221058726311,-138.1199951171875,-139.0,12.204326629638672,-160.02000427246094,-159.0,-154.1999969482422,-146.25,-139.0,-129.75,-122.80000305175781,-118.95000457763672,-112.95999145507812
46540,-138.1199951171875,15.394828796386719,15.38528823852539,0.43724194169044495,-138.1199951171875,-139.0,12.204326629638672,-160.02000427246094,-159.0,-154.1999969482422,-146.25,-139.0,-129.75,-122.80000305175781,-118.95000457763672,-112.95999145507812
46560,-138.1199951171875,15.39316463470459,15.383626937866211,0.4365566298365593,-138.1199951171875,-139.0,12.204326629638672,-160.02000427246094,-159.0,-154.1999969482422,-146.25,-139.0,-129.75,-122.80000305175781,-118.95000457763672,-112.95999145507812
46580,-138.1199951171875,15.388975143432617,15.379331588745117,0.4380669742822647,-138.1199951171875,-139.0,12.204326629638672,-160.02000427246094,-159.0,-154.1999969482422,-146.25,-139.0,-129.75,-122.80000305175781,-118.95000457763672,-112.95999145507812
46600,-138.1199951171875,15.396624565124512,15.386969566345215,0.4391922056674957,-138.1199951171875,-139.0,12.204326629638672,-160.02000427246094,-159.0,-154.1999969482422,-146.25,-139.0,-129.75,-122.80000305175781,-118.95000457763672,-112.95999145507812
46620,-138.1199951171875,15.394103050231934,15.38398265838623,0.4369056150317192,-138.1199951171875,-139.0,12.204326629638672,-160.02000427246094,-159.0,-154.1999969482422,-146.25,-139.0,-129.75,-122.80000305175781,-118.95000457763672,-112.95999145507812
46640,-138.1199951171875,15.395055770874023,15.385208129882812,0.4358440637588501,-138.1199951171875,-139.0,12.204326629638672,-160.02000427246094,-159.0,-154.1999969482422,-146.25,-139.0,-129.75,-122.80000305175781,-118.95000457763672,-112.95999145507812
46660,-138.1199951171875,15.395086288452148,15.385177612304688,0.4412485212087631,-138.1199951171875,-139.0,12.204326629638672,-160.02000427246094,-159.0,-154.1999969482422,-146.25,-139.0,-129.75,-122.80000305175781,-118.95000457763672,-112.95999145507812
46680,-138.1199951171875,15.392394065856934,15.382533073425293,0.44358350336551666,-138.1199951171875,-139.0,12.204326629638672,-160.02000427246094,-159.0,-154.1999969482422,-146.25,-139.0,-129.75,-122.80000305175781,-118.95000457763672,-112.95999145507812
46700,-138.1199951171875,15.38354778289795,15.373706817626953,0.4397796094417572,-138.1199951171875,-139.0,12.204326629638672,-160.02000427246094,-159.0,-154.1999969482422,-146.25,-139.0,-129.75,-122.80000305175781,-118.95000457763672,-112.95999145507812
46720,-138.1199951171875,15.385400772094727,15.375536918640137,0.436399444937706,-138.1199951171875,-139.0,12.204326629638672,-160.02000427246094,-159.0,-154.1999969482422,-146.25,-139.0,-129.75,-122.80000305175781,-118.95000457763672,-112.95999145507812
46740,-138.1199951171875,15.381033897399902,15.371114730834961,0.4310052916407585,-138.1199951171875,-139.0,12.204326629638672,-160.02000427246094,-159.0,-154.1999969482422,-146.25,-139.0,-129.75,-122.80000305175781,-118.95000457763672,-112.95999145507812
46760,-138.1199951171875,15.388450622558594,15.37845516204834,0.4326239600777626,-138.1199951171875,-139.0,12.204326629638672,-160.02000427246094,-159.0,-154.1999969482422,-146.25,-139.0,-129.75,-122.80000305175781,-118.95000457763672,-112.95999145507812
46780,-138.1199951171875,15.382755279541016,15.372920036315918,0.4311449006199837,-138.1199951171875,-139.0,12.204326629638672,-160.02000427246094,-159.0,-154.1999969482422,-146.25,-139.0,-129.75,-122.80000305175781,-118.95000457763672,-112.95999145507812
46800,-138.1199951171875,15.390941619873047,15.381023406982422,0.4393140897154808,-138.1199951171875,-139.0,12.204326629638672,-160.02000427246094,-159.0,-154.1999969482422,-146.25,-139.0,-129.75,-122.80000305175781,-118.95000457763672,-112.95999145507812
46820,-138.1199951171875,15.389338493347168,15.379039764404297,0.43991558998823166,-138.1199951171875,-139.0,12.204326629638672,-160.02000427246094,-159.0,-154.1999969482422,-146.25,-139.0,-129.75,-122.80000305175781,-118.95000457763672,-112.95999145507812
46840,-138.1199951171875,15.379504203796387,15.369434356689453,0.44036006927490234,-138.1199951171875,-139.0,12.204326629638672,-160.02000427246094,-159.0,-154.1999969482422,-146.25,-139.0,-129.75,-122.80000305175781,-118.95000457763672,-112.95999145507812
46860,-138.1199951171875,15.377623558044434,15.367426872253418,0.4367203786969185,-138.1199951171875,-139.0,12.204326629638672,-160.02000427246094,-159.0,-154.1999969482422,-146.25,-139.0,-129.75,-122.80000305175781,-118.95000457763672,-112.95999145507812
46880,-138.1199951171875,15.373048782348633,15.363136291503906,0.43558237701654434,-138.1199951171875,-139.0,12.204326629638672,-160.02000427246094,-159.0,-154.1999969482422,-146.25,-139.0,-129.75,-122.80000305175781,-118.95000457763672,-112.95999145507812
46900,-138.1199951171875,15.388341903686523,15.378345489501953,0.43780581653118134,-138.1199951171875,-139.0,12.204326629638672,-160.02000427246094,-159.0,-154.1999969482422,-146.25,-139.0,-129.75,-122.80000305175781,-118.95000457763672,-112.95999145507812
46920,-138.1199951171875,15.393543243408203,15.383560180664062,0.4343923330307007,-138.1199951171875,-139.0,12.204326629638672,-160.02000427246094,-159.0,-154.1999969482422,-146.25,-139.0,-129.75,-122.80000305175781,-118.95000457763672,-112.95999145507812
46940,-138.1199951171875,15.399801254272461,15.389708518981934,0.4318951442837715,-138.1199951171875,-139.0,12.204326629638672,-160.02000427246094,-159.0,-154.1999969482422,-146.25,-139.0,-129.75,-122.80000305175781,-118.95000457763672,-112.95999145507812
46960,-138.1199951171875,15.400190353393555,15.39026165008545,0.43062417209148407,-138.1199951171875,-139.0,12.204326629638672,-160.02000427246094,-159.0,-154.1999969482422,-146.25,-139.0,-129.75,-122.80000305175781,-118.95000457763672,-112.95999145507812
46980,-138.1199951171875,15.400604248046875,15.390615463256836,0.42904479056596756,-138.1199951171875,-139.0,12.204326629638672,-160.02000427246094,-159.0,-154.1999969482422,-146.25,-139.0,-129.75,-122.80000305175781,-118.95000457763672,-112.95999145507812
47000,-138.1199951171875,15.39807415008545,15.388267517089844,0.4254095256328583,-138.1199951171875,-139.0,12.204326629638672,-160.02000427246094,-159.0,-154.1999969482422,-146.25,-139.0,-129.75,-122.80000305175781,-118.95000457763672,-112.95999145507812
47020,-138.1199951171875,15.4041748046875,15.393630027770996,0.42761293798685074,-138.1199951171875,-139.0,12.204326629638672,-160.02000427246094,-159.0,-154.1999969482422,-146.25,-139.0,-129.75,-122.80000305175781,-118.95000457763672,-112.95999145507812
47040,-138.1199951171875,15.409051895141602,15.398674011230469,0.43129903823137283,-138.1199951171875,-139.0,12.204326629638672,-160.02000427246094,-159.0,-154.1999969482422,-146.25,-139.0,-129.75,-122.80000305175781,-118.95000457763672,-112.95999145507812
47060,-138.1199951171875,15.404275894165039,15.394526481628418,0.423616960644722,-138.1199951171875,-139.0,12.204326629638672,-160.02000427246094,-159.0,-154.1999969482422,-146.25,-139.0,-129.75,-122.80000305175781,-118.95000457763672,-112.95999145507812
47080,-138.1199951171875,15.402610778808594,15.392791748046875,0.4231632947921753,-138.1199951171875,-139.0,12.204326629638672,-160.02000427246094,-159.0,-154.1999969482422,-146.25,-139.0,-129.75,-122.80000305175781,-118.95000457763672,-112.95999145507812
47100,-138.1199951171875,15.403564453125,15.393423080444336,0.4255676120519638,-138.1199951171875,-139.0,12.204326629638672,-160.02000427246094,-159.0,-154.1999969482422,-146.25,-139.0,-129.75,-122.80000305175781,-118.95000457763672,-112.95999145507812
47120,-138.1199951171875,15.416679382324219,15.407144546508789,0.4252798482775688,-138.1199951171875,-139.0,12.204326629638672,-160.02000427246094,-159.0,-154.1999969482422,-146.25,-139.0,-129.75,-122.80000305175781,-118.95000457763672,-112.95999145507812
47140,-138.1199951171875,15.419174194335938,15.41018295288086,0.414938285946846,-138.1199951171875,-139.0,12.204326629638672,-160.02000427246094,-159.0,-154.1999969482422,-146.25,-139.0,-129.75,-122.80000305175781,-118.95000457763672,-112.95999145507812
47160,-138.1199951171875,15.421813011169434,15.412768363952637,0.41296249628067017,-138.1199951171875,-139.0,12.204326629638672,-160.02000427246094,-159.0,-154.1999969482422,-146.25,-139.0,-129.75,-122.80000305175781,-118.95000457763672,-112.95999145507812
47180,-138.1199951171875,15.412294387817383,15.403048515319824,0.41771266609430313,-138.1199951171875,-139.0,12.204326629638672,-160.02000427246094,-159.0,-154.1999969482422,-146.25,-139.0,-129.75,-122.80000305175781,-118.95000457763672,-112.95999145507812
47200,-138.1199951171875,15.414304733276367,15.405272483825684,0.4182028993964195,-138.1199951171875,-139.0,12.204326629638672,-160.02000427246094,-159.0,-154.1999969482422,-146.25,-139.0,-129.75,-122.80000305175781,-118.95000457763672,-112.95999145507812
47220,-138.1199951171875,15.412306785583496,15.40304946899414,0.4096840173006058,-138.1199951171875,-139.0,12.204326629638672,-160.02000427246094,-159.0,-154.1999969482422,-146.25,-139.0,-129.75,-122.80000305175781,-118.95000457763672,-112.95999145507812
47240,-138.1199951171875,15.40716552734375,15.397784233093262,0.41051631420850754,-138.1199951171875,-139.0,12.204326629638672,-160.02000427246094,-159.0,-154.1999969482422,-146.25,-139.0,-129.75,-122.80000305175781,-118.95000457763672,-112.95999145507812
47260,-138.1199951171875,15.410021781921387,15.401267051696777,0.4139975905418396,-138.1199951171875,-139.0,12.204326629638672,-160.02000427246094,-159.0,-154.1999969482422,-146.25,-139.0,-129.75,-122.80000305175781,-118.95000457763672,-112.95999145507812
47280,-138.1199951171875,15.405984878540039,15.397239685058594,0.4107450097799301,-138.1199951171875,-139.0,12.204326629638672,-160.02000427246094,-159.0,-154.1999969482422,-146.25,-139.0,-129.75,-122.80000305175781,-118.95000457763672,-112.95999145507812
47300,-138.1199951171875,15.406462669372559,15.397867202758789,0.41219016909599304,-138.1199951171875,-139.0,12.204326629638672,-160.02000427246094,-159.0,-154.1999969482422,-146.25,-139.0,-129.75,-122.80000305175781,-118.95000457763672,-112.95999145507812
47320,-138.1199951171875,15.410712242126465,15.402130126953125,0.40328793227672577,-138.1199951171875,-139.0,12.204326629638672,-160.02000427246094,-159.0,-154.1999969482422,-146.25,-139.0,-129.75,-122.80000305175781,-118.95000457763672,-112.95999145507812
47340,-138.1199951171875,15.411181449890137,15.40254020690918,0.4088159278035164,-138.1199951171875,-139.0,12.204326629638672,-160.02000427246094,-159.0,-154.1999969482422,-146.25,-139.0,-129.75,-122.80000305175781,-118.95000457763672,-112.95999145507812
47360,-138.1199951171875,15.414084434509277,15.405494689941406,0.4096566215157509,-138.1199951171875,-139.0,12.204326629638672,-160.02000427246094,-159.0,-154.1999969482422,-146.25,-139.0,-129.75,-122.80000305175781,-118.95000457763672,-112.95999145507812
47380,-138.1199951171875,15.415067672729492,15.406523704528809,0.4049175828695297,-138.1199951171875,-139.0,12.204326629638672,-160.02000427246094,-159.0,-154.1999969482422,-146.25,-139.0,-129.75,-122.80000305175781,-118.95000457763672,-112.95999145507812
47400,-138.1199951171875,15.41181468963623,15.402892112731934,0.4059869796037674,-138.1199951171875,-139.0,12.204326629638672,-160.02000427246094,-159.0,-154.1999969482422,-146.25,-139.0,-129.75,-122.80000305175781,-118.95000457763672,-112.95999145507812
47420,-138.1199951171875,15.419428825378418,15.4108304977417,0.4063543677330017,-138.1199951171875,-139.0,12.204326629638672,-160.02000427246094,-159.0,-154.1999969482422,-146.25,-139.0,-129.75,-122.80000305175781,-118.95000457763672,-112.95999145507812
47440,-138.1199951171875,15.415328979492188,15.406566619873047,0.40684089809656143,-138.1199951171875,-139.0,12.204326629638672,-160.02000427246094,-159.0,-154.1999969482422,-146.25,-139.0,-129.75,-122.80000305175781,-118.95000457763672,-112.95999145507812
47460,-138.1199951171875,15.407256126403809,15.398496627807617,0.4099091812968254,-138.1199951171875,-139.0,12.204326629638672,-160.02000427246094,-159.0,-154.1999969482422,-146.25,-139.0,-129.75,-122.80000305175781,-118.95000457763672,-112.95999145507812
47480,-138.1199951171875,15.414634704589844,15.406184196472168,0.404814712703228,-138.1199951171875,-139.0,12.204326629638672,-160.02000427246094,-159.0,-154.1999969482422,-146.25,-139.0,-129.75,-122.80000305175781,-118.95000457763672,-112.95999145507812
47500,-138.1199951171875,15.401384353637695,15.392929077148438,0.408791147172451,-138.1199951171875,-139.0,12.204326629638672,-160.02000427246094,-159.0,-154.1999969482422,-146.25,-139.0,-129.75,-122.80000305175781,-118.95000457763672,-112.95999145507812
47520,-138.1199951171875,15.39227294921875,15.383814811706543,0.4022706001996994,-138.1199951171875,-139.0,12.204326629638672,-160.02000427246094,-159.0,-154.1999969482422,-146.25,-139.0,-129.75,-122.80000305175781,-118.95000457763672,-112.95999145507812
47540,-138.1199951171875,15.399664878845215,15.390177726745605,0.40351809561252594,-138.1199951171875,-139.0,12.204326629638672,-160.02000427246094,-159.0,-154.1999969482422,-146.25,-139.0,-129.75,-122.80000305175781,-118.95000457763672,-112.95999145507812
47560,-138.1199951171875,15.396200180053711,15.387733459472656,0.40110088884830475,-138.1199951171875,-139.0,12.204326629638672,-160.02000427246094,-159.0,-154.1999969482422,-146.25,-139.0,-129.75,-122.80000305175781,-118.95000457763672,-112.95999145507812
47580,-138.1199951171875,15.402811050415039,15.394371032714844,0.39895155280828476,-138.1199951171875,-139.0,12.204326629638672,-160.02000427246094,-159.0,-154.1999969482422,-146.25,-139.0,-129.75,-122.80000305175781,-118.95000457763672,-112.95999145507812
47600,-138.1199951171875,15.398730278015137,15.390300750732422,0.397482268512249,-138.1199951171875,-139.0,12.204326629638672,-160.02000427246094,-159.0,-154.1999969482422,-146.25,-139.0,-129.75,-122.80000305175781,-118.95000457763672,-112.95999145507812
47620,-138.1199951171875,15.399848937988281,15.390966415405273,0.4052780345082283,-138.1199951171875,-139.0,12.204326629638672,-160.02000427246094,-159.0,-154.1999969482422,-146.25,-139.0,-129.75,-122.80000305175781,-118.95000457763672,-112.95999145507812
47640,-138.1199951171875,15.398231506347656,15.389793395996094,0.4039413556456566,-138.1199951171875,-139.0,12.204326629638672,-160.02000427246094,-159.0,-154.1999969482422,-146.25,-139.0,-129.75,-122.80000305175781,-118.95000457763672,-112.95999145507812
47660,-138.1199951171875,15.393007278442383,15.384557723999023,0.40069595724344254,-138.1199951171875,-139.0,12.204326629638672,-160.02000427246094,-159.0,-154.1999969482422,-146.25,-139.0,-129.75,-122.80000305175781,-118.95000457763672,-112.95999145507812
47680,-138.1199951171875,15.400787353515625,15.392329216003418,0.3983592763543129,-138.1199951171875,-139.0,12.204326629638672,-160.02000427246094,-159.0,-154.1999969482422,-146.25,-139.0,-129.75,-122.80000305175781,-118.95000457763672,-112.95999145507812
47700,-138.1199951171875,15.40405559539795,15.395533561706543,0.4040572866797447,-138.1199951171875,-139.0,12.204326629638672,-160.02000427246094,-159.0,-154.1999969482422,-146.25,-139.0,-129.75,-122.80000305175781,-118.95000457763672,-112.95999145507812
47720,-138.1199951171875,15.402454376220703,15.393945693969727,0.40134043991565704,-138.1199951171875,-139.0,12.204326629638672,-160.02000427246094,-159.0,-154.1999969482422,-146.25,-139.0,-129.75,-122.80000305175781,-118.95000457763672,-112.95999145507812
47740,-138.1199951171875,15.402689933776855,15.394012451171875,0.4041115790605545,-138.1199951171875,-139.0,12.204326629638672,-160.02000427246094,-159.0,-154.1999969482422,-146.25,-139.0,-129.75,-122.80000305175781,-118.95000457763672,-112.95999145507812
47760,-138.1199951171875,15.401552200317383,15.392650604248047,0.3999288007616997,-138.1199951171875,-139.0,12.204326629638672,-160.02000427246094,-159.0,-154.1999969482422,-146.25,-139.0,-129.75,-122.80000305175781,-118.95000457763672,-112.95999145507812
47780,-138.1199951171875,15.408010482788086,15.39947509765625,0.39773476868867874,-138.1199951171875,-139.0,12.204326629638672,-160.02000427246094,-159.0,-154.1999969482422,-146.25,-139.0,-129.75,-122.80000305175781,-118.95000457763672,-112.95999145507812
47800,-138.1199951171875,15.404792785644531,15.39633846282959,0.397711381316185,-138.1199951171875,-139.0,12.204326629638672,-160.02000427246094,-159.0,-154.1999969482422,-146.25,-139.0,-129.75,-122.80000305175781,-118.95000457763672,-112.95999145507812
47820,-138.1199951171875,15.406577110290527,15.397894859313965,0.4062831774353981,-138.1199951171875,-139.0,12.204326629638672,-160.02000427246094,-159.0,-154.1999969482422,-146.25,-139.0,-129.75,-122.80000305175781,-118.95000457763672,-112.95999145507812
47840,-138.1199951171875,15.404535293579102,15.395655632019043,0.4035422280430794,-138.1199951171875,-139.0,12.204326629638672,-160.02000427246094,-159.0,-154.1999969482422,-146.25,-139.0,-129.75,-122.80000305175781,-118.95000457763672,-112.95999145507812
47860,-138.1199951171875,15.408187866210938,15.399760246276855,0.4065426215529442,-138.1199951171875,-139.0,12.204326629638672,-160.02000427246094,-159.0,-154.1999969482422,-146.25,-139.0,-129.75,-122.80000305175781,-118.95000457763672,-112.95999145507812
47880,-138.1199951171875,15.415507316589355,15.407127380371094,0.4041942432522774,-138.1199951171875,-139.0,12.204326629638672,-160.02000427246094,-159.0,-154.1999969482422,-146.25,-139.0,-129.75,-122.80000305175781,-118.95000457763672,-112.95999145507812
47900,-138.1199951171875,15.40412712097168,15.395744323730469,0.4028269127011299,-138.1199951171875,-139.0,12.204326629638672,-160.02000427246094,-159.0,-154.1999969482422,-146.25,-139.0,-129.75,-122.80000305175781,-118.95000457763672,-112.95999145507812
47920,-138.1199951171875,15.408522605895996,15.40011215209961,0.40443120151758194,-138.1199951171875,-139.0,12.204326629638672,-160.02000427246094,-159.0,-154.1999969482422,-146.25,-139.0,-129.75,-122.80000305175781,-118.95000457763672,-112.95999145507812
47940,-138.1199951171875,15.395038604736328,15.38660717010498,0.40428246557712555,-138.1199951171875,-139.0,12.204326629638672,-160.02000427246094,-159.0,-154.1999969482422,-146.25,-139.0,-129.75,-122.80000305175781,-118.95000457763672,-112.95999145507812
47960,-138.1199951171875,15.38841438293457,15.380037307739258,0.39926915615797043,-138.1199951171875,-139.0,12.204326629638672,-160.02000427246094,-159.0,-154.1999969482422,-146.25,-139.0,-129.75,-122.80000305175781,-118.95000457763672,-112.95999145507812
47980,-138.1199951171875,15.391031265258789,15.382624626159668,0.40136443823575974,-138.1199951171875,-139.0,12.204326629638672,-160.02000427246094,-159.0,-154.1999969482422,-146.25,-139.0,-129.75,-122.80000305175781,-118.95000457763672,-112.95999145507812
48000,-138.1199951171875,15.395403861999512,15.386981964111328,0.4055260047316551,-138.1199951171875,-139.0,12.204326629638672,-160.02000427246094,-159.0,-154.1999969482422,-146.25,-139.0,-129.75,-122.80000305175781,-118.95000457763672,-112.95999145507812
48020,-138.1199951171875,15.396662712097168,15.388195037841797,0.40212248265743256,-138.1199951171875,-139.0,12.204326629638672,-160.02000427246094,-159.0,-154.1999969482422,-146.25,-139.0,-129.75,-122.80000305175781,-118.95000457763672,-112.95999145507812
48040,-138.1199951171875,15.394817352294922,15.386358261108398,0.39974454045295715,-138.1199951171875,-139.0,12.204326629638672,-160.02000427246094,-159.0,-154.1999969482422,-146.25,-139.0,-129.75,-122.80000305175781,-118.95000457763672,-112.95999145507812
48060,-138.1199951171875,15.391894340515137,15.383505821228027,0.3992764949798584,-138.1199951171875,-139.0,12.204326629638672,-160.02000427246094,-159.0,-154.1999969482422,-146.25,-139.0,-129.75,-122.80000305175781,-118.95000457763672,-112.95999145507812
48080,-138.1199951171875,15.385078430175781,15.376686096191406,0.4035862535238266,-138.1199951171875,-139.0,12.204326629638672,-160.02000427246094,-159.0,-154.1999969482422,-146.25,-139.0,-129.75,-122.80000305175781,-118.95000457763672,-112.95999145507812
48100,-138.1199951171875,15.38160228729248,15.373187065124512,0.4051866754889488,-138.1199951171875,-139.0,12.204326629638672,-160.02000427246094,-159.0,-154.1999969482422,-146.25,-139.0,-129.75,-122.80000305175781,-118.95000457763672,-112.95999145507812
48120,-138.1199951171875,15.390815734863281,15.38233757019043,0.4026132822036743,-138.1199951171875,-139.0,12.204326629638672,-160.02000427246094,-159.0,-154.1999969482422,-146.25,-139.0,-129.75,-122.80000305175781,-118.95000457763672,-112.95999145507812
48140,-138.1199951171875,15.39065933227539,15.382174491882324,0.4027555286884308,-138.1199951171875,-139.0,12.204326629638672,-160.02000427246094,-159.0,-154.1999969482422,-146.25,-139.0,-129.75,-122.80000305175781,-118.95000457763672,-112.95999145507812
48160,-138.1199951171875,15.3960599899292,15.387537002563477,0.40627627819776535,-138.1199951171875,-139.0,12.204326629638672,-160.02000427246094,-159.0,-154.1999969482422,-146.25,-139.0,-129.75,-122.80000305175781,-118.95000457763672,-112.95999145507812
48180,-138.1199951171875,15.39554500579834,15.387019157409668,0.4084540382027626,-138.1199951171875,-139.0,12.204326629638672,-160.02000427246094,-159.0,-154.1999969482422,-146.25,-139.0,-129.75,-122.80000305175781,-118.95000457763672,-112.95999145507812
48200,-138.1199951171875,15.394988059997559,15.386446952819824,0.40697620064020157,-138.1199951171875,-139.0,12.204326629638672,-160.02000427246094,-159.0,-154.1999969482422,-146.25,-139.0,-129.75,-122.80000305175781,-118.95000457763672,-112.95999145507812
48220,-138.1199951171875,15.393548965454102,15.38496208190918,0.40905750542879105,-138.1199951171875,-139.0,12.204326629638672,-160.02000427246094,-159.0,-154.1999969482422,-146.25,-139.0,-129.75,-122.80000305175781,-118.95000457763672,-112.95999145507812
48240,-138.1199951171875,15.394206047058105,15.385749816894531,0.41214559972286224,-138.1199951171875,-139.0,12.204326629638672,-160.02000427246094,-159.0,-154.1999969482422,-146.25,-139.0,-129.75,-122.80000305175781,-118.95000457763672,-112.95999145507812
48260,-138.1199951171875,15.391326904296875,15.383090019226074,0.4090863764286041,-138.1199951171875,-139.0,12.204326629638672,-160.02000427246094,-159.0,-154.1999969482422,-146.25,-139.0,-129.75,-122.80000305175781,-118.95000457763672,-112.95999145507812
48280,-138.1199951171875,15.398448944091797,15.389915466308594,0.40713009238243103,-138.1199951171875,-139.0,12.204326629638672,-160.02000427246094,-159.0,-154.1999969482422,-146.25,-139.0,-129.75,-122.80000305175781,-118.95000457763672,-112.95999145507812
48300,-138.1199951171875,15.39765453338623,15.389163970947266,0.4077102988958359,-138.1199951171875,-139.0,12.204326629638672,-160.02000427246094,-159.0,-154.1999969482422,-146.25,-139.0,-129.75,-122.80000305175781,-118.95000457763672,-112.95999145507812
48320,-138.1199951171875,15.412581443786621,15.404144287109375,0.4108719825744629,-138.1199951171875,-139.0,12.204326629638672,-160.02000427246094,-159.0,-154.1999969482422,-146.25,-139.0,-129.75,-122.80000305175781,-118.95000457763672,-112.95999145507812
48340,-138.1199951171875,15.400554656982422,15.391711235046387,0.41084035485982895,-138.1199951171875,-139.0,12.204326629638672,-160.02000427246094,-159.0,-154.1999969482422,-146.25,-139.0,-129.75,-122.80000305175781,-118.95000457763672,-112.95999145507812
48360,-138.1199951171875,15.397268295288086,15.388753890991211,0.4079035148024559,-138.1199951171875,-139.0,12.204326629638672,-160.02000427246094,-159.0,-154.1999969482422,-146.25,-139.0,-129.75,-122.80000305175781,-118.95000457763672,-112.95999145507812
48380,-138.1199951171875,15.389528274536133,15.380969047546387,0.4061214327812195,-138.1199951171875,-139.0,12.204326629638672,-160.02000427246094,-159.0,-154.1999969482422,-146.25,-139.0,-129.75,-122.80000305175781,-118.95000457763672,-112.95999145507812
48400,-138.1199951171875,15.395830154418945,15.3873291015625,0.405801497399807,-138.1199951171875,-139.0,12.204326629638672,-160.02000427246094,-159.0,-154.1999969482422,-146.25,-139.0,-129.75,-122.80000305175781,-118.95000457763672,-112.95999145507812
48420,-138.1199951171875,15.396787643432617,15.388158798217773,0.40754399448633194,-138.1199951171875,-139.0,12.204326629638672,-160.02000427246094,-159.0,-154.1999969482422,-146.25,-139.0,-129.75,-122.80000305175781,-118.95000457763672,-112.95999145507812
48440,-138.1199951171875,15.394213676452637,15.385025024414062,0.4078669622540474,-138.1199951171875,-139.0,12.204326629638672,-160.02000427246094,-159.0,-154.1999969482422,-146.25,-139.0,-129.75,-122.80000305175781,-118.95000457763672,-112.95999145507812
48460,-138.1199951171875,15.401556968688965,15.393171310424805,0.40743278712034225,-138.1199951171875,-139.0,12.204326629638672,-160.02000427246094,-159.0,-154.1999969482422,-146.25,-139.0,-129.75,-122.80000305175781,-118.95000457763672,-112.95999145507812
48480,-138.1199951171875,15.39242172241211,15.383997917175293,0.4087578132748604,-138.1199951171875,-139.0,12.204326629638672,-160.02000427246094,-159.0,-154.1999969482422,-146.25,-139.0,-129.75,-122.80000305175781,-118.95000457763672,-112.95999145507812
48500,-138.1199951171875,15.398748397827148,15.390344619750977,0.41022052615880966,-138.1199951171875,-139.0,12.204326629638672,-160.02000427246094,-159.0,-154.1999969482422,-146.25,-139.0,-129.75,-122.80000305175781,-118.95000457763672,-112.95999145507812
48520,-138.1199951171875,15.403430938720703,15.39503002166748,0.4079197123646736,-138.1199951171875,-139.0,12.204326629638672,-160.02000427246094,-159.0,-154.1999969482422,-146.25,-139.0,-129.75,-122.80000305175781,-118.95000457763672,-112.95999145507812
48540,-138.1199951171875,15.405932426452637,15.397541046142578,0.4068189859390259,-138.1199951171875,-139.0,12.204326629638672,-160.02000427246094,-159.0,-154.1999969482422,-146.25,-139.0,-129.75,-122.80000305175781,-118.95000457763672,-112.95999145507812
48560,-138.1199951171875,15.399150848388672,15.39081859588623,0.4067234843969345,-138.1199951171875,-139.0,12.204326629638672,-160.02000427246094,-159.0,-154.1999969482422,-146.25,-139.0,-129.75,-122.80000305175781,-118.95000457763672,-112.95999145507812
48580,-138.1199951171875,15.406286239624023,15.397947311401367,0.405528262257576,-138.1199951171875,-139.0,12.204326629638672,-160.02000427246094,-159.0,-154.1999969482422,-146.25,-139.0,-129.75,-122.80000305175781,-118.95000457763672,-112.95999145507812
48600,-138.1199951171875,15.404125213623047,15.3955717086792,0.410895399749279,-138.1199951171875,-139.0,12.204326629638672,-160.02000427246094,-159.0,-154.1999969482422,-146.25,-139.0,-129.75,-122.80000305175781,-118.95000457763672,-112.95999145507812
48620,-138.1199951171875,15.409931182861328,15.401397705078125,0.4071352779865265,-138.1199951171875,-139.0,12.204326629638672,-160.02000427246094,-159.0,-154.1999969482422,-146.25,-139.0,-129.75,-122.80000305175781,-118.95000457763672,-112.95999145507812
48640,-138.1199951171875,15.412059783935547,15.40351390838623,0.4048677384853363,-138.1199951171875,-139.0,12.204326629638672,-160.02000427246094,-159.0,-154.1999969482422,-146.25,-139.0,-129.75,-122.80000305175781,-118.95000457763672,-112.95999145507812
48660,-138.1199951171875,15.402182579040527,15.393621444702148,0.4044883996248245,-138.1199951171875,-139.0,12.204326629638672,-160.02000427246094,-159.0,-154.1999969482422,-146.25,-139.0,-129.75,-122.80000305175781,-118.95000457763672,-112.95999145507812
48680,-138.1199951171875,15.417350769042969,15.4089994430542,0.39885690808296204,-138.1199951171875,-139.0,12.204326629638672,-160.02000427246094,-159.0,-154.1999969482422,-146.25,-139.0,-129.75,-122.80000305175781,-118.95000457763672,-112.95999145507812
48700,-138.1199951171875,15.412489891052246,15.404067039489746,0.39501335471868515,-138.1199951171875,-139.0,12.204326629638672,-160.02000427246094,-159.0,-154.1999969482422,-146.25,-139.0,-129.75,-122.80000305175781,-118.95000457763672,-112.95999145507812
48720,-138.1199951171875,15.414660453796387,15.40578842163086,0.39552948623895645,-138.1199951171875,-139.0,12.204326629638672,-160.02000427246094,-159.0,-154.1999969482422,-146.25,-139.0,-129.75,-122.80000305175781,-118.95000457763672,-112.95999145507812
48740,-138.1199951171875,15.41280746459961,15.404436111450195,0.39975953847169876,-138.1199951171875,-139.0,12.204326629638672,-160.02000427246094,-159.0,-154.1999969482422,-146.25,-139.0,-129.75,-122.80000305175781,-118.95000457763672,-112.95999145507812
48760,-138.1199951171875,15.415901184082031,15.407565116882324,0.39584192633628845,-138.1199951171875,-139.0,12.204326629638672,-160.02000427246094,-159.0,-154.1999969482422,-146.25,-139.0,-129.75,-122.80000305175781,-118.95000457763672,-112.95999145507812
48780,-138.1199951171875,15.412334442138672,15.40400505065918,0.39489365369081497,-138.1199951171875,-139.0,12.204326629638672,-160.02000427246094,-159.0,-154.1999969482422,-146.25,-139.0,-129.75,-122.80000305175781,-118.95000457763672,-112.95999145507812
48800,-138.1199951171875,15.422514915466309,15.413810729980469,0.399897538125515,-138.1199951171875,-139.0,12.204326629638672,-160.02000427246094,-159.0,-154.1999969482422,-146.25,-139.0,-129.75,-122.80000305175781,-118.95000457763672,-112.95999145507812
48820,-138.1199951171875,15.4179105758667,15.409524917602539,0.39375801384449005,-138.1199951171875,-139.0,12.204326629638672,-160.02000427246094,-159.0,-154.1999969482422,-146.25,-139.0,-129.75,-122.80000305175781,-118.95000457763672,-112.95999145507812
48840,-138.1199951171875,15.410850524902344,15.402837753295898,0.3986284136772156,-138.1199951171875,-139.0,12.204326629638672,-160.02000427246094,-159.0,-154.1999969482422,-146.25,-139.0,-129.75,-122.80000305175781,-118.95000457763672,-112.95999145507812
48860,-138.1199951171875,15.41146469116211,15.403410911560059,0.3895929902791977,-138.1199951171875,-139.0,12.204326629638672,-160.02000427246094,-159.0,-154.1999969482422,-146.25,-139.0,-129.75,-122.80000305175781,-118.95000457763672,-112.95999145507812
48880,-138.1199951171875,15.40938949584961,15.40110969543457,0.39000270515680313,-138.1199951171875,-139.0,12.204326629638672,-160.02000427246094,-159.0,-154.1999969482422,-146.25,-139.0,-129.75,-122.80000305175781,-118.95000457763672,-112.95999145507812
48900,-138.1199951171875,15.413978576660156,15.405649185180664,0.39173614233732224,-138.1199951171875,-139.0,12.204326629638672,-160.02000427246094,-159.0,-154.1999969482422,-146.25,-139.0,-129.75,-122.80000305175781,-118.95000457763672,-112.95999145507812
48920,-138.1199951171875,15.415199279785156,15.40689754486084,0.39297453314065933,-138.1199951171875,-139.0,12.204326629638672,-160.02000427246094,-159.0,-154.1999969482422,-146.25,-139.0,-129.75,-122.80000305175781,-118.95000457763672,-112.95999145507812
48940,-138.1199951171875,15.419715881347656,15.411677360534668,0.3927343562245369,-138.1199951171875,-139.0,12.204326629638672,-160.02000427246094,-159.0,-154.1999969482422,-146.25,-139.0,-129.75,-122.80000305175781,-118.95000457763672,-112.95999145507812
48960,-138.1199951171875,15.419366836547852,15.411380767822266,0.38922397047281265,-138.1199951171875,-139.0,12.204326629638672,-160.02000427246094,-159.0,-154.1999969482422,-146.25,-139.0,-129.75,-122.80000305175781,-118.95000457763672,-112.95999145507812
48980,-138.1199951171875,15.41834545135498,15.41029167175293,0.3904458060860634,-138.1199951171875,-139.0,12.204326629638672,-160.02000427246094,-159.0,-154.1999969482422,-146.25,-139.0,-129.75,-122.80000305175781,-118.95000457763672,-112.95999145507812
49000,-138.1199951171875,15.42110824584961,15.413175582885742,0.38948819041252136,-138.1199951171875,-139.0,12.204326629638672,-160.02000427246094,-159.0,-154.1999969482422,-146.25,-139.0,-129.75,-122.80000305175781,-118.95000457763672,-112.95999145507812
49020,-138.1199951171875,15.419189453125,15.411234855651855,0.3886921778321266,-138.1199951171875,-139.0,12.204326629638672,-160.02000427246094,-159.0,-154.1999969482422,-146.25,-139.0,-129.75,-122.80000305175781,-118.95000457763672,-112.95999145507812
49040,-138.1199951171875,15.422616958618164,15.414636611938477,0.38884954154491425,-138.1199951171875,-139.0,12.204326629638672,-160.02000427246094,-159.0,-154.1999969482422,-146.25,-139.0,-129.75,-122.80000305175781,-118.95000457763672,-112.95999145507812
49060,-138.1199951171875,15.42237377166748,15.414286613464355,0.3901371732354164,-138.1199951171875,-139.0,12.204326629638672,-160.02000427246094,-159.0,-154.1999969482422,-146.25,-139.0,-129.75,-122.80000305175781,-118.95000457763672,-112.95999145507812
49080,-138.1199951171875,15.420236587524414,15.412164688110352,0.3897607550024986,-138.1199951171875,-139.0,12.204326629638672,-160.02000427246094,-159.0,-154.1999969482422,-146.25,-139.0,-129.75,-122.80000305175781,-118.95000457763672,-112.95999145507812
49100,-138.1199951171875,15.421220779418945,15.413240432739258,0.38766853511333466,-138.1199951171875,-139.0,12.204326629638672,-160.02000427246094,-159.0,-154.1999969482422,-146.25,-139.0,-129.75,-122.80000305175781,-118.95000457763672,-112.95999145507812
49120,-138.1199951171875,15.421655654907227,15.413680076599121,0.3883882686495781,-138.1199951171875,-139.0,12.204326629638672,-160.02000427246094,-159.0,-154.1999969482422,-146.25,-139.0,-129.75,-122.80000305175781,-118.95000457763672,-112.95999145507812
49140,-138.1199951171875,15.423238754272461,15.415336608886719,0.3881577327847481,-138.1199951171875,-139.0,12.204326629638672,-160.02000427246094,-159.0,-154.1999969482422,-146.25,-139.0,-129.75,-122.80000305175781,-118.95000457763672,-112.95999145507812
49160,-138.1199951171875,15.42990779876709,15.422004699707031,0.3886256739497185,-138.1199951171875,-139.0,12.204326629638672,-160.02000427246094,-159.0,-154.1999969482422,-146.25,-139.0,-129.75,-122.80000305175781,-118.95000457763672,-112.95999145507812
49180,-138.1199951171875,15.42694091796875,15.419032096862793,0.3904091790318489,-138.1199951171875,-139.0,12.204326629638672,-160.02000427246094,-159.0,-154.1999969482422,-146.25,-139.0,-129.75,-122.80000305175781,-118.95000457763672,-112.95999145507812
49200,-138.1199951171875,15.430689811706543,15.422762870788574,0.38945990055799484,-138.1199951171875,-139.0,12.204326629638672,-160.02000427246094,-159.0,-154.1999969482422,-146.25,-139.0,-129.75,-122.80000305175781,-118.95000457763672,-112.95999145507812
49220,-138.1199951171875,15.433355331420898,15.425426483154297,0.3894866406917572,-138.1199951171875,-139.0,12.204326629638672,-160.02000427246094,-159.0,-154.1999969482422,-146.25,-139.0,-129.75,-122.80000305175781,-118.95000457763672,-112.95999145507812
49240,-138.1199951171875,15.43873119354248,15.430773735046387,0.3884546607732773,-138.1199951171875,-139.0,12.204326629638672,-160.02000427246094,-159.0,-154.1999969482422,-146.25,-139.0,-129.75,-122.80000305175781,-118.95000457763672,-112.95999145507812
49260,-138.1199951171875,15.437674522399902,15.429743766784668,0.3874526172876358,-138.1199951171875,-139.0,12.204326629638672,-160.02000427246094,-159.0,-154.1999969482422,-146.25,-139.0,-129.75,-122.80000305175781,-118.95000457763672,-112.95999145507812
49280,-138.1199951171875,15.446496963500977,15.437862396240234,0.38779062777757645,-138.1199951171875,-139.0,12.204326629638672,-160.02000427246094,-159.0,-154.1999969482422,-146.25,-139.0,-129.75,-122.80000305175781,-118.95000457763672,-112.95999145507812
49300,-138.1199951171875,15.447539329528809,15.438873291015625,0.3893972933292389,-138.1199951171875,-139.0,12.204326629638672,-160.02000427246094,-159.0,-154.1999969482422,-146.25,-139.0,-129.75,-122.80000305175781,-118.95000457763672,-112.95999145507812
49320,-138.1199951171875,15.445556640625,15.4370756149292,0.3831416517496109,-138.1199951171875,-139.0,12.204326629638672,-160.02000427246094,-159.0,-154.1999969482422,-146.25,-139.0,-129.75,-122.80000305175781,-118.95000457763672,-112.95999145507812
49340,-138.1199951171875,15.445611953735352,15.4371337890625,0.3832848146557808,-138.1199951171875,-139.0,12.204326629638672,-160.02000427246094,-159.0,-154.1999969482422,-146.25,-139.0,-129.75,-122.80000305175781,-118.95000457763672,-112.95999145507812
49360,-138.1199951171875,15.44577407836914,15.437297821044922,0.38347940891981125,-138.1199951171875,-139.0,12.204326629638672,-160.02000427246094,-159.0,-154.1999969482422,-146.25,-139.0,-129.75,-122.80000305175781,-118.95000457763672,-112.95999145507812
49380,-138.1199951171875,15.454306602478027,15.445846557617188,0.3828701749444008,-138.1199951171875,-139.0,12.204326629638672,-160.02000427246094,-159.0,-154.1999969482422,-146.25,-139.0,-129.75,-122.80000305175781,-118.95000457763672,-112.95999145507812
49400,-138.1199951171875,15.45337963104248,15.444925308227539,0.38398078829050064,-138.1199951171875,-139.0,12.204326629638672,-160.02000427246094,-159.0,-154.1999969482422,-146.25,-139.0,-129.75,-122.80000305175781,-118.95000457763672,-112.95999145507812
49420,-138.1199951171875,15.45760726928711,15.449155807495117,0.38507334142923355,-138.1199951171875,-139.0,12.204326629638672,-160.02000427246094,-159.0,-154.1999969482422,-146.25,-139.0,-129.75,-122.80000305175781,-118.95000457763672,-112.95999145507812
49440,-138.1199951171875,15.460173606872559,15.451719284057617,0.3852066770195961,-138.1199951171875,-139.0,12.204326629638672,-160.02000427246094,-159.0,-154.1999969482422,-146.25,-139.0,-129.75,-122.80000305175781,-118.95000457763672,-112.95999145507812
49460,-138.1199951171875,15.463241577148438,15.45478630065918,0.38616541028022766,-138.1199951171875,-139.0,12.204326629638672,-160.02000427246094,-159.0,-154.1999969482422,-146.25,-139.0,-129.75,-122.80000305175781,-118.95000457763672,-112.95999145507812
49480,-138.1199951171875,15.455527305603027,15.447070121765137,0.3851448968052864,-138.1199951171875,-139.0,12.204326629638672,-160.02000427246094,-159.0,-154.1999969482422,-146.25,-139.0,-129.75,-122.80000305175781,-118.95000457763672,-112.95999145507812
49500,-138.1199951171875,15.46556282043457,15.45710277557373,0.3842451423406601,-138.1199951171875,-139.0,12.204326629638672,-160.02000427246094,-159.0,-154.1999969482422,-146.25,-139.0,-129.75,-122.80000305175781,-118.95000457763672,-112.95999145507812
49520,-138.1199951171875,15.464593887329102,15.456184387207031,0.38188299536705017,-138.1199951171875,-139.0,12.204326629638672,-160.02000427246094,-159.0,-154.1999969482422,-146.25,-139.0,-129.75,-122.80000305175781,-118.95000457763672,-112.95999145507812
49540,-138.1199951171875,15.46747875213623,15.459075927734375,0.38257942348718643,-138.1199951171875,-139.0,12.204326629638672,-160.02000427246094,-159.0,-154.1999969482422,-146.25,-139.0,-129.75,-122.80000305175781,-118.95000457763672,-112.95999145507812
49560,-138.1199951171875,15.467555046081543,15.459148406982422,0.38593103736639023,-138.1199951171875,-139.0,12.204326629638672,-160.02000427246094,-159.0,-154.1999969482422,-146.25,-139.0,-129.75,-122.80000305175781,-118.95000457763672,-112.95999145507812
49580,-138.1199951171875,15.46629524230957,15.458084106445312,0.3860666826367378,-138.1199951171875,-139.0,12.204326629638672,-160.02000427246094,-159.0,-154.1999969482422,-146.25,-139.0,-129.75,-122.80000305175781,-118.95000457763672,-112.95999145507812
49600,-138.1199951171875,15.460288047790527,15.452070236206055,0.38600464910268784,-138.1199951171875,-139.0,12.204326629638672,-160.02000427246094,-159.0,-154.1999969482422,-146.25,-139.0,-129.75,-122.80000305175781,-118.95000457763672,-112.95999145507812
49620,-138.1199951171875,15.465704917907715,15.45749282836914,0.3894354850053787,-138.1199951171875,-139.0,12.204326629638672,-160.02000427246094,-159.0,-154.1999969482422,-146.25,-139.0,-129.75,-122.80000305175781,-118.95000457763672,-112.95999145507812
49640,-138.1199951171875,15.463980674743652,15.455698013305664,0.38915151357650757,-138.1199951171875,-139.0,12.204326629638672,-160.02000427246094,-159.0,-154.1999969482422,-146.25,-139.0,-129.75,-122.80000305175781,-118.95000457763672,-112.95999145507812
49660,-138.1199951171875,15.47088623046875,15.462684631347656,0.38734547048807144,-138.1199951171875,-139.0,12.204326629638672,-160.02000427246094,-159.0,-154.1999969482422,-146.25,-139.0,-129.75,-122.80000305175781,-118.95000457763672,-112.95999145507812
49680,-138.1199951171875,15.470846176147461,15.462717056274414,0.38626862317323685,-138.1199951171875,-139.0,12.204326629638672,-160.02000427246094,-159.0,-154.1999969482422,-146.25,-139.0,-129.75,-122.80000305175781,-118.95000457763672,-112.95999145507812
49700,-138.1199951171875,15.475058555603027,15.466796875,0.38712212443351746,-138.1199951171875,-139.0,12.204326629638672,-160.02000427246094,-159.0,-154.1999969482422,-146.25,-139.0,-129.75,-122.80000305175781,-118.95000457763672,-112.95999145507812
49720,-138.1199951171875,15.474227905273438,15.466110229492188,0.38658908009529114,-138.1199951171875,-139.0,12.204326629638672,-160.02000427246094,-159.0,-154.1999969482422,-146.25,-139.0,-129.75,-122.80000305175781,-118.95000457763672,-112.95999145507812
49740,-138.1199951171875,15.477545738220215,15.46943187713623,0.387043833732605,-138.1199951171875,-139.0,12.204326629638672,-160.02000427246094,-159.0,-154.1999969482422,-146.25,-139.0,-129.75,-122.80000305175781,-118.95000457763672,-112.95999145507812
49760,-138.1199951171875,15.475207328796387,15.467089653015137,0.38753753900527954,-138.1199951171875,-139.0,12.204326629638672,-160.02000427246094,-159.0,-154.1999969482422,-146.25,-139.0,-129.75,-122.80000305175781,-118.95000457763672,-112.95999145507812
49780,-138.1199951171875,15.476898193359375,15.46878719329834,0.38513944298028946,-138.1199951171875,-139.0,12.204326629638672,-160.02000427246094,-159.0,-154.1999969482422,-146.25,-139.0,-129.75,-122.80000305175781,-118.95000457763672,-112.95999145507812
49800,-138.1199951171875,15.47943115234375,15.471328735351562,0.3834950923919678,-138.1199951171875,-139.0,12.204326629638672,-160.02000427246094,-159.0,-154.1999969482422,-146.25,-139.0,-129.75,-122.80000305175781,-118.95000457763672,-112.95999145507812
49820,-138.1199951171875,15.47092056274414,15.462823867797852,0.3846817910671234,-138.1199951171875,-139.0,12.204326629638672,-160.02000427246094,-159.0,-154.1999969482422,-146.25,-139.0,-129.75,-122.80000305175781,-118.95000457763672,-112.95999145507812
49840,-138.1199951171875,15.471555709838867,15.463458061218262,0.3854479119181633,-138.1199951171875,-139.0,12.204326629638672,-160.02000427246094,-159.0,-154.1999969482422,-146.25,-139.0,-129.75,-122.80000305175781,-118.95000457763672,-112.95999145507812
49860,-138.1199951171875,15.470751762390137,15.462657928466797,0.3854033723473549,-138.1199951171875,-139.0,12.204326629638672,-160.02000427246094,-159.0,-154.1999969482422,-146.25,-139.0,-129.75,-122.80000305175781,-118.95000457763672,-112.95999145507812
49880,-138.1199951171875,15.47754955291748,15.469451904296875,0.3881992772221565,-138.1199951171875,-139.0,12.204326629638672,-160.02000427246094,-159.0,-154.1999969482422,-146.25,-139.0,-129.75,-122.80000305175781,-118.95000457763672,-112.95999145507812
49900,-138.1199951171875,15.48261547088623,15.474327087402344,0.3923012539744377,-138.1199951171875,-139.0,12.204326629638672,-160.02000427246094,-159.0,-154.1999969482422,-146.25,-139.0,-129.75,-122.80000305175781,-118.95000457763672,-112.95999145507812
49920,-138.1199951171875,15.486509323120117,15.47840690612793,0.3862880915403366,-138.1199951171875,-139.0,12.204326629638672,-160.02000427246094,-159.0,-154.1999969482422,-146.25,-139.0,-129.75,-122.80000305175781,-118.95000457763672,-112.95999145507812
49940,-138.1199951171875,15.48707389831543,15.479002952575684,0.3892207741737366,-138.1199951171875,-139.0,12.204326629638672,-160.02000427246094,-159.0,-154.1999969482422,-146.25,-139.0,-129.75,-122.80000305175781,-118.95000457763672,-112.95999145507812
49960,-138.1199951171875,15.488031387329102,15.479903221130371,0.3884459510445595,-138.1199951171875,-139.0,12.204326629638672,-160.02000427246094,-159.0,-154.1999969482422,-146.25,-139.0,-129.75,-122.80000305175781,-118.95000457763672,-112.95999145507812
49980,-138.1199951171875,15.488242149353027,15.479582786560059,0.3919767960906029,-138.1199951171875,-139.0,12.204326629638672,-160.02000427246094,-159.0,-154.1999969482422,-146.25,-139.0,-129.75,-122.80000305175781,-118.95000457763672,-112.95999145507812
50000,-138.1199951171875,15.48987102508545,15.48164176940918,0.38979215174913406,-138.1199951171875,-139.0,12.204326629638672,-160.02000427246094,-159.0,-154.1999969482422,-146.25,-139.0,-129.75,-122.80000305175781,-118.95000457763672,-112.95999145507812
