step,best_fitness,avg_hamming,avg_l1,avg_entropy,mean,median,std,2%,5%,10%,25%,50%,75%,90%,95%,98%
35,-0.5669727921485901,31.649063110351562,5.053157806396484,43.380536215645925,0.5669727921485901,0.5631055235862732,0.02944152243435383,0.522420346736908,0.5274844169616699,0.5299343466758728,0.5428155660629272,0.5631055235862732,0.5912269949913025,0.6024454832077026,0.6186613440513611,0.6277291774749756
70,-0.5839803814888,31.15639305114746,6.663798809051514,42.386051177978516,0.5839804410934448,0.5846420526504517,0.028735287487506866,0.5384625792503357,0.5412341952323914,0.5456352829933167,0.5589679479598999,0.5846420526504517,0.6076807975769043,0.6224105954170227,0.6287963390350342,0.6351766586303711
105,-0.5918318033218384,30.593303680419922,7.773890972137451,41.359870365687776,0.5918318629264832,0.5866600275039673,0.028589127585291862,0.5440695285797119,0.5487703680992126,0.5523220300674438,0.5686519145965576,0.5866600275039673,0.6198893785476685,0.6288891434669495,0.63517826795578,0.6402090787887573
140,-0.6006146669387817,29.956340789794922,8.57024097442627,40.31072344098772,0.6006146669387817,0.5955327749252319,0.029852639883756638,0.5518342852592468,0.5567151308059692,0.5638620257377625,0.5773797631263733,0.5955327749252319,0.6231144666671753,0.6412516832351685,0.6502748727798462,0.6556901931762695
175,-0.6101275682449341,29.26250457763672,9.199895858764648,39.209716796875,0.6101275682449341,0.6029278039932251,0.029237424954771996,0.5638975501060486,0.5662946105003357,0.5704691410064697,0.5904194116592407,0.6029278039932251,0.6327844262123108,0.6511863470077515,0.6573902368545532,0.661523163318634
210,-0.6173562407493591,28.565034866333008,9.645537376403809,38.14346204485212,0.6173562407493591,0.6117331981658936,0.02969401702284813,0.5667334198951721,0.5765296220779419,0.5811015367507935,0.5935940146446228,0.6117331981658936,0.6419965624809265,0.660146951675415,0.6649858951568604,0.6690858006477356
245,-0.6241608262062073,27.8603515625,9.972846031188965,37.10677228655134,0.6241608262062073,0.6202473640441895,0.029631199315190315,0.5782356262207031,0.5828838348388672,0.5896400213241577,0.5995973348617554,0.6202473640441895,0.6523662209510803,0.6653454899787903,0.6718152761459351,0.6743448972702026
280,-0.6302935481071472,27.1805477142334,10.230549812316895,36.10938480922154,0.6302935481071472,0.6233565211296082,0.029351627454161644,0.5864304900169373,0.5914355516433716,0.5956830382347107,0.6041149497032166,0.6233565211296082,0.6559383869171143,0.6710555553436279,0.6787134408950806,0.6876939535140991
315,-0.636829137802124,26.479429244995117,10.402429580688477,35.11424963814871,0.636829137802124,0.6294524669647217,0.030757566913962364,0.5914501547813416,0.5956321358680725,0.5990846157073975,0.6091068983078003,0.6294524669647217,0.6649883389472961,0.6805715560913086,0.6853078603744507,0.6885365843772888
350,-0.6417240500450134,25.821874618530273,10.552007675170898,34.16762488228934,0.6417241096496582,0.637688398361206,0.029662588611245155,0.5982782244682312,0.6019468903541565,0.6051068305969238,0.6186712980270386,0.637688398361206,0.6684583425521851,0.6848369836807251,0.6881857514381409,0.6935743093490601
385,-0.6464442014694214,25.1500186920166,10.630245208740234,33.22459357125418,0.6464442610740662,0.6424055099487305,0.03019169718027115,0.5991169214248657,0.6055607199668884,0.6089824438095093,0.6212109923362732,0.6424055099487305,0.6740238666534424,0.6893711686134338,0.6941250562667847,0.6989414691925049
420,-0.6506707072257996,24.523298263549805,10.685647010803223,32.32695007324219,0.6506707072257996,0.6444206237792969,0.031568676233291626,0.6022630929946899,0.6088159084320068,0.6114509105682373,0.6242964267730713,0.6444206237792969,0.6802279353141785,0.694177508354187,0.6985315680503845,0.7051568627357483
455,-0.6553705930709839,23.90435218811035,10.69677734375,31.454454966953822,0.6553706526756287,0.6496643424034119,0.03126167878508568,0.6065927743911743,0.6113012433052063,0.6161385178565979,0.6295243501663208,0.6496643424034119,0.680549144744873,0.6986978650093079,0.7089022397994995,0.7121903300285339
490,-0.6593565344810486,23.280412673950195,10.67614459991455,30.59853717258998,0.6593565344810486,0.6516826152801514,0.03086993284523487,0.6106403470039368,0.6207082271575928,0.6246435642242432,0.6315492987632751,0.6516826152801514,0.6896914839744568,0.706595778465271,0.7122041583061218,0.7140319347381592
525,-0.6639448404312134,22.691471099853516,10.660004615783691,29.77108464922224,0.6639449596405029,0.6559561491012573,0.030672185122966766,0.62115478515625,0.6218637228012085,0.6278439164161682,0.6382595300674438,0.6559561491012573,0.6944515705108643,0.7070242166519165,0.7140282392501831,0.7186835408210754
560,-0.6665739417076111,22.107845306396484,10.6304349899292,28.95220238821847,0.6665739417076111,0.6580606698989868,0.03106023743748665,0.621871292591095,0.6264771819114685,0.6287012100219727,0.6400613784790039,0.6580606698989868,0.6980174779891968,0.7113955616950989,0.7143480777740479,0.7237291932106018
595,-0.6707992553710938,21.455272674560547,10.506806373596191,28.09966332571847,0.670799195766449,0.6633058786392212,0.03205146640539169,0.6245747804641724,0.6282397508621216,0.6339362859725952,0.6432723999023438,0.6633058786392212,0.7024602890014648,0.7140404582023621,0.7239421010017395,0.7313265204429626
630,-0.67339688539505,20.91887664794922,10.451030731201172,27.34518132890974,0.67339688539505,0.6653488874435425,0.03201461210846901,0.6247161030769348,0.6287046074867249,0.6350964903831482,0.6461870074272156,0.6653488874435425,0.7062721848487854,0.7156826853752136,0.7244975566864014,0.7327519059181213
665,-0.675883412361145,20.362659454345703,10.35488224029541,26.58944593157087,0.6758833527565002,0.6682049036026001,0.030740316957235336,0.6286230683326721,0.6362252831459045,0.6405854225158691,0.6507607698440552,0.6682049036026001,0.7078309655189514,0.7163885235786438,0.7244975566864014,0.7327519059181213
700,-0.6779354810714722,19.808425903320312,10.235837936401367,25.848691122872488,0.6779355406761169,0.6694541573524475,0.03069731779396534,0.6362223029136658,0.638558030128479,0.6431545615196228,0.6512876749038696,0.6694541573524475,0.7078309655189514,0.7222868800163269,0.7252323031425476,0.7327519059181213
735,-0.6807119846343994,19.292083740234375,10.12050724029541,25.14699309212821,0.6807119846343994,0.6726278066635132,0.030679849907755852,0.636285126209259,0.6411589980125427,0.6441298723220825,0.6536234617233276,0.6726278066635132,0.7094692587852478,0.7245373129844666,0.7274792194366455,0.7327519059181213
770,-0.6827688217163086,18.816362380981445,10.0246000289917,24.473615646362305,0.6827689409255981,0.6744405031204224,0.031108185648918152,0.639011025428772,0.643983006477356,0.6473303437232971,0.653889000415802,0.6744405031204224,0.7143608331680298,0.7276208996772766,0.7338346838951111,0.7376585006713867
805,-0.6848494410514832,18.312435150146484,9.893527030944824,23.796438762119838,0.6848495006561279,0.6784591674804688,0.03187480941414833,0.6431547999382019,0.645163357257843,0.6483155488967896,0.6550133228302002,0.6784591674804688,0.7149214744567871,0.7326744198799133,0.7360754013061523,0.7406365871429443
840,-0.6875396370887756,17.84970474243164,9.771352767944336,23.151370184762136,0.6875396966934204,0.6821924448013306,0.0322653204202652,0.6431547999382019,0.6467967629432678,0.6520154476165771,0.6586045622825623,0.6821924448013306,0.7189700603485107,0.7344837188720703,0.7381209135055542,0.7416631579399109
875,-0.68984454870224,17.36974334716797,9.6259183883667,22.507692881992885,0.6898446083068848,0.6825420260429382,0.03281286731362343,0.644749104976654,0.6514501571655273,0.6525141000747681,0.6608431339263916,0.6825420260429382,0.7225813269615173,0.7382726073265076,0.7442581057548523,0.7459345459938049
910,-0.6911720633506775,16.94865608215332,9.502999305725098,21.937517983572825,0.6911721229553223,0.6825420260429382,0.03324636071920395,0.644749104976654,0.6520590782165527,0.653009831905365,0.6609071493148804,0.6825420260429382,0.7256872057914734,0.7395496368408203,0.7443915009498596,0.7459345459938049
945,-0.6924356818199158,16.51198959350586,9.34846305847168,21.365918840680802,0.6924357414245605,0.6839333772659302,0.03239055350422859,0.6520280241966248,0.6529063582420349,0.6550703048706055,0.6642166972160339,0.6839333772659302,0.7257682085037231,0.7395496368408203,0.7443915009498596,0.7459345459938049
980,-0.6934457421302795,16.105873107910156,9.219366073608398,20.804519653320312,0.6934458017349243,0.6855922937393188,0.03250885009765625,0.6523849368095398,0.6530144810676575,0.6565619111061096,0.664575457572937,0.6855922937393188,0.728147029876709,0.7407263517379761,0.7450200319290161,0.7492030262947083
1015,-0.6948562264442444,15.706564903259277,9.089140892028809,20.24961989266532,0.6948562860488892,0.6855922937393188,0.033155638724565506,0.6523849368095398,0.6535375714302063,0.6569942831993103,0.6647937297821045,0.6855922937393188,0.7296596169471741,0.7412667870521545,0.7457223534584045,0.7496147155761719
1050,-0.6962382197380066,15.330556869506836,8.969066619873047,19.716516494750977,0.6962382793426514,0.6866766214370728,0.03262919560074806,0.6531156897544861,0.654930830001831,0.659110963344574,0.667192280292511,0.6866766214370728,0.7296596169471741,0.742798388004303,0.7457223534584045,0.7496147155761719
1085,-0.6974690556526184,14.973240852355957,8.840794563293457,19.225916181291854,0.6974691152572632,0.6876051425933838,0.03256860375404358,0.6543107032775879,0.6558292508125305,0.6603975892066956,0.6681708097457886,0.6876051425933838,0.7316365242004395,0.7443821430206299,0.7459326386451721,0.7496147155761719
1120,-0.6985136866569519,14.617104530334473,8.705140113830566,18.748796190534318,0.6985137462615967,0.6876051425933838,0.032535944133996964,0.6563184857368469,0.6582810878753662,0.6624079346656799,0.6685994863510132,0.6876051425933838,0.7359426021575928,0.7445182800292969,0.7491095662117004,0.7501570582389832
1155,-0.6992823481559753,14.285455703735352,8.592769622802734,18.272454942975724,0.6992824673652649,0.6876051425933838,0.032637424767017365,0.6563184857368469,0.6602818369865417,0.6632207632064819,0.6694769859313965,0.6876051425933838,0.7367913722991943,0.745272696018219,0.7491095662117004,0.7502154111862183
1190,-0.7001631259918213,13.963114738464355,8.472264289855957,17.82689585004534,0.7001632452011108,0.6889145374298096,0.032476190477609634,0.6569916009902954,0.660580039024353,0.6641952991485596,0.6723068952560425,0.6889145374298096,0.7367913722991943,0.7458476424217224,0.7495983242988586,0.7517810463905334
1225,-0.700956404209137,13.638118743896484,8.33203125,17.398257391793386,0.700956404209137,0.689537763595581,0.032362136989831924,0.6570120453834534,0.6625714898109436,0.6666276454925537,0.6725564002990723,0.689537763595581,0.7367913722991943,0.7458476424217224,0.7501495480537415,0.7547401785850525
1260,-0.7018934488296509,13.32050609588623,8.19803524017334,16.967339651925222,0.7018934488296509,0.6904199123382568,0.032179512083530426,0.6575227379798889,0.6638098359107971,0.666778564453125,0.6729989051818848,0.6904199123382568,0.73703932762146,0.7474306225776672,0.7501495480537415,0.7547401785850525
1295,-0.7030754089355469,13.009160041809082,8.059727668762207,16.54403577532087,0.7030754685401917,0.6948221921920776,0.032546091824769974,0.6625726222991943,0.6641409993171692,0.668097734451294,0.6731677055358887,0.6948221921920776,0.7378267049789429,0.7479092478752136,0.7534801363945007,0.7569718360900879
1330,-0.7037296891212463,12.718439102172852,7.9298505783081055,16.146959577287948,0.7037296295166016,0.6948221921920776,0.03223717585206032,0.6625785827636719,0.6666563749313354,0.669172465801239,0.673916757106781,0.6948221921920776,0.7378267049789429,0.7479092478752136,0.7534801363945007,0.7583041787147522
1365,-0.7044563293457031,12.446110725402832,7.820725917816162,15.764968599591937,0.7044563889503479,0.6948221921920776,0.03250843286514282,0.6640268564224243,0.6672520637512207,0.6700839400291443,0.6742786169052124,0.6948221921920776,0.7400379776954651,0.7500377893447876,0.7546523809432983,0.7583041787147522
1400,-0.7047680020332336,12.168757438659668,7.70547342300415,15.369011878967285,0.7047680020332336,0.6948221921920776,0.03248642385005951,0.6640270352363586,0.6681438684463501,0.6702419519424438,0.6748555898666382,0.6948221921920776,0.7400379776954651,0.7500377893447876,0.7561451196670532,0.7585133910179138
1435,-0.7051852345466614,11.921116828918457,7.5969038009643555,15.014345305306572,0.7051851749420166,0.6955888867378235,0.03235571086406708,0.6652269959449768,0.6681631207466125,0.6706098914146423,0.6751531362533569,0.6955888867378235,0.7400379776954651,0.7500377893447876,0.7561451196670532,0.7585133910179138
1470,-0.7055628895759583,11.659431457519531,7.479360103607178,14.651030131748744,0.7055628895759583,0.6955888867378235,0.03222135454416275,0.6662641167640686,0.668839156627655,0.6717642545700073,0.6756370067596436,0.6955888867378235,0.7410510182380676,0.7500377893447876,0.7561451196670532,0.7585133910179138
1505,-0.7060034275054932,11.433009147644043,7.384918212890625,14.311803681509835,0.7060034275054932,0.6956310868263245,0.032361771911382675,0.6662641167640686,0.6690686941146851,0.6725836992263794,0.6756812334060669,0.6956310868263245,0.7419835329055786,0.7501848340034485,0.7561451196670532,0.7588337063789368
1540,-0.7063337564468384,11.210577964782715,7.295456886291504,13.977357864379883,0.7063336968421936,0.6959446668624878,0.032437145709991455,0.6662641167640686,0.6690686941146851,0.6726259589195251,0.6760485768318176,0.6959446668624878,0.7435627579689026,0.7504781484603882,0.7561451196670532,0.7591279149055481
1575,-0.7066091895103455,10.987748146057129,7.192163467407227,13.6633392061506,0.7066092491149902,0.6959446668624878,0.032539743930101395,0.6671684384346008,0.6693999171257019,0.6726370453834534,0.6760485768318176,0.6959446668624878,0.7439585328102112,0.7505175471305847,0.7571633458137512,0.7591279149055481
1610,-0.7070015072822571,10.779275894165039,7.095983505249023,13.35973766871861,0.7070014476776123,0.6959446668624878,0.0323866605758667,0.6681029796600342,0.6703565120697021,0.67304527759552,0.6761512160301208,0.6959446668624878,0.7440739870071411,0.7505175471305847,0.7571633458137512,0.7591279149055481
1645,-0.7071743607521057,10.566671371459961,7.006377696990967,13.046881539481026,0.7071743607521057,0.6959446668624878,0.03245190903544426,0.6681029796600342,0.6703565120697021,0.67304527759552,0.6761512160301208,0.6959446668624878,0.7440739870071411,0.7505175471305847,0.7590827345848083,0.7599145174026489
1680,-0.707558810710907,10.348591804504395,6.90610933303833,12.734054156712123,0.707558810710907,0.6962613463401794,0.03232891857624054,0.6681029796600342,0.6711106300354004,0.6742405891418457,0.6774128675460815,0.6962613463401794,0.7440739870071411,0.7505175471305847,0.7591085433959961,0.7599145174026489
1715,-0.7077854871749878,10.15662670135498,6.825197696685791,12.428595679146904,0.7077854871749878,0.6962613463401794,0.032274045050144196,0.6686630249023438,0.6711501479148865,0.6745820641517639,0.6778213381767273,0.6962613463401794,0.7440739870071411,0.7505175471305847,0.7591482400894165,0.7605299353599548
1750,-0.7079699039459229,9.953775405883789,6.731353759765625,12.121693066188268,0.7079699039459229,0.6963174343109131,0.03226759657263756,0.6686855554580688,0.6717427968978882,0.6747052669525146,0.6779530644416809,0.6963174343109131,0.7440739870071411,0.750546395778656,0.7591482400894165,0.7605299353599548
1785,-0.7081079483032227,9.773589134216309,6.642568111419678,11.861529350280762,0.7081080675125122,0.6963174343109131,0.03225903958082199,0.6686855554580688,0.6720564961433411,0.6747052669525146,0.6779530644416809,0.6963174343109131,0.7440739870071411,0.7512059211730957,0.7599331736564636,0.7605299353599548
1820,-0.7084568738937378,9.609543800354004,6.569696426391602,11.609177725655693,0.708456814289093,0.6963174343109131,0.03226282447576523,0.6686855554580688,0.6723373532295227,0.6747592091560364,0.6782246828079224,0.6963174343109131,0.7448955774307251,0.7512059211730957,0.7600998878479004,0.7605299353599548
1855,-0.7085793614387512,9.45099925994873,6.501744747161865,11.349621091570173,0.7085793018341064,0.6963174343109131,0.03222272917628288,0.6686871647834778,0.6723373532295227,0.6747592091560364,0.6791301965713501,0.6963174343109131,0.7457740306854248,0.7512059211730957,0.7600998878479004,0.7605299353599548
1890,-0.7087822556495667,9.289810180664062,6.4256911277771,11.109037944248744,0.7087821960449219,0.6963174343109131,0.03230493888258934,0.6686971783638,0.6723373532295227,0.6747962236404419,0.6794560551643372,0.6963174343109131,0.7460272908210754,0.75186687707901,0.7600998878479004,0.7605299353599548
1925,-0.7089956402778625,9.133230209350586,6.350583076477051,10.867823328290667,0.7089956402778625,0.6963174343109131,0.032299235463142395,0.6687408089637756,0.6723373532295227,0.6751168966293335,0.6794560551643372,0.6963174343109131,0.7462029457092285,0.75186687707901,0.7600998878479004,0.7605299353599548
1960,-0.7091636657714844,8.983583450317383,6.281420707702637,10.6340240750994,0.7091636657714844,0.6963174343109131,0.032192207872867584,0.6707178354263306,0.6723373532295227,0.6751168966293335,0.6802418231964111,0.6963174343109131,0.7462029457092285,0.75186687707901,0.7605229616165161,0.760871171951294
1995,-0.7092986702919006,8.851553916931152,6.228049278259277,10.416265078953334,0.7092987298965454,0.6963174343109131,0.032119035720825195,0.6707203388214111,0.6723373532295227,0.6751645803451538,0.6802418231964111,0.6963174343109131,0.7463502883911133,0.7523716688156128,0.7605229616165161,0.7608800530433655
2030,-0.7094429135322571,8.693981170654297,6.146496772766113,10.188233648027692,0.7094428539276123,0.6985580325126648,0.032074376940727234,0.6707383394241333,0.6723373532295227,0.6751645803451538,0.6802418231964111,0.6985580325126648,0.7463502883911133,0.7523716688156128,0.7605229616165161,0.7608800530433655
2065,-0.7095732092857361,8.548006057739258,6.075494766235352,9.962331771850586,0.7095732092857361,0.6985580325126648,0.03211188316345215,0.6707506775856018,0.6723373532295227,0.67582106590271,0.6806783676147461,0.6985580325126648,0.7464399337768555,0.7523716688156128,0.7605403661727905,0.7613165378570557
2100,-0.7096613645553589,8.409866333007812,6.012919902801514,9.744620731898717,0.7096613049507141,0.6985580325126648,0.03212718665599823,0.6707506775856018,0.6723373532295227,0.67582106590271,0.6807491183280945,0.6985580325126648,0.7464399337768555,0.7525447607040405,0.7605403661727905,0.7613165378570557
2135,-0.7097039818763733,8.289864540100098,5.964474678039551,9.540193421500069,0.7097039818763733,0.6985580325126648,0.03208703547716141,0.6707506775856018,0.672454833984375,0.67582106590271,0.6807491183280945,0.6985580325126648,0.7464399337768555,0.7525447607040405,0.7605403661727905,0.7613165378570557
2170,-0.7098076343536377,8.179464340209961,5.917342662811279,9.348187174115862,0.7098076343536377,0.6985580325126648,0.03209752216935158,0.6712424755096436,0.672454833984375,0.67582106590271,0.6807491183280945,0.6985580325126648,0.7464399337768555,0.7525447607040405,0.760871171951294,0.7613165378570557
2205,-0.7098920941352844,8.059505462646484,5.8636322021484375,9.148451668875557,0.7098920345306396,0.6985580325126648,0.03204851597547531,0.6712424755096436,0.672454833984375,0.67582106590271,0.6809938549995422,0.6985580325126648,0.7464399337768555,0.7525447607040405,0.760871171951294,0.7613165378570557
2240,-0.7099899053573608,7.946403980255127,5.813622951507568,8.961462429591588,0.7099899053573608,0.6985580325126648,0.032060470432043076,0.67125004529953,0.672454833984375,0.67582106590271,0.6809938549995422,0.6985580325126648,0.7464399337768555,0.7525447607040405,0.760871171951294,0.7613165378570557
2275,-0.7100504040718079,7.829105854034424,5.758897304534912,8.766171727861677,0.7100503444671631,0.6985580325126648,0.03208128735423088,0.67125004529953,0.672454833984375,0.6758559346199036,0.6810386776924133,0.6985580325126648,0.7464399337768555,0.7525447607040405,0.760871171951294,0.7613165378570557
2310,-0.7101103067398071,7.708068370819092,5.699267387390137,8.57100064413888,0.7101103067398071,0.6985580325126648,0.032055966556072235,0.6716569066047668,0.672454833984375,0.6758559346199036,0.6810386776924133,0.6985580325126648,0.7464399337768555,0.7525447607040405,0.760871171951294,0.7613165378570557
2345,-0.7101609110832214,7.603575229644775,5.651037216186523,8.39956269945417,0.7101609110832214,0.6985580325126648,0.032065581530332565,0.6716569066047668,0.672454833984375,0.6761071085929871,0.6810386776924133,0.6985580325126648,0.7464399337768555,0.7525447607040405,0.760871171951294,0.7613165378570557
2380,-0.710322380065918,7.499101161956787,5.599219799041748,8.225990159170967,0.7103224396705627,0.6985580325126648,0.03193429112434387,0.6722975969314575,0.6729583144187927,0.6761298775672913,0.6814690828323364,0.6985580325126648,0.7464399337768555,0.7525447607040405,0.7608934640884399,0.7613165378570557
2415,-0.7103387117385864,7.382955074310303,5.541448593139648,8.049126897539411,0.7103387713432312,0.6985580325126648,0.031947504729032516,0.6722975969314575,0.6729583144187927,0.6761298775672913,0.6814690828323364,0.6985580325126648,0.7464399337768555,0.7525447607040405,0.7608934640884399,0.7613165378570557
2450,-0.7104009985923767,7.283499717712402,5.497460842132568,7.877700873783657,0.7104008197784424,0.6985580325126648,0.03192673996090889,0.6722975969314575,0.6729583144187927,0.6761298775672913,0.6814690828323364,0.6985580325126648,0.7464399337768555,0.7525893449783325,0.7608934640884399,0.7613165378570557
2485,-0.7104470133781433,7.17744255065918,5.4423041343688965,7.7082094464983255,0.7104469537734985,0.6985580325126648,0.03189351409673691,0.6722975969314575,0.6729583144187927,0.6764358878135681,0.6816834807395935,0.6985580325126648,0.7464399337768555,0.7525893449783325,0.7608934640884399,0.7613165378570557
2520,-0.7104795575141907,7.086164951324463,5.399511337280273,7.5545147487095425,0.7104795575141907,0.6985580325126648,0.03189585357904434,0.6724581122398376,0.672970175743103,0.6764358878135681,0.6816834807395935,0.6985580325126648,0.7465697526931763,0.7525893449783325,0.7608934640884399,0.7613165378570557
2555,-0.7105216979980469,6.987117290496826,5.3503499031066895,7.392694064549038,0.7105216979980469,0.6985580325126648,0.03187749162316322,0.6724581122398376,0.6732168197631836,0.6764358878135681,0.6816834807395935,0.6985580325126648,0.7465697526931763,0.7525893449783325,0.7608934640884399,0.7613165378570557
2590,-0.7105926275253296,6.890487194061279,5.295505523681641,7.244125774928501,0.7105926275253296,0.6985580325126648,0.03181127831339836,0.6725278496742249,0.6732168197631836,0.6766979098320007,0.6816834807395935,0.6985580325126648,0.746583104133606,0.7525893449783325,0.7608934640884399,0.7613165378570557
2625,-0.7106291055679321,6.782624244689941,5.236985206604004,7.083601883479527,0.7106291055679321,0.6985580325126648,0.03180062770843506,0.6725704669952393,0.6732168197631836,0.6766979098320007,0.6816834807395935,0.6985580325126648,0.746583104133606,0.7525893449783325,0.7608934640884399,0.7613165378570557
2660,-0.7106767892837524,6.691849708557129,5.192855358123779,6.932706560407366,0.7106767892837524,0.6985580325126648,0.03178764879703522,0.6725713014602661,0.6732168197631836,0.6766979098320007,0.6816834807395935,0.6985580325126648,0.746583104133606,0.7525893449783325,0.7613165378570557,0.7613165378570557
2695,-0.7107212543487549,6.616899013519287,5.1592302322387695,6.794828142438616,0.7107211947441101,0.6985580325126648,0.03177688270807266,0.6725713014602661,0.6732486486434937,0.6773675680160522,0.6816834807395935,0.6985580325126648,0.746583104133606,0.7525893449783325,0.7613165378570557,0.7613165378570557
2730,-0.7107523679733276,6.529961109161377,5.1158857345581055,6.650619234357562,0.7107524275779724,0.6985580325126648,0.03177395090460777,0.6725713014602661,0.6732486486434937,0.6773675680160522,0.6816834807395935,0.6985580325126648,0.746583104133606,0.7525893449783325,0.7613165378570557,0.7613165378570557
2765,-0.7107988595962524,6.453162670135498,5.0754618644714355,6.523012365613665,0.7107988595962524,0.6985580325126648,0.03174256160855293,0.6725713014602661,0.6732486486434937,0.6773675680160522,0.6816834807395935,0.6985580325126648,0.746583104133606,0.7525893449783325,0.7613165378570557,0.7613165378570557
2800,-0.7108195424079895,6.373987197875977,5.034077167510986,6.390791143689837,0.7108194828033447,0.6985580325126648,0.031737279146909714,0.6725713014602661,0.6732486486434937,0.6773675680160522,0.6816834807395935,0.6985580325126648,0.746583104133606,0.7525893449783325,0.7613165378570557,0.7613165378570557
2835,-0.7108407616615295,6.290676593780518,4.9923014640808105,6.249782017299107,0.7108405828475952,0.6985580325126648,0.03172331675887108,0.6731696128845215,0.6735073328018188,0.6773675680160522,0.6816834807395935,0.6985580325126648,0.746583104133606,0.7525893449783325,0.7613165378570557,0.7613165378570557
2870,-0.7108708024024963,6.210307598114014,4.950812816619873,6.115808963775635,0.7108706831932068,0.6985580325126648,0.03169875964522362,0.6731696128845215,0.6735073328018188,0.6773675680160522,0.6817755103111267,0.6985580325126648,0.746583104133606,0.7525893449783325,0.7613165378570557,0.7613165378570557
2905,-0.7108933925628662,6.145702838897705,4.920738697052002,5.99740947995867,0.7108933925628662,0.6985580325126648,0.031676363199949265,0.6731696128845215,0.6737286448478699,0.6773675680160522,0.6817755103111267,0.6985580325126648,0.746583104133606,0.7525893449783325,0.7613165378570557,0.7613165378570557
2940,-0.7109612822532654,6.065510272979736,4.877361297607422,5.868345328739712,0.7109612822532654,0.6985580325126648,0.03164663910865784,0.673236072063446,0.6738516092300415,0.6782727241516113,0.6818093657493591,0.6985580325126648,0.746583104133606,0.7525893449783325,0.7613165378570557,0.7613165378570557
2975,-0.7109800577163696,5.994531154632568,4.8410210609436035,5.741466045379639,0.7109800577163696,0.6985580325126648,0.03163111209869385,0.673236072063446,0.6740601658821106,0.6782727241516113,0.6822917461395264,0.6985580325126648,0.746583104133606,0.7525893449783325,0.7613165378570557,0.7613165378570557
3010,-0.7110117673873901,5.927090167999268,4.804237365722656,5.6273031915937155,0.7110117077827454,0.6985580325126648,0.03160052374005318,0.6732372641563416,0.6740601658821106,0.6782727241516113,0.6822917461395264,0.6985580325126648,0.746583104133606,0.7525893449783325,0.7613165378570557,0.7613165378570557
3045,-0.7110211253166199,5.852131366729736,4.760189533233643,5.512622015816825,0.7110211253166199,0.6985580325126648,0.03160906955599785,0.6732372641563416,0.6740601658821106,0.6782727241516113,0.6822917461395264,0.6985580325126648,0.746583104133606,0.7525893449783325,0.7613165378570557,0.7613165378570557
3080,-0.711035430431366,5.78981876373291,4.727198600769043,5.404334000178745,0.7110353708267212,0.6985580325126648,0.03160015121102333,0.6732372641563416,0.6740601658821106,0.6782727241516113,0.6822917461395264,0.6985580325126648,0.746583104133606,0.7525893449783325,0.7613165378570557,0.7613165378570557
3115,-0.7110471129417419,5.727877616882324,4.698206901550293,5.290480545588902,0.7110470533370972,0.6985580325126648,0.03159048408269882,0.6734692454338074,0.6740601658821106,0.6782727241516113,0.6822917461395264,0.6985580325126648,0.746583104133606,0.7525893449783325,0.7613165378570557,0.7613165378570557
3150,-0.7110732793807983,5.659392833709717,4.656889915466309,5.188880375453404,0.7110732793807983,0.6985580325126648,0.03160865604877472,0.6734692454338074,0.6740601658821106,0.6782727241516113,0.6822917461395264,0.6985580325126648,0.746583104133606,0.7525893449783325,0.7613165378570557,0.7613165378570557
3185,-0.7110956311225891,5.6077494621276855,4.629148960113525,5.0954991068158835,0.7110955715179443,0.6985580325126648,0.031597815454006195,0.6735031008720398,0.6740695238113403,0.6782727241516113,0.6824496388435364,0.6985580325126648,0.746583104133606,0.7525893449783325,0.7613165378570557,0.7613165378570557
3220,-0.7111067771911621,5.560672760009766,4.607765197753906,5.003552845546177,0.7111067175865173,0.6985580325126648,0.031587667763233185,0.6735031008720398,0.6740695238113403,0.6782727241516113,0.6826237440109253,0.6985580325126648,0.746583104133606,0.7525893449783325,0.7613165378570557,0.7613165378570557
3255,-0.7111260890960693,5.508406639099121,4.582174301147461,4.907868453434536,0.7111260890960693,0.6985580325126648,0.03157557174563408,0.6735031008720398,0.6740695238113403,0.6782727241516113,0.6826237440109253,0.6985580325126648,0.746583104133606,0.7525893449783325,0.7613165378570557,0.7613165378570557
3290,-0.7111358642578125,5.451511859893799,4.54962682723999,4.810709203992571,0.7111358642578125,0.6985580325126648,0.031568750739097595,0.6735031008720398,0.6740695238113403,0.6782727241516113,0.6826237440109253,0.6985580325126648,0.746583104133606,0.7525893449783325,0.7613165378570557,0.7613165378570557
3325,-0.7111636400222778,5.400002956390381,4.520211696624756,4.727642740522112,0.7111636400222778,0.6985580325126648,0.03154810890555382,0.6735031008720398,0.6743927001953125,0.6782727241516113,0.6826237440109253,0.6985580325126648,0.746583104133606,0.7525893449783325,0.7613165378570557,0.7613165378570557
3360,-0.7111746072769165,5.348664283752441,4.490593910217285,4.646325656345913,0.7111746072769165,0.6985580325126648,0.03153852000832558,0.6735042929649353,0.6743927001953125,0.6782727241516113,0.6826237440109253,0.6985580325126648,0.746583104133606,0.7525893449783325,0.7613165378570557,0.7613165378570557
3395,-0.7112042307853699,5.305843830108643,4.468925952911377,4.566150801522391,0.7112041711807251,0.6985580325126648,0.03152203932404518,0.6735042929649353,0.6743927001953125,0.678388237953186,0.6826237440109253,0.6985580325126648,0.746583104133606,0.7525893449783325,0.7613165378570557,0.7613165378570557
3430,-0.7112255692481995,5.259366512298584,4.447586536407471,4.481469290597098,0.7112255692481995,0.6985580325126648,0.03151783347129822,0.6735042929649353,0.6743927001953125,0.678388237953186,0.6826237440109253,0.6985580325126648,0.746583104133606,0.7525893449783325,0.7613165378570557,0.7613165378570557
3465,-0.7112455368041992,5.220432281494141,4.429315567016602,4.405394486018589,0.711245596408844,0.6985580325126648,0.03151535615324974,0.6735042929649353,0.6743927001953125,0.678388237953186,0.6826237440109253,0.6985580325126648,0.746583104133606,0.7525893449783325,0.7613165378570557,0.7613165378570557
3500,-0.7112544178962708,5.1777024269104,4.4088826179504395,4.320277622767857,0.7112544178962708,0.6985580325126648,0.031504660844802856,0.6735207438468933,0.6743927001953125,0.678388237953186,0.6826237440109253,0.6985580325126648,0.746583104133606,0.7525893449783325,0.7613165378570557,0.7613165378570557
3535,-0.7112826108932495,5.1304545402526855,4.38184118270874,4.246716635567801,0.7112826704978943,0.6985580325126648,0.03148322552442551,0.673737108707428,0.6743927001953125,0.678388237953186,0.6827212572097778,0.6985580325126648,0.746583104133606,0.7525893449783325,0.7613165378570557,0.7613165378570557
3570,-0.711309015750885,5.085126876831055,4.3559064865112305,4.170969758714948,0.7113089561462402,0.6985580325126648,0.03146156668663025,0.673737108707428,0.6743927001953125,0.678388237953186,0.6828253269195557,0.6985580325126648,0.746583104133606,0.7525893449783325,0.7613165378570557,0.7613165378570557
3605,-0.711309015750885,5.050510406494141,4.338087558746338,4.100683689117432,0.7113089561462402,0.6985580325126648,0.03146156668663025,0.673737108707428,0.6743927001953125,0.678388237953186,0.6828253269195557,0.6985580325126648,0.746583104133606,0.7525893449783325,0.7613165378570557,0.7613165378570557
3640,-0.7113091945648193,5.013627052307129,4.318323135375977,4.0344061851501465,0.7113091945648193,0.6985580325126648,0.031461797654628754,0.673737108707428,0.6743927001953125,0.678388237953186,0.6828253269195557,0.6985580325126648,0.746583104133606,0.7525893449783325,0.7613165378570557,0.7613165378570557
3675,-0.7113091945648193,4.972790241241455,4.293960094451904,3.966517686843872,0.7113091945648193,0.6985580325126648,0.031461797654628754,0.673737108707428,0.6743927001953125,0.678388237953186,0.6828253269195557,0.6985580325126648,0.746583104133606,0.7525893449783325,0.7613165378570557,0.7613165378570557
3710,-0.7113144397735596,4.933822154998779,4.270908355712891,3.898081200463431,0.7113143801689148,0.6985580325126648,0.031468555331230164,0.673737108707428,0.6743927001953125,0.678388237953186,0.6828253269195557,0.6985580325126648,0.746583104133606,0.7525893449783325,0.7613165378570557,0.7613165378570557
3745,-0.7113304138183594,4.899045944213867,4.252800464630127,3.83137093271528,0.7113304138183594,0.6985580325126648,0.031454507261514664,0.673737108707428,0.6743927001953125,0.678388237953186,0.6833996772766113,0.6985580325126648,0.746583104133606,0.7525893449783325,0.7613165378570557,0.7613165378570557
3780,-0.7113304138183594,4.867608070373535,4.238049507141113,3.765847478594099,0.7113304138183594,0.6985580325126648,0.031454507261514664,0.673737108707428,0.6743927001953125,0.678388237953186,0.6833996772766113,0.6985580325126648,0.746583104133606,0.7525893449783325,0.7613165378570557,0.7613165378570557
3815,-0.7113560438156128,4.832154273986816,4.2183451652526855,3.700571434838431,0.711355984210968,0.6985580325126648,0.03144320845603943,0.673737108707428,0.6743927001953125,0.678388237953186,0.6833996772766113,0.6985580325126648,0.746583104133606,0.7525893449783325,0.7613165378570557,0.7613165378570557
3850,-0.7113768458366394,4.804083824157715,4.20492696762085,3.644533225468227,0.7113767862319946,0.6985580325126648,0.03146139532327652,0.673737108707428,0.674403727054596,0.678388237953186,0.6833996772766113,0.6985580325126648,0.7468891739845276,0.7525893449783325,0.7613165378570557,0.7613165378570557
3885,-0.711383044719696,4.771662712097168,4.186614990234375,3.5892135756356374,0.7113829851150513,0.6985580325126648,0.03145564720034599,0.673737108707428,0.674403727054596,0.678388237953186,0.6833996772766113,0.6985580325126648,0.7468891739845276,0.7525893449783325,0.7613165378570557,0.7613165378570557
3920,-0.711384117603302,4.748532295227051,4.1755900382995605,3.536712612424578,0.7113839983940125,0.6985580325126648,0.03145446628332138,0.673737108707428,0.6744087338447571,0.678388237953186,0.6833996772766113,0.6985580325126648,0.7468891739845276,0.7525893449783325,0.7613165378570557,0.7613165378570557
3955,-0.7113990783691406,4.717245578765869,4.158639430999756,3.479028190885271,0.7113988995552063,0.6985580325126648,0.031451258808374405,0.673737108707428,0.6744087338447571,0.678388237953186,0.6837034225463867,0.6985580325126648,0.747138500213623,0.7525893449783325,0.7613165378570557,0.7613165378570557
3990,-0.7114050388336182,4.690176010131836,4.1435546875,3.4290625708443776,0.7114050388336182,0.6985580325126648,0.03144991025328636,0.673737108707428,0.6744087338447571,0.678388237953186,0.6837034225463867,0.6985580325126648,0.747138500213623,0.7525893449783325,0.7613165378570557,0.7613165378570557
4025,-0.7114148736000061,4.673900127410889,4.136729717254639,3.385951587132045,0.7114148139953613,0.6985580325126648,0.03145318850874901,0.673737108707428,0.6744087338447571,0.678388237953186,0.6837034225463867,0.6985580325126648,0.7474179267883301,0.7525893449783325,0.7613165378570557,0.7613165378570557
4060,-0.7114171385765076,4.64321231842041,4.119557857513428,3.337446962084089,0.7114170789718628,0.6985580325126648,0.031451188027858734,0.673737108707428,0.6744087338447571,0.678388237953186,0.6837729215621948,0.6985580325126648,0.7474179267883301,0.7525893449783325,0.7613165378570557,0.7613165378570557
4095,-0.7114244103431702,4.620716571807861,4.110091686248779,3.28867837360927,0.7114243507385254,0.6985580325126648,0.03144311159849167,0.673737108707428,0.6749171018600464,0.678388237953186,0.6837729215621948,0.6985580325126648,0.7474179267883301,0.7525893449783325,0.7613165378570557,0.7613165378570557
4130,-0.711432158946991,4.598906993865967,4.099755764007568,3.2437008108411516,0.7114322185516357,0.6985580325126648,0.03143627941608429,0.673737108707428,0.6749171018600464,0.678388237953186,0.6837729215621948,0.6985580325126648,0.7474179267883301,0.7525893449783325,0.7613165378570557,0.7613165378570557
4165,-0.7114368081092834,4.586696147918701,4.0985636711120605,3.200781924383981,0.7114368677139282,0.6985580325126648,0.03143187239766121,0.673737108707428,0.6749171018600464,0.678388237953186,0.6837729215621948,0.6985580325126648,0.7474179267883301,0.7525893449783325,0.7613165378570557,0.7613165378570557
4200,-0.7114368081092834,4.563719749450684,4.085239410400391,3.155016694750105,0.7114368677139282,0.6985580325126648,0.03143187239766121,0.673737108707428,0.6749171018600464,0.678388237953186,0.6837729215621948,0.6985580325126648,0.7474179267883301,0.7525893449783325,0.7613165378570557,0.7613165378570557
4235,-0.7114384174346924,4.545449256896973,4.076999187469482,3.109983137675694,0.7114383578300476,0.6985580325126648,0.03143056482076645,0.673737108707428,0.6749171018600464,0.678388237953186,0.6837729215621948,0.6985580325126648,0.7474179267883301,0.7525893449783325,0.7613165378570557,0.7613165378570557
4270,-0.7114384174346924,4.524801254272461,4.066336154937744,3.0653818675449918,0.7114383578300476,0.6985580325126648,0.03143056482076645,0.673737108707428,0.6749171018600464,0.678388237953186,0.6837729215621948,0.6985580325126648,0.7474179267883301,0.7525893449783325,0.7613165378570557,0.7613165378570557
4305,-0.7114496231079102,4.504209995269775,4.054869174957275,3.021770034517561,0.7114495635032654,0.6985580325126648,0.03142348676919937,0.673737108707428,0.6749171018600464,0.678388237953186,0.6837729215621948,0.6985580325126648,0.7474179267883301,0.7525893449783325,0.7613165378570557,0.7613165378570557
4340,-0.7114496231079102,4.486795425415039,4.046559810638428,2.9849165848323276,0.7114495635032654,0.6985580325126648,0.03142348676919937,0.673737108707428,0.6749171018600464,0.678388237953186,0.6837729215621948,0.6985580325126648,0.7474179267883301,0.7525893449783325,0.7613165378570557,0.7613165378570557
4375,-0.7114545106887817,4.461883544921875,4.032159805297852,2.941643101828439,0.711454451084137,0.6985580325126648,0.0314190499484539,0.673737108707428,0.6749171018600464,0.678388237953186,0.6837729215621948,0.6985580325126648,0.7474179267883301,0.7525893449783325,0.7613165378570557,0.7613165378570557
4410,-0.7114545106887817,4.435950756072998,4.016242980957031,2.8998401505606517,0.711454451084137,0.6985580325126648,0.0314190499484539,0.673737108707428,0.6749171018600464,0.678388237953186,0.6837729215621948,0.6985580325126648,0.7474179267883301,0.7525893449783325,0.7613165378570557,0.7613165378570557
4445,-0.7114589810371399,4.417849540710449,4.005809783935547,2.8555816922869,0.7114589214324951,0.6985580325126648,0.031416475772857666,0.673737108707428,0.6750619411468506,0.678388237953186,0.6837729215621948,0.6985580325126648,0.7474179267883301,0.7525893449783325,0.7613165378570557,0.7613165378570557
4480,-0.7114589810371399,4.394086837768555,3.991715908050537,2.812903472355434,0.7114589214324951,0.6985580325126648,0.031416475772857666,0.673737108707428,0.6750619411468506,0.678388237953186,0.6837729215621948,0.6985580325126648,0.7474179267883301,0.7525893449783325,0.7613165378570557,0.7613165378570557
4515,-0.7114589810371399,4.3808746337890625,3.9860684871673584,2.777017116546631,0.7114589214324951,0.6985580325126648,0.031416475772857666,0.673737108707428,0.6750619411468506,0.678388237953186,0.6837729215621948,0.6985580325126648,0.7474179267883301,0.7525893449783325,0.7613165378570557,0.7613165378570557
4550,-0.7114589810371399,4.3658037185668945,3.979618787765503,2.73947160584586,0.7114589214324951,0.6985580325126648,0.031416475772857666,0.673737108707428,0.6750619411468506,0.678388237953186,0.6837729215621948,0.6985580325126648,0.7474179267883301,0.7525893449783325,0.7613165378570557,0.7613165378570557
4585,-0.7114589810371399,4.354354381561279,3.975309133529663,2.705265862601144,0.7114589214324951,0.6985580325126648,0.031416475772857666,0.673737108707428,0.6750619411468506,0.678388237953186,0.6837729215621948,0.6985580325126648,0.7474179267883301,0.7525893449783325,0.7613165378570557,0.7613165378570557
4620,-0.7114696502685547,4.325953483581543,3.9551610946655273,2.6700126102992465,0.7114695906639099,0.6985580325126648,0.03140801936388016,0.673737108707428,0.6750619411468506,0.678388237953186,0.6837729215621948,0.6985580325126648,0.7474179267883301,0.7525893449783325,0.7613165378570557,0.7613165378570557
4655,-0.7114734649658203,4.30727481842041,3.9450433254241943,2.6308455807822093,0.7114734053611755,0.6985580325126648,0.03140405938029289,0.673737108707428,0.6750619411468506,0.6787315011024475,0.6837729215621948,0.6985580325126648,0.7474179267883301,0.7525893449783325,0.7613165378570557,0.7613165378570557
4690,-0.711475670337677,4.2924580574035645,3.9390971660614014,2.5925180912017822,0.711475670337677,0.6985580325126648,0.031401436775922775,0.673737108707428,0.6750619411468506,0.6787315011024475,0.6837729215621948,0.6985580325126648,0.7474179267883301,0.7525893449783325,0.7613165378570557,0.7613165378570557
4725,-0.7114769816398621,4.272265434265137,3.92560076713562,2.562392098563058,0.7114769220352173,0.6985580325126648,0.03140025585889816,0.673737108707428,0.6750619411468506,0.6787315011024475,0.6837729215621948,0.6985580325126648,0.7474179267883301,0.7525893449783325,0.7613165378570557,0.7613165378570557
4760,-0.7114769816398621,4.26021146774292,3.9207630157470703,2.529521805899484,0.7114769220352173,0.6985580325126648,0.03140025585889816,0.673737108707428,0.6750619411468506,0.6787315011024475,0.6837729215621948,0.6985580325126648,0.7474179267883301,0.7525893449783325,0.7613165378570557,0.7613165378570557
4795,-0.7114769816398621,4.247040271759033,3.9143717288970947,2.4995512621743337,0.7114769220352173,0.6985580325126648,0.03140025585889816,0.673737108707428,0.6750619411468506,0.6787315011024475,0.6837729215621948,0.6985580325126648,0.7474179267883301,0.7525893449783325,0.7613165378570557,0.7613165378570557
4830,-0.7114889621734619,4.2274675369262695,3.901174783706665,2.4653020926884244,0.7114889621734619,0.6985580325126648,0.03138909861445427,0.673737108707428,0.6750619411468506,0.6787315011024475,0.6837729215621948,0.6985580325126648,0.7474179267883301,0.7525893449783325,0.7613165378570557,0.7613165378570557
4865,-0.7114889621734619,4.215804576873779,3.8960673809051514,2.435947520392282,0.7114889621734619,0.6985580325126648,0.03138909861445427,0.673737108707428,0.6750619411468506,0.6787315011024475,0.6837729215621948,0.6985580325126648,0.7474179267883301,0.7525893449783325,0.7613165378570557,0.7613165378570557
4900,-0.7115030288696289,4.19305944442749,3.8793869018554688,2.4041876792907715,0.7115030884742737,0.6985580325126648,0.031376924365758896,0.673737108707428,0.6750619411468506,0.6787315011024475,0.68381267786026,0.6985580325126648,0.7474179267883301,0.7525893449783325,0.7613165378570557,0.7613165378570557
4935,-0.711516261100769,4.179718494415283,3.8707594871520996,2.375115598951067,0.711516261100769,0.6985580325126648,0.03137986361980438,0.673737108707428,0.6750619411468506,0.6787315011024475,0.68381267786026,0.6985580325126648,0.7474179267883301,0.7525893449783325,0.7613165378570557,0.7613165378570557
4970,-0.711516261100769,4.161942005157471,3.857442617416382,2.3484298161097934,0.711516261100769,0.6985580325126648,0.03137986361980438,0.673737108707428,0.6750619411468506,0.6787315011024475,0.68381267786026,0.6985580325126648,0.7474179267883301,0.7525893449783325,0.7613165378570557,0.7613165378570557
5005,-0.711516261100769,4.152523994445801,3.8534996509552,2.322148288999285,0.711516261100769,0.6985580325126648,0.03137986361980438,0.673737108707428,0.6750619411468506,0.6787315011024475,0.68381267786026,0.6985580325126648,0.7474179267883301,0.7525893449783325,0.7613165378570557,0.7613165378570557
5040,-0.7115176320075989,4.147149562835693,3.853083372116089,2.297515903200422,0.7115175724029541,0.6985580325126648,0.03137873485684395,0.673737108707428,0.6750619411468506,0.6787315011024475,0.6838609576225281,0.6985580325126648,0.7474179267883301,0.7525893449783325,0.7613165378570557,0.7613165378570557
5075,-0.7115176320075989,4.131098747253418,3.8409645557403564,2.2781074047088623,0.7115175724029541,0.6985580325126648,0.03137873485684395,0.673737108707428,0.6750619411468506,0.6787315011024475,0.6838609576225281,0.6985580325126648,0.7474179267883301,0.7525893449783325,0.7613165378570557,0.7613165378570557
5110,-0.7115290760993958,4.121684551239014,3.83608078956604,2.253015398979187,0.7115290760993958,0.6985580325126648,0.031367022544145584,0.673737108707428,0.6750619411468506,0.6787315011024475,0.6838609576225281,0.6985580325126648,0.7474179267883301,0.7525893449783325,0.7613165378570557,0.7613165378570557
5145,-0.7115313410758972,4.104093074798584,3.823169708251953,2.2280671766826083,0.711531400680542,0.6985580325126648,0.03136435151100159,0.6737415194511414,0.6750619411468506,0.6787315011024475,0.6838609576225281,0.6985580325126648,0.7474179267883301,0.7525893449783325,0.7613165378570557,0.7613165378570557
5180,-0.7115313410758972,4.09789514541626,3.821100950241089,2.2075511728014265,0.711531400680542,0.6985580325126648,0.03136435151100159,0.6737415194511414,0.6750619411468506,0.6787315011024475,0.6838609576225281,0.6985580325126648,0.7474179267883301,0.7525893449783325,0.7613165378570557,0.7613165378570557
5215,-0.7115406394004822,4.089989185333252,3.818220376968384,2.1771431139537265,0.711540699005127,0.6985580325126648,0.031354885548353195,0.6737415194511414,0.6750619411468506,0.6787315011024475,0.6838609576225281,0.6985580325126648,0.7474179267883301,0.7525893449783325,0.7613165378570557,0.7613165378570557
5250,-0.7115406394004822,4.083271026611328,3.816495418548584,2.154467054775783,0.711540699005127,0.6985580325126648,0.031354885548353195,0.6737415194511414,0.6750619411468506,0.6787315011024475,0.6838609576225281,0.6985580325126648,0.7474179267883301,0.7525893449783325,0.7613165378570557,0.7613165378570557
5285,-0.7115406394004822,4.072174072265625,3.808712959289551,2.1351227590015958,0.711540699005127,0.6985580325126648,0.031354885548353195,0.6737415194511414,0.6750619411468506,0.6787315011024475,0.6838609576225281,0.6985580325126648,0.7474179267883301,0.7525893449783325,0.7613165378570557,0.7613165378570557
5320,-0.7115406394004822,4.059119701385498,3.8002235889434814,2.110493983541216,0.711540699005127,0.6985580325126648,0.031354885548353195,0.6737415194511414,0.6750619411468506,0.6787315011024475,0.6838609576225281,0.6985580325126648,0.7474179267883301,0.7525893449783325,0.7613165378570557,0.7613165378570557
5355,-0.7115406394004822,4.0468902587890625,3.792429208755493,2.0902329002107893,0.711540699005127,0.6985580325126648,0.031354885548353195,0.6737415194511414,0.6750619411468506,0.6787315011024475,0.6838609576225281,0.6985580325126648,0.7474179267883301,0.7525893449783325,0.7613165378570557,0.7613165378570557
5390,-0.7115429043769836,4.039320468902588,3.788813591003418,2.072524002620152,0.7115429639816284,0.6985580325126648,0.031353630125522614,0.6737415194511414,0.6750619411468506,0.6787315011024475,0.6838609576225281,0.6985580325126648,0.7474179267883301,0.7525893449783325,0.7613165378570557,0.7613165378570557
5425,-0.7115429043769836,4.030886173248291,3.784060478210449,2.054016743387495,0.7115429639816284,0.6985580325126648,0.031353630125522614,0.6737415194511414,0.6750619411468506,0.6787315011024475,0.6838609576225281,0.6985580325126648,0.7474179267883301,0.7525893449783325,0.7613165378570557,0.7613165378570557
5460,-0.7115429043769836,4.027254104614258,3.7846624851226807,2.032893112727574,0.7115429639816284,0.6985580325126648,0.031353630125522614,0.6737415194511414,0.6750619411468506,0.6787315011024475,0.6838609576225281,0.6985580325126648,0.7474179267883301,0.7525893449783325,0.7613165378570557,0.7613165378570557
5495,-0.7115429043769836,4.009066581726074,3.7701330184936523,2.013896550451006,0.7115429639816284,0.6985580325126648,0.031353630125522614,0.6737415194511414,0.6750619411468506,0.6787315011024475,0.6838609576225281,0.6985580325126648,0.7474179267883301,0.7525893449783325,0.7613165378570557,0.7613165378570557
5530,-0.7115429043769836,3.9945647716522217,3.760232925415039,1.9922641856329781,0.7115429639816284,0.6985580325126648,0.031353630125522614,0.6737415194511414,0.6750619411468506,0.6787315011024475,0.6838609576225281,0.6985580325126648,0.7474179267883301,0.7525893449783325,0.7613165378570557,0.7613165378570557
5565,-0.7115429043769836,3.9926834106445312,3.7619314193725586,1.9740570783615112,0.7115429639816284,0.6985580325126648,0.031353630125522614,0.6737415194511414,0.6750619411468506,0.6787315011024475,0.6838609576225281,0.6985580325126648,0.7474179267883301,0.7525893449783325,0.7613165378570557,0.7613165378570557
5600,-0.7115429043769836,3.986518621444702,3.759100914001465,1.9532459122794015,0.7115429639816284,0.6985580325126648,0.031353630125522614,0.6737415194511414,0.6750619411468506,0.6787315011024475,0.6838609576225281,0.6985580325126648,0.7474179267883301,0.7525893449783325,0.7613165378570557,0.7613165378570557
5635,-0.7115490436553955,3.980956792831421,3.7567076683044434,1.935905167034694,0.7115490436553955,0.6985580325126648,0.031348440796136856,0.6737415194511414,0.6750619411468506,0.6787315011024475,0.6838609576225281,0.6985580325126648,0.7474179267883301,0.7525893449783325,0.7613165378570557,0.7613165378570557
5670,-0.7115576267242432,3.9754486083984375,3.7545013427734375,1.9210365329469954,0.7115576267242432,0.6985580325126648,0.03134075924754143,0.6737415194511414,0.6750619411468506,0.6787315011024475,0.6838609576225281,0.6985580325126648,0.7474179267883301,0.7525893449783325,0.7613165378570557,0.7613165378570557
5705,-0.7115576267242432,3.965785264968872,3.7480597496032715,1.9034217085157121,0.7115576267242432,0.6985580325126648,0.03134075924754143,0.6737415194511414,0.6750619411468506,0.6787315011024475,0.6838609576225281,0.6985580325126648,0.7474179267883301,0.7525893449783325,0.7613165378570557,0.7613165378570557
5740,-0.7115576267242432,3.956874370574951,3.7430548667907715,1.887276632445199,0.7115576267242432,0.6985580325126648,0.03134075924754143,0.6737415194511414,0.6750619411468506,0.6787315011024475,0.6838609576225281,0.6985580325126648,0.7474179267883301,0.7525893449783325,0.7613165378570557,0.7613165378570557
5775,-0.7115576267242432,3.9556586742401123,3.7451157569885254,1.8711121593202864,0.7115576267242432,0.6985580325126648,0.03134075924754143,0.6737415194511414,0.6750619411468506,0.6787315011024475,0.6838609576225281,0.6985580325126648,0.7474179267883301,0.7525893449783325,0.7613165378570557,0.7613165378570557
5810,-0.7115576267242432,3.955200672149658,3.7477900981903076,1.851936204092843,0.7115576267242432,0.6985580325126648,0.03134075924754143,0.6737415194511414,0.6750619411468506,0.6787315011024475,0.6838609576225281,0.6985580325126648,0.7474179267883301,0.7525893449783325,0.7613165378570557,0.7613165378570557
5845,-0.7115635275840759,3.948472261428833,3.7436437606811523,1.8341156584875924,0.7115635871887207,0.6985580325126648,0.03133460879325867,0.6737415194511414,0.6750619411468506,0.6792698502540588,0.6838609576225281,0.6985580325126648,0.7474179267883301,0.7525893449783325,0.7613165378570557,0.7613165378570557
5880,-0.7115635275840759,3.939708948135376,3.73761248588562,1.8177940164293562,0.7115635871887207,0.6985580325126648,0.03133460879325867,0.6737415194511414,0.6750619411468506,0.6792698502540588,0.6838609576225281,0.6985580325126648,0.7474179267883301,0.7525893449783325,0.7613165378570557,0.7613165378570557
5915,-0.7115635275840759,3.929319143295288,3.730186939239502,1.802614382335118,0.7115635871887207,0.6985580325126648,0.03133460879325867,0.6737415194511414,0.6750619411468506,0.6792698502540588,0.6838609576225281,0.6985580325126648,0.7474179267883301,0.7525893449783325,0.7613165378570557,0.7613165378570557
5950,-0.7115635275840759,3.9242141246795654,3.7286338806152344,1.781593884740557,0.7115635871887207,0.6985580325126648,0.03133460879325867,0.6737415194511414,0.6750619411468506,0.6792698502540588,0.6838609576225281,0.6985580325126648,0.7474179267883301,0.7525893449783325,0.7613165378570557,0.7613165378570557
5985,-0.7115635275840759,3.9173591136932373,3.724440813064575,1.7664848566055298,0.7115635871887207,0.6985580325126648,0.03133460879325867,0.6737415194511414,0.6750619411468506,0.6792698502540588,0.6838609576225281,0.6985580325126648,0.7474179267883301,0.7525893449783325,0.7613165378570557,0.7613165378570557
6020,-0.7115635275840759,3.905163049697876,3.7150051593780518,1.751250113759722,0.7115635871887207,0.6985580325126648,0.03133460879325867,0.6737415194511414,0.6750619411468506,0.6792698502540588,0.6838609576225281,0.6985580325126648,0.7474179267883301,0.7525893449783325,0.7613165378570557,0.7613165378570557
6055,-0.7115635275840759,3.9074463844299316,3.720262050628662,1.7336012295314245,0.7115635871887207,0.6985580325126648,0.03133460879325867,0.6737415194511414,0.6750619411468506,0.6792698502540588,0.6838609576225281,0.6985580325126648,0.7474179267883301,0.7525893449783325,0.7613165378570557,0.7613165378570557
6090,-0.7115635275840759,3.8994057178497314,3.7145473957061768,1.7215322937284196,0.7115635871887207,0.6985580325126648,0.03133460879325867,0.6737415194511414,0.6750619411468506,0.6792698502540588,0.6838609576225281,0.6985580325126648,0.7474179267883301,0.7525893449783325,0.7613165378570557,0.7613165378570557
6125,-0.7115635275840759,3.900547981262207,3.7180895805358887,1.7076631103243147,0.7115635871887207,0.6985580325126648,0.03133460879325867,0.6737415194511414,0.6750619411468506,0.6792698502540588,0.6838609576225281,0.6985580325126648,0.7474179267883301,0.7525893449783325,0.7613165378570557,0.7613165378570557
6160,-0.7115635275840759,3.895441770553589,3.7155344486236572,1.6910432406834193,0.7115635871887207,0.6985580325126648,0.03133460879325867,0.6737415194511414,0.6750619411468506,0.6792698502540588,0.6838609576225281,0.6985580325126648,0.7474179267883301,0.7525893449783325,0.7613165378570557,0.7613165378570557
6195,-0.7115635275840759,3.897242307662964,3.7193353176116943,1.677167841366359,0.7115635871887207,0.6985580325126648,0.03133460879325867,0.6737415194511414,0.6750619411468506,0.6792698502540588,0.6838609576225281,0.6985580325126648,0.7474179267883301,0.7525893449783325,0.7613165378570557,0.7613165378570557
6230,-0.7115635275840759,3.8868606090545654,3.710700273513794,1.6605600118637085,0.7115635871887207,0.6985580325126648,0.03133460879325867,0.6737415194511414,0.6750619411468506,0.6792698502540588,0.6838609576225281,0.6985580325126648,0.7474179267883301,0.7525893449783325,0.7613165378570557,0.7613165378570557
6265,-0.7115635275840759,3.8830466270446777,3.709078073501587,1.649581023624965,0.7115635871887207,0.6985580325126648,0.03133460879325867,0.6737415194511414,0.6750619411468506,0.6792698502540588,0.6838609576225281,0.6985580325126648,0.7474179267883301,0.7525893449783325,0.7613165378570557,0.7613165378570557
6300,-0.7115635275840759,3.8755714893341064,3.7039084434509277,1.6387001446315221,0.7115635871887207,0.6985580325126648,0.03133460879325867,0.6737415194511414,0.6750619411468506,0.6792698502540588,0.6838609576225281,0.6985580325126648,0.7474179267883301,0.7525893449783325,0.7613165378570557,0.7613165378570557
6335,-0.7115635275840759,3.8683559894561768,3.6984217166900635,1.630162239074707,0.7115635871887207,0.6985580325126648,0.03133460879325867,0.6737415194511414,0.6750619411468506,0.6792698502540588,0.6838609576225281,0.6985580325126648,0.7474179267883301,0.7525893449783325,0.7613165378570557,0.7613165378570557
6370,-0.7115662693977356,3.8647501468658447,3.69722580909729,1.6134486539023263,0.7115663290023804,0.6985580325126648,0.0313313789665699,0.6739967465400696,0.6750619411468506,0.6792698502540588,0.6838609576225281,0.6985580325126648,0.7474179267883301,0.7525893449783325,0.7613165378570557,0.7613165378570557
6405,-0.7115662693977356,3.8598804473876953,3.6943447589874268,1.598509533064706,0.7115663290023804,0.6985580325126648,0.0313313789665699,0.6739967465400696,0.6750619411468506,0.6792698502540588,0.6838609576225281,0.6985580325126648,0.7474179267883301,0.7525893449783325,0.7613165378570557,0.7613165378570557
6440,-0.7115662693977356,3.8543386459350586,3.690603494644165,1.5890963077545166,0.7115663290023804,0.6985580325126648,0.0313313789665699,0.6739967465400696,0.6750619411468506,0.6792698502540588,0.6838609576225281,0.6985580325126648,0.7474179267883301,0.7525893449783325,0.7613165378570557,0.7613165378570557
6475,-0.7115662693977356,3.8457016944885254,3.6840741634368896,1.5760923624038696,0.7115663290023804,0.6985580325126648,0.0313313789665699,0.6739967465400696,0.6750619411468506,0.6792698502540588,0.6838609576225281,0.6985580325126648,0.7474179267883301,0.7525893449783325,0.7613165378570557,0.7613165378570557
6510,-0.7115662693977356,3.839704990386963,3.6799399852752686,1.5623988253729684,0.7115663290023804,0.6985580325126648,0.0313313789665699,0.6739967465400696,0.6750619411468506,0.6792698502540588,0.6838609576225281,0.6985580325126648,0.7474179267883301,0.7525893449783325,0.7613165378570557,0.7613165378570557
6545,-0.7115662693977356,3.836526393890381,3.6785166263580322,1.5532166957855225,0.7115663290023804,0.6985580325126648,0.0313313789665699,0.6739967465400696,0.6750619411468506,0.6792698502540588,0.6838609576225281,0.6985580325126648,0.7474179267883301,0.7525893449783325,0.7613165378570557,0.7613165378570557
6580,-0.7115662693977356,3.835235595703125,3.6786949634552,1.5427909237997872,0.7115663290023804,0.6985580325126648,0.0313313789665699,0.6739967465400696,0.6750619411468506,0.6792698502540588,0.6838609576225281,0.6985580325126648,0.7474179267883301,0.7525893449783325,0.7613165378570557,0.7613165378570557
6615,-0.7115662693977356,3.831552743911743,3.676875591278076,1.529344575745719,0.7115663290023804,0.6985580325126648,0.0313313789665699,0.6739967465400696,0.6750619411468506,0.6792698502540588,0.6838609576225281,0.6985580325126648,0.7474179267883301,0.7525893449783325,0.7613165378570557,0.7613165378570557
6650,-0.7115662693977356,3.823939323425293,3.670746326446533,1.5230148349489485,0.7115663290023804,0.6985580325126648,0.0313313789665699,0.6739967465400696,0.6750619411468506,0.6792698502540588,0.6838609576225281,0.6985580325126648,0.7474179267883301,0.7525893449783325,0.7613165378570557,0.7613165378570557
6685,-0.7115821838378906,3.814189910888672,3.6625149250030518,1.5135899441582816,0.7115821838378906,0.6985580325126648,0.0313127338886261,0.6742549538612366,0.6751645803451538,0.6792698502540588,0.6838609576225281,0.6985580325126648,0.7474179267883301,0.7525893449783325,0.7613165378570557,0.7613165378570557
6720,-0.7115838527679443,3.8140547275543213,3.663811206817627,1.504247852734157,0.7115838527679443,0.6985580325126648,0.031314898282289505,0.6742549538612366,0.6751645803451538,0.6792698502540588,0.6838609576225281,0.6985580325126648,0.7474179267883301,0.7525893449783325,0.7613165378570557,0.7613165378570557
6755,-0.7115838527679443,3.8054308891296387,3.657081365585327,1.494113564491272,0.7115838527679443,0.6985580325126648,0.031314898282289505,0.6742549538612366,0.6751645803451538,0.6792698502540588,0.6838609576225281,0.6985580325126648,0.7474179267883301,0.7525893449783325,0.7613165378570557,0.7613165378570557
6790,-0.7115838527679443,3.799072265625,3.6524906158447266,1.4840968676975794,0.7115838527679443,0.6985580325126648,0.031314898282289505,0.6742549538612366,0.6751645803451538,0.6792698502540588,0.6838609576225281,0.6985580325126648,0.7474179267883301,0.7525893449783325,0.7613165378570557,0.7613165378570557
6825,-0.7115838527679443,3.7898566722869873,3.6445791721343994,1.4734597546713692,0.7115838527679443,0.6985580325126648,0.031314898282289505,0.6742549538612366,0.6751645803451538,0.6792698502540588,0.6838609576225281,0.6985580325126648,0.7474179267883301,0.7525893449783325,0.7613165378570557,0.7613165378570557
6860,-0.7115838527679443,3.7881925106048584,3.6448535919189453,1.4600688048771449,0.7115838527679443,0.6985580325126648,0.031314898282289505,0.6742549538612366,0.6751645803451538,0.6792698502540588,0.6838609576225281,0.6985580325126648,0.7474179267883301,0.7525893449783325,0.7613165378570557,0.7613165378570557
6895,-0.7115838527679443,3.7881884574890137,3.646358013153076,1.4531207425253732,0.7115838527679443,0.6985580325126648,0.031314898282289505,0.6742549538612366,0.6751645803451538,0.6792698502540588,0.6838609576225281,0.6985580325126648,0.7474179267883301,0.7525893449783325,0.7613165378570557,0.7613165378570557
6930,-0.7115838527679443,3.7892844676971436,3.6492884159088135,1.4393489020211356,0.7115838527679443,0.6985580325126648,0.031314898282289505,0.6742549538612366,0.6751645803451538,0.6792698502540588,0.6838609576225281,0.6985580325126648,0.7474179267883301,0.7525893449783325,0.7613165378570557,0.7613165378570557
6965,-0.7115838527679443,3.7893688678741455,3.650832414627075,1.4332152605056763,0.7115838527679443,0.6985580325126648,0.031314898282289505,0.6742549538612366,0.6751645803451538,0.6792698502540588,0.6838609576225281,0.6985580325126648,0.7474179267883301,0.7525893449783325,0.7613165378570557,0.7613165378570557
7000,-0.7115838527679443,3.7896888256073,3.652217388153076,1.4299483810152327,0.7115838527679443,0.6985580325126648,0.031314898282289505,0.6742549538612366,0.6751645803451538,0.6792698502540588,0.6838609576225281,0.6985580325126648,0.7474179267883301,0.7525893449783325,0.7613165378570557,0.7613165378570557
7035,-0.7115838527679443,3.784923553466797,3.6486518383026123,1.4242230483463831,0.7115838527679443,0.6985580325126648,0.031314898282289505,0.6742549538612366,0.6751645803451538,0.6792698502540588,0.6838609576225281,0.6985580325126648,0.7474179267883301,0.7525893449783325,0.7613165378570557,0.7613165378570557
7070,-0.711590051651001,3.781249761581421,3.6462395191192627,1.4141654797962733,0.7115899920463562,0.6985580325126648,0.03130880743265152,0.6742549538612366,0.6751645803451538,0.6792698502540588,0.6838609576225281,0.6985580325126648,0.7474179267883301,0.7525893449783325,0.7613165378570557,0.7613165378570557
7105,-0.711590051651001,3.7766783237457275,3.642672300338745,1.4037811756134033,0.7115899920463562,0.6985580325126648,0.03130880743265152,0.6742549538612366,0.6751645803451538,0.6792698502540588,0.6838609576225281,0.6985580325126648,0.7474179267883301,0.7525893449783325,0.7613165378570557,0.7613165378570557
7140,-0.711590051651001,3.7674615383148193,3.634798288345337,1.3966221298490251,0.7115899920463562,0.6985580325126648,0.03130880743265152,0.6742549538612366,0.6751645803451538,0.6792698502540588,0.6838609576225281,0.6985580325126648,0.7474179267883301,0.7525893449783325,0.7613165378570557,0.7613165378570557
7175,-0.711590051651001,3.765631675720215,3.6341772079467773,1.3899520295006889,0.7115899920463562,0.6985580325126648,0.03130880743265152,0.6742549538612366,0.6751645803451538,0.6792698502540588,0.6838609576225281,0.6985580325126648,0.7474179267883301,0.7525893449783325,0.7613165378570557,0.7613165378570557
7210,-0.711590051651001,3.7620420455932617,3.631657361984253,1.3836371558053153,0.7115899920463562,0.6985580325126648,0.03130880743265152,0.6742549538612366,0.6751645803451538,0.6792698502540588,0.6838609576225281,0.6985580325126648,0.7474179267883301,0.7525893449783325,0.7613165378570557,0.7613165378570557
7245,-0.711590051651001,3.7625296115875244,3.633419990539551,1.3727891785757882,0.7115899920463562,0.6985580325126648,0.03130880743265152,0.6742549538612366,0.6751645803451538,0.6792698502540588,0.6838609576225281,0.6985580325126648,0.7474179267883301,0.7525893449783325,0.7613165378570557,0.7613165378570557
7280,-0.711590051651001,3.7653417587280273,3.637934446334839,1.3642424174717493,0.7115899920463562,0.6985580325126648,0.03130880743265152,0.6742549538612366,0.6751645803451538,0.6792698502540588,0.6838609576225281,0.6985580325126648,0.7474179267883301,0.7525893449783325,0.7613165378570557,0.7613165378570557
7315,-0.711590051651001,3.756937026977539,3.6309945583343506,1.3538406917027064,0.7115899920463562,0.6985580325126648,0.03130880743265152,0.6742549538612366,0.6751645803451538,0.6792698502540588,0.6838609576225281,0.6985580325126648,0.7474179267883301,0.7525893449783325,0.7613165378570557,0.7613165378570557
7350,-0.711590051651001,3.7494497299194336,3.6250038146972656,1.3454998561314173,0.7115899920463562,0.6985580325126648,0.03130880743265152,0.6742549538612366,0.6751645803451538,0.6792698502540588,0.6838609576225281,0.6985580325126648,0.7474179267883301,0.7525893449783325,0.7613165378570557,0.7613165378570557
7385,-0.711590051651001,3.751981258392334,3.6293182373046875,1.335053256579808,0.7115899920463562,0.6985580325126648,0.03130880743265152,0.6742549538612366,0.6751645803451538,0.6792698502540588,0.6838609576225281,0.6985580325126648,0.7474179267883301,0.7525893449783325,0.7613165378570557,0.7613165378570557
7420,-0.711590051651001,3.7514312267303467,3.6300315856933594,1.3222414255142212,0.7115899920463562,0.6985580325126648,0.03130880743265152,0.6742549538612366,0.6751645803451538,0.6792698502540588,0.6838609576225281,0.6985580325126648,0.7474179267883301,0.7525893449783325,0.7613165378570557,0.7613165378570557
7455,-0.711590051651001,3.750589609146118,3.630800485610962,1.3091077974864416,0.7115899920463562,0.6985580325126648,0.03130880743265152,0.6742549538612366,0.6751645803451538,0.6792698502540588,0.6838609576225281,0.6985580325126648,0.7474179267883301,0.7525893449783325,0.7613165378570557,0.7613165378570557
7490,-0.711590051651001,3.746560573577881,3.6283998489379883,1.2996724843978882,0.7115899920463562,0.6985580325126648,0.03130880743265152,0.6742549538612366,0.6751645803451538,0.6792698502540588,0.6838609576225281,0.6985580325126648,0.7474179267883301,0.7525893449783325,0.7613165378570557,0.7613165378570557
7525,-0.711590051651001,3.7418792247772217,3.625185966491699,1.2915047918047224,0.7115899920463562,0.6985580325126648,0.03130880743265152,0.6742549538612366,0.6751645803451538,0.6792698502540588,0.6838609576225281,0.6985580325126648,0.7474179267883301,0.7525893449783325,0.7613165378570557,0.7613165378570557
7560,-0.711590051651001,3.7379674911499023,3.6225812435150146,1.282325029373169,0.7115899920463562,0.6985580325126648,0.03130880743265152,0.6742549538612366,0.6751645803451538,0.6792698502540588,0.6838609576225281,0.6985580325126648,0.7474179267883301,0.7525893449783325,0.7613165378570557,0.7613165378570557
7595,-0.711590051651001,3.7362539768218994,3.622098684310913,1.2738644906452723,0.7115899920463562,0.6985580325126648,0.03130880743265152,0.6742549538612366,0.6751645803451538,0.6792698502540588,0.6838609576225281,0.6985580325126648,0.7474179267883301,0.7525893449783325,0.7613165378570557,0.7613165378570557
7630,-0.711590051651001,3.73572039604187,3.6226165294647217,1.2659331389835902,0.7115899920463562,0.6985580325126648,0.03130880743265152,0.6742549538612366,0.6751645803451538,0.6792698502540588,0.6838609576225281,0.6985580325126648,0.7474179267883301,0.7525893449783325,0.7613165378570557,0.7613165378570557
7665,-0.711590051651001,3.736128330230713,3.6239194869995117,1.262151769229344,0.7115899920463562,0.6985580325126648,0.03130880743265152,0.6742549538612366,0.6751645803451538,0.6792698502540588,0.6838609576225281,0.6985580325126648,0.7474179267883301,0.7525893449783325,0.7613165378570557,0.7613165378570557
7700,-0.711590051651001,3.733621597290039,3.622286081314087,1.2537105424063546,0.7115899920463562,0.6985580325126648,0.03130880743265152,0.6742549538612366,0.6751645803451538,0.6792698502540588,0.6838609576225281,0.6985580325126648,0.7474179267883301,0.7525893449783325,0.7613165378570557,0.7613165378570557
7735,-0.711590051651001,3.7291016578674316,3.6187832355499268,1.2482739516666956,0.7115899920463562,0.6985580325126648,0.03130880743265152,0.6742549538612366,0.6751645803451538,0.6792698502540588,0.6838609576225281,0.6985580325126648,0.7474179267883301,0.7525893449783325,0.7613165378570557,0.7613165378570557
7770,-0.711590051651001,3.7272789478302,3.6176083087921143,1.2424283708844865,0.7115899920463562,0.6985580325126648,0.03130880743265152,0.6742549538612366,0.6751645803451538,0.6792698502540588,0.6838609576225281,0.6985580325126648,0.7474179267883301,0.7525893449783325,0.7613165378570557,0.7613165378570557
7805,-0.711590051651001,3.720072031021118,3.6114211082458496,1.2324971641813005,0.7115899920463562,0.6985580325126648,0.03130880743265152,0.6742549538612366,0.6751645803451538,0.6792698502540588,0.6838609576225281,0.6985580325126648,0.7474179267883301,0.7525893449783325,0.7613165378570557,0.7613165378570557
7840,-0.711590051651001,3.7211790084838867,3.6136105060577393,1.2224455390657698,0.7115899920463562,0.6985580325126648,0.03130880743265152,0.6742549538612366,0.6751645803451538,0.6792698502540588,0.6838609576225281,0.6985580325126648,0.7474179267883301,0.7525893449783325,0.7613165378570557,0.7613165378570557
7875,-0.711590051651001,3.7210745811462402,3.614236354827881,1.2202979496547155,0.7115899920463562,0.6985580325126648,0.03130880743265152,0.6742549538612366,0.6751645803451538,0.6792698502540588,0.6838609576225281,0.6985580325126648,0.7474179267883301,0.7525893449783325,0.7613165378570557,0.7613165378570557
7910,-0.711590051651001,3.7203478813171387,3.6143832206726074,1.210114938872201,0.7115899920463562,0.6985580325126648,0.03130880743265152,0.6742549538612366,0.6751645803451538,0.6792698502540588,0.6838609576225281,0.6985580325126648,0.7474179267883301,0.7525893449783325,0.7613165378570557,0.7613165378570557
7945,-0.711590051651001,3.720360517501831,3.615339756011963,1.2014475549970354,0.7115899920463562,0.6985580325126648,0.03130880743265152,0.6742549538612366,0.6751645803451538,0.6792698502540588,0.6838609576225281,0.6985580325126648,0.7474179267883301,0.7525893449783325,0.7613165378570557,0.7613165378570557
7980,-0.711590051651001,3.714571952819824,3.6103436946868896,1.2010986123766219,0.7115899920463562,0.6985580325126648,0.03130880743265152,0.6742549538612366,0.6751645803451538,0.6792698502540588,0.6838609576225281,0.6985580325126648,0.7474179267883301,0.7525893449783325,0.7613165378570557,0.7613165378570557
8015,-0.711590051651001,3.7119810581207275,3.6085004806518555,1.1958585126059396,0.7115899920463562,0.6985580325126648,0.03130880743265152,0.6742549538612366,0.6751645803451538,0.6792698502540588,0.6838609576225281,0.6985580325126648,0.7474179267883301,0.7525893449783325,0.7613165378570557,0.7613165378570557
8050,-0.711590051651001,3.70515775680542,3.602808713912964,1.1901261465890067,0.7115899920463562,0.6985580325126648,0.03130880743265152,0.6742549538612366,0.6751645803451538,0.6792698502540588,0.6838609576225281,0.6985580325126648,0.7474179267883301,0.7525893449783325,0.7613165378570557,0.7613165378570557
8085,-0.711590051651001,3.7022910118103027,3.600940704345703,1.1828549078532629,0.7115899920463562,0.6985580325126648,0.03130880743265152,0.6742549538612366,0.6751645803451538,0.6792698502540588,0.6838609576225281,0.6985580325126648,0.7474179267883301,0.7525893449783325,0.7613165378570557,0.7613165378570557
8120,-0.711590051651001,3.7064242362976074,3.606112480163574,1.1753916995865958,0.7115899920463562,0.6985580325126648,0.03130880743265152,0.6742549538612366,0.6751645803451538,0.6792698502540588,0.6838609576225281,0.6985580325126648,0.7474179267883301,0.7525893449783325,0.7613165378570557,0.7613165378570557
8155,-0.711590051651001,3.704169511795044,3.6046197414398193,1.1685572096279688,0.7115899920463562,0.6985580325126648,0.03130880743265152,0.6742549538612366,0.6751645803451538,0.6792698502540588,0.6838609576225281,0.6985580325126648,0.7474179267883301,0.7525893449783325,0.7613165378570557,0.7613165378570557
8190,-0.711590051651001,3.701627254486084,3.6026415824890137,1.1675301875386919,0.7115899920463562,0.6985580325126648,0.03130880743265152,0.6742549538612366,0.6751645803451538,0.6792698502540588,0.6838609576225281,0.6985580325126648,0.7474179267883301,0.7525893449783325,0.7613165378570557,0.7613165378570557
8225,-0.711590051651001,3.6980934143066406,3.599799871444702,1.1584316406931197,0.7115899920463562,0.6985580325126648,0.03130880743265152,0.6742549538612366,0.6751645803451538,0.6792698502540588,0.6838609576225281,0.6985580325126648,0.7474179267883301,0.7525893449783325,0.7613165378570557,0.7613165378570557
8260,-0.711590051651001,3.6978018283843994,3.6002790927886963,1.1539235625948225,0.7115899920463562,0.6985580325126648,0.03130880743265152,0.6742549538612366,0.6751645803451538,0.6792698502540588,0.6838609576225281,0.6985580325126648,0.7474179267883301,0.7525893449783325,0.7613165378570557,0.7613165378570557
8295,-0.711590051651001,3.694570779800415,3.597835063934326,1.1479465024811881,0.7115899920463562,0.6985580325126648,0.03130880743265152,0.6742549538612366,0.6751645803451538,0.6792698502540588,0.6838609576225281,0.6985580325126648,0.7474179267883301,0.7525893449783325,0.7613165378570557,0.7613165378570557
8330,-0.711590051651001,3.691213846206665,3.5952417850494385,1.143018705504281,0.7115899920463562,0.6985580325126648,0.03130880743265152,0.6742549538612366,0.6751645803451538,0.6792698502540588,0.6838609576225281,0.6985580325126648,0.7474179267883301,0.7525893449783325,0.7613165378570557,0.7613165378570557
8365,-0.711590051651001,3.6909523010253906,3.5957627296447754,1.1359870348657881,0.7115899920463562,0.6985580325126648,0.03130880743265152,0.6742549538612366,0.6751645803451538,0.6792698502540588,0.6838609576225281,0.6985580325126648,0.7474179267883301,0.7525893449783325,0.7613165378570557,0.7613165378570557
8400,-0.711590051651001,3.688425064086914,3.593837261199951,1.1332733205386571,0.7115899920463562,0.6985580325126648,0.03130880743265152,0.6742549538612366,0.6751645803451538,0.6792698502540588,0.6838609576225281,0.6985580325126648,0.7474179267883301,0.7525893449783325,0.7613165378570557,0.7613165378570557
8435,-0.711590051651001,3.68792986869812,3.5942020416259766,1.1270364948681422,0.7115899920463562,0.6985580325126648,0.03130880743265152,0.6742549538612366,0.6751645803451538,0.6792698502540588,0.6838609576225281,0.6985580325126648,0.7474179267883301,0.7525893449783325,0.7613165378570557,0.7613165378570557
8470,-0.711590051651001,3.6804044246673584,3.5875470638275146,1.1239188483783178,0.7115899920463562,0.6985580325126648,0.03130880743265152,0.6742549538612366,0.6751645803451538,0.6792698502540588,0.6838609576225281,0.6985580325126648,0.7474179267883301,0.7525893449783325,0.7613165378570557,0.7613165378570557
8505,-0.711590051651001,3.6803982257843018,3.5881361961364746,1.1199897612844194,0.7115899920463562,0.6985580325126648,0.03130880743265152,0.6742549538612366,0.6751645803451538,0.6792698502540588,0.6838609576225281,0.6985580325126648,0.7474179267883301,0.7525893449783325,0.7613165378570557,0.7613165378570557
8540,-0.711590051651001,3.673877716064453,3.5824294090270996,1.1127676112311227,0.7115899920463562,0.6985580325126648,0.03130880743265152,0.6742549538612366,0.6751645803451538,0.6792698502540588,0.6838609576225281,0.6985580325126648,0.7474179267883301,0.7525893449783325,0.7613165378570557,0.7613165378570557
8575,-0.711590051651001,3.674506187438965,3.5837767124176025,1.109085031918117,0.7115899920463562,0.6985580325126648,0.03130880743265152,0.6742549538612366,0.6751645803451538,0.6792698502540588,0.6838609576225281,0.6985580325126648,0.7474179267883301,0.7525893449783325,0.7613165378570557,0.7613165378570557
8610,-0.711590051651001,3.6724164485931396,3.582353115081787,1.100934658731733,0.7115899920463562,0.6985580325126648,0.03130880743265152,0.6742549538612366,0.6751645803451538,0.6792698502540588,0.6838609576225281,0.6985580325126648,0.7474179267883301,0.7525893449783325,0.7613165378570557,0.7613165378570557
8645,-0.711590051651001,3.6674437522888184,3.5779972076416016,1.095997256892068,0.7115899920463562,0.6985580325126648,0.03130880743265152,0.6742549538612366,0.6751645803451538,0.6792698502540588,0.6838609576225281,0.6985580325126648,0.7474179267883301,0.7525893449783325,0.7613165378570557,0.7613165378570557
8680,-0.711590051651001,3.6672658920288086,3.5784146785736084,1.0912468603679113,0.7115899920463562,0.6985580325126648,0.03130880743265152,0.6742549538612366,0.6751645803451538,0.6792698502540588,0.6838609576225281,0.6985580325126648,0.7474179267883301,0.7525893449783325,0.7613165378570557,0.7613165378570557
8715,-0.711590051651001,3.6672840118408203,3.579075574874878,1.0881347485951014,0.7115899920463562,0.6985580325126648,0.03130880743265152,0.6742549538612366,0.6751645803451538,0.6792698502540588,0.6838609576225281,0.6985580325126648,0.7474179267883301,0.7525893449783325,0.7613165378570557,0.7613165378570557
8750,-0.711590051651001,3.6616342067718506,3.5741355419158936,1.0783960648945399,0.7115899920463562,0.6985580325126648,0.03130880743265152,0.6742549538612366,0.6751645803451538,0.6792698502540588,0.6838609576225281,0.6985580325126648,0.7474179267883301,0.7525893449783325,0.7613165378570557,0.7613165378570557
8785,-0.711590051651001,3.659325361251831,3.5724008083343506,1.0761920043400355,0.7115899920463562,0.6985580325126648,0.03130880743265152,0.6742549538612366,0.6751645803451538,0.6792698502540588,0.6838609576225281,0.6985580325126648,0.7474179267883301,0.7525893449783325,0.7613165378570557,0.7613165378570557
8820,-0.711590051651001,3.661881923675537,3.5755841732025146,1.0732516305787223,0.7115899920463562,0.6985580325126648,0.03130880743265152,0.6742549538612366,0.6751645803451538,0.6792698502540588,0.6838609576225281,0.6985580325126648,0.7474179267883301,0.7525893449783325,0.7613165378570557,0.7613165378570557
8855,-0.7115922570228577,3.656324625015259,3.5709447860717773,1.0656753523009164,0.7115922570228577,0.6985580325126648,0.03130627050995827,0.6742549538612366,0.6751645803451538,0.6792698502540588,0.6838609576225281,0.6985580325126648,0.7474179267883301,0.7525893449783325,0.7613165378570557,0.7613165378570557
8890,-0.7115922570228577,3.652202844619751,3.567495584487915,1.0602210078920637,0.7115922570228577,0.6985580325126648,0.03130627050995827,0.6742549538612366,0.6751645803451538,0.6792698502540588,0.6838609576225281,0.6985580325126648,0.7474179267883301,0.7525893449783325,0.7613165378570557,0.7613165378570557
8925,-0.7115922570228577,3.649066925048828,3.5649633407592773,1.0550471799714225,0.7115922570228577,0.6985580325126648,0.03130627050995827,0.6742549538612366,0.6751645803451538,0.6792698502540588,0.6838609576225281,0.6985580325126648,0.7474179267883301,0.7525893449783325,0.7613165378570557,0.7613165378570557
8960,-0.7115922570228577,3.643097400665283,3.5597026348114014,1.0496293306350708,0.7115922570228577,0.6985580325126648,0.03130627050995827,0.6742549538612366,0.6751645803451538,0.6792698502540588,0.6838609576225281,0.6985580325126648,0.7474179267883301,0.7525893449783325,0.7613165378570557,0.7613165378570557
8995,-0.7115922570228577,3.641310214996338,3.5587191581726074,1.0436691556658064,0.7115922570228577,0.6985580325126648,0.03130627050995827,0.6742549538612366,0.6751645803451538,0.6792698502540588,0.6838609576225281,0.6985580325126648,0.7474179267883301,0.7525893449783325,0.7613165378570557,0.7613165378570557
9030,-0.7115922570228577,3.642709732055664,3.5608956813812256,1.0372803466660636,0.7115922570228577,0.6985580325126648,0.03130627050995827,0.6742549538612366,0.6751645803451538,0.6792698502540588,0.6838609576225281,0.6985580325126648,0.7474179267883301,0.7525893449783325,0.7613165378570557,0.7613165378570557
9065,-0.7115922570228577,3.639598846435547,3.5582211017608643,1.029648448739733,0.7115922570228577,0.6985580325126648,0.03130627050995827,0.6742549538612366,0.6751645803451538,0.6792698502540588,0.6838609576225281,0.6985580325126648,0.7474179267883301,0.7525893449783325,0.7613165378570557,0.7613165378570557
9100,-0.7115922570228577,3.633448600769043,3.5527243614196777,1.023593238421849,0.7115922570228577,0.6985580325126648,0.03130627050995827,0.6742549538612366,0.6751645803451538,0.6792698502540588,0.6838609576225281,0.6985580325126648,0.7474179267883301,0.7525893449783325,0.7613165378570557,0.7613165378570557
9135,-0.7115922570228577,3.630263566970825,3.5501084327697754,1.0183993322508675,0.7115922570228577,0.6985580325126648,0.03130627050995827,0.6742549538612366,0.6751645803451538,0.6792698502540588,0.6838609576225281,0.6985580325126648,0.7474179267883301,0.7525893449783325,0.7613165378570557,0.7613165378570557
9170,-0.7115922570228577,3.6307241916656494,3.55086088180542,1.0147083146231515,0.7115922570228577,0.6985580325126648,0.03130627050995827,0.6742549538612366,0.6751645803451538,0.6792698502540588,0.6838609576225281,0.6985580325126648,0.7474179267883301,0.7525893449783325,0.7613165378570557,0.7613165378570557
9205,-0.7115922570228577,3.6296019554138184,3.5504510402679443,1.0087778397968836,0.7115922570228577,0.6985580325126648,0.03130627050995827,0.6742549538612366,0.6751645803451538,0.6792698502540588,0.6838609576225281,0.6985580325126648,0.7474179267883301,0.7525893449783325,0.7613165378570557,0.7613165378570557
9240,-0.7115922570228577,3.625946044921875,3.547358274459839,1.0042484572955541,0.7115922570228577,0.6985580325126648,0.03130627050995827,0.6742549538612366,0.6751645803451538,0.6792698502540588,0.6838609576225281,0.6985580325126648,0.7474179267883301,0.7525893449783325,0.7613165378570557,0.7613165378570557
9275,-0.7115922570228577,3.6287031173706055,3.5508055686950684,0.9977529219218663,0.7115922570228577,0.6985580325126648,0.03130627050995827,0.6742549538612366,0.6751645803451538,0.6792698502540588,0.6838609576225281,0.6985580325126648,0.7474179267883301,0.7525893449783325,0.7613165378570557,0.7613165378570557
9310,-0.7115922570228577,3.6295435428619385,3.55232310295105,0.9932735562324524,0.7115922570228577,0.6985580325126648,0.03130627050995827,0.6742549538612366,0.6751645803451538,0.6792698502540588,0.6838609576225281,0.6985580325126648,0.7474179267883301,0.7525893449783325,0.7613165378570557,0.7613165378570557
9345,-0.7115922570228577,3.6234664916992188,3.54693603515625,0.9883514557565961,0.7115922570228577,0.6985580325126648,0.03130627050995827,0.6742549538612366,0.6751645803451538,0.6792698502540588,0.6838609576225281,0.6985580325126648,0.7474179267883301,0.7525893449783325,0.7613165378570557,0.7613165378570557
9380,-0.7115922570228577,3.6183109283447266,3.5423383712768555,0.9820605771882194,0.7115922570228577,0.6985580325126648,0.03130627050995827,0.6742549538612366,0.6751645803451538,0.6792698502540588,0.6838609576225281,0.6985580325126648,0.7474179267883301,0.7525893449783325,0.7613165378570557,0.7613165378570557
9415,-0.7115922570228577,3.615021228790283,3.53963041305542,0.9770323889596122,0.7115922570228577,0.6985580325126648,0.03130627050995827,0.6742549538612366,0.6751645803451538,0.6792698502540588,0.6838609576225281,0.6985580325126648,0.7474179267883301,0.7525893449783325,0.7613165378570557,0.7613165378570557
9450,-0.7115922570228577,3.610970973968506,3.5360827445983887,0.969354544367109,0.7115922570228577,0.6985580325126648,0.03130627050995827,0.6742549538612366,0.6751645803451538,0.6792698502540588,0.6838609576225281,0.6985580325126648,0.7474179267883301,0.7525893449783325,0.7613165378570557,0.7613165378570557
9485,-0.7115922570228577,3.6096370220184326,3.5352659225463867,0.9621980105127607,0.7115922570228577,0.6985580325126648,0.03130627050995827,0.6742549538612366,0.6751645803451538,0.6792698502540588,0.6838609576225281,0.6985580325126648,0.7474179267883301,0.7525893449783325,0.7613165378570557,0.7613165378570557
9520,-0.7115922570228577,3.6077558994293213,3.533940076828003,0.9602420159748623,0.7115922570228577,0.6985580325126648,0.03130627050995827,0.6742549538612366,0.6751645803451538,0.6792698502540588,0.6838609576225281,0.6985580325126648,0.7474179267883301,0.7525893449783325,0.7613165378570557,0.7613165378570557
9555,-0.7115922570228577,3.6080849170684814,3.53481125831604,0.9561789802142552,0.7115922570228577,0.6985580325126648,0.03130627050995827,0.6742549538612366,0.6751645803451538,0.6792698502540588,0.6838609576225281,0.6985580325126648,0.7474179267883301,0.7525893449783325,0.7613165378570557,0.7613165378570557
9590,-0.7115922570228577,3.6071066856384277,3.5345070362091064,0.9465573004313877,0.7115922570228577,0.6985580325126648,0.03130627050995827,0.6742549538612366,0.6751645803451538,0.6792698502540588,0.6838609576225281,0.6985580325126648,0.7474179267883301,0.7525893449783325,0.7613165378570557,0.7613165378570557
9625,-0.7115922570228577,3.6049296855926514,3.5328261852264404,0.9420444624764579,0.7115922570228577,0.6985580325126648,0.03130627050995827,0.6742549538612366,0.6751645803451538,0.6792698502540588,0.6838609576225281,0.6985580325126648,0.7474179267883301,0.7525893449783325,0.7613165378570557,0.7613165378570557
9660,-0.7115922570228577,3.6022746562957764,3.530486822128296,0.9366195457322257,0.7115922570228577,0.6985580325126648,0.03130627050995827,0.6742549538612366,0.6751645803451538,0.6792698502540588,0.6838609576225281,0.6985580325126648,0.7474179267883301,0.7525893449783325,0.7613165378570557,0.7613165378570557
9695,-0.7115922570228577,3.602731704711914,3.5314433574676514,0.937042909009116,0.7115922570228577,0.6985580325126648,0.03130627050995827,0.6742549538612366,0.6751645803451538,0.6792698502540588,0.6838609576225281,0.6985580325126648,0.7474179267883301,0.7525893449783325,0.7613165378570557,0.7613165378570557
9730,-0.7115922570228577,3.5987436771392822,3.527921199798584,0.9307016815458026,0.7115922570228577,0.6985580325126648,0.03130627050995827,0.6742549538612366,0.6751645803451538,0.6792698502540588,0.6838609576225281,0.6985580325126648,0.7474179267883301,0.7525893449783325,0.7613165378570557,0.7613165378570557
9765,-0.7115922570228577,3.596440315246582,3.526057004928589,0.9280167307172503,0.7115922570228577,0.6985580325126648,0.03130627050995827,0.6742549538612366,0.6751645803451538,0.6792698502540588,0.6838609576225281,0.6985580325126648,0.7474179267883301,0.7525893449783325,0.7613165378570557,0.7613165378570557
9800,-0.7115922570228577,3.5977976322174072,3.5278189182281494,0.9256331494876316,0.7115922570228577,0.6985580325126648,0.03130627050995827,0.6742549538612366,0.6751645803451538,0.6792698502540588,0.6838609576225281,0.6985580325126648,0.7474179267883301,0.7525893449783325,0.7613165378570557,0.7613165378570557
9835,-0.7115922570228577,3.5937886238098145,3.524179458618164,0.9210015961102077,0.7115922570228577,0.6985580325126648,0.03130627050995827,0.6742549538612366,0.6751645803451538,0.6792698502540588,0.6838609576225281,0.6985580325126648,0.7474179267883301,0.7525893449783325,0.7613165378570557,0.7613165378570557
9870,-0.7115922570228577,3.5897598266601562,3.520663022994995,0.9179284913199288,0.7115922570228577,0.6985580325126648,0.03130627050995827,0.6742549538612366,0.6751645803451538,0.6792698502540588,0.6838609576225281,0.6985580325126648,0.7474179267883301,0.7525893449783325,0.7613165378570557,0.7613165378570557
9905,-0.7115922570228577,3.5821151733398438,3.5135536193847656,0.9122901473726545,0.7115922570228577,0.6985580325126648,0.03130627050995827,0.6742549538612366,0.6751645803451538,0.6792698502540588,0.6838609576225281,0.6985580325126648,0.7474179267883301,0.7525893449783325,0.7613165378570557,0.7613165378570557
9940,-0.7115922570228577,3.578643560409546,3.5103659629821777,0.9100581748144967,0.7115922570228577,0.6985580325126648,0.03130627050995827,0.6742549538612366,0.6751645803451538,0.6792698502540588,0.6838609576225281,0.6985580325126648,0.7474179267883301,0.7525893449783325,0.7613165378570557,0.7613165378570557
9975,-0.7115922570228577,3.5758056640625,3.508070945739746,0.9069475361279079,0.7115922570228577,0.6985580325126648,0.03130627050995827,0.6742549538612366,0.6751645803451538,0.6792698502540588,0.6838609576225281,0.6985580325126648,0.7474179267883301,0.7525893449783325,0.7613165378570557,0.7613165378570557
10010,-0.7115922570228577,3.5753142833709717,3.5079336166381836,0.9037440759795052,0.7115922570228577,0.6985580325126648,0.03130627050995827,0.6742549538612366,0.6751645803451538,0.6792698502540588,0.6838609576225281,0.6985580325126648,0.7474179267883301,0.7525893449783325,0.7613165378570557,0.7613165378570557
10045,-0.7115922570228577,3.575927734375,3.508985996246338,0.8962646893092564,0.7115922570228577,0.6985580325126648,0.03130627050995827,0.6742549538612366,0.6751645803451538,0.6792698502540588,0.6838609576225281,0.6985580325126648,0.7474179267883301,0.7525893449783325,0.7613165378570557,0.7613165378570557
10080,-0.7115922570228577,3.5772106647491455,3.510730743408203,0.8932384252548218,0.7115922570228577,0.6985580325126648,0.03130627050995827,0.6742549538612366,0.6751645803451538,0.6792698502540588,0.6838609576225281,0.6985580325126648,0.7474179267883301,0.7525893449783325,0.7613165378570557,0.7613165378570557
10115,-0.7115922570228577,3.5764048099517822,3.510406255722046,0.8896394797733852,0.7115922570228577,0.6985580325126648,0.03130627050995827,0.6742549538612366,0.6751645803451538,0.6792698502540588,0.6838609576225281,0.6985580325126648,0.7474179267883301,0.7525893449783325,0.7613165378570557,0.7613165378570557
10150,-0.7115922570228577,3.5798699855804443,3.5141587257385254,0.8838750123977661,0.7115922570228577,0.6985580325126648,0.03130627050995827,0.6742549538612366,0.6751645803451538,0.6792698502540588,0.6838609576225281,0.6985580325126648,0.7474179267883301,0.7525893449783325,0.7613165378570557,0.7613165378570557
10185,-0.7115922570228577,3.579740047454834,3.5144362449645996,0.8786876201629639,0.7115922570228577,0.6985580325126648,0.03130627050995827,0.6742549538612366,0.6751645803451538,0.6792698502540588,0.6838609576225281,0.6985580325126648,0.7474179267883301,0.7525893449783325,0.7613165378570557,0.7613165378570557
10220,-0.7115922570228577,3.5783121585845947,3.513359546661377,0.878604165145329,0.7115922570228577,0.6985580325126648,0.03130627050995827,0.6742549538612366,0.6751645803451538,0.6792698502540588,0.6838609576225281,0.6985580325126648,0.7474179267883301,0.7525893449783325,0.7613165378570557,0.7613165378570557
10255,-0.7115922570228577,3.5776381492614746,3.513108491897583,0.8776150005204337,0.7115922570228577,0.6985580325126648,0.03130627050995827,0.6742549538612366,0.6751645803451538,0.6792698502540588,0.6838609576225281,0.6985580325126648,0.7474179267883301,0.7525893449783325,0.7613165378570557,0.7613165378570557
10290,-0.7115922570228577,3.5697500705718994,3.5055768489837646,0.8702913096972874,0.7115922570228577,0.6985580325126648,0.03130627050995827,0.6742549538612366,0.6751645803451538,0.6792698502540588,0.6838609576225281,0.6985580325126648,0.7474179267883301,0.7525893449783325,0.7613165378570557,0.7613165378570557
10325,-0.7115922570228577,3.5672202110290527,3.5032958984375,0.866119248526437,0.7115922570228577,0.6985580325126648,0.03130627050995827,0.6742549538612366,0.6751645803451538,0.6792698502540588,0.6838609576225281,0.6985580325126648,0.7474179267883301,0.7525893449783325,0.7613165378570557,0.7613165378570557
10360,-0.7115922570228577,3.565999746322632,3.502347469329834,0.8642163532120841,0.7115922570228577,0.6985580325126648,0.03130627050995827,0.6742549538612366,0.6751645803451538,0.6792698502540588,0.6838609576225281,0.6985580325126648,0.7474179267883301,0.7525893449783325,0.7613165378570557,0.7613165378570557
10395,-0.7115922570228577,3.562835693359375,3.4995102882385254,0.8598145161356244,0.7115922570228577,0.6985580325126648,0.03130627050995827,0.6742549538612366,0.6751645803451538,0.6792698502540588,0.6838609576225281,0.6985580325126648,0.7474179267883301,0.7525893449783325,0.7613165378570557,0.7613165378570557
10430,-0.7115922570228577,3.5582592487335205,3.495264768600464,0.8598079851695469,0.7115922570228577,0.6985580325126648,0.03130627050995827,0.6742549538612366,0.6751645803451538,0.6792698502540588,0.6838609576225281,0.6985580325126648,0.7474179267883301,0.7525893449783325,0.7613165378570557,0.7613165378570557
10465,-0.7115922570228577,3.558037519454956,3.4955649375915527,0.8572988084384373,0.7115922570228577,0.6985580325126648,0.03130627050995827,0.6742549538612366,0.6751645803451538,0.6792698502540588,0.6838609576225281,0.6985580325126648,0.7474179267883301,0.7525893449783325,0.7613165378570557,0.7613165378570557
10500,-0.7115922570228577,3.562398672103882,3.5003654956817627,0.8553869639124189,0.7115922570228577,0.6985580325126648,0.03130627050995827,0.6742549538612366,0.6751645803451538,0.6792698502540588,0.6838609576225281,0.6985580325126648,0.7474179267883301,0.7525893449783325,0.7613165378570557,0.7613165378570557
10535,-0.7115922570228577,3.559091806411743,3.497512102127075,0.8521312304905483,0.7115922570228577,0.6985580325126648,0.03130627050995827,0.6742549538612366,0.6751645803451538,0.6792698502540588,0.6838609576225281,0.6985580325126648,0.7474179267883301,0.7525893449783325,0.7613165378570557,0.7613165378570557
10570,-0.7115922570228577,3.561645269393921,3.5002849102020264,0.8533206071172442,0.7115922570228577,0.6985580325126648,0.03130627050995827,0.6742549538612366,0.6751645803451538,0.6792698502540588,0.6838609576225281,0.6985580325126648,0.7474179267883301,0.7525893449783325,0.7613165378570557,0.7613165378570557
10605,-0.7115922570228577,3.5545847415924072,3.4935855865478516,0.8512071796825954,0.7115922570228577,0.6985580325126648,0.03130627050995827,0.6742549538612366,0.6751645803451538,0.6792698502540588,0.6838609576225281,0.6985580325126648,0.7474179267883301,0.7525893449783325,0.7613165378570557,0.7613165378570557
10640,-0.7115922570228577,3.5530331134796143,3.49239182472229,0.847167364188603,0.7115922570228577,0.6985580325126648,0.03130627050995827,0.6742549538612366,0.6751645803451538,0.6792698502540588,0.6838609576225281,0.6985580325126648,0.7474179267883301,0.7525893449783325,0.7613165378570557,0.7613165378570557
10675,-0.7115922570228577,3.551865339279175,3.491325855255127,0.8459923948560443,0.7115922570228577,0.6985580325126648,0.03130627050995827,0.6742549538612366,0.6751645803451538,0.6792698502540588,0.6838609576225281,0.6985580325126648,0.7474179267883301,0.7525893449783325,0.7613165378570557,0.7613165378570557
10710,-0.7115922570228577,3.5486948490142822,3.4885246753692627,0.8422351990427289,0.7115922570228577,0.6985580325126648,0.03130627050995827,0.6742549538612366,0.6751645803451538,0.6792698502540588,0.6838609576225281,0.6985580325126648,0.7474179267883301,0.7525893449783325,0.7613165378570557,0.7613165378570557
10745,-0.7115922570228577,3.543748378753662,3.4841437339782715,0.8361062833241054,0.7115922570228577,0.6985580325126648,0.03130627050995827,0.6742549538612366,0.6751645803451538,0.6792698502540588,0.6838609576225281,0.6985580325126648,0.7474179267883301,0.7525893449783325,0.7613165378570557,0.7613165378570557
10780,-0.7115922570228577,3.5436060428619385,3.484363555908203,0.8313687528882708,0.7115922570228577,0.6985580325126648,0.03130627050995827,0.6742549538612366,0.6751645803451538,0.6792698502540588,0.6838609576225281,0.6985580325126648,0.7474179267883301,0.7525893449783325,0.7613165378570557,0.7613165378570557
10815,-0.7115922570228577,3.5386571884155273,3.4796454906463623,0.8282804063388279,0.7115922570228577,0.6985580325126648,0.03130627050995827,0.6742549538612366,0.6751645803451538,0.6792698502540588,0.6838609576225281,0.6985580325126648,0.7474179267883301,0.7525893449783325,0.7613165378570557,0.7613165378570557
10850,-0.7115922570228577,3.5412845611572266,3.482652187347412,0.8259801353727069,0.7115922570228577,0.6985580325126648,0.03130627050995827,0.6742549538612366,0.6751645803451538,0.6792698502540588,0.6838609576225281,0.6985580325126648,0.7474179267883301,0.7525893449783325,0.7613165378570557,0.7613165378570557
10885,-0.7115922570228577,3.5382819175720215,3.4798381328582764,0.8207899076598031,0.7115922570228577,0.6985580325126648,0.03130627050995827,0.6742549538612366,0.6751645803451538,0.6792698502540588,0.6838609576225281,0.6985580325126648,0.7474179267883301,0.7525893449783325,0.7613165378570557,0.7613165378570557
10920,-0.7115922570228577,3.5354862213134766,3.4774460792541504,0.8185840674809047,0.7115922570228577,0.6985580325126648,0.03130627050995827,0.6742549538612366,0.6751645803451538,0.6792698502540588,0.6838609576225281,0.6985580325126648,0.7474179267883301,0.7525893449783325,0.7613165378570557,0.7613165378570557
10955,-0.7115922570228577,3.528545379638672,3.470431327819824,0.8174409355436053,0.7115922570228577,0.6985580325126648,0.03130627050995827,0.6742549538612366,0.6751645803451538,0.6792698502540588,0.6838609576225281,0.6985580325126648,0.7474179267883301,0.7525893449783325,0.7613165378570557,0.7613165378570557
10990,-0.7115922570228577,3.5299665927886963,3.472121477127075,0.8155367118971688,0.7115922570228577,0.6985580325126648,0.03130627050995827,0.6742549538612366,0.6751645803451538,0.6792698502540588,0.6838609576225281,0.6985580325126648,0.7474179267883301,0.7525893449783325,0.7613165378570557,0.7613165378570557
11025,-0.7115922570228577,3.532532215118408,3.47481107711792,0.8117457713399615,0.7115922570228577,0.6985580325126648,0.03130627050995827,0.6742549538612366,0.6751645803451538,0.6792698502540588,0.6838609576225281,0.6985580325126648,0.7474179267883301,0.7525893449783325,0.7613165378570557,0.7613165378570557
11060,-0.7115922570228577,3.5327186584472656,3.475745439529419,0.8061802557536534,0.7115922570228577,0.6985580325126648,0.03130627050995827,0.6742549538612366,0.6751645803451538,0.6792698502540588,0.6838609576225281,0.6985580325126648,0.7474179267883301,0.7525893449783325,0.7613165378570557,0.7613165378570557
11095,-0.7115922570228577,3.5316383838653564,3.475261926651001,0.8002903802054269,0.7115922570228577,0.6985580325126648,0.03130627050995827,0.6742549538612366,0.6751645803451538,0.6792698502540588,0.6838609576225281,0.6985580325126648,0.7474179267883301,0.7525893449783325,0.7613165378570557,0.7613165378570557
11130,-0.7115922570228577,3.5280699729919434,3.4720284938812256,0.7956593377249581,0.7115922570228577,0.6985580325126648,0.03130627050995827,0.6742549538612366,0.6751645803451538,0.6792698502540588,0.6838609576225281,0.6985580325126648,0.7474179267883301,0.7525893449783325,0.7613165378570557,0.7613165378570557
11165,-0.7115922570228577,3.5268545150756836,3.4712073802948,0.789329469203949,0.7115922570228577,0.6985580325126648,0.03130627050995827,0.6742549538612366,0.6751645803451538,0.6792698502540588,0.6838609576225281,0.6985580325126648,0.7474179267883301,0.7525893449783325,0.7613165378570557,0.7613165378570557
11200,-0.7115922570228577,3.5210084915161133,3.465684175491333,0.7849703856876918,0.7115922570228577,0.6985580325126648,0.03130627050995827,0.6742549538612366,0.6751645803451538,0.6792698502540588,0.6838609576225281,0.6985580325126648,0.7474179267883301,0.7525893449783325,0.7613165378570557,0.7613165378570557
11235,-0.7115922570228577,3.5187807083129883,3.4636573791503906,0.78256584916796,0.7115922570228577,0.6985580325126648,0.03130627050995827,0.6742549538612366,0.6751645803451538,0.6792698502540588,0.6838609576225281,0.6985580325126648,0.7474179267883301,0.7525893449783325,0.7613165378570557,0.7613165378570557
11270,-0.7115922570228577,3.5200133323669434,3.4652202129364014,0.7771381991250175,0.7115922570228577,0.6985580325126648,0.03130627050995827,0.6742549538612366,0.6751645803451538,0.6792698502540588,0.6838609576225281,0.6985580325126648,0.7474179267883301,0.7525893449783325,0.7613165378570557,0.7613165378570557
11305,-0.7115922570228577,3.518099784851074,3.463541269302368,0.777787344796317,0.7115922570228577,0.6985580325126648,0.03130627050995827,0.6742549538612366,0.6751645803451538,0.6792698502540588,0.6838609576225281,0.6985580325126648,0.7474179267883301,0.7525893449783325,0.7613165378570557,0.7613165378570557
11340,-0.7115922570228577,3.5195045471191406,3.465040683746338,0.7763887899262565,0.7115922570228577,0.6985580325126648,0.03130627050995827,0.6742549538612366,0.6751645803451538,0.6792698502540588,0.6838609576225281,0.6985580325126648,0.7474179267883301,0.7525893449783325,0.7613165378570557,0.7613165378570557
11375,-0.7115922570228577,3.513956069946289,3.4596002101898193,0.7744890962328229,0.7115922570228577,0.6985580325126648,0.03130627050995827,0.6742549538612366,0.6751645803451538,0.6792698502540588,0.6838609576225281,0.6985580325126648,0.7474179267883301,0.7525893449783325,0.7613165378570557,0.7613165378570557
11410,-0.7115922570228577,3.5096592903137207,3.455329656600952,0.770432710647583,0.7115922570228577,0.6985580325126648,0.03130627050995827,0.6742549538612366,0.6751645803451538,0.6792698502540588,0.6838609576225281,0.6985580325126648,0.7474179267883301,0.7525893449783325,0.7613165378570557,0.7613165378570557
11445,-0.7115922570228577,3.5087852478027344,3.4545531272888184,0.7690858500344413,0.7115922570228577,0.6985580325126648,0.03130627050995827,0.6742549538612366,0.6751645803451538,0.6792698502540588,0.6838609576225281,0.6985580325126648,0.7474179267883301,0.7525893449783325,0.7613165378570557,0.7613165378570557
11480,-0.7115922570228577,3.5051023960113525,3.4510672092437744,0.7666394369942802,0.7115922570228577,0.6985580325126648,0.03130627050995827,0.6742549538612366,0.6751645803451538,0.6792698502540588,0.6838609576225281,0.6985580325126648,0.7474179267883301,0.7525893449783325,0.7613165378570557,0.7613165378570557
11515,-0.7115922570228577,3.5053725242614746,3.4514803886413574,0.7640983036586216,0.7115922570228577,0.6985580325126648,0.03130627050995827,0.6742549538612366,0.6751645803451538,0.6792698502540588,0.6838609576225281,0.6985580325126648,0.7474179267883301,0.7525893449783325,0.7613165378570557,0.7613165378570557
11550,-0.7115922570228577,3.50722336769104,3.4540188312530518,0.7616357803344727,0.7115922570228577,0.6985580325126648,0.03130627050995827,0.6742549538612366,0.6751645803451538,0.6792698502540588,0.6838609576225281,0.6985580325126648,0.7474179267883301,0.7525893449783325,0.7613165378570557,0.7613165378570557
11585,-0.7115922570228577,3.5048153400421143,3.4522581100463867,0.7577814034053257,0.7115922570228577,0.6985580325126648,0.03130627050995827,0.6742549538612366,0.6751645803451538,0.6792698502540588,0.6838609576225281,0.6985580325126648,0.7474179267883301,0.7525893449783325,0.7613165378570557,0.7613165378570557
11620,-0.7115922570228577,3.4997763633728027,3.4477813243865967,0.7551509397370475,0.7115922570228577,0.6985580325126648,0.03130627050995827,0.6742549538612366,0.6751645803451538,0.6792698502540588,0.6838609576225281,0.6985580325126648,0.7474179267883301,0.7525893449783325,0.7613165378570557,0.7613165378570557
11655,-0.7115922570228577,3.4995880126953125,3.4479222297668457,0.7519889048167637,0.7115922570228577,0.6985580325126648,0.03130627050995827,0.6742549538612366,0.6751645803451538,0.6792698502540588,0.6838609576225281,0.6985580325126648,0.7474179267883301,0.7525893449783325,0.7613165378570557,0.7613165378570557
11690,-0.7115922570228577,3.5009617805480957,3.449598550796509,0.7481771877833775,0.7115922570228577,0.6985580325126648,0.03130627050995827,0.6742549538612366,0.6751645803451538,0.6792698502540588,0.6838609576225281,0.6985580325126648,0.7474179267883301,0.7525893449783325,0.7613165378570557,0.7613165378570557
11725,-0.7115922570228577,3.503274917602539,3.4522314071655273,0.7450738038335528,0.7115922570228577,0.6985580325126648,0.03130627050995827,0.6742549538612366,0.6751645803451538,0.6792698502540588,0.6838609576225281,0.6985580325126648,0.7474179267883301,0.7525893449783325,0.7613165378570557,0.7613165378570557
11760,-0.7115922570228577,3.4999637603759766,3.4491984844207764,0.7426942331450326,0.7115922570228577,0.6985580325126648,0.03130627050995827,0.6742549538612366,0.6751645803451538,0.6792698502540588,0.6838609576225281,0.6985580325126648,0.7474179267883301,0.7525893449783325,0.7613165378570557,0.7613165378570557
11795,-0.7115922570228577,3.4969704151153564,3.4464316368103027,0.740016485963549,0.7115922570228577,0.6985580325126648,0.03130627050995827,0.6742549538612366,0.6751645803451538,0.6792698502540588,0.6838609576225281,0.6985580325126648,0.7474179267883301,0.7525893449783325,0.7613165378570557,0.7613165378570557
11830,-0.7115922570228577,3.4953880310058594,3.4450314044952393,0.7369642427989415,0.7115922570228577,0.6985580325126648,0.03130627050995827,0.6742549538612366,0.6751645803451538,0.6792698502540588,0.6838609576225281,0.6985580325126648,0.7474179267883301,0.7525893449783325,0.7613165378570557,0.7613165378570557
11865,-0.7115922570228577,3.5004611015319824,3.4503278732299805,0.7364734155791146,0.7115922570228577,0.6985580325126648,0.03130627050995827,0.6742549538612366,0.6751645803451538,0.6792698502540588,0.6838609576225281,0.6985580325126648,0.7474179267883301,0.7525893449783325,0.7613165378570557,0.7613165378570557
11900,-0.7115922570228577,3.497241973876953,3.447270393371582,0.734080263546535,0.7115922570228577,0.6985580325126648,0.03130627050995827,0.6742549538612366,0.6751645803451538,0.6792698502540588,0.6838609576225281,0.6985580325126648,0.7474179267883301,0.7525893449783325,0.7613165378570557,0.7613165378570557
11935,-0.7115922570228577,3.494062662124634,3.4443047046661377,0.7320564814976284,0.7115922570228577,0.6985580325126648,0.03130627050995827,0.6742549538612366,0.6751645803451538,0.6792698502540588,0.6838609576225281,0.6985580325126648,0.7474179267883301,0.7525893449783325,0.7613165378570557,0.7613165378570557
11970,-0.7115922570228577,3.4929351806640625,3.443484306335449,0.7327153938157218,0.7115922570228577,0.6985580325126648,0.03130627050995827,0.6742549538612366,0.6751645803451538,0.6792698502540588,0.6838609576225281,0.6985580325126648,0.7474179267883301,0.7525893449783325,0.7613165378570557,0.7613165378570557
12005,-0.7115922570228577,3.492494821548462,3.443267822265625,0.7301891957010541,0.7115922570228577,0.6985580325126648,0.03130627050995827,0.6742549538612366,0.6751645803451538,0.6792698502540588,0.6838609576225281,0.6985580325126648,0.7474179267883301,0.7525893449783325,0.7613165378570557,0.7613165378570557
12040,-0.7115922570228577,3.4889607429504395,3.4400126934051514,0.7282917244093758,0.7115922570228577,0.6985580325126648,0.03130627050995827,0.6742549538612366,0.6751645803451538,0.6792698502540588,0.6838609576225281,0.6985580325126648,0.7474179267883301,0.7525893449783325,0.7613165378570557,0.7613165378570557
12075,-0.7115922570228577,3.49090838432312,3.4422645568847656,0.72504551921572,0.7115922570228577,0.6985580325126648,0.03130627050995827,0.6742549538612366,0.6751645803451538,0.6792698502540588,0.6838609576225281,0.6985580325126648,0.7474179267883301,0.7525893449783325,0.7613165378570557,0.7613165378570557
12110,-0.7115922570228577,3.4902846813201904,3.4418528079986572,0.7232355305126735,0.7115922570228577,0.6985580325126648,0.03130627050995827,0.6742549538612366,0.6751645803451538,0.6792698502540588,0.6838609576225281,0.6985580325126648,0.7474179267883301,0.7525893449783325,0.7613165378570557,0.7613165378570557
12145,-0.7115922570228577,3.4869251251220703,3.438722848892212,0.7192790082522801,0.7115922570228577,0.6985580325126648,0.03130627050995827,0.6742549538612366,0.6751645803451538,0.6792698502540588,0.6838609576225281,0.6985580325126648,0.7474179267883301,0.7525893449783325,0.7613165378570557,0.7613165378570557
12180,-0.7115922570228577,3.483327627182007,3.4353926181793213,0.7148669532367161,0.7115922570228577,0.6985580325126648,0.03130627050995827,0.6742549538612366,0.6751645803451538,0.6792698502540588,0.6838609576225281,0.6985580325126648,0.7474179267883301,0.7525893449783325,0.7613165378570557,0.7613165378570557
12215,-0.7115922570228577,3.4851279258728027,3.4373867511749268,0.7142301031521389,0.7115922570228577,0.6985580325126648,0.03130627050995827,0.6742549538612366,0.6751645803451538,0.6792698502540588,0.6838609576225281,0.6985580325126648,0.7474179267883301,0.7525893449783325,0.7613165378570557,0.7613165378570557
12250,-0.7115922570228577,3.482954263687134,3.4354779720306396,0.708389333316258,0.7115922570228577,0.6985580325126648,0.03130627050995827,0.6742549538612366,0.6751645803451538,0.6792698502540588,0.6838609576225281,0.6985580325126648,0.7474179267883301,0.7525893449783325,0.7613165378570557,0.7613165378570557
12285,-0.7115922570228577,3.4838101863861084,3.4365110397338867,0.7027454972267151,0.7115922570228577,0.6985580325126648,0.03130627050995827,0.6742549538612366,0.6751645803451538,0.6792698502540588,0.6838609576225281,0.6985580325126648,0.7474179267883301,0.7525893449783325,0.7613165378570557,0.7613165378570557
12320,-0.7115922570228577,3.4849348068237305,3.437899351119995,0.7010039005960736,0.7115922570228577,0.6985580325126648,0.03130627050995827,0.6742549538612366,0.6751645803451538,0.6792698502540588,0.6838609576225281,0.6985580325126648,0.7474179267883301,0.7525893449783325,0.7613165378570557,0.7613165378570557
12355,-0.7115922570228577,3.4811606407165527,3.4343976974487305,0.6977900436946324,0.7115922570228577,0.6985580325126648,0.03130627050995827,0.6742549538612366,0.6751645803451538,0.6792698502540588,0.6838609576225281,0.6985580325126648,0.7474179267883301,0.7525893449783325,0.7613165378570557,0.7613165378570557
12390,-0.7115922570228577,3.483806848526001,3.4372363090515137,0.6968588829040527,0.7115922570228577,0.6985580325126648,0.03130627050995827,0.6742549538612366,0.6751645803451538,0.6792698502540588,0.6838609576225281,0.6985580325126648,0.7474179267883301,0.7525893449783325,0.7613165378570557,0.7613165378570557
12425,-0.7115922570228577,3.4835398197174072,3.4371466636657715,0.6947518076215472,0.7115922570228577,0.6985580325126648,0.03130627050995827,0.6742549538612366,0.6751645803451538,0.6792698502540588,0.6838609576225281,0.6985580325126648,0.7474179267883301,0.7525893449783325,0.7613165378570557,0.7613165378570557
12460,-0.7115922570228577,3.4844560623168945,3.4382150173187256,0.6912419199943542,0.7115922570228577,0.6985580325126648,0.03130627050995827,0.6742549538612366,0.6751645803451538,0.6792698502540588,0.6838609576225281,0.6985580325126648,0.7474179267883301,0.7525893449783325,0.7613165378570557,0.7613165378570557
12495,-0.7115922570228577,3.4835522174835205,3.437525510787964,0.6907263398170471,0.7115922570228577,0.6985580325126648,0.03130627050995827,0.6742549538612366,0.6751645803451538,0.6792698502540588,0.6838609576225281,0.6985580325126648,0.7474179267883301,0.7525893449783325,0.7613165378570557,0.7613165378570557
12530,-0.7115922570228577,3.481405019760132,3.4356565475463867,0.6896656836782183,0.7115922570228577,0.6985580325126648,0.03130627050995827,0.6742549538612366,0.6751645803451538,0.6792698502540588,0.6838609576225281,0.6985580325126648,0.7474179267883301,0.7525893449783325,0.7613165378570557,0.7613165378570557
12565,-0.7115922570228577,3.4803075790405273,3.4347281455993652,0.6895120910235814,0.7115922570228577,0.6985580325126648,0.03130627050995827,0.6742549538612366,0.6751645803451538,0.6792698502540588,0.6838609576225281,0.6985580325126648,0.7474179267883301,0.7525893449783325,0.7613165378570557,0.7613165378570557
12600,-0.7115922570228577,3.477835178375244,3.4325132369995117,0.688880809715816,0.7115922570228577,0.6985580325126648,0.03130627050995827,0.6742549538612366,0.6751645803451538,0.6792698502540588,0.6838609576225281,0.6985580325126648,0.7474179267883301,0.7525893449783325,0.7613165378570557,0.7613165378570557
12635,-0.7115922570228577,3.477621555328369,3.432626724243164,0.6856793335505894,0.7115922570228577,0.6985580325126648,0.03130627050995827,0.6742549538612366,0.6751645803451538,0.6792698502540588,0.6838609576225281,0.6985580325126648,0.7474179267883301,0.7525893449783325,0.7613165378570557,0.7613165378570557
12670,-0.7115922570228577,3.4749913215637207,3.4301512241363525,0.6838581306593758,0.7115922570228577,0.6985580325126648,0.03130627050995827,0.6742549538612366,0.6751645803451538,0.6792698502540588,0.6838609576225281,0.6985580325126648,0.7474179267883301,0.7525893449783325,0.7613165378570557,0.7613165378570557
12705,-0.7115922570228577,3.4759035110473633,3.431349992752075,0.6793928572109768,0.7115922570228577,0.6985580325126648,0.03130627050995827,0.6742549538612366,0.6751645803451538,0.6792698502540588,0.6838609576225281,0.6985580325126648,0.7474179267883301,0.7525893449783325,0.7613165378570557,0.7613165378570557
12740,-0.7115922570228577,3.474379062652588,3.429978847503662,0.6763866799218314,0.7115922570228577,0.6985580325126648,0.03130627050995827,0.6742549538612366,0.6751645803451538,0.6792698502540588,0.6838609576225281,0.6985580325126648,0.7474179267883301,0.7525893449783325,0.7613165378570557,0.7613165378570557
12775,-0.7115922570228577,3.471247673034668,3.4270172119140625,0.6768247059413365,0.7115922570228577,0.6985580325126648,0.03130627050995827,0.6742549538612366,0.6751645803451538,0.6792698502540588,0.6838609576225281,0.6985580325126648,0.7474179267883301,0.7525893449783325,0.7613165378570557,0.7613165378570557
12810,-0.7115922570228577,3.4689011573791504,3.424950361251831,0.6730969377926418,0.7115922570228577,0.6985580325126648,0.03130627050995827,0.6742549538612366,0.6751645803451538,0.6792698502540588,0.6838609576225281,0.6985580325126648,0.7474179267883301,0.7525893449783325,0.7613165378570557,0.7613165378570557
12845,-0.7115922570228577,3.4640181064605713,3.4202277660369873,0.6691842164312091,0.7115922570228577,0.6985580325126648,0.03130627050995827,0.6742549538612366,0.6751645803451538,0.6792698502540588,0.6838609576225281,0.6985580325126648,0.7474179267883301,0.7525893449783325,0.7613165378570557,0.7613165378570557
12880,-0.7115922570228577,3.460977792739868,3.41737961769104,0.6687592182840619,0.7115922570228577,0.6985580325126648,0.03130627050995827,0.6742549538612366,0.6751645803451538,0.6792698502540588,0.6838609576225281,0.6985580325126648,0.7474179267883301,0.7525893449783325,0.7613165378570557,0.7613165378570557
12915,-0.7115922570228577,3.4610726833343506,3.4176840782165527,0.6654649291719709,0.7115922570228577,0.6985580325126648,0.03130627050995827,0.6742549538612366,0.6751645803451538,0.6792698502540588,0.6838609576225281,0.6985580325126648,0.7474179267883301,0.7525893449783325,0.7613165378570557,0.7613165378570557
12950,-0.7115922570228577,3.460327625274658,3.417091131210327,0.6661014812333244,0.7115922570228577,0.6985580325126648,0.03130627050995827,0.6742549538612366,0.6751645803451538,0.6792698502540588,0.6838609576225281,0.6985580325126648,0.7474179267883301,0.7525893449783325,0.7613165378570557,0.7613165378570557
12985,-0.7115922570228577,3.461660861968994,3.4185798168182373,0.6657130633081708,0.7115922570228577,0.6985580325126648,0.03130627050995827,0.6742549538612366,0.6751645803451538,0.6792698502540588,0.6838609576225281,0.6985580325126648,0.7474179267883301,0.7525893449783325,0.7613165378570557,0.7613165378570557
13020,-0.7115922570228577,3.4587326049804688,3.415895462036133,0.6641850216048104,0.7115922570228577,0.6985580325126648,0.03130627050995827,0.6742549538612366,0.6751645803451538,0.6792698502540588,0.6838609576225281,0.6985580325126648,0.7474179267883301,0.7525893449783325,0.7613165378570557,0.7613165378570557
13055,-0.7115922570228577,3.4577102661132812,3.4149749279022217,0.6611503277506147,0.7115922570228577,0.6985580325126648,0.03130627050995827,0.6742549538612366,0.6751645803451538,0.6792698502540588,0.6838609576225281,0.6985580325126648,0.7474179267883301,0.7525893449783325,0.7613165378570557,0.7613165378570557
13090,-0.7115922570228577,3.4564754962921143,3.4140124320983887,0.6586324828011649,0.7115922570228577,0.6985580325126648,0.03130627050995827,0.6742549538612366,0.6751645803451538,0.6792698502540588,0.6838609576225281,0.6985580325126648,0.7474179267883301,0.7525893449783325,0.7613165378570557,0.7613165378570557
13125,-0.7115922570228577,3.460019111633301,3.4178435802459717,0.6564584629876273,0.7115922570228577,0.6985580325126648,0.03130627050995827,0.6742549538612366,0.6751645803451538,0.6792698502540588,0.6838609576225281,0.6985580325126648,0.7474179267883301,0.7525893449783325,0.7613165378570557,0.7613165378570557
13160,-0.7115922570228577,3.4600813388824463,3.4181294441223145,0.6527078066553388,0.7115922570228577,0.6985580325126648,0.03130627050995827,0.6742549538612366,0.6751645803451538,0.6792698502540588,0.6838609576225281,0.6985580325126648,0.7474179267883301,0.7525893449783325,0.7613165378570557,0.7613165378570557
13195,-0.7115922570228577,3.452951431274414,3.411123514175415,0.6513928260122027,0.7115922570228577,0.6985580325126648,0.03130627050995827,0.6742549538612366,0.6751645803451538,0.6792698502540588,0.6838609576225281,0.6985580325126648,0.7474179267883301,0.7525893449783325,0.7613165378570557,0.7613165378570557
13230,-0.7115922570228577,3.4504566192626953,3.4087750911712646,0.6496057254927499,0.7115922570228577,0.6985580325126648,0.03130627050995827,0.6742549538612366,0.6751645803451538,0.6792698502540588,0.6838609576225281,0.6985580325126648,0.7474179267883301,0.7525893449783325,0.7613165378570557,0.7613165378570557
13265,-0.7115922570228577,3.4483420848846436,3.406846523284912,0.6468582834516253,0.7115922570228577,0.6985580325126648,0.03130627050995827,0.6742549538612366,0.6751645803451538,0.6792698502540588,0.6838609576225281,0.6985580325126648,0.7474179267883301,0.7525893449783325,0.7613165378570557,0.7613165378570557
13300,-0.7115922570228577,3.442399501800537,3.4010825157165527,0.6453095844813755,0.7115922570228577,0.6985580325126648,0.03130627050995827,0.6742549538612366,0.6751645803451538,0.6792698502540588,0.6838609576225281,0.6985580325126648,0.7474179267883301,0.7525893449783325,0.7613165378570557,0.7613165378570557
13335,-0.7115922570228577,3.441654920578003,3.4005250930786133,0.6438577600887844,0.7115922570228577,0.6985580325126648,0.03130627050995827,0.6742549538612366,0.6751645803451538,0.6792698502540588,0.6838609576225281,0.6985580325126648,0.7474179267883301,0.7525893449783325,0.7613165378570557,0.7613165378570557
13370,-0.7115922570228577,3.442938804626465,3.4020628929138184,0.6404007204941341,0.7115922570228577,0.6985580325126648,0.03130627050995827,0.6742549538612366,0.6751645803451538,0.6792698502540588,0.6838609576225281,0.6985580325126648,0.7474179267883301,0.7525893449783325,0.7613165378570557,0.7613165378570557
13405,-0.7115922570228577,3.4469404220581055,3.406252861022949,0.6389065725462777,0.7115922570228577,0.6985580325126648,0.03130627050995827,0.6742549538612366,0.6751645803451538,0.6792698502540588,0.6838609576225281,0.6985580325126648,0.7474179267883301,0.7525893449783325,0.7613165378570557,0.7613165378570557
13440,-0.7115922570228577,3.4425787925720215,3.4020426273345947,0.6337770691939763,0.7115922570228577,0.6985580325126648,0.03130627050995827,0.6742549538612366,0.6751645803451538,0.6792698502540588,0.6838609576225281,0.6985580325126648,0.7474179267883301,0.7525893449783325,0.7613165378570557,0.7613165378570557
13475,-0.7115922570228577,3.44602108001709,3.4056832790374756,0.631110497883388,0.7115922570228577,0.6985580325126648,0.03130627050995827,0.6742549538612366,0.6751645803451538,0.6792698502540588,0.6838609576225281,0.6985580325126648,0.7474179267883301,0.7525893449783325,0.7613165378570557,0.7613165378570557
13510,-0.7115922570228577,3.442085027694702,3.4019126892089844,0.6290763573987144,0.7115922570228577,0.6985580325126648,0.03130627050995827,0.6742549538612366,0.6751645803451538,0.6792698502540588,0.6838609576225281,0.6985580325126648,0.7474179267883301,0.7525893449783325,0.7613165378570557,0.7613165378570557
13545,-0.7115922570228577,3.4409186840057373,3.400921106338501,0.6238826641014644,0.7115922570228577,0.6985580325126648,0.03130627050995827,0.6742549538612366,0.6751645803451538,0.6792698502540588,0.6838609576225281,0.6985580325126648,0.7474179267883301,0.7525893449783325,0.7613165378570557,0.7613165378570557
13580,-0.7115922570228577,3.4386491775512695,3.3987624645233154,0.621924353497369,0.7115922570228577,0.6985580325126648,0.03130627050995827,0.6742549538612366,0.6751645803451538,0.6792698502540588,0.6838609576225281,0.6985580325126648,0.7474179267883301,0.7525893449783325,0.7613165378570557,0.7613165378570557
13615,-0.7115922570228577,3.4399585723876953,3.400310516357422,0.6182778179645538,0.7115922570228577,0.6985580325126648,0.03130627050995827,0.6742549538612366,0.6751645803451538,0.6792698502540588,0.6838609576225281,0.6985580325126648,0.7474179267883301,0.7525893449783325,0.7613165378570557,0.7613165378570557
13650,-0.7115922570228577,3.44233775138855,3.402822732925415,0.6173324627535683,0.7115922570228577,0.6985580325126648,0.03130627050995827,0.6742549538612366,0.6751645803451538,0.6792698502540588,0.6838609576225281,0.6985580325126648,0.7474179267883301,0.7525893449783325,0.7613165378570557,0.7613165378570557
13685,-0.7115922570228577,3.442897319793701,3.4036197662353516,0.6169897530760083,0.7115922570228577,0.6985580325126648,0.03130627050995827,0.6742549538612366,0.6751645803451538,0.6792698502540588,0.6838609576225281,0.6985580325126648,0.7474179267883301,0.7525893449783325,0.7613165378570557,0.7613165378570557
13720,-0.7115922570228577,3.4410037994384766,3.401963710784912,0.615093218428748,0.7115922570228577,0.6985580325126648,0.03130627050995827,0.6742549538612366,0.6751645803451538,0.6792698502540588,0.6838609576225281,0.6985580325126648,0.7474179267883301,0.7525893449783325,0.7613165378570557,0.7613165378570557
13755,-0.7115922570228577,3.4396369457244873,3.4007489681243896,0.612665227481297,0.7115922570228577,0.6985580325126648,0.03130627050995827,0.6742549538612366,0.6751645803451538,0.6792698502540588,0.6838609576225281,0.6985580325126648,0.7474179267883301,0.7525893449783325,0.7613165378570557,0.7613165378570557
13790,-0.7115922570228577,3.4398581981658936,3.4010813236236572,0.6109817922115326,0.7115922570228577,0.6985580325126648,0.03130627050995827,0.6742549538612366,0.6751645803451538,0.6792698502540588,0.6838609576225281,0.6985580325126648,0.7474179267883301,0.7525893449783325,0.7613165378570557,0.7613165378570557
13825,-0.7115922570228577,3.436825752258301,3.398219585418701,0.6061270662716457,0.7115922570228577,0.6985580325126648,0.03130627050995827,0.6742549538612366,0.6751645803451538,0.6792698502540588,0.6838609576225281,0.6985580325126648,0.7474179267883301,0.7525893449783325,0.7613165378570557,0.7613165378570557
13860,-0.7115922570228577,3.4335803985595703,3.395110845565796,0.6050855645111629,0.7115922570228577,0.6985580325126648,0.03130627050995827,0.6742549538612366,0.6751645803451538,0.6792698502540588,0.6838609576225281,0.6985580325126648,0.7474179267883301,0.7525893449783325,0.7613165378570557,0.7613165378570557
13895,-0.7115922570228577,3.4317502975463867,3.393415927886963,0.6027785539627075,0.7115922570228577,0.6985580325126648,0.03130627050995827,0.6742549538612366,0.6751645803451538,0.6792698502540588,0.6838609576225281,0.6985580325126648,0.7474179267883301,0.7525893449783325,0.7613165378570557,0.7613165378570557
13930,-0.7115922570228577,3.433854341506958,3.3956832885742188,0.6004271422113691,0.7115922570228577,0.6985580325126648,0.03130627050995827,0.6742549538612366,0.6751645803451538,0.6792698502540588,0.6838609576225281,0.6985580325126648,0.7474179267883301,0.7525893449783325,0.7613165378570557,0.7613165378570557
13965,-0.7115922570228577,3.4316344261169434,3.393632173538208,0.5997841358184814,0.7115922570228577,0.6985580325126648,0.03130627050995827,0.6742549538612366,0.6751645803451538,0.6792698502540588,0.6838609576225281,0.6985580325126648,0.7474179267883301,0.7525893449783325,0.7613165378570557,0.7613165378570557
14000,-0.7115922570228577,3.4313881397247314,3.393564462661743,0.5966865122318268,0.7115922570228577,0.6985580325126648,0.03130627050995827,0.6742549538612366,0.6751645803451538,0.6792698502540588,0.6838609576225281,0.6985580325126648,0.7474179267883301,0.7525893449783325,0.7613165378570557,0.7613165378570557
14035,-0.7115922570228577,3.4318740367889404,3.394209861755371,0.5927680560520717,0.7115922570228577,0.6985580325126648,0.03130627050995827,0.6742549538612366,0.6751645803451538,0.6792698502540588,0.6838609576225281,0.6985580325126648,0.7474179267883301,0.7525893449783325,0.7613165378570557,0.7613165378570557
14070,-0.7115922570228577,3.426905393600464,3.389371395111084,0.5893554857798985,0.7115922570228577,0.6985580325126648,0.03130627050995827,0.6742549538612366,0.6751645803451538,0.6792698502540588,0.6838609576225281,0.6985580325126648,0.7474179267883301,0.7525893449783325,0.7613165378570557,0.7613165378570557
14105,-0.7115922570228577,3.4241628646850586,3.3867921829223633,0.5848027765750885,0.7115922570228577,0.6985580325126648,0.03130627050995827,0.6742549538612366,0.6751645803451538,0.6792698502540588,0.6838609576225281,0.6985580325126648,0.7474179267883301,0.7525893449783325,0.7613165378570557,0.7613165378570557
14140,-0.7115922570228577,3.4252734184265137,3.3880391120910645,0.5805559115750449,0.7115922570228577,0.6985580325126648,0.03130627050995827,0.6742549538612366,0.6751645803451538,0.6792698502540588,0.6838609576225281,0.6985580325126648,0.7474179267883301,0.7525893449783325,0.7613165378570557,0.7613165378570557
14175,-0.7115922570228577,3.421870231628418,3.3848013877868652,0.5771030102457319,0.7115922570228577,0.6985580325126648,0.03130627050995827,0.6742549538612366,0.6751645803451538,0.6792698502540588,0.6838609576225281,0.6985580325126648,0.7474179267883301,0.7525893449783325,0.7613165378570557,0.7613165378570557
14210,-0.7115922570228577,3.418520927429199,3.3815925121307373,0.5771432604108538,0.7115922570228577,0.6985580325126648,0.03130627050995827,0.6742549538612366,0.6751645803451538,0.6792698502540588,0.6838609576225281,0.6985580325126648,0.7474179267883301,0.7525893449783325,0.7613165378570557,0.7613165378570557
14245,-0.7115922570228577,3.4225151538848877,3.3857436180114746,0.574721885578973,0.7115922570228577,0.6985580325126648,0.03130627050995827,0.6742549538612366,0.6751645803451538,0.6792698502540588,0.6838609576225281,0.6985580325126648,0.7474179267883301,0.7525893449783325,0.7613165378570557,0.7613165378570557
14280,-0.7115922570228577,3.4212560653686523,3.384632110595703,0.5732135815279824,0.7115922570228577,0.6985580325126648,0.03130627050995827,0.6742549538612366,0.6751645803451538,0.6792698502540588,0.6838609576225281,0.6985580325126648,0.7474179267883301,0.7525893449783325,0.7613165378570557,0.7613165378570557
14315,-0.7115922570228577,3.422297954559326,3.385836601257324,0.5708863990647453,0.7115922570228577,0.6985580325126648,0.03130627050995827,0.6742549538612366,0.6751645803451538,0.6792698502540588,0.6838609576225281,0.6985580325126648,0.7474179267883301,0.7525893449783325,0.7613165378570557,0.7613165378570557
14350,-0.7115922570228577,3.421779155731201,3.385477066040039,0.5704144537448883,0.7115922570228577,0.6985580325126648,0.03130627050995827,0.6742549538612366,0.6751645803451538,0.6792698502540588,0.6838609576225281,0.6985580325126648,0.7474179267883301,0.7525893449783325,0.7613165378570557,0.7613165378570557
14385,-0.7115922570228577,3.4205029010772705,3.384296417236328,0.5671726039477757,0.7115922570228577,0.6985580325126648,0.03130627050995827,0.6742549538612366,0.6751645803451538,0.6792698502540588,0.6838609576225281,0.6985580325126648,0.7474179267883301,0.7525893449783325,0.7613165378570557,0.7613165378570557
14420,-0.7115922570228577,3.4202206134796143,3.3841655254364014,0.5652114578655788,0.7115922570228577,0.6985580325126648,0.03130627050995827,0.6742549538612366,0.6751645803451538,0.6792698502540588,0.6838609576225281,0.6985580325126648,0.7474179267883301,0.7525893449783325,0.7613165378570557,0.7613165378570557
14455,-0.7115922570228577,3.419679880142212,3.383786678314209,0.5619520034108844,0.7115922570228577,0.6985580325126648,0.03130627050995827,0.6742549538612366,0.6751645803451538,0.6792698502540588,0.6838609576225281,0.6985580325126648,0.7474179267883301,0.7525893449783325,0.7613165378570557,0.7613165378570557
14490,-0.7115922570228577,3.4213995933532715,3.385629653930664,0.5587397473199027,0.7115922570228577,0.6985580325126648,0.03130627050995827,0.6742549538612366,0.6751645803451538,0.6792698502540588,0.6838609576225281,0.6985580325126648,0.7474179267883301,0.7525893449783325,0.7613165378570557,0.7613165378570557
14525,-0.7115922570228577,3.4202144145965576,3.384565830230713,0.5579204091003963,0.7115922570228577,0.6985580325126648,0.03130627050995827,0.6742549538612366,0.6751645803451538,0.6792698502540588,0.6838609576225281,0.6985580325126648,0.7474179267883301,0.7525893449783325,0.7613165378570557,0.7613165378570557
14560,-0.7115922570228577,3.418060302734375,3.382530689239502,0.5582334782396045,0.7115922570228577,0.6985580325126648,0.03130627050995827,0.6742549538612366,0.6751645803451538,0.6792698502540588,0.6838609576225281,0.6985580325126648,0.7474179267883301,0.7525893449783325,0.7613165378570557,0.7613165378570557
14595,-0.7115922570228577,3.4158811569213867,3.380483865737915,0.5553981959819794,0.7115922570228577,0.6985580325126648,0.03130627050995827,0.6742549538612366,0.6751645803451538,0.6792698502540588,0.6838609576225281,0.6985580325126648,0.7474179267883301,0.7525893449783325,0.7613165378570557,0.7613165378570557
14630,-0.7115922570228577,3.4112582206726074,3.376030445098877,0.5544098785945347,0.7115922570228577,0.6985580325126648,0.03130627050995827,0.6742549538612366,0.6751645803451538,0.6792698502540588,0.6838609576225281,0.6985580325126648,0.7474179267883301,0.7525893449783325,0.7613165378570557,0.7613165378570557
14665,-0.7115922570228577,3.4085776805877686,3.3734829425811768,0.551551844392504,0.7115922570228577,0.6985580325126648,0.03130627050995827,0.6742549538612366,0.6751645803451538,0.6792698502540588,0.6838609576225281,0.6985580325126648,0.7474179267883301,0.7525893449783325,0.7613165378570557,0.7613165378570557
14700,-0.7115922570228577,3.404635429382324,3.369687080383301,0.5488573568207877,0.7115922570228577,0.6985580325126648,0.03130627050995827,0.6742549538612366,0.6751645803451538,0.6792698502540588,0.6838609576225281,0.6985580325126648,0.7474179267883301,0.7525893449783325,0.7613165378570557,0.7613165378570557
14735,-0.7115922570228577,3.4017996788024902,3.3669943809509277,0.5499274432659149,0.7115922570228577,0.6985580325126648,0.03130627050995827,0.6742549538612366,0.6751645803451538,0.6792698502540588,0.6838609576225281,0.6985580325126648,0.7474179267883301,0.7525893449783325,0.7613165378570557,0.7613165378570557
14770,-0.7115922570228577,3.4021847248077393,3.3674676418304443,0.5507614655154092,0.7115922570228577,0.6985580325126648,0.03130627050995827,0.6742549538612366,0.6751645803451538,0.6792698502540588,0.6838609576225281,0.6985580325126648,0.7474179267883301,0.7525893449783325,0.7613165378570557,0.7613165378570557
14805,-0.7115922570228577,3.403634548187256,3.3690531253814697,0.5497971304825374,0.7115922570228577,0.6985580325126648,0.03130627050995827,0.6742549538612366,0.6751645803451538,0.6792698502540588,0.6838609576225281,0.6985580325126648,0.7474179267883301,0.7525893449783325,0.7613165378570557,0.7613165378570557
14840,-0.7115922570228577,3.405898332595825,3.3714215755462646,0.5488379384790149,0.7115922570228577,0.6985580325126648,0.03130627050995827,0.6742549538612366,0.6751645803451538,0.6792698502540588,0.6838609576225281,0.6985580325126648,0.7474179267883301,0.7525893449783325,0.7613165378570557,0.7613165378570557
14875,-0.7115922570228577,3.405437469482422,3.3710975646972656,0.5475191644259861,0.7115922570228577,0.6985580325126648,0.03130627050995827,0.6742549538612366,0.6751645803451538,0.6792698502540588,0.6838609576225281,0.6985580325126648,0.7474179267883301,0.7525893449783325,0.7613165378570557,0.7613165378570557
14910,-0.7115922570228577,3.4036858081817627,3.369453191757202,0.547942157302584,0.7115922570228577,0.6985580325126648,0.03130627050995827,0.6742549538612366,0.6751645803451538,0.6792698502540588,0.6838609576225281,0.6985580325126648,0.7474179267883301,0.7525893449783325,0.7613165378570557,0.7613165378570557
14945,-0.7115922570228577,3.402651071548462,3.368549346923828,0.5489382062639508,0.7115922570228577,0.6985580325126648,0.03130627050995827,0.6742549538612366,0.6751645803451538,0.6792698502540588,0.6838609576225281,0.6985580325126648,0.7474179267883301,0.7525893449783325,0.7613165378570557,0.7613165378570557
14980,-0.7115922570228577,3.401118755340576,3.3670778274536133,0.5465787010533469,0.7115922570228577,0.6985580325126648,0.03130627050995827,0.6742549538612366,0.6751645803451538,0.6792698502540588,0.6838609576225281,0.6985580325126648,0.7474179267883301,0.7525893449783325,0.7613165378570557,0.7613165378570557
15015,-0.7115922570228577,3.3994526863098145,3.3655221462249756,0.545846917799541,0.7115922570228577,0.6985580325126648,0.03130627050995827,0.6742549538612366,0.6751645803451538,0.6792698502540588,0.6838609576225281,0.6985580325126648,0.7474179267883301,0.7525893449783325,0.7613165378570557,0.7613165378570557
15050,-0.7115922570228577,3.4006330966949463,3.3668453693389893,0.5437822725091662,0.7115922570228577,0.6985580325126648,0.03130627050995827,0.6742549538612366,0.6751645803451538,0.6792698502540588,0.6838609576225281,0.6985580325126648,0.7474179267883301,0.7525893449783325,0.7613165378570557,0.7613165378570557
15085,-0.7115922570228577,3.4012200832366943,3.3676116466522217,0.5408950362886701,0.7115922570228577,0.6985580325126648,0.03130627050995827,0.6742549538612366,0.6751645803451538,0.6792698502540588,0.6838609576225281,0.6985580325126648,0.7474179267883301,0.7525893449783325,0.7613165378570557,0.7613165378570557
15120,-0.7115922570228577,3.402928113937378,3.3693833351135254,0.5390356183052063,0.7115922570228577,0.6985580325126648,0.03130627050995827,0.6742549538612366,0.6751645803451538,0.6792698502540588,0.6838609576225281,0.6985580325126648,0.7474179267883301,0.7525893449783325,0.7613165378570557,0.7613165378570557
15155,-0.7115922570228577,3.4028563499450684,3.3693902492523193,0.5392001186098371,0.7115922570228577,0.6985580325126648,0.03130627050995827,0.6742549538612366,0.6751645803451538,0.6792698502540588,0.6838609576225281,0.6985580325126648,0.7474179267883301,0.7525893449783325,0.7613165378570557,0.7613165378570557
15190,-0.7115922570228577,3.404599189758301,3.3713483810424805,0.5374851652554103,0.7115922570228577,0.6985580325126648,0.03130627050995827,0.6742549538612366,0.6751645803451538,0.6792698502540588,0.6838609576225281,0.6985580325126648,0.7474179267883301,0.7525893449783325,0.7613165378570557,0.7613165378570557
15225,-0.7115922570228577,3.404086112976074,3.3710014820098877,0.5337492908750262,0.7115922570228577,0.6985580325126648,0.03130627050995827,0.6742549538612366,0.6751645803451538,0.6792698502540588,0.6838609576225281,0.6985580325126648,0.7474179267883301,0.7525893449783325,0.7613165378570557,0.7613165378570557
15260,-0.7115922570228577,3.3996615409851074,3.366703987121582,0.5295239814690181,0.7115922570228577,0.6985580325126648,0.03130627050995827,0.6742549538612366,0.6751645803451538,0.6792698502540588,0.6838609576225281,0.6985580325126648,0.7474179267883301,0.7525893449783325,0.7613165378570557,0.7613165378570557
15295,-0.7115922570228577,3.396829128265381,3.3639631271362305,0.5285659858158657,0.7115922570228577,0.6985580325126648,0.03130627050995827,0.6742549538612366,0.6751645803451538,0.6792698502540588,0.6838609576225281,0.6985580325126648,0.7474179267883301,0.7525893449783325,0.7613165378570557,0.7613165378570557
15330,-0.7115922570228577,3.394941568374634,3.362190008163452,0.5283600091934204,0.7115922570228577,0.6985580325126648,0.03130627050995827,0.6742549538612366,0.6751645803451538,0.6792698502540588,0.6838609576225281,0.6985580325126648,0.7474179267883301,0.7525893449783325,0.7613165378570557,0.7613165378570557
15365,-0.7115922570228577,3.3954832553863525,3.3628897666931152,0.5268851305757251,0.7115922570228577,0.6985580325126648,0.03130627050995827,0.6742549538612366,0.6751645803451538,0.6792698502540588,0.6838609576225281,0.6985580325126648,0.7474179267883301,0.7525893449783325,0.7613165378570557,0.7613165378570557
15400,-0.7115922570228577,3.394561767578125,3.3620479106903076,0.5275351660592216,0.7115922570228577,0.6985580325126648,0.03130627050995827,0.6742549538612366,0.6751645803451538,0.6792698502540588,0.6838609576225281,0.6985580325126648,0.7474179267883301,0.7525893449783325,0.7613165378570557,0.7613165378570557
15435,-0.7115922570228577,3.3968379497528076,3.3645732402801514,0.5262452065944672,0.7115922570228577,0.6985580325126648,0.03130627050995827,0.6742549538612366,0.6751645803451538,0.6792698502540588,0.6838609576225281,0.6985580325126648,0.7474179267883301,0.7525893449783325,0.7613165378570557,0.7613165378570557
15470,-0.7115922570228577,3.3934316635131836,3.3612773418426514,0.523180535861424,0.7115922570228577,0.6985580325126648,0.03130627050995827,0.6742549538612366,0.6751645803451538,0.6792698502540588,0.6838609576225281,0.6985580325126648,0.7474179267883301,0.7525893449783325,0.7613165378570557,0.7613165378570557
15505,-0.7115922570228577,3.393075466156006,3.3610687255859375,0.5204452403954097,0.7115922570228577,0.6985580325126648,0.03130627050995827,0.6742549538612366,0.6751645803451538,0.6792698502540588,0.6838609576225281,0.6985580325126648,0.7474179267883301,0.7525893449783325,0.7613165378570557,0.7613165378570557
15540,-0.7115922570228577,3.3914999961853027,3.3596160411834717,0.5192214378288814,0.7115922570228577,0.6985580325126648,0.03130627050995827,0.6742549538612366,0.6751645803451538,0.6792698502540588,0.6838609576225281,0.6985580325126648,0.7474179267883301,0.7525893449783325,0.7613165378570557,0.7613165378570557
15575,-0.7115922570228577,3.388611316680908,3.356800079345703,0.51835526738848,0.7115922570228577,0.6985580325126648,0.03130627050995827,0.6742549538612366,0.6751645803451538,0.6792698502540588,0.6838609576225281,0.6985580325126648,0.7474179267883301,0.7525893449783325,0.7613165378570557,0.7613165378570557
15610,-0.7115922570228577,3.392031669616699,3.3602981567382812,0.5160534381866455,0.7115922570228577,0.6985580325126648,0.03130627050995827,0.6742549538612366,0.6751645803451538,0.6792698502540588,0.6838609576225281,0.6985580325126648,0.7474179267883301,0.7525893449783325,0.7613165378570557,0.7613165378570557
15645,-0.7115922570228577,3.393411159515381,3.361788034439087,0.513515442609787,0.7115922570228577,0.6985580325126648,0.03130627050995827,0.6742549538612366,0.6751645803451538,0.6792698502540588,0.6838609576225281,0.6985580325126648,0.7474179267883301,0.7525893449783325,0.7613165378570557,0.7613165378570557
15680,-0.7115922570228577,3.3936848640441895,3.3621575832366943,0.5130786001682281,0.7115922570228577,0.6985580325126648,0.03130627050995827,0.6742549538612366,0.6751645803451538,0.6792698502540588,0.6838609576225281,0.6985580325126648,0.7474179267883301,0.7525893449783325,0.7613165378570557,0.7613165378570557
15715,-0.7115922570228577,3.392956018447876,3.3615493774414062,0.5125654935836792,0.7115922570228577,0.6985580325126648,0.03130627050995827,0.6742549538612366,0.6751645803451538,0.6792698502540588,0.6838609576225281,0.6985580325126648,0.7474179267883301,0.7525893449783325,0.7613165378570557,0.7613165378570557
15750,-0.7115922570228577,3.392401695251465,3.361072540283203,0.5111488699913025,0.7115922570228577,0.6985580325126648,0.03130627050995827,0.6742549538612366,0.6751645803451538,0.6792698502540588,0.6838609576225281,0.6985580325126648,0.7474179267883301,0.7525893449783325,0.7613165378570557,0.7613165378570557
15785,-0.7115922570228577,3.3900556564331055,3.358879804611206,0.5085432061127254,0.7115922570228577,0.6985580325126648,0.03130627050995827,0.6742549538612366,0.6751645803451538,0.6792698502540588,0.6838609576225281,0.6985580325126648,0.7474179267883301,0.7525893449783325,0.7613165378570557,0.7613165378570557
15820,-0.7115922570228577,3.386683225631714,3.3556432723999023,0.5086034876959664,0.7115922570228577,0.6985580325126648,0.03130627050995827,0.6742549538612366,0.6751645803451538,0.6792698502540588,0.6838609576225281,0.6985580325126648,0.7474179267883301,0.7525893449783325,0.7613165378570557,0.7613165378570557
15855,-0.7115922570228577,3.3865745067596436,3.3555796146392822,0.5070409604481289,0.7115922570228577,0.6985580325126648,0.03130627050995827,0.6742549538612366,0.6751645803451538,0.6792698502540588,0.6838609576225281,0.6985580325126648,0.7474179267883301,0.7525893449783325,0.7613165378570557,0.7613165378570557
15890,-0.7115922570228577,3.382002830505371,3.351114273071289,0.5039821692875454,0.7115922570228577,0.6985580325126648,0.03130627050995827,0.6742549538612366,0.6751645803451538,0.6792698502540588,0.6838609576225281,0.6985580325126648,0.7474179267883301,0.7525893449783325,0.7613165378570557,0.7613165378570557
15925,-0.7115922570228577,3.3804831504821777,3.349642515182495,0.503698148897716,0.7115922570228577,0.6985580325126648,0.03130627050995827,0.6742549538612366,0.6751645803451538,0.6792698502540588,0.6838609576225281,0.6985580325126648,0.7474179267883301,0.7525893449783325,0.7613165378570557,0.7613165378570557
15960,-0.7115922570228577,3.3826193809509277,3.3518543243408203,0.5029878403459277,0.7115922570228577,0.6985580325126648,0.03130627050995827,0.6742549538612366,0.6751645803451538,0.6792698502540588,0.6838609576225281,0.6985580325126648,0.7474179267883301,0.7525893449783325,0.7613165378570557,0.7613165378570557
15995,-0.7115922570228577,3.385157346725464,3.354654312133789,0.4994164492402758,0.7115922570228577,0.6985580325126648,0.03130627050995827,0.6742549538612366,0.6751645803451538,0.6792698502540588,0.6838609576225281,0.6985580325126648,0.7474179267883301,0.7525893449783325,0.7613165378570557,0.7613165378570557
16030,-0.7115922570228577,3.383248805999756,3.352996826171875,0.49679043889045715,0.7115922570228577,0.6985580325126648,0.03130627050995827,0.6742549538612366,0.6751645803451538,0.6792698502540588,0.6838609576225281,0.6985580325126648,0.7474179267883301,0.7525893449783325,0.7613165378570557,0.7613165378570557
16065,-0.7115922570228577,3.382394313812256,3.3522753715515137,0.49717154673167635,0.7115922570228577,0.6985580325126648,0.03130627050995827,0.6742549538612366,0.6751645803451538,0.6792698502540588,0.6838609576225281,0.6985580325126648,0.7474179267883301,0.7525893449783325,0.7613165378570557,0.7613165378570557
16100,-0.7115922570228577,3.3814313411712646,3.3514182567596436,0.4945415897028787,0.7115922570228577,0.6985580325126648,0.03130627050995827,0.6742549538612366,0.6751645803451538,0.6792698502540588,0.6838609576225281,0.6985580325126648,0.7474179267883301,0.7525893449783325,0.7613165378570557,0.7613165378570557
16135,-0.7115922570228577,3.3786439895629883,3.348752737045288,0.49299404450825285,0.7115922570228577,0.6985580325126648,0.03130627050995827,0.6742549538612366,0.6751645803451538,0.6792698502540588,0.6838609576225281,0.6985580325126648,0.7474179267883301,0.7525893449783325,0.7613165378570557,0.7613165378570557
16170,-0.7115922570228577,3.3756961822509766,3.3458666801452637,0.49121379426547457,0.7115922570228577,0.6985580325126648,0.03130627050995827,0.6742549538612366,0.6751645803451538,0.6792698502540588,0.6838609576225281,0.6985580325126648,0.7474179267883301,0.7525893449783325,0.7613165378570557,0.7613165378570557
16205,-0.7115922570228577,3.37768816947937,3.347978115081787,0.4902991737638201,0.7115922570228577,0.6985580325126648,0.03130627050995827,0.6742549538612366,0.6751645803451538,0.6792698502540588,0.6838609576225281,0.6985580325126648,0.7474179267883301,0.7525893449783325,0.7613165378570557,0.7613165378570557
16240,-0.7115922570228577,3.3751869201660156,3.3455610275268555,0.4873244890144893,0.7115922570228577,0.6985580325126648,0.03130627050995827,0.6742549538612366,0.6751645803451538,0.6792698502540588,0.6838609576225281,0.6985580325126648,0.7474179267883301,0.7525893449783325,0.7613165378570557,0.7613165378570557
16275,-0.7115922570228577,3.3690919876098633,3.3396105766296387,0.4840757208211081,0.7115922570228577,0.6985580325126648,0.03130627050995827,0.6742549538612366,0.6751645803451538,0.6792698502540588,0.6838609576225281,0.6985580325126648,0.7474179267883301,0.7525893449783325,0.7613165378570557,0.7613165378570557
16310,-0.7115922570228577,3.3687896728515625,3.339479446411133,0.4856452941894531,0.7115922570228577,0.6985580325126648,0.03130627050995827,0.6742549538612366,0.6751645803451538,0.6792698502540588,0.6838609576225281,0.6985580325126648,0.7474179267883301,0.7525893449783325,0.7613165378570557,0.7613165378570557
16345,-0.7115922570228577,3.3707075119018555,3.341505289077759,0.4848483077117375,0.7115922570228577,0.6985580325126648,0.03130627050995827,0.6742549538612366,0.6751645803451538,0.6792698502540588,0.6838609576225281,0.6985580325126648,0.7474179267883301,0.7525893449783325,0.7613165378570557,0.7613165378570557
16380,-0.7115922570228577,3.370657444000244,3.3415637016296387,0.4793759158679417,0.7115922570228577,0.6985580325126648,0.03130627050995827,0.6742549538612366,0.6751645803451538,0.6792698502540588,0.6838609576225281,0.6985580325126648,0.7474179267883301,0.7525893449783325,0.7613165378570557,0.7613165378570557
16415,-0.7115922570228577,3.3692452907562256,3.3402631282806396,0.47605784450258526,0.7115922570228577,0.6985580325126648,0.03130627050995827,0.6742549538612366,0.6751645803451538,0.6792698502540588,0.6838609576225281,0.6985580325126648,0.7474179267883301,0.7525893449783325,0.7613165378570557,0.7613165378570557
16450,-0.7115922570228577,3.3722193241119385,3.3433287143707275,0.476171259369169,0.7115922570228577,0.6985580325126648,0.03130627050995827,0.6742549538612366,0.6751645803451538,0.6792698502540588,0.6838609576225281,0.6985580325126648,0.7474179267883301,0.7525893449783325,0.7613165378570557,0.7613165378570557
16485,-0.7115922570228577,3.3733701705932617,3.3444998264312744,0.4736662677356175,0.7115922570228577,0.6985580325126648,0.03130627050995827,0.6742549538612366,0.6751645803451538,0.6792698502540588,0.6838609576225281,0.6985580325126648,0.7474179267883301,0.7525893449783325,0.7613165378570557,0.7613165378570557
16520,-0.7115922570228577,3.374204397201538,3.345515251159668,0.47422477177211214,0.7115922570228577,0.6985580325126648,0.03130627050995827,0.6742549538612366,0.6751645803451538,0.6792698502540588,0.6838609576225281,0.6985580325126648,0.7474179267883301,0.7525893449783325,0.7613165378570557,0.7613165378570557
16555,-0.7115922570228577,3.375023603439331,3.3463780879974365,0.4743729404040745,0.7115922570228577,0.6985580325126648,0.03130627050995827,0.6742549538612366,0.6751645803451538,0.6792698502540588,0.6838609576225281,0.6985580325126648,0.7474179267883301,0.7525893449783325,0.7613165378570557,0.7613165378570557
16590,-0.7115922570228577,3.3726694583892822,3.344175100326538,0.4722208636147635,0.7115922570228577,0.6985580325126648,0.03130627050995827,0.6742549538612366,0.6751645803451538,0.6792698502540588,0.6838609576225281,0.6985580325126648,0.7474179267883301,0.7525893449783325,0.7613165378570557,0.7613165378570557
16625,-0.7115922570228577,3.3751142024993896,3.3466696739196777,0.4726242848805019,0.7115922570228577,0.6985580325126648,0.03130627050995827,0.6742549538612366,0.6751645803451538,0.6792698502540588,0.6838609576225281,0.6985580325126648,0.7474179267883301,0.7525893449783325,0.7613165378570557,0.7613165378570557
16660,-0.7115922570228577,3.3770577907562256,3.3487136363983154,0.47256290912628174,0.7115922570228577,0.6985580325126648,0.03130627050995827,0.6742549538612366,0.6751645803451538,0.6792698502540588,0.6838609576225281,0.6985580325126648,0.7474179267883301,0.7525893449783325,0.7613165378570557,0.7613165378570557
16695,-0.7115922570228577,3.3767573833465576,3.34853196144104,0.47163460510117666,0.7115922570228577,0.6985580325126648,0.03130627050995827,0.6742549538612366,0.6751645803451538,0.6792698502540588,0.6838609576225281,0.6985580325126648,0.7474179267883301,0.7525893449783325,0.7613165378570557,0.7613165378570557
16730,-0.7115922570228577,3.378474712371826,3.3503799438476562,0.4704447516373226,0.7115922570228577,0.6985580325126648,0.03130627050995827,0.6742549538612366,0.6751645803451538,0.6792698502540588,0.6838609576225281,0.6985580325126648,0.7474179267883301,0.7525893449783325,0.7613165378570557,0.7613165378570557
16765,-0.7115922570228577,3.3768467903137207,3.3488545417785645,0.4710496408598764,0.7115922570228577,0.6985580325126648,0.03130627050995827,0.6742549538612366,0.6751645803451538,0.6792698502540588,0.6838609576225281,0.6985580325126648,0.7474179267883301,0.7525893449783325,0.7613165378570557,0.7613165378570557
16800,-0.7115922570228577,3.3780620098114014,3.3501336574554443,0.46785686697278706,0.7115922570228577,0.6985580325126648,0.03130627050995827,0.6742549538612366,0.6751645803451538,0.6792698502540588,0.6838609576225281,0.6985580325126648,0.7474179267883301,0.7525893449783325,0.7613165378570557,0.7613165378570557
16835,-0.7115922570228577,3.3765692710876465,3.3487753868103027,0.4651795370238168,0.7115922570228577,0.6985580325126648,0.03130627050995827,0.6742549538612366,0.6751645803451538,0.6792698502540588,0.6838609576225281,0.6985580325126648,0.7474179267883301,0.7525893449783325,0.7613165378570557,0.7613165378570557
16870,-0.7115922570228577,3.376180410385132,3.3484716415405273,0.46546654616083416,0.7115922570228577,0.6985580325126648,0.03130627050995827,0.6742549538612366,0.6751645803451538,0.6792698502540588,0.6838609576225281,0.6985580325126648,0.7474179267883301,0.7525893449783325,0.7613165378570557,0.7613165378570557
16905,-0.7115922570228577,3.3722305297851562,3.344656229019165,0.46495536821229116,0.7115922570228577,0.6985580325126648,0.03130627050995827,0.6742549538612366,0.6751645803451538,0.6792698502540588,0.6838609576225281,0.6985580325126648,0.7474179267883301,0.7525893449783325,0.7613165378570557,0.7613165378570557
16940,-0.7115922570228577,3.3762288093566895,3.3487186431884766,0.4641261696815491,0.7115922570228577,0.6985580325126648,0.03130627050995827,0.6742549538612366,0.6751645803451538,0.6792698502540588,0.6838609576225281,0.6985580325126648,0.7474179267883301,0.7525893449783325,0.7613165378570557,0.7613165378570557
16975,-0.7115922570228577,3.3744075298309326,3.346989631652832,0.4631112217903137,0.7115922570228577,0.6985580325126648,0.03130627050995827,0.6742549538612366,0.6751645803451538,0.6792698502540588,0.6838609576225281,0.6985580325126648,0.7474179267883301,0.7525893449783325,0.7613165378570557,0.7613165378570557
17010,-0.7115922570228577,3.373684883117676,3.3463430404663086,0.4596808169569288,0.7115922570228577,0.6985580325126648,0.03130627050995827,0.6742549538612366,0.6751645803451538,0.6792698502540588,0.6838609576225281,0.6985580325126648,0.7474179267883301,0.7525893449783325,0.7613165378570557,0.7613165378570557
17045,-0.7115922570228577,3.3727025985717773,3.345432996749878,0.45747189010892597,0.7115922570228577,0.6985580325126648,0.03130627050995827,0.6742549538612366,0.6751645803451538,0.6792698502540588,0.6838609576225281,0.6985580325126648,0.7474179267883301,0.7525893449783325,0.7613165378570557,0.7613165378570557
17080,-0.7115922570228577,3.369079351425171,3.341904401779175,0.45578159604753765,0.7115922570228577,0.6985580325126648,0.03130627050995827,0.6742549538612366,0.6751645803451538,0.6792698502540588,0.6838609576225281,0.6985580325126648,0.7474179267883301,0.7525893449783325,0.7613165378570557,0.7613165378570557
17115,-0.7115922570228577,3.3692121505737305,3.3421895503997803,0.45526466625077383,0.7115922570228577,0.6985580325126648,0.03130627050995827,0.6742549538612366,0.6751645803451538,0.6792698502540588,0.6838609576225281,0.6985580325126648,0.7474179267883301,0.7525893449783325,0.7613165378570557,0.7613165378570557
17150,-0.7115922570228577,3.367933750152588,3.3409929275512695,0.4554285279342106,0.7115922570228577,0.6985580325126648,0.03130627050995827,0.6742549538612366,0.6751645803451538,0.6792698502540588,0.6838609576225281,0.6985580325126648,0.7474179267883301,0.7525893449783325,0.7613165378570557,0.7613165378570557
17185,-0.7115922570228577,3.3667845726013184,3.339963674545288,0.45289269515446257,0.7115922570228577,0.6985580325126648,0.03130627050995827,0.6742549538612366,0.6751645803451538,0.6792698502540588,0.6838609576225281,0.6985580325126648,0.7474179267883301,0.7525893449783325,0.7613165378570557,0.7613165378570557
17220,-0.7115922570228577,3.3673601150512695,3.3406219482421875,0.4516548769814627,0.7115922570228577,0.6985580325126648,0.03130627050995827,0.6742549538612366,0.6751645803451538,0.6792698502540588,0.6838609576225281,0.6985580325126648,0.7474179267883301,0.7525893449783325,0.7613165378570557,0.7613165378570557
17255,-0.7115922570228577,3.3639912605285645,3.3373334407806396,0.4518913839544569,0.7115922570228577,0.6985580325126648,0.03130627050995827,0.6742549538612366,0.6751645803451538,0.6792698502540588,0.6838609576225281,0.6985580325126648,0.7474179267883301,0.7525893449783325,0.7613165378570557,0.7613165378570557
17290,-0.7115922570228577,3.36548113822937,3.3389029502868652,0.4494415649345943,0.7115922570228577,0.6985580325126648,0.03130627050995827,0.6742549538612366,0.6751645803451538,0.6792698502540588,0.6838609576225281,0.6985580325126648,0.7474179267883301,0.7525893449783325,0.7613165378570557,0.7613165378570557
17325,-0.7115922570228577,3.3616769313812256,3.335177183151245,0.44719667945589336,0.7115922570228577,0.6985580325126648,0.03130627050995827,0.6742549538612366,0.6751645803451538,0.6792698502540588,0.6838609576225281,0.6985580325126648,0.7474179267883301,0.7525893449783325,0.7613165378570557,0.7613165378570557
17360,-0.7115922570228577,3.3618717193603516,3.335456609725952,0.44542691111564636,0.7115922570228577,0.6985580325126648,0.03130627050995827,0.6742549538612366,0.6751645803451538,0.6792698502540588,0.6838609576225281,0.6985580325126648,0.7474179267883301,0.7525893449783325,0.7613165378570557,0.7613165378570557
17395,-0.7115922570228577,3.361370325088501,3.3350017070770264,0.4446457965033395,0.7115922570228577,0.6985580325126648,0.03130627050995827,0.6742549538612366,0.6751645803451538,0.6792698502540588,0.6838609576225281,0.6985580325126648,0.7474179267883301,0.7525893449783325,0.7613165378570557,0.7613165378570557
17430,-0.7115922570228577,3.3633978366851807,3.337164878845215,0.44231155940464567,0.7115922570228577,0.6985580325126648,0.03130627050995827,0.6742549538612366,0.6751645803451538,0.6792698502540588,0.6838609576225281,0.6985580325126648,0.7474179267883301,0.7525893449783325,0.7613165378570557,0.7613165378570557
17465,-0.7115922570228577,3.3635993003845215,3.3374736309051514,0.44251831088747295,0.7115922570228577,0.6985580325126648,0.03130627050995827,0.6742549538612366,0.6751645803451538,0.6792698502540588,0.6838609576225281,0.6985580325126648,0.7474179267883301,0.7525893449783325,0.7613165378570557,0.7613165378570557
17500,-0.7115922570228577,3.359915256500244,3.333906412124634,0.43947256037167143,0.7115922570228577,0.6985580325126648,0.03130627050995827,0.6742549538612366,0.6751645803451538,0.6792698502540588,0.6838609576225281,0.6985580325126648,0.7474179267883301,0.7525893449783325,0.7613165378570557,0.7613165378570557
17535,-0.7115922570228577,3.3584752082824707,3.3325514793395996,0.4368325982775007,0.7115922570228577,0.6985580325126648,0.03130627050995827,0.6742549538612366,0.6751645803451538,0.6792698502540588,0.6838609576225281,0.6985580325126648,0.7474179267883301,0.7525893449783325,0.7613165378570557,0.7613165378570557
17570,-0.7115922570228577,3.3571174144744873,3.3312911987304688,0.433934680053166,0.7115922570228577,0.6985580325126648,0.03130627050995827,0.6742549538612366,0.6751645803451538,0.6792698502540588,0.6838609576225281,0.6985580325126648,0.7474179267883301,0.7525893449783325,0.7613165378570557,0.7613165378570557
17605,-0.7115922570228577,3.3552069664001465,3.329486608505249,0.43280487826892305,0.7115922570228577,0.6985580325126648,0.03130627050995827,0.6742549538612366,0.6751645803451538,0.6792698502540588,0.6838609576225281,0.6985580325126648,0.7474179267883301,0.7525893449783325,0.7613165378570557,0.7613165378570557
17640,-0.7115922570228577,3.351987600326538,3.32633113861084,0.42994757635252817,0.7115922570228577,0.6985580325126648,0.03130627050995827,0.6742549538612366,0.6751645803451538,0.6792698502540588,0.6838609576225281,0.6985580325126648,0.7474179267883301,0.7525893449783325,0.7613165378570557,0.7613165378570557
17675,-0.7115922570228577,3.353498697280884,3.327936887741089,0.4299316533974239,0.7115922570228577,0.6985580325126648,0.03130627050995827,0.6742549538612366,0.6751645803451538,0.6792698502540588,0.6838609576225281,0.6985580325126648,0.7474179267883301,0.7525893449783325,0.7613165378570557,0.7613165378570557
17710,-0.7115922570228577,3.3519999980926514,3.3265082836151123,0.4269223042896816,0.7115922570228577,0.6985580325126648,0.03130627050995827,0.6742549538612366,0.6751645803451538,0.6792698502540588,0.6838609576225281,0.6985580325126648,0.7474179267883301,0.7525893449783325,0.7613165378570557,0.7613165378570557
17745,-0.7115922570228577,3.3555498123168945,3.330148696899414,0.4261527359485626,0.7115922570228577,0.6985580325126648,0.03130627050995827,0.6742549538612366,0.6751645803451538,0.6792698502540588,0.6838609576225281,0.6985580325126648,0.7474179267883301,0.7525893449783325,0.7613165378570557,0.7613165378570557
17780,-0.7115922570228577,3.355609893798828,3.330306053161621,0.4256592222622463,0.7115922570228577,0.6985580325126648,0.03130627050995827,0.6742549538612366,0.6751645803451538,0.6792698502540588,0.6838609576225281,0.6985580325126648,0.7474179267883301,0.7525893449783325,0.7613165378570557,0.7613165378570557
17815,-0.7115922570228577,3.3551127910614014,3.329904556274414,0.42383892621312824,0.7115922570228577,0.6985580325126648,0.03130627050995827,0.6742549538612366,0.6751645803451538,0.6792698502540588,0.6838609576225281,0.6985580325126648,0.7474179267883301,0.7525893449783325,0.7613165378570557,0.7613165378570557
17850,-0.7115922570228577,3.3547043800354004,3.329592704772949,0.4210426849978311,0.7115922570228577,0.6985580325126648,0.03130627050995827,0.6742549538612366,0.6751645803451538,0.6792698502540588,0.6838609576225281,0.6985580325126648,0.7474179267883301,0.7525893449783325,0.7613165378570557,0.7613165378570557
17885,-0.7115922570228577,3.3550894260406494,3.330066442489624,0.4207699937479837,0.7115922570228577,0.6985580325126648,0.03130627050995827,0.6742549538612366,0.6751645803451538,0.6792698502540588,0.6838609576225281,0.6985580325126648,0.7474179267883301,0.7525893449783325,0.7613165378570557,0.7613165378570557
17920,-0.7115922570228577,3.3565990924835205,3.3316586017608643,0.42335901090076994,0.7115922570228577,0.6985580325126648,0.03130627050995827,0.6742549538612366,0.6751645803451538,0.6792698502540588,0.6838609576225281,0.6985580325126648,0.7474179267883301,0.7525893449783325,0.7613165378570557,0.7613165378570557
17955,-0.7115922570228577,3.3535842895507812,3.328725576400757,0.4247211217880249,0.7115922570228577,0.6985580325126648,0.03130627050995827,0.6742549538612366,0.6751645803451538,0.6792698502540588,0.6838609576225281,0.6985580325126648,0.7474179267883301,0.7525893449783325,0.7613165378570557,0.7613165378570557
17990,-0.7115922570228577,3.3555197715759277,3.3307607173919678,0.4249932723385947,0.7115922570228577,0.6985580325126648,0.03130627050995827,0.6742549538612366,0.6751645803451538,0.6792698502540588,0.6838609576225281,0.6985580325126648,0.7474179267883301,0.7525893449783325,0.7613165378570557,0.7613165378570557
18025,-0.7115922570228577,3.3559091091156006,3.33121395111084,0.423378267458507,0.7115922570228577,0.6985580325126648,0.03130627050995827,0.6742549538612366,0.6751645803451538,0.6792698502540588,0.6838609576225281,0.6985580325126648,0.7474179267883301,0.7525893449783325,0.7613165378570557,0.7613165378570557
18060,-0.7115922570228577,3.3586645126342773,3.334049940109253,0.42387025696890696,0.7115922570228577,0.6985580325126648,0.03130627050995827,0.6742549538612366,0.6751645803451538,0.6792698502540588,0.6838609576225281,0.6985580325126648,0.7474179267883301,0.7525893449783325,0.7613165378570557,0.7613165378570557
18095,-0.7115922570228577,3.3564653396606445,3.3319382667541504,0.4228907653263637,0.7115922570228577,0.6985580325126648,0.03130627050995827,0.6742549538612366,0.6751645803451538,0.6792698502540588,0.6838609576225281,0.6985580325126648,0.7474179267883301,0.7525893449783325,0.7613165378570557,0.7613165378570557
18130,-0.7115922570228577,3.3543782234191895,3.3299062252044678,0.4224489501544407,0.7115922570228577,0.6985580325126648,0.03130627050995827,0.6742549538612366,0.6751645803451538,0.6792698502540588,0.6838609576225281,0.6985580325126648,0.7474179267883301,0.7525893449783325,0.7613165378570557,0.7613165378570557
18165,-0.7115922570228577,3.35400390625,3.3296055793762207,0.42111005101885113,0.7115922570228577,0.6985580325126648,0.03130627050995827,0.6742549538612366,0.6751645803451538,0.6792698502540588,0.6838609576225281,0.6985580325126648,0.7474179267883301,0.7525893449783325,0.7613165378570557,0.7613165378570557
18200,-0.7115922570228577,3.3511364459991455,3.326831579208374,0.41854654465402874,0.7115922570228577,0.6985580325126648,0.03130627050995827,0.6742549538612366,0.6751645803451538,0.6792698502540588,0.6838609576225281,0.6985580325126648,0.7474179267883301,0.7525893449783325,0.7613165378570557,0.7613165378570557
18235,-0.7115922570228577,3.3518729209899902,3.327648401260376,0.4180201462336949,0.7115922570228577,0.6985580325126648,0.03130627050995827,0.6742549538612366,0.6751645803451538,0.6792698502540588,0.6838609576225281,0.6985580325126648,0.7474179267883301,0.7525893449783325,0.7613165378570557,0.7613165378570557
18270,-0.7115922570228577,3.351954460144043,3.3278043270111084,0.41486084886959623,0.7115922570228577,0.6985580325126648,0.03130627050995827,0.6742549538612366,0.6751645803451538,0.6792698502540588,0.6838609576225281,0.6985580325126648,0.7474179267883301,0.7525893449783325,0.7613165378570557,0.7613165378570557
18305,-0.7115922570228577,3.34993577003479,3.32584285736084,0.41374723400388447,0.7115922570228577,0.6985580325126648,0.03130627050995827,0.6742549538612366,0.6751645803451538,0.6792698502540588,0.6838609576225281,0.6985580325126648,0.7474179267883301,0.7525893449783325,0.7613165378570557,0.7613165378570557
18340,-0.7115922570228577,3.3512046337127686,3.327181816101074,0.4121483138629368,0.7115922570228577,0.6985580325126648,0.03130627050995827,0.6742549538612366,0.6751645803451538,0.6792698502540588,0.6838609576225281,0.6985580325126648,0.7474179267883301,0.7525893449783325,0.7613165378570557,0.7613165378570557
18375,-0.7115922570228577,3.350302219390869,3.326350688934326,0.41087340882846285,0.7115922570228577,0.6985580325126648,0.03130627050995827,0.6742549538612366,0.6751645803451538,0.6792698502540588,0.6838609576225281,0.6985580325126648,0.7474179267883301,0.7525893449783325,0.7613165378570557,0.7613165378570557
18410,-0.7115922570228577,3.3481557369232178,3.324230432510376,0.4106404823916299,0.7115922570228577,0.6985580325126648,0.03130627050995827,0.6742549538612366,0.6751645803451538,0.6792698502540588,0.6838609576225281,0.6985580325126648,0.7474179267883301,0.7525893449783325,0.7613165378570557,0.7613165378570557
18445,-0.7115922570228577,3.346648931503296,3.322756052017212,0.40871375799179077,0.7115922570228577,0.6985580325126648,0.03130627050995827,0.6742549538612366,0.6751645803451538,0.6792698502540588,0.6838609576225281,0.6985580325126648,0.7474179267883301,0.7525893449783325,0.7613165378570557,0.7613165378570557
18480,-0.7115922570228577,3.348318338394165,3.3245065212249756,0.40721042241368977,0.7115922570228577,0.6985580325126648,0.03130627050995827,0.6742549538612366,0.6751645803451538,0.6792698502540588,0.6838609576225281,0.6985580325126648,0.7474179267883301,0.7525893449783325,0.7613165378570557,0.7613165378570557
18515,-0.7115922570228577,3.3468306064605713,3.323129653930664,0.405356445482799,0.7115922570228577,0.6985580325126648,0.03130627050995827,0.6742549538612366,0.6751645803451538,0.6792698502540588,0.6838609576225281,0.6985580325126648,0.7474179267883301,0.7525893449783325,0.7613165378570557,0.7613165378570557
18550,-0.7115922570228577,3.346057415008545,3.32244873046875,0.40822039757456097,0.7115922570228577,0.6985580325126648,0.03130627050995827,0.6742549538612366,0.6751645803451538,0.6792698502540588,0.6838609576225281,0.6985580325126648,0.7474179267883301,0.7525893449783325,0.7613165378570557,0.7613165378570557
18585,-0.7115922570228577,3.3460233211517334,3.3224937915802,0.4058268964290619,0.7115922570228577,0.6985580325126648,0.03130627050995827,0.6742549538612366,0.6751645803451538,0.6792698502540588,0.6838609576225281,0.6985580325126648,0.7474179267883301,0.7525893449783325,0.7613165378570557,0.7613165378570557
18620,-0.7115922570228577,3.347323417663574,3.3238580226898193,0.4045610385281699,0.7115922570228577,0.6985580325126648,0.03130627050995827,0.6742549538612366,0.6751645803451538,0.6792698502540588,0.6838609576225281,0.6985580325126648,0.7474179267883301,0.7525893449783325,0.7613165378570557,0.7613165378570557
18655,-0.7115922570228577,3.345548391342163,3.322176218032837,0.4026356850351606,0.7115922570228577,0.6985580325126648,0.03130627050995827,0.6742549538612366,0.6751645803451538,0.6792698502540588,0.6838609576225281,0.6985580325126648,0.7474179267883301,0.7525893449783325,0.7613165378570557,0.7613165378570557
18690,-0.7115922570228577,3.34315824508667,3.319862127304077,0.4007705066885267,0.7115922570228577,0.6985580325126648,0.03130627050995827,0.6742549538612366,0.6751645803451538,0.6792698502540588,0.6838609576225281,0.6985580325126648,0.7474179267883301,0.7525893449783325,0.7613165378570557,0.7613165378570557
18725,-0.7115922570228577,3.3403499126434326,3.317108154296875,0.3971980256693704,0.7115922570228577,0.6985580325126648,0.03130627050995827,0.6742549538612366,0.6751645803451538,0.6792698502540588,0.6838609576225281,0.6985580325126648,0.7474179267883301,0.7525893449783325,0.7613165378570557,0.7613165378570557
18760,-0.7115922570228577,3.340559959411621,3.317394495010376,0.39674146686281475,0.7115922570228577,0.6985580325126648,0.03130627050995827,0.6742549538612366,0.6751645803451538,0.6792698502540588,0.6838609576225281,0.6985580325126648,0.7474179267883301,0.7525893449783325,0.7613165378570557,0.7613165378570557
18795,-0.7115922570228577,3.3378379344940186,3.314743757247925,0.39417900357927593,0.7115922570228577,0.6985580325126648,0.03130627050995827,0.6742549538612366,0.6751645803451538,0.6792698502540588,0.6838609576225281,0.6985580325126648,0.7474179267883301,0.7525893449783325,0.7613165378570557,0.7613165378570557
18830,-0.7115922570228577,3.340759754180908,3.317755699157715,0.3937419993536813,0.7115922570228577,0.6985580325126648,0.03130627050995827,0.6742549538612366,0.6751645803451538,0.6792698502540588,0.6838609576225281,0.6985580325126648,0.7474179267883301,0.7525893449783325,0.7613165378570557,0.7613165378570557
18865,-0.7115922570228577,3.342952251434326,3.3200271129608154,0.3929852545261383,0.7115922570228577,0.6985580325126648,0.03130627050995827,0.6742549538612366,0.6751645803451538,0.6792698502540588,0.6838609576225281,0.6985580325126648,0.7474179267883301,0.7525893449783325,0.7613165378570557,0.7613165378570557
18900,-0.7115922570228577,3.3432130813598633,3.3203518390655518,0.3922725362437112,0.7115922570228577,0.6985580325126648,0.03130627050995827,0.6742549538612366,0.6751645803451538,0.6792698502540588,0.6838609576225281,0.6985580325126648,0.7474179267883301,0.7525893449783325,0.7613165378570557,0.7613165378570557
18935,-0.7115922570228577,3.3352973461151123,3.3125240802764893,0.3915083238056728,0.7115922570228577,0.6985580325126648,0.03130627050995827,0.6742549538612366,0.6751645803451538,0.6792698502540588,0.6838609576225281,0.6985580325126648,0.7474179267883301,0.7525893449783325,0.7613165378570557,0.7613165378570557
18970,-0.7115922570228577,3.3364291191101074,3.3137192726135254,0.38956819261823383,0.7115922570228577,0.6985580325126648,0.03130627050995827,0.6742549538612366,0.6751645803451538,0.6792698502540588,0.6838609576225281,0.6985580325126648,0.7474179267883301,0.7525893449783325,0.7613165378570557,0.7613165378570557
19005,-0.7115922570228577,3.3349204063415527,3.312303066253662,0.3872836913381304,0.7115922570228577,0.6985580325126648,0.03130627050995827,0.6742549538612366,0.6751645803451538,0.6792698502540588,0.6838609576225281,0.6985580325126648,0.7474179267883301,0.7525893449783325,0.7613165378570557,0.7613165378570557
19040,-0.7115922570228577,3.331477642059326,3.30891489982605,0.3844312344278608,0.7115922570228577,0.6985580325126648,0.03130627050995827,0.6742549538612366,0.6751645803451538,0.6792698502540588,0.6838609576225281,0.6985580325126648,0.7474179267883301,0.7525893449783325,0.7613165378570557,0.7613165378570557
19075,-0.7115922570228577,3.3290159702301025,3.3065366744995117,0.38249644211360384,0.7115922570228577,0.6985580325126648,0.03130627050995827,0.6742549538612366,0.6751645803451538,0.6792698502540588,0.6838609576225281,0.6985580325126648,0.7474179267883301,0.7525893449783325,0.7613165378570557,0.7613165378570557
19110,-0.7115922570228577,3.33036732673645,3.307934045791626,0.3815356663295201,0.7115922570228577,0.6985580325126648,0.03130627050995827,0.6742549538612366,0.6751645803451538,0.6792698502540588,0.6838609576225281,0.6985580325126648,0.7474179267883301,0.7525893449783325,0.7613165378570557,0.7613165378570557
19145,-0.7115922570228577,3.3268203735351562,3.3044281005859375,0.3809275669710977,0.7115922570228577,0.6985580325126648,0.03130627050995827,0.6742549538612366,0.6751645803451538,0.6792698502540588,0.6838609576225281,0.6985580325126648,0.7474179267883301,0.7525893449783325,0.7613165378570557,0.7613165378570557
19180,-0.7115922570228577,3.3252310752868652,3.3029284477233887,0.3796102447169168,0.7115922570228577,0.6985580325126648,0.03130627050995827,0.6742549538612366,0.6751645803451538,0.6792698502540588,0.6838609576225281,0.6985580325126648,0.7474179267883301,0.7525893449783325,0.7613165378570557,0.7613165378570557
19215,-0.7115922570228577,3.3231077194213867,3.3009142875671387,0.3782822532313211,0.7115922570228577,0.6985580325126648,0.03130627050995827,0.6742549538612366,0.6751645803451538,0.6792698502540588,0.6838609576225281,0.6985580325126648,0.7474179267883301,0.7525893449783325,0.7613165378570557,0.7613165378570557
19250,-0.7115922570228577,3.321112632751465,3.2989652156829834,0.37647891896111624,0.7115922570228577,0.6985580325126648,0.03130627050995827,0.6742549538612366,0.6751645803451538,0.6792698502540588,0.6838609576225281,0.6985580325126648,0.7474179267883301,0.7525893449783325,0.7613165378570557,0.7613165378570557
19285,-0.7115922570228577,3.323772668838501,3.3017048835754395,0.37496683853013174,0.7115922570228577,0.6985580325126648,0.03130627050995827,0.6742549538612366,0.6751645803451538,0.6792698502540588,0.6838609576225281,0.6985580325126648,0.7474179267883301,0.7525893449783325,0.7613165378570557,0.7613165378570557
19320,-0.7115922570228577,3.323190212249756,3.301182746887207,0.3729294879095895,0.7115922570228577,0.6985580325126648,0.03130627050995827,0.6742549538612366,0.6751645803451538,0.6792698502540588,0.6838609576225281,0.6985580325126648,0.7474179267883301,0.7525893449783325,0.7613165378570557,0.7613165378570557
19355,-0.7115922570228577,3.321641445159912,3.2997045516967773,0.37080172981534687,0.7115922570228577,0.6985580325126648,0.03130627050995827,0.6742549538612366,0.6751645803451538,0.6792698502540588,0.6838609576225281,0.6985580325126648,0.7474179267883301,0.7525893449783325,0.7613165378570557,0.7613165378570557
19390,-0.7115922570228577,3.319917917251587,3.298048257827759,0.36956476313727243,0.7115922570228577,0.6985580325126648,0.03130627050995827,0.6742549538612366,0.6751645803451538,0.6792698502540588,0.6838609576225281,0.6985580325126648,0.7474179267883301,0.7525893449783325,0.7613165378570557,0.7613165378570557
19425,-0.7115922570228577,3.320770263671875,3.2989661693573,0.368985469852175,0.7115922570228577,0.6985580325126648,0.03130627050995827,0.6742549538612366,0.6751645803451538,0.6792698502540588,0.6838609576225281,0.6985580325126648,0.7474179267883301,0.7525893449783325,0.7613165378570557,0.7613165378570557
19460,-0.7115922570228577,3.321173667907715,3.2994384765625,0.3685303883893149,0.7115922570228577,0.6985580325126648,0.03130627050995827,0.6742549538612366,0.6751645803451538,0.6792698502540588,0.6838609576225281,0.6985580325126648,0.7474179267883301,0.7525893449783325,0.7613165378570557,0.7613165378570557
19495,-0.7115922570228577,3.3217763900756836,3.300093650817871,0.36629825830459595,0.7115922570228577,0.6985580325126648,0.03130627050995827,0.6742549538612366,0.6751645803451538,0.6792698502540588,0.6838609576225281,0.6985580325126648,0.7474179267883301,0.7525893449783325,0.7613165378570557,0.7613165378570557
19530,-0.7115922570228577,3.322718381881714,3.3010995388031006,0.365977019071579,0.7115922570228577,0.6985580325126648,0.03130627050995827,0.6742549538612366,0.6751645803451538,0.6792698502540588,0.6838609576225281,0.6985580325126648,0.7474179267883301,0.7525893449783325,0.7613165378570557,0.7613165378570557
19565,-0.7115922570228577,3.318389654159546,3.2968263626098633,0.3654121160507202,0.7115922570228577,0.6985580325126648,0.03130627050995827,0.6742549538612366,0.6751645803451538,0.6792698502540588,0.6838609576225281,0.6985580325126648,0.7474179267883301,0.7525893449783325,0.7613165378570557,0.7613165378570557
19600,-0.7115922570228577,3.315220594406128,3.2937121391296387,0.3655257054737636,0.7115922570228577,0.6985580325126648,0.03130627050995827,0.6742549538612366,0.6751645803451538,0.6792698502540588,0.6838609576225281,0.6985580325126648,0.7474179267883301,0.7525893449783325,0.7613165378570557,0.7613165378570557
19635,-0.7115922570228577,3.3136677742004395,3.2922425270080566,0.36330067259924753,0.7115922570228577,0.6985580325126648,0.03130627050995827,0.6742549538612366,0.6751645803451538,0.6792698502540588,0.6838609576225281,0.6985580325126648,0.7474179267883301,0.7525893449783325,0.7613165378570557,0.7613165378570557
19670,-0.7115922570228577,3.3131399154663086,3.291752576828003,0.3623876316206796,0.7115922570228577,0.6985580325126648,0.03130627050995827,0.6742549538612366,0.6751645803451538,0.6792698502540588,0.6838609576225281,0.6985580325126648,0.7474179267883301,0.7525893449783325,0.7613165378570557,0.7613165378570557
19705,-0.7115922570228577,3.3118374347686768,3.290496826171875,0.3614933661052159,0.7115922570228577,0.6985580325126648,0.03130627050995827,0.6742549538612366,0.6751645803451538,0.6792698502540588,0.6838609576225281,0.6985580325126648,0.7474179267883301,0.7525893449783325,0.7613165378570557,0.7613165378570557
19740,-0.7115922570228577,3.309504270553589,3.2882211208343506,0.3602087540285928,0.7115922570228577,0.6985580325126648,0.03130627050995827,0.6742549538612366,0.6751645803451538,0.6792698502540588,0.6838609576225281,0.6985580325126648,0.7474179267883301,0.7525893449783325,0.7613165378570557,0.7613165378570557
19775,-0.7115922570228577,3.310249090194702,3.2890067100524902,0.35959868345941814,0.7115922570228577,0.6985580325126648,0.03130627050995827,0.6742549538612366,0.6751645803451538,0.6792698502540588,0.6838609576225281,0.6985580325126648,0.7474179267883301,0.7525893449783325,0.7613165378570557,0.7613165378570557
19810,-0.7115922570228577,3.309629201889038,3.2884769439697266,0.35746318101882935,0.7115922570228577,0.6985580325126648,0.03130627050995827,0.6742549538612366,0.6751645803451538,0.6792698502540588,0.6838609576225281,0.6985580325126648,0.7474179267883301,0.7525893449783325,0.7613165378570557,0.7613165378570557
19845,-0.7115922570228577,3.3108956813812256,3.289809226989746,0.35583318982805523,0.7115922570228577,0.6985580325126648,0.03130627050995827,0.6742549538612366,0.6751645803451538,0.6792698502540588,0.6838609576225281,0.6985580325126648,0.7474179267883301,0.7525893449783325,0.7613165378570557,0.7613165378570557
19880,-0.7115922570228577,3.3095877170562744,3.288558006286621,0.3550562134810856,0.7115922570228577,0.6985580325126648,0.03130627050995827,0.6742549538612366,0.6751645803451538,0.6792698502540588,0.6838609576225281,0.6985580325126648,0.7474179267883301,0.7525893449783325,0.7613165378570557,0.7613165378570557
19915,-0.7115922570228577,3.3087100982666016,3.2877447605133057,0.3541878121239798,0.7115922570228577,0.6985580325126648,0.03130627050995827,0.6742549538612366,0.6751645803451538,0.6792698502540588,0.6838609576225281,0.6985580325126648,0.7474179267883301,0.7525893449783325,0.7613165378570557,0.7613165378570557
19950,-0.7115922570228577,3.3084897994995117,3.287588357925415,0.35415907417024883,0.7115922570228577,0.6985580325126648,0.03130627050995827,0.6742549538612366,0.6751645803451538,0.6792698502540588,0.6838609576225281,0.6985580325126648,0.7474179267883301,0.7525893449783325,0.7613165378570557,0.7613165378570557
19985,-0.7115922570228577,3.308131217956543,3.28726863861084,0.35463036383901325,0.7115922570228577,0.6985580325126648,0.03130627050995827,0.6742549538612366,0.6751645803451538,0.6792698502540588,0.6838609576225281,0.6985580325126648,0.7474179267883301,0.7525893449783325,0.7613165378570557,0.7613165378570557
20020,-0.7115922570228577,3.308203935623169,3.287409543991089,0.35422275747571674,0.7115922570228577,0.6985580325126648,0.03130627050995827,0.6742549538612366,0.6751645803451538,0.6792698502540588,0.6838609576225281,0.6985580325126648,0.7474179267883301,0.7525893449783325,0.7613165378570557,0.7613165378570557
20055,-0.7115922570228577,3.3057048320770264,3.2849645614624023,0.3518402363572802,0.7115922570228577,0.6985580325126648,0.03130627050995827,0.6742549538612366,0.6751645803451538,0.6792698502540588,0.6838609576225281,0.6985580325126648,0.7474179267883301,0.7525893449783325,0.7613165378570557,0.7613165378570557
20090,-0.7115922570228577,3.3024470806121826,3.2817699909210205,0.3514654338359833,0.7115922570228577,0.6985580325126648,0.03130627050995827,0.6742549538612366,0.6751645803451538,0.6792698502540588,0.6838609576225281,0.6985580325126648,0.7474179267883301,0.7525893449783325,0.7613165378570557,0.7613165378570557
20125,-0.7115922570228577,3.3021621704101562,3.2815611362457275,0.35028682010514395,0.7115922570228577,0.6985580325126648,0.03130627050995827,0.6742549538612366,0.6751645803451538,0.6792698502540588,0.6838609576225281,0.6985580325126648,0.7474179267883301,0.7525893449783325,0.7613165378570557,0.7613165378570557
20160,-0.7115922570228577,3.3009023666381836,3.280360698699951,0.35194163237299236,0.7115922570228577,0.6985580325126648,0.03130627050995827,0.6742549538612366,0.6751645803451538,0.6792698502540588,0.6838609576225281,0.6985580325126648,0.7474179267883301,0.7525893449783325,0.7613165378570557,0.7613165378570557
20195,-0.7115922570228577,3.2993099689483643,3.278815984725952,0.3513174482754299,0.7115922570228577,0.6985580325126648,0.03130627050995827,0.6742549538612366,0.6751645803451538,0.6792698502540588,0.6838609576225281,0.6985580325126648,0.7474179267883301,0.7525893449783325,0.7613165378570557,0.7613165378570557
20230,-0.7115922570228577,3.2992379665374756,3.278822898864746,0.3518687742097037,0.7115922570228577,0.6985580325126648,0.03130627050995827,0.6742549538612366,0.6751645803451538,0.6792698502540588,0.6838609576225281,0.6985580325126648,0.7474179267883301,0.7525893449783325,0.7613165378570557,0.7613165378570557
20265,-0.7115922570228577,3.30224609375,3.2818877696990967,0.35194977266447885,0.7115922570228577,0.6985580325126648,0.03130627050995827,0.6742549538612366,0.6751645803451538,0.6792698502540588,0.6838609576225281,0.6985580325126648,0.7474179267883301,0.7525893449783325,0.7613165378570557,0.7613165378570557
20300,-0.7115922570228577,3.307314872741699,3.2870230674743652,0.34994511944907053,0.7115922570228577,0.6985580325126648,0.03130627050995827,0.6742549538612366,0.6751645803451538,0.6792698502540588,0.6838609576225281,0.6985580325126648,0.7474179267883301,0.7525893449783325,0.7613165378570557,0.7613165378570557
20335,-0.7115922570228577,3.307201623916626,3.286961317062378,0.34783593671662466,0.7115922570228577,0.6985580325126648,0.03130627050995827,0.6742549538612366,0.6751645803451538,0.6792698502540588,0.6838609576225281,0.6985580325126648,0.7474179267883301,0.7525893449783325,0.7613165378570557,0.7613165378570557
20370,-0.7115922570228577,3.3071649074554443,3.2869925498962402,0.3496734457356589,0.7115922570228577,0.6985580325126648,0.03130627050995827,0.6742549538612366,0.6751645803451538,0.6792698502540588,0.6838609576225281,0.6985580325126648,0.7474179267883301,0.7525893449783325,0.7613165378570557,0.7613165378570557
20405,-0.7115922570228577,3.3057525157928467,3.285639524459839,0.34865666713033405,0.7115922570228577,0.6985580325126648,0.03130627050995827,0.6742549538612366,0.6751645803451538,0.6792698502540588,0.6838609576225281,0.6985580325126648,0.7474179267883301,0.7525893449783325,0.7613165378570557,0.7613165378570557
20440,-0.7115922570228577,3.3056349754333496,3.2855687141418457,0.34925789066723417,0.7115922570228577,0.6985580325126648,0.03130627050995827,0.6742549538612366,0.6751645803451538,0.6792698502540588,0.6838609576225281,0.6985580325126648,0.7474179267883301,0.7525893449783325,0.7613165378570557,0.7613165378570557
20475,-0.7115922570228577,3.307706594467163,3.287705183029175,0.3492605856486729,0.7115922570228577,0.6985580325126648,0.03130627050995827,0.6742549538612366,0.6751645803451538,0.6792698502540588,0.6838609576225281,0.6985580325126648,0.7474179267883301,0.7525893449783325,0.7613165378570557,0.7613165378570557
20510,-0.7115922570228577,3.3083856105804443,3.2884390354156494,0.3507897300379617,0.7115922570228577,0.6985580325126648,0.03130627050995827,0.6742549538612366,0.6751645803451538,0.6792698502540588,0.6838609576225281,0.6985580325126648,0.7474179267883301,0.7525893449783325,0.7613165378570557,0.7613165378570557
20545,-0.7115922570228577,3.3086936473846436,3.2888107299804688,0.34893722193581717,0.7115922570228577,0.6985580325126648,0.03130627050995827,0.6742549538612366,0.6751645803451538,0.6792698502540588,0.6838609576225281,0.6985580325126648,0.7474179267883301,0.7525893449783325,0.7613165378570557,0.7613165378570557
20580,-0.7115922570228577,3.309098720550537,3.2892630100250244,0.34718706778117586,0.7115922570228577,0.6985580325126648,0.03130627050995827,0.6742549538612366,0.6751645803451538,0.6792698502540588,0.6838609576225281,0.6985580325126648,0.7474179267883301,0.7525893449783325,0.7613165378570557,0.7613165378570557
20615,-0.7115922570228577,3.3073880672454834,3.287607431411743,0.3450977461678641,0.7115922570228577,0.6985580325126648,0.03130627050995827,0.6742549538612366,0.6751645803451538,0.6792698502540588,0.6838609576225281,0.6985580325126648,0.7474179267883301,0.7525893449783325,0.7613165378570557,0.7613165378570557
20650,-0.7115922570228577,3.3043875694274902,3.2846622467041016,0.342968898160117,0.7115922570228577,0.6985580325126648,0.03130627050995827,0.6742549538612366,0.6751645803451538,0.6792698502540588,0.6838609576225281,0.6985580325126648,0.7474179267883301,0.7525893449783325,0.7613165378570557,0.7613165378570557
20685,-0.7115922570228577,3.3005237579345703,3.2808539867401123,0.3409749354634966,0.7115922570228577,0.6985580325126648,0.03130627050995827,0.6742549538612366,0.6751645803451538,0.6792698502540588,0.6838609576225281,0.6985580325126648,0.7474179267883301,0.7525893449783325,0.7613165378570557,0.7613165378570557
20720,-0.7115922570228577,3.299013137817383,3.279397487640381,0.33982451047216145,0.7115922570228577,0.6985580325126648,0.03130627050995827,0.6742549538612366,0.6751645803451538,0.6792698502540588,0.6838609576225281,0.6985580325126648,0.7474179267883301,0.7525893449783325,0.7613165378570557,0.7613165378570557
20755,-0.7115922570228577,3.3002374172210693,3.280682325363159,0.33949793236596243,0.7115922570228577,0.6985580325126648,0.03130627050995827,0.6742549538612366,0.6751645803451538,0.6792698502540588,0.6838609576225281,0.6985580325126648,0.7474179267883301,0.7525893449783325,0.7613165378570557,0.7613165378570557
20790,-0.7115922570228577,3.3008110523223877,3.281290054321289,0.3392034556184496,0.7115922570228577,0.6985580325126648,0.03130627050995827,0.6742549538612366,0.6751645803451538,0.6792698502540588,0.6838609576225281,0.6985580325126648,0.7474179267883301,0.7525893449783325,0.7613165378570557,0.7613165378570557
20825,-0.7115922570228577,3.3022384643554688,3.2827773094177246,0.33827346563339233,0.7115922570228577,0.6985580325126648,0.03130627050995827,0.6742549538612366,0.6751645803451538,0.6792698502540588,0.6838609576225281,0.6985580325126648,0.7474179267883301,0.7525893449783325,0.7613165378570557,0.7613165378570557
20860,-0.7115922570228577,3.301931858062744,3.2825162410736084,0.33773439271109446,0.7115922570228577,0.6985580325126648,0.03130627050995827,0.6742549538612366,0.6751645803451538,0.6792698502540588,0.6838609576225281,0.6985580325126648,0.7474179267883301,0.7525893449783325,0.7613165378570557,0.7613165378570557
20895,-0.7115922570228577,3.3053712844848633,3.2860143184661865,0.3391733467578888,0.7115922570228577,0.6985580325126648,0.03130627050995827,0.6742549538612366,0.6751645803451538,0.6792698502540588,0.6838609576225281,0.6985580325126648,0.7474179267883301,0.7525893449783325,0.7613165378570557,0.7613165378570557
20930,-0.7115922570228577,3.304826259613037,3.285536050796509,0.33836786236081806,0.7115922570228577,0.6985580325126648,0.03130627050995827,0.6742549538612366,0.6751645803451538,0.6792698502540588,0.6838609576225281,0.6985580325126648,0.7474179267883301,0.7525893449783325,0.7613165378570557,0.7613165378570557
20965,-0.7115922570228577,3.305647134780884,3.286402702331543,0.33868083357810974,0.7115922570228577,0.6985580325126648,0.03130627050995827,0.6742549538612366,0.6751645803451538,0.6792698502540588,0.6838609576225281,0.6985580325126648,0.7474179267883301,0.7525893449783325,0.7613165378570557,0.7613165378570557
21000,-0.7115922570228577,3.3026480674743652,3.283454179763794,0.3371413733278002,0.7115922570228577,0.6985580325126648,0.03130627050995827,0.6742549538612366,0.6751645803451538,0.6792698502540588,0.6838609576225281,0.6985580325126648,0.7474179267883301,0.7525893449783325,0.7613165378570557,0.7613165378570557
21035,-0.7115922570228577,3.299612522125244,3.2804534435272217,0.3359163616384779,0.7115922570228577,0.6985580325126648,0.03130627050995827,0.6742549538612366,0.6751645803451538,0.6792698502540588,0.6838609576225281,0.6985580325126648,0.7474179267883301,0.7525893449783325,0.7613165378570557,0.7613165378570557
21070,-0.7115922570228577,3.297379970550537,3.278257131576538,0.33712377292769297,0.7115922570228577,0.6985580325126648,0.03130627050995827,0.6742549538612366,0.6751645803451538,0.6792698502540588,0.6838609576225281,0.6985580325126648,0.7474179267883301,0.7525893449783325,0.7613165378570557,0.7613165378570557
21105,-0.7115922570228577,3.2929906845092773,3.2739479541778564,0.333742971931185,0.7115922570228577,0.6985580325126648,0.03130627050995827,0.6742549538612366,0.6751645803451538,0.6792698502540588,0.6838609576225281,0.6985580325126648,0.7474179267883301,0.7525893449783325,0.7613165378570557,0.7613165378570557
21140,-0.7115922570228577,3.2954726219177246,3.2764856815338135,0.3334279017789023,0.7115922570228577,0.6985580325126648,0.03130627050995827,0.6742549538612366,0.6751645803451538,0.6792698502540588,0.6838609576225281,0.6985580325126648,0.7474179267883301,0.7525893449783325,0.7613165378570557,0.7613165378570557
21175,-0.7115922570228577,3.2943830490112305,3.275449514389038,0.33220730083329336,0.7115922570228577,0.6985580325126648,0.03130627050995827,0.6742549538612366,0.6751645803451538,0.6792698502540588,0.6838609576225281,0.6985580325126648,0.7474179267883301,0.7525893449783325,0.7613165378570557,0.7613165378570557
21210,-0.7115922570228577,3.294320583343506,3.2754392623901367,0.3308248051575252,0.7115922570228577,0.6985580325126648,0.03130627050995827,0.6742549538612366,0.6751645803451538,0.6792698502540588,0.6838609576225281,0.6985580325126648,0.7474179267883301,0.7525893449783325,0.7613165378570557,0.7613165378570557
21245,-0.7115922570228577,3.293133020401001,3.2742884159088135,0.32915168574878145,0.7115922570228577,0.6985580325126648,0.03130627050995827,0.6742549538612366,0.6751645803451538,0.6792698502540588,0.6838609576225281,0.6985580325126648,0.7474179267883301,0.7525893449783325,0.7613165378570557,0.7613165378570557
21280,-0.7115922570228577,3.292395830154419,3.2736024856567383,0.3283383974007198,0.7115922570228577,0.6985580325126648,0.03130627050995827,0.6742549538612366,0.6751645803451538,0.6792698502540588,0.6838609576225281,0.6985580325126648,0.7474179267883301,0.7525893449783325,0.7613165378570557,0.7613165378570557
21315,-0.7115922570228577,3.2913851737976074,3.2726340293884277,0.3272868309702192,0.7115922570228577,0.6985580325126648,0.03130627050995827,0.6742549538612366,0.6751645803451538,0.6792698502540588,0.6838609576225281,0.6985580325126648,0.7474179267883301,0.7525893449783325,0.7613165378570557,0.7613165378570557
21350,-0.7115922570228577,3.2921059131622314,3.2734005451202393,0.32650867104530334,0.7115922570228577,0.6985580325126648,0.03130627050995827,0.6742549538612366,0.6751645803451538,0.6792698502540588,0.6838609576225281,0.6985580325126648,0.7474179267883301,0.7525893449783325,0.7613165378570557,0.7613165378570557
21385,-0.7115922570228577,3.295496940612793,3.276859998703003,0.32603820732661654,0.7115922570228577,0.6985580325126648,0.03130627050995827,0.6742549538612366,0.6751645803451538,0.6792698502540588,0.6838609576225281,0.6985580325126648,0.7474179267883301,0.7525893449783325,0.7613165378570557,0.7613165378570557
21420,-0.7115922570228577,3.29483699798584,3.2762582302093506,0.3251099969659533,0.7115922570228577,0.6985580325126648,0.03130627050995827,0.6742549538612366,0.6751645803451538,0.6792698502540588,0.6838609576225281,0.6985580325126648,0.7474179267883301,0.7525893449783325,0.7613165378570557,0.7613165378570557
21455,-0.7115922570228577,3.293830156326294,3.2753078937530518,0.3231814631393978,0.7115922570228577,0.6985580325126648,0.03130627050995827,0.6742549538612366,0.6751645803451538,0.6792698502540588,0.6838609576225281,0.6985580325126648,0.7474179267883301,0.7525893449783325,0.7613165378570557,0.7613165378570557
21490,-0.7115922570228577,3.2924468517303467,3.27397084236145,0.3215034944670541,0.7115922570228577,0.6985580325126648,0.03130627050995827,0.6742549538612366,0.6751645803451538,0.6792698502540588,0.6838609576225281,0.6985580325126648,0.7474179267883301,0.7525893449783325,0.7613165378570557,0.7613165378570557
21525,-0.7115922570228577,3.2926247119903564,3.27419114112854,0.32122726099831717,0.7115922570228577,0.6985580325126648,0.03130627050995827,0.6742549538612366,0.6751645803451538,0.6792698502540588,0.6838609576225281,0.6985580325126648,0.7474179267883301,0.7525893449783325,0.7613165378570557,0.7613165378570557
21560,-0.7115922570228577,3.2940657138824463,3.2756948471069336,0.32101601362228394,0.7115922570228577,0.6985580325126648,0.03130627050995827,0.6742549538612366,0.6751645803451538,0.6792698502540588,0.6838609576225281,0.6985580325126648,0.7474179267883301,0.7525893449783325,0.7613165378570557,0.7613165378570557
21595,-0.7115922570228577,3.2950077056884766,3.2766783237457275,0.3214322754314968,0.7115922570228577,0.6985580325126648,0.03130627050995827,0.6742549538612366,0.6751645803451538,0.6792698502540588,0.6838609576225281,0.6985580325126648,0.7474179267883301,0.7525893449783325,0.7613165378570557,0.7613165378570557
21630,-0.7115922570228577,3.292503833770752,3.2742114067077637,0.32132077642849516,0.7115922570228577,0.6985580325126648,0.03130627050995827,0.6742549538612366,0.6751645803451538,0.6792698502540588,0.6838609576225281,0.6985580325126648,0.7474179267883301,0.7525893449783325,0.7613165378570557,0.7613165378570557
21665,-0.7115922570228577,3.2931907176971436,3.2749438285827637,0.32056247762271334,0.7115922570228577,0.6985580325126648,0.03130627050995827,0.6742549538612366,0.6751645803451538,0.6792698502540588,0.6838609576225281,0.6985580325126648,0.7474179267883301,0.7525893449783325,0.7613165378570557,0.7613165378570557
21700,-0.7115922570228577,3.297184944152832,3.278994560241699,0.31943205850464956,0.7115922570228577,0.6985580325126648,0.03130627050995827,0.6742549538612366,0.6751645803451538,0.6792698502540588,0.6838609576225281,0.6985580325126648,0.7474179267883301,0.7525893449783325,0.7613165378570557,0.7613165378570557
21735,-0.7115922570228577,3.2920849323272705,3.27392840385437,0.31897276639938354,0.7115922570228577,0.6985580325126648,0.03130627050995827,0.6742549538612366,0.6751645803451538,0.6792698502540588,0.6838609576225281,0.6985580325126648,0.7474179267883301,0.7525893449783325,0.7613165378570557,0.7613165378570557
21770,-0.7115922570228577,3.293511152267456,3.2753891944885254,0.3174360969236919,0.7115922570228577,0.6985580325126648,0.03130627050995827,0.6742549538612366,0.6751645803451538,0.6792698502540588,0.6838609576225281,0.6985580325126648,0.7474179267883301,0.7525893449783325,0.7613165378570557,0.7613165378570557
21805,-0.7115922570228577,3.292572498321533,3.2744991779327393,0.3157411537000111,0.7115922570228577,0.6985580325126648,0.03130627050995827,0.6742549538612366,0.6751645803451538,0.6792698502540588,0.6838609576225281,0.6985580325126648,0.7474179267883301,0.7525893449783325,0.7613165378570557,0.7613165378570557
21840,-0.7115922570228577,3.289748191833496,3.271723508834839,0.3142439616577966,0.7115922570228577,0.6985580325126648,0.03130627050995827,0.6742549538612366,0.6751645803451538,0.6792698502540588,0.6838609576225281,0.6985580325126648,0.7474179267883301,0.7525893449783325,0.7613165378570557,0.7613165378570557
21875,-0.7115922570228577,3.288022041320801,3.2700681686401367,0.313415846654347,0.7115922570228577,0.6985580325126648,0.03130627050995827,0.6742549538612366,0.6751645803451538,0.6792698502540588,0.6838609576225281,0.6985580325126648,0.7474179267883301,0.7525893449783325,0.7613165378570557,0.7613165378570557
21910,-0.7115922570228577,3.2889339923858643,3.271010637283325,0.31439567463738577,0.7115922570228577,0.6985580325126648,0.03130627050995827,0.6742549538612366,0.6751645803451538,0.6792698502540588,0.6838609576225281,0.6985580325126648,0.7474179267883301,0.7525893449783325,0.7613165378570557,0.7613165378570557
21945,-0.7115922570228577,3.2894201278686523,3.2715413570404053,0.31279265667710987,0.7115922570228577,0.6985580325126648,0.03130627050995827,0.6742549538612366,0.6751645803451538,0.6792698502540588,0.6838609576225281,0.6985580325126648,0.7474179267883301,0.7525893449783325,0.7613165378570557,0.7613165378570557
21980,-0.7115922570228577,3.2893147468566895,3.2714779376983643,0.3112113560949053,0.7115922570228577,0.6985580325126648,0.03130627050995827,0.6742549538612366,0.6751645803451538,0.6792698502540588,0.6838609576225281,0.6985580325126648,0.7474179267883301,0.7525893449783325,0.7613165378570557,0.7613165378570557
22015,-0.7115922570228577,3.291095495223999,3.273313283920288,0.3118154470409666,0.7115922570228577,0.6985580325126648,0.03130627050995827,0.6742549538612366,0.6751645803451538,0.6792698502540588,0.6838609576225281,0.6985580325126648,0.7474179267883301,0.7525893449783325,0.7613165378570557,0.7613165378570557
22050,-0.7115922570228577,3.2913389205932617,3.273597002029419,0.31102068935121807,0.7115922570228577,0.6985580325126648,0.03130627050995827,0.6742549538612366,0.6751645803451538,0.6792698502540588,0.6838609576225281,0.6985580325126648,0.7474179267883301,0.7525893449783325,0.7613165378570557,0.7613165378570557
22085,-0.7115922570228577,3.2908644676208496,3.2731809616088867,0.31031569625650135,0.7115922570228577,0.6985580325126648,0.03130627050995827,0.6742549538612366,0.6751645803451538,0.6792698502540588,0.6838609576225281,0.6985580325126648,0.7474179267883301,0.7525893449783325,0.7613165378570557,0.7613165378570557
22120,-0.7115922570228577,3.2905523777008057,3.2729296684265137,0.3104970987354006,0.7115922570228577,0.6985580325126648,0.03130627050995827,0.6742549538612366,0.6751645803451538,0.6792698502540588,0.6838609576225281,0.6985580325126648,0.7474179267883301,0.7525893449783325,0.7613165378570557,0.7613165378570557
22155,-0.7115922570228577,3.289344549179077,3.271761894226074,0.3112308808735439,0.7115922570228577,0.6985580325126648,0.03130627050995827,0.6742549538612366,0.6751645803451538,0.6792698502540588,0.6838609576225281,0.6985580325126648,0.7474179267883301,0.7525893449783325,0.7613165378570557,0.7613165378570557
22190,-0.7115922570228577,3.2904133796691895,3.2728962898254395,0.3099813163280487,0.7115922570228577,0.6985580325126648,0.03130627050995827,0.6742549538612366,0.6751645803451538,0.6792698502540588,0.6838609576225281,0.6985580325126648,0.7474179267883301,0.7525893449783325,0.7613165378570557,0.7613165378570557
22225,-0.7115922570228577,3.2894856929779053,3.272010564804077,0.30844809114933014,0.7115922570228577,0.6985580325126648,0.03130627050995827,0.6742549538612366,0.6751645803451538,0.6792698502540588,0.6838609576225281,0.6985580325126648,0.7474179267883301,0.7525893449783325,0.7613165378570557,0.7613165378570557
22260,-0.7115922570228577,3.291254758834839,3.273837089538574,0.30856905026095255,0.7115922570228577,0.6985580325126648,0.03130627050995827,0.6742549538612366,0.6751645803451538,0.6792698502540588,0.6838609576225281,0.6985580325126648,0.7474179267883301,0.7525893449783325,0.7613165378570557,0.7613165378570557
22295,-0.7115922570228577,3.29231858253479,3.2749550342559814,0.3077932447195053,0.7115922570228577,0.6985580325126648,0.03130627050995827,0.6742549538612366,0.6751645803451538,0.6792698502540588,0.6838609576225281,0.6985580325126648,0.7474179267883301,0.7525893449783325,0.7613165378570557,0.7613165378570557
22330,-0.7115922570228577,3.2910399436950684,3.2737202644348145,0.3060290387698582,0.7115922570228577,0.6985580325126648,0.03130627050995827,0.6742549538612366,0.6751645803451538,0.6792698502540588,0.6838609576225281,0.6985580325126648,0.7474179267883301,0.7525893449783325,0.7613165378570557,0.7613165378570557
22365,-0.7115922570228577,3.287994861602783,3.2707316875457764,0.3055777017559324,0.7115922570228577,0.6985580325126648,0.03130627050995827,0.6742549538612366,0.6751645803451538,0.6792698502540588,0.6838609576225281,0.6985580325126648,0.7474179267883301,0.7525893449783325,0.7613165378570557,0.7613165378570557
22400,-0.7115922570228577,3.287307024002075,3.2700984477996826,0.30760992637702395,0.7115922570228577,0.6985580325126648,0.03130627050995827,0.6742549538612366,0.6751645803451538,0.6792698502540588,0.6838609576225281,0.6985580325126648,0.7474179267883301,0.7525893449783325,0.7613165378570557,0.7613165378570557
22435,-0.7115922570228577,3.2892544269561768,3.272099256515503,0.3061350520168032,0.7115922570228577,0.6985580325126648,0.03130627050995827,0.6742549538612366,0.6751645803451538,0.6792698502540588,0.6838609576225281,0.6985580325126648,0.7474179267883301,0.7525893449783325,0.7613165378570557,0.7613165378570557
22470,-0.7115922570228577,3.2896296977996826,3.272529363632202,0.3049208074808121,0.7115922570228577,0.6985580325126648,0.03130627050995827,0.6742549538612366,0.6751645803451538,0.6792698502540588,0.6838609576225281,0.6985580325126648,0.7474179267883301,0.7525893449783325,0.7613165378570557,0.7613165378570557
22505,-0.7115922570228577,3.289759397506714,3.2726974487304688,0.30650403244154795,0.7115922570228577,0.6985580325126648,0.03130627050995827,0.6742549538612366,0.6751645803451538,0.6792698502540588,0.6838609576225281,0.6985580325126648,0.7474179267883301,0.7525893449783325,0.7613165378570557,0.7613165378570557
22540,-0.7115922570228577,3.2891054153442383,3.272066354751587,0.3069330219711576,0.7115922570228577,0.6985580325126648,0.03130627050995827,0.6742549538612366,0.6751645803451538,0.6792698502540588,0.6838609576225281,0.6985580325126648,0.7474179267883301,0.7525893449783325,0.7613165378570557,0.7613165378570557
22575,-0.7115922570228577,3.2872307300567627,3.2702455520629883,0.30586202442646027,0.7115922570228577,0.6985580325126648,0.03130627050995827,0.6742549538612366,0.6751645803451538,0.6792698502540588,0.6838609576225281,0.6985580325126648,0.7474179267883301,0.7525893449783325,0.7613165378570557,0.7613165378570557
22610,-0.7115922570228577,3.286799192428589,3.2698473930358887,0.30580918065139223,0.7115922570228577,0.6985580325126648,0.03130627050995827,0.6742549538612366,0.6751645803451538,0.6792698502540588,0.6838609576225281,0.6985580325126648,0.7474179267883301,0.7525893449783325,0.7613165378570557,0.7613165378570557
22645,-0.7115922570228577,3.28816819190979,3.271265745162964,0.305316869701658,0.7115922570228577,0.6985580325126648,0.03130627050995827,0.6742549538612366,0.6751645803451538,0.6792698502540588,0.6838609576225281,0.6985580325126648,0.7474179267883301,0.7525893449783325,0.7613165378570557,0.7613165378570557
22680,-0.7115922570228577,3.285700798034668,3.268831491470337,0.3052021414041519,0.7115922570228577,0.6985580325126648,0.03130627050995827,0.6742549538612366,0.6751645803451538,0.6792698502540588,0.6838609576225281,0.6985580325126648,0.7474179267883301,0.7525893449783325,0.7613165378570557,0.7613165378570557
22715,-0.7115922570228577,3.285249710083008,3.2684414386749268,0.30340270910944256,0.7115922570228577,0.6985580325126648,0.03130627050995827,0.6742549538612366,0.6751645803451538,0.6792698502540588,0.6838609576225281,0.6985580325126648,0.7474179267883301,0.7525893449783325,0.7613165378570557,0.7613165378570557
22750,-0.7115922570228577,3.2873616218566895,3.2706117630004883,0.3044365623167583,0.7115922570228577,0.6985580325126648,0.03130627050995827,0.6742549538612366,0.6751645803451538,0.6792698502540588,0.6838609576225281,0.6985580325126648,0.7474179267883301,0.7525893449783325,0.7613165378570557,0.7613165378570557
22785,-0.7115922570228577,3.286088228225708,3.269380807876587,0.3037511536053249,0.7115922570228577,0.6985580325126648,0.03130627050995827,0.6742549538612366,0.6751645803451538,0.6792698502540588,0.6838609576225281,0.6985580325126648,0.7474179267883301,0.7525893449783325,0.7613165378570557,0.7613165378570557
22820,-0.7115922570228577,3.2878382205963135,3.2711472511291504,0.30515587968485697,0.7115922570228577,0.6985580325126648,0.03130627050995827,0.6742549538612366,0.6751645803451538,0.6792698502540588,0.6838609576225281,0.6985580325126648,0.7474179267883301,0.7525893449783325,0.7613165378570557,0.7613165378570557
22855,-0.7115922570228577,3.2896103858947754,3.272916555404663,0.3053319901227951,0.7115922570228577,0.6985580325126648,0.03130627050995827,0.6742549538612366,0.6751645803451538,0.6792698502540588,0.6838609576225281,0.6985580325126648,0.7474179267883301,0.7525893449783325,0.7613165378570557,0.7613165378570557
22890,-0.7115922570228577,3.2884256839752197,3.2717809677124023,0.3055567592382431,0.7115922570228577,0.6985580325126648,0.03130627050995827,0.6742549538612366,0.6751645803451538,0.6792698502540588,0.6838609576225281,0.6985580325126648,0.7474179267883301,0.7525893449783325,0.7613165378570557,0.7613165378570557
22925,-0.7115922570228577,3.286298990249634,3.269705057144165,0.30460753611155916,0.7115922570228577,0.6985580325126648,0.03130627050995827,0.6742549538612366,0.6751645803451538,0.6792698502540588,0.6838609576225281,0.6985580325126648,0.7474179267883301,0.7525893449783325,0.7613165378570557,0.7613165378570557
22960,-0.7115922570228577,3.2828333377838135,3.266284704208374,0.30331790660108837,0.7115922570228577,0.6985580325126648,0.03130627050995827,0.6742549538612366,0.6751645803451538,0.6792698502540588,0.6838609576225281,0.6985580325126648,0.7474179267883301,0.7525893449783325,0.7613165378570557,0.7613165378570557
22995,-0.7115922570228577,3.285696506500244,3.2691829204559326,0.30271255331380026,0.7115922570228577,0.6985580325126648,0.03130627050995827,0.6742549538612366,0.6751645803451538,0.6792698502540588,0.6838609576225281,0.6985580325126648,0.7474179267883301,0.7525893449783325,0.7613165378570557,0.7613165378570557
23030,-0.7115922570228577,3.2868361473083496,3.270358085632324,0.3029671439102718,0.7115922570228577,0.6985580325126648,0.03130627050995827,0.6742549538612366,0.6751645803451538,0.6792698502540588,0.6838609576225281,0.6985580325126648,0.7474179267883301,0.7525893449783325,0.7613165378570557,0.7613165378570557
23065,-0.7115922570228577,3.2859911918640137,3.2695553302764893,0.30077910849026274,0.7115922570228577,0.6985580325126648,0.03130627050995827,0.6742549538612366,0.6751645803451538,0.6792698502540588,0.6838609576225281,0.6985580325126648,0.7474179267883301,0.7525893449783325,0.7613165378570557,0.7613165378570557
23100,-0.7115922570228577,3.283450126647949,3.267073154449463,0.300982945731708,0.7115922570228577,0.6985580325126648,0.03130627050995827,0.6742549538612366,0.6751645803451538,0.6792698502540588,0.6838609576225281,0.6985580325126648,0.7474179267883301,0.7525893449783325,0.7613165378570557,0.7613165378570557
23135,-0.7115922570228577,3.2792181968688965,3.262855291366577,0.29929707518645693,0.7115922570228577,0.6985580325126648,0.03130627050995827,0.6742549538612366,0.6751645803451538,0.6792698502540588,0.6838609576225281,0.6985580325126648,0.7474179267883301,0.7525893449783325,0.7613165378570557,0.7613165378570557
23170,-0.7115922570228577,3.276668071746826,3.2603399753570557,0.2995771212237222,0.7115922570228577,0.6985580325126648,0.03130627050995827,0.6742549538612366,0.6751645803451538,0.6792698502540588,0.6838609576225281,0.6985580325126648,0.7474179267883301,0.7525893449783325,0.7613165378570557,0.7613165378570557
23205,-0.7115922570228577,3.2768783569335938,3.2605931758880615,0.298390588590077,0.7115922570228577,0.6985580325126648,0.03130627050995827,0.6742549538612366,0.6751645803451538,0.6792698502540588,0.6838609576225281,0.6985580325126648,0.7474179267883301,0.7525893449783325,0.7613165378570557,0.7613165378570557
23240,-0.7115922570228577,3.276130437850952,3.2598800659179688,0.29915339819022585,0.7115922570228577,0.6985580325126648,0.03130627050995827,0.6742549538612366,0.6751645803451538,0.6792698502540588,0.6838609576225281,0.6985580325126648,0.7474179267883301,0.7525893449783325,0.7613165378570557,0.7613165378570557
23275,-0.7115922570228577,3.2793986797332764,3.2631757259368896,0.29786163781370434,0.7115922570228577,0.6985580325126648,0.03130627050995827,0.6742549538612366,0.6751645803451538,0.6792698502540588,0.6838609576225281,0.6985580325126648,0.7474179267883301,0.7525893449783325,0.7613165378570557,0.7613165378570557
23310,-0.7115922570228577,3.2768638134002686,3.260664939880371,0.2981301929269518,0.7115922570228577,0.6985580325126648,0.03130627050995827,0.6742549538612366,0.6751645803451538,0.6792698502540588,0.6838609576225281,0.6985580325126648,0.7474179267883301,0.7525893449783325,0.7613165378570557,0.7613165378570557
23345,-0.7115922570228577,3.2773678302764893,3.2612967491149902,0.2979320649589811,0.7115922570228577,0.6985580325126648,0.03130627050995827,0.6742549538612366,0.6751645803451538,0.6792698502540588,0.6838609576225281,0.6985580325126648,0.7474179267883301,0.7525893449783325,0.7613165378570557,0.7613165378570557
23380,-0.7115922570228577,3.2777764797210693,3.2617299556732178,0.29582912368433817,0.7115922570228577,0.6985580325126648,0.03130627050995827,0.6742549538612366,0.6751645803451538,0.6792698502540588,0.6838609576225281,0.6985580325126648,0.7474179267883301,0.7525893449783325,0.7613165378570557,0.7613165378570557
23415,-0.7115922570228577,3.279038906097412,3.263038396835327,0.29445464270455496,0.7115922570228577,0.6985580325126648,0.03130627050995827,0.6742549538612366,0.6751645803451538,0.6792698502540588,0.6838609576225281,0.6985580325126648,0.7474179267883301,0.7525893449783325,0.7613165378570557,0.7613165378570557
23450,-0.7115922570228577,3.2769370079040527,3.260998010635376,0.2949224369866507,0.7115922570228577,0.6985580325126648,0.03130627050995827,0.6742549538612366,0.6751645803451538,0.6792698502540588,0.6838609576225281,0.6985580325126648,0.7474179267883301,0.7525893449783325,0.7613165378570557,0.7613165378570557
23485,-0.7115922570228577,3.278768301010132,3.262882947921753,0.29474141768046785,0.7115922570228577,0.6985580325126648,0.03130627050995827,0.6742549538612366,0.6751645803451538,0.6792698502540588,0.6838609576225281,0.6985580325126648,0.7474179267883301,0.7525893449783325,0.7613165378570557,0.7613165378570557
23520,-0.7115922570228577,3.280989646911621,3.2651281356811523,0.29503057471343447,0.7115922570228577,0.6985580325126648,0.03130627050995827,0.6742549538612366,0.6751645803451538,0.6792698502540588,0.6838609576225281,0.6985580325126648,0.7474179267883301,0.7525893449783325,0.7613165378570557,0.7613165378570557
23555,-0.7115922570228577,3.2800791263580322,3.26423716545105,0.2958321762936456,0.7115922570228577,0.6985580325126648,0.03130627050995827,0.6742549538612366,0.6751645803451538,0.6792698502540588,0.6838609576225281,0.6985580325126648,0.7474179267883301,0.7525893449783325,0.7613165378570557,0.7613165378570557
23590,-0.7115922570228577,3.2793867588043213,3.263596296310425,0.29504912878785816,0.7115922570228577,0.6985580325126648,0.03130627050995827,0.6742549538612366,0.6751645803451538,0.6792698502540588,0.6838609576225281,0.6985580325126648,0.7474179267883301,0.7525893449783325,0.7613165378570557,0.7613165378570557
23625,-0.7115922570228577,3.2783992290496826,3.2626404762268066,0.29420830948012217,0.7115922570228577,0.6985580325126648,0.03130627050995827,0.6742549538612366,0.6751645803451538,0.6792698502540588,0.6838609576225281,0.6985580325126648,0.7474179267883301,0.7525893449783325,0.7613165378570557,0.7613165378570557
23660,-0.7115922570228577,3.2771527767181396,3.261430263519287,0.292652074779783,0.7115922570228577,0.6985580325126648,0.03130627050995827,0.6742549538612366,0.6751645803451538,0.6792698502540588,0.6838609576225281,0.6985580325126648,0.7474179267883301,0.7525893449783325,0.7613165378570557,0.7613165378570557
23695,-0.7115922570228577,3.275271415710449,3.2595839500427246,0.29215042293071747,0.7115922570228577,0.6985580325126648,0.03130627050995827,0.6742549538612366,0.6751645803451538,0.6792698502540588,0.6838609576225281,0.6985580325126648,0.7474179267883301,0.7525893449783325,0.7613165378570557,0.7613165378570557
23730,-0.7115922570228577,3.278196096420288,3.262544870376587,0.29113040225846426,0.7115922570228577,0.6985580325126648,0.03130627050995827,0.6742549538612366,0.6751645803451538,0.6792698502540588,0.6838609576225281,0.6985580325126648,0.7474179267883301,0.7525893449783325,0.7613165378570557,0.7613165378570557
23765,-0.7115922570228577,3.276736259460449,3.2611255645751953,0.2901017112391336,0.7115922570228577,0.6985580325126648,0.03130627050995827,0.6742549538612366,0.6751645803451538,0.6792698502540588,0.6838609576225281,0.6985580325126648,0.7474179267883301,0.7525893449783325,0.7613165378570557,0.7613165378570557
23800,-0.7115922570228577,3.2760701179504395,3.2604873180389404,0.2887191282851355,0.7115922570228577,0.6985580325126648,0.03130627050995827,0.6742549538612366,0.6751645803451538,0.6792698502540588,0.6838609576225281,0.6985580325126648,0.7474179267883301,0.7525893449783325,0.7613165378570557,0.7613165378570557
23835,-0.7115922570228577,3.2743079662323,3.258753776550293,0.28716873696872164,0.7115922570228577,0.6985580325126648,0.03130627050995827,0.6742549538612366,0.6751645803451538,0.6792698502540588,0.6838609576225281,0.6985580325126648,0.7474179267883301,0.7525893449783325,0.7613165378570557,0.7613165378570557
23870,-0.7115922570228577,3.2725706100463867,3.2570343017578125,0.2879797156367983,0.7115922570228577,0.6985580325126648,0.03130627050995827,0.6742549538612366,0.6751645803451538,0.6792698502540588,0.6838609576225281,0.6985580325126648,0.7474179267883301,0.7525893449783325,0.7613165378570557,0.7613165378570557
23905,-0.7115922570228577,3.273550510406494,3.2580199241638184,0.28867559134960175,0.7115922570228577,0.6985580325126648,0.03130627050995827,0.6742549538612366,0.6751645803451538,0.6792698502540588,0.6838609576225281,0.6985580325126648,0.7474179267883301,0.7525893449783325,0.7613165378570557,0.7613165378570557
23940,-0.7115922570228577,3.272580862045288,3.2570888996124268,0.2871601219688143,0.7115922570228577,0.6985580325126648,0.03130627050995827,0.6742549538612366,0.6751645803451538,0.6792698502540588,0.6838609576225281,0.6985580325126648,0.7474179267883301,0.7525893449783325,0.7613165378570557,0.7613165378570557
23975,-0.7115922570228577,3.272104263305664,3.2566421031951904,0.2882992284638541,0.7115922570228577,0.6985580325126648,0.03130627050995827,0.6742549538612366,0.6751645803451538,0.6792698502540588,0.6838609576225281,0.6985580325126648,0.7474179267883301,0.7525893449783325,0.7613165378570557,0.7613165378570557
24010,-0.7115922570228577,3.2715342044830322,3.256126880645752,0.28830296226910185,0.7115922570228577,0.6985580325126648,0.03130627050995827,0.6742549538612366,0.6751645803451538,0.6792698502540588,0.6838609576225281,0.6985580325126648,0.7474179267883301,0.7525893449783325,0.7613165378570557,0.7613165378570557
24045,-0.7115922570228577,3.2716686725616455,3.256330966949463,0.2874773698193686,0.7115922570228577,0.6985580325126648,0.03130627050995827,0.6742549538612366,0.6751645803451538,0.6792698502540588,0.6838609576225281,0.6985580325126648,0.7474179267883301,0.7525893449783325,0.7613165378570557,0.7613165378570557
24080,-0.7115922570228577,3.270787239074707,3.255507707595825,0.2852812430688313,0.7115922570228577,0.6985580325126648,0.03130627050995827,0.6742549538612366,0.6751645803451538,0.6792698502540588,0.6838609576225281,0.6985580325126648,0.7474179267883301,0.7525893449783325,0.7613165378570557,0.7613165378570557
24115,-0.7115922570228577,3.2688612937927246,3.2535979747772217,0.2857859283685684,0.7115922570228577,0.6985580325126648,0.03130627050995827,0.6742549538612366,0.6751645803451538,0.6792698502540588,0.6838609576225281,0.6985580325126648,0.7474179267883301,0.7525893449783325,0.7613165378570557,0.7613165378570557
24150,-0.7115922570228577,3.268918037414551,3.2536725997924805,0.28476778524262564,0.7115922570228577,0.6985580325126648,0.03130627050995827,0.6742549538612366,0.6751645803451538,0.6792698502540588,0.6838609576225281,0.6985580325126648,0.7474179267883301,0.7525893449783325,0.7613165378570557,0.7613165378570557
24185,-0.7115922570228577,3.2712326049804688,3.2560617923736572,0.2843096596854074,0.7115922570228577,0.6985580325126648,0.03130627050995827,0.6742549538612366,0.6751645803451538,0.6792698502540588,0.6838609576225281,0.6985580325126648,0.7474179267883301,0.7525893449783325,0.7613165378570557,0.7613165378570557
24220,-0.7115922570228577,3.2714407444000244,3.256347417831421,0.2808663376740047,0.7115922570228577,0.6985580325126648,0.03130627050995827,0.6742549538612366,0.6751645803451538,0.6792698502540588,0.6838609576225281,0.6985580325126648,0.7474179267883301,0.7525893449783325,0.7613165378570557,0.7613165378570557
24255,-0.7115922570228577,3.2695822715759277,3.254535436630249,0.2798024054084505,0.7115922570228577,0.6985580325126648,0.03130627050995827,0.6742549538612366,0.6751645803451538,0.6792698502540588,0.6838609576225281,0.6985580325126648,0.7474179267883301,0.7525893449783325,0.7613165378570557,0.7613165378570557
24290,-0.7115922570228577,3.2666494846343994,3.251614570617676,0.2784925848245621,0.7115922570228577,0.6985580325126648,0.03130627050995827,0.6742549538612366,0.6751645803451538,0.6792698502540588,0.6838609576225281,0.6985580325126648,0.7474179267883301,0.7525893449783325,0.7613165378570557,0.7613165378570557
24325,-0.7115922570228577,3.2659201622009277,3.2509119510650635,0.2777078683887209,0.7115922570228577,0.6985580325126648,0.03130627050995827,0.6742549538612366,0.6751645803451538,0.6792698502540588,0.6838609576225281,0.6985580325126648,0.7474179267883301,0.7525893449783325,0.7613165378570557,0.7613165378570557
24360,-0.7115922570228577,3.2680296897888184,3.2530314922332764,0.27858531049319674,0.7115922570228577,0.6985580325126648,0.03130627050995827,0.6742549538612366,0.6751645803451538,0.6792698502540588,0.6838609576225281,0.6985580325126648,0.7474179267883301,0.7525893449783325,0.7613165378570557,0.7613165378570557
24395,-0.7115922570228577,3.2667407989501953,3.251796245574951,0.2783559943948473,0.7115922570228577,0.6985580325126648,0.03130627050995827,0.6742549538612366,0.6751645803451538,0.6792698502540588,0.6838609576225281,0.6985580325126648,0.7474179267883301,0.7525893449783325,0.7613165378570557,0.7613165378570557
24430,-0.7115922570228577,3.269392490386963,3.2545325756073,0.27812623764787403,0.7115922570228577,0.6985580325126648,0.03130627050995827,0.6742549538612366,0.6751645803451538,0.6792698502540588,0.6838609576225281,0.6985580325126648,0.7474179267883301,0.7525893449783325,0.7613165378570557,0.7613165378570557
24465,-0.7115922570228577,3.266376256942749,3.2515549659729004,0.2765867028917585,0.7115922570228577,0.6985580325126648,0.03130627050995827,0.6742549538612366,0.6751645803451538,0.6792698502540588,0.6838609576225281,0.6985580325126648,0.7474179267883301,0.7525893449783325,0.7613165378570557,0.7613165378570557
24500,-0.7115922570228577,3.263587236404419,3.2488112449645996,0.27491832843848635,0.7115922570228577,0.6985580325126648,0.03130627050995827,0.6742549538612366,0.6751645803451538,0.6792698502540588,0.6838609576225281,0.6985580325126648,0.7474179267883301,0.7525893449783325,0.7613165378570557,0.7613165378570557
24535,-0.7115922570228577,3.2667832374572754,3.2520334720611572,0.2751926439149039,0.7115922570228577,0.6985580325126648,0.03130627050995827,0.6742549538612366,0.6751645803451538,0.6792698502540588,0.6838609576225281,0.6985580325126648,0.7474179267883301,0.7525893449783325,0.7613165378570557,0.7613165378570557
24570,-0.7115922570228577,3.2668235301971436,3.2520999908447266,0.2759070502860205,0.7115922570228577,0.6985580325126648,0.03130627050995827,0.6742549538612366,0.6751645803451538,0.6792698502540588,0.6838609576225281,0.6985580325126648,0.7474179267883301,0.7525893449783325,0.7613165378570557,0.7613165378570557
24605,-0.7115922570228577,3.26959228515625,3.2548863887786865,0.27470151441437857,0.7115922570228577,0.6985580325126648,0.03130627050995827,0.6742549538612366,0.6751645803451538,0.6792698502540588,0.6838609576225281,0.6985580325126648,0.7474179267883301,0.7525893449783325,0.7613165378570557,0.7613165378570557
24640,-0.7115922570228577,3.269968032836914,3.2553136348724365,0.27481256638254437,0.7115922570228577,0.6985580325126648,0.03130627050995827,0.6742549538612366,0.6751645803451538,0.6792698502540588,0.6838609576225281,0.6985580325126648,0.7474179267883301,0.7525893449783325,0.7613165378570557,0.7613165378570557
24675,-0.7115922570228577,3.2697393894195557,3.2551088333129883,0.2742372027465275,0.7115922570228577,0.6985580325126648,0.03130627050995827,0.6742549538612366,0.6751645803451538,0.6792698502540588,0.6838609576225281,0.6985580325126648,0.7474179267883301,0.7525893449783325,0.7613165378570557,0.7613165378570557
24710,-0.7115922570228577,3.268437147140503,3.253817558288574,0.27352918471608845,0.7115922570228577,0.6985580325126648,0.03130627050995827,0.6742549538612366,0.6751645803451538,0.6792698502540588,0.6838609576225281,0.6985580325126648,0.7474179267883301,0.7525893449783325,0.7613165378570557,0.7613165378570557
24745,-0.7115922570228577,3.269376277923584,3.254842519760132,0.272998537336077,0.7115922570228577,0.6985580325126648,0.03130627050995827,0.6742549538612366,0.6751645803451538,0.6792698502540588,0.6838609576225281,0.6985580325126648,0.7474179267883301,0.7525893449783325,0.7613165378570557,0.7613165378570557
24780,-0.7115922570228577,3.2709975242614746,3.256493330001831,0.270882248878479,0.7115922570228577,0.6985580325126648,0.03130627050995827,0.6742549538612366,0.6751645803451538,0.6792698502540588,0.6838609576225281,0.6985580325126648,0.7474179267883301,0.7525893449783325,0.7613165378570557,0.7613165378570557
24815,-0.7115922570228577,3.271436929702759,3.2569267749786377,0.27131533196994234,0.7115922570228577,0.6985580325126648,0.03130627050995827,0.6742549538612366,0.6751645803451538,0.6792698502540588,0.6838609576225281,0.6985580325126648,0.7474179267883301,0.7525893449783325,0.7613165378570557,0.7613165378570557
24850,-0.7115922570228577,3.270493984222412,3.256037712097168,0.2694358889545713,0.7115922570228577,0.6985580325126648,0.03130627050995827,0.6742549538612366,0.6751645803451538,0.6792698502540588,0.6838609576225281,0.6985580325126648,0.7474179267883301,0.7525893449783325,0.7613165378570557,0.7613165378570557
24885,-0.7115922570228577,3.269714117050171,3.2552947998046875,0.26854416515145985,0.7115922570228577,0.6985580325126648,0.03130627050995827,0.6742549538612366,0.6751645803451538,0.6792698502540588,0.6838609576225281,0.6985580325126648,0.7474179267883301,0.7525893449783325,0.7613165378570557,0.7613165378570557
24920,-0.7115922570228577,3.269904851913452,3.2555360794067383,0.2680722879511969,0.7115922570228577,0.6985580325126648,0.03130627050995827,0.6742549538612366,0.6751645803451538,0.6792698502540588,0.6838609576225281,0.6985580325126648,0.7474179267883301,0.7525893449783325,0.7613165378570557,0.7613165378570557
24955,-0.7115922570228577,3.2709226608276367,3.256624221801758,0.2662006084408079,0.7115922570228577,0.6985580325126648,0.03130627050995827,0.6742549538612366,0.6751645803451538,0.6792698502540588,0.6838609576225281,0.6985580325126648,0.7474179267883301,0.7525893449783325,0.7613165378570557,0.7613165378570557
24990,-0.7115922570228577,3.2698044776916504,3.255575656890869,0.2640271271978106,0.7115922570228577,0.6985580325126648,0.03130627050995827,0.6742549538612366,0.6751645803451538,0.6792698502540588,0.6838609576225281,0.6985580325126648,0.7474179267883301,0.7525893449783325,0.7613165378570557,0.7613165378570557
25025,-0.7115922570228577,3.2687489986419678,3.254556179046631,0.2645922154188156,0.7115922570228577,0.6985580325126648,0.03130627050995827,0.6742549538612366,0.6751645803451538,0.6792698502540588,0.6838609576225281,0.6985580325126648,0.7474179267883301,0.7525893449783325,0.7613165378570557,0.7613165378570557
25060,-0.7115922570228577,3.268298625946045,3.254157781600952,0.26694224774837494,0.7115922570228577,0.6985580325126648,0.03130627050995827,0.6742549538612366,0.6751645803451538,0.6792698502540588,0.6838609576225281,0.6985580325126648,0.7474179267883301,0.7525893449783325,0.7613165378570557,0.7613165378570557
25095,-0.7115922570228577,3.265080451965332,3.250973701477051,0.2662317156791687,0.7115922570228577,0.6985580325126648,0.03130627050995827,0.6742549538612366,0.6751645803451538,0.6792698502540588,0.6838609576225281,0.6985580325126648,0.7474179267883301,0.7525893449783325,0.7613165378570557,0.7613165378570557
25130,-0.7115922570228577,3.268826961517334,3.254756450653076,0.26648470759391785,0.7115922570228577,0.6985580325126648,0.03130627050995827,0.6742549538612366,0.6751645803451538,0.6792698502540588,0.6838609576225281,0.6985580325126648,0.7474179267883301,0.7525893449783325,0.7613165378570557,0.7613165378570557
25165,-0.7115922570228577,3.2690844535827637,3.2550699710845947,0.26768920038427624,0.7115922570228577,0.6985580325126648,0.03130627050995827,0.6742549538612366,0.6751645803451538,0.6792698502540588,0.6838609576225281,0.6985580325126648,0.7474179267883301,0.7525893449783325,0.7613165378570557,0.7613165378570557
25200,-0.7115922570228577,3.268033027648926,3.2540512084960938,0.26683421432971954,0.7115922570228577,0.6985580325126648,0.03130627050995827,0.6742549538612366,0.6751645803451538,0.6792698502540588,0.6838609576225281,0.6985580325126648,0.7474179267883301,0.7525893449783325,0.7613165378570557,0.7613165378570557
25235,-0.7115922570228577,3.270383358001709,3.2564196586608887,0.2660592922142574,0.7115922570228577,0.6985580325126648,0.03130627050995827,0.6742549538612366,0.6751645803451538,0.6792698502540588,0.6838609576225281,0.6985580325126648,0.7474179267883301,0.7525893449783325,0.7613165378570557,0.7613165378570557
25270,-0.7115922570228577,3.2676308155059814,3.2536911964416504,0.2644298779112952,0.7115922570228577,0.6985580325126648,0.03130627050995827,0.6742549538612366,0.6751645803451538,0.6792698502540588,0.6838609576225281,0.6985580325126648,0.7474179267883301,0.7525893449783325,0.7613165378570557,0.7613165378570557
25305,-0.7115922570228577,3.264756679534912,3.2508385181427,0.2641503129686628,0.7115922570228577,0.6985580325126648,0.03130627050995827,0.6742549538612366,0.6751645803451538,0.6792698502540588,0.6838609576225281,0.6985580325126648,0.7474179267883301,0.7525893449783325,0.7613165378570557,0.7613165378570557
25340,-0.7115922570228577,3.2652504444122314,3.251373291015625,0.2663069303546633,0.7115922570228577,0.6985580325126648,0.03130627050995827,0.6742549538612366,0.6751645803451538,0.6792698502540588,0.6838609576225281,0.6985580325126648,0.7474179267883301,0.7525893449783325,0.7613165378570557,0.7613165378570557
25375,-0.7115922570228577,3.2654852867126465,3.251650810241699,0.26598192964281353,0.7115922570228577,0.6985580325126648,0.03130627050995827,0.6742549538612366,0.6751645803451538,0.6792698502540588,0.6838609576225281,0.6985580325126648,0.7474179267883301,0.7525893449783325,0.7613165378570557,0.7613165378570557
25410,-0.7115922570228577,3.2636947631835938,3.2498910427093506,0.2620718628168106,0.7115922570228577,0.6985580325126648,0.03130627050995827,0.6742549538612366,0.6751645803451538,0.6792698502540588,0.6838609576225281,0.6985580325126648,0.7474179267883301,0.7525893449783325,0.7613165378570557,0.7613165378570557
25445,-0.7115922570228577,3.2592177391052246,3.245434522628784,0.2600516229867935,0.7115922570228577,0.6985580325126648,0.03130627050995827,0.6742549538612366,0.6751645803451538,0.6792698502540588,0.6838609576225281,0.6985580325126648,0.7474179267883301,0.7525893449783325,0.7613165378570557,0.7613165378570557
25480,-0.7115922570228577,3.255452871322632,3.2417151927948,0.2594760081597737,0.7115922570228577,0.6985580325126648,0.03130627050995827,0.6742549538612366,0.6751645803451538,0.6792698502540588,0.6838609576225281,0.6985580325126648,0.7474179267883301,0.7525893449783325,0.7613165378570557,0.7613165378570557
25515,-0.7115922570228577,3.2543632984161377,3.2406532764434814,0.26031285311494556,0.7115922570228577,0.6985580325126648,0.03130627050995827,0.6742549538612366,0.6751645803451538,0.6792698502540588,0.6838609576225281,0.6985580325126648,0.7474179267883301,0.7525893449783325,0.7613165378570557,0.7613165378570557
25550,-0.7115922570228577,3.253103733062744,3.2394235134124756,0.2594134339264461,0.7115922570228577,0.6985580325126648,0.03130627050995827,0.6742549538612366,0.6751645803451538,0.6792698502540588,0.6838609576225281,0.6985580325126648,0.7474179267883301,0.7525893449783325,0.7613165378570557,0.7613165378570557
25585,-0.7115922570228577,3.2489261627197266,3.235264539718628,0.2590202646596091,0.7115922570228577,0.6985580325126648,0.03130627050995827,0.6742549538612366,0.6751645803451538,0.6792698502540588,0.6838609576225281,0.6985580325126648,0.7474179267883301,0.7525893449783325,0.7613165378570557,0.7613165378570557
25620,-0.7115922570228577,3.248868465423584,3.235246181488037,0.2570272215775081,0.7115922570228577,0.6985580325126648,0.03130627050995827,0.6742549538612366,0.6751645803451538,0.6792698502540588,0.6838609576225281,0.6985580325126648,0.7474179267883301,0.7525893449783325,0.7613165378570557,0.7613165378570557
25655,-0.7115922570228577,3.2496449947357178,3.236037492752075,0.25807312769549234,0.7115922570228577,0.6985580325126648,0.03130627050995827,0.6742549538612366,0.6751645803451538,0.6792698502540588,0.6838609576225281,0.6985580325126648,0.7474179267883301,0.7525893449783325,0.7613165378570557,0.7613165378570557
25690,-0.7115922570228577,3.250112295150757,3.2365500926971436,0.25775869616440367,0.7115922570228577,0.6985580325126648,0.03130627050995827,0.6742549538612366,0.6751645803451538,0.6792698502540588,0.6838609576225281,0.6985580325126648,0.7474179267883301,0.7525893449783325,0.7613165378570557,0.7613165378570557
25725,-0.7115922570228577,3.251201868057251,3.2376949787139893,0.2561595014163426,0.7115922570228577,0.6985580325126648,0.03130627050995827,0.6742549538612366,0.6751645803451538,0.6792698502540588,0.6838609576225281,0.6985580325126648,0.7474179267883301,0.7525893449783325,0.7613165378570557,0.7613165378570557
25760,-0.7115922570228577,3.251845598220825,3.2383787631988525,0.25494625525815146,0.7115922570228577,0.6985580325126648,0.03130627050995827,0.6742549538612366,0.6751645803451538,0.6792698502540588,0.6838609576225281,0.6985580325126648,0.7474179267883301,0.7525893449783325,0.7613165378570557,0.7613165378570557
25795,-0.7115922570228577,3.2504172325134277,3.2370097637176514,0.253727844783238,0.7115922570228577,0.6985580325126648,0.03130627050995827,0.6742549538612366,0.6751645803451538,0.6792698502540588,0.6838609576225281,0.6985580325126648,0.7474179267883301,0.7525893449783325,0.7613165378570557,0.7613165378570557
25830,-0.7115922570228577,3.249263286590576,3.23588490486145,0.2520161632980619,0.7115922570228577,0.6985580325126648,0.03130627050995827,0.6742549538612366,0.6751645803451538,0.6792698502540588,0.6838609576225281,0.6985580325126648,0.7474179267883301,0.7525893449783325,0.7613165378570557,0.7613165378570557
25865,-0.7115922570228577,3.250227451324463,3.23686146736145,0.25139101913997103,0.7115922570228577,0.6985580325126648,0.03130627050995827,0.6742549538612366,0.6751645803451538,0.6792698502540588,0.6838609576225281,0.6985580325126648,0.7474179267883301,0.7525893449783325,0.7613165378570557,0.7613165378570557
25900,-0.7115922570228577,3.247957229614258,3.234607458114624,0.2492920117718833,0.7115922570228577,0.6985580325126648,0.03130627050995827,0.6742549538612366,0.6751645803451538,0.6792698502540588,0.6838609576225281,0.6985580325126648,0.7474179267883301,0.7525893449783325,0.7613165378570557,0.7613165378570557
25935,-0.7115922570228577,3.2463226318359375,3.232974052429199,0.24967002868652344,0.7115922570228577,0.6985580325126648,0.03130627050995827,0.6742549538612366,0.6751645803451538,0.6792698502540588,0.6838609576225281,0.6985580325126648,0.7474179267883301,0.7525893449783325,0.7613165378570557,0.7613165378570557
25970,-0.7115922570228577,3.2421512603759766,3.2288968563079834,0.24978065490722656,0.7115922570228577,0.6985580325126648,0.03130627050995827,0.6742549538612366,0.6751645803451538,0.6792698502540588,0.6838609576225281,0.6985580325126648,0.7474179267883301,0.7525893449783325,0.7613165378570557,0.7613165378570557
26005,-0.7115922570228577,3.2424509525299072,3.2292585372924805,0.24888797104358673,0.7115922570228577,0.6985580325126648,0.03130627050995827,0.6742549538612366,0.6751645803451538,0.6792698502540588,0.6838609576225281,0.6985580325126648,0.7474179267883301,0.7525893449783325,0.7613165378570557,0.7613165378570557
26040,-0.7115922570228577,3.2426810264587402,3.2295191287994385,0.2504044196435383,0.7115922570228577,0.6985580325126648,0.03130627050995827,0.6742549538612366,0.6751645803451538,0.6792698502540588,0.6838609576225281,0.6985580325126648,0.7474179267883301,0.7525893449783325,0.7613165378570557,0.7613165378570557
26075,-0.7115922570228577,3.2411768436431885,3.2280471324920654,0.2495550023657935,0.7115922570228577,0.6985580325126648,0.03130627050995827,0.6742549538612366,0.6751645803451538,0.6792698502540588,0.6838609576225281,0.6985580325126648,0.7474179267883301,0.7525893449783325,0.7613165378570557,0.7613165378570557
26110,-0.7115922570228577,3.240222454071045,3.2271311283111572,0.24989824848515646,0.7115922570228577,0.6985580325126648,0.03130627050995827,0.6742549538612366,0.6751645803451538,0.6792698502540588,0.6838609576225281,0.6985580325126648,0.7474179267883301,0.7525893449783325,0.7613165378570557,0.7613165378570557
26145,-0.7115922570228577,3.239243984222412,3.226180076599121,0.24817135291440146,0.7115922570228577,0.6985580325126648,0.03130627050995827,0.6742549538612366,0.6751645803451538,0.6792698502540588,0.6838609576225281,0.6985580325126648,0.7474179267883301,0.7525893449783325,0.7613165378570557,0.7613165378570557
26180,-0.7115922570228577,3.2402889728546143,3.22723388671875,0.24641341822487967,0.7115922570228577,0.6985580325126648,0.03130627050995827,0.6742549538612366,0.6751645803451538,0.6792698502540588,0.6838609576225281,0.6985580325126648,0.7474179267883301,0.7525893449783325,0.7613165378570557,0.7613165378570557
26215,-0.7115922570228577,3.2380688190460205,3.225039482116699,0.24782295950821467,0.7115922570228577,0.6985580325126648,0.03130627050995827,0.6742549538612366,0.6751645803451538,0.6792698502540588,0.6838609576225281,0.6985580325126648,0.7474179267883301,0.7525893449783325,0.7613165378570557,0.7613165378570557
26250,-0.7115922570228577,3.2399513721466064,3.226956367492676,0.24605008108275278,0.7115922570228577,0.6985580325126648,0.03130627050995827,0.6742549538612366,0.6751645803451538,0.6792698502540588,0.6838609576225281,0.6985580325126648,0.7474179267883301,0.7525893449783325,0.7613165378570557,0.7613165378570557
26285,-0.7115922570228577,3.2385828495025635,3.225619077682495,0.24533448900495256,0.7115922570228577,0.6985580325126648,0.03130627050995827,0.6742549538612366,0.6751645803451538,0.6792698502540588,0.6838609576225281,0.6985580325126648,0.7474179267883301,0.7525893449783325,0.7613165378570557,0.7613165378570557
26320,-0.7115922570228577,3.245004892349243,3.23207688331604,0.24439313794885362,0.7115922570228577,0.6985580325126648,0.03130627050995827,0.6742549538612366,0.6751645803451538,0.6792698502540588,0.6838609576225281,0.6985580325126648,0.7474179267883301,0.7525893449783325,0.7613165378570557,0.7613165378570557
26355,-0.7115922570228577,3.2459335327148438,3.2330329418182373,0.24361244695527212,0.7115922570228577,0.6985580325126648,0.03130627050995827,0.6742549538612366,0.6751645803451538,0.6792698502540588,0.6838609576225281,0.6985580325126648,0.7474179267883301,0.7525893449783325,0.7613165378570557,0.7613165378570557
26390,-0.7115922570228577,3.2452738285064697,3.2324271202087402,0.24092782395226614,0.7115922570228577,0.6985580325126648,0.03130627050995827,0.6742549538612366,0.6751645803451538,0.6792698502540588,0.6838609576225281,0.6985580325126648,0.7474179267883301,0.7525893449783325,0.7613165378570557,0.7613165378570557
26425,-0.7115922570228577,3.2465410232543945,3.233712673187256,0.24131847066538675,0.7115922570228577,0.6985580325126648,0.03130627050995827,0.6742549538612366,0.6751645803451538,0.6792698502540588,0.6838609576225281,0.6985580325126648,0.7474179267883301,0.7525893449783325,0.7613165378570557,0.7613165378570557
26460,-0.7115922570228577,3.2449185848236084,3.2321109771728516,0.24017296305724553,0.7115922570228577,0.6985580325126648,0.03130627050995827,0.6742549538612366,0.6751645803451538,0.6792698502540588,0.6838609576225281,0.6985580325126648,0.7474179267883301,0.7525893449783325,0.7613165378570557,0.7613165378570557
26495,-0.7115922570228577,3.2435390949249268,3.2307627201080322,0.23986735301358358,0.7115922570228577,0.6985580325126648,0.03130627050995827,0.6742549538612366,0.6751645803451538,0.6792698502540588,0.6838609576225281,0.6985580325126648,0.7474179267883301,0.7525893449783325,0.7613165378570557,0.7613165378570557
26530,-0.7115922570228577,3.242255926132202,3.2295165061950684,0.2395281387226922,0.7115922570228577,0.6985580325126648,0.03130627050995827,0.6742549538612366,0.6751645803451538,0.6792698502540588,0.6838609576225281,0.6985580325126648,0.7474179267883301,0.7525893449783325,0.7613165378570557,0.7613165378570557
26565,-0.7115922570228577,3.242194175720215,3.2294974327087402,0.23613103372710093,0.7115922570228577,0.6985580325126648,0.03130627050995827,0.6742549538612366,0.6751645803451538,0.6792698502540588,0.6838609576225281,0.6985580325126648,0.7474179267883301,0.7525893449783325,0.7613165378570557,0.7613165378570557
26600,-0.7115922570228577,3.241379976272583,3.228712320327759,0.23646607995033264,0.7115922570228577,0.6985580325126648,0.03130627050995827,0.6742549538612366,0.6751645803451538,0.6792698502540588,0.6838609576225281,0.6985580325126648,0.7474179267883301,0.7525893449783325,0.7613165378570557,0.7613165378570557
26635,-0.7115922570228577,3.241495370864868,3.228844165802002,0.23626987423215592,0.7115922570228577,0.6985580325126648,0.03130627050995827,0.6742549538612366,0.6751645803451538,0.6792698502540588,0.6838609576225281,0.6985580325126648,0.7474179267883301,0.7525893449783325,0.7613165378570557,0.7613165378570557
26670,-0.7115922570228577,3.2412946224212646,3.228651523590088,0.23712011320250376,0.7115922570228577,0.6985580325126648,0.03130627050995827,0.6742549538612366,0.6751645803451538,0.6792698502540588,0.6838609576225281,0.6985580325126648,0.7474179267883301,0.7525893449783325,0.7613165378570557,0.7613165378570557
26705,-0.7115922570228577,3.242119312286377,3.229469060897827,0.23723797074386052,0.7115922570228577,0.6985580325126648,0.03130627050995827,0.6742549538612366,0.6751645803451538,0.6792698502540588,0.6838609576225281,0.6985580325126648,0.7474179267883301,0.7525893449783325,0.7613165378570557,0.7613165378570557
26740,-0.7115922570228577,3.2407987117767334,3.2281744480133057,0.23522795949663436,0.7115922570228577,0.6985580325126648,0.03130627050995827,0.6742549538612366,0.6751645803451538,0.6792698502540588,0.6838609576225281,0.6985580325126648,0.7474179267883301,0.7525893449783325,0.7613165378570557,0.7613165378570557
26775,-0.7115922570228577,3.2408626079559326,3.228285312652588,0.23396930311407363,0.7115922570228577,0.6985580325126648,0.03130627050995827,0.6742549538612366,0.6751645803451538,0.6792698502540588,0.6838609576225281,0.6985580325126648,0.7474179267883301,0.7525893449783325,0.7613165378570557,0.7613165378570557
26810,-0.7115922570228577,3.24281907081604,3.2302494049072266,0.23350293934345245,0.7115922570228577,0.6985580325126648,0.03130627050995827,0.6742549538612366,0.6751645803451538,0.6792698502540588,0.6838609576225281,0.6985580325126648,0.7474179267883301,0.7525893449783325,0.7613165378570557,0.7613165378570557
26845,-0.7115922570228577,3.2420713901519775,3.2295830249786377,0.23285143503120967,0.7115922570228577,0.6985580325126648,0.03130627050995827,0.6742549538612366,0.6751645803451538,0.6792698502540588,0.6838609576225281,0.6985580325126648,0.7474179267883301,0.7525893449783325,0.7613165378570557,0.7613165378570557
26880,-0.7115922570228577,3.241098403930664,3.228649377822876,0.23092304808752878,0.7115922570228577,0.6985580325126648,0.03130627050995827,0.6742549538612366,0.6751645803451538,0.6792698502540588,0.6838609576225281,0.6985580325126648,0.7474179267883301,0.7525893449783325,0.7613165378570557,0.7613165378570557
26915,-0.7115922570228577,3.2397639751434326,3.2273428440093994,0.22958496638706752,0.7115922570228577,0.6985580325126648,0.03130627050995827,0.6742549538612366,0.6751645803451538,0.6792698502540588,0.6838609576225281,0.6985580325126648,0.7474179267883301,0.7525893449783325,0.7613165378570557,0.7613165378570557
26950,-0.7115922570228577,3.2379744052886963,3.2255699634552,0.22977653997285025,0.7115922570228577,0.6985580325126648,0.03130627050995827,0.6742549538612366,0.6751645803451538,0.6792698502540588,0.6838609576225281,0.6985580325126648,0.7474179267883301,0.7525893449783325,0.7613165378570557,0.7613165378570557
26985,-0.7115922570228577,3.2397451400756836,3.2273857593536377,0.22802581531660898,0.7115922570228577,0.6985580325126648,0.03130627050995827,0.6742549538612366,0.6751645803451538,0.6792698502540588,0.6838609576225281,0.6985580325126648,0.7474179267883301,0.7525893449783325,0.7613165378570557,0.7613165378570557
27020,-0.7115922570228577,3.2390668392181396,3.22672176361084,0.22707764165742056,0.7115922570228577,0.6985580325126648,0.03130627050995827,0.6742549538612366,0.6751645803451538,0.6792698502540588,0.6838609576225281,0.6985580325126648,0.7474179267883301,0.7525893449783325,0.7613165378570557,0.7613165378570557
27055,-0.7115922570228577,3.2389955520629883,3.2266650199890137,0.22591440166745866,0.7115922570228577,0.6985580325126648,0.03130627050995827,0.6742549538612366,0.6751645803451538,0.6792698502540588,0.6838609576225281,0.6985580325126648,0.7474179267883301,0.7525893449783325,0.7613165378570557,0.7613165378570557
27090,-0.7115922570228577,3.236701726913452,3.2243964672088623,0.22480795426028116,0.7115922570228577,0.6985580325126648,0.03130627050995827,0.6742549538612366,0.6751645803451538,0.6792698502540588,0.6838609576225281,0.6985580325126648,0.7474179267883301,0.7525893449783325,0.7613165378570557,0.7613165378570557
27125,-0.7115922570228577,3.235114812850952,3.2228293418884277,0.22568018308707646,0.7115922570228577,0.6985580325126648,0.03130627050995827,0.6742549538612366,0.6751645803451538,0.6792698502540588,0.6838609576225281,0.6985580325126648,0.7474179267883301,0.7525893449783325,0.7613165378570557,0.7613165378570557
27160,-0.7115922570228577,3.2355475425720215,3.2233076095581055,0.22651611481394088,0.7115922570228577,0.6985580325126648,0.03130627050995827,0.6742549538612366,0.6751645803451538,0.6792698502540588,0.6838609576225281,0.6985580325126648,0.7474179267883301,0.7525893449783325,0.7613165378570557,0.7613165378570557
27195,-0.7115922570228577,3.2360122203826904,3.223802089691162,0.22790302549089705,0.7115922570228577,0.6985580325126648,0.03130627050995827,0.6742549538612366,0.6751645803451538,0.6792698502540588,0.6838609576225281,0.6985580325126648,0.7474179267883301,0.7525893449783325,0.7613165378570557,0.7613165378570557
27230,-0.7115922570228577,3.234833240509033,3.2226614952087402,0.22523837430136545,0.7115922570228577,0.6985580325126648,0.03130627050995827,0.6742549538612366,0.6751645803451538,0.6792698502540588,0.6838609576225281,0.6985580325126648,0.7474179267883301,0.7525893449783325,0.7613165378570557,0.7613165378570557
27265,-0.7115922570228577,3.2333054542541504,3.221156597137451,0.22492405559335435,0.7115922570228577,0.6985580325126648,0.03130627050995827,0.6742549538612366,0.6751645803451538,0.6792698502540588,0.6838609576225281,0.6985580325126648,0.7474179267883301,0.7525893449783325,0.7613165378570557,0.7613165378570557
27300,-0.7115922570228577,3.232764482498169,3.2206225395202637,0.22417710082871573,0.7115922570228577,0.6985580325126648,0.03130627050995827,0.6742549538612366,0.6751645803451538,0.6792698502540588,0.6838609576225281,0.6985580325126648,0.7474179267883301,0.7525893449783325,0.7613165378570557,0.7613165378570557
27335,-0.7115922570228577,3.232823371887207,3.220717430114746,0.2237156139952796,0.7115922570228577,0.6985580325126648,0.03130627050995827,0.6742549538612366,0.6751645803451538,0.6792698502540588,0.6838609576225281,0.6985580325126648,0.7474179267883301,0.7525893449783325,0.7613165378570557,0.7613165378570557
27370,-0.7115922570228577,3.233771324157715,3.2216901779174805,0.22250568653856004,0.7115922570228577,0.6985580325126648,0.03130627050995827,0.6742549538612366,0.6751645803451538,0.6792698502540588,0.6838609576225281,0.6985580325126648,0.7474179267883301,0.7525893449783325,0.7613165378570557,0.7613165378570557
27405,-0.7115922570228577,3.2339837551116943,3.2219250202178955,0.22148237696715764,0.7115922570228577,0.6985580325126648,0.03130627050995827,0.6742549538612366,0.6751645803451538,0.6792698502540588,0.6838609576225281,0.6985580325126648,0.7474179267883301,0.7525893449783325,0.7613165378570557,0.7613165378570557
27440,-0.7115922570228577,3.2351224422454834,3.2230963706970215,0.2193545060498374,0.7115922570228577,0.6985580325126648,0.03130627050995827,0.6742549538612366,0.6751645803451538,0.6792698502540588,0.6838609576225281,0.6985580325126648,0.7474179267883301,0.7525893449783325,0.7613165378570557,0.7613165378570557
27475,-0.7115922570228577,3.23542857170105,3.223423719406128,0.21850872678416117,0.7115922570228577,0.6985580325126648,0.03130627050995827,0.6742549538612366,0.6751645803451538,0.6792698502540588,0.6838609576225281,0.6985580325126648,0.7474179267883301,0.7525893449783325,0.7613165378570557,0.7613165378570557
27510,-0.7115922570228577,3.234412431716919,3.2224485874176025,0.21870518795081548,0.7115922570228577,0.6985580325126648,0.03130627050995827,0.6742549538612366,0.6751645803451538,0.6792698502540588,0.6838609576225281,0.6985580325126648,0.7474179267883301,0.7525893449783325,0.7613165378570557,0.7613165378570557
27545,-0.7115922570228577,3.233903408050537,3.2219605445861816,0.2167919533593314,0.7115922570228577,0.6985580325126648,0.03130627050995827,0.6742549538612366,0.6751645803451538,0.6792698502540588,0.6838609576225281,0.6985580325126648,0.7474179267883301,0.7525893449783325,0.7613165378570557,0.7613165378570557
27580,-0.7115922570228577,3.234071731567383,3.2221555709838867,0.2180997771876199,0.7115922570228577,0.6985580325126648,0.03130627050995827,0.6742549538612366,0.6751645803451538,0.6792698502540588,0.6838609576225281,0.6985580325126648,0.7474179267883301,0.7525893449783325,0.7613165378570557,0.7613165378570557
27615,-0.7115922570228577,3.235466718673706,3.223574638366699,0.21910319370882853,0.7115922570228577,0.6985580325126648,0.03130627050995827,0.6742549538612366,0.6751645803451538,0.6792698502540588,0.6838609576225281,0.6985580325126648,0.7474179267883301,0.7525893449783325,0.7613165378570557,0.7613165378570557
27650,-0.7115922570228577,3.236063241958618,3.2241883277893066,0.21792259173733847,0.7115922570228577,0.6985580325126648,0.03130627050995827,0.6742549538612366,0.6751645803451538,0.6792698502540588,0.6838609576225281,0.6985580325126648,0.7474179267883301,0.7525893449783325,0.7613165378570557,0.7613165378570557
27685,-0.7115922570228577,3.2362301349639893,3.224400281906128,0.21779671098504746,0.7115922570228577,0.6985580325126648,0.03130627050995827,0.6742549538612366,0.6751645803451538,0.6792698502540588,0.6838609576225281,0.6985580325126648,0.7474179267883301,0.7525893449783325,0.7613165378570557,0.7613165378570557
27720,-0.7115922570228577,3.2340803146362305,3.222259521484375,0.21672268850462778,0.7115922570228577,0.6985580325126648,0.03130627050995827,0.6742549538612366,0.6751645803451538,0.6792698502540588,0.6838609576225281,0.6985580325126648,0.7474179267883301,0.7525893449783325,0.7613165378570557,0.7613165378570557
27755,-0.7115922570228577,3.234812021255493,3.223008632659912,0.21737889732633317,0.7115922570228577,0.6985580325126648,0.03130627050995827,0.6742549538612366,0.6751645803451538,0.6792698502540588,0.6838609576225281,0.6985580325126648,0.7474179267883301,0.7525893449783325,0.7613165378570557,0.7613165378570557
27790,-0.7115922570228577,3.2344985008239746,3.2227060794830322,0.2180509098938533,0.7115922570228577,0.6985580325126648,0.03130627050995827,0.6742549538612366,0.6751645803451538,0.6792698502540588,0.6838609576225281,0.6985580325126648,0.7474179267883301,0.7525893449783325,0.7613165378570557,0.7613165378570557
27825,-0.7115922570228577,3.2358086109161377,3.2240591049194336,0.2183888064963477,0.7115922570228577,0.6985580325126648,0.03130627050995827,0.6742549538612366,0.6751645803451538,0.6792698502540588,0.6838609576225281,0.6985580325126648,0.7474179267883301,0.7525893449783325,0.7613165378570557,0.7613165378570557
27860,-0.7115922570228577,3.236668586730957,3.2249393463134766,0.21792459275041307,0.7115922570228577,0.6985580325126648,0.03130627050995827,0.6742549538612366,0.6751645803451538,0.6792698502540588,0.6838609576225281,0.6985580325126648,0.7474179267883301,0.7525893449783325,0.7613165378570557,0.7613165378570557
27895,-0.7115922570228577,3.2379560470581055,3.2262725830078125,0.21953704527446202,0.7115922570228577,0.6985580325126648,0.03130627050995827,0.6742549538612366,0.6751645803451538,0.6792698502540588,0.6838609576225281,0.6985580325126648,0.7474179267883301,0.7525893449783325,0.7613165378570557,0.7613165378570557
27930,-0.7115922570228577,3.234618902206421,3.222949743270874,0.2190161028078624,0.7115922570228577,0.6985580325126648,0.03130627050995827,0.6742549538612366,0.6751645803451538,0.6792698502540588,0.6838609576225281,0.6985580325126648,0.7474179267883301,0.7525893449783325,0.7613165378570557,0.7613165378570557
27965,-0.7115922570228577,3.230029821395874,3.2183752059936523,0.21945044611181533,0.7115922570228577,0.6985580325126648,0.03130627050995827,0.6742549538612366,0.6751645803451538,0.6792698502540588,0.6838609576225281,0.6985580325126648,0.7474179267883301,0.7525893449783325,0.7613165378570557,0.7613165378570557
28000,-0.7115922570228577,3.226813554763794,3.2151763439178467,0.21941295053277696,0.7115922570228577,0.6985580325126648,0.03130627050995827,0.6742549538612366,0.6751645803451538,0.6792698502540588,0.6838609576225281,0.6985580325126648,0.7474179267883301,0.7525893449783325,0.7613165378570557,0.7613165378570557
28035,-0.7115922570228577,3.2287416458129883,3.2171456813812256,0.21890090618814742,0.7115922570228577,0.6985580325126648,0.03130627050995827,0.6742549538612366,0.6751645803451538,0.6792698502540588,0.6838609576225281,0.6985580325126648,0.7474179267883301,0.7525893449783325,0.7613165378570557,0.7613165378570557
28070,-0.7115922570228577,3.2299983501434326,3.2184042930603027,0.21952071360179357,0.7115922570228577,0.6985580325126648,0.03130627050995827,0.6742549538612366,0.6751645803451538,0.6792698502540588,0.6838609576225281,0.6985580325126648,0.7474179267883301,0.7525893449783325,0.7613165378570557,0.7613165378570557
28105,-0.7115922570228577,3.227250337600708,3.2156474590301514,0.21941096442086355,0.7115922570228577,0.6985580325126648,0.03130627050995827,0.6742549538612366,0.6751645803451538,0.6792698502540588,0.6838609576225281,0.6985580325126648,0.7474179267883301,0.7525893449783325,0.7613165378570557,0.7613165378570557
28140,-0.7115922570228577,3.2271173000335693,3.2155730724334717,0.21864159192357743,0.7115922570228577,0.6985580325126648,0.03130627050995827,0.6742549538612366,0.6751645803451538,0.6792698502540588,0.6838609576225281,0.6985580325126648,0.7474179267883301,0.7525893449783325,0.7613165378570557,0.7613165378570557
28175,-0.7115922570228577,3.228393316268921,3.216888427734375,0.21897302567958832,0.7115922570228577,0.6985580325126648,0.03130627050995827,0.6742549538612366,0.6751645803451538,0.6792698502540588,0.6838609576225281,0.6985580325126648,0.7474179267883301,0.7525893449783325,0.7613165378570557,0.7613165378570557
28210,-0.7115922570228577,3.2254083156585693,3.2139148712158203,0.21801682242325374,0.7115922570228577,0.6985580325126648,0.03130627050995827,0.6742549538612366,0.6751645803451538,0.6792698502540588,0.6838609576225281,0.6985580325126648,0.7474179267883301,0.7525893449783325,0.7613165378570557,0.7613165378570557
28245,-0.7115922570228577,3.2234556674957275,3.2119388580322266,0.21822460634367807,0.7115922570228577,0.6985580325126648,0.03130627050995827,0.6742549538612366,0.6751645803451538,0.6792698502540588,0.6838609576225281,0.6985580325126648,0.7474179267883301,0.7525893449783325,0.7613165378570557,0.7613165378570557
28280,-0.7115922570228577,3.2237138748168945,3.2122280597686768,0.21688243321010045,0.7115922570228577,0.6985580325126648,0.03130627050995827,0.6742549538612366,0.6751645803451538,0.6792698502540588,0.6838609576225281,0.6985580325126648,0.7474179267883301,0.7525893449783325,0.7613165378570557,0.7613165378570557
28315,-0.7115922570228577,3.222501516342163,3.211120367050171,0.21461644342967443,0.7115922570228577,0.6985580325126648,0.03130627050995827,0.6742549538612366,0.6751645803451538,0.6792698502540588,0.6838609576225281,0.6985580325126648,0.7474179267883301,0.7525893449783325,0.7613165378570557,0.7613165378570557
28350,-0.7115922570228577,3.2215733528137207,3.2102103233337402,0.2160402876990182,0.7115922570228577,0.6985580325126648,0.03130627050995827,0.6742549538612366,0.6751645803451538,0.6792698502540588,0.6838609576225281,0.6985580325126648,0.7474179267883301,0.7525893449783325,0.7613165378570557,0.7613165378570557
28385,-0.7115922570228577,3.219343423843384,3.208012342453003,0.2157332875898906,0.7115922570228577,0.6985580325126648,0.03130627050995827,0.6742549538612366,0.6751645803451538,0.6792698502540588,0.6838609576225281,0.6985580325126648,0.7474179267883301,0.7525893449783325,0.7613165378570557,0.7613165378570557
28420,-0.7115922570228577,3.2182486057281494,3.2069506645202637,0.21400806946413858,0.7115922570228577,0.6985580325126648,0.03130627050995827,0.6742549538612366,0.6751645803451538,0.6792698502540588,0.6838609576225281,0.6985580325126648,0.7474179267883301,0.7525893449783325,0.7613165378570557,0.7613165378570557
28455,-0.7115922570228577,3.218900442123413,3.2076117992401123,0.2119432113000325,0.7115922570228577,0.6985580325126648,0.03130627050995827,0.6742549538612366,0.6751645803451538,0.6792698502540588,0.6838609576225281,0.6985580325126648,0.7474179267883301,0.7525893449783325,0.7613165378570557,0.7613165378570557
28490,-0.7115922570228577,3.2182395458221436,3.2069883346557617,0.21195192422185624,0.7115922570228577,0.6985580325126648,0.03130627050995827,0.6742549538612366,0.6751645803451538,0.6792698502540588,0.6838609576225281,0.6985580325126648,0.7474179267883301,0.7525893449783325,0.7613165378570557,0.7613165378570557
28525,-0.7115922570228577,3.2161219120025635,3.2048871517181396,0.21097927008356368,0.7115922570228577,0.6985580325126648,0.03130627050995827,0.6742549538612366,0.6751645803451538,0.6792698502540588,0.6838609576225281,0.6985580325126648,0.7474179267883301,0.7525893449783325,0.7613165378570557,0.7613165378570557
28560,-0.7115922570228577,3.213595151901245,3.202439069747925,0.2113754621573857,0.7115922570228577,0.6985580325126648,0.03130627050995827,0.6742549538612366,0.6751645803451538,0.6792698502540588,0.6838609576225281,0.6985580325126648,0.7474179267883301,0.7525893449783325,0.7613165378570557,0.7613165378570557
28595,-0.7115922570228577,3.2121756076812744,3.20105242729187,0.21189006950174058,0.7115922570228577,0.6985580325126648,0.03130627050995827,0.6742549538612366,0.6751645803451538,0.6792698502540588,0.6838609576225281,0.6985580325126648,0.7474179267883301,0.7525893449783325,0.7613165378570557,0.7613165378570557
28630,-0.7115922570228577,3.213712453842163,3.2026336193084717,0.2111867985555104,0.7115922570228577,0.6985580325126648,0.03130627050995827,0.6742549538612366,0.6751645803451538,0.6792698502540588,0.6838609576225281,0.6985580325126648,0.7474179267883301,0.7525893449783325,0.7613165378570557,0.7613165378570557
28665,-0.7115922570228577,3.2122786045074463,3.2012085914611816,0.2115775410618101,0.7115922570228577,0.6985580325126648,0.03130627050995827,0.6742549538612366,0.6751645803451538,0.6792698502540588,0.6838609576225281,0.6985580325126648,0.7474179267883301,0.7525893449783325,0.7613165378570557,0.7613165378570557
28700,-0.7115922570228577,3.2128758430480957,3.201824903488159,0.21183151645319803,0.7115922570228577,0.6985580325126648,0.03130627050995827,0.6742549538612366,0.6751645803451538,0.6792698502540588,0.6838609576225281,0.6985580325126648,0.7474179267883301,0.7525893449783325,0.7613165378570557,0.7613165378570557
28735,-0.7115922570228577,3.2107105255126953,3.199692487716675,0.21077039624963487,0.7115922570228577,0.6985580325126648,0.03130627050995827,0.6742549538612366,0.6751645803451538,0.6792698502540588,0.6838609576225281,0.6985580325126648,0.7474179267883301,0.7525893449783325,0.7613165378570557,0.7613165378570557
28770,-0.7115922570228577,3.2096662521362305,3.1986687183380127,0.21024351034845626,0.7115922570228577,0.6985580325126648,0.03130627050995827,0.6742549538612366,0.6751645803451538,0.6792698502540588,0.6838609576225281,0.6985580325126648,0.7474179267883301,0.7525893449783325,0.7613165378570557,0.7613165378570557
28805,-0.7115922570228577,3.207545757293701,3.196573495864868,0.20960735848971776,0.7115922570228577,0.6985580325126648,0.03130627050995827,0.6742549538612366,0.6751645803451538,0.6792698502540588,0.6838609576225281,0.6985580325126648,0.7474179267883301,0.7525893449783325,0.7613165378570557,0.7613165378570557
28840,-0.7115922570228577,3.207256555557251,3.1963112354278564,0.20876993451799666,0.7115922570228577,0.6985580325126648,0.03130627050995827,0.6742549538612366,0.6751645803451538,0.6792698502540588,0.6838609576225281,0.6985580325126648,0.7474179267883301,0.7525893449783325,0.7613165378570557,0.7613165378570557
28875,-0.7115922570228577,3.2059454917907715,3.195034980773926,0.20721991785934993,0.7115922570228577,0.6985580325126648,0.03130627050995827,0.6742549538612366,0.6751645803451538,0.6792698502540588,0.6838609576225281,0.6985580325126648,0.7474179267883301,0.7525893449783325,0.7613165378570557,0.7613165378570557
28910,-0.7115922570228577,3.2043447494506836,3.1934561729431152,0.20572691517216818,0.7115922570228577,0.6985580325126648,0.03130627050995827,0.6742549538612366,0.6751645803451538,0.6792698502540588,0.6838609576225281,0.6985580325126648,0.7474179267883301,0.7525893449783325,0.7613165378570557,0.7613165378570557
28945,-0.7115922570228577,3.204869031906128,3.1940009593963623,0.20380997019154684,0.7115922570228577,0.6985580325126648,0.03130627050995827,0.6742549538612366,0.6751645803451538,0.6792698502540588,0.6838609576225281,0.6985580325126648,0.7474179267883301,0.7525893449783325,0.7613165378570557,0.7613165378570557
28980,-0.7115922570228577,3.203779458999634,3.1929314136505127,0.20306628942489624,0.7115922570228577,0.6985580325126648,0.03130627050995827,0.6742549538612366,0.6751645803451538,0.6792698502540588,0.6838609576225281,0.6985580325126648,0.7474179267883301,0.7525893449783325,0.7613165378570557,0.7613165378570557
29015,-0.7115922570228577,3.2036590576171875,3.1928374767303467,0.2032205185719899,0.7115922570228577,0.6985580325126648,0.03130627050995827,0.6742549538612366,0.6751645803451538,0.6792698502540588,0.6838609576225281,0.6985580325126648,0.7474179267883301,0.7525893449783325,0.7613165378570557,0.7613165378570557
29050,-0.7115922570228577,3.204725742340088,3.19392466545105,0.20208345566477096,0.7115922570228577,0.6985580325126648,0.03130627050995827,0.6742549538612366,0.6751645803451538,0.6792698502540588,0.6838609576225281,0.6985580325126648,0.7474179267883301,0.7525893449783325,0.7613165378570557,0.7613165378570557
29085,-0.7115922570228577,3.2047035694122314,3.193916082382202,0.2011177305664335,0.7115922570228577,0.6985580325126648,0.03130627050995827,0.6742549538612366,0.6751645803451538,0.6792698502540588,0.6838609576225281,0.6985580325126648,0.7474179267883301,0.7525893449783325,0.7613165378570557,0.7613165378570557
29120,-0.7115922570228577,3.2045202255249023,3.1937496662139893,0.20047116492475783,0.7115922570228577,0.6985580325126648,0.03130627050995827,0.6742549538612366,0.6751645803451538,0.6792698502540588,0.6838609576225281,0.6985580325126648,0.7474179267883301,0.7525893449783325,0.7613165378570557,0.7613165378570557
29155,-0.7115922570228577,3.2053802013397217,3.1946494579315186,0.20210459189755575,0.7115922570228577,0.6985580325126648,0.03130627050995827,0.6742549538612366,0.6751645803451538,0.6792698502540588,0.6838609576225281,0.6985580325126648,0.7474179267883301,0.7525893449783325,0.7613165378570557,0.7613165378570557
29190,-0.7115922570228577,3.205087661743164,3.19437313079834,0.20211924825395858,0.7115922570228577,0.6985580325126648,0.03130627050995827,0.6742549538612366,0.6751645803451538,0.6792698502540588,0.6838609576225281,0.6985580325126648,0.7474179267883301,0.7525893449783325,0.7613165378570557,0.7613165378570557
29225,-0.7115922570228577,3.207002878189087,3.196322441101074,0.2023155242204666,0.7115922570228577,0.6985580325126648,0.03130627050995827,0.6742549538612366,0.6751645803451538,0.6792698502540588,0.6838609576225281,0.6985580325126648,0.7474179267883301,0.7525893449783325,0.7613165378570557,0.7613165378570557
29260,-0.7115922570228577,3.2049551010131836,3.1942873001098633,0.20317668999944413,0.7115922570228577,0.6985580325126648,0.03130627050995827,0.6742549538612366,0.6751645803451538,0.6792698502540588,0.6838609576225281,0.6985580325126648,0.7474179267883301,0.7525893449783325,0.7613165378570557,0.7613165378570557
29295,-0.7115922570228577,3.2035458087921143,3.1929075717926025,0.2030423879623413,0.7115922570228577,0.6985580325126648,0.03130627050995827,0.6742549538612366,0.6751645803451538,0.6792698502540588,0.6838609576225281,0.6985580325126648,0.7474179267883301,0.7525893449783325,0.7613165378570557,0.7613165378570557
29330,-0.7115922570228577,3.200993299484253,3.1903672218322754,0.20122324781758444,0.7115922570228577,0.6985580325126648,0.03130627050995827,0.6742549538612366,0.6751645803451538,0.6792698502540588,0.6838609576225281,0.6985580325126648,0.7474179267883301,0.7525893449783325,0.7613165378570557,0.7613165378570557
29365,-0.7115922570228577,3.1976981163024902,3.1870927810668945,0.19879994009222304,0.7115922570228577,0.6985580325126648,0.03130627050995827,0.6742549538612366,0.6751645803451538,0.6792698502540588,0.6838609576225281,0.6985580325126648,0.7474179267883301,0.7525893449783325,0.7613165378570557,0.7613165378570557
29400,-0.7115922570228577,3.1984174251556396,3.1878278255462646,0.19883155822753906,0.7115922570228577,0.6985580325126648,0.03130627050995827,0.6742549538612366,0.6751645803451538,0.6792698502540588,0.6838609576225281,0.6985580325126648,0.7474179267883301,0.7525893449783325,0.7613165378570557,0.7613165378570557
29435,-0.7115922570228577,3.1961753368377686,3.185605049133301,0.19809953442641667,0.7115922570228577,0.6985580325126648,0.03130627050995827,0.6742549538612366,0.6751645803451538,0.6792698502540588,0.6838609576225281,0.6985580325126648,0.7474179267883301,0.7525893449783325,0.7613165378570557,0.7613165378570557
29470,-0.7115922570228577,3.196793794631958,3.1862361431121826,0.19719714564936502,0.7115922570228577,0.6985580325126648,0.03130627050995827,0.6742549538612366,0.6751645803451538,0.6792698502540588,0.6838609576225281,0.6985580325126648,0.7474179267883301,0.7525893449783325,0.7613165378570557,0.7613165378570557
29505,-0.7115922570228577,3.198554277420044,3.1880311965942383,0.19667883217334747,0.7115922570228577,0.6985580325126648,0.03130627050995827,0.6742549538612366,0.6751645803451538,0.6792698502540588,0.6838609576225281,0.6985580325126648,0.7474179267883301,0.7525893449783325,0.7613165378570557,0.7613165378570557
29540,-0.7115922570228577,3.197657585144043,3.187133550643921,0.19551642664841243,0.7115922570228577,0.6985580325126648,0.03130627050995827,0.6742549538612366,0.6751645803451538,0.6792698502540588,0.6838609576225281,0.6985580325126648,0.7474179267883301,0.7525893449783325,0.7613165378570557,0.7613165378570557
29575,-0.7115922570228577,3.1938045024871826,3.183311939239502,0.19266491064003535,0.7115922570228577,0.6985580325126648,0.03130627050995827,0.6742549538612366,0.6751645803451538,0.6792698502540588,0.6838609576225281,0.6985580325126648,0.7474179267883301,0.7525893449783325,0.7613165378570557,0.7613165378570557
29610,-0.7115922570228577,3.193167209625244,3.182717800140381,0.19110598521573202,0.7115922570228577,0.6985580325126648,0.03130627050995827,0.6742549538612366,0.6751645803451538,0.6792698502540588,0.6838609576225281,0.6985580325126648,0.7474179267883301,0.7525893449783325,0.7613165378570557,0.7613165378570557
29645,-0.7115922570228577,3.1925928592681885,3.1821413040161133,0.1920965654509408,0.7115922570228577,0.6985580325126648,0.03130627050995827,0.6742549538612366,0.6751645803451538,0.6792698502540588,0.6838609576225281,0.6985580325126648,0.7474179267883301,0.7525893449783325,0.7613165378570557,0.7613165378570557
29680,-0.7115922570228577,3.192615270614624,3.18216609954834,0.19234293699264526,0.7115922570228577,0.6985580325126648,0.03130627050995827,0.6742549538612366,0.6751645803451538,0.6792698502540588,0.6838609576225281,0.6985580325126648,0.7474179267883301,0.7525893449783325,0.7613165378570557,0.7613165378570557
29715,-0.7115922570228577,3.192456007003784,3.1820287704467773,0.19209131385598863,0.7115922570228577,0.6985580325126648,0.03130627050995827,0.6742549538612366,0.6751645803451538,0.6792698502540588,0.6838609576225281,0.6985580325126648,0.7474179267883301,0.7525893449783325,0.7613165378570557,0.7613165378570557
29750,-0.7115922570228577,3.193582534790039,3.183159351348877,0.18931860796042851,0.7115922570228577,0.6985580325126648,0.03130627050995827,0.6742549538612366,0.6751645803451538,0.6792698502540588,0.6838609576225281,0.6985580325126648,0.7474179267883301,0.7525893449783325,0.7613165378570557,0.7613165378570557
29785,-0.7115922570228577,3.193596363067627,3.183194875717163,0.1888988741806575,0.7115922570228577,0.6985580325126648,0.03130627050995827,0.6742549538612366,0.6751645803451538,0.6792698502540588,0.6838609576225281,0.6985580325126648,0.7474179267883301,0.7525893449783325,0.7613165378570557,0.7613165378570557
29820,-0.7115922570228577,3.1952428817749023,3.1849257946014404,0.18814461146082198,0.7115922570228577,0.6985580325126648,0.03130627050995827,0.6742549538612366,0.6751645803451538,0.6792698502540588,0.6838609576225281,0.6985580325126648,0.7474179267883301,0.7525893449783325,0.7613165378570557,0.7613165378570557
29855,-0.7115922570228577,3.1947991847991943,3.184534788131714,0.1867902832371848,0.7115922570228577,0.6985580325126648,0.03130627050995827,0.6742549538612366,0.6751645803451538,0.6792698502540588,0.6838609576225281,0.6985580325126648,0.7474179267883301,0.7525893449783325,0.7613165378570557,0.7613165378570557
29890,-0.7115922570228577,3.1963202953338623,3.186102867126465,0.18686844195638383,0.7115922570228577,0.6985580325126648,0.03130627050995827,0.6742549538612366,0.6751645803451538,0.6792698502540588,0.6838609576225281,0.6985580325126648,0.7474179267883301,0.7525893449783325,0.7613165378570557,0.7613165378570557
29925,-0.7115922570228577,3.194819450378418,3.184648036956787,0.18665614085538046,0.7115922570228577,0.6985580325126648,0.03130627050995827,0.6742549538612366,0.6751645803451538,0.6792698502540588,0.6838609576225281,0.6985580325126648,0.7474179267883301,0.7525893449783325,0.7613165378570557,0.7613165378570557
29960,-0.7115922570228577,3.19622802734375,3.1860768795013428,0.18525808410985128,0.7115922570228577,0.6985580325126648,0.03130627050995827,0.6742549538612366,0.6751645803451538,0.6792698502540588,0.6838609576225281,0.6985580325126648,0.7474179267883301,0.7525893449783325,0.7613165378570557,0.7613165378570557
29995,-0.7115922570228577,3.197321653366089,3.187197685241699,0.1861645302602223,0.7115922570228577,0.6985580325126648,0.03130627050995827,0.6742549538612366,0.6751645803451538,0.6792698502540588,0.6838609576225281,0.6985580325126648,0.7474179267883301,0.7525893449783325,0.7613165378570557,0.7613165378570557
30030,-0.7115922570228577,3.197596549987793,3.1874876022338867,0.18612843539033616,0.7115922570228577,0.6985580325126648,0.03130627050995827,0.6742549538612366,0.6751645803451538,0.6792698502540588,0.6838609576225281,0.6985580325126648,0.7474179267883301,0.7525893449783325,0.7613165378570557,0.7613165378570557
30065,-0.7115922570228577,3.1977345943450928,3.187642812728882,0.1864033660718373,0.7115922570228577,0.6985580325126648,0.03130627050995827,0.6742549538612366,0.6751645803451538,0.6792698502540588,0.6838609576225281,0.6985580325126648,0.7474179267883301,0.7525893449783325,0.7613165378570557,0.7613165378570557
30100,-0.7115922570228577,3.1978495121002197,3.187767505645752,0.18799778606210435,0.7115922570228577,0.6985580325126648,0.03130627050995827,0.6742549538612366,0.6751645803451538,0.6792698502540588,0.6838609576225281,0.6985580325126648,0.7474179267883301,0.7525893449783325,0.7613165378570557,0.7613165378570557
30135,-0.7115922570228577,3.1982572078704834,3.1882150173187256,0.18851111190659658,0.7115922570228577,0.6985580325126648,0.03130627050995827,0.6742549538612366,0.6751645803451538,0.6792698502540588,0.6838609576225281,0.6985580325126648,0.7474179267883301,0.7525893449783325,0.7613165378570557,0.7613165378570557
30170,-0.7115922570228577,3.1984786987304688,3.1884584426879883,0.1891328330550875,0.7115922570228577,0.6985580325126648,0.03130627050995827,0.6742549538612366,0.6751645803451538,0.6792698502540588,0.6838609576225281,0.6985580325126648,0.7474179267883301,0.7525893449783325,0.7613165378570557,0.7613165378570557
30205,-0.7115922570228577,3.200157880783081,3.190150260925293,0.19065959751605988,0.7115922570228577,0.6985580325126648,0.03130627050995827,0.6742549538612366,0.6751645803451538,0.6792698502540588,0.6838609576225281,0.6985580325126648,0.7474179267883301,0.7525893449783325,0.7613165378570557,0.7613165378570557
30240,-0.7115922570228577,3.196413993835449,3.186424732208252,0.1895466638462884,0.7115922570228577,0.6985580325126648,0.03130627050995827,0.6742549538612366,0.6751645803451538,0.6792698502540588,0.6838609576225281,0.6985580325126648,0.7474179267883301,0.7525893449783325,0.7613165378570557,0.7613165378570557
30275,-0.7115922570228577,3.196662187576294,3.1866891384124756,0.18931805235998972,0.7115922570228577,0.6985580325126648,0.03130627050995827,0.6742549538612366,0.6751645803451538,0.6792698502540588,0.6838609576225281,0.6985580325126648,0.7474179267883301,0.7525893449783325,0.7613165378570557,0.7613165378570557
30310,-0.7115922570228577,3.1981635093688965,3.1882455348968506,0.18969829167638505,0.7115922570228577,0.6985580325126648,0.03130627050995827,0.6742549538612366,0.6751645803451538,0.6792698502540588,0.6838609576225281,0.6985580325126648,0.7474179267883301,0.7525893449783325,0.7613165378570557,0.7613165378570557
30345,-0.7115922570228577,3.197296142578125,3.1874070167541504,0.1888509839773178,0.7115922570228577,0.6985580325126648,0.03130627050995827,0.6742549538612366,0.6751645803451538,0.6792698502540588,0.6838609576225281,0.6985580325126648,0.7474179267883301,0.7525893449783325,0.7613165378570557,0.7613165378570557
30380,-0.7115922570228577,3.196254253387451,3.186382532119751,0.18955923404012406,0.7115922570228577,0.6985580325126648,0.03130627050995827,0.6742549538612366,0.6751645803451538,0.6792698502540588,0.6838609576225281,0.6985580325126648,0.7474179267883301,0.7525893449783325,0.7613165378570557,0.7613165378570557
30415,-0.7115922570228577,3.194472551345825,3.1846139430999756,0.18987118559224264,0.7115922570228577,0.6985580325126648,0.03130627050995827,0.6742549538612366,0.6751645803451538,0.6792698502540588,0.6838609576225281,0.6985580325126648,0.7474179267883301,0.7525893449783325,0.7613165378570557,0.7613165378570557
30450,-0.7115922570228577,3.1937594413757324,3.18392014503479,0.18974017671176366,0.7115922570228577,0.6985580325126648,0.03130627050995827,0.6742549538612366,0.6751645803451538,0.6792698502540588,0.6838609576225281,0.6985580325126648,0.7474179267883301,0.7525893449783325,0.7613165378570557,0.7613165378570557
30485,-0.7115922570228577,3.1918411254882812,3.1820387840270996,0.18894979570593154,0.7115922570228577,0.6985580325126648,0.03130627050995827,0.6742549538612366,0.6751645803451538,0.6792698502540588,0.6838609576225281,0.6985580325126648,0.7474179267883301,0.7525893449783325,0.7613165378570557,0.7613165378570557
30520,-0.7115922570228577,3.190603733062744,3.180819272994995,0.19013132793562754,0.7115922570228577,0.6985580325126648,0.03130627050995827,0.6742549538612366,0.6751645803451538,0.6792698502540588,0.6838609576225281,0.6985580325126648,0.7474179267883301,0.7525893449783325,0.7613165378570557,0.7613165378570557
30555,-0.7115922570228577,3.1931073665618896,3.1833455562591553,0.1906785943678447,0.7115922570228577,0.6985580325126648,0.03130627050995827,0.6742549538612366,0.6751645803451538,0.6792698502540588,0.6838609576225281,0.6985580325126648,0.7474179267883301,0.7525893449783325,0.7613165378570557,0.7613165378570557
30590,-0.7115922570228577,3.19327449798584,3.1835227012634277,0.1913208408015115,0.7115922570228577,0.6985580325126648,0.03130627050995827,0.6742549538612366,0.6751645803451538,0.6792698502540588,0.6838609576225281,0.6985580325126648,0.7474179267883301,0.7525893449783325,0.7613165378570557,0.7613165378570557
30625,-0.7115922570228577,3.194566011428833,3.184842586517334,0.19059236347675323,0.7115922570228577,0.6985580325126648,0.03130627050995827,0.6742549538612366,0.6751645803451538,0.6792698502540588,0.6838609576225281,0.6985580325126648,0.7474179267883301,0.7525893449783325,0.7613165378570557,0.7613165378570557
30660,-0.7115922570228577,3.1951756477355957,3.185480833053589,0.1896077139036996,0.7115922570228577,0.6985580325126648,0.03130627050995827,0.6742549538612366,0.6751645803451538,0.6792698502540588,0.6838609576225281,0.6985580325126648,0.7474179267883301,0.7525893449783325,0.7613165378570557,0.7613165378570557
30695,-0.7115922570228577,3.1932036876678467,3.1835269927978516,0.18772434975419725,0.7115922570228577,0.6985580325126648,0.03130627050995827,0.6742549538612366,0.6751645803451538,0.6792698502540588,0.6838609576225281,0.6985580325126648,0.7474179267883301,0.7525893449783325,0.7613165378570557,0.7613165378570557
30730,-0.7115922570228577,3.194462537765503,3.1848058700561523,0.1871385063443865,0.7115922570228577,0.6985580325126648,0.03130627050995827,0.6742549538612366,0.6751645803451538,0.6792698502540588,0.6838609576225281,0.6985580325126648,0.7474179267883301,0.7525893449783325,0.7613165378570557,0.7613165378570557
30765,-0.7115922570228577,3.195078134536743,3.1854634284973145,0.1849875705582755,0.7115922570228577,0.6985580325126648,0.03130627050995827,0.6742549538612366,0.6751645803451538,0.6792698502540588,0.6838609576225281,0.6985580325126648,0.7474179267883301,0.7525893449783325,0.7613165378570557,0.7613165378570557
30800,-0.7115922570228577,3.197169303894043,3.1875715255737305,0.18585397728851863,0.7115922570228577,0.6985580325126648,0.03130627050995827,0.6742549538612366,0.6751645803451538,0.6792698502540588,0.6838609576225281,0.6985580325126648,0.7474179267883301,0.7525893449783325,0.7613165378570557,0.7613165378570557
30835,-0.7115922570228577,3.1969048976898193,3.187340259552002,0.18314130817140853,0.7115922570228577,0.6985580325126648,0.03130627050995827,0.6742549538612366,0.6751645803451538,0.6792698502540588,0.6838609576225281,0.6985580325126648,0.7474179267883301,0.7525893449783325,0.7613165378570557,0.7613165378570557
30870,-0.7115922570228577,3.1975255012512207,3.1879866123199463,0.18248444582734788,0.7115922570228577,0.6985580325126648,0.03130627050995827,0.6742549538612366,0.6751645803451538,0.6792698502540588,0.6838609576225281,0.6985580325126648,0.7474179267883301,0.7525893449783325,0.7613165378570557,0.7613165378570557
30905,-0.7115922570228577,3.195796012878418,3.1862833499908447,0.18025872324194228,0.7115922570228577,0.6985580325126648,0.03130627050995827,0.6742549538612366,0.6751645803451538,0.6792698502540588,0.6838609576225281,0.6985580325126648,0.7474179267883301,0.7525893449783325,0.7613165378570557,0.7613165378570557
30940,-0.7115922570228577,3.19461727142334,3.1851236820220947,0.17948960619313375,0.7115922570228577,0.6985580325126648,0.03130627050995827,0.6742549538612366,0.6751645803451538,0.6792698502540588,0.6838609576225281,0.6985580325126648,0.7474179267883301,0.7525893449783325,0.7613165378570557,0.7613165378570557
30975,-0.7115922570228577,3.195220947265625,3.18574595451355,0.17867266706057958,0.7115922570228577,0.6985580325126648,0.03130627050995827,0.6742549538612366,0.6751645803451538,0.6792698502540588,0.6838609576225281,0.6985580325126648,0.7474179267883301,0.7525893449783325,0.7613165378570557,0.7613165378570557
31010,-0.7115922570228577,3.19596791267395,3.186516284942627,0.1798399601663862,0.7115922570228577,0.6985580325126648,0.03130627050995827,0.6742549538612366,0.6751645803451538,0.6792698502540588,0.6838609576225281,0.6985580325126648,0.7474179267883301,0.7525893449783325,0.7613165378570557,0.7613165378570557
31045,-0.7115922570228577,3.1950666904449463,3.1856327056884766,0.17965915586267198,0.7115922570228577,0.6985580325126648,0.03130627050995827,0.6742549538612366,0.6751645803451538,0.6792698502540588,0.6838609576225281,0.6985580325126648,0.7474179267883301,0.7525893449783325,0.7613165378570557,0.7613165378570557
31080,-0.7115922570228577,3.1936185359954834,3.1842048168182373,0.17859653277056559,0.7115922570228577,0.6985580325126648,0.03130627050995827,0.6742549538612366,0.6751645803451538,0.6792698502540588,0.6838609576225281,0.6985580325126648,0.7474179267883301,0.7525893449783325,0.7613165378570557,0.7613165378570557
31115,-0.7115922570228577,3.1929426193237305,3.1835458278656006,0.17749874932425364,0.7115922570228577,0.6985580325126648,0.03130627050995827,0.6742549538612366,0.6751645803451538,0.6792698502540588,0.6838609576225281,0.6985580325126648,0.7474179267883301,0.7525893449783325,0.7613165378570557,0.7613165378570557
31150,-0.7115922570228577,3.1924326419830322,3.1830496788024902,0.17747596119131362,0.7115922570228577,0.6985580325126648,0.03130627050995827,0.6742549538612366,0.6751645803451538,0.6792698502540588,0.6838609576225281,0.6985580325126648,0.7474179267883301,0.7525893449783325,0.7613165378570557,0.7613165378570557
31185,-0.7115922570228577,3.1933517456054688,3.1839985847473145,0.17722276704651968,0.7115922570228577,0.6985580325126648,0.03130627050995827,0.6742549538612366,0.6751645803451538,0.6792698502540588,0.6838609576225281,0.6985580325126648,0.7474179267883301,0.7525893449783325,0.7613165378570557,0.7613165378570557
31220,-0.7115922570228577,3.193272590637207,3.183931589126587,0.17716640021119798,0.7115922570228577,0.6985580325126648,0.03130627050995827,0.6742549538612366,0.6751645803451538,0.6792698502540588,0.6838609576225281,0.6985580325126648,0.7474179267883301,0.7525893449783325,0.7613165378570557,0.7613165378570557
31255,-0.7115922570228577,3.1922426223754883,3.182922124862671,0.17793203677449906,0.7115922570228577,0.6985580325126648,0.03130627050995827,0.6742549538612366,0.6751645803451538,0.6792698502540588,0.6838609576225281,0.6985580325126648,0.7474179267883301,0.7525893449783325,0.7613165378570557,0.7613165378570557
31290,-0.7115922570228577,3.1935203075408936,3.1842193603515625,0.17940158077648707,0.7115922570228577,0.6985580325126648,0.03130627050995827,0.6742549538612366,0.6751645803451538,0.6792698502540588,0.6838609576225281,0.6985580325126648,0.7474179267883301,0.7525893449783325,0.7613165378570557,0.7613165378570557
31325,-0.7115922570228577,3.190772294998169,3.1814870834350586,0.18044559018952505,0.7115922570228577,0.6985580325126648,0.03130627050995827,0.6742549538612366,0.6751645803451538,0.6792698502540588,0.6838609576225281,0.6985580325126648,0.7474179267883301,0.7525893449783325,0.7613165378570557,0.7613165378570557
31360,-0.7115922570228577,3.191701650619507,3.1824331283569336,0.18026167792933329,0.7115922570228577,0.6985580325126648,0.03130627050995827,0.6742549538612366,0.6751645803451538,0.6792698502540588,0.6838609576225281,0.6985580325126648,0.7474179267883301,0.7525893449783325,0.7613165378570557,0.7613165378570557
31395,-0.7115922570228577,3.1921656131744385,3.182908535003662,0.18084662514073507,0.7115922570228577,0.6985580325126648,0.03130627050995827,0.6742549538612366,0.6751645803451538,0.6792698502540588,0.6838609576225281,0.6985580325126648,0.7474179267883301,0.7525893449783325,0.7613165378570557,0.7613165378570557
31430,-0.7115922570228577,3.1899709701538086,3.1807236671447754,0.17929855627673014,0.7115922570228577,0.6985580325126648,0.03130627050995827,0.6742549538612366,0.6751645803451538,0.6792698502540588,0.6838609576225281,0.6985580325126648,0.7474179267883301,0.7525893449783325,0.7613165378570557,0.7613165378570557
31465,-0.7115922570228577,3.1894938945770264,3.1802637577056885,0.1781761646270752,0.7115922570228577,0.6985580325126648,0.03130627050995827,0.6742549538612366,0.6751645803451538,0.6792698502540588,0.6838609576225281,0.6985580325126648,0.7474179267883301,0.7525893449783325,0.7613165378570557,0.7613165378570557
31500,-0.7115922570228577,3.1904654502868652,3.1812620162963867,0.17817928322723933,0.7115922570228577,0.6985580325126648,0.03130627050995827,0.6742549538612366,0.6751645803451538,0.6792698502540588,0.6838609576225281,0.6985580325126648,0.7474179267883301,0.7525893449783325,0.7613165378570557,0.7613165378570557
31535,-0.7115922570228577,3.1876256465911865,3.1784422397613525,0.17603228560515813,0.7115922570228577,0.6985580325126648,0.03130627050995827,0.6742549538612366,0.6751645803451538,0.6792698502540588,0.6838609576225281,0.6985580325126648,0.7474179267883301,0.7525893449783325,0.7613165378570557,0.7613165378570557
31570,-0.7115922570228577,3.187131404876709,3.177964687347412,0.17535588996750967,0.7115922570228577,0.6985580325126648,0.03130627050995827,0.6742549538612366,0.6751645803451538,0.6792698502540588,0.6838609576225281,0.6985580325126648,0.7474179267883301,0.7525893449783325,0.7613165378570557,0.7613165378570557
31605,-0.7115922570228577,3.1852056980133057,3.17604660987854,0.17486527349267686,0.7115922570228577,0.6985580325126648,0.03130627050995827,0.6742549538612366,0.6751645803451538,0.6792698502540588,0.6838609576225281,0.6985580325126648,0.7474179267883301,0.7525893449783325,0.7613165378570557,0.7613165378570557
31640,-0.7115922570228577,3.1857054233551025,3.1765642166137695,0.1752729628767286,0.7115922570228577,0.6985580325126648,0.03130627050995827,0.6742549538612366,0.6751645803451538,0.6792698502540588,0.6838609576225281,0.6985580325126648,0.7474179267883301,0.7525893449783325,0.7613165378570557,0.7613165378570557
31675,-0.7115922570228577,3.1847922801971436,3.1756703853607178,0.17527590904917037,0.7115922570228577,0.6985580325126648,0.03130627050995827,0.6742549538612366,0.6751645803451538,0.6792698502540588,0.6838609576225281,0.6985580325126648,0.7474179267883301,0.7525893449783325,0.7613165378570557,0.7613165378570557
31710,-0.7115922570228577,3.1840624809265137,3.1749508380889893,0.17676657438278198,0.7115922570228577,0.6985580325126648,0.03130627050995827,0.6742549538612366,0.6751645803451538,0.6792698502540588,0.6838609576225281,0.6985580325126648,0.7474179267883301,0.7525893449783325,0.7613165378570557,0.7613165378570557
31745,-0.7115922570228577,3.1868865489959717,3.1778035163879395,0.17625926860741206,0.7115922570228577,0.6985580325126648,0.03130627050995827,0.6742549538612366,0.6751645803451538,0.6792698502540588,0.6838609576225281,0.6985580325126648,0.7474179267883301,0.7525893449783325,0.7613165378570557,0.7613165378570557
31780,-0.7115922570228577,3.190054178237915,3.1809751987457275,0.17627641132899693,0.7115922570228577,0.6985580325126648,0.03130627050995827,0.6742549538612366,0.6751645803451538,0.6792698502540588,0.6838609576225281,0.6985580325126648,0.7474179267883301,0.7525893449783325,0.7613165378570557,0.7613165378570557
31815,-0.7115922570228577,3.1898066997528076,3.18074107170105,0.17556560678141458,0.7115922570228577,0.6985580325126648,0.03130627050995827,0.6742549538612366,0.6751645803451538,0.6792698502540588,0.6838609576225281,0.6985580325126648,0.7474179267883301,0.7525893449783325,0.7613165378570557,0.7613165378570557
31850,-0.7115922570228577,3.1906402111053467,3.1815946102142334,0.1757292470761708,0.7115922570228577,0.6985580325126648,0.03130627050995827,0.6742549538612366,0.6751645803451538,0.6792698502540588,0.6838609576225281,0.6985580325126648,0.7474179267883301,0.7525893449783325,0.7613165378570557,0.7613165378570557
31885,-0.7115922570228577,3.1918208599090576,3.182795286178589,0.17607284656592778,0.7115922570228577,0.6985580325126648,0.03130627050995827,0.6742549538612366,0.6751645803451538,0.6792698502540588,0.6838609576225281,0.6985580325126648,0.7474179267883301,0.7525893449783325,0.7613165378570557,0.7613165378570557
31920,-0.7115922570228577,3.1937670707702637,3.1847469806671143,0.17684546325887954,0.7115922570228577,0.6985580325126648,0.03130627050995827,0.6742549538612366,0.6751645803451538,0.6792698502540588,0.6838609576225281,0.6985580325126648,0.7474179267883301,0.7525893449783325,0.7613165378570557,0.7613165378570557
31955,-0.7115922570228577,3.1936538219451904,3.1846423149108887,0.17583216726779938,0.7115922570228577,0.6985580325126648,0.03130627050995827,0.6742549538612366,0.6751645803451538,0.6792698502540588,0.6838609576225281,0.6985580325126648,0.7474179267883301,0.7525893449783325,0.7613165378570557,0.7613165378570557
31990,-0.7115922570228577,3.1903457641601562,3.181377649307251,0.17570754034178598,0.7115922570228577,0.6985580325126648,0.03130627050995827,0.6742549538612366,0.6751645803451538,0.6792698502540588,0.6838609576225281,0.6985580325126648,0.7474179267883301,0.7525893449783325,0.7613165378570557,0.7613165378570557
32025,-0.7115922570228577,3.191866874694824,3.1829192638397217,0.17577385689531053,0.7115922570228577,0.6985580325126648,0.03130627050995827,0.6742549538612366,0.6751645803451538,0.6792698502540588,0.6838609576225281,0.6985580325126648,0.7474179267883301,0.7525893449783325,0.7613165378570557,0.7613165378570557
32060,-0.7115922570228577,3.189865827560425,3.180922508239746,0.17436146310397557,0.7115922570228577,0.6985580325126648,0.03130627050995827,0.6742549538612366,0.6751645803451538,0.6792698502540588,0.6838609576225281,0.6985580325126648,0.7474179267883301,0.7525893449783325,0.7613165378570557,0.7613165378570557
32095,-0.7115922570228577,3.1887595653533936,3.179831027984619,0.17503554693290166,0.7115922570228577,0.6985580325126648,0.03130627050995827,0.6742549538612366,0.6751645803451538,0.6792698502540588,0.6838609576225281,0.6985580325126648,0.7474179267883301,0.7525893449783325,0.7613165378570557,0.7613165378570557
32130,-0.7115922570228577,3.185901403427124,3.176980972290039,0.1763561644724437,0.7115922570228577,0.6985580325126648,0.03130627050995827,0.6742549538612366,0.6751645803451538,0.6792698502540588,0.6838609576225281,0.6985580325126648,0.7474179267883301,0.7525893449783325,0.7613165378570557,0.7613165378570557
32165,-0.7115922570228577,3.1833434104919434,3.1744437217712402,0.17541853657790593,0.7115922570228577,0.6985580325126648,0.03130627050995827,0.6742549538612366,0.6751645803451538,0.6792698502540588,0.6838609576225281,0.6985580325126648,0.7474179267883301,0.7525893449783325,0.7613165378570557,0.7613165378570557
32200,-0.7115922570228577,3.1837117671966553,3.1748239994049072,0.17513312186513627,0.7115922570228577,0.6985580325126648,0.03130627050995827,0.6742549538612366,0.6751645803451538,0.6792698502540588,0.6838609576225281,0.6985580325126648,0.7474179267883301,0.7525893449783325,0.7613165378570557,0.7613165378570557
32235,-0.7115922570228577,3.183218479156494,3.174374580383301,0.17625610743250167,0.7115922570228577,0.6985580325126648,0.03130627050995827,0.6742549538612366,0.6751645803451538,0.6792698502540588,0.6838609576225281,0.6985580325126648,0.7474179267883301,0.7525893449783325,0.7613165378570557,0.7613165378570557
32270,-0.7115922570228577,3.1848504543304443,3.1760213375091553,0.17770493456295558,0.7115922570228577,0.6985580325126648,0.03130627050995827,0.6742549538612366,0.6751645803451538,0.6792698502540588,0.6838609576225281,0.6985580325126648,0.7474179267883301,0.7525893449783325,0.7613165378570557,0.7613165378570557
32305,-0.7115922570228577,3.1816515922546387,3.1728363037109375,0.17562495597771235,0.7115922570228577,0.6985580325126648,0.03130627050995827,0.6742549538612366,0.6751645803451538,0.6792698502540588,0.6838609576225281,0.6985580325126648,0.7474179267883301,0.7525893449783325,0.7613165378570557,0.7613165378570557
32340,-0.7115922570228577,3.179368495941162,3.1705708503723145,0.17412984584059035,0.7115922570228577,0.6985580325126648,0.03130627050995827,0.6742549538612366,0.6751645803451538,0.6792698502540588,0.6838609576225281,0.6985580325126648,0.7474179267883301,0.7525893449783325,0.7613165378570557,0.7613165378570557
32375,-0.7115922570228577,3.1798505783081055,3.171060562133789,0.17377095563071115,0.7115922570228577,0.6985580325126648,0.03130627050995827,0.6742549538612366,0.6751645803451538,0.6792698502540588,0.6838609576225281,0.6985580325126648,0.7474179267883301,0.7525893449783325,0.7613165378570557,0.7613165378570557
32410,-0.7115922570228577,3.178436279296875,3.1696622371673584,0.17214563063212804,0.7115922570228577,0.6985580325126648,0.03130627050995827,0.6742549538612366,0.6751645803451538,0.6792698502540588,0.6838609576225281,0.6985580325126648,0.7474179267883301,0.7525893449783325,0.7613165378570557,0.7613165378570557
32445,-0.7115922570228577,3.179652214050293,3.1709282398223877,0.17379427594797953,0.7115922570228577,0.6985580325126648,0.03130627050995827,0.6742549538612366,0.6751645803451538,0.6792698502540588,0.6838609576225281,0.6985580325126648,0.7474179267883301,0.7525893449783325,0.7613165378570557,0.7613165378570557
32480,-0.7115922570228577,3.17773699760437,3.1690547466278076,0.17424856977803366,0.7115922570228577,0.6985580325126648,0.03130627050995827,0.6742549538612366,0.6751645803451538,0.6792698502540588,0.6838609576225281,0.6985580325126648,0.7474179267883301,0.7525893449783325,0.7613165378570557,0.7613165378570557
32515,-0.7115922570228577,3.1788511276245117,3.1701900959014893,0.1735795566013881,0.7115922570228577,0.6985580325126648,0.03130627050995827,0.6742549538612366,0.6751645803451538,0.6792698502540588,0.6838609576225281,0.6985580325126648,0.7474179267883301,0.7525893449783325,0.7613165378570557,0.7613165378570557
32550,-0.7115922570228577,3.1797103881835938,3.1710641384124756,0.1719507532460349,0.7115922570228577,0.6985580325126648,0.03130627050995827,0.6742549538612366,0.6751645803451538,0.6792698502540588,0.6838609576225281,0.6985580325126648,0.7474179267883301,0.7525893449783325,0.7613165378570557,0.7613165378570557
32585,-0.7115922570228577,3.1787004470825195,3.170067310333252,0.17186359848294938,0.7115922570228577,0.6985580325126648,0.03130627050995827,0.6742549538612366,0.6751645803451538,0.6792698502540588,0.6838609576225281,0.6985580325126648,0.7474179267883301,0.7525893449783325,0.7613165378570557,0.7613165378570557
32620,-0.7115922570228577,3.1802916526794434,3.171673059463501,0.1715705075434276,0.7115922570228577,0.6985580325126648,0.03130627050995827,0.6742549538612366,0.6751645803451538,0.6792698502540588,0.6838609576225281,0.6985580325126648,0.7474179267883301,0.7525893449783325,0.7613165378570557,0.7613165378570557
32655,-0.7115922570228577,3.176846504211426,3.1682467460632324,0.17035997552531107,0.7115922570228577,0.6985580325126648,0.03130627050995827,0.6742549538612366,0.6751645803451538,0.6792698502540588,0.6838609576225281,0.6985580325126648,0.7474179267883301,0.7525893449783325,0.7613165378570557,0.7613165378570557
32690,-0.7115922570228577,3.1772959232330322,3.1687045097351074,0.16922148849282945,0.7115922570228577,0.6985580325126648,0.03130627050995827,0.6742549538612366,0.6751645803451538,0.6792698502540588,0.6838609576225281,0.6985580325126648,0.7474179267883301,0.7525893449783325,0.7613165378570557,0.7613165378570557
32725,-0.7115922570228577,3.1764540672302246,3.1678884029388428,0.16927364894321986,0.7115922570228577,0.6985580325126648,0.03130627050995827,0.6742549538612366,0.6751645803451538,0.6792698502540588,0.6838609576225281,0.6985580325126648,0.7474179267883301,0.7525893449783325,0.7613165378570557,0.7613165378570557
32760,-0.7115922570228577,3.174880027770996,3.1663360595703125,0.16847488496984755,0.7115922570228577,0.6985580325126648,0.03130627050995827,0.6742549538612366,0.6751645803451538,0.6792698502540588,0.6838609576225281,0.6985580325126648,0.7474179267883301,0.7525893449783325,0.7613165378570557,0.7613165378570557
32795,-0.7115922570228577,3.1734023094177246,3.1648786067962646,0.16719853452273778,0.7115922570228577,0.6985580325126648,0.03130627050995827,0.6742549538612366,0.6751645803451538,0.6792698502540588,0.6838609576225281,0.6985580325126648,0.7474179267883301,0.7525893449783325,0.7613165378570557,0.7613165378570557
32830,-0.7115922570228577,3.1737234592437744,3.1652138233184814,0.16718095541000366,0.7115922570228577,0.6985580325126648,0.03130627050995827,0.6742549538612366,0.6751645803451538,0.6792698502540588,0.6838609576225281,0.6985580325126648,0.7474179267883301,0.7525893449783325,0.7613165378570557,0.7613165378570557
32865,-0.7115922570228577,3.1759822368621826,3.1675002574920654,0.1664730885199138,0.7115922570228577,0.6985580325126648,0.03130627050995827,0.6742549538612366,0.6751645803451538,0.6792698502540588,0.6838609576225281,0.6985580325126648,0.7474179267883301,0.7525893449783325,0.7613165378570557,0.7613165378570557
32900,-0.7115922570228577,3.172724723815918,3.1642558574676514,0.16584398491042002,0.7115922570228577,0.6985580325126648,0.03130627050995827,0.6742549538612366,0.6751645803451538,0.6792698502540588,0.6838609576225281,0.6985580325126648,0.7474179267883301,0.7525893449783325,0.7613165378570557,0.7613165378570557
32935,-0.7115922570228577,3.1707797050476074,3.1623284816741943,0.1664989846093314,0.7115922570228577,0.6985580325126648,0.03130627050995827,0.6742549538612366,0.6751645803451538,0.6792698502540588,0.6838609576225281,0.6985580325126648,0.7474179267883301,0.7525893449783325,0.7613165378570557,0.7613165378570557
32970,-0.7115922570228577,3.166010856628418,3.157599449157715,0.16532638669013977,0.7115922570228577,0.6985580325126648,0.03130627050995827,0.6742549538612366,0.6751645803451538,0.6792698502540588,0.6838609576225281,0.6985580325126648,0.7474179267883301,0.7525893449783325,0.7613165378570557,0.7613165378570557
33005,-0.7115922570228577,3.1637752056121826,3.1553807258605957,0.16296052506991796,0.7115922570228577,0.6985580325126648,0.03130627050995827,0.6742549538612366,0.6751645803451538,0.6792698502540588,0.6838609576225281,0.6985580325126648,0.7474179267883301,0.7525893449783325,0.7613165378570557,0.7613165378570557
33040,-0.7115922570228577,3.164283514022827,3.1558961868286133,0.1638869664498738,0.7115922570228577,0.6985580325126648,0.03130627050995827,0.6742549538612366,0.6751645803451538,0.6792698502540588,0.6838609576225281,0.6985580325126648,0.7474179267883301,0.7525893449783325,0.7613165378570557,0.7613165378570557
33075,-0.7115922570228577,3.167644739151001,3.159269094467163,0.16569811318601882,0.7115922570228577,0.6985580325126648,0.03130627050995827,0.6742549538612366,0.6751645803451538,0.6792698502540588,0.6838609576225281,0.6985580325126648,0.7474179267883301,0.7525893449783325,0.7613165378570557,0.7613165378570557
33110,-0.7115922570228577,3.167712688446045,3.1593613624572754,0.16655977283205306,0.7115922570228577,0.6985580325126648,0.03130627050995827,0.6742549538612366,0.6751645803451538,0.6792698502540588,0.6838609576225281,0.6985580325126648,0.7474179267883301,0.7525893449783325,0.7613165378570557,0.7613165378570557
33145,-0.7115922570228577,3.1681504249572754,3.159808874130249,0.16678461219583238,0.7115922570228577,0.6985580325126648,0.03130627050995827,0.6742549538612366,0.6751645803451538,0.6792698502540588,0.6838609576225281,0.6985580325126648,0.7474179267883301,0.7525893449783325,0.7613165378570557,0.7613165378570557
33180,-0.7115922570228577,3.165919780731201,3.157597303390503,0.16598690833364213,0.7115922570228577,0.6985580325126648,0.03130627050995827,0.6742549538612366,0.6751645803451538,0.6792698502540588,0.6838609576225281,0.6985580325126648,0.7474179267883301,0.7525893449783325,0.7613165378570557,0.7613165378570557
33215,-0.7115922570228577,3.164170742034912,3.1558704376220703,0.16306992300919124,0.7115922570228577,0.6985580325126648,0.03130627050995827,0.6742549538612366,0.6751645803451538,0.6792698502540588,0.6838609576225281,0.6985580325126648,0.7474179267883301,0.7525893449783325,0.7613165378570557,0.7613165378570557
33250,-0.7115922570228577,3.1629369258880615,3.1546566486358643,0.1607939749956131,0.7115922570228577,0.6985580325126648,0.03130627050995827,0.6742549538612366,0.6751645803451538,0.6792698502540588,0.6838609576225281,0.6985580325126648,0.7474179267883301,0.7525893449783325,0.7613165378570557,0.7613165378570557
33285,-0.7115922570228577,3.1621580123901367,3.1538994312286377,0.1598780687366213,0.7115922570228577,0.6985580325126648,0.03130627050995827,0.6742549538612366,0.6751645803451538,0.6792698502540588,0.6838609576225281,0.6985580325126648,0.7474179267883301,0.7525893449783325,0.7613165378570557,0.7613165378570557
33320,-0.7115922570228577,3.1635091304779053,3.1552581787109375,0.15810899010726384,0.7115922570228577,0.6985580325126648,0.03130627050995827,0.6742549538612366,0.6751645803451538,0.6792698502540588,0.6838609576225281,0.6985580325126648,0.7474179267883301,0.7525893449783325,0.7613165378570557,0.7613165378570557
33355,-0.7115922570228577,3.161968469619751,3.1537344455718994,0.1583809299128396,0.7115922570228577,0.6985580325126648,0.03130627050995827,0.6742549538612366,0.6751645803451538,0.6792698502540588,0.6838609576225281,0.6985580325126648,0.7474179267883301,0.7525893449783325,0.7613165378570557,0.7613165378570557
33390,-0.7115922570228577,3.1619772911071777,3.153749704360962,0.1596714002745492,0.7115922570228577,0.6985580325126648,0.03130627050995827,0.6742549538612366,0.6751645803451538,0.6792698502540588,0.6838609576225281,0.6985580325126648,0.7474179267883301,0.7525893449783325,0.7613165378570557,0.7613165378570557
33425,-0.7115922570228577,3.1593496799468994,3.1511290073394775,0.15886380629880087,0.7115922570228577,0.6985580325126648,0.03130627050995827,0.6742549538612366,0.6751645803451538,0.6792698502540588,0.6838609576225281,0.6985580325126648,0.7474179267883301,0.7525893449783325,0.7613165378570557,0.7613165378570557
33460,-0.7115922570228577,3.1583666801452637,3.1501593589782715,0.1602106307234083,0.7115922570228577,0.6985580325126648,0.03130627050995827,0.6742549538612366,0.6751645803451538,0.6792698502540588,0.6838609576225281,0.6985580325126648,0.7474179267883301,0.7525893449783325,0.7613165378570557,0.7613165378570557
33495,-0.7115922570228577,3.158846139907837,3.150648593902588,0.1596888154745102,0.7115922570228577,0.6985580325126648,0.03130627050995827,0.6742549538612366,0.6751645803451538,0.6792698502540588,0.6838609576225281,0.6985580325126648,0.7474179267883301,0.7525893449783325,0.7613165378570557,0.7613165378570557
33530,-0.7115922570228577,3.16070556640625,3.1525304317474365,0.16131406170981272,0.7115922570228577,0.6985580325126648,0.03130627050995827,0.6742549538612366,0.6751645803451538,0.6792698502540588,0.6838609576225281,0.6985580325126648,0.7474179267883301,0.7525893449783325,0.7613165378570557,0.7613165378570557
33565,-0.7115922570228577,3.159864902496338,3.1517088413238525,0.16003893741539546,0.7115922570228577,0.6985580325126648,0.03130627050995827,0.6742549538612366,0.6751645803451538,0.6792698502540588,0.6838609576225281,0.6985580325126648,0.7474179267883301,0.7525893449783325,0.7613165378570557,0.7613165378570557
33600,-0.7115922570228577,3.1586086750030518,3.1504626274108887,0.16070949818406785,0.7115922570228577,0.6985580325126648,0.03130627050995827,0.6742549538612366,0.6751645803451538,0.6792698502540588,0.6838609576225281,0.6985580325126648,0.7474179267883301,0.7525893449783325,0.7613165378570557,0.7613165378570557
33635,-0.7115922570228577,3.159572124481201,3.1514601707458496,0.1606176963874272,0.7115922570228577,0.6985580325126648,0.03130627050995827,0.6742549538612366,0.6751645803451538,0.6792698502540588,0.6838609576225281,0.6985580325126648,0.7474179267883301,0.7525893449783325,0.7613165378570557,0.7613165378570557
33670,-0.7115922570228577,3.1585962772369385,3.1504945755004883,0.15951062738895416,0.7115922570228577,0.6985580325126648,0.03130627050995827,0.6742549538612366,0.6751645803451538,0.6792698502540588,0.6838609576225281,0.6985580325126648,0.7474179267883301,0.7525893449783325,0.7613165378570557,0.7613165378570557
33705,-0.7115922570228577,3.1577348709106445,3.1496593952178955,0.1595039814710617,0.7115922570228577,0.6985580325126648,0.03130627050995827,0.6742549538612366,0.6751645803451538,0.6792698502540588,0.6838609576225281,0.6985580325126648,0.7474179267883301,0.7525893449783325,0.7613165378570557,0.7613165378570557
33740,-0.7115922570228577,3.1570355892181396,3.148994207382202,0.15863379197461264,0.7115922570228577,0.6985580325126648,0.03130627050995827,0.6742549538612366,0.6751645803451538,0.6792698502540588,0.6838609576225281,0.6985580325126648,0.7474179267883301,0.7525893449783325,0.7613165378570557,0.7613165378570557
33775,-0.7115922570228577,3.1586899757385254,3.1506636142730713,0.15770170305456435,0.7115922570228577,0.6985580325126648,0.03130627050995827,0.6742549538612366,0.6751645803451538,0.6792698502540588,0.6838609576225281,0.6985580325126648,0.7474179267883301,0.7525893449783325,0.7613165378570557,0.7613165378570557
33810,-0.7115922570228577,3.1581828594207764,3.150132417678833,0.15759400171892984,0.7115922570228577,0.6985580325126648,0.03130627050995827,0.6742549538612366,0.6751645803451538,0.6792698502540588,0.6838609576225281,0.6985580325126648,0.7474179267883301,0.7525893449783325,0.7613165378570557,0.7613165378570557
33845,-0.7115922570228577,3.1574227809906006,3.1493687629699707,0.1575436294078827,0.7115922570228577,0.6985580325126648,0.03130627050995827,0.6742549538612366,0.6751645803451538,0.6792698502540588,0.6838609576225281,0.6985580325126648,0.7474179267883301,0.7525893449783325,0.7613165378570557,0.7613165378570557
33880,-0.7115922570228577,3.1555168628692627,3.1474769115448,0.15817071284566606,0.7115922570228577,0.6985580325126648,0.03130627050995827,0.6742549538612366,0.6751645803451538,0.6792698502540588,0.6838609576225281,0.6985580325126648,0.7474179267883301,0.7525893449783325,0.7613165378570557,0.7613165378570557
33915,-0.7115922570228577,3.1533567905426025,3.145310878753662,0.15608656193528855,0.7115922570228577,0.6985580325126648,0.03130627050995827,0.6742549538612366,0.6751645803451538,0.6792698502540588,0.6838609576225281,0.6985580325126648,0.7474179267883301,0.7525893449783325,0.7613165378570557,0.7613165378570557
33950,-0.7115922570228577,3.153273105621338,3.145231008529663,0.15698750529970443,0.7115922570228577,0.6985580325126648,0.03130627050995827,0.6742549538612366,0.6751645803451538,0.6792698502540588,0.6838609576225281,0.6985580325126648,0.7474179267883301,0.7525893449783325,0.7613165378570557,0.7613165378570557
33985,-0.7115922570228577,3.1541152000427246,3.146111011505127,0.15600178922925675,0.7115922570228577,0.6985580325126648,0.03130627050995827,0.6742549538612366,0.6751645803451538,0.6792698502540588,0.6838609576225281,0.6985580325126648,0.7474179267883301,0.7525893449783325,0.7613165378570557,0.7613165378570557
34020,-0.7115922570228577,3.1527979373931885,3.1448705196380615,0.15438820102385112,0.7115922570228577,0.6985580325126648,0.03130627050995827,0.6742549538612366,0.6751645803451538,0.6792698502540588,0.6838609576225281,0.6985580325126648,0.7474179267883301,0.7525893449783325,0.7613165378570557,0.7613165378570557
34055,-0.7115922570228577,3.151521921157837,3.1436469554901123,0.15350201832396643,0.7115922570228577,0.6985580325126648,0.03130627050995827,0.6742549538612366,0.6751645803451538,0.6792698502540588,0.6838609576225281,0.6985580325126648,0.7474179267883301,0.7525893449783325,0.7613165378570557,0.7613165378570557
34090,-0.7115922570228577,3.1539838314056396,3.1461429595947266,0.15276535600423813,0.7115922570228577,0.6985580325126648,0.03130627050995827,0.6742549538612366,0.6751645803451538,0.6792698502540588,0.6838609576225281,0.6985580325126648,0.7474179267883301,0.7525893449783325,0.7613165378570557,0.7613165378570557
34125,-0.7115922570228577,3.1564650535583496,3.148641347885132,0.15365223373685563,0.7115922570228577,0.6985580325126648,0.03130627050995827,0.6742549538612366,0.6751645803451538,0.6792698502540588,0.6838609576225281,0.6985580325126648,0.7474179267883301,0.7525893449783325,0.7613165378570557,0.7613165378570557
34160,-0.7115922570228577,3.1554315090179443,3.147634267807007,0.15361707551138742,0.7115922570228577,0.6985580325126648,0.03130627050995827,0.6742549538612366,0.6751645803451538,0.6792698502540588,0.6838609576225281,0.6985580325126648,0.7474179267883301,0.7525893449783325,0.7613165378570557,0.7613165378570557
34195,-0.7115922570228577,3.153047561645508,3.145266532897949,0.15116793023688452,0.7115922570228577,0.6985580325126648,0.03130627050995827,0.6742549538612366,0.6751645803451538,0.6792698502540588,0.6838609576225281,0.6985580325126648,0.7474179267883301,0.7525893449783325,0.7613165378570557,0.7613165378570557
34230,-0.7115922570228577,3.1541731357574463,3.146411418914795,0.14980716684034892,0.7115922570228577,0.6985580325126648,0.03130627050995827,0.6742549538612366,0.6751645803451538,0.6792698502540588,0.6838609576225281,0.6985580325126648,0.7474179267883301,0.7525893449783325,0.7613165378570557,0.7613165378570557
34265,-0.7115922570228577,3.156405210494995,3.148658514022827,0.14858591237238475,0.7115922570228577,0.6985580325126648,0.03130627050995827,0.6742549538612366,0.6751645803451538,0.6792698502540588,0.6838609576225281,0.6985580325126648,0.7474179267883301,0.7525893449783325,0.7613165378570557,0.7613165378570557
34300,-0.7115922570228577,3.1576802730560303,3.149948835372925,0.14815177342721395,0.7115922570228577,0.6985580325126648,0.03130627050995827,0.6742549538612366,0.6751645803451538,0.6792698502540588,0.6838609576225281,0.6985580325126648,0.7474179267883301,0.7525893449783325,0.7613165378570557,0.7613165378570557
34335,-0.7115922570228577,3.1563422679901123,3.1486287117004395,0.1470837869814464,0.7115922570228577,0.6985580325126648,0.03130627050995827,0.6742549538612366,0.6751645803451538,0.6792698502540588,0.6838609576225281,0.6985580325126648,0.7474179267883301,0.7525893449783325,0.7613165378570557,0.7613165378570557
34370,-0.7115922570228577,3.157687187194824,3.1499838829040527,0.14690410026482173,0.7115922570228577,0.6985580325126648,0.03130627050995827,0.6742549538612366,0.6751645803451538,0.6792698502540588,0.6838609576225281,0.6985580325126648,0.7474179267883301,0.7525893449783325,0.7613165378570557,0.7613165378570557
34405,-0.7115922570228577,3.1573126316070557,3.1496191024780273,0.14830059025968825,0.7115922570228577,0.6985580325126648,0.03130627050995827,0.6742549538612366,0.6751645803451538,0.6792698502540588,0.6838609576225281,0.6985580325126648,0.7474179267883301,0.7525893449783325,0.7613165378570557,0.7613165378570557
34440,-0.7115922570228577,3.155133008956909,3.1474497318267822,0.14980190140860422,0.7115922570228577,0.6985580325126648,0.03130627050995827,0.6742549538612366,0.6751645803451538,0.6792698502540588,0.6838609576225281,0.6985580325126648,0.7474179267883301,0.7525893449783325,0.7613165378570557,0.7613165378570557
34475,-0.7115922570228577,3.157637119293213,3.1499764919281006,0.149810756955828,0.7115922570228577,0.6985580325126648,0.03130627050995827,0.6742549538612366,0.6751645803451538,0.6792698502540588,0.6838609576225281,0.6985580325126648,0.7474179267883301,0.7525893449783325,0.7613165378570557,0.7613165378570557
34510,-0.7115922570228577,3.158353567123413,3.1507081985473633,0.14956802768366678,0.7115922570228577,0.6985580325126648,0.03130627050995827,0.6742549538612366,0.6751645803451538,0.6792698502540588,0.6838609576225281,0.6985580325126648,0.7474179267883301,0.7525893449783325,0.7613165378570557,0.7613165378570557
34545,-0.7115922570228577,3.1595494747161865,3.151921272277832,0.149599945970944,0.7115922570228577,0.6985580325126648,0.03130627050995827,0.6742549538612366,0.6751645803451538,0.6792698502540588,0.6838609576225281,0.6985580325126648,0.7474179267883301,0.7525893449783325,0.7613165378570557,0.7613165378570557
34580,-0.7115922570228577,3.160214900970459,3.152599573135376,0.15211052553994314,0.7115922570228577,0.6985580325126648,0.03130627050995827,0.6742549538612366,0.6751645803451538,0.6792698502540588,0.6838609576225281,0.6985580325126648,0.7474179267883301,0.7525893449783325,0.7613165378570557,0.7613165378570557
34615,-0.7115922570228577,3.159275770187378,3.1516847610473633,0.15256420416491373,0.7115922570228577,0.6985580325126648,0.03130627050995827,0.6742549538612366,0.6751645803451538,0.6792698502540588,0.6838609576225281,0.6985580325126648,0.7474179267883301,0.7525893449783325,0.7613165378570557,0.7613165378570557
34650,-0.7115922570228577,3.158332586288452,3.1507554054260254,0.1518224435193198,0.7115922570228577,0.6985580325126648,0.03130627050995827,0.6742549538612366,0.6751645803451538,0.6792698502540588,0.6838609576225281,0.6985580325126648,0.7474179267883301,0.7525893449783325,0.7613165378570557,0.7613165378570557
34685,-0.7115922570228577,3.154789686203003,3.1472327709198,0.15113618331296103,0.7115922570228577,0.6985580325126648,0.03130627050995827,0.6742549538612366,0.6751645803451538,0.6792698502540588,0.6838609576225281,0.6985580325126648,0.7474179267883301,0.7525893449783325,0.7613165378570557,0.7613165378570557
34720,-0.7115922570228577,3.1533021926879883,3.1457650661468506,0.1491051028881754,0.7115922570228577,0.6985580325126648,0.03130627050995827,0.6742549538612366,0.6751645803451538,0.6792698502540588,0.6838609576225281,0.6985580325126648,0.7474179267883301,0.7525893449783325,0.7613165378570557,0.7613165378570557
34755,-0.7115922570228577,3.1507954597473145,3.14327073097229,0.1469138732978276,0.7115922570228577,0.6985580325126648,0.03130627050995827,0.6742549538612366,0.6751645803451538,0.6792698502540588,0.6838609576225281,0.6985580325126648,0.7474179267883301,0.7525893449783325,0.7613165378570557,0.7613165378570557
34790,-0.7115922570228577,3.1509974002838135,3.143488645553589,0.14633441397121974,0.7115922570228577,0.6985580325126648,0.03130627050995827,0.6742549538612366,0.6751645803451538,0.6792698502540588,0.6838609576225281,0.6985580325126648,0.7474179267883301,0.7525893449783325,0.7613165378570557,0.7613165378570557
34825,-0.7115922570228577,3.1514892578125,3.14399790763855,0.14523694344929286,0.7115922570228577,0.6985580325126648,0.03130627050995827,0.6742549538612366,0.6751645803451538,0.6792698502540588,0.6838609576225281,0.6985580325126648,0.7474179267883301,0.7525893449783325,0.7613165378570557,0.7613165378570557
34860,-0.7115922570228577,3.1516458988189697,3.1441702842712402,0.14641127309628896,0.7115922570228577,0.6985580325126648,0.03130627050995827,0.6742549538612366,0.6751645803451538,0.6792698502540588,0.6838609576225281,0.6985580325126648,0.7474179267883301,0.7525893449783325,0.7613165378570557,0.7613165378570557
34895,-0.7115922570228577,3.1506569385528564,3.1431965827941895,0.14756644517183304,0.7115922570228577,0.6985580325126648,0.03130627050995827,0.6742549538612366,0.6751645803451538,0.6792698502540588,0.6838609576225281,0.6985580325126648,0.7474179267883301,0.7525893449783325,0.7613165378570557,0.7613165378570557
34930,-0.7115922570228577,3.1512258052825928,3.143771171569824,0.14787619028772628,0.7115922570228577,0.6985580325126648,0.03130627050995827,0.6742549538612366,0.6751645803451538,0.6792698502540588,0.6838609576225281,0.6985580325126648,0.7474179267883301,0.7525893449783325,0.7613165378570557,0.7613165378570557
34965,-0.7115922570228577,3.150186061859131,3.1427536010742188,0.14650304296186992,0.7115922570228577,0.6985580325126648,0.03130627050995827,0.6742549538612366,0.6751645803451538,0.6792698502540588,0.6838609576225281,0.6985580325126648,0.7474179267883301,0.7525893449783325,0.7613165378570557,0.7613165378570557
35000,-0.7115922570228577,3.149405002593994,3.1419942378997803,0.14638598263263702,0.7115922570228577,0.6985580325126648,0.03130627050995827,0.6742549538612366,0.6751645803451538,0.6792698502540588,0.6838609576225281,0.6985580325126648,0.7474179267883301,0.7525893449783325,0.7613165378570557,0.7613165378570557
35035,-0.7115922570228577,3.1507833003997803,3.1433868408203125,0.1483582705259323,0.7115922570228577,0.6985580325126648,0.03130627050995827,0.6742549538612366,0.6751645803451538,0.6792698502540588,0.6838609576225281,0.6985580325126648,0.7474179267883301,0.7525893449783325,0.7613165378570557,0.7613165378570557
35070,-0.7115922570228577,3.1500425338745117,3.142662763595581,0.1450781747698784,0.7115922570228577,0.6985580325126648,0.03130627050995827,0.6742549538612366,0.6751645803451538,0.6792698502540588,0.6838609576225281,0.6985580325126648,0.7474179267883301,0.7525893449783325,0.7613165378570557,0.7613165378570557
35105,-0.7115922570228577,3.1499862670898438,3.1426215171813965,0.145508488374097,0.7115922570228577,0.6985580325126648,0.03130627050995827,0.6742549538612366,0.6751645803451538,0.6792698502540588,0.6838609576225281,0.6985580325126648,0.7474179267883301,0.7525893449783325,0.7613165378570557,0.7613165378570557
35140,-0.7115922570228577,3.1509087085723877,3.14355731010437,0.1444452138883727,0.7115922570228577,0.6985580325126648,0.03130627050995827,0.6742549538612366,0.6751645803451538,0.6792698502540588,0.6838609576225281,0.6985580325126648,0.7474179267883301,0.7525893449783325,0.7613165378570557,0.7613165378570557
35175,-0.7115922570228577,3.1545908451080322,3.1472561359405518,0.14480206902538026,0.7115922570228577,0.6985580325126648,0.03130627050995827,0.6742549538612366,0.6751645803451538,0.6792698502540588,0.6838609576225281,0.6985580325126648,0.7474179267883301,0.7525893449783325,0.7613165378570557,0.7613165378570557
35210,-0.7115922570228577,3.1545181274414062,3.147202968597412,0.14523654537541525,0.7115922570228577,0.6985580325126648,0.03130627050995827,0.6742549538612366,0.6751645803451538,0.6792698502540588,0.6838609576225281,0.6985580325126648,0.7474179267883301,0.7525893449783325,0.7613165378570557,0.7613165378570557
35245,-0.7115922570228577,3.1559178829193115,3.148615837097168,0.146683863231114,0.7115922570228577,0.6985580325126648,0.03130627050995827,0.6742549538612366,0.6751645803451538,0.6792698502540588,0.6838609576225281,0.6985580325126648,0.7474179267883301,0.7525893449783325,0.7613165378570557,0.7613165378570557
35280,-0.7115922570228577,3.152345657348633,3.1450681686401367,0.14540696995598928,0.7115922570228577,0.6985580325126648,0.03130627050995827,0.6742549538612366,0.6751645803451538,0.6792698502540588,0.6838609576225281,0.6985580325126648,0.7474179267883301,0.7525893449783325,0.7613165378570557,0.7613165378570557
35315,-0.7115922570228577,3.1530981063842773,3.1458425521850586,0.1452328860759735,0.7115922570228577,0.6985580325126648,0.03130627050995827,0.6742549538612366,0.6751645803451538,0.6792698502540588,0.6838609576225281,0.6985580325126648,0.7474179267883301,0.7525893449783325,0.7613165378570557,0.7613165378570557
35350,-0.7115922570228577,3.1564760208129883,3.149232864379883,0.1447151888694082,0.7115922570228577,0.6985580325126648,0.03130627050995827,0.6742549538612366,0.6751645803451538,0.6792698502540588,0.6838609576225281,0.6985580325126648,0.7474179267883301,0.7525893449783325,0.7613165378570557,0.7613165378570557
35385,-0.7115922570228577,3.1560356616973877,3.1488029956817627,0.14354918152093887,0.7115922570228577,0.6985580325126648,0.03130627050995827,0.6742549538612366,0.6751645803451538,0.6792698502540588,0.6838609576225281,0.6985580325126648,0.7474179267883301,0.7525893449783325,0.7613165378570557,0.7613165378570557
35420,-0.7115922570228577,3.154627799987793,3.1474149227142334,0.14537592551537923,0.7115922570228577,0.6985580325126648,0.03130627050995827,0.6742549538612366,0.6751645803451538,0.6792698502540588,0.6838609576225281,0.6985580325126648,0.7474179267883301,0.7525893449783325,0.7613165378570557,0.7613165378570557
35455,-0.7115922570228577,3.1529541015625,3.1457502841949463,0.14478224303041184,0.7115922570228577,0.6985580325126648,0.03130627050995827,0.6742549538612366,0.6751645803451538,0.6792698502540588,0.6838609576225281,0.6985580325126648,0.7474179267883301,0.7525893449783325,0.7613165378570557,0.7613165378570557
35490,-0.7115922570228577,3.1502349376678467,3.143043279647827,0.1442433563726289,0.7115922570228577,0.6985580325126648,0.03130627050995827,0.6742549538612366,0.6751645803451538,0.6792698502540588,0.6838609576225281,0.6985580325126648,0.7474179267883301,0.7525893449783325,0.7613165378570557,0.7613165378570557
35525,-0.7115922570228577,3.1512062549591064,3.144024133682251,0.14316819608211517,0.7115922570228577,0.6985580325126648,0.03130627050995827,0.6742549538612366,0.6751645803451538,0.6792698502540588,0.6838609576225281,0.6985580325126648,0.7474179267883301,0.7525893449783325,0.7613165378570557,0.7613165378570557
35560,-0.7115922570228577,3.1526904106140137,3.145521640777588,0.14338645339012146,0.7115922570228577,0.6985580325126648,0.03130627050995827,0.6742549538612366,0.6751645803451538,0.6792698502540588,0.6838609576225281,0.6985580325126648,0.7474179267883301,0.7525893449783325,0.7613165378570557,0.7613165378570557
35595,-0.7115922570228577,3.1519572734832764,3.1448066234588623,0.14324562570878438,0.7115922570228577,0.6985580325126648,0.03130627050995827,0.6742549538612366,0.6751645803451538,0.6792698502540588,0.6838609576225281,0.6985580325126648,0.7474179267883301,0.7525893449783325,0.7613165378570557,0.7613165378570557
35630,-0.7115922570228577,3.1533010005950928,3.1461691856384277,0.1457898191043309,0.7115922570228577,0.6985580325126648,0.03130627050995827,0.6742549538612366,0.6751645803451538,0.6792698502540588,0.6838609576225281,0.6985580325126648,0.7474179267883301,0.7525893449783325,0.7613165378570557,0.7613165378570557
35665,-0.7115922570228577,3.1533076763153076,3.146206855773926,0.14451345375605992,0.7115922570228577,0.6985580325126648,0.03130627050995827,0.6742549538612366,0.6751645803451538,0.6792698502540588,0.6838609576225281,0.6985580325126648,0.7474179267883301,0.7525893449783325,0.7613165378570557,0.7613165378570557
35700,-0.7115922570228577,3.1535372734069824,3.1464507579803467,0.14389776119164058,0.7115922570228577,0.6985580325126648,0.03130627050995827,0.6742549538612366,0.6751645803451538,0.6792698502540588,0.6838609576225281,0.6985580325126648,0.7474179267883301,0.7525893449783325,0.7613165378570557,0.7613165378570557
35735,-0.7115922570228577,3.1576411724090576,3.1505846977233887,0.1458751537970134,0.7115922570228577,0.6985580325126648,0.03130627050995827,0.6742549538612366,0.6751645803451538,0.6792698502540588,0.6838609576225281,0.6985580325126648,0.7474179267883301,0.7525893449783325,0.7613165378570557,0.7613165378570557
35770,-0.7115922570228577,3.1563239097595215,3.1492862701416016,0.14562078991106578,0.7115922570228577,0.6985580325126648,0.03130627050995827,0.6742549538612366,0.6751645803451538,0.6792698502540588,0.6838609576225281,0.6985580325126648,0.7474179267883301,0.7525893449783325,0.7613165378570557,0.7613165378570557
35805,-0.7115922570228577,3.1569128036499023,3.149888277053833,0.14434717276266643,0.7115922570228577,0.6985580325126648,0.03130627050995827,0.6742549538612366,0.6751645803451538,0.6792698502540588,0.6838609576225281,0.6985580325126648,0.7474179267883301,0.7525893449783325,0.7613165378570557,0.7613165378570557
35840,-0.7115922570228577,3.1570940017700195,3.150085926055908,0.14345307967492513,0.7115922570228577,0.6985580325126648,0.03130627050995827,0.6742549538612366,0.6751645803451538,0.6792698502540588,0.6838609576225281,0.6985580325126648,0.7474179267883301,0.7525893449783325,0.7613165378570557,0.7613165378570557
35875,-0.7115922570228577,3.1540610790252686,3.147067070007324,0.1414957589336804,0.7115922570228577,0.6985580325126648,0.03130627050995827,0.6742549538612366,0.6751645803451538,0.6792698502540588,0.6838609576225281,0.6985580325126648,0.7474179267883301,0.7525893449783325,0.7613165378570557,0.7613165378570557
35910,-0.7115922570228577,3.1534152030944824,3.146437883377075,0.14089144234146392,0.7115922570228577,0.6985580325126648,0.03130627050995827,0.6742549538612366,0.6751645803451538,0.6792698502540588,0.6838609576225281,0.6985580325126648,0.7474179267883301,0.7525893449783325,0.7613165378570557,0.7613165378570557
35945,-0.7115922570228577,3.152255058288574,3.145291328430176,0.13969025867325918,0.7115922570228577,0.6985580325126648,0.03130627050995827,0.6742549538612366,0.6751645803451538,0.6792698502540588,0.6838609576225281,0.6985580325126648,0.7474179267883301,0.7525893449783325,0.7613165378570557,0.7613165378570557
35980,-0.7115922570228577,3.153475761413574,3.1465232372283936,0.14042328617402486,0.7115922570228577,0.6985580325126648,0.03130627050995827,0.6742549538612366,0.6751645803451538,0.6792698502540588,0.6838609576225281,0.6985580325126648,0.7474179267883301,0.7525893449783325,0.7613165378570557,0.7613165378570557
36015,-0.7115922570228577,3.155518054962158,3.148583173751831,0.13929284257548197,0.7115922570228577,0.6985580325126648,0.03130627050995827,0.6742549538612366,0.6751645803451538,0.6792698502540588,0.6838609576225281,0.6985580325126648,0.7474179267883301,0.7525893449783325,0.7613165378570557,0.7613165378570557
36050,-0.7115922570228577,3.1559226512908936,3.148998498916626,0.13971263063805445,0.7115922570228577,0.6985580325126648,0.03130627050995827,0.6742549538612366,0.6751645803451538,0.6792698502540588,0.6838609576225281,0.6985580325126648,0.7474179267883301,0.7525893449783325,0.7613165378570557,0.7613165378570557
36085,-0.7115922570228577,3.1568005084991455,3.149897336959839,0.13859145556177413,0.7115922570228577,0.6985580325126648,0.03130627050995827,0.6742549538612366,0.6751645803451538,0.6792698502540588,0.6838609576225281,0.6985580325126648,0.7474179267883301,0.7525893449783325,0.7613165378570557,0.7613165378570557
36120,-0.7115922570228577,3.158036708831787,3.1511435508728027,0.13773248131786073,0.7115922570228577,0.6985580325126648,0.03130627050995827,0.6742549538612366,0.6751645803451538,0.6792698502540588,0.6838609576225281,0.6985580325126648,0.7474179267883301,0.7525893449783325,0.7613165378570557,0.7613165378570557
36155,-0.7115922570228577,3.1578292846679688,3.150949478149414,0.13610169397933142,0.7115922570228577,0.6985580325126648,0.03130627050995827,0.6742549538612366,0.6751645803451538,0.6792698502540588,0.6838609576225281,0.6985580325126648,0.7474179267883301,0.7525893449783325,0.7613165378570557,0.7613165378570557
36190,-0.7115922570228577,3.1576952934265137,3.150827646255493,0.13542091101408005,0.7115922570228577,0.6985580325126648,0.03130627050995827,0.6742549538612366,0.6751645803451538,0.6792698502540588,0.6838609576225281,0.6985580325126648,0.7474179267883301,0.7525893449783325,0.7613165378570557,0.7613165378570557
36225,-0.7115922570228577,3.157417058944702,3.150563955307007,0.13385766318866185,0.7115922570228577,0.6985580325126648,0.03130627050995827,0.6742549538612366,0.6751645803451538,0.6792698502540588,0.6838609576225281,0.6985580325126648,0.7474179267883301,0.7525893449783325,0.7613165378570557,0.7613165378570557
36260,-0.7115922570228577,3.1555986404418945,3.1487514972686768,0.13409969423498427,0.7115922570228577,0.6985580325126648,0.03130627050995827,0.6742549538612366,0.6751645803451538,0.6792698502540588,0.6838609576225281,0.6985580325126648,0.7474179267883301,0.7525893449783325,0.7613165378570557,0.7613165378570557
36295,-0.7115922570228577,3.1572964191436768,3.1504759788513184,0.13410554081201553,0.7115922570228577,0.6985580325126648,0.03130627050995827,0.6742549538612366,0.6751645803451538,0.6792698502540588,0.6838609576225281,0.6985580325126648,0.7474179267883301,0.7525893449783325,0.7613165378570557,0.7613165378570557
36330,-0.7115922570228577,3.160153388977051,3.1533446311950684,0.13558134755917958,0.7115922570228577,0.6985580325126648,0.03130627050995827,0.6742549538612366,0.6751645803451538,0.6792698502540588,0.6838609576225281,0.6985580325126648,0.7474179267883301,0.7525893449783325,0.7613165378570557,0.7613165378570557
36365,-0.7115922570228577,3.1623528003692627,3.155574321746826,0.13444143214396068,0.7115922570228577,0.6985580325126648,0.03130627050995827,0.6742549538612366,0.6751645803451538,0.6792698502540588,0.6838609576225281,0.6985580325126648,0.7474179267883301,0.7525893449783325,0.7613165378570557,0.7613165378570557
36400,-0.7115922570228577,3.164700984954834,3.157938241958618,0.13286536931991577,0.7115922570228577,0.6985580325126648,0.03130627050995827,0.6742549538612366,0.6751645803451538,0.6792698502540588,0.6838609576225281,0.6985580325126648,0.7474179267883301,0.7525893449783325,0.7613165378570557,0.7613165378570557
36435,-0.7115922570228577,3.1655917167663574,3.1588475704193115,0.13252067353044236,0.7115922570228577,0.6985580325126648,0.03130627050995827,0.6742549538612366,0.6751645803451538,0.6792698502540588,0.6838609576225281,0.6985580325126648,0.7474179267883301,0.7525893449783325,0.7613165378570557,0.7613165378570557
36470,-0.7115922570228577,3.1674234867095947,3.1606903076171875,0.13444972038269043,0.7115922570228577,0.6985580325126648,0.03130627050995827,0.6742549538612366,0.6751645803451538,0.6792698502540588,0.6838609576225281,0.6985580325126648,0.7474179267883301,0.7525893449783325,0.7613165378570557,0.7613165378570557
36505,-0.7115922570228577,3.166487216949463,3.1597509384155273,0.13441656955650874,0.7115922570228577,0.6985580325126648,0.03130627050995827,0.6742549538612366,0.6751645803451538,0.6792698502540588,0.6838609576225281,0.6985580325126648,0.7474179267883301,0.7525893449783325,0.7613165378570557,0.7613165378570557
36540,-0.7115922570228577,3.1632049083709717,3.156487226486206,0.13420358725956508,0.7115922570228577,0.6985580325126648,0.03130627050995827,0.6742549538612366,0.6751645803451538,0.6792698502540588,0.6838609576225281,0.6985580325126648,0.7474179267883301,0.7525893449783325,0.7613165378570557,0.7613165378570557
36575,-0.7115922570228577,3.162663221359253,3.155956506729126,0.13508830219507217,0.7115922570228577,0.6985580325126648,0.03130627050995827,0.6742549538612366,0.6751645803451538,0.6792698502540588,0.6838609576225281,0.6985580325126648,0.7474179267883301,0.7525893449783325,0.7613165378570557,0.7613165378570557
36610,-0.7115922570228577,3.1641838550567627,3.1574904918670654,0.13478020152875356,0.7115922570228577,0.6985580325126648,0.03130627050995827,0.6742549538612366,0.6751645803451538,0.6792698502540588,0.6838609576225281,0.6985580325126648,0.7474179267883301,0.7525893449783325,0.7613165378570557,0.7613165378570557
36645,-0.7115922570228577,3.160695791244507,3.1540136337280273,0.13562311764274324,0.7115922570228577,0.6985580325126648,0.03130627050995827,0.6742549538612366,0.6751645803451538,0.6792698502540588,0.6838609576225281,0.6985580325126648,0.7474179267883301,0.7525893449783325,0.7613165378570557,0.7613165378570557
36680,-0.7115922570228577,3.161870002746582,3.155207633972168,0.1358103464756693,0.7115922570228577,0.6985580325126648,0.03130627050995827,0.6742549538612366,0.6751645803451538,0.6792698502540588,0.6838609576225281,0.6985580325126648,0.7474179267883301,0.7525893449783325,0.7613165378570557,0.7613165378570557
36715,-0.7115922570228577,3.162766218185425,3.1561200618743896,0.1339353961603982,0.7115922570228577,0.6985580325126648,0.03130627050995827,0.6742549538612366,0.6751645803451538,0.6792698502540588,0.6838609576225281,0.6985580325126648,0.7474179267883301,0.7525893449783325,0.7613165378570557,0.7613165378570557
36750,-0.7115922570228577,3.1623284816741943,3.1557066440582275,0.13385343551635742,0.7115922570228577,0.6985580325126648,0.03130627050995827,0.6742549538612366,0.6751645803451538,0.6792698502540588,0.6838609576225281,0.6985580325126648,0.7474179267883301,0.7525893449783325,0.7613165378570557,0.7613165378570557
36785,-0.7115922570228577,3.161862373352051,3.155259370803833,0.1323216770376478,0.7115922570228577,0.6985580325126648,0.03130627050995827,0.6742549538612366,0.6751645803451538,0.6792698502540588,0.6838609576225281,0.6985580325126648,0.7474179267883301,0.7525893449783325,0.7613165378570557,0.7613165378570557
36820,-0.7115922570228577,3.1629788875579834,3.156386613845825,0.13228471257856914,0.7115922570228577,0.6985580325126648,0.03130627050995827,0.6742549538612366,0.6751645803451538,0.6792698502540588,0.6838609576225281,0.6985580325126648,0.7474179267883301,0.7525893449783325,0.7613165378570557,0.7613165378570557
36855,-0.7115922570228577,3.163404703140259,3.1568212509155273,0.13130042914833343,0.7115922570228577,0.6985580325126648,0.03130627050995827,0.6742549538612366,0.6751645803451538,0.6792698502540588,0.6838609576225281,0.6985580325126648,0.7474179267883301,0.7525893449783325,0.7613165378570557,0.7613165378570557
36890,-0.7115922570228577,3.1617610454559326,3.155184507369995,0.13278433680534363,0.7115922570228577,0.6985580325126648,0.03130627050995827,0.6742549538612366,0.6751645803451538,0.6792698502540588,0.6838609576225281,0.6985580325126648,0.7474179267883301,0.7525893449783325,0.7613165378570557,0.7613165378570557
36925,-0.7115922570228577,3.159783124923706,3.1532182693481445,0.1330359588776316,0.7115922570228577,0.6985580325126648,0.03130627050995827,0.6742549538612366,0.6751645803451538,0.6792698502540588,0.6838609576225281,0.6985580325126648,0.7474179267883301,0.7525893449783325,0.7613165378570557,0.7613165378570557
36960,-0.7115922570228577,3.156824827194214,3.150265693664551,0.13249033370188304,0.7115922570228577,0.6985580325126648,0.03130627050995827,0.6742549538612366,0.6751645803451538,0.6792698502540588,0.6838609576225281,0.6985580325126648,0.7474179267883301,0.7525893449783325,0.7613165378570557,0.7613165378570557
36995,-0.7115922570228577,3.1574478149414062,3.1508970260620117,0.1335463183266776,0.7115922570228577,0.6985580325126648,0.03130627050995827,0.6742549538612366,0.6751645803451538,0.6792698502540588,0.6838609576225281,0.6985580325126648,0.7474179267883301,0.7525893449783325,0.7613165378570557,0.7613165378570557
37030,-0.7115922570228577,3.1560423374176025,3.1495063304901123,0.133062872503485,0.7115922570228577,0.6985580325126648,0.03130627050995827,0.6742549538612366,0.6751645803451538,0.6792698502540588,0.6838609576225281,0.6985580325126648,0.7474179267883301,0.7525893449783325,0.7613165378570557,0.7613165378570557
37065,-0.7115922570228577,3.159045696258545,3.152524709701538,0.13230292818375997,0.7115922570228577,0.6985580325126648,0.03130627050995827,0.6742549538612366,0.6751645803451538,0.6792698502540588,0.6838609576225281,0.6985580325126648,0.7474179267883301,0.7525893449783325,0.7613165378570557,0.7613165378570557
37100,-0.7115922570228577,3.15899920463562,3.1524970531463623,0.13011319190263748,0.7115922570228577,0.6985580325126648,0.03130627050995827,0.6742549538612366,0.6751645803451538,0.6792698502540588,0.6838609576225281,0.6985580325126648,0.7474179267883301,0.7525893449783325,0.7613165378570557,0.7613165378570557
37135,-0.7115922570228577,3.159139394760132,3.1526548862457275,0.12964250147342682,0.7115922570228577,0.6985580325126648,0.03130627050995827,0.6742549538612366,0.6751645803451538,0.6792698502540588,0.6838609576225281,0.6985580325126648,0.7474179267883301,0.7525893449783325,0.7613165378570557,0.7613165378570557
37170,-0.7115922570228577,3.1561756134033203,3.149702548980713,0.1291707796709878,0.7115922570228577,0.6985580325126648,0.03130627050995827,0.6742549538612366,0.6751645803451538,0.6792698502540588,0.6838609576225281,0.6985580325126648,0.7474179267883301,0.7525893449783325,0.7613165378570557,0.7613165378570557
37205,-0.7115922570228577,3.1535277366638184,3.1470656394958496,0.12851900500910624,0.7115922570228577,0.6985580325126648,0.03130627050995827,0.6742549538612366,0.6751645803451538,0.6792698502540588,0.6838609576225281,0.6985580325126648,0.7474179267883301,0.7525893449783325,0.7613165378570557,0.7613165378570557
37240,-0.7115922570228577,3.154723882675171,3.148277759552002,0.12931819260120392,0.7115922570228577,0.6985580325126648,0.03130627050995827,0.6742549538612366,0.6751645803451538,0.6792698502540588,0.6838609576225281,0.6985580325126648,0.7474179267883301,0.7525893449783325,0.7613165378570557,0.7613165378570557
37275,-0.7115922570228577,3.1538631916046143,3.147434949874878,0.12822273905788148,0.7115922570228577,0.6985580325126648,0.03130627050995827,0.6742549538612366,0.6751645803451538,0.6792698502540588,0.6838609576225281,0.6985580325126648,0.7474179267883301,0.7525893449783325,0.7613165378570557,0.7613165378570557
37310,-0.7115922570228577,3.153757095336914,3.147343635559082,0.12845153680869512,0.7115922570228577,0.6985580325126648,0.03130627050995827,0.6742549538612366,0.6751645803451538,0.6792698502540588,0.6838609576225281,0.6985580325126648,0.7474179267883301,0.7525893449783325,0.7613165378570557,0.7613165378570557
37345,-0.7115922570228577,3.1509008407592773,3.1445000171661377,0.12835640140942164,0.7115922570228577,0.6985580325126648,0.03130627050995827,0.6742549538612366,0.6751645803451538,0.6792698502540588,0.6838609576225281,0.6985580325126648,0.7474179267883301,0.7525893449783325,0.7613165378570557,0.7613165378570557
37380,-0.7115922570228577,3.155137538909912,3.1487419605255127,0.13086174322026117,0.7115922570228577,0.6985580325126648,0.03130627050995827,0.6742549538612366,0.6751645803451538,0.6792698502540588,0.6838609576225281,0.6985580325126648,0.7474179267883301,0.7525893449783325,0.7613165378570557,0.7613165378570557
37415,-0.7115922570228577,3.155470371246338,3.1490893363952637,0.13040671604020254,0.7115922570228577,0.6985580325126648,0.03130627050995827,0.6742549538612366,0.6751645803451538,0.6792698502540588,0.6838609576225281,0.6985580325126648,0.7474179267883301,0.7525893449783325,0.7613165378570557,0.7613165378570557
37450,-0.7115922570228577,3.1533734798431396,3.1470155715942383,0.12953521204846247,0.7115922570228577,0.6985580325126648,0.03130627050995827,0.6742549538612366,0.6751645803451538,0.6792698502540588,0.6838609576225281,0.6985580325126648,0.7474179267883301,0.7525893449783325,0.7613165378570557,0.7613165378570557
37485,-0.7115922570228577,3.153646230697632,3.1473095417022705,0.12941110346998488,0.7115922570228577,0.6985580325126648,0.03130627050995827,0.6742549538612366,0.6751645803451538,0.6792698502540588,0.6838609576225281,0.6985580325126648,0.7474179267883301,0.7525893449783325,0.7613165378570557,0.7613165378570557
37520,-0.7115922570228577,3.1535019874572754,3.147183418273926,0.12988884214844024,0.7115922570228577,0.6985580325126648,0.03130627050995827,0.6742549538612366,0.6751645803451538,0.6792698502540588,0.6838609576225281,0.6985580325126648,0.7474179267883301,0.7525893449783325,0.7613165378570557,0.7613165378570557
37555,-0.7115922570228577,3.155557870864868,3.1492538452148438,0.13104037089007242,0.7115922570228577,0.6985580325126648,0.03130627050995827,0.6742549538612366,0.6751645803451538,0.6792698502540588,0.6838609576225281,0.6985580325126648,0.7474179267883301,0.7525893449783325,0.7613165378570557,0.7613165378570557
37590,-0.7115922570228577,3.1548750400543213,3.1485836505889893,0.1289081328681537,0.7115922570228577,0.6985580325126648,0.03130627050995827,0.6742549538612366,0.6751645803451538,0.6792698502540588,0.6838609576225281,0.6985580325126648,0.7474179267883301,0.7525893449783325,0.7613165378570557,0.7613165378570557
37625,-0.7115922570228577,3.1556735038757324,3.1493940353393555,0.12954499891826085,0.7115922570228577,0.6985580325126648,0.03130627050995827,0.6742549538612366,0.6751645803451538,0.6792698502540588,0.6838609576225281,0.6985580325126648,0.7474179267883301,0.7525893449783325,0.7613165378570557,0.7613165378570557
37660,-0.7115922570228577,3.153815269470215,3.1475510597229004,0.12789840464081084,0.7115922570228577,0.6985580325126648,0.03130627050995827,0.6742549538612366,0.6751645803451538,0.6792698502540588,0.6838609576225281,0.6985580325126648,0.7474179267883301,0.7525893449783325,0.7613165378570557,0.7613165378570557
37695,-0.7115922570228577,3.1503870487213135,3.144137382507324,0.1272596695593425,0.7115922570228577,0.6985580325126648,0.03130627050995827,0.6742549538612366,0.6751645803451538,0.6792698502540588,0.6838609576225281,0.6985580325126648,0.7474179267883301,0.7525893449783325,0.7613165378570557,0.7613165378570557
37730,-0.7115922570228577,3.151034116744995,3.14479398727417,0.12814636528491974,0.7115922570228577,0.6985580325126648,0.03130627050995827,0.6742549538612366,0.6751645803451538,0.6792698502540588,0.6838609576225281,0.6985580325126648,0.7474179267883301,0.7525893449783325,0.7613165378570557,0.7613165378570557
37765,-0.7115922570228577,3.1485719680786133,3.1423423290252686,0.1273591465183667,0.7115922570228577,0.6985580325126648,0.03130627050995827,0.6742549538612366,0.6751645803451538,0.6792698502540588,0.6838609576225281,0.6985580325126648,0.7474179267883301,0.7525893449783325,0.7613165378570557,0.7613165378570557
37800,-0.7115922570228577,3.1456823348999023,3.139468193054199,0.12635378539562225,0.7115922570228577,0.6985580325126648,0.03130627050995827,0.6742549538612366,0.6751645803451538,0.6792698502540588,0.6838609576225281,0.6985580325126648,0.7474179267883301,0.7525893449783325,0.7613165378570557,0.7613165378570557
37835,-0.7115922570228577,3.1455090045928955,3.139307737350464,0.12707171802009856,0.7115922570228577,0.6985580325126648,0.03130627050995827,0.6742549538612366,0.6751645803451538,0.6792698502540588,0.6838609576225281,0.6985580325126648,0.7474179267883301,0.7525893449783325,0.7613165378570557,0.7613165378570557
37870,-0.7115922570228577,3.1464836597442627,3.140298843383789,0.12815187658582414,0.7115922570228577,0.6985580325126648,0.03130627050995827,0.6742549538612366,0.6751645803451538,0.6792698502540588,0.6838609576225281,0.6985580325126648,0.7474179267883301,0.7525893449783325,0.7613165378570557,0.7613165378570557
37905,-0.7115922570228577,3.1458044052124023,3.139624834060669,0.12802997018609727,0.7115922570228577,0.6985580325126648,0.03130627050995827,0.6742549538612366,0.6751645803451538,0.6792698502540588,0.6838609576225281,0.6985580325126648,0.7474179267883301,0.7525893449783325,0.7613165378570557,0.7613165378570557
37940,-0.7115922570228577,3.145146369934082,3.1389811038970947,0.12799180724791118,0.7115922570228577,0.6985580325126648,0.03130627050995827,0.6742549538612366,0.6751645803451538,0.6792698502540588,0.6838609576225281,0.6985580325126648,0.7474179267883301,0.7525893449783325,0.7613165378570557,0.7613165378570557
37975,-0.7115922570228577,3.144688606262207,3.138545513153076,0.1280823371240071,0.7115922570228577,0.6985580325126648,0.03130627050995827,0.6742549538612366,0.6751645803451538,0.6792698502540588,0.6838609576225281,0.6985580325126648,0.7474179267883301,0.7525893449783325,0.7613165378570557,0.7613165378570557
38010,-0.7115922570228577,3.1465697288513184,3.140439033508301,0.12907288755689347,0.7115922570228577,0.6985580325126648,0.03130627050995827,0.6742549538612366,0.6751645803451538,0.6792698502540588,0.6838609576225281,0.6985580325126648,0.7474179267883301,0.7525893449783325,0.7613165378570557,0.7613165378570557
38045,-0.7115922570228577,3.1505625247955322,3.1444480419158936,0.12902311235666275,0.7115922570228577,0.6985580325126648,0.03130627050995827,0.6742549538612366,0.6751645803451538,0.6792698502540588,0.6838609576225281,0.6985580325126648,0.7474179267883301,0.7525893449783325,0.7613165378570557,0.7613165378570557
38080,-0.7115922570228577,3.152724504470825,3.1466221809387207,0.13185997626611165,0.7115922570228577,0.6985580325126648,0.03130627050995827,0.6742549538612366,0.6751645803451538,0.6792698502540588,0.6838609576225281,0.6985580325126648,0.7474179267883301,0.7525893449783325,0.7613165378570557,0.7613165378570557
38115,-0.7115922570228577,3.1534054279327393,3.14731502532959,0.13223613692181452,0.7115922570228577,0.6985580325126648,0.03130627050995827,0.6742549538612366,0.6751645803451538,0.6792698502540588,0.6838609576225281,0.6985580325126648,0.7474179267883301,0.7525893449783325,0.7613165378570557,0.7613165378570557
38150,-0.7115922570228577,3.1526882648468018,3.146611213684082,0.12924443823950632,0.7115922570228577,0.6985580325126648,0.03130627050995827,0.6742549538612366,0.6751645803451538,0.6792698502540588,0.6838609576225281,0.6985580325126648,0.7474179267883301,0.7525893449783325,0.7613165378570557,0.7613165378570557
38185,-0.7115922570228577,3.1527509689331055,3.14668345451355,0.1275156161614827,0.7115922570228577,0.6985580325126648,0.03130627050995827,0.6742549538612366,0.6751645803451538,0.6792698502540588,0.6838609576225281,0.6985580325126648,0.7474179267883301,0.7525893449783325,0.7613165378570557,0.7613165378570557
38220,-0.7115922570228577,3.1546943187713623,3.1486384868621826,0.12616235443523952,0.7115922570228577,0.6985580325126648,0.03130627050995827,0.6742549538612366,0.6751645803451538,0.6792698502540588,0.6838609576225281,0.6985580325126648,0.7474179267883301,0.7525893449783325,0.7613165378570557,0.7613165378570557
38255,-0.7115922570228577,3.1544501781463623,3.148401975631714,0.12496494821139745,0.7115922570228577,0.6985580325126648,0.03130627050995827,0.6742549538612366,0.6751645803451538,0.6792698502540588,0.6838609576225281,0.6985580325126648,0.7474179267883301,0.7525893449783325,0.7613165378570557,0.7613165378570557
38290,-0.7115922570228577,3.1527259349823,3.1466948986053467,0.12475858096565519,0.7115922570228577,0.6985580325126648,0.03130627050995827,0.6742549538612366,0.6751645803451538,0.6792698502540588,0.6838609576225281,0.6985580325126648,0.7474179267883301,0.7525893449783325,0.7613165378570557,0.7613165378570557
38325,-0.7115922570228577,3.153886079788208,3.147881031036377,0.12454602654491152,0.7115922570228577,0.6985580325126648,0.03130627050995827,0.6742549538612366,0.6751645803451538,0.6792698502540588,0.6838609576225281,0.6985580325126648,0.7474179267883301,0.7525893449783325,0.7613165378570557,0.7613165378570557
38360,-0.7115922570228577,3.1539199352264404,3.147935390472412,0.1247596772653716,0.7115922570228577,0.6985580325126648,0.03130627050995827,0.6742549538612366,0.6751645803451538,0.6792698502540588,0.6838609576225281,0.6985580325126648,0.7474179267883301,0.7525893449783325,0.7613165378570557,0.7613165378570557
38395,-0.7115922570228577,3.153144598007202,3.147172212600708,0.12441414168902806,0.7115922570228577,0.6985580325126648,0.03130627050995827,0.6742549538612366,0.6751645803451538,0.6792698502540588,0.6838609576225281,0.6985580325126648,0.7474179267883301,0.7525893449783325,0.7613165378570557,0.7613165378570557
38430,-0.7115922570228577,3.15236496925354,3.146416425704956,0.1240730711391994,0.7115922570228577,0.6985580325126648,0.03130627050995827,0.6742549538612366,0.6751645803451538,0.6792698502540588,0.6838609576225281,0.6985580325126648,0.7474179267883301,0.7525893449783325,0.7613165378570557,0.7613165378570557
38465,-0.7115922570228577,3.1523282527923584,3.1463918685913086,0.12502908600228174,0.7115922570228577,0.6985580325126648,0.03130627050995827,0.6742549538612366,0.6751645803451538,0.6792698502540588,0.6838609576225281,0.6985580325126648,0.7474179267883301,0.7525893449783325,0.7613165378570557,0.7613165378570557
38500,-0.7115922570228577,3.1483285427093506,3.1424052715301514,0.12412534334829875,0.7115922570228577,0.6985580325126648,0.03130627050995827,0.6742549538612366,0.6751645803451538,0.6792698502540588,0.6838609576225281,0.6985580325126648,0.7474179267883301,0.7525893449783325,0.7613165378570557,0.7613165378570557
38535,-0.7115922570228577,3.148784875869751,3.1428680419921875,0.1254070826939174,0.7115922570228577,0.6985580325126648,0.03130627050995827,0.6742549538612366,0.6751645803451538,0.6792698502540588,0.6838609576225281,0.6985580325126648,0.7474179267883301,0.7525893449783325,0.7613165378570557,0.7613165378570557
38570,-0.7115922570228577,3.147153377532959,3.1412484645843506,0.1241894896541323,0.7115922570228577,0.6985580325126648,0.03130627050995827,0.6742549538612366,0.6751645803451538,0.6792698502540588,0.6838609576225281,0.6985580325126648,0.7474179267883301,0.7525893449783325,0.7613165378570557,0.7613165378570557
38605,-0.7115922570228577,3.1499133110046387,3.1440212726593018,0.12303216542516436,0.7115922570228577,0.6985580325126648,0.03130627050995827,0.6742549538612366,0.6751645803451538,0.6792698502540588,0.6838609576225281,0.6985580325126648,0.7474179267883301,0.7525893449783325,0.7613165378570557,0.7613165378570557
38640,-0.7115922570228577,3.1505534648895264,3.1446752548217773,0.12404224489416395,0.7115922570228577,0.6985580325126648,0.03130627050995827,0.6742549538612366,0.6751645803451538,0.6792698502540588,0.6838609576225281,0.6985580325126648,0.7474179267883301,0.7525893449783325,0.7613165378570557,0.7613165378570557
38675,-0.7115922570228577,3.1523046493530273,3.146437883377075,0.1251914884362902,0.7115922570228577,0.6985580325126648,0.03130627050995827,0.6742549538612366,0.6751645803451538,0.6792698502540588,0.6838609576225281,0.6985580325126648,0.7474179267883301,0.7525893449783325,0.7613165378570557,0.7613165378570557
38710,-0.7115922570228577,3.1535375118255615,3.1476855278015137,0.12596650847366878,0.7115922570228577,0.6985580325126648,0.03130627050995827,0.6742549538612366,0.6751645803451538,0.6792698502540588,0.6838609576225281,0.6985580325126648,0.7474179267883301,0.7525893449783325,0.7613165378570557,0.7613165378570557
38745,-0.7115922570228577,3.153595447540283,3.1477603912353516,0.12357369065284729,0.7115922570228577,0.6985580325126648,0.03130627050995827,0.6742549538612366,0.6751645803451538,0.6792698502540588,0.6838609576225281,0.6985580325126648,0.7474179267883301,0.7525893449783325,0.7613165378570557,0.7613165378570557
38780,-0.7115922570228577,3.1514692306518555,3.145643472671509,0.12191696571452278,0.7115922570228577,0.6985580325126648,0.03130627050995827,0.6742549538612366,0.6751645803451538,0.6792698502540588,0.6838609576225281,0.6985580325126648,0.7474179267883301,0.7525893449783325,0.7613165378570557,0.7613165378570557
38815,-0.7115922570228577,3.155287027359009,3.1494667530059814,0.12212699225970677,0.7115922570228577,0.6985580325126648,0.03130627050995827,0.6742549538612366,0.6751645803451538,0.6792698502540588,0.6838609576225281,0.6985580325126648,0.7474179267883301,0.7525893449783325,0.7613165378570557,0.7613165378570557
38850,-0.7115922570228577,3.154554605484009,3.1487486362457275,0.12249441019126348,0.7115922570228577,0.6985580325126648,0.03130627050995827,0.6742549538612366,0.6751645803451538,0.6792698502540588,0.6838609576225281,0.6985580325126648,0.7474179267883301,0.7525893449783325,0.7613165378570557,0.7613165378570557
38885,-0.7115922570228577,3.1512935161590576,3.1455068588256836,0.1210038246853011,0.7115922570228577,0.6985580325126648,0.03130627050995827,0.6742549538612366,0.6751645803451538,0.6792698502540588,0.6838609576225281,0.6985580325126648,0.7474179267883301,0.7525893449783325,0.7613165378570557,0.7613165378570557
38920,-0.7115922570228577,3.1569442749023438,3.151162624359131,0.12194878075804029,0.7115922570228577,0.6985580325126648,0.03130627050995827,0.6742549538612366,0.6751645803451538,0.6792698502540588,0.6838609576225281,0.6985580325126648,0.7474179267883301,0.7525893449783325,0.7613165378570557,0.7613165378570557
38955,-0.7115922570228577,3.154876708984375,3.149116277694702,0.12202513856547219,0.7115922570228577,0.6985580325126648,0.03130627050995827,0.6742549538612366,0.6751645803451538,0.6792698502540588,0.6838609576225281,0.6985580325126648,0.7474179267883301,0.7525893449783325,0.7613165378570557,0.7613165378570557
38990,-0.7115922570228577,3.1528637409210205,3.1471145153045654,0.12077055765049798,0.7115922570228577,0.6985580325126648,0.03130627050995827,0.6742549538612366,0.6751645803451538,0.6792698502540588,0.6838609576225281,0.6985580325126648,0.7474179267883301,0.7525893449783325,0.7613165378570557,0.7613165378570557
39025,-0.7115922570228577,3.152804136276245,3.1470627784729004,0.12315873269523893,0.7115922570228577,0.6985580325126648,0.03130627050995827,0.6742549538612366,0.6751645803451538,0.6792698502540588,0.6838609576225281,0.6985580325126648,0.7474179267883301,0.7525893449783325,0.7613165378570557,0.7613165378570557
39060,-0.7115922570228577,3.1519017219543457,3.1461737155914307,0.1250315702387265,0.7115922570228577,0.6985580325126648,0.03130627050995827,0.6742549538612366,0.6751645803451538,0.6792698502540588,0.6838609576225281,0.6985580325126648,0.7474179267883301,0.7525893449783325,0.7613165378570557,0.7613165378570557
39095,-0.7115922570228577,3.1499598026275635,3.1442458629608154,0.12430660745927266,0.7115922570228577,0.6985580325126648,0.03130627050995827,0.6742549538612366,0.6751645803451538,0.6792698502540588,0.6838609576225281,0.6985580325126648,0.7474179267883301,0.7525893449783325,0.7613165378570557,0.7613165378570557
39130,-0.7115922570228577,3.1492795944213867,3.143562078475952,0.1255841084889003,0.7115922570228577,0.6985580325126648,0.03130627050995827,0.6742549538612366,0.6751645803451538,0.6792698502540588,0.6838609576225281,0.6985580325126648,0.7474179267883301,0.7525893449783325,0.7613165378570557,0.7613165378570557
39165,-0.7115922570228577,3.1507296562194824,3.145033836364746,0.12326508866889137,0.7115922570228577,0.6985580325126648,0.03130627050995827,0.6742549538612366,0.6751645803451538,0.6792698502540588,0.6838609576225281,0.6985580325126648,0.7474179267883301,0.7525893449783325,0.7613165378570557,0.7613165378570557
39200,-0.7115922570228577,3.152200698852539,3.1465251445770264,0.1221443744642394,0.7115922570228577,0.6985580325126648,0.03130627050995827,0.6742549538612366,0.6751645803451538,0.6792698502540588,0.6838609576225281,0.6985580325126648,0.7474179267883301,0.7525893449783325,0.7613165378570557,0.7613165378570557
39235,-0.7115922570228577,3.1548619270324707,3.1492011547088623,0.12361285729067666,0.7115922570228577,0.6985580325126648,0.03130627050995827,0.6742549538612366,0.6751645803451538,0.6792698502540588,0.6838609576225281,0.6985580325126648,0.7474179267883301,0.7525893449783325,0.7613165378570557,0.7613165378570557
39270,-0.7115922570228577,3.1526217460632324,3.14697265625,0.12094517265047346,0.7115922570228577,0.6985580325126648,0.03130627050995827,0.6742549538612366,0.6751645803451538,0.6792698502540588,0.6838609576225281,0.6985580325126648,0.7474179267883301,0.7525893449783325,0.7613165378570557,0.7613165378570557
39305,-0.7115922570228577,3.152940273284912,3.147303342819214,0.11889620231730598,0.7115922570228577,0.6985580325126648,0.03130627050995827,0.6742549538612366,0.6751645803451538,0.6792698502540588,0.6838609576225281,0.6985580325126648,0.7474179267883301,0.7525893449783325,0.7613165378570557,0.7613165378570557
39340,-0.7115922570228577,3.153108596801758,3.147491931915283,0.11762672024113792,0.7115922570228577,0.6985580325126648,0.03130627050995827,0.6742549538612366,0.6751645803451538,0.6792698502540588,0.6838609576225281,0.6985580325126648,0.7474179267883301,0.7525893449783325,0.7613165378570557,0.7613165378570557
39375,-0.7115922570228577,3.1554243564605713,3.1498160362243652,0.11843349252428327,0.7115922570228577,0.6985580325126648,0.03130627050995827,0.6742549538612366,0.6751645803451538,0.6792698502540588,0.6838609576225281,0.6985580325126648,0.7474179267883301,0.7525893449783325,0.7613165378570557,0.7613165378570557
39410,-0.7115922570228577,3.158823013305664,3.153229236602783,0.1159014989222799,0.7115922570228577,0.6985580325126648,0.03130627050995827,0.6742549538612366,0.6751645803451538,0.6792698502540588,0.6838609576225281,0.6985580325126648,0.7474179267883301,0.7525893449783325,0.7613165378570557,0.7613165378570557
39445,-0.7115922570228577,3.160547971725464,3.1549570560455322,0.11735066026449203,0.7115922570228577,0.6985580325126648,0.03130627050995827,0.6742549538612366,0.6751645803451538,0.6792698502540588,0.6838609576225281,0.6985580325126648,0.7474179267883301,0.7525893449783325,0.7613165378570557,0.7613165378570557
39480,-0.7115922570228577,3.1571314334869385,3.15155291557312,0.1157006025314331,0.7115922570228577,0.6985580325126648,0.03130627050995827,0.6742549538612366,0.6751645803451538,0.6792698502540588,0.6838609576225281,0.6985580325126648,0.7474179267883301,0.7525893449783325,0.7613165378570557,0.7613165378570557
39515,-0.7115922570228577,3.156687021255493,3.1511168479919434,0.11535556827272687,0.7115922570228577,0.6985580325126648,0.03130627050995827,0.6742549538612366,0.6751645803451538,0.6792698502540588,0.6838609576225281,0.6985580325126648,0.7474179267883301,0.7525893449783325,0.7613165378570557,0.7613165378570557
39550,-0.7115922570228577,3.1552364826202393,3.14967679977417,0.11410654549087797,0.7115922570228577,0.6985580325126648,0.03130627050995827,0.6742549538612366,0.6751645803451538,0.6792698502540588,0.6838609576225281,0.6985580325126648,0.7474179267883301,0.7525893449783325,0.7613165378570557,0.7613165378570557
39585,-0.7115922570228577,3.1557745933532715,3.15022349357605,0.11538982284920556,0.7115922570228577,0.6985580325126648,0.03130627050995827,0.6742549538612366,0.6751645803451538,0.6792698502540588,0.6838609576225281,0.6985580325126648,0.7474179267883301,0.7525893449783325,0.7613165378570557,0.7613165378570557
39620,-0.7115922570228577,3.1553192138671875,3.1497788429260254,0.1143965061221804,0.7115922570228577,0.6985580325126648,0.03130627050995827,0.6742549538612366,0.6751645803451538,0.6792698502540588,0.6838609576225281,0.6985580325126648,0.7474179267883301,0.7525893449783325,0.7613165378570557,0.7613165378570557
39655,-0.7115922570228577,3.1534035205841064,3.1478700637817383,0.11506523724113192,0.7115922570228577,0.6985580325126648,0.03130627050995827,0.6742549538612366,0.6751645803451538,0.6792698502540588,0.6838609576225281,0.6985580325126648,0.7474179267883301,0.7525893449783325,0.7613165378570557,0.7613165378570557
39690,-0.7115922570228577,3.1547980308532715,3.149275302886963,0.11685249315840858,0.7115922570228577,0.6985580325126648,0.03130627050995827,0.6742549538612366,0.6751645803451538,0.6792698502540588,0.6838609576225281,0.6985580325126648,0.7474179267883301,0.7525893449783325,0.7613165378570557,0.7613165378570557
39725,-0.7115922570228577,3.157331705093384,3.151819944381714,0.11768745418105807,0.7115922570228577,0.6985580325126648,0.03130627050995827,0.6742549538612366,0.6751645803451538,0.6792698502540588,0.6838609576225281,0.6985580325126648,0.7474179267883301,0.7525893449783325,0.7613165378570557,0.7613165378570557
39760,-0.7115922570228577,3.1544172763824463,3.1489410400390625,0.1160016411117145,0.7115922570228577,0.6985580325126648,0.03130627050995827,0.6742549538612366,0.6751645803451538,0.6792698502540588,0.6838609576225281,0.6985580325126648,0.7474179267883301,0.7525893449783325,0.7613165378570557,0.7613165378570557
39795,-0.7115922570228577,3.1528234481811523,3.147364377975464,0.11441311878817421,0.7115922570228577,0.6985580325126648,0.03130627050995827,0.6742549538612366,0.6751645803451538,0.6792698502540588,0.6838609576225281,0.6985580325126648,0.7474179267883301,0.7525893449783325,0.7613165378570557,0.7613165378570557
39830,-0.7115922570228577,3.155059576034546,3.1496143341064453,0.11528616292136055,0.7115922570228577,0.6985580325126648,0.03130627050995827,0.6742549538612366,0.6751645803451538,0.6792698502540588,0.6838609576225281,0.6985580325126648,0.7474179267883301,0.7525893449783325,0.7613165378570557,0.7613165378570557
39865,-0.7115922570228577,3.1518871784210205,3.1464502811431885,0.11779908090829849,0.7115922570228577,0.6985580325126648,0.03130627050995827,0.6742549538612366,0.6751645803451538,0.6792698502540588,0.6838609576225281,0.6985580325126648,0.7474179267883301,0.7525893449783325,0.7613165378570557,0.7613165378570557
39900,-0.7115922570228577,3.153289794921875,3.147860527038574,0.1167832762002945,0.7115922570228577,0.6985580325126648,0.03130627050995827,0.6742549538612366,0.6751645803451538,0.6792698502540588,0.6838609576225281,0.6985580325126648,0.7474179267883301,0.7525893449783325,0.7613165378570557,0.7613165378570557
39935,-0.7115922570228577,3.1519744396209717,3.146557092666626,0.11441762106759208,0.7115922570228577,0.6985580325126648,0.03130627050995827,0.6742549538612366,0.6751645803451538,0.6792698502540588,0.6838609576225281,0.6985580325126648,0.7474179267883301,0.7525893449783325,0.7613165378570557,0.7613165378570557
39970,-0.7115922570228577,3.1533265113830566,3.147923231124878,0.11365635799510139,0.7115922570228577,0.6985580325126648,0.03130627050995827,0.6742549538612366,0.6751645803451538,0.6792698502540588,0.6838609576225281,0.6985580325126648,0.7474179267883301,0.7525893449783325,0.7613165378570557,0.7613165378570557
40005,-0.7115922570228577,3.1547365188598633,3.149343252182007,0.11383674719503947,0.7115922570228577,0.6985580325126648,0.03130627050995827,0.6742549538612366,0.6751645803451538,0.6792698502540588,0.6838609576225281,0.6985580325126648,0.7474179267883301,0.7525893449783325,0.7613165378570557,0.7613165378570557
40040,-0.7115922570228577,3.154522657394409,3.1491434574127197,0.1130719929933548,0.7115922570228577,0.6985580325126648,0.03130627050995827,0.6742549538612366,0.6751645803451538,0.6792698502540588,0.6838609576225281,0.6985580325126648,0.7474179267883301,0.7525893449783325,0.7613165378570557,0.7613165378570557
40075,-0.7115922570228577,3.152916669845581,3.1475467681884766,0.11360392825944084,0.7115922570228577,0.6985580325126648,0.03130627050995827,0.6742549538612366,0.6751645803451538,0.6792698502540588,0.6838609576225281,0.6985580325126648,0.7474179267883301,0.7525893449783325,0.7613165378570557,0.7613165378570557
40110,-0.7115922570228577,3.15596079826355,3.150599479675293,0.11365771612950734,0.7115922570228577,0.6985580325126648,0.03130627050995827,0.6742549538612366,0.6751645803451538,0.6792698502540588,0.6838609576225281,0.6985580325126648,0.7474179267883301,0.7525893449783325,0.7613165378570557,0.7613165378570557
40145,-0.7115922570228577,3.155792713165283,3.150442361831665,0.11372831889561244,0.7115922570228577,0.6985580325126648,0.03130627050995827,0.6742549538612366,0.6751645803451538,0.6792698502540588,0.6838609576225281,0.6985580325126648,0.7474179267883301,0.7525893449783325,0.7613165378570557,0.7613165378570557
40180,-0.7115922570228577,3.15665340423584,3.1513211727142334,0.11367913335561752,0.7115922570228577,0.6985580325126648,0.03130627050995827,0.6742549538612366,0.6751645803451538,0.6792698502540588,0.6838609576225281,0.6985580325126648,0.7474179267883301,0.7525893449783325,0.7613165378570557,0.7613165378570557
40215,-0.7115922570228577,3.1562907695770264,3.150970458984375,0.11371191165276937,0.7115922570228577,0.6985580325126648,0.03130627050995827,0.6742549538612366,0.6751645803451538,0.6792698502540588,0.6838609576225281,0.6985580325126648,0.7474179267883301,0.7525893449783325,0.7613165378570557,0.7613165378570557
40250,-0.7115922570228577,3.1586337089538574,3.153327226638794,0.11471417546272278,0.7115922570228577,0.6985580325126648,0.03130627050995827,0.6742549538612366,0.6751645803451538,0.6792698502540588,0.6838609576225281,0.6985580325126648,0.7474179267883301,0.7525893449783325,0.7613165378570557,0.7613165378570557
40285,-0.7115922570228577,3.1598565578460693,3.1545562744140625,0.11494242719241551,0.7115922570228577,0.6985580325126648,0.03130627050995827,0.6742549538612366,0.6751645803451538,0.6792698502540588,0.6838609576225281,0.6985580325126648,0.7474179267883301,0.7525893449783325,0.7613165378570557,0.7613165378570557
40320,-0.7115922570228577,3.159179449081421,3.1538939476013184,0.11540706029960088,0.7115922570228577,0.6985580325126648,0.03130627050995827,0.6742549538612366,0.6751645803451538,0.6792698502540588,0.6838609576225281,0.6985580325126648,0.7474179267883301,0.7525893449783325,0.7613165378570557,0.7613165378570557
40355,-0.7115922570228577,3.160384178161621,3.155109167098999,0.11494109247412,0.7115922570228577,0.6985580325126648,0.03130627050995827,0.6742549538612366,0.6751645803451538,0.6792698502540588,0.6838609576225281,0.6985580325126648,0.7474179267883301,0.7525893449783325,0.7613165378570557,0.7613165378570557
40390,-0.7115922570228577,3.157480239868164,3.1522202491760254,0.11543588659593038,0.7115922570228577,0.6985580325126648,0.03130627050995827,0.6742549538612366,0.6751645803451538,0.6792698502540588,0.6838609576225281,0.6985580325126648,0.7474179267883301,0.7525893449783325,0.7613165378570557,0.7613165378570557
40425,-0.7115922570228577,3.1578643321990967,3.152618408203125,0.11609847843647003,0.7115922570228577,0.6985580325126648,0.03130627050995827,0.6742549538612366,0.6751645803451538,0.6792698502540588,0.6838609576225281,0.6985580325126648,0.7474179267883301,0.7525893449783325,0.7613165378570557,0.7613165378570557
40460,-0.7115922570228577,3.159973621368408,3.154744863510132,0.11705359922988075,0.7115922570228577,0.6985580325126648,0.03130627050995827,0.6742549538612366,0.6751645803451538,0.6792698502540588,0.6838609576225281,0.6985580325126648,0.7474179267883301,0.7525893449783325,0.7613165378570557,0.7613165378570557
40495,-0.7115922570228577,3.1586599349975586,3.1534459590911865,0.11604634353092738,0.7115922570228577,0.6985580325126648,0.03130627050995827,0.6742549538612366,0.6751645803451538,0.6792698502540588,0.6838609576225281,0.6985580325126648,0.7474179267883301,0.7525893449783325,0.7613165378570557,0.7613165378570557
40530,-0.7115922570228577,3.160565137863159,3.155364990234375,0.1173415897147996,0.7115922570228577,0.6985580325126648,0.03130627050995827,0.6742549538612366,0.6751645803451538,0.6792698502540588,0.6838609576225281,0.6985580325126648,0.7474179267883301,0.7525893449783325,0.7613165378570557,0.7613165378570557
40565,-0.7115922570228577,3.161294937133789,3.156097173690796,0.11751301799501691,0.7115922570228577,0.6985580325126648,0.03130627050995827,0.6742549538612366,0.6751645803451538,0.6792698502540588,0.6838609576225281,0.6985580325126648,0.7474179267883301,0.7525893449783325,0.7613165378570557,0.7613165378570557
40600,-0.7115922570228577,3.1628501415252686,3.157656669616699,0.11841133875506264,0.7115922570228577,0.6985580325126648,0.03130627050995827,0.6742549538612366,0.6751645803451538,0.6792698502540588,0.6838609576225281,0.6985580325126648,0.7474179267883301,0.7525893449783325,0.7613165378570557,0.7613165378570557
40635,-0.7115922570228577,3.1661083698272705,3.1609389781951904,0.11631225262369428,0.7115922570228577,0.6985580325126648,0.03130627050995827,0.6742549538612366,0.6751645803451538,0.6792698502540588,0.6838609576225281,0.6985580325126648,0.7474179267883301,0.7525893449783325,0.7613165378570557,0.7613165378570557
40670,-0.7115922570228577,3.166971206665039,3.161808729171753,0.11536279640027455,0.7115922570228577,0.6985580325126648,0.03130627050995827,0.6742549538612366,0.6751645803451538,0.6792698502540588,0.6838609576225281,0.6985580325126648,0.7474179267883301,0.7525893449783325,0.7613165378570557,0.7613165378570557
40705,-0.7115922570228577,3.171374797821045,3.166222333908081,0.11317797324487142,0.7115922570228577,0.6985580325126648,0.03130627050995827,0.6742549538612366,0.6751645803451538,0.6792698502540588,0.6838609576225281,0.6985580325126648,0.7474179267883301,0.7525893449783325,0.7613165378570557,0.7613165378570557
40740,-0.7115922570228577,3.1690664291381836,3.163921594619751,0.11083927963461195,0.7115922570228577,0.6985580325126648,0.03130627050995827,0.6742549538612366,0.6751645803451538,0.6792698502540588,0.6838609576225281,0.6985580325126648,0.7474179267883301,0.7525893449783325,0.7613165378570557,0.7613165378570557
40775,-0.7115922570228577,3.1681740283966064,3.163043737411499,0.10988101469618934,0.7115922570228577,0.6985580325126648,0.03130627050995827,0.6742549538612366,0.6751645803451538,0.6792698502540588,0.6838609576225281,0.6985580325126648,0.7474179267883301,0.7525893449783325,0.7613165378570557,0.7613165378570557
40810,-0.7115922570228577,3.1674623489379883,3.1623525619506836,0.11041199735232762,0.7115922570228577,0.6985580325126648,0.03130627050995827,0.6742549538612366,0.6751645803451538,0.6792698502540588,0.6838609576225281,0.6985580325126648,0.7474179267883301,0.7525893449783325,0.7613165378570557,0.7613165378570557
40845,-0.7115922570228577,3.1706290245056152,3.1655287742614746,0.10998289712837764,0.7115922570228577,0.6985580325126648,0.03130627050995827,0.6742549538612366,0.6751645803451538,0.6792698502540588,0.6838609576225281,0.6985580325126648,0.7474179267883301,0.7525893449783325,0.7613165378570557,0.7613165378570557
40880,-0.7115922570228577,3.1697075366973877,3.1646132469177246,0.10787827521562576,0.7115922570228577,0.6985580325126648,0.03130627050995827,0.6742549538612366,0.6751645803451538,0.6792698502540588,0.6838609576225281,0.6985580325126648,0.7474179267883301,0.7525893449783325,0.7613165378570557,0.7613165378570557
40915,-0.7115922570228577,3.1676595211029053,3.162593364715576,0.10575683414936066,0.7115922570228577,0.6985580325126648,0.03130627050995827,0.6742549538612366,0.6751645803451538,0.6792698502540588,0.6838609576225281,0.6985580325126648,0.7474179267883301,0.7525893449783325,0.7613165378570557,0.7613165378570557
40950,-0.7115922570228577,3.165393352508545,3.1603384017944336,0.10513189328568322,0.7115922570228577,0.6985580325126648,0.03130627050995827,0.6742549538612366,0.6751645803451538,0.6792698502540588,0.6838609576225281,0.6985580325126648,0.7474179267883301,0.7525893449783325,0.7613165378570557,0.7613165378570557
40985,-0.7115922570228577,3.167349338531494,3.162307024002075,0.10457700916699,0.7115922570228577,0.6985580325126648,0.03130627050995827,0.6742549538612366,0.6751645803451538,0.6792698502540588,0.6838609576225281,0.6985580325126648,0.7474179267883301,0.7525893449783325,0.7613165378570557,0.7613165378570557
41020,-0.7115922570228577,3.1686809062957764,3.1636524200439453,0.10501831237758909,0.7115922570228577,0.6985580325126648,0.03130627050995827,0.6742549538612366,0.6751645803451538,0.6792698502540588,0.6838609576225281,0.6985580325126648,0.7474179267883301,0.7525893449783325,0.7613165378570557,0.7613165378570557
41055,-0.7115922570228577,3.1702871322631836,3.1652753353118896,0.10403028343405042,0.7115922570228577,0.6985580325126648,0.03130627050995827,0.6742549538612366,0.6751645803451538,0.6792698502540588,0.6838609576225281,0.6985580325126648,0.7474179267883301,0.7525893449783325,0.7613165378570557,0.7613165378570557
41090,-0.7115922570228577,3.171600341796875,3.1666014194488525,0.10395749871219907,0.7115922570228577,0.6985580325126648,0.03130627050995827,0.6742549538612366,0.6751645803451538,0.6792698502540588,0.6838609576225281,0.6985580325126648,0.7474179267883301,0.7525893449783325,0.7613165378570557,0.7613165378570557
41125,-0.7115922570228577,3.1713027954101562,3.1663200855255127,0.10441682168415614,0.7115922570228577,0.6985580325126648,0.03130627050995827,0.6742549538612366,0.6751645803451538,0.6792698502540588,0.6838609576225281,0.6985580325126648,0.7474179267883301,0.7525893449783325,0.7613165378570557,0.7613165378570557
41160,-0.7115922570228577,3.1713483333587646,3.166377544403076,0.10640353177274976,0.7115922570228577,0.6985580325126648,0.03130627050995827,0.6742549538612366,0.6751645803451538,0.6792698502540588,0.6838609576225281,0.6985580325126648,0.7474179267883301,0.7525893449783325,0.7613165378570557,0.7613165378570557
41195,-0.7115922570228577,3.172015905380249,3.1670637130737305,0.10451310873031616,0.7115922570228577,0.6985580325126648,0.03130627050995827,0.6742549538612366,0.6751645803451538,0.6792698502540588,0.6838609576225281,0.6985580325126648,0.7474179267883301,0.7525893449783325,0.7613165378570557,0.7613165378570557
41230,-0.7115922570228577,3.1737639904022217,3.1688232421875,0.1053999736905098,0.7115922570228577,0.6985580325126648,0.03130627050995827,0.6742549538612366,0.6751645803451538,0.6792698502540588,0.6838609576225281,0.6985580325126648,0.7474179267883301,0.7525893449783325,0.7613165378570557,0.7613165378570557
41265,-0.7115922570228577,3.1737823486328125,3.168851375579834,0.10268201040370124,0.7115922570228577,0.6985580325126648,0.03130627050995827,0.6742549538612366,0.6751645803451538,0.6792698502540588,0.6838609576225281,0.6985580325126648,0.7474179267883301,0.7525893449783325,0.7613165378570557,0.7613165378570557
41300,-0.7115922570228577,3.1749730110168457,3.1700429916381836,0.10503646731376648,0.7115922570228577,0.6985580325126648,0.03130627050995827,0.6742549538612366,0.6751645803451538,0.6792698502540588,0.6838609576225281,0.6985580325126648,0.7474179267883301,0.7525893449783325,0.7613165378570557,0.7613165378570557
41335,-0.7115922570228577,3.1772284507751465,3.172304153442383,0.10504528880119324,0.7115922570228577,0.6985580325126648,0.03130627050995827,0.6742549538612366,0.6751645803451538,0.6792698502540588,0.6838609576225281,0.6985580325126648,0.7474179267883301,0.7525893449783325,0.7613165378570557,0.7613165378570557
41370,-0.7115922570228577,3.1775197982788086,3.1726155281066895,0.10560304458652224,0.7115922570228577,0.6985580325126648,0.03130627050995827,0.6742549538612366,0.6751645803451538,0.6792698502540588,0.6838609576225281,0.6985580325126648,0.7474179267883301,0.7525893449783325,0.7613165378570557,0.7613165378570557
41405,-0.7115922570228577,3.1782286167144775,3.1733341217041016,0.10662566657577242,0.7115922570228577,0.6985580325126648,0.03130627050995827,0.6742549538612366,0.6751645803451538,0.6792698502540588,0.6838609576225281,0.6985580325126648,0.7474179267883301,0.7525893449783325,0.7613165378570557,0.7613165378570557
41440,-0.7115922570228577,3.1783454418182373,3.1734321117401123,0.1067479710493769,0.7115922570228577,0.6985580325126648,0.03130627050995827,0.6742549538612366,0.6751645803451538,0.6792698502540588,0.6838609576225281,0.6985580325126648,0.7474179267883301,0.7525893449783325,0.7613165378570557,0.7613165378570557
41475,-0.7115922570228577,3.180870532989502,3.17598032951355,0.10528028117758888,0.7115922570228577,0.6985580325126648,0.03130627050995827,0.6742549538612366,0.6751645803451538,0.6792698502540588,0.6838609576225281,0.6985580325126648,0.7474179267883301,0.7525893449783325,0.7613165378570557,0.7613165378570557
41510,-0.7115922570228577,3.1843106746673584,3.1794397830963135,0.10554507906947817,0.7115922570228577,0.6985580325126648,0.03130627050995827,0.6742549538612366,0.6751645803451538,0.6792698502540588,0.6838609576225281,0.6985580325126648,0.7474179267883301,0.7525893449783325,0.7613165378570557,0.7613165378570557
41545,-0.7115922570228577,3.188323974609375,3.1834897994995117,0.10469210999352592,0.7115922570228577,0.6985580325126648,0.03130627050995827,0.6742549538612366,0.6751645803451538,0.6792698502540588,0.6838609576225281,0.6985580325126648,0.7474179267883301,0.7525893449783325,0.7613165378570557,0.7613165378570557
41580,-0.7115922570228577,3.1918294429779053,3.1869893074035645,0.10534734172480446,0.7115922570228577,0.6985580325126648,0.03130627050995827,0.6742549538612366,0.6751645803451538,0.6792698502540588,0.6838609576225281,0.6985580325126648,0.7474179267883301,0.7525893449783325,0.7613165378570557,0.7613165378570557
41615,-0.7115922570228577,3.1944692134857178,3.1896369457244873,0.10452748622213091,0.7115922570228577,0.6985580325126648,0.03130627050995827,0.6742549538612366,0.6751645803451538,0.6792698502540588,0.6838609576225281,0.6985580325126648,0.7474179267883301,0.7525893449783325,0.7613165378570557,0.7613165378570557
41650,-0.7115922570228577,3.1947226524353027,3.1899123191833496,0.10248010073389326,0.7115922570228577,0.6985580325126648,0.03130627050995827,0.6742549538612366,0.6751645803451538,0.6792698502540588,0.6838609576225281,0.6985580325126648,0.7474179267883301,0.7525893449783325,0.7613165378570557,0.7613165378570557
41685,-0.7115922570228577,3.1958823204040527,3.191087245941162,0.10053223265068871,0.7115922570228577,0.6985580325126648,0.03130627050995827,0.6742549538612366,0.6751645803451538,0.6792698502540588,0.6838609576225281,0.6985580325126648,0.7474179267883301,0.7525893449783325,0.7613165378570557,0.7613165378570557
41720,-0.7115922570228577,3.1944501399993896,3.1896631717681885,0.1007331513932773,0.7115922570228577,0.6985580325126648,0.03130627050995827,0.6742549538612366,0.6751645803451538,0.6792698502540588,0.6838609576225281,0.6985580325126648,0.7474179267883301,0.7525893449783325,0.7613165378570557,0.7613165378570557
41755,-0.7115922570228577,3.1934432983398438,3.1886656284332275,0.10137587785720825,0.7115922570228577,0.6985580325126648,0.03130627050995827,0.6742549538612366,0.6751645803451538,0.6792698502540588,0.6838609576225281,0.6985580325126648,0.7474179267883301,0.7525893449783325,0.7613165378570557,0.7613165378570557
41790,-0.7115922570228577,3.1951467990875244,3.1903810501098633,0.10306193786008018,0.7115922570228577,0.6985580325126648,0.03130627050995827,0.6742549538612366,0.6751645803451538,0.6792698502540588,0.6838609576225281,0.6985580325126648,0.7474179267883301,0.7525893449783325,0.7613165378570557,0.7613165378570557
41825,-0.7115922570228577,3.192960500717163,3.1882073879241943,0.10260345254625593,0.7115922570228577,0.6985580325126648,0.03130627050995827,0.6742549538612366,0.6751645803451538,0.6792698502540588,0.6838609576225281,0.6985580325126648,0.7474179267883301,0.7525893449783325,0.7613165378570557,0.7613165378570557
41860,-0.7115922570228577,3.193962812423706,3.1892170906066895,0.09985893645456859,0.7115922570228577,0.6985580325126648,0.03130627050995827,0.6742549538612366,0.6751645803451538,0.6792698502540588,0.6838609576225281,0.6985580325126648,0.7474179267883301,0.7525893449783325,0.7613165378570557,0.7613165378570557
41895,-0.7115922570228577,3.19272518157959,3.1880013942718506,0.10253012925386429,0.7115922570228577,0.6985580325126648,0.03130627050995827,0.6742549538612366,0.6751645803451538,0.6792698502540588,0.6838609576225281,0.6985580325126648,0.7474179267883301,0.7525893449783325,0.7613165378570557,0.7613165378570557
41930,-0.7115922570228577,3.192748785018921,3.1880340576171875,0.10203532448836736,0.7115922570228577,0.6985580325126648,0.03130627050995827,0.6742549538612366,0.6751645803451538,0.6792698502540588,0.6838609576225281,0.6985580325126648,0.7474179267883301,0.7525893449783325,0.7613165378570557,0.7613165378570557
41965,-0.7115922570228577,3.1917190551757812,3.1870081424713135,0.10312191396951675,0.7115922570228577,0.6985580325126648,0.03130627050995827,0.6742549538612366,0.6751645803451538,0.6792698502540588,0.6838609576225281,0.6985580325126648,0.7474179267883301,0.7525893449783325,0.7613165378570557,0.7613165378570557
42000,-0.7115922570228577,3.187743902206421,3.1830365657806396,0.1040087097457477,0.7115922570228577,0.6985580325126648,0.03130627050995827,0.6742549538612366,0.6751645803451538,0.6792698502540588,0.6838609576225281,0.6985580325126648,0.7474179267883301,0.7525893449783325,0.7613165378570557,0.7613165378570557
42035,-0.7115922570228577,3.190286874771118,3.18558406829834,0.10431292120899473,0.7115922570228577,0.6985580325126648,0.03130627050995827,0.6742549538612366,0.6751645803451538,0.6792698502540588,0.6838609576225281,0.6985580325126648,0.7474179267883301,0.7525893449783325,0.7613165378570557,0.7613165378570557
42070,-0.7115922570228577,3.1891465187072754,3.1844515800476074,0.10445824904101235,0.7115922570228577,0.6985580325126648,0.03130627050995827,0.6742549538612366,0.6751645803451538,0.6792698502540588,0.6838609576225281,0.6985580325126648,0.7474179267883301,0.7525893449783325,0.7613165378570557,0.7613165378570557
42105,-0.7115922570228577,3.1859447956085205,3.181271553039551,0.1056244575551578,0.7115922570228577,0.6985580325126648,0.03130627050995827,0.6742549538612366,0.6751645803451538,0.6792698502540588,0.6838609576225281,0.6985580325126648,0.7474179267883301,0.7525893449783325,0.7613165378570557,0.7613165378570557
42140,-0.7115922570228577,3.1848032474517822,3.180143117904663,0.10520243006093162,0.7115922570228577,0.6985580325126648,0.03130627050995827,0.6742549538612366,0.6751645803451538,0.6792698502540588,0.6838609576225281,0.6985580325126648,0.7474179267883301,0.7525893449783325,0.7613165378570557,0.7613165378570557
42175,-0.7115922570228577,3.1872355937957764,3.182586431503296,0.10656995113406863,0.7115922570228577,0.6985580325126648,0.03130627050995827,0.6742549538612366,0.6751645803451538,0.6792698502540588,0.6838609576225281,0.6985580325126648,0.7474179267883301,0.7525893449783325,0.7613165378570557,0.7613165378570557
42210,-0.7115922570228577,3.1868326663970947,3.1822004318237305,0.10267999236072813,0.7115922570228577,0.6985580325126648,0.03130627050995827,0.6742549538612366,0.6751645803451538,0.6792698502540588,0.6838609576225281,0.6985580325126648,0.7474179267883301,0.7525893449783325,0.7613165378570557,0.7613165378570557
42245,-0.7115922570228577,3.1873390674591064,3.182723045349121,0.10303581931761333,0.7115922570228577,0.6985580325126648,0.03130627050995827,0.6742549538612366,0.6751645803451538,0.6792698502540588,0.6838609576225281,0.6985580325126648,0.7474179267883301,0.7525893449783325,0.7613165378570557,0.7613165378570557
42280,-0.7115922570228577,3.1909871101379395,3.1863791942596436,0.10450916418007442,0.7115922570228577,0.6985580325126648,0.03130627050995827,0.6742549538612366,0.6751645803451538,0.6792698502540588,0.6838609576225281,0.6985580325126648,0.7474179267883301,0.7525893449783325,0.7613165378570557,0.7613165378570557
42315,-0.7115922570228577,3.1933059692382812,3.1887149810791016,0.10383692596639905,0.7115922570228577,0.6985580325126648,0.03130627050995827,0.6742549538612366,0.6751645803451538,0.6792698502540588,0.6838609576225281,0.6985580325126648,0.7474179267883301,0.7525893449783325,0.7613165378570557,0.7613165378570557
42350,-0.7115922570228577,3.192777395248413,3.1882078647613525,0.10229479627949851,0.7115922570228577,0.6985580325126648,0.03130627050995827,0.6742549538612366,0.6751645803451538,0.6792698502540588,0.6838609576225281,0.6985580325126648,0.7474179267883301,0.7525893449783325,0.7613165378570557,0.7613165378570557
42385,-0.7115922570228577,3.195441961288452,3.190882444381714,0.1019837451832635,0.7115922570228577,0.6985580325126648,0.03130627050995827,0.6742549538612366,0.6751645803451538,0.6792698502540588,0.6838609576225281,0.6985580325126648,0.7474179267883301,0.7525893449783325,0.7613165378570557,0.7613165378570557
42420,-0.7115922570228577,3.194758892059326,3.190213680267334,0.10330788258995328,0.7115922570228577,0.6985580325126648,0.03130627050995827,0.6742549538612366,0.6751645803451538,0.6792698502540588,0.6838609576225281,0.6985580325126648,0.7474179267883301,0.7525893449783325,0.7613165378570557,0.7613165378570557
42455,-0.7115922570228577,3.1915276050567627,3.1869940757751465,0.10309873202017375,0.7115922570228577,0.6985580325126648,0.03130627050995827,0.6742549538612366,0.6751645803451538,0.6792698502540588,0.6838609576225281,0.6985580325126648,0.7474179267883301,0.7525893449783325,0.7613165378570557,0.7613165378570557
42490,-0.7115922570228577,3.1944003105163574,3.1898746490478516,0.10570689503635679,0.7115922570228577,0.6985580325126648,0.03130627050995827,0.6742549538612366,0.6751645803451538,0.6792698502540588,0.6838609576225281,0.6985580325126648,0.7474179267883301,0.7525893449783325,0.7613165378570557,0.7613165378570557
42525,-0.7115922570228577,3.1942832469940186,3.189770460128784,0.10218085774353572,0.7115922570228577,0.6985580325126648,0.03130627050995827,0.6742549538612366,0.6751645803451538,0.6792698502540588,0.6838609576225281,0.6985580325126648,0.7474179267883301,0.7525893449783325,0.7613165378570557,0.7613165378570557
42560,-0.7115922570228577,3.1918227672576904,3.187321662902832,0.10165339601891381,0.7115922570228577,0.6985580325126648,0.03130627050995827,0.6742549538612366,0.6751645803451538,0.6792698502540588,0.6838609576225281,0.6985580325126648,0.7474179267883301,0.7525893449783325,0.7613165378570557,0.7613165378570557
42595,-0.7115922570228577,3.190380334854126,3.18588924407959,0.09998756753546852,0.7115922570228577,0.6985580325126648,0.03130627050995827,0.6742549538612366,0.6751645803451538,0.6792698502540588,0.6838609576225281,0.6985580325126648,0.7474179267883301,0.7525893449783325,0.7613165378570557,0.7613165378570557
42630,-0.7115922570228577,3.1857805252075195,3.181300640106201,0.1008209160396031,0.7115922570228577,0.6985580325126648,0.03130627050995827,0.6742549538612366,0.6751645803451538,0.6792698502540588,0.6838609576225281,0.6985580325126648,0.7474179267883301,0.7525893449783325,0.7613165378570557,0.7613165378570557
42665,-0.7115922570228577,3.1882436275482178,3.18377685546875,0.10104656325919288,0.7115922570228577,0.6985580325126648,0.03130627050995827,0.6742549538612366,0.6751645803451538,0.6792698502540588,0.6838609576225281,0.6985580325126648,0.7474179267883301,0.7525893449783325,0.7613165378570557,0.7613165378570557
42700,-0.7115922570228577,3.1926121711730957,3.1881539821624756,0.10382914862462453,0.7115922570228577,0.6985580325126648,0.03130627050995827,0.6742549538612366,0.6751645803451538,0.6792698502540588,0.6838609576225281,0.6985580325126648,0.7474179267883301,0.7525893449783325,0.7613165378570557,0.7613165378570557
42735,-0.7115922570228577,3.1989002227783203,3.1944544315338135,0.10218543985060283,0.7115922570228577,0.6985580325126648,0.03130627050995827,0.6742549538612366,0.6751645803451538,0.6792698502540588,0.6838609576225281,0.6985580325126648,0.7474179267883301,0.7525893449783325,0.7613165378570557,0.7613165378570557
42770,-0.7115922570228577,3.198725461959839,3.1942946910858154,0.10152853067432131,0.7115922570228577,0.6985580325126648,0.03130627050995827,0.6742549538612366,0.6751645803451538,0.6792698502540588,0.6838609576225281,0.6985580325126648,0.7474179267883301,0.7525893449783325,0.7613165378570557,0.7613165378570557
42805,-0.7115922570228577,3.2075464725494385,3.2031309604644775,0.10112378320523671,0.7115922570228577,0.6985580325126648,0.03130627050995827,0.6742549538612366,0.6751645803451538,0.6792698502540588,0.6838609576225281,0.6985580325126648,0.7474179267883301,0.7525893449783325,0.7613165378570557,0.7613165378570557
42840,-0.7115922570228577,3.20910906791687,3.2047054767608643,0.10085907578468323,0.7115922570228577,0.6985580325126648,0.03130627050995827,0.6742549538612366,0.6751645803451538,0.6792698502540588,0.6838609576225281,0.6985580325126648,0.7474179267883301,0.7525893449783325,0.7613165378570557,0.7613165378570557
42875,-0.7115922570228577,3.203687906265259,3.1992998123168945,0.10173879138060979,0.7115922570228577,0.6985580325126648,0.03130627050995827,0.6742549538612366,0.6751645803451538,0.6792698502540588,0.6838609576225281,0.6985580325126648,0.7474179267883301,0.7525893449783325,0.7613165378570557,0.7613165378570557
42910,-0.7115922570228577,3.208007574081421,3.2036285400390625,0.10051973589829036,0.7115922570228577,0.6985580325126648,0.03130627050995827,0.6742549538612366,0.6751645803451538,0.6792698502540588,0.6838609576225281,0.6985580325126648,0.7474179267883301,0.7525893449783325,0.7613165378570557,0.7613165378570557
42945,-0.7115922570228577,3.2046544551849365,3.200284004211426,0.09781327417918614,0.7115922570228577,0.6985580325126648,0.03130627050995827,0.6742549538612366,0.6751645803451538,0.6792698502540588,0.6838609576225281,0.6985580325126648,0.7474179267883301,0.7525893449783325,0.7613165378570557,0.7613165378570557
42980,-0.7115922570228577,3.2095537185668945,3.2051923274993896,0.09763691574335098,0.7115922570228577,0.6985580325126648,0.03130627050995827,0.6742549538612366,0.6751645803451538,0.6792698502540588,0.6838609576225281,0.6985580325126648,0.7474179267883301,0.7525893449783325,0.7613165378570557,0.7613165378570557
43015,-0.7115922570228577,3.208970308303833,3.2046244144439697,0.09473752762590136,0.7115922570228577,0.6985580325126648,0.03130627050995827,0.6742549538612366,0.6751645803451538,0.6792698502540588,0.6838609576225281,0.6985580325126648,0.7474179267883301,0.7525893449783325,0.7613165378570557,0.7613165378570557
43050,-0.7115922570228577,3.2097506523132324,3.2054219245910645,0.09384682668106896,0.7115922570228577,0.6985580325126648,0.03130627050995827,0.6742549538612366,0.6751645803451538,0.6792698502540588,0.6838609576225281,0.6985580325126648,0.7474179267883301,0.7525893449783325,0.7613165378570557,0.7613165378570557
43085,-0.7115922570228577,3.209033727645874,3.2047083377838135,0.0955519899725914,0.7115922570228577,0.6985580325126648,0.03130627050995827,0.6742549538612366,0.6751645803451538,0.6792698502540588,0.6838609576225281,0.6985580325126648,0.7474179267883301,0.7525893449783325,0.7613165378570557,0.7613165378570557
43120,-0.7115922570228577,3.2050375938415527,3.200721502304077,0.09536213427782059,0.7115922570228577,0.6985580325126648,0.03130627050995827,0.6742549538612366,0.6751645803451538,0.6792698502540588,0.6838609576225281,0.6985580325126648,0.7474179267883301,0.7525893449783325,0.7613165378570557,0.7613165378570557
43155,-0.7115922570228577,3.2095656394958496,3.2052645683288574,0.09627566805907659,0.7115922570228577,0.6985580325126648,0.03130627050995827,0.6742549538612366,0.6751645803451538,0.6792698502540588,0.6838609576225281,0.6985580325126648,0.7474179267883301,0.7525893449783325,0.7613165378570557,0.7613165378570557
43190,-0.7115922570228577,3.209207057952881,3.2049190998077393,0.09508602853332247,0.7115922570228577,0.6985580325126648,0.03130627050995827,0.6742549538612366,0.6751645803451538,0.6792698502540588,0.6838609576225281,0.6985580325126648,0.7474179267883301,0.7525893449783325,0.7613165378570557,0.7613165378570557
43225,-0.7115922570228577,3.210284948348999,3.206007957458496,0.09635007168565478,0.7115922570228577,0.6985580325126648,0.03130627050995827,0.6742549538612366,0.6751645803451538,0.6792698502540588,0.6838609576225281,0.6985580325126648,0.7474179267883301,0.7525893449783325,0.7613165378570557,0.7613165378570557
43260,-0.7115922570228577,3.2123305797576904,3.2080800533294678,0.09971146604844502,0.7115922570228577,0.6985580325126648,0.03130627050995827,0.6742549538612366,0.6751645803451538,0.6792698502540588,0.6838609576225281,0.6985580325126648,0.7474179267883301,0.7525893449783325,0.7613165378570557,0.7613165378570557
43295,-0.7115922570228577,3.211099147796631,3.2068655490875244,0.10165073829037803,0.7115922570228577,0.6985580325126648,0.03130627050995827,0.6742549538612366,0.6751645803451538,0.6792698502540588,0.6838609576225281,0.6985580325126648,0.7474179267883301,0.7525893449783325,0.7613165378570557,0.7613165378570557
43330,-0.7115922570228577,3.211141347885132,3.206918239593506,0.09786232454436165,0.7115922570228577,0.6985580325126648,0.03130627050995827,0.6742549538612366,0.6751645803451538,0.6792698502540588,0.6838609576225281,0.6985580325126648,0.7474179267883301,0.7525893449783325,0.7613165378570557,0.7613165378570557
43365,-0.7115922570228577,3.206540822982788,3.2023308277130127,0.0967197237270219,0.7115922570228577,0.6985580325126648,0.03130627050995827,0.6742549538612366,0.6751645803451538,0.6792698502540588,0.6838609576225281,0.6985580325126648,0.7474179267883301,0.7525893449783325,0.7613165378570557,0.7613165378570557
43400,-0.7115922570228577,3.2091612815856934,3.204970598220825,0.09355575697762626,0.7115922570228577,0.6985580325126648,0.03130627050995827,0.6742549538612366,0.6751645803451538,0.6792698502540588,0.6838609576225281,0.6985580325126648,0.7474179267883301,0.7525893449783325,0.7613165378570557,0.7613165378570557
43435,-0.7115922570228577,3.207465171813965,3.2032783031463623,0.09663301493440356,0.7115922570228577,0.6985580325126648,0.03130627050995827,0.6742549538612366,0.6751645803451538,0.6792698502540588,0.6838609576225281,0.6985580325126648,0.7474179267883301,0.7525893449783325,0.7613165378570557,0.7613165378570557
43470,-0.7115922570228577,3.208704710006714,3.2045302391052246,0.09432764670678548,0.7115922570228577,0.6985580325126648,0.03130627050995827,0.6742549538612366,0.6751645803451538,0.6792698502540588,0.6838609576225281,0.6985580325126648,0.7474179267883301,0.7525893449783325,0.7613165378570557,0.7613165378570557
43505,-0.7115922570228577,3.206793785095215,3.202631711959839,0.09443160040037972,0.7115922570228577,0.6985580325126648,0.03130627050995827,0.6742549538612366,0.6751645803451538,0.6792698502540588,0.6838609576225281,0.6985580325126648,0.7474179267883301,0.7525893449783325,0.7613165378570557,0.7613165378570557
43540,-0.7115922570228577,3.210219621658325,3.2060675621032715,0.09217012992927007,0.7115922570228577,0.6985580325126648,0.03130627050995827,0.6742549538612366,0.6751645803451538,0.6792698502540588,0.6838609576225281,0.6985580325126648,0.7474179267883301,0.7525893449783325,0.7613165378570557,0.7613165378570557
43575,-0.7115922570228577,3.207484006881714,3.2033421993255615,0.09182309359312057,0.7115922570228577,0.6985580325126648,0.03130627050995827,0.6742549538612366,0.6751645803451538,0.6792698502540588,0.6838609576225281,0.6985580325126648,0.7474179267883301,0.7525893449783325,0.7613165378570557,0.7613165378570557
43610,-0.7115922570228577,3.206268787384033,3.2021324634552,0.09145932431731905,0.7115922570228577,0.6985580325126648,0.03130627050995827,0.6742549538612366,0.6751645803451538,0.6792698502540588,0.6838609576225281,0.6985580325126648,0.7474179267883301,0.7525893449783325,0.7613165378570557,0.7613165378570557
43645,-0.7115922570228577,3.2093100547790527,3.205185651779175,0.09212579365287508,0.7115922570228577,0.6985580325126648,0.03130627050995827,0.6742549538612366,0.6751645803451538,0.6792698502540588,0.6838609576225281,0.6985580325126648,0.7474179267883301,0.7525893449783325,0.7613165378570557,0.7613165378570557
43680,-0.7115922570228577,3.2084288597106934,3.2043163776397705,0.09269917330571584,0.7115922570228577,0.6985580325126648,0.03130627050995827,0.6742549538612366,0.6751645803451538,0.6792698502540588,0.6838609576225281,0.6985580325126648,0.7474179267883301,0.7525893449783325,0.7613165378570557,0.7613165378570557
43715,-0.7115922570228577,3.206963300704956,3.2028648853302,0.09344297966786794,0.7115922570228577,0.6985580325126648,0.03130627050995827,0.6742549538612366,0.6751645803451538,0.6792698502540588,0.6838609576225281,0.6985580325126648,0.7474179267883301,0.7525893449783325,0.7613165378570557,0.7613165378570557
43750,-0.7115922570228577,3.203326940536499,3.199260950088501,0.08882255852222443,0.7115922570228577,0.6985580325126648,0.03130627050995827,0.6742549538612366,0.6751645803451538,0.6792698502540588,0.6838609576225281,0.6985580325126648,0.7474179267883301,0.7525893449783325,0.7613165378570557,0.7613165378570557
43785,-0.7115922570228577,3.2010931968688965,3.197038173675537,0.08896849836621966,0.7115922570228577,0.6985580325126648,0.03130627050995827,0.6742549538612366,0.6751645803451538,0.6792698502540588,0.6838609576225281,0.6985580325126648,0.7474179267883301,0.7525893449783325,0.7613165378570557,0.7613165378570557
43820,-0.7115922570228577,3.202620029449463,3.198580503463745,0.0895524514572961,0.7115922570228577,0.6985580325126648,0.03130627050995827,0.6742549538612366,0.6751645803451538,0.6792698502540588,0.6838609576225281,0.6985580325126648,0.7474179267883301,0.7525893449783325,0.7613165378570557,0.7613165378570557
43855,-0.7115922570228577,3.2053275108337402,3.2012972831726074,0.09216416094984327,0.7115922570228577,0.6985580325126648,0.03130627050995827,0.6742549538612366,0.6751645803451538,0.6792698502540588,0.6838609576225281,0.6985580325126648,0.7474179267883301,0.7525893449783325,0.7613165378570557,0.7613165378570557
43890,-0.7115922570228577,3.2024729251861572,3.198448657989502,0.09146875888109207,0.7115922570228577,0.6985580325126648,0.03130627050995827,0.6742549538612366,0.6751645803451538,0.6792698502540588,0.6838609576225281,0.6985580325126648,0.7474179267883301,0.7525893449783325,0.7613165378570557,0.7613165378570557
43925,-0.7115922570228577,3.2026400566101074,3.1986215114593506,0.09064609344516482,0.7115922570228577,0.6985580325126648,0.03130627050995827,0.6742549538612366,0.6751645803451538,0.6792698502540588,0.6838609576225281,0.6985580325126648,0.7474179267883301,0.7525893449783325,0.7613165378570557,0.7613165378570557
43960,-0.7115922570228577,3.2028119564056396,3.1988067626953125,0.09090334815638405,0.7115922570228577,0.6985580325126648,0.03130627050995827,0.6742549538612366,0.6751645803451538,0.6792698502540588,0.6838609576225281,0.6985580325126648,0.7474179267883301,0.7525893449783325,0.7613165378570557,0.7613165378570557
43995,-0.7115922570228577,3.205749988555908,3.2017619609832764,0.09199879531349454,0.7115922570228577,0.6985580325126648,0.03130627050995827,0.6742549538612366,0.6751645803451538,0.6792698502540588,0.6838609576225281,0.6985580325126648,0.7474179267883301,0.7525893449783325,0.7613165378570557,0.7613165378570557
44030,-0.7115922570228577,3.2069356441497803,3.2029521465301514,0.08987599398408617,0.7115922570228577,0.6985580325126648,0.03130627050995827,0.6742549538612366,0.6751645803451538,0.6792698502540588,0.6838609576225281,0.6985580325126648,0.7474179267883301,0.7525893449783325,0.7613165378570557,0.7613165378570557
44065,-0.7115922570228577,3.212533473968506,3.208566665649414,0.091034648673875,0.7115922570228577,0.6985580325126648,0.03130627050995827,0.6742549538612366,0.6751645803451538,0.6792698502540588,0.6838609576225281,0.6985580325126648,0.7474179267883301,0.7525893449783325,0.7613165378570557,0.7613165378570557
44100,-0.7115922570228577,3.207247734069824,3.203293561935425,0.09356717552457537,0.7115922570228577,0.6985580325126648,0.03130627050995827,0.6742549538612366,0.6751645803451538,0.6792698502540588,0.6838609576225281,0.6985580325126648,0.7474179267883301,0.7525893449783325,0.7613165378570557,0.7613165378570557
44135,-0.7115922570228577,3.2081921100616455,3.204242467880249,0.09183668345212936,0.7115922570228577,0.6985580325126648,0.03130627050995827,0.6742549538612366,0.6751645803451538,0.6792698502540588,0.6838609576225281,0.6985580325126648,0.7474179267883301,0.7525893449783325,0.7613165378570557,0.7613165378570557
44170,-0.7115922570228577,3.2085752487182617,3.2046353816986084,0.09085782830204282,0.7115922570228577,0.6985580325126648,0.03130627050995827,0.6742549538612366,0.6751645803451538,0.6792698502540588,0.6838609576225281,0.6985580325126648,0.7474179267883301,0.7525893449783325,0.7613165378570557,0.7613165378570557
44205,-0.7115922570228577,3.2109477519989014,3.207016706466675,0.09144456365278789,0.7115922570228577,0.6985580325126648,0.03130627050995827,0.6742549538612366,0.6751645803451538,0.6792698502540588,0.6838609576225281,0.6985580325126648,0.7474179267883301,0.7525893449783325,0.7613165378570557,0.7613165378570557
44240,-0.7115922570228577,3.210096836090088,3.2061803340911865,0.08975430790867124,0.7115922570228577,0.6985580325126648,0.03130627050995827,0.6742549538612366,0.6751645803451538,0.6792698502540588,0.6838609576225281,0.6985580325126648,0.7474179267883301,0.7525893449783325,0.7613165378570557,0.7613165378570557
44275,-0.7115922570228577,3.213822841644287,3.209909677505493,0.087041295000485,0.7115922570228577,0.6985580325126648,0.03130627050995827,0.6742549538612366,0.6751645803451538,0.6792698502540588,0.6838609576225281,0.6985580325126648,0.7474179267883301,0.7525893449783325,0.7613165378570557,0.7613165378570557
44310,-0.7115922570228577,3.2149109840393066,3.211012363433838,0.08996231534651347,0.7115922570228577,0.6985580325126648,0.03130627050995827,0.6742549538612366,0.6751645803451538,0.6792698502540588,0.6838609576225281,0.6985580325126648,0.7474179267883301,0.7525893449783325,0.7613165378570557,0.7613165378570557
44345,-0.7115922570228577,3.216844081878662,3.212949514389038,0.08964408614805766,0.7115922570228577,0.6985580325126648,0.03130627050995827,0.6742549538612366,0.6751645803451538,0.6792698502540588,0.6838609576225281,0.6985580325126648,0.7474179267883301,0.7525893449783325,0.7613165378570557,0.7613165378570557
44380,-0.7115922570228577,3.2173759937286377,3.2134923934936523,0.09031589009932109,0.7115922570228577,0.6985580325126648,0.03130627050995827,0.6742549538612366,0.6751645803451538,0.6792698502540588,0.6838609576225281,0.6985580325126648,0.7474179267883301,0.7525893449783325,0.7613165378570557,0.7613165378570557
44415,-0.7115922570228577,3.2149946689605713,3.2111213207244873,0.08838756063154765,0.7115922570228577,0.6985580325126648,0.03130627050995827,0.6742549538612366,0.6751645803451538,0.6792698502540588,0.6838609576225281,0.6985580325126648,0.7474179267883301,0.7525893449783325,0.7613165378570557,0.7613165378570557
44450,-0.7115922570228577,3.2177088260650635,3.213855266571045,0.0923551150730678,0.7115922570228577,0.6985580325126648,0.03130627050995827,0.6742549538612366,0.6751645803451538,0.6792698502540588,0.6838609576225281,0.6985580325126648,0.7474179267883301,0.7525893449783325,0.7613165378570557,0.7613165378570557
44485,-0.7115922570228577,3.2176597118377686,3.2138280868530273,0.08866075958524432,0.7115922570228577,0.6985580325126648,0.03130627050995827,0.6742549538612366,0.6751645803451538,0.6792698502540588,0.6838609576225281,0.6985580325126648,0.7474179267883301,0.7525893449783325,0.7613165378570557,0.7613165378570557
44520,-0.7115922570228577,3.218161106109619,3.2143402099609375,0.09161657520702907,0.7115922570228577,0.6985580325126648,0.03130627050995827,0.6742549538612366,0.6751645803451538,0.6792698502540588,0.6838609576225281,0.6985580325126648,0.7474179267883301,0.7525893449783325,0.7613165378570557,0.7613165378570557
44555,-0.7115922570228577,3.2218570709228516,3.2180495262145996,0.09377290627786092,0.7115922570228577,0.6985580325126648,0.03130627050995827,0.6742549538612366,0.6751645803451538,0.6792698502540588,0.6838609576225281,0.6985580325126648,0.7474179267883301,0.7525893449783325,0.7613165378570557,0.7613165378570557
44590,-0.7115922570228577,3.2123725414276123,3.208559274673462,0.09225937298366002,0.7115922570228577,0.6985580325126648,0.03130627050995827,0.6742549538612366,0.6751645803451538,0.6792698502540588,0.6838609576225281,0.6985580325126648,0.7474179267883301,0.7525893449783325,0.7613165378570557,0.7613165378570557
44625,-0.7115922570228577,3.2086217403411865,3.2048070430755615,0.09320769991193499,0.7115922570228577,0.6985580325126648,0.03130627050995827,0.6742549538612366,0.6751645803451538,0.6792698502540588,0.6838609576225281,0.6985580325126648,0.7474179267883301,0.7525893449783325,0.7613165378570557,0.7613165378570557
44660,-0.7115922570228577,3.207226037979126,3.203433036804199,0.08996859618595668,0.7115922570228577,0.6985580325126648,0.03130627050995827,0.6742549538612366,0.6751645803451538,0.6792698502540588,0.6838609576225281,0.6985580325126648,0.7474179267883301,0.7525893449783325,0.7613165378570557,0.7613165378570557
44695,-0.7115922570228577,3.2032744884490967,3.199486255645752,0.08881309096302305,0.7115922570228577,0.6985580325126648,0.03130627050995827,0.6742549538612366,0.6751645803451538,0.6792698502540588,0.6838609576225281,0.6985580325126648,0.7474179267883301,0.7525893449783325,0.7613165378570557,0.7613165378570557
44730,-0.7115945219993591,3.2007460594177246,3.1969521045684814,0.08863542122500283,0.7115945219993591,0.6985580325126648,0.03130926191806793,0.6742549538612366,0.6751645803451538,0.6792698502540588,0.6838609576225281,0.6985580325126648,0.7474179267883301,0.7527967095375061,0.7613165378570557,0.7613165378570557
44765,-0.7115945219993591,3.2003839015960693,3.196544885635376,0.09230779004948479,0.7115945219993591,0.6985580325126648,0.03130926191806793,0.6742549538612366,0.6751645803451538,0.6792698502540588,0.6838609576225281,0.6985580325126648,0.7474179267883301,0.7527967095375061,0.7613165378570557,0.7613165378570557
44800,-0.7115945219993591,3.204139471054077,3.2003629207611084,0.09424699204308647,0.7115945219993591,0.6985580325126648,0.03130926191806793,0.6742549538612366,0.6751645803451538,0.6792698502540588,0.6838609576225281,0.6985580325126648,0.7474179267883301,0.7527967095375061,0.7613165378570557,0.7613165378570557
44835,-0.7115945219993591,3.205622673034668,3.201784372329712,0.09197198067392622,0.7115945219993591,0.6985580325126648,0.03130926191806793,0.6742549538612366,0.6751645803451538,0.6792698502540588,0.6838609576225281,0.6985580325126648,0.7474179267883301,0.7527967095375061,0.7613165378570557,0.7613165378570557
44870,-0.7115945219993591,3.2040910720825195,3.2004082202911377,0.0873386412858963,0.7115945219993591,0.6985580325126648,0.03130926191806793,0.6742549538612366,0.6751645803451538,0.6792698502540588,0.6838609576225281,0.6985580325126648,0.7474179267883301,0.7527967095375061,0.7613165378570557,0.7613165378570557
44905,-0.7115945219993591,3.2111010551452637,3.2074286937713623,0.08909286239317485,0.7115945219993591,0.6985580325126648,0.03130926191806793,0.6742549538612366,0.6751645803451538,0.6792698502540588,0.6838609576225281,0.6985580325126648,0.7474179267883301,0.7527967095375061,0.7613165378570557,0.7613165378570557
44940,-0.7115945219993591,3.218909502029419,3.2152509689331055,0.08703937807253428,0.7115945219993591,0.6985580325126648,0.03130926191806793,0.6742549538612366,0.6751645803451538,0.6792698502540588,0.6838609576225281,0.6985580325126648,0.7474179267883301,0.7527967095375061,0.7613165378570557,0.7613165378570557
44975,-0.7115945219993591,3.2217962741851807,3.218132495880127,0.09131779841014318,0.7115945219993591,0.6985580325126648,0.03130926191806793,0.6742549538612366,0.6751645803451538,0.6792698502540588,0.6838609576225281,0.6985580325126648,0.7474179267883301,0.7527967095375061,0.7613165378570557,0.7613165378570557
45010,-0.7115945219993591,3.22575306892395,3.222099781036377,0.0942856850368636,0.7115945219993591,0.6985580325126648,0.03130926191806793,0.6742549538612366,0.6751645803451538,0.6792698502540588,0.6838609576225281,0.6985580325126648,0.7474179267883301,0.7527967095375061,0.7613165378570557,0.7613165378570557
45045,-0.7115945219993591,3.228853940963745,3.2252113819122314,0.09224090831620353,0.7115945219993591,0.6985580325126648,0.03130926191806793,0.6742549538612366,0.6751645803451538,0.6792698502540588,0.6838609576225281,0.6985580325126648,0.7474179267883301,0.7527967095375061,0.7613165378570557,0.7613165378570557
45080,-0.7115945219993591,3.2344846725463867,3.230855703353882,0.0923786929675511,0.7115945219993591,0.6985580325126648,0.03130926191806793,0.6742549538612366,0.6751645803451538,0.6792698502540588,0.6838609576225281,0.6985580325126648,0.7474179267883301,0.7527967095375061,0.7613165378570557,0.7613165378570557
45115,-0.7115945219993591,3.2308707237243652,3.2272496223449707,0.089566599045481,0.7115945219993591,0.6985580325126648,0.03130926191806793,0.6742549538612366,0.6751645803451538,0.6792698502540588,0.6838609576225281,0.6985580325126648,0.7474179267883301,0.7527967095375061,0.7613165378570557,0.7613165378570557
45150,-0.7115945219993591,3.2348062992095947,3.231203317642212,0.08923482894897461,0.7115945219993591,0.6985580325126648,0.03130926191806793,0.6742549538612366,0.6751645803451538,0.6792698502540588,0.6838609576225281,0.6985580325126648,0.7474179267883301,0.7527967095375061,0.7613165378570557,0.7613165378570557
45185,-0.7115945219993591,3.2360284328460693,3.2324328422546387,0.09101046515362603,0.7115945219993591,0.6985580325126648,0.03130926191806793,0.6742549538612366,0.6751645803451538,0.6792698502540588,0.6838609576225281,0.6985580325126648,0.7474179267883301,0.7527967095375061,0.7613165378570557,0.7613165378570557
45220,-0.7115945219993591,3.2279725074768066,3.2243812084198,0.09052562713623047,0.7115945219993591,0.6985580325126648,0.03130926191806793,0.6742549538612366,0.6751645803451538,0.6792698502540588,0.6838609576225281,0.6985580325126648,0.7474179267883301,0.7527967095375061,0.7613165378570557,0.7613165378570557
45255,-0.7115945219993591,3.22652006149292,3.222851514816284,0.08673012788806643,0.7115945219993591,0.6985580325126648,0.03130926191806793,0.6742549538612366,0.6751645803451538,0.6792698502540588,0.6838609576225281,0.6985580325126648,0.7474179267883301,0.7527967095375061,0.7613165378570557,0.7613165378570557
45290,-0.7115945219993591,3.2260172367095947,3.222444772720337,0.0890180766582489,0.7115945219993591,0.6985580325126648,0.03130926191806793,0.6742549538612366,0.6751645803451538,0.6792698502540588,0.6838609576225281,0.6985580325126648,0.7474179267883301,0.7527967095375061,0.7613165378570557,0.7613165378570557
45325,-0.7115945219993591,3.2291007041931152,3.2255499362945557,0.08920519586120333,0.7115945219993591,0.6985580325126648,0.03130926191806793,0.6742549538612366,0.6751645803451538,0.6792698502540588,0.6838609576225281,0.6985580325126648,0.7474179267883301,0.7527967095375061,0.7613165378570557,0.7613165378570557
45360,-0.7115945219993591,3.2349507808685303,3.231416940689087,0.09092848322221211,0.7115945219993591,0.6985580325126648,0.03130926191806793,0.6742549538612366,0.6751645803451538,0.6792698502540588,0.6838609576225281,0.6985580325126648,0.7474179267883301,0.7527967095375061,0.7613165378570557,0.7613165378570557
45395,-0.7115945219993591,3.2358341217041016,3.2323052883148193,0.08870551202978406,0.7115945219993591,0.6985580325126648,0.03130926191806793,0.6742549538612366,0.6751645803451538,0.6792698502540588,0.6838609576225281,0.6985580325126648,0.7474179267883301,0.7527967095375061,0.7613165378570557,0.7613165378570557
45430,-0.7115945219993591,3.234865188598633,3.231344699859619,0.08862709041152682,0.7115945219993591,0.6985580325126648,0.03130926191806793,0.6742549538612366,0.6751645803451538,0.6792698502540588,0.6838609576225281,0.6985580325126648,0.7474179267883301,0.7527967095375061,0.7613165378570557,0.7613165378570557
45465,-0.7115945219993591,3.237955093383789,3.2344465255737305,0.08918985618012291,0.7115945219993591,0.6985580325126648,0.03130926191806793,0.6742549538612366,0.6751645803451538,0.6792698502540588,0.6838609576225281,0.6985580325126648,0.7474179267883301,0.7527967095375061,0.7613165378570557,0.7613165378570557
45500,-0.7115945219993591,3.238051652908325,3.234548807144165,0.0877028831413814,0.7115945219993591,0.6985580325126648,0.03130926191806793,0.6742549538612366,0.6751645803451538,0.6792698502540588,0.6838609576225281,0.6985580325126648,0.7474179267883301,0.7527967095375061,0.7613165378570557,0.7613165378570557
45535,-0.7115945219993591,3.240117073059082,3.2366199493408203,0.08827242574521474,0.7115945219993591,0.6985580325126648,0.03130926191806793,0.6742549538612366,0.6751645803451538,0.6792698502540588,0.6838609576225281,0.6985580325126648,0.7474179267883301,0.7527967095375061,0.7613165378570557,0.7613165378570557
45570,-0.7115945219993591,3.2398056983947754,3.2363147735595703,0.08662845832960946,0.7115945219993591,0.6985580325126648,0.03130926191806793,0.6742549538612366,0.6751645803451538,0.6792698502540588,0.6838609576225281,0.6985580325126648,0.7474179267883301,0.7527967095375061,0.7613165378570557,0.7613165378570557
45605,-0.7115945219993591,3.2335779666900635,3.2300946712493896,0.08541707268783025,0.7115945219993591,0.6985580325126648,0.03130926191806793,0.6742549538612366,0.6751645803451538,0.6792698502540588,0.6838609576225281,0.6985580325126648,0.7474179267883301,0.7527967095375061,0.7613165378570557,0.7613165378570557
45640,-0.7115945219993591,3.239992141723633,3.2365317344665527,0.08325498125382833,0.7115945219993591,0.6985580325126648,0.03130926191806793,0.6742549538612366,0.6751645803451538,0.6792698502540588,0.6838609576225281,0.6985580325126648,0.7474179267883301,0.7527967095375061,0.7613165378570557,0.7613165378570557
45675,-0.7115945219993591,3.2429356575012207,3.239474296569824,0.08678073968206133,0.7115945219993591,0.6985580325126648,0.03130926191806793,0.6742549538612366,0.6751645803451538,0.6792698502540588,0.6838609576225281,0.6985580325126648,0.7474179267883301,0.7527967095375061,0.7613165378570557,0.7613165378570557
45710,-0.7115945219993591,3.2508349418640137,3.247427225112915,0.0854828166110175,0.7115945219993591,0.6985580325126648,0.03130926191806793,0.6742549538612366,0.6751645803451538,0.6792698502540588,0.6838609576225281,0.6985580325126648,0.7474179267883301,0.7527967095375061,0.7613165378570557,0.7613165378570557
45745,-0.7115945219993591,3.2484054565429688,3.2450082302093506,0.08420766570738383,0.7115945219993591,0.6985580325126648,0.03130926191806793,0.6742549538612366,0.6751645803451538,0.6792698502540588,0.6838609576225281,0.6985580325126648,0.7474179267883301,0.7527967095375061,0.7613165378570557,0.7613165378570557
45780,-0.7115945219993591,3.2511277198791504,3.2477376461029053,0.08396518869059426,0.7115945219993591,0.6985580325126648,0.03130926191806793,0.6742549538612366,0.6751645803451538,0.6792698502540588,0.6838609576225281,0.6985580325126648,0.7474179267883301,0.7527967095375061,0.7613165378570557,0.7613165378570557
45815,-0.7115945219993591,3.2579360008239746,3.254560708999634,0.08788520629916872,0.7115945219993591,0.6985580325126648,0.03130926191806793,0.6742549538612366,0.6751645803451538,0.6792698502540588,0.6838609576225281,0.6985580325126648,0.7474179267883301,0.7527967095375061,0.7613165378570557,0.7613165378570557
45850,-0.7115945219993591,3.2600111961364746,3.256650686264038,0.08517203267131533,0.7115945219993591,0.6985580325126648,0.03130926191806793,0.6742549538612366,0.6751645803451538,0.6792698502540588,0.6838609576225281,0.6985580325126648,0.7474179267883301,0.7527967095375061,0.7613165378570557,0.7613165378570557
45885,-0.7115945219993591,3.2547481060028076,3.251396656036377,0.08216902294329234,0.7115945219993591,0.6985580325126648,0.03130926191806793,0.6742549538612366,0.6751645803451538,0.6792698502540588,0.6838609576225281,0.6985580325126648,0.7474179267883301,0.7527967095375061,0.7613165378570557,0.7613165378570557
45920,-0.7115945219993591,3.264383316040039,3.261033535003662,0.08028978322233472,0.7115945219993591,0.6985580325126648,0.03130926191806793,0.6742549538612366,0.6751645803451538,0.6792698502540588,0.6838609576225281,0.6985580325126648,0.7474179267883301,0.7527967095375061,0.7613165378570557,0.7613165378570557
45955,-0.7115945219993591,3.2575972080230713,3.2542426586151123,0.07892315196139472,0.7115945219993591,0.6985580325126648,0.03130926191806793,0.6742549538612366,0.6751645803451538,0.6792698502540588,0.6838609576225281,0.6985580325126648,0.7474179267883301,0.7527967095375061,0.7613165378570557,0.7613165378570557
45990,-0.7115945219993591,3.2613635063171387,3.258009433746338,0.07573763919728142,0.7115945219993591,0.6985580325126648,0.03130926191806793,0.6742549538612366,0.6751645803451538,0.6792698502540588,0.6838609576225281,0.6985580325126648,0.7474179267883301,0.7527967095375061,0.7613165378570557,0.7613165378570557
46025,-0.7115945219993591,3.2658870220184326,3.2625627517700195,0.07914494403770991,0.7115945219993591,0.6985580325126648,0.03130926191806793,0.6742549538612366,0.6751645803451538,0.6792698502540588,0.6838609576225281,0.6985580325126648,0.7474179267883301,0.7527967095375061,0.7613165378570557,0.7613165378570557
46060,-0.7115945219993591,3.272158622741699,3.268893241882324,0.07824258080550603,0.7115945219993591,0.6985580325126648,0.03130926191806793,0.6742549538612366,0.6751645803451538,0.6792698502540588,0.6838609576225281,0.6985580325126648,0.7474179267883301,0.7527967095375061,0.7613165378570557,0.7613165378570557
46095,-0.7115945219993591,3.2722597122192383,3.2690000534057617,0.07717790028878621,0.7115945219993591,0.6985580325126648,0.03130926191806793,0.6742549538612366,0.6751645803451538,0.6792698502540588,0.6838609576225281,0.6985580325126648,0.7474179267883301,0.7527967095375061,0.7613165378570557,0.7613165378570557
46130,-0.7115945219993591,3.275064468383789,3.271815061569214,0.07677602022886276,0.7115945219993591,0.6985580325126648,0.03130926191806793,0.6742549538612366,0.6751645803451538,0.6792698502540588,0.6838609576225281,0.6985580325126648,0.7474179267883301,0.7527967095375061,0.7613165378570557,0.7613165378570557
46165,-0.7115945219993591,3.274167537689209,3.2709271907806396,0.08123242429324559,0.7115945219993591,0.6985580325126648,0.03130926191806793,0.6742549538612366,0.6751645803451538,0.6792698502540588,0.6838609576225281,0.6985580325126648,0.7474179267883301,0.7527967095375061,0.7613165378570557,0.7613165378570557
46200,-0.7115945219993591,3.279099941253662,3.2758655548095703,0.07917786921773638,0.7115945219993591,0.6985580325126648,0.03130926191806793,0.6742549538612366,0.6751645803451538,0.6792698502540588,0.6838609576225281,0.6985580325126648,0.7474179267883301,0.7527967095375061,0.7613165378570557,0.7613165378570557
46235,-0.7115945219993591,3.2823355197906494,3.2791097164154053,0.08165228047541209,0.7115945219993591,0.6985580325126648,0.03130926191806793,0.6742549538612366,0.6751645803451538,0.6792698502540588,0.6838609576225281,0.6985580325126648,0.7474179267883301,0.7527967095375061,0.7613165378570557,0.7613165378570557
46270,-0.7115945219993591,3.289820671081543,3.2866146564483643,0.07742954790592194,0.7115945219993591,0.6985580325126648,0.03130926191806793,0.6742549538612366,0.6751645803451538,0.6792698502540588,0.6838609576225281,0.6985580325126648,0.7474179267883301,0.7527967095375061,0.7613165378570557,0.7613165378570557
46305,-0.7115945219993591,3.292229175567627,3.2890360355377197,0.08152442851236888,0.7115945219993591,0.6985580325126648,0.03130926191806793,0.6742549538612366,0.6751645803451538,0.6792698502540588,0.6838609576225281,0.6985580325126648,0.7474179267883301,0.7527967095375061,0.7613165378570557,0.7613165378570557
46340,-0.7115945219993591,3.2921855449676514,3.2890005111694336,0.08641115256718226,0.7115945219993591,0.6985580325126648,0.03130926191806793,0.6742549538612366,0.6751645803451538,0.6792698502540588,0.6838609576225281,0.6985580325126648,0.7474179267883301,0.7527967095375061,0.7613165378570557,0.7613165378570557
46375,-0.7115945219993591,3.2966883182525635,3.293513059616089,0.08368358122450965,0.7115945219993591,0.6985580325126648,0.03130926191806793,0.6742549538612366,0.6751645803451538,0.6792698502540588,0.6838609576225281,0.6985580325126648,0.7474179267883301,0.7527967095375061,0.7613165378570557,0.7613165378570557
46410,-0.7115945219993591,3.3020524978637695,3.2988905906677246,0.08231866359710693,0.7115945219993591,0.6985580325126648,0.03130926191806793,0.6742549538612366,0.6751645803451538,0.6792698502540588,0.6838609576225281,0.6985580325126648,0.7474179267883301,0.7527967095375061,0.7613165378570557,0.7613165378570557
46445,-0.7115945219993591,3.294861316680908,3.2917075157165527,0.08544932944434029,0.7115945219993591,0.6985580325126648,0.03130926191806793,0.6742549538612366,0.6751645803451538,0.6792698502540588,0.6838609576225281,0.6985580325126648,0.7474179267883301,0.7527967095375061,0.7613165378570557,0.7613165378570557
46480,-0.7115945219993591,3.2991631031036377,3.296018123626709,0.08544540192399706,0.7115945219993591,0.6985580325126648,0.03130926191806793,0.6742549538612366,0.6751645803451538,0.6792698502540588,0.6838609576225281,0.6985580325126648,0.7474179267883301,0.7527967095375061,0.7613165378570557,0.7613165378570557
46515,-0.7115945219993591,3.2993509769439697,3.2962188720703125,0.08493803228650774,0.7115945219993591,0.6985580325126648,0.03130926191806793,0.6742549538612366,0.6751645803451538,0.6792698502540588,0.6838609576225281,0.6985580325126648,0.7474179267883301,0.7527967095375061,0.7613165378570557,0.7613165378570557
46550,-0.7115945219993591,3.2911758422851562,3.288062334060669,0.08568196956600461,0.7115945219993591,0.6985580325126648,0.03130926191806793,0.6742549538612366,0.6751645803451538,0.6792698502540588,0.6838609576225281,0.6985580325126648,0.7474179267883301,0.7527967095375061,0.7613165378570557,0.7613165378570557
46585,-0.7115945219993591,3.291572332382202,3.2884652614593506,0.08054666114704949,0.7115945219993591,0.6985580325126648,0.03130926191806793,0.6742549538612366,0.6751645803451538,0.6792698502540588,0.6838609576225281,0.6985580325126648,0.7474179267883301,0.7527967095375061,0.7613165378570557,0.7613165378570557
46620,-0.7115945219993591,3.299553632736206,3.2964608669281006,0.0838010124862194,0.7115945219993591,0.6985580325126648,0.03130926191806793,0.6742549538612366,0.6751645803451538,0.6792698502540588,0.6838609576225281,0.6985580325126648,0.7474179267883301,0.7527967095375061,0.7613165378570557,0.7613165378570557
46655,-0.7115945219993591,3.3036229610443115,3.300541639328003,0.08231522994382041,0.7115945219993591,0.6985580325126648,0.03130926191806793,0.6742549538612366,0.6751645803451538,0.6792698502540588,0.6838609576225281,0.6985580325126648,0.7474179267883301,0.7527967095375061,0.7613165378570557,0.7613165378570557
46690,-0.7115945219993591,3.3019766807556152,3.2989065647125244,0.0806046309215682,0.7115945219993591,0.6985580325126648,0.03130926191806793,0.6742549538612366,0.6751645803451538,0.6792698502540588,0.6838609576225281,0.6985580325126648,0.7474179267883301,0.7527967095375061,0.7613165378570557,0.7613165378570557
46725,-0.7115945219993591,3.3032431602478027,3.3001832962036133,0.08034098254782814,0.7115945219993591,0.6985580325126648,0.03130926191806793,0.6742549538612366,0.6751645803451538,0.6792698502540588,0.6838609576225281,0.6985580325126648,0.7474179267883301,0.7527967095375061,0.7613165378570557,0.7613165378570557
46760,-0.7115945219993591,3.294348955154419,3.2912991046905518,0.08043237349816731,0.7115945219993591,0.6985580325126648,0.03130926191806793,0.6742549538612366,0.6751645803451538,0.6792698502540588,0.6838609576225281,0.6985580325126648,0.7474179267883301,0.7527967095375061,0.7613165378570557,0.7613165378570557
46795,-0.7115945219993591,3.2937779426574707,3.2907369136810303,0.08227872848510742,0.7115945219993591,0.6985580325126648,0.03130926191806793,0.6742549538612366,0.6751645803451538,0.6792698502540588,0.6838609576225281,0.6985580325126648,0.7474179267883301,0.7527967095375061,0.7613165378570557,0.7613165378570557
46830,-0.7115945219993591,3.2919347286224365,3.2888998985290527,0.08149301899330956,0.7115945219993591,0.6985580325126648,0.03130926191806793,0.6742549538612366,0.6751645803451538,0.6792698502540588,0.6838609576225281,0.6985580325126648,0.7474179267883301,0.7527967095375061,0.7613165378570557,0.7613165378570557
46865,-0.7115945219993591,3.2928693294525146,3.2898459434509277,0.08090870827436447,0.7115945219993591,0.6985580325126648,0.03130926191806793,0.6742549538612366,0.6751645803451538,0.6792698502540588,0.6838609576225281,0.6985580325126648,0.7474179267883301,0.7527967095375061,0.7613165378570557,0.7613165378570557
46900,-0.7115945219993591,3.295414924621582,3.2924013137817383,0.0826644737805639,0.7115945219993591,0.6985580325126648,0.03130926191806793,0.6742549538612366,0.6751645803451538,0.6792698502540588,0.6838609576225281,0.6985580325126648,0.7474179267883301,0.7527967095375061,0.7613165378570557,0.7613165378570557
46935,-0.7115945219993591,3.293778896331787,3.2907774448394775,0.0849862050797258,0.7115945219993591,0.6985580325126648,0.03130926191806793,0.6742549538612366,0.6751645803451538,0.6792698502540588,0.6838609576225281,0.6985580325126648,0.7474179267883301,0.7527967095375061,0.7613165378570557,0.7613165378570557
46970,-0.7115945219993591,3.2910091876983643,3.288015604019165,0.07807530675615583,0.7115945219993591,0.6985580325126648,0.03130926191806793,0.6742549538612366,0.6751645803451538,0.6792698502540588,0.6838609576225281,0.6985580325126648,0.7474179267883301,0.7527967095375061,0.7613165378570557,0.7613165378570557
47005,-0.7115945219993591,3.2915098667144775,3.2885310649871826,0.077765092253685,0.7115945219993591,0.6985580325126648,0.03130926191806793,0.6742549538612366,0.6751645803451538,0.6792698502540588,0.6838609576225281,0.6985580325126648,0.7474179267883301,0.7527967095375061,0.7613165378570557,0.7613165378570557
47040,-0.7115945219993591,3.296438455581665,3.2934651374816895,0.07635799103549548,0.7115945219993591,0.6985580325126648,0.03130926191806793,0.6742549538612366,0.6751645803451538,0.6792698502540588,0.6838609576225281,0.6985580325126648,0.7474179267883301,0.7527967095375061,0.7613165378570557,0.7613165378570557
47075,-0.7115945219993591,3.3000333309173584,3.2970662117004395,0.07796398869582585,0.7115945219993591,0.6985580325126648,0.03130926191806793,0.6742549538612366,0.6751645803451538,0.6792698502540588,0.6838609576225281,0.6985580325126648,0.7474179267883301,0.7527967095375061,0.7613165378570557,0.7613165378570557
47110,-0.7115945219993591,3.309744358062744,3.3067924976348877,0.07655986877424377,0.7115945219993591,0.6985580325126648,0.03130926191806793,0.6742549538612366,0.6751645803451538,0.6792698502540588,0.6838609576225281,0.6985580325126648,0.7474179267883301,0.7527967095375061,0.7613165378570557,0.7613165378570557
47145,-0.7115945219993591,3.3199515342712402,3.317004680633545,0.07583795115351677,0.7115945219993591,0.6985580325126648,0.03130926191806793,0.6742549538612366,0.6751645803451538,0.6792698502540588,0.6838609576225281,0.6985580325126648,0.7474179267883301,0.7527967095375061,0.7613165378570557,0.7613165378570557
47180,-0.7115945219993591,3.320218086242676,3.3172738552093506,0.07510978249566895,0.7115945219993591,0.6985580325126648,0.03130926191806793,0.6742549538612366,0.6751645803451538,0.6792698502540588,0.6838609576225281,0.6985580325126648,0.7474179267883301,0.7527967095375061,0.7613165378570557,0.7613165378570557
47215,-0.7115945219993591,3.3200933933258057,3.3171684741973877,0.07649268422807966,0.7115945219993591,0.6985580325126648,0.03130926191806793,0.6742549538612366,0.6751645803451538,0.6792698502540588,0.6838609576225281,0.6985580325126648,0.7474179267883301,0.7527967095375061,0.7613165378570557,0.7613165378570557
47250,-0.7115945219993591,3.3200254440307617,3.3171114921569824,0.07666172459721565,0.7115945219993591,0.6985580325126648,0.03130926191806793,0.6742549538612366,0.6751645803451538,0.6792698502540588,0.6838609576225281,0.6985580325126648,0.7474179267883301,0.7527967095375061,0.7613165378570557,0.7613165378570557
47285,-0.7115945219993591,3.3294546604156494,3.326550245285034,0.07923459634184837,0.7115945219993591,0.6985580325126648,0.03130926191806793,0.6742549538612366,0.6751645803451538,0.6792698502540588,0.6838609576225281,0.6985580325126648,0.7474179267883301,0.7527967095375061,0.7613165378570557,0.7613165378570557
47320,-0.7115945219993591,3.3284850120544434,3.325591802597046,0.07682432872908455,0.7115945219993591,0.6985580325126648,0.03130926191806793,0.6742549538612366,0.6751645803451538,0.6792698502540588,0.6838609576225281,0.6985580325126648,0.7474179267883301,0.7527967095375061,0.7613165378570557,0.7613165378570557
47355,-0.7115945219993591,3.3327252864837646,3.3298206329345703,0.07726166397333145,0.7115945219993591,0.6985580325126648,0.03130926191806793,0.6742549538612366,0.6751645803451538,0.6792698502540588,0.6838609576225281,0.6985580325126648,0.7474179267883301,0.7527967095375061,0.7613165378570557,0.7613165378570557
47390,-0.7115945219993591,3.3386902809143066,3.3357841968536377,0.07764057282890592,0.7115945219993591,0.6985580325126648,0.03130926191806793,0.6742549538612366,0.6751645803451538,0.6792698502540588,0.6838609576225281,0.6985580325126648,0.7474179267883301,0.7527967095375061,0.7613165378570557,0.7613165378570557
47425,-0.7115945219993591,3.333109140396118,3.330242395401001,0.07718711239950997,0.7115945219993591,0.6985580325126648,0.03130926191806793,0.6742549538612366,0.6751645803451538,0.6792698502540588,0.6838609576225281,0.6985580325126648,0.7474179267883301,0.7527967095375061,0.7613165378570557,0.7613165378570557
47460,-0.7115945219993591,3.3329999446868896,3.330155611038208,0.07534095857824598,0.7115945219993591,0.6985580325126648,0.03130926191806793,0.6742549538612366,0.6751645803451538,0.6792698502540588,0.6838609576225281,0.6985580325126648,0.7474179267883301,0.7527967095375061,0.7613165378570557,0.7613165378570557
47495,-0.7115945219993591,3.335677146911621,3.3328428268432617,0.0748805036502225,0.7115945219993591,0.6985580325126648,0.03130926191806793,0.6742549538612366,0.6751645803451538,0.6792698502540588,0.6838609576225281,0.6985580325126648,0.7474179267883301,0.7527967095375061,0.7613165378570557,0.7613165378570557
47530,-0.7115945219993591,3.3385348320007324,3.3357126712799072,0.07337952298777443,0.7115945219993591,0.6985580325126648,0.03130926191806793,0.6742549538612366,0.6751645803451538,0.6792698502540588,0.6838609576225281,0.6985580325126648,0.7474179267883301,0.7527967095375061,0.7613165378570557,0.7613165378570557
47565,-0.7115945219993591,3.3458251953125,3.3430235385894775,0.07666396456105369,0.7115945219993591,0.6985580325126648,0.03130926191806793,0.6742549538612366,0.6751645803451538,0.6792698502540588,0.6838609576225281,0.6985580325126648,0.7474179267883301,0.7527967095375061,0.7613165378570557,0.7613165378570557
47600,-0.7115945219993591,3.349240303039551,3.3464436531066895,0.07407789624163083,0.7115945219993591,0.6985580325126648,0.03130926191806793,0.6742549538612366,0.6751645803451538,0.6792698502540588,0.6838609576225281,0.6985580325126648,0.7474179267883301,0.7527967095375061,0.7613165378570557,0.7613165378570557
47635,-0.7115945219993591,3.350583553314209,3.347778797149658,0.07436659878918103,0.7115945219993591,0.6985580325126648,0.03130926191806793,0.6742549538612366,0.6751645803451538,0.6792698502540588,0.6838609576225281,0.6985580325126648,0.7474179267883301,0.7527967095375061,0.7613165378570557,0.7613165378570557
47670,-0.7115945219993591,3.3580994606018066,3.355328321456909,0.07638588015522275,0.7115945219993591,0.6985580325126648,0.03130926191806793,0.6742549538612366,0.6751645803451538,0.6792698502540588,0.6838609576225281,0.6985580325126648,0.7474179267883301,0.7527967095375061,0.7613165378570557,0.7613165378570557
47705,-0.7115945219993591,3.36232590675354,3.359565496444702,0.0774971257363047,0.7115945219993591,0.6985580325126648,0.03130926191806793,0.6742549538612366,0.6751645803451538,0.6792698502540588,0.6838609576225281,0.6985580325126648,0.7474179267883301,0.7527967095375061,0.7613165378570557,0.7613165378570557
47740,-0.7115945219993591,3.361172676086426,3.3584210872650146,0.07263603806495667,0.7115945219993591,0.6985580325126648,0.03130926191806793,0.6742549538612366,0.6751645803451538,0.6792698502540588,0.6838609576225281,0.6985580325126648,0.7474179267883301,0.7527967095375061,0.7613165378570557,0.7613165378570557
47775,-0.7115945219993591,3.3649957180023193,3.3622546195983887,0.06934573235256332,0.7115945219993591,0.6985580325126648,0.03130926191806793,0.6742549538612366,0.6751645803451538,0.6792698502540588,0.6838609576225281,0.6985580325126648,0.7474179267883301,0.7527967095375061,0.7613165378570557,0.7613165378570557
47810,-0.7115945219993591,3.371441602706909,3.3687050342559814,0.06874396279454231,0.7115945219993591,0.6985580325126648,0.03130926191806793,0.6742549538612366,0.6751645803451538,0.6792698502540588,0.6838609576225281,0.6985580325126648,0.7474179267883301,0.7527967095375061,0.7613165378570557,0.7613165378570557
47845,-0.7115945219993591,3.3788022994995117,3.376081943511963,0.0738546938768455,0.7115945219993591,0.6985580325126648,0.03130926191806793,0.6742549538612366,0.6751645803451538,0.6792698502540588,0.6838609576225281,0.6985580325126648,0.7474179267883301,0.7527967095375061,0.7613165378570557,0.7613165378570557
47880,-0.7115945219993591,3.3918068408966064,3.3890926837921143,0.06981926571045603,0.7115945219993591,0.6985580325126648,0.03130926191806793,0.6742549538612366,0.6751645803451538,0.6792698502540588,0.6838609576225281,0.6985580325126648,0.7474179267883301,0.7527967095375061,0.7613165378570557,0.7613165378570557
47915,-0.7115945219993591,3.3924598693847656,3.3897528648376465,0.06497149116226605,0.7115945219993591,0.6985580325126648,0.03130926191806793,0.6742549538612366,0.6751645803451538,0.6792698502540588,0.6838609576225281,0.6985580325126648,0.7474179267883301,0.7527967095375061,0.7613165378570557,0.7613165378570557
47950,-0.7115945219993591,3.389784812927246,3.3870770931243896,0.06890457549265452,0.7115945219993591,0.6985580325126648,0.03130926191806793,0.6742549538612366,0.6751645803451538,0.6792698502540588,0.6838609576225281,0.6985580325126648,0.7474179267883301,0.7527967095375061,0.7613165378570557,0.7613165378570557
47985,-0.7115945219993591,3.3864057064056396,3.383676052093506,0.06679558115346092,0.7115945219993591,0.6985580325126648,0.03130926191806793,0.6742549538612366,0.6751645803451538,0.6792698502540588,0.6838609576225281,0.6985580325126648,0.7474179267883301,0.7527967095375061,0.7613165378570557,0.7613165378570557
48020,-0.7115945219993591,3.3956985473632812,3.3928325176239014,0.07087353829826627,0.7115945219993591,0.6985580325126648,0.03130926191806793,0.6742549538612366,0.6751645803451538,0.6792698502540588,0.6838609576225281,0.6985580325126648,0.7474179267883301,0.7527967095375061,0.7613165378570557,0.7613165378570557
48055,-0.7115945219993591,3.400953531265259,3.398282766342163,0.06601526481764657,0.7115945219993591,0.6985580325126648,0.03130926191806793,0.6742549538612366,0.6751645803451538,0.6792698502540588,0.6838609576225281,0.6985580325126648,0.7474179267883301,0.7527967095375061,0.7613165378570557,0.7613165378570557
48090,-0.7115945219993591,3.40144681930542,3.3987863063812256,0.06798145973256656,0.7115945219993591,0.6985580325126648,0.03130926191806793,0.6742549538612366,0.6751645803451538,0.6792698502540588,0.6838609576225281,0.6985580325126648,0.7474179267883301,0.7527967095375061,0.7613165378570557,0.7613165378570557
48125,-0.7115945219993591,3.4124794006347656,3.409855842590332,0.06982301973870822,0.7115945219993591,0.6985580325126648,0.03130926191806793,0.6742549538612366,0.6751645803451538,0.6792698502540588,0.6838609576225281,0.6985580325126648,0.7474179267883301,0.7527967095375061,0.7613165378570557,0.7613165378570557
48160,-0.7115945219993591,3.4220948219299316,3.4194791316986084,0.06998172029852867,0.7115945219993591,0.6985580325126648,0.03130926191806793,0.6742549538612366,0.6751645803451538,0.6792698502540588,0.6838609576225281,0.6985580325126648,0.7474179267883301,0.7527967095375061,0.7613165378570557,0.7613165378570557
48195,-0.7115945219993591,3.4234390258789062,3.4208171367645264,0.06718385751758303,0.7115945219993591,0.6985580325126648,0.03130926191806793,0.6742549538612366,0.6751645803451538,0.6792698502540588,0.6838609576225281,0.6985580325126648,0.7474179267883301,0.7527967095375061,0.7613165378570557,0.7613165378570557
48230,-0.7115945219993591,3.4228172302246094,3.4201934337615967,0.0690224968961307,0.7115945219993591,0.6985580325126648,0.03130926191806793,0.6742549538612366,0.6751645803451538,0.6792698502540588,0.6838609576225281,0.6985580325126648,0.7474179267883301,0.7527967095375061,0.7613165378570557,0.7613165378570557
48265,-0.7115945219993591,3.4260494709014893,3.423426389694214,0.07318800687789917,0.7115945219993591,0.6985580325126648,0.03130926191806793,0.6742549538612366,0.6751645803451538,0.6792698502540588,0.6838609576225281,0.6985580325126648,0.7474179267883301,0.7527967095375061,0.7613165378570557,0.7613165378570557
48300,-0.7115945219993591,3.4321649074554443,3.429588794708252,0.06876390746661595,0.7115945219993591,0.6985580325126648,0.03130926191806793,0.6742549538612366,0.6751645803451538,0.6792698502540588,0.6838609576225281,0.6985580325126648,0.7474179267883301,0.7527967095375061,0.7613165378570557,0.7613165378570557
48335,-0.7115945219993591,3.4375510215759277,3.4349794387817383,0.0685218551329204,0.7115945219993591,0.6985580325126648,0.03130926191806793,0.6742549538612366,0.6751645803451538,0.6792698502540588,0.6838609576225281,0.6985580325126648,0.7474179267883301,0.7527967095375061,0.7613165378570557,0.7613165378570557
48370,-0.7115945219993591,3.4391775131225586,3.436638355255127,0.06893861187355858,0.7115945219993591,0.6985580325126648,0.03130926191806793,0.6742549538612366,0.6751645803451538,0.6792698502540588,0.6838609576225281,0.6985580325126648,0.7474179267883301,0.7527967095375061,0.7613165378570557,0.7613165378570557
48405,-0.7115945219993591,3.439023733139038,3.436473846435547,0.06896095243947846,0.7115945219993591,0.6985580325126648,0.03130926191806793,0.6742549538612366,0.6751645803451538,0.6792698502540588,0.6838609576225281,0.6985580325126648,0.7474179267883301,0.7527967095375061,0.7613165378570557,0.7613165378570557
48440,-0.7115945219993591,3.4410157203674316,3.4385061264038086,0.0686030765729291,0.7115945219993591,0.6985580325126648,0.03130926191806793,0.6742549538612366,0.6751645803451538,0.6792698502540588,0.6838609576225281,0.6985580325126648,0.7474179267883301,0.7527967095375061,0.7613165378570557,0.7613165378570557
48475,-0.7115945219993591,3.4529800415039062,3.4504761695861816,0.07340742434774127,0.7115945219993591,0.6985580325126648,0.03130926191806793,0.6742549538612366,0.6751645803451538,0.6792698502540588,0.6838609576225281,0.6985580325126648,0.7474179267883301,0.7527967095375061,0.7613165378570557,0.7613165378570557
48510,-0.7115945219993591,3.4509546756744385,3.448458671569824,0.0713310284273965,0.7115945219993591,0.6985580325126648,0.03130926191806793,0.6742549538612366,0.6751645803451538,0.6792698502540588,0.6838609576225281,0.6985580325126648,0.7474179267883301,0.7527967095375061,0.7613165378570557,0.7613165378570557
48545,-0.7115945219993591,3.450165271759033,3.44767689704895,0.06833107184086527,0.7115945219993591,0.6985580325126648,0.03130926191806793,0.6742549538612366,0.6751645803451538,0.6792698502540588,0.6838609576225281,0.6985580325126648,0.7474179267883301,0.7527967095375061,0.7613165378570557,0.7613165378570557
48580,-0.7115945219993591,3.4511823654174805,3.4487180709838867,0.06571380687611443,0.7115945219993591,0.6985580325126648,0.03130926191806793,0.6742549538612366,0.6751645803451538,0.6792698502540588,0.6838609576225281,0.6985580325126648,0.7474179267883301,0.7527967095375061,0.7613165378570557,0.7613165378570557
48615,-0.7115945219993591,3.4494669437408447,3.4470109939575195,0.06439710248793874,0.7115945219993591,0.6985580325126648,0.03130926191806793,0.6742549538612366,0.6751645803451538,0.6792698502540588,0.6838609576225281,0.6985580325126648,0.7474179267883301,0.7527967095375061,0.7613165378570557,0.7613165378570557
48650,-0.7115945219993591,3.4546186923980713,3.452176570892334,0.06868365726300649,0.7115945219993591,0.6985580325126648,0.03130926191806793,0.6742549538612366,0.6751645803451538,0.6792698502540588,0.6838609576225281,0.6985580325126648,0.7474179267883301,0.7527967095375061,0.7613165378570557,0.7613165378570557
48685,-0.7115945219993591,3.4603588581085205,3.4579250812530518,0.06695568561553955,0.7115945219993591,0.6985580325126648,0.03130926191806793,0.6742549538612366,0.6751645803451538,0.6792698502540588,0.6838609576225281,0.6985580325126648,0.7474179267883301,0.7527967095375061,0.7613165378570557,0.7613165378570557
48720,-0.7115945219993591,3.462473154067993,3.460047483444214,0.0647675474839551,0.7115945219993591,0.6985580325126648,0.03130926191806793,0.6742549538612366,0.6751645803451538,0.6792698502540588,0.6838609576225281,0.6985580325126648,0.7474179267883301,0.7527967095375061,0.7613165378570557,0.7613165378570557
48755,-0.7115945219993591,3.4621710777282715,3.459745168685913,0.06745275695409093,0.7115945219993591,0.6985580325126648,0.03130926191806793,0.6742549538612366,0.6751645803451538,0.6792698502540588,0.6838609576225281,0.6985580325126648,0.7474179267883301,0.7527967095375061,0.7613165378570557,0.7613165378570557
48790,-0.7115945219993591,3.459596633911133,3.457179546356201,0.06810657041413444,0.7115945219993591,0.6985580325126648,0.03130926191806793,0.6742549538612366,0.6751645803451538,0.6792698502540588,0.6838609576225281,0.6985580325126648,0.7474179267883301,0.7527967095375061,0.7613165378570557,0.7613165378570557
48825,-0.7115945219993591,3.466078281402588,3.4636499881744385,0.06871207324521882,0.7115945219993591,0.6985580325126648,0.03130926191806793,0.6742549538612366,0.6751645803451538,0.6792698502540588,0.6838609576225281,0.6985580325126648,0.7474179267883301,0.7527967095375061,0.7613165378570557,0.7613165378570557
48860,-0.7115945219993591,3.4647741317749023,3.462371826171875,0.06807970042739596,0.7115945219993591,0.6985580325126648,0.03130926191806793,0.6742549538612366,0.6751645803451538,0.6792698502540588,0.6838609576225281,0.6985580325126648,0.7474179267883301,0.7527967095375061,0.7613165378570557,0.7613165378570557
48895,-0.7115945219993591,3.476792573928833,3.47440242767334,0.06681615965706962,0.7115945219993591,0.6985580325126648,0.03130926191806793,0.6742549538612366,0.6751645803451538,0.6792698502540588,0.6838609576225281,0.6985580325126648,0.7474179267883301,0.7527967095375061,0.7613165378570557,0.7613165378570557
48930,-0.7115945219993591,3.473971128463745,3.471583366394043,0.06803870254329272,0.7115945219993591,0.6985580325126648,0.03130926191806793,0.6742549538612366,0.6751645803451538,0.6792698502540588,0.6838609576225281,0.6985580325126648,0.7474179267883301,0.7527967095375061,0.7613165378570557,0.7613165378570557
48965,-0.7115945219993591,3.4730465412139893,3.470656633377075,0.0695636086165905,0.7115945219993591,0.6985580325126648,0.03130926191806793,0.6742549538612366,0.6751645803451538,0.6792698502540588,0.6838609576225281,0.6985580325126648,0.7474179267883301,0.7527967095375061,0.7613165378570557,0.7613165378570557
49000,-0.7115945219993591,3.472532033920288,3.47013783454895,0.06852606471095767,0.7115945219993591,0.6985580325126648,0.03130926191806793,0.6742549538612366,0.6751645803451538,0.6792698502540588,0.6838609576225281,0.6985580325126648,0.7474179267883301,0.7527967095375061,0.7613165378570557,0.7613165378570557
49035,-0.7115945219993591,3.476250410079956,3.473869800567627,0.06889607065490314,0.7115945219993591,0.6985580325126648,0.03130926191806793,0.6742549538612366,0.6751645803451538,0.6792698502540588,0.6838609576225281,0.6985580325126648,0.7474179267883301,0.7527967095375061,0.7613165378570557,0.7613165378570557
49070,-0.7115945219993591,3.4748306274414062,3.4724535942077637,0.06539542866604668,0.7115945219993591,0.6985580325126648,0.03130926191806793,0.6742549538612366,0.6751645803451538,0.6792698502540588,0.6838609576225281,0.6985580325126648,0.7474179267883301,0.7527967095375061,0.7613165378570557,0.7613165378570557
49105,-0.7115945219993591,3.4760899543762207,3.473719358444214,0.06616533281547683,0.7115945219993591,0.6985580325126648,0.03130926191806793,0.6742549538612366,0.6751645803451538,0.6792698502540588,0.6838609576225281,0.6985580325126648,0.7474179267883301,0.7527967095375061,0.7613165378570557,0.7613165378570557
49140,-0.7115945219993591,3.475944995880127,3.473579168319702,0.06868296648774828,0.7115945219993591,0.6985580325126648,0.03130926191806793,0.6742549538612366,0.6751645803451538,0.6792698502540588,0.6838609576225281,0.6985580325126648,0.7474179267883301,0.7527967095375061,0.7613165378570557,0.7613165378570557
49175,-0.7115945219993591,3.4831533432006836,3.4808146953582764,0.06697945083890643,0.7115945219993591,0.6985580325126648,0.03130926191806793,0.6742549538612366,0.6751645803451538,0.6792698502540588,0.6838609576225281,0.6985580325126648,0.7474179267883301,0.7527967095375061,0.7613165378570557,0.7613165378570557
49210,-0.7115945219993591,3.4901816844940186,3.4878461360931396,0.06631249295813697,0.7115945219993591,0.6985580325126648,0.03130926191806793,0.6742549538612366,0.6751645803451538,0.6792698502540588,0.6838609576225281,0.6985580325126648,0.7474179267883301,0.7527967095375061,0.7613165378570557,0.7613165378570557
49245,-0.7115945219993591,3.490699052810669,3.488368511199951,0.06363991488303457,0.7115945219993591,0.6985580325126648,0.03130926191806793,0.6742549538612366,0.6751645803451538,0.6792698502540588,0.6838609576225281,0.6985580325126648,0.7474179267883301,0.7527967095375061,0.7613165378570557,0.7613165378570557
49280,-0.7115945219993591,3.4912710189819336,3.488938570022583,0.06748044277940478,0.7115945219993591,0.6985580325126648,0.03130926191806793,0.6742549538612366,0.6751645803451538,0.6792698502540588,0.6838609576225281,0.6985580325126648,0.7474179267883301,0.7527967095375061,0.7613165378570557,0.7613165378570557
49315,-0.7115945219993591,3.4934349060058594,3.4911231994628906,0.06281017352427755,0.7115945219993591,0.6985580325126648,0.03130926191806793,0.6742549538612366,0.6751645803451538,0.6792698502540588,0.6838609576225281,0.6985580325126648,0.7474179267883301,0.7527967095375061,0.7613165378570557,0.7613165378570557
49350,-0.7115945219993591,3.5012502670288086,3.4989192485809326,0.06524854685579028,0.7115945219993591,0.6985580325126648,0.03130926191806793,0.6742549538612366,0.6751645803451538,0.6792698502540588,0.6838609576225281,0.6985580325126648,0.7474179267883301,0.7527967095375061,0.7613165378570557,0.7613165378570557
49385,-0.7115945219993591,3.507387161254883,3.5050947666168213,0.06393330703888621,0.7115945219993591,0.6985580325126648,0.03130926191806793,0.6742549538612366,0.6751645803451538,0.6792698502540588,0.6838609576225281,0.6985580325126648,0.7474179267883301,0.7527967095375061,0.7613165378570557,0.7613165378570557
49420,-0.7115945219993591,3.5137922763824463,3.511509656906128,0.06369223711746079,0.7115945219993591,0.6985580325126648,0.03130926191806793,0.6742549538612366,0.6751645803451538,0.6792698502540588,0.6838609576225281,0.6985580325126648,0.7474179267883301,0.7527967095375061,0.7613165378570557,0.7613165378570557
49455,-0.7115945219993591,3.517638921737671,3.515350818634033,0.06543220898934773,0.7115945219993591,0.6985580325126648,0.03130926191806793,0.6742549538612366,0.6751645803451538,0.6792698502540588,0.6838609576225281,0.6985580325126648,0.7474179267883301,0.7527967095375061,0.7613165378570557,0.7613165378570557
49490,-0.7115945219993591,3.5215225219726562,3.519252300262451,0.06488268237028803,0.7115945219993591,0.6985580325126648,0.03130926191806793,0.6742549538612366,0.6751645803451538,0.6792698502540588,0.6838609576225281,0.6985580325126648,0.7474179267883301,0.7527967095375061,0.7613165378570557,0.7613165378570557
49525,-0.7115945219993591,3.52325701713562,3.5209922790527344,0.06315593315022332,0.7115945219993591,0.6985580325126648,0.03130926191806793,0.6742549538612366,0.6751645803451538,0.6792698502540588,0.6838609576225281,0.6985580325126648,0.7474179267883301,0.7527967095375061,0.7613165378570557,0.7613165378570557
49560,-0.7115945219993591,3.523881196975708,3.5216314792633057,0.06258725534592356,0.7115945219993591,0.6985580325126648,0.03130926191806793,0.6742549538612366,0.6751645803451538,0.6792698502540588,0.6838609576225281,0.6985580325126648,0.7474179267883301,0.7527967095375061,0.7613165378570557,0.7613165378570557
49595,-0.7115945219993591,3.522808074951172,3.520564556121826,0.06300117554409164,0.7115945219993591,0.6985580325126648,0.03130926191806793,0.6742549538612366,0.6751645803451538,0.6792698502540588,0.6838609576225281,0.6985580325126648,0.7474179267883301,0.7527967095375061,0.7613165378570557,0.7613165378570557
49630,-0.7115945219993591,3.5270819664001465,3.524843454360962,0.06065510532685688,0.7115945219993591,0.6985580325126648,0.03130926191806793,0.6742549538612366,0.6751645803451538,0.6792698502540588,0.6838609576225281,0.6985580325126648,0.7474179267883301,0.7527967095375061,0.7613165378570557,0.7613165378570557
49665,-0.7115945219993591,3.5307235717773438,3.5284903049468994,0.06328042383704867,0.7115945219993591,0.6985580325126648,0.03130926191806793,0.6742549538612366,0.6751645803451538,0.6792698502540588,0.6838609576225281,0.6985580325126648,0.7474179267883301,0.7527967095375061,0.7613165378570557,0.7613165378570557
49700,-0.7115945219993591,3.5359365940093994,3.5337066650390625,0.06069505161472729,0.7115945219993591,0.6985580325126648,0.03130926191806793,0.6742549538612366,0.6751645803451538,0.6792698502540588,0.6838609576225281,0.6985580325126648,0.7474179267883301,0.7527967095375061,0.7613165378570557,0.7613165378570557
49735,-0.7115945219993591,3.539222002029419,3.5369927883148193,0.06450828324471201,0.7115945219993591,0.6985580325126648,0.03130926191806793,0.6742549538612366,0.6751645803451538,0.6792698502540588,0.6838609576225281,0.6985580325126648,0.7474179267883301,0.7527967095375061,0.7613165378570557,0.7613165378570557
49770,-0.7115945219993591,3.5378096103668213,3.535526990890503,0.06413777225783893,0.7115945219993591,0.6985580325126648,0.03130926191806793,0.6742549538612366,0.6751645803451538,0.6792698502540588,0.6838609576225281,0.6985580325126648,0.7474179267883301,0.7527967095375061,0.7613165378570557,0.7613165378570557
49805,-0.7115945219993591,3.5368521213531494,3.5346548557281494,0.062406176435095925,0.7115945219993591,0.6985580325126648,0.03130926191806793,0.6742549538612366,0.6751645803451538,0.6792698502540588,0.6838609576225281,0.6985580325126648,0.7474179267883301,0.7527967095375061,0.7613165378570557,0.7613165378570557
49840,-0.7115945219993591,3.535099744796753,3.532909631729126,0.06009579503110477,0.7115945219993591,0.6985580325126648,0.03130926191806793,0.6742549538612366,0.6751645803451538,0.6792698502540588,0.6838609576225281,0.6985580325126648,0.7474179267883301,0.7527967095375061,0.7613165378570557,0.7613165378570557
49875,-0.7115945219993591,3.5366735458374023,3.534486770629883,0.06152967044285366,0.7115945219993591,0.6985580325126648,0.03130926191806793,0.6742549538612366,0.6751645803451538,0.6792698502540588,0.6838609576225281,0.6985580325126648,0.7474179267883301,0.7527967095375061,0.7613165378570557,0.7613165378570557
49910,-0.7115945219993591,3.5346267223358154,3.53244686126709,0.061188267810004096,0.7115945219993591,0.6985580325126648,0.03130926191806793,0.6742549538612366,0.6751645803451538,0.6792698502540588,0.6838609576225281,0.6985580325126648,0.7474179267883301,0.7527967095375061,0.7613165378570557,0.7613165378570557
49945,-0.7115945219993591,3.536561965942383,3.5343902111053467,0.06415655304278646,0.7115945219993591,0.6985580325126648,0.03130926191806793,0.6742549538612366,0.6751645803451538,0.6792698502540588,0.6838609576225281,0.6985580325126648,0.7474179267883301,0.7527967095375061,0.7613165378570557,0.7613165378570557
49980,-0.7115945219993591,3.544281005859375,3.54211688041687,0.06515925750136375,0.7115945219993591,0.6985580325126648,0.03130926191806793,0.6742549538612366,0.6751645803451538,0.6792698502540588,0.6838609576225281,0.6985580325126648,0.7474179267883301,0.7527967095375061,0.7613165378570557,0.7613165378570557
