step,best_fitness,avg_hamming,avg_l1,avg_entropy,mean,median,std,2%,5%,10%,25%,50%,75%,90%,95%,98%
32,-243.1999969482422,63.9116325378418,4.809619426727295,88.34739685058594,-243.1999969482422,-237.0,61.01163864135742,-388.3600158691406,-344.20001220703125,-307.8999938964844,-277.5,-237.0,-205.0,-173.30001831054688,-149.95001220703125,-131.97999572753906
64,-280.8800048828125,63.847164154052734,5.479100227355957,88.1951789855957,-280.8800048828125,-273.0,53.88177490234375,-399.1400146484375,-387.04998779296875,-349.3999938964844,-309.25,-273.0,-246.75,-218.89999389648438,-207.95001220703125,-195.9399871826172
96,-296.4599914550781,63.79167938232422,6.0438666343688965,88.05667304992676,-296.4599914550781,-289.0,47.73770523071289,-399.1400146484375,-387.04998779296875,-362.0,-327.25,-289.0,-266.75,-246.60000610351562,-230.85000610351562,-219.97999572753906
128,-303.5799865722656,63.738853454589844,6.473546504974365,87.93461418151855,-303.5799865722656,-301.5,47.546226501464844,-399.1400146484375,-387.04998779296875,-362.0,-337.25,-301.5,-268.75,-248.0,-235.75003051757812,-227.81996154785156
160,-313.7799987792969,63.685577392578125,6.875436305999756,87.81156158447266,-313.7799987792969,-309.5,42.70095443725586,-399.1400146484375,-388.1000061035156,-364.1000061035156,-340.5,-309.5,-280.5,-267.8999938964844,-256.8500061035156,-243.97999572753906
192,-320.03997802734375,63.639434814453125,7.242221355438232,87.69915199279785,-320.0400085449219,-314.0,43.73349380493164,-406.1600036621094,-399.0,-387.1000061035156,-347.25,-314.0,-288.5,-269.8999938964844,-260.9000244140625,-253.8999786376953
224,-324.3599853515625,63.5892448425293,7.579585075378418,87.58468437194824,-324.3599853515625,-323.0,43.07029724121094,-406.1600036621094,-399.0,-387.1000061035156,-350.0,-323.0,-294.5,-272.0,-266.9000244140625,-258.97998046875
256,-331.29998779296875,63.53110885620117,7.8770976066589355,87.46720504760742,-331.29998779296875,-329.0,43.86764144897461,-421.0799865722656,-402.20001220703125,-388.20001220703125,-362.0,-329.0,-299.75,-273.79998779296875,-268.9000244140625,-259.0
288,-337.6199951171875,63.478328704833984,8.179701805114746,87.35060501098633,-337.6199951171875,-332.0,44.87443923950195,-433.4599914550781,-414.3500061035156,-399.0,-364.0,-332.0,-304.75,-278.8999938964844,-269.0,-264.8799743652344
320,-342.3399963378906,63.43207931518555,8.479253768920898,87.23799514770508,-342.3399963378906,-339.5,44.6419563293457,-433.4599914550781,-421.20001220703125,-399.1000061035156,-368.25,-339.5,-310.5,-287.3000183105469,-272.9000244140625,-266.9599914550781
352,-346.7599792480469,63.37844467163086,8.78924560546875,87.11715698242188,-346.760009765625,-342.5,48.88028335571289,-456.58001708984375,-425.3500061035156,-406.79998779296875,-374.0,-342.5,-311.75,-287.3000183105469,-272.9000244140625,-266.9599914550781
384,-349.1999816894531,63.32167053222656,9.058456420898438,86.99787712097168,-349.20001220703125,-343.5,48.17779541015625,-456.58001708984375,-425.3500061035156,-414.3999938964844,-380.5,-343.5,-315.0,-293.8999938964844,-278.9000244140625,-268.91998291015625
416,-354.03997802734375,63.26731491088867,9.31479263305664,86.8811092376709,-354.0400085449219,-349.5,49.475830078125,-485.6400146484375,-432.04998779296875,-414.3999938964844,-380.5,-349.5,-325.25,-297.70001220703125,-288.7500305175781,-268.91998291015625
448,-356.7599792480469,63.21259689331055,9.55628490447998,86.76381301879883,-356.760009765625,-350.0,47.54873275756836,-485.6400146484375,-432.04998779296875,-414.3999938964844,-383.5,-350.0,-326.0,-299.0,-294.95001220703125,-289.0
480,-359.67999267578125,63.155517578125,9.807906150817871,86.63952255249023,-359.67999267578125,-354.0,47.12406921386719,-485.6400146484375,-432.04998779296875,-418.29998779296875,-385.25,-354.0,-326.0,-302.70001220703125,-295.0,-289.0
512,-361.9599914550781,63.089073181152344,10.037069320678711,86.51416778564453,-361.9599914550781,-359.0,47.00785446166992,-485.6400146484375,-433.04998779296875,-421.29998779296875,-386.25,-359.0,-326.75,-304.8999938964844,-295.0,-289.0
544,-363.1000061035156,63.02642059326172,10.256370544433594,86.39297866821289,-363.1000061035156,-359.5,47.060916900634766,-497.3999938964844,-433.04998779296875,-421.29998779296875,-386.25,-359.5,-326.75,-309.5,-296.9000244140625,-289.0
576,-364.739990234375,62.95896530151367,10.461645126342773,86.26871871948242,-364.739990234375,-359.5,47.9694938659668,-497.3999938964844,-435.1000061035156,-425.1000061035156,-387.25,-359.5,-327.0,-310.8999938964844,-298.8000183105469,-289.0
608,-368.0199890136719,62.89629364013672,10.667277336120605,86.14729118347168,-368.0199890136719,-364.5,46.60836410522461,-497.3999938964844,-435.1000061035156,-425.1000061035156,-390.5,-364.5,-330.5,-317.6000061035156,-302.8000183105469,-289.0
640,-375.8199768066406,62.823726654052734,10.894866943359375,86.00835800170898,-375.82000732421875,-372.0,49.583335876464844,-517.3400268554688,-462.0,-429.29998779296875,-399.25,-372.0,-346.5,-319.8999938964844,-313.9000244140625,-302.7199401855469
672,-378.7799987792969,62.752769470214844,11.108668327331543,85.87265014648438,-378.7799987792969,-373.0,49.47091293334961,-517.3400268554688,-462.0,-432.1000061035156,-404.5,-373.0,-347.75,-322.79998779296875,-316.8500061035156,-302.7199401855469
704,-380.1399841308594,62.67536926269531,11.321130752563477,85.73003959655762,-380.1400146484375,-374.5,49.07994079589844,-517.3400268554688,-462.0,-432.1000061035156,-407.0,-374.5,-348.0,-322.79998779296875,-318.9000244140625,-304.679931640625
736,-381.5199890136719,62.58121871948242,11.495450973510742,85.57608222961426,-381.5199890136719,-375.0,48.72114181518555,-517.3400268554688,-462.0,-432.1000061035156,-410.25,-375.0,-351.5,-322.79998779296875,-318.9000244140625,-304.679931640625
768,-387.53997802734375,62.50520324707031,11.689364433288574,85.43737411499023,-387.5400085449219,-379.5,49.317832946777344,-517.3400268554688,-481.79998779296875,-435.3999938964844,-416.5,-379.5,-358.75,-326.6000061035156,-320.0,-304.679931640625
800,-388.8999938964844,62.41984176635742,11.882368087768555,85.28474998474121,-388.8999938964844,-381.0,48.11455154418945,-517.3400268554688,-481.79998779296875,-435.3999938964844,-416.5,-381.0,-359.0,-330.6000061035156,-320.95001220703125,-316.75994873046875
832,-391.2200012207031,62.33190155029297,12.086902618408203,85.12577056884766,-391.2200012207031,-382.5,47.80012130737305,-517.3400268554688,-481.79998779296875,-448.6999816894531,-420.25,-382.5,-362.75,-331.8999938964844,-321.0,-319.94000244140625
864,-395.1000061035156,62.241851806640625,12.27442741394043,84.96644020080566,-395.1000061035156,-386.0,45.63299560546875,-517.3400268554688,-487.5,-455.1000061035156,-421.25,-386.0,-366.25,-347.8999938964844,-331.95001220703125,-322.9599914550781
896,-396.44000244140625,62.135528564453125,12.452410697937012,84.79128456115723,-396.44000244140625,-386.5,45.53093719482422,-517.3400268554688,-487.5,-455.1000061035156,-424.0,-386.5,-366.25,-348.0,-334.8000183105469,-322.9599914550781
928,-401.1000061035156,62.03936004638672,12.631193161010742,84.62575721740723,-401.1000061035156,-393.0,50.81663131713867,-534.4000244140625,-497.20001220703125,-460.1000061035156,-424.0,-393.0,-367.75,-349.8999938964844,-334.8000183105469,-322.9599914550781
960,-403.5199890136719,61.93633270263672,12.818649291992188,84.45001220703125,-403.5199890136719,-398.0,51.7326774597168,-534.4000244140625,-501.20001220703125,-461.20001220703125,-425.25,-398.0,-368.0,-351.79998779296875,-334.8000183105469,-322.9599914550781
992,-406.03997802734375,61.809547424316406,12.995387077331543,84.25262069702148,-406.0400085449219,-401.0,51.189239501953125,-534.4000244140625,-501.20001220703125,-461.20001220703125,-426.75,-401.0,-369.5,-357.8999938964844,-347.15008544921875,-322.9599914550781
1024,-409.4599914550781,61.684417724609375,13.163954734802246,84.05387115478516,-409.4599914550781,-404.5,52.136436462402344,-534.4000244140625,-505.5,-481.5,-432.0,-404.5,-372.0,-358.8999938964844,-348.0,-322.9599914550781
1056,-413.2200012207031,61.53977966308594,13.344770431518555,83.82746505737305,-413.2200012207031,-407.0,53.47496032714844,-554.02001953125,-515.0999755859375,-486.1000061035156,-434.25,-407.0,-373.0,-359.0,-351.8000183105469,-326.91998291015625
1088,-417.0799865722656,61.40217208862305,13.516100883483887,83.60898208618164,-417.0799865722656,-412.0,54.67369842529297,-554.02001953125,-517.8499755859375,-488.0,-436.25,-412.0,-376.5,-362.79998779296875,-352.95001220703125,-326.91998291015625
1120,-418.94000244140625,61.258331298828125,13.691039085388184,83.38911819458008,-418.94000244140625,-412.0,54.597591400146484,-554.02001953125,-517.8499755859375,-488.0,-444.75,-412.0,-376.5,-362.79998779296875,-353.0,-326.91998291015625
1152,-422.1199951171875,61.113555908203125,13.890829086303711,83.15309143066406,-422.1199951171875,-414.5,56.37451171875,-554.02001953125,-534.9000244140625,-497.79998779296875,-450.0,-414.5,-378.75,-362.79998779296875,-353.0,-326.91998291015625
1184,-427.5999755859375,60.96460723876953,14.055834770202637,82.91989135742188,-427.6000061035156,-419.5,54.23780822753906,-554.02001953125,-534.9000244140625,-500.5,-451.25,-419.5,-390.25,-371.8999938964844,-362.50006103515625,-340.7199401855469
1216,-430.94000244140625,60.795387268066406,14.24011516571045,82.65462493896484,-430.94000244140625,-423.0,52.3348503112793,-554.02001953125,-534.9000244140625,-500.5,-455.25,-423.0,-394.25,-373.0,-369.9000244140625,-352.97998046875
1248,-434.7599792480469,60.6099967956543,14.405814170837402,82.37782859802246,-434.760009765625,-423.5,55.56295394897461,-555.7999877929688,-552.0499877929688,-515.5999755859375,-461.5,-423.5,-397.5,-373.0,-369.9000244140625,-352.97998046875
1280,-439.55999755859375,60.426788330078125,14.569209098815918,82.09764289855957,-439.55999755859375,-425.5,57.29839324951172,-580.2999877929688,-553.0499877929688,-523.0,-466.0,-425.5,-400.75,-375.0,-369.9000244140625,-352.97998046875
1312,-443.7799987792969,60.235897064208984,14.703910827636719,81.8206672668457,-443.7799987792969,-432.0,58.959068298339844,-580.2999877929688,-553.0499877929688,-532.2000122070312,-475.75,-432.0,-402.0,-375.0,-369.9000244140625,-352.97998046875
1344,-445.67999267578125,60.06414031982422,14.903925895690918,81.54043388366699,-445.67999267578125,-433.5,59.02268600463867,-580.2999877929688,-553.0499877929688,-532.2000122070312,-478.75,-433.5,-402.75,-377.70001220703125,-372.95001220703125,-352.97998046875
1376,-453.0199890136719,59.8759880065918,15.061739921569824,81.25007057189941,-453.0199890136719,-443.0,61.36464309692383,-580.2999877929688,-554.4500122070312,-550.2000122070312,-496.25,-443.0,-407.5,-379.79998779296875,-373.95001220703125,-371.61993408203125
1408,-456.29998779296875,59.67545700073242,15.231267929077148,80.94861602783203,-456.29998779296875,-448.0,60.634071350097656,-582.260009765625,-563.5499877929688,-552.0,-500.0,-448.0,-409.75,-387.0,-375.0,-372.97998046875
1440,-462.41998291015625,59.467430114746094,15.363672256469727,80.64113998413086,-462.4200134277344,-449.5,64.80095672607422,-620.2000122070312,-580.0999755859375,-556.7000122070312,-502.0,-449.5,-417.0,-387.8999938964844,-377.8500061035156,-372.97998046875
1472,-468.0799865722656,59.25788879394531,15.520567893981934,80.32527542114258,-468.0799865722656,-451.5,66.26925659179688,-630.0399780273438,-582.6500244140625,-565.0,-510.5,-451.5,-424.0,-399.5,-379.9000244140625,-372.97998046875
1504,-476.3199768066406,59.05323791503906,15.684435844421387,80.0097484588623,-476.32000732421875,-456.0,67.97998046875,-630.0399780273438,-596.1499633789062,-574.5999755859375,-518.0,-456.0,-426.75,-399.5,-385.95001220703125,-372.97998046875
1536,-480.5,58.840423583984375,15.827720642089844,79.6878890991211,-480.5,-462.5,68.37784576416016,-630.0399780273438,-600.9000244140625,-580.0999755859375,-523.25,-462.5,-429.75,-399.5,-386.9000244140625,-372.97998046875
1568,-486.8399963378906,58.642555236816406,15.978235244750977,79.37676620483398,-486.8399963378906,-482.5,70.48570251464844,-630.0399780273438,-612.2999877929688,-582.4000244140625,-544.75,-482.5,-431.5,-400.0,-386.9000244140625,-372.97998046875
1600,-490.7599792480469,58.42333221435547,16.134780883789062,79.03569602966309,-490.760009765625,-487.0,71.19495391845703,-632.52001953125,-618.0999755859375,-588.2999877929688,-544.75,-487.0,-433.5,-402.79998779296875,-393.6500244140625,-372.97998046875
1632,-493.29998779296875,58.187896728515625,16.29623794555664,78.67567253112793,-493.29998779296875,-487.0,71.92475891113281,-640.3599853515625,-626.2000122070312,-588.2999877929688,-548.25,-487.0,-434.75,-402.79998779296875,-393.6500244140625,-379.8599853515625
1664,-500.47998046875,57.95568084716797,16.451396942138672,78.31703758239746,-500.4800109863281,-494.5,74.45233154296875,-658.219970703125,-630.0999755859375,-588.2999877929688,-559.0,-494.5,-445.75,-416.3000183105469,-394.60003662109375,-379.8599853515625
1696,-508.2200012207031,57.72383117675781,16.602460861206055,77.95622825622559,-508.2200012207031,-502.0,74.75995635986328,-674.6799926757812,-633.2999877929688,-600.2000122070312,-561.25,-502.0,-451.75,-422.79998779296875,-402.8500061035156,-386.8199462890625
1728,-517.3200073242188,57.47840881347656,16.727622985839844,77.5876579284668,-517.3200073242188,-505.5,74.61097717285156,-674.6799926757812,-646.5999755859375,-614.0,-564.0,-505.5,-455.5,-426.8999938964844,-419.8500061035156,-399.97998046875
1760,-523.1799926757812,57.22502899169922,16.892881393432617,77.19097518920898,-523.1799926757812,-512.0,75.82233428955078,-674.6799926757812,-650.4000244140625,-630.0999755859375,-569.25,-512.0,-459.5,-429.0,-422.8500061035156,-415.679931640625
1792,-530.0999755859375,56.99961471557617,17.034828186035156,76.82621192932129,-530.0999755859375,-520.5,74.91201782226562,-708.4199829101562,-650.4000244140625,-632.5,-570.25,-520.5,-465.75,-442.1000061035156,-425.95001220703125,-419.94000244140625
1824,-537.3999633789062,56.76786804199219,17.187522888183594,76.45586395263672,-537.4000244140625,-533.0,75.9358901977539,-729.02001953125,-658.0,-646.0999755859375,-581.5,-533.0,-473.5,-442.1000061035156,-425.95001220703125,-421.9599914550781
1856,-542.5800170898438,56.53350067138672,17.326387405395508,76.08501052856445,-542.5800170898438,-536.5,77.95026397705078,-730.3200073242188,-658.6500244140625,-647.0999755859375,-596.25,-536.5,-477.75,-444.79998779296875,-425.95001220703125,-421.9599914550781
1888,-548.0999755859375,56.3049430847168,17.474451065063477,75.70997619628906,-548.0999755859375,-542.0,79.54376220703125,-737.1799926757812,-676.9000244140625,-653.0999755859375,-596.25,-542.0,-486.75,-452.3000183105469,-426.95001220703125,-421.9599914550781
1920,-552.2000122070312,56.0545768737793,17.627769470214844,75.30154800415039,-552.2000122070312,-543.0,82.36589813232422,-737.1799926757812,-694.4000244140625,-658.5,-603.5,-543.0,-489.25,-452.3000183105469,-426.95001220703125,-421.9599914550781
1952,-558.7000122070312,55.82940673828125,17.741437911987305,74.94600105285645,-558.7000122070312,-552.5,83.78406524658203,-746.3599853515625,-696.1499633789062,-664.2000122070312,-619.5,-552.5,-500.0,-460.5,-428.8500061035156,-421.9599914550781
1984,-563.7000122070312,55.58171081542969,17.855270385742188,74.5620174407959,-563.7000122070312,-554.5,83.9281234741211,-746.5999755859375,-706.5999755859375,-676.4000244140625,-621.25,-554.5,-506.75,-464.6000061035156,-428.8500061035156,-421.9599914550781
2016,-570.5999755859375,55.331695556640625,18.0213623046875,74.14001655578613,-570.5999755859375,-558.0,83.77600860595703,-746.5999755859375,-706.5999755859375,-676.4000244140625,-627.0,-558.0,-511.5,-467.8999938964844,-444.2000732421875,-423.97998046875
2048,-575.7000122070312,55.108009338378906,18.150840759277344,73.77076721191406,-575.7000122070312,-562.5,81.69755554199219,-776.1199951171875,-717.0499877929688,-676.4000244140625,-627.0,-562.5,-519.5,-475.5,-453.0,-437.75994873046875
2080,-582.6799926757812,54.85363006591797,18.288015365600586,73.35770225524902,-582.6799926757812,-565.5,81.11176300048828,-782.1599731445312,-737.25,-689.4000244140625,-632.5,-565.5,-522.0,-492.5,-467.95001220703125,-452.8399658203125
2112,-585.5,54.61296081542969,18.395915985107422,72.97608375549316,-585.5,-569.0,80.53825378417969,-782.1599731445312,-737.25,-689.4000244140625,-647.5,-569.0,-522.75,-497.70001220703125,-470.8500061035156,-456.75994873046875
2144,-592.0999755859375,54.34783172607422,18.506763458251953,72.55299949645996,-592.0999755859375,-578.5,83.41397094726562,-782.1599731445312,-745.25,-696.5999755859375,-657.0,-578.5,-527.5,-497.70001220703125,-470.8500061035156,-456.75994873046875
2176,-597.2799682617188,54.097564697265625,18.64617156982422,72.13751983642578,-597.280029296875,-582.5,84.54668426513672,-790.219970703125,-750.75,-705.2000122070312,-662.0,-582.5,-536.75,-499.79998779296875,-475.7500305175781,-460.91998291015625
2208,-603.8399658203125,53.85667037963867,18.767227172851562,71.73599052429199,-603.8400268554688,-588.0,83.63919067382812,-790.219970703125,-765.5499877929688,-708.5,-662.25,-588.0,-545.0,-504.5,-475.95001220703125,-460.91998291015625
2240,-608.0199584960938,53.596466064453125,18.8920841217041,71.31316566467285,-608.02001953125,-593.5,82.62916564941406,-790.219970703125,-766.7999877929688,-722.4000244140625,-662.25,-593.5,-551.0,-504.5,-484.9000244140625,-474.8399658203125
2272,-611.97998046875,53.336605072021484,19.012378692626953,70.88645553588867,-611.97998046875,-593.5,80.67427825927734,-790.219970703125,-766.7999877929688,-722.4000244140625,-663.75,-593.5,-554.0,-511.0,-497.60003662109375,-474.8399658203125
2304,-618.9400024414062,53.06108856201172,19.117216110229492,70.4475269317627,-618.9400024414062,-607.5,81.13973236083984,-790.219970703125,-766.7999877929688,-735.2999877929688,-671.75,-607.5,-557.25,-524.7999877929688,-504.7500305175781,-474.8399658203125
2336,-623.5,52.81758117675781,19.249881744384766,70.03307723999023,-623.5,-613.5,81.58657836914062,-798.0599975585938,-769.6500244140625,-746.0999755859375,-671.75,-613.5,-566.75,-526.5999755859375,-504.7500305175781,-484.7999572753906
2368,-627.5199584960938,52.55463409423828,19.346092224121094,69.6025390625,-627.52001953125,-623.5,83.12056732177734,-798.0599975585938,-780.0999755859375,-766.0,-680.0,-623.5,-566.75,-526.5999755859375,-505.0,-484.7999572753906
2400,-633.3999633789062,52.30192184448242,19.42791748046875,69.20148277282715,-633.4000244140625,-627.0,81.8196792602539,-817.0999755859375,-782.0999755859375,-766.0,-684.0,-627.0,-573.5,-528.7999877929688,-512.9500122070312,-505.0
2432,-637.260009765625,52.053951263427734,19.545303344726562,68.77790260314941,-637.260009765625,-632.5,84.02328491210938,-817.0999755859375,-802.0499877929688,-766.0999755859375,-687.0,-632.5,-576.25,-528.7999877929688,-514.8500366210938,-505.0
2464,-642.0399780273438,51.7855224609375,19.615331649780273,68.34337425231934,-642.0399780273438,-633.0,84.81095886230469,-822.1799926757812,-804.0,-769.2000122070312,-691.5,-633.0,-580.75,-545.1000366210938,-516.9500122070312,-510.8799743652344
2496,-648.0,51.5338249206543,19.72209358215332,67.92263984680176,-648.0,-635.5,83.01361083984375,-832.280029296875,-804.6500244140625,-769.2000122070312,-692.5,-635.5,-587.75,-554.9000244140625,-528.6000366210938,-510.8799743652344
2528,-653.0399780273438,51.26751708984375,19.82271385192871,67.47200775146484,-653.0399780273438,-637.0,83.7213134765625,-832.280029296875,-811.2999877929688,-789.0999755859375,-692.75,-637.0,-588.0,-566.5999755859375,-540.800048828125,-520.8999633789062
2560,-657.6199951171875,51.000938415527344,19.913772583007812,67.03752899169922,-657.6199951171875,-645.5,85.39201354980469,-846.0800170898438,-811.2999877929688,-791.2000122070312,-704.5,-645.5,-588.0,-566.7000122070312,-540.800048828125,-523.9400024414062
2592,-665.2000122070312,50.74656295776367,20.00476837158203,66.61518478393555,-665.2000122070312,-648.5,83.41402435302734,-846.0800170898438,-812.25,-791.3999633789062,-721.0,-648.5,-602.0,-569.9000244140625,-559.550048828125,-540.7599487304688
2624,-670.0599975585938,50.50251770019531,20.08815574645996,66.21026992797852,-670.0599975585938,-650.0,81.47180938720703,-846.0800170898438,-814.1500244140625,-799.7000122070312,-733.5,-650.0,-607.0,-573.7999877929688,-567.0,-559.659912109375
2656,-672.3200073242188,50.25206756591797,20.164535522460938,65.79037284851074,-672.3200073242188,-651.0,80.84452819824219,-846.0800170898438,-816.0499877929688,-805.0999755859375,-733.5,-651.0,-614.0,-580.1000366210938,-567.0,-563.97998046875
2688,-676.0799560546875,49.973594665527344,20.25737190246582,65.31997871398926,-676.0800170898438,-658.0,81.27542114257812,-846.0800170898438,-817.7000122070312,-806.0,-734.0,-658.0,-614.0,-580.1000366210938,-567.0,-563.97998046875
2720,-680.3599853515625,49.679466247558594,20.330078125,64.85642623901367,-680.3599853515625,-661.0,81.41357421875,-850.1199951171875,-817.7000122070312,-811.0,-738.25,-661.0,-617.0,-582.9000244140625,-568.9000244140625,-563.97998046875
2752,-683.1199951171875,49.43049240112305,20.40961265563965,64.43720054626465,-683.1199951171875,-664.5,83.18392181396484,-862.3400268554688,-817.7000122070312,-811.0,-738.25,-664.5,-619.75,-582.9000244140625,-568.9000244140625,-563.97998046875
2784,-686.8399658203125,49.12712860107422,20.484432220458984,63.951223373413086,-686.8400268554688,-668.5,84.12368774414062,-870.260009765625,-832.2999877929688,-811.0999755859375,-741.75,-668.5,-621.0,-589.7000122070312,-576.5000610351562,-563.97998046875
2816,-690.260009765625,48.841041564941406,20.532451629638672,63.48683452606201,-690.260009765625,-675.0,84.41938018798828,-870.7000122070312,-832.2999877929688,-812.2000122070312,-743.25,-675.0,-623.0,-598.1000366210938,-577.0,-563.97998046875
2848,-694.260009765625,48.60564422607422,20.636768341064453,63.06008338928223,-694.260009765625,-681.0,84.63399505615234,-870.7000122070312,-851.2999877929688,-813.5999755859375,-747.75,-681.0,-623.0,-598.1000366210938,-581.75,-563.97998046875
2880,-697.760009765625,48.38458251953125,20.782201766967773,62.61909770965576,-697.760009765625,-682.0,85.43934631347656,-885.4000244140625,-851.5499877929688,-828.2000122070312,-756.0,-682.0,-626.0,-601.7000122070312,-582.9500122070312,-566.9199829101562
2912,-702.4599609375,48.12990951538086,20.866046905517578,62.17262363433838,-702.4600219726562,-695.0,86.53143310546875,-885.4600219726562,-851.5499877929688,-831.2999877929688,-762.5,-695.0,-626.0,-601.7000122070312,-582.9500122070312,-566.9199829101562
2944,-707.4599609375,47.869346618652344,20.934635162353516,61.7300386428833,-707.4600219726562,-698.5,84.99839782714844,-885.5999755859375,-851.5499877929688,-831.2999877929688,-764.5,-698.5,-638.0,-605.9000244140625,-589.6500244140625,-576.9599609375
2976,-712.3200073242188,47.610679626464844,21.0140438079834,61.28287601470947,-712.3200073242188,-699.0,85.66748046875,-885.5999755859375,-856.2999877929688,-839.7000122070312,-770.5,-699.0,-645.75,-606.9000244140625,-589.6500244140625,-576.9599609375
3008,-716.1599731445312,47.35944366455078,21.114227294921875,60.83362865447998,-716.1599731445312,-702.5,84.083251953125,-885.6400146484375,-859.1500244140625,-846.4000244140625,-772.25,-702.5,-652.25,-609.9000244140625,-598.550048828125,-581.8999633789062
3040,-718.8399658203125,47.12057113647461,21.18385124206543,60.406283378601074,-718.8400268554688,-711.5,83.40068054199219,-885.6799926757812,-861.0499877929688,-851.0,-772.25,-711.5,-652.5,-616.7000122070312,-604.7000122070312,-589.8599853515625
3072,-721.47998046875,46.86323165893555,21.233963012695312,59.97354316711426,-721.47998046875,-715.0,83.88104248046875,-888.6799926757812,-863.0499877929688,-852.0999755859375,-772.25,-715.0,-658.75,-616.7000122070312,-604.7000122070312,-589.8599853515625
3104,-725.7999877929688,46.61376190185547,21.27184295654297,59.55689525604248,-725.7999877929688,-718.5,82.91695404052734,-915.1400146484375,-882.0499877929688,-853.0999755859375,-772.25,-718.5,-660.0,-624.9000244140625,-609.0,-598.9599609375
3136,-727.7000122070312,46.353858947753906,21.339492797851562,59.101643562316895,-727.7000122070312,-718.5,84.10475158691406,-924.02001953125,-882.0499877929688,-853.0999755859375,-774.5,-718.5,-660.75,-624.9000244140625,-609.0,-598.9599609375
3168,-732.4400024414062,46.11122131347656,21.391357421875,58.674092292785645,-732.4400024414062,-723.0,83.20569610595703,-924.219970703125,-882.0499877929688,-854.5,-779.0,-723.0,-663.75,-638.7999877929688,-611.8500366210938,-598.9599609375
3200,-735.6599731445312,45.895301818847656,21.46474266052246,58.25456619262695,-735.6599731445312,-723.0,83.88459014892578,-924.219970703125,-882.0499877929688,-858.0999755859375,-789.5,-723.0,-670.0,-639.7000122070312,-618.5000610351562,-604.8399658203125
3232,-738.7799682617188,45.633338928222656,21.52222442626953,57.80129146575928,-738.780029296875,-725.5,82.71138000488281,-924.219970703125,-882.25,-858.5,-791.5,-725.5,-670.0,-640.9000244140625,-630.8500366210938,-618.7999267578125
3264,-741.3800048828125,45.37101364135742,21.572744369506836,57.36880302429199,-741.3800048828125,-728.0,83.12998962402344,-924.219970703125,-882.25,-861.4000244140625,-793.75,-728.0,-670.0,-641.9000244140625,-634.0,-618.7999267578125
3296,-744.0599975585938,45.09126281738281,21.63766098022461,56.87950325012207,-744.0599975585938,-735.0,84.28746032714844,-924.4400024414062,-887.3499755859375,-865.9000244140625,-793.75,-735.0,-670.0,-641.9000244140625,-634.0,-618.7999267578125
3328,-750.2999877929688,44.81231689453125,21.678686141967773,56.40627193450928,-750.2999877929688,-740.0,86.06584930419922,-925.4199829101562,-905.5499877929688,-880.5,-810.25,-740.0,-683.25,-643.0,-634.0,-618.9199829101562
3360,-753.3599853515625,44.54978561401367,21.728534698486328,55.951191902160645,-753.3599853515625,-743.0,85.6402359008789,-925.4199829101562,-905.5499877929688,-880.9000244140625,-813.25,-743.0,-690.75,-643.0,-638.75,-632.9400024414062
3392,-757.5199584960938,44.29441833496094,21.79317283630371,55.48407554626465,-757.52001953125,-746.0,86.58331298828125,-945.1400146484375,-911.25,-891.7000122070312,-814.75,-746.0,-692.0,-648.9000244140625,-638.75,-632.9400024414062
3424,-758.5599975585938,44.02751922607422,21.826894760131836,55.03572082519531,-758.5599975585938,-746.0,86.19481658935547,-945.1400146484375,-911.25,-897.0999755859375,-814.75,-746.0,-692.75,-655.4000244140625,-640.9000244140625,-633.97998046875
3456,-761.7999877929688,43.7470817565918,21.85879135131836,54.55168342590332,-761.7999877929688,-750.5,85.84603118896484,-945.1400146484375,-915.0499877929688,-897.0999755859375,-818.5,-750.5,-693.75,-656.2999877929688,-640.9000244140625,-633.97998046875
3488,-764.47998046875,43.5159912109375,21.881694793701172,54.135826110839844,-764.47998046875,-753.5,86.07061004638672,-945.1400146484375,-916.9000244140625,-897.0999755859375,-818.5,-753.5,-698.0,-657.0,-640.9000244140625,-633.97998046875
3520,-767.0799560546875,43.27785873413086,21.91698455810547,53.711209297180176,-767.0800170898438,-755.5,86.76089477539062,-945.1400146484375,-916.9000244140625,-898.0,-830.25,-755.5,-698.0,-657.0,-640.9000244140625,-633.97998046875
3552,-770.3800048828125,43.01700973510742,21.987350463867188,53.23276233673096,-770.3800048828125,-755.5,86.85664367675781,-945.1400146484375,-916.9000244140625,-898.4000244140625,-838.0,-755.5,-702.5,-657.0,-640.9000244140625,-633.97998046875
3584,-773.6399536132812,42.792274475097656,22.029096603393555,52.81262683868408,-773.6400146484375,-762.0,86.23345947265625,-952.0,-923.0499877929688,-902.2999877929688,-838.25,-762.0,-706.75,-657.9000244140625,-642.9000244140625,-633.97998046875
3616,-776.5199584960938,42.570701599121094,22.123886108398438,52.35476779937744,-776.52001953125,-764.0,86.7008056640625,-953.1199951171875,-923.5,-905.5999755859375,-838.5,-764.0,-706.75,-660.7999877929688,-643.0,-633.97998046875
3648,-780.0599975585938,42.30802536010742,22.164295196533203,51.879873275756836,-780.0599975585938,-765.0,85.58981323242188,-954.0999755859375,-924.4500122070312,-910.0999755859375,-843.5,-765.0,-717.5,-668.7000122070312,-656.5000610351562,-633.97998046875
3680,-782.739990234375,42.05683135986328,22.17327880859375,51.44334316253662,-782.739990234375,-768.5,85.39901733398438,-959.0800170898438,-925.3999633789062,-910.0999755859375,-843.5,-768.5,-720.25,-670.7999877929688,-656.5000610351562,-633.97998046875
3712,-785.4599609375,41.82762908935547,22.220855712890625,50.99826145172119,-785.4600219726562,-769.5,84.65061950683594,-959.0800170898438,-940.5999755859375,-910.0999755859375,-844.25,-769.5,-726.25,-676.7999877929688,-657.7000122070312,-640.8599853515625
3744,-787.0799560546875,41.63182830810547,22.274452209472656,50.61339855194092,-787.0800170898438,-769.5,84.96383666992188,-959.1199951171875,-952.0499877929688,-911.5,-848.0,-769.5,-728.0,-679.5,-657.7000122070312,-646.8800048828125
3776,-789.2799682617188,41.41169738769531,22.31971549987793,50.194740295410156,-789.280029296875,-769.5,85.48041534423828,-962.2999877929688,-953.25,-916.2000122070312,-848.0,-769.5,-732.5,-679.5,-657.7000122070312,-646.8800048828125
3808,-791.7799682617188,41.18598175048828,22.341201782226562,49.77209949493408,-791.780029296875,-770.0,84.09358978271484,-962.2999877929688,-953.25,-916.2000122070312,-848.0,-770.0,-735.75,-684.5,-664.6500244140625,-646.8800048828125
3840,-795.1799926757812,40.96343231201172,22.392004013061523,49.34557056427002,-795.1799926757812,-776.5,84.30176544189453,-962.2999877929688,-953.25,-924.5,-848.75,-776.5,-735.75,-689.5,-665.9500122070312,-651.8999633789062
3872,-797.1399536132812,40.76090621948242,22.423370361328125,48.9422607421875,-797.1400146484375,-780.5,84.64704132080078,-963.280029296875,-958.0499877929688,-924.5,-848.75,-780.5,-739.0,-689.5,-670.75,-659.8399658203125
3904,-800.1799926757812,40.51496505737305,22.455717086791992,48.49845886230469,-800.1799926757812,-782.0,84.56043243408203,-969.1599731445312,-958.25,-929.2999877929688,-848.75,-782.0,-740.5,-698.7000122070312,-678.75,-664.8999633789062
3936,-801.4400024414062,40.30195236206055,22.5114803314209,48.0611047744751,-801.4400024414062,-782.0,84.83646392822266,-977.0800170898438,-958.25,-929.2999877929688,-851.25,-782.0,-740.5,-698.7000122070312,-678.75,-664.8999633789062
3968,-806.5399780273438,40.08689880371094,22.565839767456055,47.62127113342285,-806.5399780273438,-792.5,82.7016830444336,-981.0,-958.25,-929.2999877929688,-860.25,-792.5,-756.75,-708.0,-678.75,-664.97998046875
4000,-808.7999877929688,39.852806091308594,22.579875946044922,47.19528388977051,-808.7999877929688,-794.0,82.25460052490234,-981.0399780273438,-958.2999877929688,-929.2999877929688,-863.5,-794.0,-756.75,-712.5999755859375,-682.800048828125,-670.8599853515625
4032,-810.4400024414062,39.58771896362305,22.582061767578125,46.74821662902832,-810.4400024414062,-798.0,82.57351684570312,-983.0399780273438,-958.2999877929688,-932.2000122070312,-865.25,-798.0,-756.75,-712.5999755859375,-682.800048828125,-670.8599853515625
4064,-812.9599609375,39.308387756347656,22.610794067382812,46.25506019592285,-812.9600219726562,-798.0,81.7715072631836,-983.0399780273438,-958.2999877929688,-934.2999877929688,-869.25,-798.0,-758.5,-712.5999755859375,-695.7000122070312,-682.7599487304688
4096,-815.1199951171875,39.068092346191406,22.619237899780273,45.82714653015137,-815.1199951171875,-807.5,83.09876251220703,-989.0399780273438,-958.7000122070312,-935.2000122070312,-872.0,-807.5,-758.5,-713.5,-695.7000122070312,-682.7599487304688
4128,-816.6199951171875,38.830291748046875,22.621612548828125,45.41369915008545,-816.6199951171875,-807.5,83.4450454711914,-989.0399780273438,-967.25,-935.2000122070312,-878.25,-807.5,-762.0,-720.7999877929688,-695.7000122070312,-682.7599487304688
4160,-818.2999877929688,38.636863708496094,22.64944076538086,45.03933620452881,-818.2999877929688,-807.5,82.40855407714844,-989.0399780273438,-967.25,-935.2000122070312,-878.25,-807.5,-763.0,-723.7000122070312,-698.0,-688.8800048828125
4192,-822.699951171875,38.394893646240234,22.6566219329834,44.59954261779785,-822.7000122070312,-810.0,82.049072265625,-989.1199951171875,-967.25,-937.4000244140625,-881.25,-810.0,-769.0,-724.9000244140625,-700.9000244140625,-697.699951171875
4224,-824.1199951171875,38.189208984375,22.69649887084961,44.184078216552734,-824.1199951171875,-810.0,82.12067413330078,-995.0,-967.25,-941.5999755859375,-888.25,-810.0,-769.0,-726.7000122070312,-700.9000244140625,-697.699951171875
4256,-825.5399780273438,38.00019454956055,22.735145568847656,43.80499839782715,-825.5399780273438,-816.0,82.35853576660156,-995.0,-972.4500122070312,-941.5999755859375,-888.75,-816.0,-769.0,-726.7000122070312,-700.9000244140625,-697.8599853515625
4288,-827.7999877929688,37.789100646972656,22.75836181640625,43.404863357543945,-827.7999877929688,-816.0,82.03353118896484,-995.0,-972.5999755859375,-947.9000244140625,-888.75,-816.0,-769.75,-726.7000122070312,-705.8500366210938,-698.97998046875
4320,-829.1199951171875,37.59169006347656,22.805334091186523,42.970970153808594,-829.1199951171875,-819.0,81.32505798339844,-995.0,-976.4000244140625,-947.9000244140625,-888.75,-819.0,-770.75,-726.7000122070312,-708.9000244140625,-702.97998046875
4352,-832.0399780273438,37.375,22.82355308532715,42.557342529296875,-832.0399780273438,-820.0,80.00836181640625,-995.0,-976.4000244140625,-947.9000244140625,-888.75,-820.0,-773.25,-731.5,-717.75,-705.9400024414062
4384,-833.5599975585938,37.181514739990234,22.8583984375,42.14463996887207,-833.5599975585938,-824.5,80.09660339355469,-995.2000122070312,-976.4000244140625,-950.5999755859375,-889.75,-824.5,-773.75,-732.4000244140625,-717.75,-705.9400024414062
4416,-834.3999633789062,36.960227966308594,22.86165428161621,41.73019790649414,-834.4000244140625,-824.5,80.01362609863281,-995.2000122070312,-976.4000244140625,-950.5999755859375,-889.75,-824.5,-773.75,-732.5999755859375,-717.9500122070312,-705.9400024414062
4448,-836.8999633789062,36.69602584838867,22.8273983001709,41.27934646606445,-836.9000244140625,-825.5,80.19857025146484,-1003.0399780273438,-976.4000244140625,-958.0999755859375,-894.25,-825.5,-778.5,-733.0,-717.9500122070312,-705.9400024414062
4480,-838.6399536132812,36.483734130859375,22.833271026611328,40.858604431152344,-838.6400146484375,-829.0,80.6005630493164,-1003.0399780273438,-980.2000122070312,-960.2000122070312,-894.25,-829.0,-779.0,-738.4000244140625,-717.9500122070312,-705.9400024414062
4512,-841.5199584960938,36.29454040527344,22.84914207458496,40.47275924682617,-841.52001953125,-829.0,78.56684875488281,-1005.0399780273438,-980.2000122070312,-960.2000122070312,-895.25,-829.0,-782.75,-746.7000122070312,-726.800048828125,-717.699951171875
4544,-843.4599609375,36.08039474487305,22.821331024169922,40.070138931274414,-843.4600219726562,-833.5,78.57383728027344,-1007.2000122070312,-980.2000122070312,-962.0999755859375,-895.25,-833.5,-785.0,-748.7999877929688,-731.0,-719.659912109375
4576,-844.0999755859375,35.91462707519531,22.848770141601562,39.70912837982178,-844.0999755859375,-834.0,78.70838165283203,-1009.1599731445312,-980.2000122070312,-962.0999755859375,-898.25,-834.0,-785.0,-748.7999877929688,-731.0,-719.659912109375
4608,-845.4400024414062,35.69472885131836,22.82996940612793,39.308319091796875,-845.4400024414062,-835.0,78.59991455078125,-1009.1599731445312,-980.2000122070312,-963.0999755859375,-898.25,-835.0,-785.75,-748.7999877929688,-731.0,-725.5399169921875
4640,-847.1399536132812,35.4808235168457,22.83368492126465,38.88810443878174,-847.1400146484375,-835.0,78.41863250732422,-1013.0800170898438,-980.2000122070312,-964.0999755859375,-898.25,-835.0,-785.75,-752.5999755859375,-731.0,-725.8999633789062
4672,-848.1799926757812,35.27301025390625,22.814659118652344,38.53372764587402,-848.1799926757812,-836.0,78.48431396484375,-1013.0800170898438,-982.0999755859375,-964.9000244140625,-898.25,-836.0,-785.75,-752.5999755859375,-731.0,-725.8999633789062
4704,-850.0199584960938,35.07939147949219,22.81707763671875,38.14040565490723,-850.02001953125,-843.5,78.62608337402344,-1013.0800170898438,-984.3499755859375,-966.9000244140625,-898.25,-843.5,-787.0,-757.5,-731.0,-725.8999633789062
4736,-852.5,34.870086669921875,22.7764949798584,37.77287292480469,-852.5,-843.5,77.81985473632812,-1013.0800170898438,-984.3499755859375,-969.5999755859375,-899.0,-843.5,-790.75,-758.9000244140625,-733.8500366210938,-730.9199829101562
4768,-853.8800048828125,34.634307861328125,22.75802993774414,37.340670585632324,-853.8800048828125,-843.5,77.77741241455078,-1013.1199951171875,-984.3499755859375,-969.5999755859375,-901.75,-843.5,-791.75,-758.9000244140625,-733.8500366210938,-730.9199829101562
4800,-856.7999877929688,34.435081481933594,22.731563568115234,36.96926403045654,-856.7999877929688,-848.5,75.54217529296875,-1013.1199951171875,-984.3499755859375,-969.5999755859375,-904.25,-848.5,-793.0,-769.0,-752.4000244140625,-730.9199829101562
4832,-858.199951171875,34.220577239990234,22.70523452758789,36.59200668334961,-858.2000122070312,-848.5,75.67628479003906,-1019.0800170898438,-990.0499877929688,-969.5999755859375,-904.25,-848.5,-796.0,-769.0,-752.4000244140625,-732.9599609375
4864,-858.8399658203125,34.00563049316406,22.69509506225586,36.19681167602539,-858.8400268554688,-851.0,75.42887115478516,-1019.0800170898438,-990.0499877929688,-970.5,-904.25,-851.0,-796.75,-769.0,-752.9000244140625,-732.9599609375
4896,-860.3200073242188,33.784812927246094,22.675750732421875,35.76685810089111,-860.3200073242188,-851.0,74.9180679321289,-1019.0800170898438,-991.3499755859375,-970.5,-905.25,-851.0,-798.75,-769.9000244140625,-752.9000244140625,-736.9199829101562
4928,-861.5399780273438,33.62443542480469,22.69873809814453,35.404239654541016,-861.5399780273438,-851.0,75.28617858886719,-1019.0800170898438,-994.2000122070312,-975.7000122070312,-906.5,-851.0,-800.75,-769.9000244140625,-752.9000244140625,-736.9199829101562
4960,-862.97998046875,33.43430709838867,22.702301025390625,35.006216049194336,-862.97998046875,-851.5,74.56070709228516,-1019.0800170898438,-994.2000122070312,-975.7000122070312,-906.5,-851.5,-805.25,-774.5,-759.6500244140625,-742.7999267578125
4992,-865.260009765625,33.24977111816406,22.705902099609375,34.62490463256836,-865.260009765625,-851.5,74.59458923339844,-1019.0800170898438,-998.0,-982.0,-906.5,-851.5,-808.75,-783.0,-759.75,-742.7999267578125
5024,-866.0399780273438,33.028343200683594,22.679954528808594,34.204885482788086,-866.0399780273438,-852.0,74.41355895996094,-1019.0800170898438,-998.0,-982.0,-908.5,-852.0,-808.75,-783.9000244140625,-759.8500366210938,-750.639892578125
5056,-867.4400024414062,32.84349822998047,22.69548797607422,33.80862808227539,-867.4400024414062,-853.5,74.36979675292969,-1019.0800170898438,-998.0,-982.0999755859375,-908.5,-853.5,-812.0,-783.9000244140625,-759.8500366210938,-750.639892578125
5088,-868.6599731445312,32.63496780395508,22.66876792907715,33.40361022949219,-868.6599731445312,-854.0,74.00044250488281,-1019.0800170898438,-998.0,-982.0999755859375,-910.0,-854.0,-815.25,-783.9000244140625,-761.9500122070312,-754.5599365234375
5120,-870.3800048828125,32.40463638305664,22.640037536621094,33.00102233886719,-870.3800048828125,-855.0,74.84781646728516,-1019.1199951171875,-1002.0499877929688,-989.7999877929688,-910.5,-855.0,-815.25,-783.9000244140625,-761.9500122070312,-754.5599365234375
5152,-871.5199584960938,32.22499084472656,22.63276481628418,32.63414192199707,-871.52001953125,-857.0,74.96418762207031,-1021.0800170898438,-1003.1500244140625,-989.9000244140625,-912.25,-857.0,-815.25,-785.9000244140625,-761.9500122070312,-754.5599365234375
5184,-872.6799926757812,32.03173828125,22.616046905517578,32.25846004486084,-872.6799926757812,-858.5,74.93248748779297,-1021.0800170898438,-1003.1500244140625,-992.5999755859375,-912.25,-858.5,-815.25,-785.9000244140625,-761.9500122070312,-754.5599365234375
5216,-874.260009765625,31.84276580810547,22.589900970458984,31.88372278213501,-874.260009765625,-861.5,74.2896499633789,-1021.0800170898438,-1003.1500244140625,-992.5999755859375,-912.25,-861.5,-818.25,-786.9000244140625,-761.9500122070312,-754.9599609375
5248,-875.219970703125,31.657024383544922,22.572734832763672,31.52068519592285,-875.219970703125,-865.0,74.14210510253906,-1021.0800170898438,-1003.1500244140625,-992.5999755859375,-912.25,-865.0,-818.25,-786.9000244140625,-766.75,-756.9199829101562
5280,-876.6799926757812,31.51506805419922,22.594146728515625,31.14780044555664,-876.6799926757812,-865.0,73.43321990966797,-1021.0800170898438,-1003.25,-992.5999755859375,-913.25,-865.0,-820.5,-790.7999877929688,-766.75,-756.9199829101562
5312,-877.5199584960938,31.318035125732422,22.56911277770996,30.76242446899414,-877.52001953125,-866.5,73.31758880615234,-1021.1199951171875,-1003.3499755859375,-992.5999755859375,-913.25,-866.5,-824.0,-791.0,-766.75,-756.9199829101562
5344,-878.5199584960938,31.134313583374023,22.53560447692871,30.41192388534546,-878.52001953125,-866.5,72.77134704589844,-1021.1599731445312,-1003.3499755859375,-992.5999755859375,-916.0,-866.5,-824.0,-791.0,-778.8500366210938,-758.9599609375
5376,-879.6199951171875,30.965984344482422,22.51642608642578,30.05538320541382,-879.6199951171875,-867.5,72.25092315673828,-1021.1599731445312,-1003.3499755859375,-992.5999755859375,-916.0,-867.5,-824.0,-791.9000244140625,-778.8500366210938,-764.8800048828125
5408,-880.739990234375,30.798315048217773,22.529014587402344,29.665181159973145,-880.739990234375,-872.5,72.12206268310547,-1021.239990234375,-1003.3499755859375,-992.5999755859375,-916.25,-872.5,-825.75,-791.9000244140625,-780.75,-764.8800048828125
5440,-882.1599731445312,30.666099548339844,22.55592155456543,29.318259239196777,-882.1599731445312,-874.5,72.1661605834961,-1021.239990234375,-1003.3499755859375,-992.7999877929688,-919.0,-874.5,-825.75,-796.5,-780.75,-764.8800048828125
5472,-882.9400024414062,30.476242065429688,22.509185791015625,28.96513032913208,-882.9400024414062,-875.5,71.7638931274414,-1023.2000122070312,-1006.2000122070312,-992.7999877929688,-920.5,-875.5,-825.75,-796.9000244140625,-784.800048828125,-764.8800048828125
5504,-884.5199584960938,30.322072982788086,22.487211227416992,28.63121461868286,-884.52001953125,-876.5,71.85338592529297,-1023.239990234375,-1006.2000122070312,-994.5999755859375,-930.5,-876.5,-825.75,-797.0,-784.800048828125,-774.9199829101562
5536,-885.5399780273438,30.17243003845215,22.46194076538086,28.320655345916748,-885.5399780273438,-877.0,72.2133560180664,-1023.239990234375,-1007.1500244140625,-999.0999755859375,-930.5,-877.0,-828.25,-797.0,-784.800048828125,-776.8800048828125
5568,-886.3599853515625,30.042587280273438,22.462400436401367,28.034156799316406,-886.3599853515625,-877.0,71.58442687988281,-1023.239990234375,-1007.1500244140625,-999.0999755859375,-930.5,-877.0,-829.0,-797.0,-790.7000122070312,-776.8800048828125
5600,-887.1199951171875,29.93572235107422,22.495712280273438,27.699995040893555,-887.1199951171875,-877.0,71.18233489990234,-1023.239990234375,-1007.4500122070312,-999.0999755859375,-930.5,-877.0,-831.25,-797.0,-791.9500122070312,-776.9199829101562
5632,-887.5799560546875,29.752065658569336,22.44130516052246,27.367931842803955,-887.5800170898438,-877.0,71.10248565673828,-1023.239990234375,-1007.4500122070312,-999.0999755859375,-930.5,-877.0,-831.25,-799.7000122070312,-791.9500122070312,-776.9199829101562
5664,-888.719970703125,29.64849090576172,22.473159790039062,27.052507877349854,-888.719970703125,-880.0,71.15238189697266,-1023.280029296875,-1016.0999755859375,-999.0999755859375,-932.0,-880.0,-835.0,-801.7999877929688,-791.9500122070312,-784.7599487304688
5696,-889.3800048828125,29.5001277923584,22.45002555847168,26.73788595199585,-889.3800048828125,-880.0,70.59345245361328,-1023.280029296875,-1016.0999755859375,-999.0999755859375,-932.75,-880.0,-835.0,-801.7999877929688,-791.9500122070312,-788.9199829101562
5728,-890.1799926757812,29.341537475585938,22.43329429626465,26.395132064819336,-890.1799926757812,-880.5,70.66419219970703,-1023.3200073242188,-1016.0999755859375,-999.0999755859375,-935.25,-880.5,-835.5,-802.0,-791.9500122070312,-788.9199829101562
5760,-890.760009765625,29.199125289916992,22.419200897216797,26.046170711517334,-890.760009765625,-880.5,70.68862915039062,-1026.260009765625,-1018.0999755859375,-999.0999755859375,-935.25,-880.5,-836.0,-802.0,-792.9500122070312,-788.9199829101562
5792,-891.5799560546875,29.052953720092773,22.399272918701172,25.706740856170654,-891.5800170898438,-881.5,70.5223617553711,-1026.260009765625,-1018.25,-1001.2000122070312,-935.25,-881.5,-839.0,-802.9000244140625,-794.8500366210938,-788.9199829101562
5824,-892.2799682617188,28.91847801208496,22.361814498901367,25.442135334014893,-892.280029296875,-881.5,70.30976104736328,-1026.260009765625,-1018.25,-1001.2000122070312,-935.25,-881.5,-839.0,-805.7000122070312,-794.8500366210938,-788.9199829101562
5856,-893.3599853515625,28.773069381713867,22.336437225341797,25.145594596862793,-893.3599853515625,-881.5,69.83588409423828,-1026.260009765625,-1018.2999877929688,-1001.2000122070312,-935.25,-881.5,-839.0,-806.9000244140625,-794.8500366210938,-788.9199829101562
5888,-893.8800048828125,28.614959716796875,22.311382293701172,24.81422996520996,-893.8800048828125,-884.0,69.8573226928711,-1026.260009765625,-1018.2999877929688,-1003.0999755859375,-935.25,-884.0,-839.0,-806.9000244140625,-794.8500366210938,-788.9199829101562
5920,-895.5399780273438,28.453460693359375,22.28492546081543,24.472980976104736,-895.5399780273438,-887.5,68.99977111816406,-1026.260009765625,-1018.2999877929688,-1004.0,-936.25,-887.5,-839.25,-821.2000122070312,-800.7000122070312,-790.9599609375
5952,-896.5799560546875,28.317211151123047,22.26129150390625,24.174171924591064,-896.5800170898438,-889.0,68.89501953125,-1026.260009765625,-1018.2999877929688,-1004.2000122070312,-938.25,-889.0,-840.75,-821.2000122070312,-800.7000122070312,-790.9599609375
5984,-897.0399780273438,28.190519332885742,22.238882064819336,23.905112743377686,-897.0399780273438,-889.0,68.81495666503906,-1028.219970703125,-1022.0999755859375,-1004.2000122070312,-938.25,-889.0,-842.5,-822.5999755859375,-800.7000122070312,-790.9599609375
6016,-898.0,28.086021423339844,22.228872299194336,23.621553897857666,-898.0,-890.5,68.6246337890625,-1028.219970703125,-1022.0999755859375,-1004.2000122070312,-939.0,-890.5,-843.0,-822.5999755859375,-800.7000122070312,-791.0
6048,-898.5199584960938,27.963314056396484,22.222515106201172,23.29701328277588,-898.52001953125,-891.5,68.44873809814453,-1028.219970703125,-1024.0,-1004.2000122070312,-939.0,-891.5,-843.0,-822.5999755859375,-803.550048828125,-791.0
6080,-899.5,27.84185028076172,22.23614501953125,22.97206401824951,-899.5,-891.5,68.49445343017578,-1036.06005859375,-1024.0,-1008.0999755859375,-945.25,-891.5,-843.0,-822.5999755859375,-808.75,-791.97998046875
6112,-900.0599975585938,27.733579635620117,22.24706268310547,22.65661096572876,-900.0599975585938,-891.5,68.56745910644531,-1036.06005859375,-1025.050048828125,-1008.0999755859375,-945.25,-891.5,-843.0,-822.5999755859375,-810.6500244140625,-794.9199829101562
6144,-900.8599853515625,27.625137329101562,22.269638061523438,22.33223247528076,-900.8599853515625,-892.0,68.47889709472656,-1036.06005859375,-1026.0,-1008.0999755859375,-945.25,-892.0,-843.75,-822.7000122070312,-810.6500244140625,-796.9199829101562
6176,-901.0799560546875,27.49026870727539,22.24054718017578,22.0363130569458,-901.0800170898438,-893.5,68.51170349121094,-1036.06005859375,-1026.0,-1008.0999755859375,-945.25,-893.5,-843.75,-822.7000122070312,-810.6500244140625,-796.9199829101562
6208,-901.6799926757812,27.36440086364746,22.22371482849121,21.74149227142334,-901.6799926757812,-893.5,68.67720031738281,-1036.06005859375,-1026.0999755859375,-1009.0,-945.25,-893.5,-844.0,-823.0,-810.6500244140625,-796.9199829101562
6240,-903.239990234375,27.230405807495117,22.201139450073242,21.436712741851807,-903.239990234375,-894.5,68.8023452758789,-1036.06005859375,-1028.0999755859375,-1009.0,-946.25,-894.5,-847.75,-823.0,-811.0,-796.9199829101562
6272,-904.6799926757812,27.065567016601562,22.13924217224121,21.146746158599854,-904.6799926757812,-894.5,67.87870025634766,-1038.02001953125,-1028.0999755859375,-1009.0,-946.25,-894.5,-850.5,-826.5999755859375,-811.0,-796.9199829101562
6304,-905.219970703125,26.979698181152344,22.150920867919922,20.885833740234375,-905.219970703125,-894.5,67.63558197021484,-1038.02001953125,-1028.0999755859375,-1009.0,-946.25,-894.5,-850.5,-830.2000122070312,-811.0,-796.9199829101562
6336,-905.8200073242188,26.854001998901367,22.13997459411621,20.59531021118164,-905.8200073242188,-894.5,67.60700988769531,-1038.06005859375,-1028.0999755859375,-1009.4000244140625,-948.25,-894.5,-852.5,-830.2000122070312,-811.0,-796.9199829101562
6368,-906.719970703125,26.801010131835938,22.171545028686523,20.358941555023193,-906.719970703125,-894.5,67.70185089111328,-1041.0999755859375,-1028.0999755859375,-1013.0,-949.75,-894.5,-852.5,-832.7999877929688,-814.800048828125,-796.9199829101562
6400,-907.2999877929688,26.69176483154297,22.143478393554688,20.074236392974854,-907.2999877929688,-894.5,67.58143615722656,-1041.0999755859375,-1028.0999755859375,-1013.0,-951.25,-894.5,-853.0,-832.7999877929688,-814.800048828125,-803.7799682617188
6432,-907.8200073242188,26.61701774597168,22.146451950073242,19.836742877960205,-907.8200073242188,-895.5,67.08344268798828,-1041.0999755859375,-1028.0999755859375,-1013.0,-951.25,-895.5,-853.0,-833.0,-817.8500366210938,-803.7799682617188
6464,-909.0599975585938,26.52320098876953,22.142963409423828,19.58114194869995,-909.0599975585938,-895.5,66.55807495117188,-1043.06005859375,-1028.0999755859375,-1013.0,-951.25,-895.5,-860.0,-833.0,-820.7000122070312,-805.0
6496,-909.9199829101562,26.428668975830078,22.153995513916016,19.296807765960693,-909.9199829101562,-895.5,66.14115905761719,-1043.06005859375,-1028.0999755859375,-1013.0,-952.75,-895.5,-860.75,-833.0,-820.7000122070312,-805.97998046875
6528,-910.3999633789062,26.365402221679688,22.16543197631836,19.064030647277832,-910.4000244140625,-895.5,66.07677459716797,-1043.06005859375,-1028.0999755859375,-1013.0,-955.75,-895.5,-862.5,-834.7999877929688,-820.7000122070312,-805.97998046875
6560,-911.0799560546875,26.222267150878906,22.101652145385742,18.824791431427002,-911.0800170898438,-896.5,65.6302719116211,-1043.0999755859375,-1028.0999755859375,-1013.0,-955.75,-896.5,-862.5,-836.7999877929688,-820.7000122070312,-808.9199829101562
6592,-911.8800048828125,26.12470054626465,22.102062225341797,18.520928859710693,-911.8800048828125,-896.5,65.5341567993164,-1043.0999755859375,-1030.0,-1013.0,-956.25,-896.5,-863.0,-836.7999877929688,-820.800048828125,-809.8999633789062
6624,-912.0599975585938,26.043561935424805,22.093505859375,18.274012088775635,-912.0599975585938,-896.5,65.54277801513672,-1043.0999755859375,-1030.199951171875,-1013.0,-956.25,-896.5,-863.0,-836.7999877929688,-820.800048828125,-813.8199462890625
6656,-912.5199584960938,25.98749351501465,22.12433624267578,18.04227066040039,-912.52001953125,-899.0,65.42376708984375,-1043.0999755859375,-1030.199951171875,-1013.0,-958.5,-899.0,-863.0,-836.7999877929688,-828.4000244140625,-813.8199462890625
6688,-913.0599975585938,25.881223678588867,22.097074508666992,17.797407627105713,-913.0599975585938,-901.0,65.2782974243164,-1043.0999755859375,-1030.199951171875,-1013.0,-958.5,-901.0,-863.75,-840.4000244140625,-828.6000366210938,-813.8199462890625
6720,-913.3599853515625,25.767528533935547,22.063152313232422,17.546414375305176,-913.3599853515625,-901.0,65.2552719116211,-1043.0999755859375,-1030.199951171875,-1013.0,-958.5,-901.0,-864.5,-840.4000244140625,-830.6000366210938,-813.8199462890625
6752,-913.5599975585938,25.695114135742188,22.075435638427734,17.308924674987793,-913.5599975585938,-903.0,65.25048828125,-1043.0999755859375,-1030.199951171875,-1013.0,-958.5,-903.0,-865.0,-840.4000244140625,-830.6000366210938,-813.8199462890625
6784,-913.8200073242188,25.585063934326172,22.035255432128906,17.069807529449463,-913.8200073242188,-903.0,65.07555389404297,-1043.0999755859375,-1030.300048828125,-1013.0,-958.5,-903.0,-865.0,-840.7999877929688,-830.6000366210938,-813.8199462890625
6816,-914.1199951171875,25.5109920501709,22.026281356811523,16.819275856018066,-914.1199951171875,-904.0,64.9732666015625,-1043.0999755859375,-1030.300048828125,-1013.0,-958.5,-904.0,-865.0,-840.7999877929688,-830.6000366210938,-813.8199462890625
6848,-914.739990234375,25.424962997436523,22.02709197998047,16.58535861968994,-914.739990234375,-905.0,64.98209381103516,-1043.0999755859375,-1030.300048828125,-1013.0,-958.5,-905.0,-866.5,-842.7999877929688,-830.6000366210938,-815.7799682617188
6880,-915.1799926757812,25.290267944335938,21.97319793701172,16.31393527984619,-915.1799926757812,-905.0,64.92755126953125,-1043.219970703125,-1030.300048828125,-1013.0,-958.5,-905.0,-866.5,-844.7999877929688,-830.6000366210938,-815.7799682617188
6912,-915.739990234375,25.183364868164062,21.944427490234375,16.045840740203857,-915.739990234375,-905.0,64.69244384765625,-1043.219970703125,-1030.300048828125,-1013.0,-960.75,-905.0,-866.5,-844.7999877929688,-830.6000366210938,-816.9199829101562
6944,-916.0399780273438,25.08083152770996,21.930843353271484,15.758616209030151,-916.0399780273438,-905.0,64.55120849609375,-1043.219970703125,-1030.300048828125,-1013.0,-960.75,-905.0,-866.5,-844.7999877929688,-830.6000366210938,-816.9199829101562
6976,-916.5,24.985301971435547,21.898794174194336,15.528604507446289,-916.5,-905.0,64.64433288574219,-1043.219970703125,-1030.300048828125,-1013.0,-966.25,-905.0,-867.0,-844.7999877929688,-830.6000366210938,-816.9199829101562
7008,-917.0,24.91401481628418,21.88251304626465,15.305862188339233,-917.0,-905.5,64.62863159179688,-1043.3399658203125,-1030.300048828125,-1013.0,-966.25,-905.5,-867.0,-844.7999877929688,-832.5000610351562,-816.9199829101562
7040,-917.3200073242188,24.80553436279297,21.844680786132812,15.083489656448364,-917.3200073242188,-907.5,64.52811431884766,-1043.3399658203125,-1030.300048828125,-1013.0,-966.25,-907.5,-867.0,-844.7999877929688,-832.5000610351562,-816.9199829101562
7072,-917.6599731445312,24.72197723388672,21.82979965209961,14.863885879516602,-917.6599731445312,-907.5,64.51654052734375,-1043.3399658203125,-1030.300048828125,-1013.0,-966.25,-907.5,-867.0,-844.7999877929688,-832.6000366210938,-816.9199829101562
7104,-917.8800048828125,24.641544342041016,21.816631317138672,14.620305299758911,-917.8800048828125,-907.5,64.47825622558594,-1043.3399658203125,-1030.300048828125,-1013.2000122070312,-966.25,-907.5,-867.0,-844.7999877929688,-836.4000244140625,-816.9199829101562
7136,-918.3399658203125,24.580968856811523,21.814422607421875,14.412827968597412,-918.3400268554688,-907.5,64.49701690673828,-1043.3399658203125,-1030.300048828125,-1013.4000244140625,-967.75,-907.5,-867.75,-844.7999877929688,-836.5000610351562,-816.9199829101562
7168,-918.5799560546875,24.520994186401367,21.820877075195312,14.1779146194458,-918.5800170898438,-907.5,64.50150299072266,-1043.3399658203125,-1030.300048828125,-1015.2000122070312,-967.75,-907.5,-867.75,-844.7999877929688,-836.5000610351562,-816.9199829101562
7200,-918.739990234375,24.48581314086914,21.83907127380371,14.00481104850769,-918.739990234375,-907.5,64.59127044677734,-1043.4200439453125,-1030.300048828125,-1015.2000122070312,-967.75,-907.5,-867.75,-844.7999877929688,-836.5000610351562,-816.9199829101562
7232,-919.2999877929688,24.433547973632812,21.837873458862305,13.81616473197937,-919.2999877929688,-907.5,64.23526763916016,-1043.4200439453125,-1030.300048828125,-1015.2000122070312,-967.75,-907.5,-867.75,-844.7999877929688,-836.5000610351562,-818.8800048828125
7264,-919.5199584960938,24.35163116455078,21.803680419921875,13.615851879119873,-919.52001953125,-907.5,64.17655181884766,-1043.4200439453125,-1030.300048828125,-1015.2000122070312,-967.75,-907.5,-870.0,-844.7999877929688,-836.5000610351562,-818.8800048828125
7296,-920.0,24.250585556030273,21.77496337890625,13.337749004364014,-920.0,-907.5,64.01921844482422,-1043.4599609375,-1030.300048828125,-1015.2000122070312,-967.75,-907.5,-870.0,-844.7999877929688,-836.5000610351562,-818.8800048828125
7328,-920.5599975585938,24.16573143005371,21.746231079101562,13.136672258377075,-920.5599975585938,-907.5,63.639503479003906,-1043.4599609375,-1030.300048828125,-1015.2000122070312,-967.75,-907.5,-872.75,-844.7999877929688,-840.300048828125,-818.9199829101562
7360,-920.7999877929688,24.085765838623047,21.723745346069336,12.92936658859253,-920.7999877929688,-907.5,63.574363708496094,-1043.4599609375,-1030.300048828125,-1015.2000122070312,-967.75,-907.5,-872.75,-844.7999877929688,-840.300048828125,-818.9599609375
7392,-921.3999633789062,24.010623931884766,21.695714950561523,12.728538751602173,-921.4000244140625,-907.5,63.71577453613281,-1043.4599609375,-1030.300048828125,-1015.2000122070312,-967.75,-907.5,-873.0,-844.7999877929688,-840.300048828125,-818.9599609375
7424,-921.47998046875,23.923337936401367,21.659957885742188,12.540961980819702,-921.47998046875,-907.5,63.72997283935547,-1044.43994140625,-1030.300048828125,-1015.2000122070312,-967.75,-907.5,-873.0,-844.7999877929688,-840.300048828125,-818.9599609375
7456,-921.6599731445312,23.90215301513672,21.693355560302734,12.36944055557251,-921.6599731445312,-908.5,63.55363464355469,-1044.43994140625,-1030.300048828125,-1015.2000122070312,-967.75,-908.5,-873.0,-844.7999877929688,-840.5000610351562,-825.8199462890625
7488,-921.9400024414062,23.858963012695312,21.694503784179688,12.208019733428955,-921.9400024414062,-908.5,63.5944709777832,-1044.43994140625,-1032.199951171875,-1015.2000122070312,-972.25,-908.5,-873.0,-845.0,-840.5000610351562,-825.8199462890625
7520,-922.47998046875,23.77643585205078,21.6662654876709,11.972884178161621,-922.47998046875,-909.0,63.33932113647461,-1044.47998046875,-1032.199951171875,-1015.4000244140625,-972.5,-909.0,-874.5,-845.0,-840.5000610351562,-825.8199462890625
7552,-922.5799560546875,23.701087951660156,21.637441635131836,11.791478872299194,-922.5800170898438,-909.0,63.25601577758789,-1044.47998046875,-1032.199951171875,-1015.4000244140625,-972.5,-909.0,-874.5,-845.0,-842.4000244140625,-825.8199462890625
7584,-922.8999633789062,23.63062286376953,21.618694305419922,11.558076858520508,-922.9000244140625,-909.0,63.29779052734375,-1044.47998046875,-1032.199951171875,-1015.4000244140625,-972.5,-909.0,-874.5,-845.0,-842.4000244140625,-825.8199462890625
7616,-922.97998046875,23.517833709716797,21.560958862304688,11.356021642684937,-922.97998046875,-909.5,63.275108337402344,-1044.47998046875,-1032.199951171875,-1015.4000244140625,-972.5,-909.5,-874.5,-845.0,-842.4000244140625,-825.8199462890625
7648,-923.219970703125,23.456520080566406,21.536245346069336,11.201941967010498,-923.219970703125,-909.5,63.20863342285156,-1044.47998046875,-1032.199951171875,-1015.4000244140625,-972.5,-909.5,-874.5,-845.0,-842.4000244140625,-825.9400024414062
7680,-923.3599853515625,23.378372192382812,21.502531051635742,11.023072719573975,-923.3599853515625,-909.5,63.2295036315918,-1044.47998046875,-1034.0999755859375,-1015.4000244140625,-974.0,-909.5,-874.5,-846.7999877929688,-842.4000244140625,-825.9400024414062
7712,-923.6799926757812,23.346349716186523,21.511112213134766,10.885544776916504,-923.6799926757812,-909.5,63.321380615234375,-1046.43994140625,-1034.0999755859375,-1015.4000244140625,-974.0,-909.5,-874.5,-848.5999755859375,-842.4000244140625,-825.9400024414062
7744,-923.7999877929688,23.294063568115234,21.509960174560547,10.682168006896973,-923.7999877929688,-909.5,63.31113815307617,-1046.43994140625,-1034.0999755859375,-1015.5999755859375,-974.0,-909.5,-874.5,-849.0,-842.4000244140625,-825.9400024414062
7776,-923.8800048828125,23.236148834228516,21.51184844970703,10.507137060165405,-923.8800048828125,-909.5,63.360595703125,-1046.43994140625,-1034.300048828125,-1015.5999755859375,-974.0,-909.5,-874.5,-849.0,-842.4000244140625,-825.9400024414062
7808,-924.1799926757812,23.194820404052734,21.49538230895996,10.395201683044434,-924.1799926757812,-911.0,63.253360748291016,-1046.43994140625,-1034.300048828125,-1017.4000244140625,-974.0,-911.0,-874.5,-849.0,-842.4000244140625,-825.9400024414062
7840,-924.4400024414062,23.141836166381836,21.489452362060547,10.214649677276611,-924.4400024414062,-912.0,63.380332946777344,-1046.47998046875,-1034.300048828125,-1019.2000122070312,-974.0,-912.0,-875.0,-849.0,-842.4000244140625,-825.9400024414062
7872,-924.7799682617188,23.14892578125,21.52627182006836,10.062525033950806,-924.780029296875,-912.0,63.427852630615234,-1046.47998046875,-1034.300048828125,-1019.2000122070312,-974.0,-912.0,-875.0,-849.0,-842.5000610351562,-825.9400024414062
7904,-925.0799560546875,23.099811553955078,21.51266098022461,9.908274412155151,-925.0800170898438,-912.0,63.42502212524414,-1046.47998046875,-1034.449951171875,-1019.2000122070312,-974.0,-912.0,-875.0,-849.0,-842.5000610351562,-830.8999633789062
7936,-925.260009765625,23.0433349609375,21.489187240600586,9.746484756469727,-925.260009765625,-912.0,63.606231689453125,-1048.43994140625,-1034.449951171875,-1021.0999755859375,-974.0,-912.0,-875.0,-849.0,-842.5000610351562,-830.8999633789062
7968,-925.5799560546875,22.994306564331055,21.478168487548828,9.586466789245605,-925.5800170898438,-912.0,63.61606216430664,-1048.43994140625,-1038.25,-1021.0999755859375,-974.0,-912.0,-875.0,-849.0,-842.5000610351562,-830.8999633789062
8000,-925.7999877929688,22.93995475769043,21.46907615661621,9.407394170761108,-925.7999877929688,-912.0,63.64165115356445,-1050.4000244140625,-1038.25,-1021.0999755859375,-974.0,-912.0,-875.0,-850.7999877929688,-842.5000610351562,-830.8999633789062
8032,-925.9199829101562,22.86406707763672,21.42494773864746,9.281078100204468,-925.9199829101562,-912.0,63.62179946899414,-1050.4000244140625,-1038.25,-1021.0999755859375,-974.0,-912.0,-875.0,-850.7999877929688,-842.5000610351562,-830.8999633789062
8064,-926.239990234375,22.830093383789062,21.425840377807617,9.138551950454712,-926.239990234375,-912.0,63.578636169433594,-1050.4000244140625,-1038.25,-1021.0999755859375,-974.0,-912.0,-875.0,-850.7999877929688,-842.7000122070312,-830.8999633789062
8096,-926.6799926757812,22.74343490600586,21.364665985107422,8.985453844070435,-926.6799926757812,-912.5,63.536109924316406,-1050.4000244140625,-1038.25,-1021.0999755859375,-974.0,-912.5,-875.0,-850.7999877929688,-842.7000122070312,-830.8999633789062
8128,-926.719970703125,22.730627059936523,21.381519317626953,8.861377000808716,-926.719970703125,-912.5,63.568084716796875,-1050.4000244140625,-1038.25,-1022.0999755859375,-974.0,-912.5,-875.0,-850.7999877929688,-842.7000122070312,-830.8999633789062
8160,-926.8599853515625,22.619068145751953,21.311683654785156,8.6716468334198,-926.8599853515625,-913.5,63.5436897277832,-1050.4000244140625,-1038.25,-1022.0999755859375,-974.0,-913.5,-875.0,-850.7999877929688,-842.7000122070312,-830.8999633789062
8192,-927.0599975585938,22.57563018798828,21.29896354675293,8.508978843688965,-927.0599975585938,-913.5,63.447750091552734,-1050.4000244140625,-1038.25,-1022.0999755859375,-974.0,-913.5,-875.0,-850.7999877929688,-842.7000122070312,-830.9400024414062
8224,-927.2999877929688,22.490341186523438,21.23724365234375,8.384791612625122,-927.2999877929688,-913.5,63.410491943359375,-1050.4000244140625,-1038.25,-1022.0999755859375,-977.0,-913.5,-875.0,-850.7999877929688,-843.0,-830.9400024414062
8256,-927.2999877929688,22.467288970947266,21.234731674194336,8.257896900177002,-927.2999877929688,-913.5,63.410491943359375,-1050.4000244140625,-1038.25,-1022.0999755859375,-977.0,-913.5,-875.0,-850.7999877929688,-843.0,-830.9400024414062
8288,-927.4599609375,22.48859405517578,21.287673950195312,8.124680280685425,-927.4600219726562,-914.0,63.42655944824219,-1050.4000244140625,-1038.25,-1022.0999755859375,-977.0,-914.0,-875.0,-850.7999877929688,-843.0,-830.97998046875
8320,-927.719970703125,22.436857223510742,21.26842498779297,7.946271896362305,-927.719970703125,-914.0,63.49851608276367,-1050.4000244140625,-1038.25,-1022.0999755859375,-977.0,-914.0,-875.0,-850.7999877929688,-843.0,-830.97998046875
8352,-927.8599853515625,22.40900421142578,21.27545738220215,7.814976811408997,-927.8599853515625,-914.0,63.622955322265625,-1050.4000244140625,-1038.25,-1022.0999755859375,-977.0,-914.0,-875.0,-850.7999877929688,-843.0,-832.9400024414062
8384,-928.0,22.397098541259766,21.284984588623047,7.694336891174316,-928.0,-914.0,63.589778900146484,-1050.4000244140625,-1038.25,-1022.0999755859375,-977.0,-914.0,-875.0,-850.7999877929688,-843.0,-832.9400024414062
8416,-928.1399536132812,22.324872970581055,21.24434471130371,7.552579998970032,-928.1400146484375,-914.0,63.74073028564453,-1050.4000244140625,-1038.25,-1023.2000122070312,-977.0,-914.0,-875.0,-850.7999877929688,-843.0,-832.9400024414062
8448,-928.199951171875,22.285072326660156,21.230880737304688,7.426832675933838,-928.2000122070312,-914.0,63.75499725341797,-1050.4000244140625,-1038.25,-1023.2000122070312,-977.0,-914.0,-875.0,-850.7999877929688,-843.0,-832.9400024414062
8480,-928.5399780273438,22.23125457763672,21.208513259887695,7.289161682128906,-928.5399780273438,-914.0,63.7966194152832,-1050.4000244140625,-1038.25,-1025.0,-977.0,-914.0,-875.0,-850.7999877929688,-843.0,-832.9400024414062
8512,-928.6599731445312,22.224266052246094,21.225788116455078,7.135912895202637,-928.6599731445312,-914.0,63.74311065673828,-1050.4000244140625,-1038.25,-1025.0,-977.0,-914.0,-875.0,-850.7999877929688,-843.0,-832.9400024414062
8544,-928.7999877929688,22.20726776123047,21.235000610351562,7.022125482559204,-928.7999877929688,-914.0,63.70259094238281,-1050.4000244140625,-1038.25,-1025.0,-977.0,-914.0,-875.0,-850.7999877929688,-843.0,-832.9400024414062
8576,-928.8599853515625,22.150150299072266,21.20241355895996,6.858579874038696,-928.8599853515625,-914.0,63.69490051269531,-1050.4000244140625,-1038.25,-1025.199951171875,-977.0,-914.0,-875.0,-850.7999877929688,-843.0,-832.9400024414062
8608,-929.0599975585938,22.084531784057617,21.163394927978516,6.714367508888245,-929.0599975585938,-914.0,63.717628479003906,-1052.3599853515625,-1038.25,-1025.199951171875,-977.0,-914.0,-875.75,-850.7999877929688,-843.0,-832.9400024414062
8640,-929.0799560546875,22.09071159362793,21.20433807373047,6.599673748016357,-929.0800170898438,-914.0,63.72953414916992,-1052.3599853515625,-1038.25,-1025.199951171875,-977.0,-914.0,-875.75,-850.7999877929688,-843.0,-832.9400024414062
8672,-929.1199951171875,22.044212341308594,21.1807861328125,6.442777633666992,-929.1199951171875,-914.0,63.76053237915039,-1052.3599853515625,-1038.25,-1025.199951171875,-977.0,-914.0,-875.75,-850.7999877929688,-843.0,-832.9400024414062
8704,-929.2999877929688,22.042577743530273,21.209407806396484,6.309349298477173,-929.2999877929688,-914.0,63.583091735839844,-1052.3599853515625,-1038.25,-1025.199951171875,-977.0,-914.0,-875.75,-856.4000244140625,-843.0,-832.9400024414062
8736,-929.4400024414062,22.036800384521484,21.22736358642578,6.204923748970032,-929.4400024414062,-914.0,63.640445709228516,-1052.3599853515625,-1038.25,-1025.199951171875,-978.0,-914.0,-875.75,-856.4000244140625,-843.0,-832.9400024414062
8768,-929.47998046875,21.972721099853516,21.19194221496582,5.992542028427124,-929.47998046875,-914.0,63.65147018432617,-1052.3599853515625,-1038.25,-1025.199951171875,-978.0,-914.0,-875.75,-856.4000244140625,-843.0,-832.9400024414062
8800,-929.5799560546875,22.006534576416016,21.24048614501953,5.920410871505737,-929.5800170898438,-915.0,63.71564865112305,-1052.3599853515625,-1038.25,-1025.199951171875,-978.0,-915.0,-875.75,-856.4000244140625,-843.0,-832.9400024414062
8832,-929.6599731445312,21.983200073242188,21.23621940612793,5.792034864425659,-929.6599731445312,-915.0,63.65237808227539,-1052.3599853515625,-1038.25,-1025.199951171875,-978.0,-915.0,-875.75,-856.4000244140625,-843.0,-832.9400024414062
8864,-929.9400024414062,21.926115036010742,21.207660675048828,5.665948271751404,-929.9400024414062,-915.0,63.74304962158203,-1052.3599853515625,-1038.25,-1025.199951171875,-978.0,-915.0,-875.75,-856.4000244140625,-843.0,-832.9400024414062
8896,-930.0599975585938,21.859495162963867,21.160228729248047,5.543456315994263,-930.0599975585938,-915.0,63.8245735168457,-1052.3599853515625,-1038.25,-1025.199951171875,-978.75,-915.0,-875.75,-856.4000244140625,-843.0,-832.9400024414062
8928,-930.0799560546875,21.897422790527344,21.209598541259766,5.496839761734009,-930.0800170898438,-915.0,63.836151123046875,-1052.3599853515625,-1038.25,-1025.199951171875,-978.75,-915.0,-875.75,-856.4000244140625,-843.0,-832.9400024414062
8960,-930.1199951171875,21.851688385009766,21.18910789489746,5.367347002029419,-930.1199951171875,-915.0,63.86928939819336,-1052.3599853515625,-1038.25,-1025.199951171875,-979.75,-915.0,-875.75,-856.4000244140625,-843.0,-832.9400024414062
8992,-930.239990234375,21.778196334838867,21.136072158813477,5.19599974155426,-930.239990234375,-915.0,63.901187896728516,-1052.3599853515625,-1038.25,-1025.199951171875,-981.25,-915.0,-875.75,-856.4000244140625,-843.0,-832.97998046875
9024,-930.2999877929688,21.745101928710938,21.112972259521484,5.140952944755554,-930.2999877929688,-915.0,63.919090270996094,-1052.3599853515625,-1038.25,-1025.199951171875,-981.25,-915.0,-875.75,-856.4000244140625,-843.0,-832.97998046875
9056,-930.3200073242188,21.73609161376953,21.129596710205078,5.022801637649536,-930.3200073242188,-915.0,63.920555114746094,-1052.3599853515625,-1038.25,-1025.199951171875,-981.25,-915.0,-875.75,-856.4000244140625,-843.0,-832.97998046875
9088,-930.5,21.674985885620117,21.088512420654297,4.891050457954407,-930.5,-915.0,63.982261657714844,-1052.3599853515625,-1038.25,-1025.199951171875,-981.25,-915.0,-877.5,-856.4000244140625,-843.0,-832.97998046875
9120,-930.5599975585938,21.666006088256836,21.105316162109375,4.762076139450073,-930.5599975585938,-915.0,63.973323822021484,-1052.3599853515625,-1038.25,-1025.199951171875,-981.25,-915.0,-877.5,-856.4000244140625,-843.0,-832.97998046875
9152,-930.5799560546875,21.62055206298828,21.080440521240234,4.640328407287598,-930.5800170898438,-916.0,63.969085693359375,-1052.3599853515625,-1038.25,-1025.199951171875,-981.25,-916.0,-877.5,-856.4000244140625,-843.0,-832.97998046875
9184,-930.699951171875,21.630329132080078,21.100757598876953,4.52771258354187,-930.7000122070312,-916.0,63.93754577636719,-1052.3599853515625,-1038.25,-1025.199951171875,-981.75,-916.0,-878.25,-856.4000244140625,-843.0,-832.97998046875
9216,-930.719970703125,21.6348934173584,21.13106918334961,4.397984504699707,-930.719970703125,-916.0,63.919803619384766,-1052.3599853515625,-1038.25,-1025.199951171875,-981.75,-916.0,-878.25,-856.4000244140625,-843.0,-832.97998046875
9248,-930.7799682617188,21.639087677001953,21.156803131103516,4.272645711898804,-930.780029296875,-916.0,63.900634765625,-1052.3599853515625,-1038.25,-1025.199951171875,-983.25,-916.0,-878.5,-856.4000244140625,-843.0,-832.97998046875
9280,-930.8200073242188,21.65847396850586,21.196044921875,4.138938844203949,-930.8200073242188,-916.0,63.96208190917969,-1052.3599853515625,-1038.25,-1025.300048828125,-983.25,-916.0,-878.5,-856.4000244140625,-843.0,-832.97998046875
9312,-930.8200073242188,21.689695358276367,21.229352951049805,4.111442148685455,-930.8200073242188,-916.0,63.96208190917969,-1052.3599853515625,-1038.25,-1025.300048828125,-983.25,-916.0,-878.5,-856.4000244140625,-843.0,-832.97998046875
9344,-930.8399658203125,21.691383361816406,21.25735092163086,3.9673322439193726,-930.8400268554688,-916.0,63.97995376586914,-1052.3599853515625,-1038.25,-1025.300048828125,-983.5,-916.0,-878.5,-856.4000244140625,-843.0,-832.97998046875
9376,-930.97998046875,21.755191802978516,21.3281307220459,3.8956751823425293,-930.97998046875,-916.0,64.0570068359375,-1052.3599853515625,-1038.25,-1025.300048828125,-983.5,-916.0,-878.5,-856.4000244140625,-843.0,-832.97998046875
9408,-931.0199584960938,21.756515502929688,21.34962272644043,3.785666048526764,-931.02001953125,-916.0,64.1000747680664,-1052.3599853515625,-1038.25,-1025.300048828125,-983.5,-916.0,-878.5,-856.4000244140625,-843.0,-832.97998046875
9440,-931.0799560546875,21.725440979003906,21.334762573242188,3.6366355419158936,-931.0800170898438,-916.0,64.17517852783203,-1052.3599853515625,-1038.25,-1025.300048828125,-983.5,-916.0,-878.5,-856.4000244140625,-843.0,-832.97998046875
9472,-931.0799560546875,21.70583724975586,21.340490341186523,3.500126898288727,-931.0800170898438,-916.0,64.17517852783203,-1052.3599853515625,-1038.25,-1025.300048828125,-983.5,-916.0,-878.5,-856.4000244140625,-843.0,-832.97998046875
9504,-931.1799926757812,21.736743927001953,21.38409423828125,3.367668569087982,-931.1799926757812,-916.0,64.16812133789062,-1052.3599853515625,-1038.25,-1025.300048828125,-983.5,-916.0,-878.5,-856.4000244140625,-844.9000244140625,-832.97998046875
9536,-931.239990234375,21.7231502532959,21.362628936767578,3.3971906304359436,-931.239990234375,-916.5,64.1585693359375,-1052.3599853515625,-1038.25,-1025.300048828125,-983.5,-916.5,-878.5,-856.4000244140625,-844.9000244140625,-832.97998046875
9568,-931.3200073242188,21.625661849975586,21.29507827758789,3.244310677051544,-931.3200073242188,-916.5,64.19686126708984,-1052.3599853515625,-1038.25,-1028.0,-983.5,-916.5,-878.5,-856.4000244140625,-844.9000244140625,-832.97998046875
9600,-931.3399658203125,21.663253784179688,21.34161949157715,3.186086893081665,-931.3400268554688,-916.5,64.24036407470703,-1052.4000244140625,-1038.25,-1028.0,-983.5,-916.5,-878.5,-856.4000244140625,-844.9000244140625,-832.97998046875
9632,-931.3599853515625,21.663312911987305,21.34625244140625,3.065370738506317,-931.3599853515625,-916.5,64.217529296875,-1052.4000244140625,-1038.25,-1028.0,-983.5,-916.5,-878.5,-858.2000122070312,-844.9000244140625,-832.97998046875
9664,-931.3599853515625,21.56601333618164,21.261180877685547,2.9437564611434937,-931.3599853515625,-916.5,64.217529296875,-1052.4000244140625,-1038.25,-1028.0,-983.5,-916.5,-878.5,-858.2000122070312,-844.9000244140625,-832.97998046875
9696,-931.4199829101562,21.604978561401367,21.320072174072266,2.8360448479652405,-931.4199829101562,-916.5,64.31332397460938,-1052.4000244140625,-1038.25,-1028.0,-983.5,-916.5,-878.5,-858.2000122070312,-844.9000244140625,-832.97998046875
9728,-931.4199829101562,21.672470092773438,21.399505615234375,2.7295572757720947,-931.4199829101562,-916.5,64.31332397460938,-1052.4000244140625,-1038.25,-1028.0,-983.5,-916.5,-878.5,-858.2000122070312,-844.9000244140625,-832.97998046875
9760,-931.4599609375,21.808822631835938,21.543231964111328,2.6648781299591064,-931.4600219726562,-916.5,64.36775970458984,-1052.4000244140625,-1040.1500244140625,-1028.0,-983.5,-916.5,-878.5,-858.2000122070312,-844.9000244140625,-832.97998046875
9792,-931.47998046875,21.857913970947266,21.604061126708984,2.5862467288970947,-931.47998046875,-916.5,64.347412109375,-1052.4000244140625,-1040.1500244140625,-1028.0,-983.5,-916.5,-878.5,-858.2000122070312,-844.9000244140625,-832.97998046875
9824,-931.47998046875,21.893993377685547,21.645984649658203,2.4707077145576477,-931.47998046875,-916.5,64.347412109375,-1052.4000244140625,-1040.1500244140625,-1028.0,-983.5,-916.5,-878.5,-858.2000122070312,-844.9000244140625,-832.97998046875
9856,-931.47998046875,21.934967041015625,21.698944091796875,2.3071799278259277,-931.47998046875,-916.5,64.347412109375,-1052.4000244140625,-1040.1500244140625,-1028.0,-983.5,-916.5,-878.5,-858.2000122070312,-844.9000244140625,-832.97998046875
9888,-931.47998046875,22.01588249206543,21.788707733154297,2.2920854687690735,-931.47998046875,-916.5,64.347412109375,-1052.4000244140625,-1040.1500244140625,-1028.0,-983.5,-916.5,-878.5,-858.2000122070312,-844.9000244140625,-832.97998046875
9920,-931.47998046875,22.036895751953125,21.818082809448242,2.165880858898163,-931.47998046875,-916.5,64.347412109375,-1052.4000244140625,-1040.1500244140625,-1028.0,-983.5,-916.5,-878.5,-858.2000122070312,-844.9000244140625,-832.97998046875
9952,-931.47998046875,22.141948699951172,21.917022705078125,2.076901376247406,-931.47998046875,-916.5,64.347412109375,-1052.4000244140625,-1040.1500244140625,-1028.0,-983.5,-916.5,-878.5,-858.2000122070312,-844.9000244140625,-832.97998046875
9984,-931.47998046875,22.184309005737305,22.00570297241211,1.9035969972610474,-931.47998046875,-916.5,64.347412109375,-1052.4000244140625,-1040.1500244140625,-1028.0,-983.5,-916.5,-878.5,-858.2000122070312,-844.9000244140625,-832.97998046875
