step,best_fitness,avg_hamming,avg_l1,avg_entropy,mean,median,std,2%,5%,10%,25%,50%,75%,90%,95%,98%
96,-298.1600036621094,127.83238220214844,9.405750274658203,176.73566436767578,-298.1600036621094,-296.0,45.07454299926758,-388.1000061035156,-379.25,-358.20001220703125,-338.0,-296.0,-263.0,-238.8000030517578,-229.85000610351562,-216.87997436523438
192,-318.79998779296875,127.6727294921875,11.165278434753418,176.35207748413086,-318.79998779296875,-316.5,43.76139831542969,-409.17999267578125,-388.25,-375.3999938964844,-347.25,-316.5,-290.25,-255.89999389648438,-246.60003662109375,-236.79995727539062
288,-332.3800048828125,127.50592041015625,12.67188549041748,175.96171951293945,-332.3800048828125,-337.5,42.053245544433594,-418.17999267578125,-393.1000061035156,-384.1000061035156,-360.25,-337.5,-302.5,-281.0,-264.550048828125,-253.0
384,-343.97998046875,127.34380340576172,13.968082427978516,175.58383560180664,-343.9800109863281,-342.0,40.51690673828125,-427.3399963378906,-413.25,-393.1000061035156,-367.5,-342.0,-314.5,-290.8999938964844,-280.9000244140625,-275.0
480,-351.44000244140625,127.18022918701172,15.17184066772461,175.20106506347656,-351.44000244140625,-348.5,38.312747955322266,-427.3399963378906,-417.04998779296875,-395.20001220703125,-375.5,-348.5,-326.5,-304.6000061035156,-289.95001220703125,-281.97998046875
576,-359.5199890136719,126.9957504272461,16.267515182495117,174.79889678955078,-359.5199890136719,-356.0,38.24068069458008,-444.2200012207031,-421.20001220703125,-409.3999938964844,-382.5,-356.0,-337.75,-312.4000244140625,-296.6500244140625,-283.97998046875
672,-366.8999938964844,126.82095336914062,17.307392120361328,174.4051856994629,-366.8999938964844,-362.5,39.716617584228516,-467.4800109863281,-429.75,-417.1000061035156,-385.75,-362.5,-341.75,-326.79998779296875,-304.60003662109375,-284.97998046875
768,-372.7200012207031,126.64039611816406,18.263092041015625,174.00785446166992,-372.7200012207031,-369.0,39.652259826660156,-481.20001220703125,-444.6499938964844,-419.20001220703125,-391.0,-369.0,-347.75,-331.0,-315.550048828125,-296.75994873046875
864,-378.41998291015625,126.44993591308594,19.190860748291016,173.5959815979004,-378.4200134277344,-372.0,36.02226638793945,-481.20001220703125,-455.1000061035156,-421.3999938964844,-393.0,-372.0,-354.75,-340.0,-334.8000183105469,-327.0
960,-382.5199890136719,126.2486572265625,20.05701446533203,173.17372131347656,-382.5199890136719,-373.5,36.63754653930664,-481.20001220703125,-455.1000061035156,-428.1000061035156,-404.25,-373.5,-356.75,-341.0,-336.9000244140625,-331.0
1056,-385.5199890136719,126.0477294921875,20.88617515563965,172.75634384155273,-385.5199890136719,-376.0,37.2653923034668,-481.20001220703125,-457.5,-430.5,-410.0,-376.0,-357.0,-346.6000061035156,-337.95001220703125,-331.0
1152,-389.7599792480469,125.83824157714844,21.672279357910156,172.32941055297852,-389.760009765625,-379.0,37.37970733642578,-488.05999755859375,-467.3999938964844,-447.20001220703125,-413.0,-379.0,-361.75,-353.0,-342.9000244140625,-337.8599853515625
1248,-393.3199768066406,125.63267517089844,22.4752254486084,171.8938331604004,-393.32000732421875,-380.5,38.47541427612305,-488.05999755859375,-475.29998779296875,-449.6000061035156,-417.0,-380.5,-365.75,-354.0,-348.70001220703125,-339.8199462890625
1344,-396.94000244140625,125.4136962890625,23.2618408203125,171.43741989135742,-396.94000244140625,-392.0,38.4304084777832,-488.05999755859375,-475.29998779296875,-449.6000061035156,-419.5,-392.0,-368.5,-355.79998779296875,-348.70001220703125,-339.8199462890625
1440,-400.44000244140625,125.17144775390625,23.992961883544922,170.9646873474121,-400.44000244140625,-393.0,39.333274841308594,-491.05999755859375,-475.29998779296875,-449.6000061035156,-421.25,-393.0,-371.75,-356.8999938964844,-351.9000244140625,-340.7999572753906
1536,-405.9599914550781,124.90495300292969,24.670316696166992,170.47108840942383,-405.9599914550781,-404.5,39.56587600708008,-493.0199890136719,-481.29998779296875,-457.0,-425.5,-404.5,-373.0,-359.8999938964844,-352.95001220703125,-342.9599914550781
1632,-411.44000244140625,124.6246337890625,25.361295700073242,169.95650482177734,-411.44000244140625,-409.0,42.09306716918945,-519.0399780273438,-491.1000061035156,-467.0,-433.5,-409.0,-376.5,-361.79998779296875,-353.95001220703125,-342.9599914550781
1728,-419.0199890136719,124.32972717285156,25.992298126220703,169.43353652954102,-419.0199890136719,-417.0,44.75332260131836,-521.3599853515625,-502.25,-481.6000061035156,-444.75,-417.0,-388.0,-362.8999938964844,-358.7500305175781,-351.8199462890625
1824,-426.3800048828125,124.01805877685547,26.619110107421875,168.88454818725586,-426.3800048828125,-417.5,47.43369674682617,-539.0800170898438,-521.1500244140625,-493.1000061035156,-455.5,-417.5,-391.75,-369.0,-359.95001220703125,-353.97998046875
1920,-433.8199768066406,123.70071411132812,27.276790618896484,168.3129119873047,-433.82000732421875,-431.0,48.238861083984375,-544.0599975585938,-533.2999877929688,-502.5,-457.75,-431.0,-394.5,-373.79998779296875,-368.6500244140625,-359.0
2016,-444.8800048828125,123.32749938964844,27.82919692993164,167.70293807983398,-444.8800048828125,-442.0,50.91017150878906,-547.280029296875,-539.2000122070312,-521.2999877929688,-471.0,-442.0,-406.5,-385.8999938964844,-373.9000244140625,-368.8599853515625
2112,-450.47998046875,122.97775268554688,28.411367416381836,167.09968948364258,-450.4800109863281,-447.0,50.017494201660156,-547.280029296875,-539.2000122070312,-525.7999877929688,-478.75,-447.0,-413.75,-388.79998779296875,-378.8500061035156,-373.94000244140625
2208,-458.2599792480469,122.58565521240234,28.937225341796875,166.46789169311523,-458.260009765625,-452.0,51.72535705566406,-561.1400146484375,-544.1500244140625,-533.5,-491.75,-452.0,-418.0,-392.70001220703125,-378.8500061035156,-373.97998046875
2304,-465.79998779296875,122.19026184082031,29.503446578979492,165.8191795349121,-465.79998779296875,-459.5,49.26844787597656,-568.0599975585938,-547.7000122070312,-539.0,-502.0,-459.5,-428.5,-404.8999938964844,-392.8500061035156,-384.8199462890625
2400,-473.03997802734375,121.77435302734375,30.049055099487305,165.13967895507812,-473.0400085449219,-467.0,49.70209503173828,-568.0599975585938,-549.5999755859375,-540.4000244140625,-509.75,-467.0,-440.75,-411.3000183105469,-399.0,-384.8199462890625
2496,-481.3199768066406,121.32994079589844,30.52557945251465,164.44169235229492,-481.32000732421875,-473.0,51.735069274902344,-572.2000122070312,-561.3499755859375,-547.2000122070312,-526.0,-473.0,-447.0,-413.0,-399.95001220703125,-384.8199462890625
2592,-496.6600036621094,120.84820556640625,30.991497039794922,163.70631408691406,-496.6600036621094,-489.0,54.610477447509766,-605.1599731445312,-586.25,-564.4000244140625,-539.0,-489.0,-455.0,-426.79998779296875,-412.60003662109375,-392.94000244140625
2688,-510.05999755859375,120.37913513183594,31.458288192749023,162.97505569458008,-510.05999755859375,-500.5,55.917579650878906,-627.0399780273438,-605.0,-582.4000244140625,-547.5,-500.5,-464.5,-450.79998779296875,-426.9000244140625,-416.91998291015625
2784,-519.1199951171875,119.90629577636719,31.930419921875,162.22322845458984,-519.1199951171875,-520.0,54.344871520996094,-627.0399780273438,-605.0499877929688,-586.5,-557.0,-520.0,-475.75,-455.0,-440.300048828125,-417.0
2880,-528.0,119.40771484375,32.35108184814453,161.45879745483398,-528.0,-529.0,56.646446228027344,-629.0800170898438,-625.0,-605.0,-565.75,-529.0,-486.75,-460.5,-441.0,-417.0
2976,-538.5399780273438,118.89155578613281,32.739219665527344,160.6801643371582,-538.5399780273438,-538.5,55.49061584472656,-636.219970703125,-629.0499877929688,-614.2000122070312,-581.0,-538.5,-495.75,-465.0,-460.60003662109375,-441.0
3072,-550.8599853515625,118.36602020263672,33.130455017089844,159.8882598876953,-550.8599853515625,-556.0,58.217185974121094,-653.7000122070312,-636.1500244140625,-627.2000122070312,-595.5,-556.0,-507.0,-471.6000061035156,-462.9000244140625,-448.8399658203125
3168,-562.2999877929688,117.81976318359375,33.51625061035156,159.06911849975586,-562.2999877929688,-561.5,61.021060943603516,-713.0399780273438,-649.2000122070312,-633.0,-598.0,-561.5,-519.75,-485.70001220703125,-471.8000183105469,-464.91998291015625
3264,-572.8800048828125,117.28549194335938,33.839820861816406,158.2735252380371,-572.8800048828125,-564.5,63.84516906738281,-715.780029296875,-694.1500244140625,-649.4000244140625,-605.0,-564.5,-527.0,-494.4000244140625,-482.550048828125,-471.89996337890625
3360,-589.7799682617188,116.73223114013672,34.15769958496094,157.45896530151367,-589.780029296875,-582.0,66.59828186035156,-754.0999755859375,-699.7999877929688,-685.2999877929688,-631.5,-582.0,-541.75,-510.3000183105469,-485.8500061035156,-473.9599914550781
3456,-601.6799926757812,116.13085174560547,34.44099044799805,156.5968132019043,-601.6799926757812,-591.0,67.09484100341797,-759.5,-715.2999877929688,-693.0999755859375,-639.0,-591.0,-559.25,-520.5999755859375,-505.9000244140625,-485.75994873046875
3552,-609.239990234375,115.56212615966797,34.68071746826172,155.77342987060547,-609.239990234375,-600.0,67.31866455078125,-759.5,-739.4000244140625,-697.2000122070312,-649.0,-600.0,-565.0,-530.5999755859375,-505.9000244140625,-488.699951171875
3648,-618.739990234375,114.98333740234375,34.94775390625,154.9341049194336,-618.739990234375,-612.0,68.79064178466797,-763.7000122070312,-747.3499755859375,-699.4000244140625,-666.75,-612.0,-574.5,-532.7999877929688,-510.7500305175781,-494.57989501953125
3744,-627.7000122070312,114.42887878417969,35.23443603515625,154.09790802001953,-627.7000122070312,-620.5,66.26681518554688,-763.7000122070312,-747.3499755859375,-710.2000122070312,-681.0,-620.5,-583.0,-548.7999877929688,-521.75,-506.0
3840,-637.97998046875,113.8600082397461,35.5048942565918,153.24920272827148,-637.97998046875,-632.5,67.26171875,-798.0399780273438,-754.25,-734.5,-685.0,-632.5,-592.0,-560.7999877929688,-541.8500366210938,-506.0
3936,-652.0999755859375,113.27076721191406,35.72971725463867,152.39165496826172,-652.0999755859375,-646.5,64.99884796142578,-798.0399780273438,-759.0,-747.0,-694.25,-646.5,-604.5,-578.9000244140625,-546.9000244140625,-538.4398803710938
4032,-662.3599853515625,112.67332458496094,35.93846893310547,151.52373123168945,-662.3599853515625,-649.0,69.41967010498047,-817.4199829101562,-798.0999755859375,-756.2999877929688,-699.25,-649.0,-614.5,-581.9000244140625,-562.2000732421875,-538.7999267578125
4128,-674.9400024414062,112.0914535522461,36.16680908203125,150.66876602172852,-674.9400024414062,-670.5,69.02388000488281,-817.4199829101562,-804.5999755859375,-763.7000122070312,-717.25,-670.5,-633.75,-589.5,-572.800048828125,-541.97998046875
4224,-691.8399658203125,111.51240539550781,36.41090393066406,149.80439376831055,-691.8400268554688,-689.0,71.54826354980469,-838.260009765625,-817.2000122070312,-796.7999877929688,-729.75,-689.0,-643.0,-596.9000244140625,-576.9000244140625,-568.8800048828125
4320,-705.739990234375,110.91805267333984,36.570220947265625,148.95225143432617,-705.739990234375,-701.5,70.68431091308594,-843.1599731445312,-823.4500122070312,-813.2999877929688,-747.75,-701.5,-657.75,-615.0,-595.7000122070312,-576.9199829101562
4416,-716.0999755859375,110.36058807373047,36.77412414550781,148.11199951171875,-716.0999755859375,-716.0,71.52740478515625,-874.219970703125,-843.4000244140625,-815.0999755859375,-760.5,-716.0,-665.0,-626.5999755859375,-596.9500122070312,-583.7799682617188
4512,-728.2799682617188,109.7788314819336,36.95600891113281,147.2623176574707,-728.280029296875,-727.0,74.25888061523438,-885.3599853515625,-851.5499877929688,-815.2000122070312,-769.25,-727.0,-678.75,-638.7999877929688,-602.7000122070312,-592.8199462890625
4608,-740.2999877929688,109.21513366699219,37.13356018066406,146.42662811279297,-740.2999877929688,-743.0,74.95311737060547,-885.3599853515625,-857.8499755859375,-826.2999877929688,-782.5,-743.0,-685.0,-638.7999877929688,-622.6500244140625,-592.9599609375
4704,-753.3599853515625,108.64543151855469,37.30341339111328,145.58203125,-753.3599853515625,-757.0,79.38041687011719,-916.1799926757812,-885.9000244140625,-851.2999877929688,-800.5,-757.0,-697.5,-648.4000244140625,-626.9000244140625,-610.639892578125
4800,-764.8800048828125,108.08135986328125,37.453121185302734,144.75784301757812,-764.8800048828125,-769.0,78.46479797363281,-916.1799926757812,-903.2999877929688,-858.7000122070312,-815.0,-769.0,-716.0,-665.0,-632.75,-618.97998046875
4896,-773.1799926757812,107.52034759521484,37.622222900390625,143.91318130493164,-773.1799926757812,-772.5,76.3546142578125,-916.1799926757812,-903.2999877929688,-874.2999877929688,-825.0,-772.5,-725.0,-668.7999877929688,-657.550048828125,-624.8599853515625
4992,-782.2799682617188,106.9241943359375,37.7558708190918,143.0488395690918,-782.280029296875,-779.5,77.45592498779297,-921.0800170898438,-911.25,-878.7000122070312,-838.5,-779.5,-736.5,-670.7999877929688,-660.8500366210938,-630.8199462890625
5088,-788.739990234375,106.33348846435547,37.83225631713867,142.21673965454102,-788.739990234375,-788.0,77.57855987548828,-925.2000122070312,-911.25,-890.2999877929688,-845.5,-788.0,-736.5,-686.2000122070312,-665.0,-631.0
5184,-796.239990234375,105.75804138183594,37.94579315185547,141.38423538208008,-796.239990234375,-792.5,80.37812042236328,-928.1400146484375,-917.2000122070312,-904.5,-856.25,-792.5,-738.5,-688.7999877929688,-665.0,-631.0
5280,-805.1799926757812,105.20431518554688,38.05479049682617,140.56772994995117,-805.1799926757812,-805.0,76.94275665283203,-933.0399780273438,-921.2000122070312,-904.5,-865.5,-805.0,-748.5,-695.9000244140625,-685.7000122070312,-668.9199829101562
5376,-814.9400024414062,104.62313842773438,38.1722526550293,139.7172508239746,-814.9400024414062,-807.5,72.97134399414062,-933.0399780273438,-925.1500244140625,-917.0999755859375,-868.5,-807.5,-764.75,-722.7999877929688,-700.75,-683.7399291992188
5472,-821.6199951171875,104.07124328613281,38.29138946533203,138.8901824951172,-821.6199951171875,-820.0,72.51921081542969,-934.0,-928.0999755859375,-918.2999877929688,-870.0,-820.0,-769.0,-724.7999877929688,-706.7000122070312,-694.8199462890625
5568,-831.0,103.51512145996094,38.385250091552734,138.0730323791504,-831.0,-833.0,74.4200210571289,-970.260009765625,-945.0999755859375,-925.2000122070312,-879.0,-833.0,-778.75,-728.5999755859375,-715.550048828125,-694.8199462890625
5664,-839.0799560546875,102.96086120605469,38.51300048828125,137.24066162109375,-839.0800170898438,-838.5,71.95118713378906,-979.0800170898438,-966.0999755859375,-928.2000122070312,-884.0,-838.5,-794.0,-738.7999877929688,-727.8500366210938,-706.7799682617188
5760,-846.2799682617188,102.38555908203125,38.583770751953125,136.40368270874023,-846.280029296875,-844.0,75.54297637939453,-1016.1599731445312,-987.25,-931.2000122070312,-898.25,-844.0,-794.0,-742.7999877929688,-732.9000244140625,-719.7399291992188
5856,-854.1799926757812,101.83554077148438,38.66722869873047,135.59637069702148,-854.1799926757812,-851.5,76.88529205322266,-1016.1599731445312,-999.0999755859375,-952.0999755859375,-905.0,-851.5,-806.5,-743.9000244140625,-736.800048828125,-727.5798950195312
5952,-863.0599975585938,101.30155944824219,38.73788833618164,134.8119125366211,-863.0599975585938,-856.0,74.28146362304688,-1016.1599731445312,-1001.0999755859375,-968.5,-905.25,-856.0,-820.5,-755.0,-740.800048828125,-727.5798950195312
6048,-869.8800048828125,100.74846649169922,38.783233642578125,134.01324462890625,-869.8800048828125,-869.0,75.53466796875,-1024.0400390625,-1013.0999755859375,-982.0999755859375,-912.0,-869.0,-826.5,-765.800048828125,-740.800048828125,-731.9199829101562
6144,-879.5799560546875,100.20608520507812,38.86577606201172,133.20202255249023,-879.5800170898438,-878.5,75.45543670654297,-1026.300048828125,-1015.2999877929688,-982.0999755859375,-930.25,-878.5,-839.0,-780.9000244140625,-748.6000366210938,-731.9199829101562
6240,-886.0599975585938,99.6865234375,38.96087646484375,132.40911865234375,-886.0599975585938,-881.0,75.1966552734375,-1026.300048828125,-1015.2999877929688,-999.2000122070312,-932.5,-881.0,-842.5,-782.7999877929688,-754.7000122070312,-736.8199462890625
6336,-893.3800048828125,99.16761779785156,39.03491973876953,131.63032150268555,-893.3800048828125,-888.0,75.06233978271484,-1041.260009765625,-1024.050048828125,-999.2000122070312,-937.5,-888.0,-844.5,-784.7999877929688,-779.3500366210938,-762.719970703125
6432,-903.9400024414062,98.65869140625,39.116146087646484,130.84522247314453,-903.9400024414062,-896.0,73.53350067138672,-1054.1800537109375,-1033.199951171875,-1009.5999755859375,-948.75,-896.0,-860.25,-797.7000122070312,-784.9000244140625,-765.9400024414062
6528,-913.0599975585938,98.13875579833984,39.16341781616211,130.07247924804688,-913.0599975585938,-912.0,72.22725677490234,-1054.1800537109375,-1037.050048828125,-1015.5999755859375,-957.5,-912.0,-876.5,-816.4000244140625,-786.9000244140625,-779.8599853515625
6624,-921.5999755859375,97.60623168945312,39.22997283935547,129.27346801757812,-921.5999755859375,-921.0,70.42485809326172,-1071.1400146484375,-1037.050048828125,-1015.5999755859375,-963.25,-921.0,-882.5,-828.5,-794.9000244140625,-779.8599853515625
6720,-928.0,97.07377624511719,39.260982513427734,128.4965057373047,-928.0,-923.5,72.60454559326172,-1075.06005859375,-1049.25,-1032.0999755859375,-975.25,-923.5,-882.5,-831.9000244140625,-820.0001220703125,-786.8599853515625
6816,-934.1399536132812,96.51213073730469,39.28849411010742,127.68924522399902,-934.1400146484375,-934.0,71.01718139648438,-1075.06005859375,-1054.449951171875,-1033.4000244140625,-977.75,-934.0,-885.0,-831.9000244140625,-820.10009765625,-792.97998046875
6912,-941.0199584960938,95.98582458496094,39.331172943115234,126.91482353210449,-941.02001953125,-939.5,72.15303039550781,-1081.0400390625,-1054.449951171875,-1037.0,-994.75,-939.5,-897.25,-835.5999755859375,-822.9500732421875,-792.97998046875
7008,-946.2799682617188,95.43889617919922,39.345123291015625,126.12196159362793,-946.280029296875,-943.0,70.75861358642578,-1083.1199951171875,-1063.75,-1041.199951171875,-995.5,-943.0,-903.0,-840.5999755859375,-828.75,-806.8999633789062
7104,-952.47998046875,94.90157318115234,39.361289978027344,125.34636116027832,-952.47998046875,-955.0,73.16631317138672,-1086.06005859375,-1078.1500244140625,-1043.5999755859375,-1006.25,-955.0,-903.75,-844.2000122070312,-828.75,-807.97998046875
7200,-958.47998046875,94.38186645507812,39.40243148803711,124.57330322265625,-958.47998046875,-960.0,72.8855972290039,-1086.06005859375,-1078.1500244140625,-1050.199951171875,-1014.25,-960.0,-906.75,-854.9000244140625,-829.9500122070312,-807.97998046875
7296,-962.3800048828125,93.86026000976562,39.39356231689453,123.82422256469727,-962.3800048828125,-964.0,73.2352066040039,-1089.0999755859375,-1081.0999755859375,-1050.199951171875,-1017.0,-964.0,-911.0,-854.9000244140625,-829.9500122070312,-822.699951171875
7392,-967.3599853515625,93.32839965820312,39.36853790283203,123.06877326965332,-967.3599853515625,-969.0,73.07783508300781,-1093.02001953125,-1088.050048828125,-1063.4000244140625,-1023.0,-969.0,-919.75,-866.7000122070312,-834.800048828125,-824.8199462890625
7488,-974.5,92.79561614990234,39.38529586791992,122.29016876220703,-974.5,-979.0,73.38017272949219,-1096.06005859375,-1093.0,-1069.5999755859375,-1032.25,-979.0,-923.0,-877.9000244140625,-848.0,-828.9199829101562
7584,-981.5599975585938,92.29631805419922,39.441490173339844,121.52739524841309,-981.5599975585938,-987.0,73.0680923461914,-1100.47998046875,-1093.1500244140625,-1074.0999755859375,-1035.25,-987.0,-924.0,-886.4000244140625,-849.9000244140625,-830.9599609375
7680,-985.7599487304688,91.75700378417969,39.425193786621094,120.7499942779541,-985.760009765625,-991.0,73.3722152709961,-1123.02001953125,-1101.699951171875,-1078.4000244140625,-1036.25,-991.0,-934.5,-893.6000366210938,-856.6500244140625,-844.9199829101562
7776,-992.199951171875,91.25418090820312,39.46160125732422,119.99274253845215,-992.2000122070312,-993.0,72.89567565917969,-1124.0999755859375,-1101.699951171875,-1084.699951171875,-1052.25,-993.0,-940.75,-896.7999877929688,-870.8500366210938,-847.8599853515625
7872,-995.6799926757812,90.74803161621094,39.45616149902344,119.25168991088867,-995.6799926757812,-995.0,71.75066375732422,-1124.280029296875,-1103.5999755859375,-1091.199951171875,-1052.25,-995.0,-945.5,-898.7999877929688,-874.800048828125,-847.8599853515625
7968,-1003.5599975585938,90.21184539794922,39.44929504394531,118.47905349731445,-1003.5599975585938,-1004.0,71.90345001220703,-1141.0799560546875,-1123.0999755859375,-1098.0999755859375,-1063.25,-1004.0,-951.75,-904.7000122070312,-874.800048828125,-867.8199462890625
8064,-1008.9400024414062,89.68339538574219,39.446929931640625,117.70981216430664,-1008.9400024414062,-1009.0,73.2353515625,-1141.0799560546875,-1123.0999755859375,-1102.199951171875,-1068.75,-1009.0,-955.25,-904.7000122070312,-886.4000244140625,-867.8199462890625
8160,-1014.5399780273438,89.17984008789062,39.432830810546875,116.97783851623535,-1014.5399780273438,-1016.0,72.16292572021484,-1148.0400390625,-1125.449951171875,-1109.5999755859375,-1074.0,-1016.0,-962.5,-928.4000244140625,-890.800048828125,-874.8599853515625
8256,-1020.7999877929688,88.69441223144531,39.42658996582031,116.26248741149902,-1020.7999877929688,-1027.5,71.51042175292969,-1149.02001953125,-1134.25,-1115.800048828125,-1074.5,-1027.5,-970.5,-936.2000122070312,-894.6000366210938,-875.8399658203125
8352,-1023.5599975585938,88.17061614990234,39.39714431762695,115.51366806030273,-1023.5599975585938,-1028.5,72.03629302978516,-1152.02001953125,-1134.25,-1115.800048828125,-1079.0,-1028.5,-974.75,-938.0,-894.6000366210938,-876.8199462890625
8448,-1029.0799560546875,87.64024353027344,39.376380920410156,114.74355125427246,-1029.0799560546875,-1034.0,74.11054992675781,-1158.06005859375,-1139.550048828125,-1125.0,-1079.25,-1034.0,-978.75,-941.6000366210938,-904.5000610351562,-876.8199462890625
8544,-1034.02001953125,87.1384506225586,39.33712387084961,114.02065849304199,-1034.02001953125,-1035.0,74.93903350830078,-1161.0799560546875,-1153.0,-1131.300048828125,-1092.5,-1035.0,-979.0,-942.5,-904.5000610351562,-885.8800048828125
8640,-1039.9000244140625,86.63972473144531,39.32627868652344,113.28406715393066,-1039.9000244140625,-1041.5,75.03338623046875,-1165.02001953125,-1153.25,-1134.4000244140625,-1103.5,-1041.5,-984.5,-942.5,-904.6000366210938,-887.9599609375
8736,-1044.97998046875,86.16731262207031,39.311981201171875,112.57861137390137,-1044.97998046875,-1045.0,75.29979705810547,-1166.260009765625,-1153.25,-1139.199951171875,-1105.25,-1045.0,-985.0,-944.2999877929688,-916.0001220703125,-887.9599609375
8832,-1048.8599853515625,85.68346405029297,39.27086639404297,111.88192176818848,-1048.8599853515625,-1050.0,74.60240936279297,-1176.06005859375,-1155.1500244140625,-1150.0999755859375,-1105.75,-1050.0,-988.0,-954.5999755859375,-918.9000244140625,-887.9599609375
8928,-1053.739990234375,85.1839599609375,39.265316009521484,111.13624954223633,-1053.739990234375,-1057.0,73.00871276855469,-1178.02001953125,-1155.449951171875,-1151.0999755859375,-1106.25,-1057.0,-1003.0,-956.7999877929688,-933.800048828125,-916.3798828125
9024,-1057.199951171875,84.65580749511719,39.20082092285156,110.39120483398438,-1057.199951171875,-1057.0,75.00626373291016,-1182.1400146484375,-1178.050048828125,-1164.0999755859375,-1106.25,-1057.0,-1003.0,-956.7999877929688,-934.9500122070312,-919.9400024414062
9120,-1062.6199951171875,84.14308166503906,39.15471649169922,109.64697074890137,-1062.6199951171875,-1059.0,73.59317016601562,-1185.0799560546875,-1182.050048828125,-1165.800048828125,-1114.75,-1059.0,-1018.25,-961.5,-936.9000244140625,-919.9400024414062
9216,-1065.0999755859375,83.63741302490234,39.132225036621094,108.92059898376465,-1065.0999755859375,-1062.0,73.90596008300781,-1189.0999755859375,-1183.050048828125,-1168.5,-1123.0,-1062.0,-1019.0,-961.7000122070312,-944.6000366210938,-922.9400024414062
9312,-1068.0,83.15865325927734,39.11948776245117,108.20058822631836,-1068.0,-1068.0,72.19542694091797,-1194.06005859375,-1184.25,-1168.5,-1123.0,-1068.0,-1021.25,-964.7000122070312,-950.7000122070312,-929.8599853515625
9408,-1073.760009765625,82.6558837890625,39.0516357421875,107.48802185058594,-1073.760009765625,-1076.0,72.54241943359375,-1207.1600341796875,-1184.25,-1171.199951171875,-1123.0,-1076.0,-1037.5,-970.1000366210938,-950.7000122070312,-929.8599853515625
9504,-1079.419921875,82.18800354003906,39.01701736450195,106.79836845397949,-1079.4200439453125,-1080.0,72.68867492675781,-1216.0,-1189.0999755859375,-1175.0999755859375,-1131.5,-1080.0,-1039.0,-981.9000244140625,-959.6000366210938,-929.8599853515625
9600,-1085.0399169921875,81.688232421875,38.9351692199707,106.09443283081055,-1085.0400390625,-1088.0,74.08251190185547,-1232.0999755859375,-1189.9000244140625,-1175.0999755859375,-1134.75,-1088.0,-1042.0,-982.7999877929688,-959.6000366210938,-929.8599853515625
9696,-1088.0999755859375,81.19097900390625,38.89341354370117,105.36607360839844,-1088.0999755859375,-1091.0,74.08191680908203,-1232.0999755859375,-1216.050048828125,-1179.199951171875,-1134.75,-1091.0,-1043.0,-982.7999877929688,-970.300048828125,-929.8599853515625
9792,-1090.5599365234375,80.71227264404297,38.833473205566406,104.67377471923828,-1090.56005859375,-1093.0,73.81643676757812,-1232.0999755859375,-1216.050048828125,-1181.0999755859375,-1138.25,-1093.0,-1047.0,-988.4000244140625,-970.300048828125,-945.7399291992188
9888,-1093.9599609375,80.21492004394531,38.76118850708008,103.96972274780273,-1093.9599609375,-1100.5,74.82926177978516,-1246.02001953125,-1217.6500244140625,-1181.0999755859375,-1142.5,-1100.5,-1048.5,-995.2999877929688,-970.800048828125,-945.7399291992188
9984,-1098.3599853515625,79.75640869140625,38.71553039550781,103.29143142700195,-1098.3599853515625,-1106.0,73.6858901977539,-1246.02001953125,-1217.6500244140625,-1191.0999755859375,-1145.0,-1106.0,-1048.5,-999.0,-976.9000244140625,-951.6199340820312
10080,-1102.3800048828125,79.27961730957031,38.66352462768555,102.60027503967285,-1102.3800048828125,-1108.5,72.68146514892578,-1247.1800537109375,-1217.6500244140625,-1191.0999755859375,-1150.0,-1108.5,-1056.75,-1000.7999877929688,-978.800048828125,-954.9400024414062
10176,-1107.199951171875,78.8118896484375,38.64516067504883,101.89671325683594,-1107.199951171875,-1114.0,73.24002075195312,-1260.1800537109375,-1217.6500244140625,-1192.0999755859375,-1160.0,-1114.0,-1056.75,-1012.1000366210938,-982.6000366210938,-966.699951171875
10272,-1110.219970703125,78.33019256591797,38.60871887207031,101.19127655029297,-1110.219970703125,-1117.0,72.71707153320312,-1260.1800537109375,-1223.3499755859375,-1193.4000244140625,-1163.25,-1117.0,-1058.75,-1012.1000366210938,-983.0,-966.97998046875
10368,-1112.93994140625,77.83268737792969,38.52054977416992,100.49274063110352,-1112.93994140625,-1118.0,72.66344451904297,-1269.0400390625,-1230.1500244140625,-1193.4000244140625,-1165.5,-1118.0,-1061.75,-1015.7000122070312,-983.0,-970.8999633789062
10464,-1115.919921875,77.38227844238281,38.485862731933594,99.81464195251465,-1115.9200439453125,-1121.0,72.70360565185547,-1269.0400390625,-1233.199951171875,-1206.0,-1170.25,-1121.0,-1068.0,-1016.9000244140625,-1002.0001220703125,-970.8999633789062
10560,-1119.1199951171875,76.9052505493164,38.423728942871094,99.1220531463623,-1119.1199951171875,-1127.0,73.3051528930664,-1269.0400390625,-1233.5,-1206.300048828125,-1172.25,-1127.0,-1068.0,-1017.0,-1002.9500732421875,-970.8999633789062
10656,-1123.1400146484375,76.44796752929688,38.36558151245117,98.4574031829834,-1123.1400146484375,-1130.0,73.66355895996094,-1271.300048828125,-1243.0,-1209.800048828125,-1176.25,-1130.0,-1068.0,-1019.0,-1010.300048828125,-970.97998046875
10752,-1125.8199462890625,76.01582336425781,38.312843322753906,97.81291389465332,-1125.8199462890625,-1133.0,73.25126647949219,-1279.1400146484375,-1243.0,-1209.800048828125,-1179.0,-1133.0,-1068.0,-1019.0,-1016.9500122070312,-970.97998046875
10848,-1129.0,75.552978515625,38.220550537109375,97.1593132019043,-1129.0,-1133.5,74.24459075927734,-1279.280029296875,-1243.5,-1224.0,-1182.5,-1133.5,-1076.0,-1026.800048828125,-1016.9500122070312,-970.97998046875
10944,-1132.2999267578125,75.09725189208984,38.154014587402344,96.48446464538574,-1132.300048828125,-1135.0,73.43221282958984,-1279.280029296875,-1243.5,-1224.800048828125,-1183.0,-1135.0,-1084.5,-1031.5,-1019.0,-970.97998046875
11040,-1135.6400146484375,74.61221313476562,38.05686569213867,95.8005485534668,-1135.6400146484375,-1136.5,72.67413330078125,-1279.280029296875,-1247.300048828125,-1224.800048828125,-1186.25,-1136.5,-1088.25,-1031.9000244140625,-1022.800048828125,-987.8599853515625
11136,-1139.0599365234375,74.16433715820312,38.0004768371582,95.13787841796875,-1139.06005859375,-1139.0,72.64940643310547,-1287.1199951171875,-1253.5,-1232.5999755859375,-1187.75,-1139.0,-1090.0,-1043.0,-1023.8500366210938,-987.8599853515625
11232,-1142.4000244140625,73.71995544433594,37.945762634277344,94.47704315185547,-1142.4000244140625,-1140.5,72.76551818847656,-1287.1199951171875,-1263.050048828125,-1232.5999755859375,-1191.25,-1140.5,-1090.0,-1050.4000244140625,-1030.6500244140625,-1001.5798950195312
11328,-1146.5,73.27619934082031,37.886878967285156,93.81076431274414,-1146.5,-1147.0,71.9650650024414,-1287.1199951171875,-1263.050048828125,-1238.0999755859375,-1194.5,-1147.0,-1097.25,-1051.0,-1030.949951171875,-1001.8800048828125
11424,-1148.8199462890625,72.7924575805664,37.78800582885742,93.13411903381348,-1148.8199462890625,-1151.0,72.30814361572266,-1293.239990234375,-1263.0999755859375,-1240.0,-1196.75,-1151.0,-1101.25,-1051.9000244140625,-1030.949951171875,-1001.8999633789062
11520,-1150.8800048828125,72.30915832519531,37.6737174987793,92.47007751464844,-1150.8800048828125,-1154.0,72.53636932373047,-1293.239990234375,-1263.0999755859375,-1240.0,-1204.75,-1154.0,-1105.25,-1051.9000244140625,-1030.949951171875,-1001.8999633789062
11616,-1155.1600341796875,71.88792419433594,37.6023063659668,91.84070587158203,-1155.1600341796875,-1156.5,71.5915756225586,-1293.239990234375,-1265.3499755859375,-1240.0,-1213.25,-1156.5,-1114.5,-1056.5999755859375,-1030.949951171875,-1006.8999633789062
11712,-1158.0,71.47395324707031,37.52758026123047,91.23073959350586,-1158.0,-1163.0,70.92488861083984,-1293.239990234375,-1265.3499755859375,-1240.0,-1213.25,-1163.0,-1119.0,-1058.4000244140625,-1038.60009765625,-1007.97998046875
11808,-1160.1199951171875,71.03590393066406,37.43916320800781,90.58979797363281,-1160.1199951171875,-1168.5,70.7864761352539,-1293.239990234375,-1265.3499755859375,-1244.5,-1213.25,-1168.5,-1119.0,-1058.4000244140625,-1038.75,-1011.9199829101562
11904,-1164.5,70.59859466552734,37.35837936401367,89.95585632324219,-1164.5,-1170.0,71.53775024414062,-1305.260009765625,-1275.0999755859375,-1244.5,-1219.25,-1170.0,-1120.75,-1058.4000244140625,-1040.9000244140625,-1011.9400024414062
12000,-1166.8199462890625,70.20158386230469,37.309608459472656,89.34675216674805,-1166.8199462890625,-1173.0,70.56108856201172,-1307.219970703125,-1275.3499755859375,-1244.699951171875,-1219.25,-1173.0,-1123.0,-1064.5999755859375,-1048.9000244140625,-1025.719970703125
12096,-1170.719970703125,69.79249572753906,37.23175048828125,88.74543762207031,-1170.719970703125,-1178.0,68.91633605957031,-1307.239990234375,-1282.1500244140625,-1252.0999755859375,-1220.0,-1178.0,-1124.0,-1072.699951171875,-1062.9000244140625,-1025.719970703125
12192,-1174.0399169921875,69.37631225585938,37.14092254638672,88.13412475585938,-1174.0400390625,-1182.0,68.33577728271484,-1307.239990234375,-1282.1500244140625,-1254.0,-1224.0,-1182.0,-1126.5,-1074.9000244140625,-1065.0,-1025.719970703125
12288,-1176.2999267578125,68.95355224609375,37.054080963134766,87.50769996643066,-1176.300048828125,-1182.0,67.91502380371094,-1307.239990234375,-1282.1500244140625,-1255.800048828125,-1228.0,-1182.0,-1126.5,-1074.9000244140625,-1065.0,-1025.97998046875
12384,-1179.239990234375,68.55300903320312,36.99782180786133,86.88198280334473,-1179.239990234375,-1184.5,67.7967758178711,-1307.239990234375,-1282.1500244140625,-1257.5999755859375,-1231.25,-1184.5,-1133.0,-1074.9000244140625,-1065.0,-1035.93994140625
12480,-1180.719970703125,68.13600158691406,36.9159049987793,86.27631568908691,-1180.719970703125,-1188.0,67.57145690917969,-1307.239990234375,-1282.1500244140625,-1257.800048828125,-1233.0,-1188.0,-1136.0,-1075.0,-1072.60009765625,-1053.5799560546875
12576,-1182.8199462890625,67.712890625,36.816001892089844,85.6650562286377,-1182.8199462890625,-1191.0,66.94764709472656,-1319.0,-1282.1500244140625,-1258.699951171875,-1236.25,-1191.0,-1138.0,-1079.5,-1073.0,-1060.8599853515625
12672,-1185.199951171875,67.30077362060547,36.74995422363281,85.04541397094727,-1185.199951171875,-1191.0,67.20223236083984,-1319.0,-1285.699951171875,-1268.0,-1236.25,-1191.0,-1138.75,-1079.5,-1073.0,-1061.0
12768,-1187.3599853515625,66.89862060546875,36.653099060058594,84.43633079528809,-1187.3599853515625,-1193.0,67.3187255859375,-1319.0,-1294.25,-1268.5,-1237.75,-1193.0,-1138.75,-1080.0,-1073.949951171875,-1070.7999267578125
12864,-1188.8599853515625,66.46334838867188,36.54325866699219,83.80503845214844,-1188.8599853515625,-1195.0,67.40653228759766,-1319.0,-1298.050048828125,-1272.0999755859375,-1239.25,-1195.0,-1138.75,-1086.300048828125,-1073.949951171875,-1070.7999267578125
12960,-1190.699951171875,66.08815002441406,36.47258758544922,83.23361587524414,-1190.699951171875,-1197.0,68.0412368774414,-1319.0,-1299.1500244140625,-1272.0999755859375,-1242.5,-1197.0,-1142.75,-1086.300048828125,-1074.9000244140625,-1070.7999267578125
13056,-1192.5599365234375,65.71971130371094,36.40037155151367,82.67074012756348,-1192.56005859375,-1198.0,67.58540344238281,-1319.199951171875,-1299.1500244140625,-1272.0999755859375,-1246.25,-1198.0,-1150.5,-1092.300048828125,-1079.8499755859375,-1072.760009765625
13152,-1194.8599853515625,65.3504867553711,36.35658264160156,82.0926284790039,-1194.8599853515625,-1200.5,69.12684631347656,-1333.06005859375,-1299.1500244140625,-1280.0999755859375,-1247.75,-1200.5,-1151.0,-1092.5,-1079.8499755859375,-1072.760009765625
13248,-1196.47998046875,64.93171691894531,36.251441955566406,81.48930549621582,-1196.47998046875,-1200.5,69.00862121582031,-1333.06005859375,-1299.6500244140625,-1281.0999755859375,-1247.75,-1200.5,-1151.0,-1100.199951171875,-1079.8499755859375,-1072.760009765625
13344,-1197.97998046875,64.53855895996094,36.172523498535156,80.89684677124023,-1197.97998046875,-1200.5,69.59152221679688,-1333.1199951171875,-1312.1500244140625,-1286.0,-1247.75,-1200.5,-1152.5,-1100.199951171875,-1079.8499755859375,-1072.760009765625
13440,-1200.97998046875,64.14168548583984,36.08329391479492,80.30774307250977,-1200.97998046875,-1205.0,68.73120880126953,-1333.1199951171875,-1312.1500244140625,-1286.0,-1250.5,-1205.0,-1153.75,-1104.699951171875,-1084.75,-1076.7999267578125
13536,-1204.179931640625,63.75300216674805,36.01365661621094,79.71171951293945,-1204.1800537109375,-1211.0,67.93487548828125,-1333.1199951171875,-1315.1500244140625,-1286.0,-1254.0,-1211.0,-1155.75,-1110.800048828125,-1093.35009765625,-1076.8199462890625
13632,-1205.719970703125,63.378875732421875,35.94482421875,79.13056182861328,-1205.719970703125,-1211.0,67.91216278076172,-1333.1199951171875,-1315.1500244140625,-1286.699951171875,-1256.25,-1211.0,-1158.5,-1110.800048828125,-1093.6500244140625,-1076.8199462890625
13728,-1207.280029296875,63.00817108154297,35.87055206298828,78.55960273742676,-1207.280029296875,-1213.0,68.50038146972656,-1339.0400390625,-1318.25,-1290.300048828125,-1261.25,-1213.0,-1158.5,-1110.800048828125,-1101.0,-1076.8199462890625
13824,-1209.419921875,62.65840148925781,35.816768646240234,77.99893569946289,-1209.4200439453125,-1213.5,68.36492919921875,-1341.0,-1318.25,-1293.0999755859375,-1261.25,-1213.5,-1162.5,-1110.800048828125,-1101.0,-1076.8199462890625
13920,-1211.97998046875,62.29840850830078,35.74488067626953,77.44270515441895,-1211.97998046875,-1219.0,67.40341186523438,-1341.300048828125,-1318.25,-1294.5,-1261.5,-1219.0,-1167.75,-1114.699951171875,-1101.0,-1088.760009765625
14016,-1214.8599853515625,61.921165466308594,35.66615676879883,76.85728073120117,-1214.8599853515625,-1222.0,67.79351806640625,-1356.06005859375,-1321.0999755859375,-1299.699951171875,-1263.25,-1222.0,-1168.75,-1116.800048828125,-1103.8499755859375,-1088.760009765625
14112,-1217.239990234375,61.55712890625,35.59254837036133,76.29430389404297,-1217.239990234375,-1227.5,67.26724243164062,-1356.06005859375,-1323.3499755859375,-1299.699951171875,-1265.0,-1227.5,-1170.5,-1124.5999755859375,-1103.8499755859375,-1088.8399658203125
14208,-1219.1199951171875,61.191497802734375,35.50709915161133,75.73371696472168,-1219.1199951171875,-1228.5,67.142578125,-1359.0799560546875,-1323.3499755859375,-1306.300048828125,-1268.25,-1228.5,-1170.5,-1126.800048828125,-1106.949951171875,-1100.639892578125
14304,-1221.3199462890625,60.814998626708984,35.41889572143555,75.16079139709473,-1221.3199462890625,-1229.0,67.55500030517578,-1359.0799560546875,-1323.3499755859375,-1306.300048828125,-1270.25,-1229.0,-1170.5,-1128.800048828125,-1109.8499755859375,-1100.639892578125
14400,-1222.659912109375,60.441890716552734,35.3209228515625,74.59848594665527,-1222.6600341796875,-1230.0,67.77333068847656,-1359.0799560546875,-1330.050048828125,-1311.0,-1271.25,-1230.0,-1175.5,-1128.800048828125,-1113.8499755859375,-1102.599853515625
14496,-1225.0399169921875,60.081947326660156,35.23162841796875,74.04002952575684,-1225.0400390625,-1230.0,67.32621002197266,-1363.0,-1330.050048828125,-1311.0,-1273.0,-1230.0,-1180.0,-1130.800048828125,-1113.8499755859375,-1102.7999267578125
14592,-1227.419921875,59.755889892578125,35.1652946472168,73.5122241973877,-1227.4200439453125,-1231.0,66.2721939086914,-1363.0,-1332.25,-1311.0,-1277.25,-1231.0,-1180.5,-1132.9000244140625,-1113.8499755859375,-1108.8800048828125
14688,-1228.9599609375,59.4337158203125,35.10227966308594,73.00140762329102,-1228.9599609375,-1232.5,65.6135482788086,-1363.02001953125,-1332.25,-1311.0999755859375,-1277.25,-1232.5,-1182.5,-1132.9000244140625,-1115.9000244140625,-1109.8599853515625
14784,-1230.159912109375,59.13017272949219,35.048065185546875,72.50671005249023,-1230.1600341796875,-1232.5,66.21566772460938,-1363.06005859375,-1332.25,-1316.300048828125,-1278.25,-1232.5,-1184.0,-1132.9000244140625,-1115.9000244140625,-1109.8599853515625
14880,-1231.0999755859375,58.80234909057617,35.00674819946289,71.95429229736328,-1231.0999755859375,-1232.5,66.08214569091797,-1366.02001953125,-1332.449951171875,-1316.300048828125,-1278.25,-1232.5,-1184.0,-1134.800048828125,-1115.9000244140625,-1109.97998046875
14976,-1232.7999267578125,58.47492980957031,34.94639205932617,71.41933822631836,-1232.800048828125,-1241.5,66.38177490234375,-1366.02001953125,-1341.0,-1316.300048828125,-1279.75,-1241.5,-1186.5,-1134.800048828125,-1115.9000244140625,-1109.97998046875
15072,-1234.3399658203125,58.12737274169922,34.856285095214844,70.88222312927246,-1234.3399658203125,-1242.5,66.62960815429688,-1366.02001953125,-1341.0,-1316.300048828125,-1282.25,-1242.5,-1186.5,-1139.0,-1115.9000244140625,-1109.97998046875
15168,-1235.8599853515625,57.777488708496094,34.757808685302734,70.35220909118652,-1235.8599853515625,-1242.5,66.37138366699219,-1367.0999755859375,-1344.25,-1316.300048828125,-1282.25,-1242.5,-1189.0,-1139.0,-1121.0,-1115.8800048828125
15264,-1237.6199951171875,57.46366500854492,34.69149398803711,69.85468292236328,-1237.6199951171875,-1243.0,65.5304183959961,-1367.0999755859375,-1344.25,-1318.0999755859375,-1282.25,-1243.0,-1189.0,-1142.699951171875,-1128.949951171875,-1121.0
15360,-1238.5,57.13512420654297,34.60735321044922,69.35055732727051,-1238.5,-1243.0,65.11597442626953,-1367.0999755859375,-1344.25,-1318.0999755859375,-1282.25,-1243.0,-1189.0,-1142.699951171875,-1131.8499755859375,-1121.0
15456,-1240.52001953125,56.840293884277344,34.54606246948242,68.86448860168457,-1240.52001953125,-1243.0,65.34699249267578,-1372.06005859375,-1344.25,-1320.0999755859375,-1284.25,-1243.0,-1190.5,-1148.5,-1131.8499755859375,-1121.0
15552,-1242.5,56.53001403808594,34.47005844116211,68.3703556060791,-1242.5,-1247.0,66.10877227783203,-1372.219970703125,-1349.4000244140625,-1330.300048828125,-1290.25,-1247.0,-1192.25,-1154.4000244140625,-1131.8499755859375,-1121.0
15648,-1244.280029296875,56.22578048706055,34.412689208984375,67.86763381958008,-1244.280029296875,-1247.0,66.18898010253906,-1378.0999755859375,-1349.4000244140625,-1330.300048828125,-1294.75,-1247.0,-1196.0,-1155.0,-1131.8499755859375,-1121.0
15744,-1246.02001953125,55.90423583984375,34.33417892456055,67.35162162780762,-1246.02001953125,-1252.0,65.65164947509766,-1378.0999755859375,-1357.0,-1330.300048828125,-1294.75,-1252.0,-1201.75,-1155.0,-1135.800048828125,-1121.0
15840,-1247.3800048828125,55.59027099609375,34.2524528503418,66.86650466918945,-1247.3800048828125,-1254.5,65.05502319335938,-1378.0999755859375,-1357.0,-1330.300048828125,-1297.0,-1254.5,-1201.75,-1157.699951171875,-1135.800048828125,-1129.0
15936,-1249.0399169921875,55.309104919433594,34.208412170410156,66.37909317016602,-1249.0400390625,-1257.0,64.74827575683594,-1378.0999755859375,-1357.0999755859375,-1330.300048828125,-1297.0,-1257.0,-1201.75,-1157.9000244140625,-1141.7000732421875,-1130.9599609375
16032,-1250.3599853515625,54.97313690185547,34.09667205810547,65.87043380737305,-1250.3599853515625,-1257.0,64.76766204833984,-1378.0999755859375,-1357.0999755859375,-1332.0999755859375,-1300.25,-1257.0,-1203.0,-1160.699951171875,-1141.7000732421875,-1131.0
16128,-1251.659912109375,54.67236328125,34.01748275756836,65.3874397277832,-1251.6600341796875,-1257.0,64.55931091308594,-1382.02001953125,-1357.0999755859375,-1332.0999755859375,-1301.5,-1257.0,-1205.25,-1160.699951171875,-1144.8499755859375,-1131.0
16224,-1253.5,54.36027145385742,33.93362045288086,64.89340782165527,-1253.5,-1258.5,63.869632720947266,-1383.0999755859375,-1361.300048828125,-1332.0999755859375,-1303.25,-1258.5,-1205.25,-1163.4000244140625,-1146.9000244140625,-1135.93994140625
16320,-1254.260009765625,54.055259704589844,33.85774230957031,64.40200996398926,-1254.260009765625,-1258.5,63.3787956237793,-1383.0999755859375,-1361.300048828125,-1332.0999755859375,-1304.0,-1258.5,-1208.75,-1164.5999755859375,-1146.9000244140625,-1141.8199462890625
16416,-1255.47998046875,53.77644348144531,33.7934684753418,63.932637214660645,-1255.47998046875,-1258.5,63.75852584838867,-1385.0999755859375,-1361.300048828125,-1334.300048828125,-1304.25,-1258.5,-1208.75,-1164.5999755859375,-1146.9000244140625,-1141.8199462890625
16512,-1256.159912109375,53.5042839050293,33.73841857910156,63.45943546295166,-1256.1600341796875,-1258.5,63.72060012817383,-1387.06005859375,-1361.5999755859375,-1334.300048828125,-1305.25,-1258.5,-1208.75,-1164.5999755859375,-1149.8499755859375,-1143.7799072265625
16608,-1257.2999267578125,53.25691223144531,33.70664978027344,63.02224636077881,-1257.300048828125,-1258.5,63.24563217163086,-1387.06005859375,-1361.5999755859375,-1334.300048828125,-1305.25,-1258.5,-1210.5,-1164.5999755859375,-1149.8499755859375,-1143.97998046875
16704,-1258.9599609375,52.954345703125,33.62151336669922,62.54172420501709,-1258.9599609375,-1260.0,63.18495178222656,-1387.06005859375,-1362.550048828125,-1334.5,-1305.5,-1260.0,-1210.5,-1166.800048828125,-1154.75,-1146.93994140625
16800,-1259.659912109375,52.66748046875,33.54654312133789,62.08322238922119,-1259.6600341796875,-1260.0,63.391990661621094,-1389.02001953125,-1362.550048828125,-1334.9000244140625,-1305.5,-1260.0,-1210.5,-1166.800048828125,-1154.75,-1146.93994140625
16896,-1260.419921875,52.39653015136719,33.50289535522461,61.610084533691406,-1260.4200439453125,-1262.5,63.17375946044922,-1389.02001953125,-1362.550048828125,-1334.9000244140625,-1306.75,-1262.5,-1210.5,-1166.800048828125,-1155.949951171875,-1148.9599609375
16992,-1261.6199951171875,52.10517501831055,33.43223571777344,61.12636852264404,-1261.6199951171875,-1262.5,62.62137222290039,-1389.02001953125,-1362.550048828125,-1334.9000244140625,-1309.0,-1262.5,-1214.75,-1176.0,-1155.949951171875,-1149.97998046875
17088,-1262.3399658203125,51.86347579956055,33.38023376464844,60.69583225250244,-1262.3399658203125,-1262.5,61.928863525390625,-1389.02001953125,-1362.550048828125,-1335.300048828125,-1309.0,-1262.5,-1216.5,-1176.0,-1158.949951171875,-1150.97998046875
17184,-1263.5799560546875,51.606956481933594,33.33840560913086,60.243794441223145,-1263.5799560546875,-1266.5,62.122493743896484,-1389.219970703125,-1362.550048828125,-1337.0999755859375,-1309.5,-1266.5,-1216.5,-1178.800048828125,-1158.949951171875,-1150.97998046875
17280,-1264.6400146484375,51.34247970581055,33.284095764160156,59.78926372528076,-1264.6400146484375,-1271.0,62.441097259521484,-1389.219970703125,-1362.8499755859375,-1337.0999755859375,-1311.25,-1271.0,-1217.0,-1178.800048828125,-1158.949951171875,-1150.97998046875
17376,-1265.719970703125,51.07380294799805,33.22673034667969,59.32494258880615,-1265.719970703125,-1273.0,62.59346389770508,-1389.219970703125,-1362.8499755859375,-1338.9000244140625,-1312.0,-1273.0,-1217.0,-1178.800048828125,-1160.9000244140625,-1157.8599853515625
17472,-1266.3399658203125,50.815040588378906,33.16794967651367,58.87503528594971,-1266.3399658203125,-1273.0,62.748897552490234,-1389.219970703125,-1362.8499755859375,-1338.9000244140625,-1312.0,-1273.0,-1217.0,-1182.5999755859375,-1160.9000244140625,-1157.8599853515625
17568,-1267.3199462890625,50.56134033203125,33.11846923828125,58.4204158782959,-1267.3199462890625,-1273.0,62.45508575439453,-1389.219970703125,-1363.1500244140625,-1338.9000244140625,-1313.25,-1273.0,-1219.75,-1182.800048828125,-1161.8499755859375,-1157.8599853515625
17664,-1268.179931640625,50.315040588378906,33.05039978027344,58.002150535583496,-1268.1800537109375,-1273.0,62.77059555053711,-1400.02001953125,-1363.1500244140625,-1338.9000244140625,-1313.25,-1273.0,-1219.75,-1186.5999755859375,-1161.8499755859375,-1157.8800048828125
17760,-1269.8800048828125,50.068885803222656,32.99555206298828,57.56229782104492,-1269.8800048828125,-1276.5,62.4301643371582,-1400.02001953125,-1369.800048828125,-1338.9000244140625,-1318.0,-1276.5,-1222.5,-1186.5999755859375,-1162.949951171875,-1157.8800048828125
17856,-1270.4599609375,49.832252502441406,32.947959899902344,57.13515567779541,-1270.4599609375,-1277.5,62.50606918334961,-1401.06005859375,-1369.800048828125,-1338.9000244140625,-1318.25,-1277.5,-1222.5,-1186.5999755859375,-1162.949951171875,-1157.8800048828125
17952,-1271.8199462890625,49.565162658691406,32.87220764160156,56.69301128387451,-1271.8199462890625,-1281.5,62.9274787902832,-1401.06005859375,-1369.9000244140625,-1347.0,-1319.5,-1281.5,-1222.5,-1186.800048828125,-1162.949951171875,-1157.8800048828125
18048,-1272.5999755859375,49.31427764892578,32.79851531982422,56.274179458618164,-1272.5999755859375,-1282.5,62.64327621459961,-1401.06005859375,-1369.9000244140625,-1347.0,-1319.5,-1282.5,-1222.5,-1187.0,-1162.949951171875,-1157.8800048828125
18144,-1273.3399658203125,49.104225158691406,32.761775970458984,55.88292598724365,-1273.3399658203125,-1282.5,62.60658645629883,-1404.02001953125,-1371.800048828125,-1347.0,-1319.5,-1282.5,-1224.75,-1187.9000244140625,-1164.9000244140625,-1157.8800048828125
18240,-1273.780029296875,48.88329315185547,32.71725082397461,55.47050666809082,-1273.780029296875,-1282.5,62.579322814941406,-1404.02001953125,-1371.800048828125,-1347.300048828125,-1319.5,-1282.5,-1226.5,-1187.9000244140625,-1164.9000244140625,-1157.93994140625
18336,-1274.8599853515625,48.62554168701172,32.63848114013672,55.04188632965088,-1274.8599853515625,-1282.5,62.23246765136719,-1404.0999755859375,-1371.9000244140625,-1349.0999755859375,-1321.25,-1282.5,-1227.25,-1192.5,-1173.949951171875,-1158.919921875
18432,-1275.7999267578125,48.38836669921875,32.577369689941406,54.63808727264404,-1275.800048828125,-1282.5,62.08913040161133,-1404.0999755859375,-1371.9000244140625,-1349.0999755859375,-1322.25,-1282.5,-1228.75,-1196.5999755859375,-1173.949951171875,-1158.97998046875
18528,-1276.659912109375,48.12371826171875,32.49258041381836,54.209818840026855,-1276.6600341796875,-1284.5,61.556026458740234,-1404.1800537109375,-1371.9000244140625,-1349.0999755859375,-1322.25,-1284.5,-1231.0,-1196.5999755859375,-1173.949951171875,-1166.8399658203125
18624,-1277.47998046875,47.888458251953125,32.43564987182617,53.79330539703369,-1277.47998046875,-1284.5,61.532344818115234,-1404.1800537109375,-1371.9000244140625,-1349.0999755859375,-1323.25,-1284.5,-1231.0,-1196.5999755859375,-1174.949951171875,-1166.8399658203125
18720,-1278.260009765625,47.65950012207031,32.3784065246582,53.39300060272217,-1278.260009765625,-1284.5,61.40644836425781,-1404.1800537109375,-1371.9000244140625,-1349.0999755859375,-1324.25,-1284.5,-1233.25,-1196.5999755859375,-1174.949951171875,-1166.8800048828125
18816,-1279.5599365234375,47.42081832885742,32.30949020385742,52.98571300506592,-1279.56005859375,-1288.0,61.313838958740234,-1404.1800537109375,-1371.9000244140625,-1350.300048828125,-1324.25,-1288.0,-1234.75,-1197.9000244140625,-1174.949951171875,-1170.7999267578125
18912,-1280.219970703125,47.20665740966797,32.254112243652344,52.60647773742676,-1280.219970703125,-1288.5,61.03778839111328,-1404.1800537109375,-1373.800048828125,-1350.300048828125,-1325.25,-1288.5,-1234.75,-1197.9000244140625,-1174.949951171875,-1170.8599853515625
19008,-1281.3800048828125,46.98749923706055,32.214263916015625,52.1992130279541,-1281.3800048828125,-1288.5,60.90743637084961,-1406.1800537109375,-1374.0,-1350.300048828125,-1328.0,-1288.5,-1235.0,-1197.9000244140625,-1175.0,-1171.0
19104,-1281.97998046875,46.7701530456543,32.15540313720703,51.811418533325195,-1281.97998046875,-1288.5,60.625572204589844,-1406.1800537109375,-1374.0,-1350.300048828125,-1328.0,-1288.5,-1235.0,-1197.9000244140625,-1178.800048828125,-1173.93994140625
19200,-1282.679931640625,46.55498504638672,32.102962493896484,51.41853141784668,-1282.6800537109375,-1291.0,60.5540885925293,-1406.1800537109375,-1374.0,-1356.0999755859375,-1328.0,-1291.0,-1235.0,-1199.699951171875,-1178.800048828125,-1173.93994140625
19296,-1283.3199462890625,46.340789794921875,32.046775817871094,51.03126335144043,-1283.3199462890625,-1295.5,60.6676025390625,-1406.1800537109375,-1377.800048828125,-1356.0999755859375,-1328.0,-1295.5,-1235.0,-1199.699951171875,-1178.800048828125,-1173.93994140625
19392,-1284.5799560546875,46.11968231201172,31.98461151123047,50.64858150482178,-1284.5799560546875,-1295.5,60.2448616027832,-1406.1800537109375,-1377.800048828125,-1356.0999755859375,-1328.25,-1295.5,-1236.75,-1202.699951171875,-1178.800048828125,-1173.93994140625
19488,-1284.93994140625,45.93552780151367,31.94271469116211,50.28078556060791,-1284.93994140625,-1295.5,59.915077209472656,-1406.1800537109375,-1379.699951171875,-1356.0999755859375,-1328.25,-1295.5,-1236.75,-1211.7000732421875,-1181.8499755859375,-1174.919921875
19584,-1285.2999267578125,45.73154830932617,31.895225524902344,49.903626441955566,-1285.300048828125,-1295.5,60.05705642700195,-1408.1400146484375,-1379.699951171875,-1356.0999755859375,-1328.25,-1295.5,-1236.75,-1211.7000732421875,-1181.8499755859375,-1174.919921875
19680,-1286.199951171875,45.53606414794922,31.852169036865234,49.54611873626709,-1286.199951171875,-1296.0,60.04015350341797,-1408.1400146484375,-1379.9000244140625,-1356.0999755859375,-1330.0,-1296.0,-1241.75,-1214.800048828125,-1181.8499755859375,-1174.919921875
19776,-1286.9599609375,45.30833053588867,31.784915924072266,49.1591100692749,-1286.9599609375,-1297.5,60.147972106933594,-1408.1400146484375,-1379.9000244140625,-1356.0999755859375,-1330.25,-1297.5,-1241.75,-1215.9000244140625,-1181.8499755859375,-1174.919921875
19872,-1287.5799560546875,45.09747314453125,31.715587615966797,48.791213035583496,-1287.5799560546875,-1297.5,60.35299301147461,-1408.1400146484375,-1383.699951171875,-1356.0999755859375,-1330.25,-1297.5,-1241.75,-1215.9000244140625,-1181.8499755859375,-1174.919921875
19968,-1288.0399169921875,44.9036979675293,31.677993774414062,48.42671489715576,-1288.0400390625,-1297.5,60.28680419921875,-1410.0999755859375,-1383.699951171875,-1356.0999755859375,-1332.5,-1297.5,-1243.75,-1215.9000244140625,-1181.8499755859375,-1174.919921875
20064,-1288.8800048828125,44.69399642944336,31.61874771118164,48.0510139465332,-1288.8800048828125,-1297.5,59.72307586669922,-1410.0999755859375,-1383.699951171875,-1356.0999755859375,-1332.5,-1297.5,-1244.75,-1215.9000244140625,-1184.0,-1178.919921875
20160,-1289.5399169921875,44.524166107177734,31.591720581054688,47.7015438079834,-1289.5400390625,-1297.5,59.743186950683594,-1411.239990234375,-1383.699951171875,-1356.0999755859375,-1332.5,-1297.5,-1245.0,-1215.9000244140625,-1184.0,-1178.919921875
20256,-1289.93994140625,44.33189392089844,31.544973373413086,47.34129047393799,-1289.93994140625,-1297.5,59.88302230834961,-1411.239990234375,-1383.699951171875,-1357.4000244140625,-1333.25,-1297.5,-1245.0,-1215.9000244140625,-1184.0,-1178.9599609375
20352,-1290.8599853515625,44.157649993896484,31.52496910095215,46.97757625579834,-1290.8599853515625,-1297.5,59.944644927978516,-1413.239990234375,-1383.699951171875,-1357.4000244140625,-1333.25,-1297.5,-1247.5,-1215.9000244140625,-1184.0,-1180.9599609375
20448,-1291.5399169921875,43.962196350097656,31.46687889099121,46.62882900238037,-1291.5400390625,-1297.5,59.98673629760742,-1413.239990234375,-1387.5999755859375,-1361.300048828125,-1333.25,-1297.5,-1247.5,-1215.9000244140625,-1184.0,-1180.9599609375
20544,-1291.8599853515625,43.777809143066406,31.431631088256836,46.254042625427246,-1291.8599853515625,-1297.5,59.95732498168945,-1413.239990234375,-1387.5999755859375,-1361.300048828125,-1333.25,-1297.5,-1247.75,-1215.9000244140625,-1186.949951171875,-1180.9599609375
20640,-1292.3599853515625,43.60175704956055,31.392873764038086,45.891584396362305,-1292.3599853515625,-1297.5,59.817813873291016,-1413.239990234375,-1387.5999755859375,-1361.300048828125,-1333.25,-1297.5,-1248.0,-1218.699951171875,-1186.949951171875,-1180.9599609375
20736,-1292.679931640625,43.439353942871094,31.36468505859375,45.5533447265625,-1292.6800537109375,-1297.5,59.99164581298828,-1413.239990234375,-1389.5,-1361.300048828125,-1333.25,-1297.5,-1248.0,-1218.699951171875,-1186.949951171875,-1180.9599609375
20832,-1293.3800048828125,43.25776672363281,31.318349838256836,45.21805191040039,-1293.3800048828125,-1297.5,59.60533142089844,-1413.239990234375,-1389.5999755859375,-1361.300048828125,-1334.5,-1297.5,-1248.0,-1218.699951171875,-1187.949951171875,-1185.9599609375
20928,-1293.780029296875,43.06240463256836,31.250120162963867,44.87437152862549,-1293.780029296875,-1297.5,59.37450408935547,-1413.239990234375,-1389.699951171875,-1361.300048828125,-1334.5,-1297.5,-1248.0,-1220.5,-1187.949951171875,-1185.9599609375
21024,-1294.199951171875,42.881805419921875,31.206960678100586,44.54060363769531,-1294.199951171875,-1297.5,59.26601028442383,-1417.1600341796875,-1389.699951171875,-1361.300048828125,-1334.5,-1297.5,-1248.75,-1221.4000244140625,-1189.9000244140625,-1186.97998046875
21120,-1294.7999267578125,42.73571014404297,31.18782615661621,44.23007011413574,-1294.800048828125,-1297.5,59.054039001464844,-1417.1600341796875,-1389.699951171875,-1361.300048828125,-1334.5,-1297.5,-1249.75,-1221.4000244140625,-1196.550048828125,-1186.97998046875
21216,-1295.219970703125,42.57856369018555,31.154136657714844,43.906476974487305,-1295.219970703125,-1298.5,59.22813415527344,-1417.239990234375,-1389.699951171875,-1361.699951171875,-1336.25,-1298.5,-1249.75,-1221.4000244140625,-1196.550048828125,-1186.97998046875
21312,-1296.0999755859375,42.44886779785156,31.14825439453125,43.608017921447754,-1296.0999755859375,-1298.5,59.14870834350586,-1417.239990234375,-1391.5999755859375,-1363.9000244140625,-1338.0,-1298.5,-1250.5,-1221.4000244140625,-1196.550048828125,-1186.97998046875
21408,-1296.8199462890625,42.27941131591797,31.092071533203125,43.29899215698242,-1296.8199462890625,-1298.5,59.27012634277344,-1417.239990234375,-1401.0999755859375,-1369.300048828125,-1340.25,-1298.5,-1250.5,-1221.4000244140625,-1196.550048828125,-1186.97998046875
21504,-1297.239990234375,42.130027770996094,31.053401947021484,43.0103120803833,-1297.239990234375,-1301.5,59.2270393371582,-1417.239990234375,-1401.0999755859375,-1369.300048828125,-1340.25,-1301.5,-1250.5,-1221.699951171875,-1196.6500244140625,-1187.0
21600,-1297.4599609375,41.962703704833984,31.00792694091797,42.696959495544434,-1297.4599609375,-1302.5,59.236881256103516,-1417.239990234375,-1401.0999755859375,-1369.300048828125,-1340.25,-1302.5,-1252.0,-1221.699951171875,-1196.6500244140625,-1187.0
21696,-1298.0599365234375,41.821319580078125,30.976333618164062,42.406036376953125,-1298.06005859375,-1302.5,58.99539566040039,-1417.239990234375,-1401.0999755859375,-1369.300048828125,-1340.25,-1302.5,-1254.0,-1224.699951171875,-1196.6500244140625,-1187.0
21792,-1298.5399169921875,41.66815185546875,30.940227508544922,42.10187244415283,-1298.5400390625,-1302.5,58.879268646240234,-1417.239990234375,-1401.0999755859375,-1369.300048828125,-1340.25,-1302.5,-1254.0,-1224.699951171875,-1196.7000732421875,-1189.9599609375
21888,-1299.159912109375,41.50621795654297,30.903762817382812,41.7857666015625,-1299.1600341796875,-1302.5,59.09716033935547,-1417.239990234375,-1401.300048828125,-1369.300048828125,-1340.25,-1302.5,-1254.0,-1224.699951171875,-1196.7000732421875,-1189.9599609375
21984,-1299.719970703125,41.35503387451172,30.87628746032715,41.47190856933594,-1299.719970703125,-1303.5,58.94795608520508,-1417.239990234375,-1407.0999755859375,-1369.300048828125,-1340.25,-1303.5,-1255.75,-1224.9000244140625,-1196.7000732421875,-1189.9599609375
22080,-1300.1400146484375,41.20550537109375,30.84743881225586,41.144941329956055,-1300.1400146484375,-1303.5,58.610923767089844,-1419.199951171875,-1407.0999755859375,-1369.300048828125,-1340.25,-1303.5,-1255.75,-1224.9000244140625,-1199.8499755859375,-1190.93994140625
22176,-1300.6199951171875,41.066131591796875,30.81964111328125,40.855276107788086,-1300.6199951171875,-1306.5,58.648406982421875,-1419.199951171875,-1407.0999755859375,-1369.300048828125,-1343.0,-1306.5,-1255.75,-1228.5999755859375,-1199.8499755859375,-1190.93994140625
22272,-1301.0399169921875,40.89753341674805,30.764934539794922,40.543545722961426,-1301.0400390625,-1306.5,58.524681091308594,-1419.199951171875,-1407.0999755859375,-1369.300048828125,-1343.0,-1306.5,-1255.75,-1229.699951171875,-1199.8499755859375,-1190.93994140625
22368,-1301.3399658203125,40.73283004760742,30.72126579284668,40.212552070617676,-1301.3399658203125,-1306.5,58.3995246887207,-1419.199951171875,-1407.0999755859375,-1369.300048828125,-1343.25,-1306.5,-1255.75,-1231.5,-1199.949951171875,-1190.93994140625
22464,-1301.6199951171875,40.58893585205078,30.67263412475586,39.93550109863281,-1301.6199951171875,-1306.5,58.48551559448242,-1419.199951171875,-1407.199951171875,-1369.300048828125,-1343.25,-1306.5,-1255.75,-1231.5,-1199.949951171875,-1190.93994140625
22560,-1301.760009765625,40.442718505859375,30.63634490966797,39.62934589385986,-1301.760009765625,-1306.5,58.525909423828125,-1419.199951171875,-1407.199951171875,-1369.300048828125,-1344.25,-1306.5,-1255.75,-1231.5,-1199.949951171875,-1190.93994140625
22656,-1302.0399169921875,40.29473876953125,30.602561950683594,39.33612251281738,-1302.0400390625,-1307.5,58.51032638549805,-1419.199951171875,-1407.199951171875,-1369.300048828125,-1344.25,-1307.5,-1255.75,-1232.9000244140625,-1199.949951171875,-1190.93994140625
22752,-1302.699951171875,40.18165588378906,30.588010787963867,39.06718921661377,-1302.699951171875,-1307.5,58.670352935791016,-1419.199951171875,-1407.199951171875,-1371.0999755859375,-1344.25,-1307.5,-1256.75,-1232.9000244140625,-1199.949951171875,-1190.93994140625
22848,-1303.47998046875,40.041786193847656,30.552806854248047,38.77802848815918,-1303.47998046875,-1308.5,58.12563705444336,-1419.199951171875,-1407.199951171875,-1371.0999755859375,-1344.75,-1308.5,-1256.75,-1232.9000244140625,-1200.949951171875,-1197.93994140625
22944,-1303.739990234375,39.93183898925781,30.553359985351562,38.48623275756836,-1303.739990234375,-1308.5,58.26587677001953,-1421.1600341796875,-1407.199951171875,-1371.699951171875,-1344.75,-1308.5,-1256.75,-1232.9000244140625,-1200.949951171875,-1197.93994140625
23040,-1304.0599365234375,39.78334426879883,30.510204315185547,38.19581985473633,-1304.06005859375,-1308.5,58.22350311279297,-1421.1600341796875,-1407.199951171875,-1371.699951171875,-1344.75,-1308.5,-1256.75,-1232.9000244140625,-1205.75,-1197.93994140625
23136,-1304.2999267578125,39.65106964111328,30.48585319519043,37.901307106018066,-1304.300048828125,-1309.5,58.146453857421875,-1421.1600341796875,-1407.199951171875,-1371.699951171875,-1344.75,-1309.5,-1256.75,-1232.9000244140625,-1205.75,-1197.93994140625
23232,-1304.8800048828125,39.50434112548828,30.43893051147461,37.60935878753662,-1304.8800048828125,-1309.5,57.98728942871094,-1421.1600341796875,-1407.25,-1371.699951171875,-1344.75,-1309.5,-1257.0,-1232.9000244140625,-1207.9000244140625,-1200.93994140625
23328,-1305.4000244140625,39.40776824951172,30.438549041748047,37.34733772277832,-1305.4000244140625,-1309.5,57.86864471435547,-1421.1600341796875,-1407.25,-1371.699951171875,-1347.75,-1309.5,-1257.0,-1232.9000244140625,-1208.0,-1200.93994140625
23424,-1305.679931640625,39.29901885986328,30.427831649780273,37.08001708984375,-1305.6800537109375,-1311.0,57.75532531738281,-1421.1600341796875,-1407.25,-1371.699951171875,-1347.75,-1311.0,-1257.0,-1232.9000244140625,-1208.0,-1200.93994140625
23520,-1306.1199951171875,39.17485046386719,30.397865295410156,36.82535171508789,-1306.1199951171875,-1315.0,57.63059616088867,-1421.1600341796875,-1407.25,-1371.699951171875,-1347.75,-1315.0,-1257.0,-1234.699951171875,-1208.949951171875,-1200.93994140625
23616,-1306.6400146484375,39.0633430480957,30.374725341796875,36.56364440917969,-1306.6400146484375,-1315.0,57.64417266845703,-1421.1600341796875,-1407.25,-1371.699951171875,-1347.75,-1315.0,-1259.25,-1234.699951171875,-1208.949951171875,-1200.93994140625
23712,-1307.0,38.94194030761719,30.35540008544922,36.270198822021484,-1307.0,-1315.0,57.6522331237793,-1421.1600341796875,-1407.25,-1371.699951171875,-1347.75,-1315.0,-1259.25,-1234.699951171875,-1208.949951171875,-1200.93994140625
23808,-1307.3199462890625,38.83706283569336,30.332195281982422,36.03620433807373,-1307.3199462890625,-1315.0,57.603450775146484,-1421.1600341796875,-1407.25,-1371.699951171875,-1347.75,-1315.0,-1259.75,-1234.699951171875,-1208.949951171875,-1200.93994140625
23904,-1307.5799560546875,38.69770050048828,30.281391143798828,35.759002685546875,-1307.5799560546875,-1315.0,57.712074279785156,-1421.1600341796875,-1407.25,-1378.0999755859375,-1347.75,-1315.0,-1260.5,-1234.699951171875,-1208.949951171875,-1200.93994140625
24000,-1308.0999755859375,38.59449005126953,30.269256591796875,35.50073528289795,-1308.0999755859375,-1315.0,57.539634704589844,-1421.1600341796875,-1409.1500244140625,-1378.0999755859375,-1347.75,-1315.0,-1261.0,-1234.699951171875,-1208.949951171875,-1200.9599609375
24096,-1308.5999755859375,38.51148986816406,30.280227661132812,35.235928535461426,-1308.5999755859375,-1315.0,57.32521057128906,-1421.1600341796875,-1409.1500244140625,-1378.0999755859375,-1349.5,-1315.0,-1261.0,-1234.9000244140625,-1219.6500244140625,-1200.9599609375
24192,-1308.7999267578125,38.42359924316406,30.280227661132812,34.98881912231445,-1308.800048828125,-1315.0,57.332191467285156,-1421.1600341796875,-1409.1500244140625,-1378.0999755859375,-1351.0,-1315.0,-1263.25,-1234.9000244140625,-1219.6500244140625,-1200.9599609375
24288,-1309.3399658203125,38.3376350402832,30.28119468688965,34.733696937561035,-1309.3399658203125,-1315.0,57.287559509277344,-1421.1600341796875,-1409.1500244140625,-1379.5999755859375,-1351.0,-1315.0,-1264.0,-1234.9000244140625,-1219.6500244140625,-1200.9599609375
24384,-1310.0,38.24224853515625,30.2779541015625,34.472432136535645,-1310.0,-1315.0,57.085723876953125,-1421.1600341796875,-1409.1500244140625,-1379.5999755859375,-1351.0,-1315.0,-1264.5,-1240.300048828125,-1219.6500244140625,-1201.0
24480,-1310.280029296875,38.125282287597656,30.24909019470215,34.22767639160156,-1310.280029296875,-1315.0,57.06681823730469,-1421.1600341796875,-1409.1500244140625,-1379.5999755859375,-1351.0,-1315.0,-1264.5,-1240.300048828125,-1219.6500244140625,-1201.0
24576,-1310.5999755859375,38.03504943847656,30.24683952331543,33.9841833114624,-1310.5999755859375,-1315.5,56.94470977783203,-1421.1600341796875,-1409.1500244140625,-1379.5999755859375,-1351.0,-1315.5,-1264.5,-1240.300048828125,-1221.9000244140625,-1201.0
24672,-1310.93994140625,37.91481018066406,30.20650291442871,33.74748706817627,-1310.93994140625,-1315.5,56.71205139160156,-1421.1600341796875,-1409.1500244140625,-1379.5999755859375,-1351.0,-1315.5,-1266.0,-1240.300048828125,-1221.9000244140625,-1201.0
24768,-1311.0999755859375,37.80933380126953,30.17549705505371,33.51250457763672,-1311.0999755859375,-1315.5,56.60927963256836,-1421.1600341796875,-1409.1500244140625,-1379.5999755859375,-1351.0,-1315.5,-1266.5,-1240.300048828125,-1222.8499755859375,-1202.9599609375
24864,-1311.3199462890625,37.72039031982422,30.16788101196289,33.28666114807129,-1311.3199462890625,-1315.5,56.64695358276367,-1421.1600341796875,-1409.1500244140625,-1379.800048828125,-1351.0,-1315.5,-1266.5,-1240.300048828125,-1222.8499755859375,-1202.9599609375
24960,-1311.3800048828125,37.613929748535156,30.144512176513672,33.03740882873535,-1311.3800048828125,-1315.5,56.69211196899414,-1421.1600341796875,-1409.1500244140625,-1379.800048828125,-1351.0,-1315.5,-1266.5,-1240.300048828125,-1222.8499755859375,-1202.9599609375
25056,-1311.6400146484375,37.51481628417969,30.12067985534668,32.79534149169922,-1311.6400146484375,-1315.5,56.67390060424805,-1421.1600341796875,-1409.1500244140625,-1379.800048828125,-1351.0,-1315.5,-1266.5,-1242.0999755859375,-1222.8499755859375,-1202.9599609375
25152,-1312.0999755859375,37.438682556152344,30.11821746826172,32.58277606964111,-1312.0999755859375,-1315.5,56.74407196044922,-1421.1600341796875,-1409.1500244140625,-1380.699951171875,-1351.0,-1315.5,-1267.0,-1242.0999755859375,-1222.8499755859375,-1202.9599609375
25248,-1312.4599609375,37.31087875366211,30.081579208374023,32.32957458496094,-1312.4599609375,-1315.5,56.75674819946289,-1423.1199951171875,-1409.1500244140625,-1380.699951171875,-1351.25,-1315.5,-1268.75,-1242.5,-1222.8499755859375,-1202.9599609375
25344,-1312.659912109375,37.2152099609375,30.055349349975586,32.11781883239746,-1312.6600341796875,-1315.5,56.67119598388672,-1423.1199951171875,-1409.1500244140625,-1380.699951171875,-1351.25,-1315.5,-1268.75,-1242.5,-1222.8499755859375,-1202.9599609375
25440,-1312.919921875,37.10407638549805,30.024578094482422,31.869279861450195,-1312.9200439453125,-1316.5,56.5902214050293,-1423.199951171875,-1409.1500244140625,-1380.699951171875,-1351.25,-1316.5,-1269.0,-1242.5,-1222.8499755859375,-1203.97998046875
25536,-1313.02001953125,36.98952865600586,29.982315063476562,31.634307384490967,-1313.02001953125,-1316.5,56.60971450805664,-1423.199951171875,-1409.1500244140625,-1380.699951171875,-1351.25,-1316.5,-1269.0,-1242.5,-1222.8499755859375,-1203.97998046875
25632,-1313.239990234375,36.88996887207031,29.958999633789062,31.38599729537964,-1313.239990234375,-1316.5,56.50629806518555,-1423.199951171875,-1409.1500244140625,-1380.699951171875,-1351.25,-1316.5,-1269.0,-1242.5,-1222.8499755859375,-1203.97998046875
25728,-1313.419921875,36.793087005615234,29.937774658203125,31.160978317260742,-1313.4200439453125,-1316.5,56.50560760498047,-1423.199951171875,-1409.1500244140625,-1380.699951171875,-1351.25,-1316.5,-1269.0,-1242.5,-1222.8499755859375,-1203.97998046875
25824,-1313.9000244140625,36.70764923095703,29.928695678710938,30.945010662078857,-1313.9000244140625,-1316.5,56.54387283325195,-1429.0799560546875,-1409.1500244140625,-1382.5,-1351.75,-1316.5,-1269.0,-1242.5,-1222.8499755859375,-1206.93994140625
25920,-1314.0999755859375,36.610313415527344,29.906187057495117,30.719180583953857,-1314.0999755859375,-1316.5,56.346519470214844,-1429.0799560546875,-1409.1500244140625,-1382.5,-1351.75,-1316.5,-1269.0,-1246.4000244140625,-1222.8499755859375,-1206.93994140625
26016,-1314.43994140625,36.49195861816406,29.867950439453125,30.47817039489746,-1314.43994140625,-1316.5,56.26709747314453,-1429.0799560546875,-1409.1500244140625,-1382.5,-1351.75,-1316.5,-1270.5,-1246.4000244140625,-1222.8499755859375,-1206.93994140625
26112,-1314.679931640625,36.42398452758789,29.86715316772461,30.278374671936035,-1314.6800537109375,-1316.5,56.20033264160156,-1429.0799560546875,-1409.1500244140625,-1382.5,-1353.25,-1316.5,-1270.5,-1246.4000244140625,-1223.949951171875,-1206.93994140625
26208,-1315.0999755859375,36.316986083984375,29.8370361328125,30.04686164855957,-1315.0999755859375,-1316.5,56.09893035888672,-1429.0799560546875,-1409.1500244140625,-1382.5,-1353.25,-1316.5,-1270.5,-1246.4000244140625,-1223.949951171875,-1206.97998046875
26304,-1315.5399169921875,36.26044845581055,29.8416805267334,29.853912830352783,-1315.5400390625,-1316.5,55.705013275146484,-1429.0799560546875,-1409.1500244140625,-1382.5,-1354.25,-1316.5,-1274.0,-1246.4000244140625,-1223.949951171875,-1210.919921875
26400,-1315.719970703125,36.179405212402344,29.82269859313965,29.6351375579834,-1315.719970703125,-1316.5,55.70728302001953,-1429.0799560546875,-1409.1500244140625,-1382.800048828125,-1354.25,-1316.5,-1274.0,-1246.4000244140625,-1223.949951171875,-1210.919921875
26496,-1315.919921875,36.07717514038086,29.792922973632812,29.414434909820557,-1315.9200439453125,-1319.0,55.68207550048828,-1429.0799560546875,-1409.1500244140625,-1382.800048828125,-1354.5,-1319.0,-1274.5,-1246.4000244140625,-1223.949951171875,-1210.919921875
26592,-1316.0599365234375,35.97209930419922,29.76046371459961,29.194261074066162,-1316.06005859375,-1319.0,55.62316131591797,-1429.0799560546875,-1409.1500244140625,-1382.800048828125,-1354.5,-1319.0,-1274.5,-1246.4000244140625,-1223.949951171875,-1210.9599609375
26688,-1316.3599853515625,35.910621643066406,29.76392936706543,29.01199197769165,-1316.3599853515625,-1319.0,55.65618133544922,-1429.0799560546875,-1409.1500244140625,-1386.5999755859375,-1354.5,-1319.0,-1274.5,-1246.4000244140625,-1223.949951171875,-1210.9599609375
26784,-1316.5599365234375,35.850364685058594,29.772756576538086,28.795217037200928,-1316.56005859375,-1319.0,55.79342269897461,-1433.0400390625,-1409.1500244140625,-1388.4000244140625,-1354.5,-1319.0,-1274.5,-1246.4000244140625,-1225.8499755859375,-1210.9599609375
26880,-1316.6400146484375,35.762786865234375,29.747594833374023,28.58941078186035,-1316.6400146484375,-1319.0,55.68635559082031,-1433.0400390625,-1409.1500244140625,-1388.4000244140625,-1354.5,-1319.0,-1274.5,-1246.4000244140625,-1225.8499755859375,-1210.9599609375
26976,-1316.719970703125,35.707645416259766,29.75153350830078,28.4011812210083,-1316.719970703125,-1319.0,55.694000244140625,-1433.0400390625,-1409.1500244140625,-1388.4000244140625,-1354.5,-1319.0,-1274.5,-1246.4000244140625,-1225.8499755859375,-1210.9599609375
27072,-1316.9599609375,35.61248016357422,29.722633361816406,28.19229221343994,-1316.9599609375,-1319.0,55.49178695678711,-1433.0400390625,-1409.1500244140625,-1388.5999755859375,-1354.5,-1319.0,-1274.5,-1246.4000244140625,-1226.949951171875,-1210.9599609375
27168,-1317.159912109375,35.554439544677734,29.720916748046875,28.0062575340271,-1317.1600341796875,-1319.0,55.34505081176758,-1433.0400390625,-1409.1500244140625,-1388.5999755859375,-1354.5,-1319.0,-1274.5,-1246.9000244140625,-1226.949951171875,-1210.9599609375
27264,-1317.239990234375,35.4604606628418,29.696876525878906,27.80156660079956,-1317.239990234375,-1319.0,55.35451126098633,-1433.0400390625,-1409.1500244140625,-1388.5999755859375,-1354.5,-1319.0,-1274.5,-1246.9000244140625,-1226.949951171875,-1210.9599609375
27360,-1317.3199462890625,35.40296936035156,29.699981689453125,27.616191864013672,-1317.3199462890625,-1319.0,55.309288024902344,-1433.0400390625,-1409.1500244140625,-1388.5999755859375,-1354.5,-1319.0,-1274.5,-1248.699951171875,-1226.949951171875,-1210.9599609375
27456,-1317.419921875,35.31622314453125,29.67047691345215,27.41912269592285,-1317.4200439453125,-1319.0,55.3306770324707,-1433.0400390625,-1409.1500244140625,-1388.5999755859375,-1354.5,-1319.0,-1274.5,-1248.699951171875,-1226.949951171875,-1210.9599609375
27552,-1317.5799560546875,35.23535919189453,29.655864715576172,27.207637310028076,-1317.5799560546875,-1319.0,55.43684005737305,-1433.0400390625,-1409.1500244140625,-1388.5999755859375,-1354.5,-1319.0,-1274.5,-1248.699951171875,-1226.949951171875,-1210.9599609375
27648,-1317.8399658203125,35.14823532104492,29.6269588470459,27.025096893310547,-1317.8399658203125,-1319.0,55.22747802734375,-1433.0400390625,-1409.1500244140625,-1388.5999755859375,-1356.0,-1319.0,-1274.5,-1248.699951171875,-1226.949951171875,-1215.9000244140625
27744,-1317.9599609375,35.12354278564453,29.658676147460938,26.857099533081055,-1317.9599609375,-1319.0,55.1968994140625,-1433.0400390625,-1409.1500244140625,-1388.5999755859375,-1356.0,-1319.0,-1274.5,-1248.699951171875,-1226.949951171875,-1215.9000244140625
27840,-1318.0399169921875,35.053226470947266,29.645706176757812,26.661588668823242,-1318.0400390625,-1319.0,55.211036682128906,-1433.0400390625,-1409.1500244140625,-1388.5999755859375,-1356.0,-1319.0,-1274.5,-1248.699951171875,-1226.949951171875,-1215.9000244140625
27936,-1318.179931640625,34.998985290527344,29.643753051757812,26.48468780517578,-1318.1800537109375,-1319.0,55.097251892089844,-1433.0400390625,-1409.1500244140625,-1388.5999755859375,-1356.0,-1319.0,-1274.5,-1248.699951171875,-1228.8499755859375,-1215.93994140625
28032,-1318.239990234375,34.937713623046875,29.637710571289062,26.30978775024414,-1318.239990234375,-1319.0,55.07270050048828,-1433.0400390625,-1409.1500244140625,-1388.5999755859375,-1356.0,-1319.0,-1274.5,-1248.699951171875,-1228.8499755859375,-1215.93994140625
28128,-1318.3399658203125,34.868858337402344,29.63155174255371,26.117806434631348,-1318.3399658203125,-1319.0,54.98167419433594,-1433.0400390625,-1409.1500244140625,-1388.5999755859375,-1356.0,-1319.0,-1275.0,-1250.5,-1228.8499755859375,-1215.93994140625
28224,-1318.43994140625,34.82898712158203,29.637248992919922,25.95472478866577,-1318.43994140625,-1319.5,55.00497055053711,-1433.0400390625,-1409.1500244140625,-1388.5999755859375,-1356.0,-1319.5,-1275.0,-1250.5,-1228.8499755859375,-1215.93994140625
28320,-1318.719970703125,34.760223388671875,29.616413116455078,25.77387237548828,-1318.719970703125,-1319.5,55.19004440307617,-1433.0400390625,-1411.050048828125,-1388.5999755859375,-1356.0,-1319.5,-1275.0,-1250.5,-1228.8499755859375,-1215.93994140625
28416,-1318.8599853515625,34.703468322753906,29.61342430114746,25.598900318145752,-1318.8599853515625,-1319.5,55.234413146972656,-1433.0400390625,-1411.050048828125,-1388.5999755859375,-1356.0,-1319.5,-1275.0,-1250.5,-1228.8499755859375,-1215.93994140625
28512,-1318.93994140625,34.62128448486328,29.585269927978516,25.420350074768066,-1318.93994140625,-1319.5,55.2291259765625,-1433.0400390625,-1411.050048828125,-1388.5999755859375,-1356.0,-1319.5,-1275.0,-1250.5,-1228.8499755859375,-1215.93994140625
28608,-1319.199951171875,34.5470085144043,29.554317474365234,25.246973514556885,-1319.199951171875,-1319.5,55.01871871948242,-1433.0400390625,-1411.050048828125,-1388.5999755859375,-1356.0,-1319.5,-1275.0,-1250.5,-1228.8499755859375,-1218.8800048828125
28704,-1319.3399658203125,34.48167419433594,29.54208755493164,25.079710483551025,-1319.3399658203125,-1319.5,55.00312805175781,-1433.0400390625,-1411.050048828125,-1388.9000244140625,-1356.0,-1319.5,-1275.0,-1250.5,-1232.6500244140625,-1218.8800048828125
28800,-1319.5599365234375,34.435455322265625,29.544525146484375,24.917553424835205,-1319.56005859375,-1319.5,54.93911361694336,-1433.0400390625,-1411.050048828125,-1388.9000244140625,-1356.25,-1319.5,-1275.0,-1252.699951171875,-1232.6500244140625,-1218.8800048828125
28896,-1319.739990234375,34.40898132324219,29.566020965576172,24.772664546966553,-1319.739990234375,-1319.5,55.00502395629883,-1433.0400390625,-1411.050048828125,-1388.9000244140625,-1356.25,-1319.5,-1275.0,-1252.699951171875,-1232.6500244140625,-1218.8800048828125
28992,-1319.7999267578125,34.37181091308594,29.569534301757812,24.61148691177368,-1319.800048828125,-1320.5,55.011451721191406,-1433.0400390625,-1411.050048828125,-1388.9000244140625,-1356.25,-1320.5,-1275.0,-1252.699951171875,-1232.6500244140625,-1218.8800048828125
29088,-1320.0,34.30410385131836,29.54916000366211,24.446125030517578,-1320.0,-1320.5,54.89207458496094,-1433.0400390625,-1411.050048828125,-1388.9000244140625,-1357.25,-1320.5,-1279.25,-1252.699951171875,-1232.6500244140625,-1218.8800048828125
29184,-1320.0999755859375,34.26702117919922,29.558300018310547,24.299684524536133,-1320.0999755859375,-1320.5,54.923309326171875,-1433.1199951171875,-1411.050048828125,-1388.9000244140625,-1357.25,-1320.5,-1279.25,-1252.699951171875,-1232.6500244140625,-1218.919921875
29280,-1320.199951171875,34.201438903808594,29.532344818115234,24.148261547088623,-1320.199951171875,-1320.5,54.94633483886719,-1433.1199951171875,-1411.050048828125,-1388.9000244140625,-1357.25,-1320.5,-1280.0,-1252.699951171875,-1232.6500244140625,-1218.919921875
29376,-1320.43994140625,34.147796630859375,29.52511978149414,23.9952712059021,-1320.43994140625,-1320.5,55.0315055847168,-1433.1199951171875,-1411.050048828125,-1388.9000244140625,-1357.25,-1320.5,-1281.5,-1252.699951171875,-1232.6500244140625,-1218.919921875
29472,-1320.5599365234375,34.09377670288086,29.519582748413086,23.820038318634033,-1320.56005859375,-1320.5,55.03223419189453,-1433.1199951171875,-1411.050048828125,-1388.9000244140625,-1357.25,-1320.5,-1282.0,-1252.699951171875,-1232.6500244140625,-1218.919921875
29568,-1320.5799560546875,34.05320739746094,29.53219223022461,23.65829372406006,-1320.5799560546875,-1320.5,55.03783416748047,-1433.1199951171875,-1411.050048828125,-1388.9000244140625,-1357.25,-1320.5,-1282.0,-1252.699951171875,-1232.6500244140625,-1218.919921875
29664,-1320.719970703125,34.00181198120117,29.52193832397461,23.492202758789062,-1320.719970703125,-1320.5,55.06016159057617,-1433.1199951171875,-1411.050048828125,-1389.800048828125,-1357.25,-1320.5,-1282.0,-1252.699951171875,-1234.550048828125,-1218.919921875
29760,-1320.8399658203125,33.93952941894531,29.510486602783203,23.319055557250977,-1320.8399658203125,-1320.5,55.03012466430664,-1433.1199951171875,-1411.050048828125,-1391.5999755859375,-1357.25,-1320.5,-1282.0,-1252.9000244140625,-1234.550048828125,-1218.919921875
29856,-1320.919921875,33.883426666259766,29.495885848999023,23.17025852203369,-1320.9200439453125,-1320.5,55.00994110107422,-1433.1199951171875,-1411.050048828125,-1391.5999755859375,-1357.25,-1320.5,-1282.0,-1252.9000244140625,-1234.550048828125,-1218.919921875
29952,-1320.97998046875,33.82706069946289,29.490100860595703,23.017833709716797,-1320.97998046875,-1320.5,55.056514739990234,-1433.1199951171875,-1411.050048828125,-1391.5999755859375,-1357.25,-1320.5,-1282.0,-1252.9000244140625,-1234.550048828125,-1218.919921875
30048,-1321.0599365234375,33.75946807861328,29.468353271484375,22.857287406921387,-1321.06005859375,-1320.5,54.973602294921875,-1433.1199951171875,-1411.050048828125,-1391.5999755859375,-1357.25,-1320.5,-1282.0,-1252.9000244140625,-1234.550048828125,-1220.8800048828125
30144,-1321.1199951171875,33.7176513671875,29.46251678466797,22.712367057800293,-1321.1199951171875,-1320.5,54.90251159667969,-1433.1199951171875,-1411.050048828125,-1391.5999755859375,-1357.25,-1320.5,-1282.0,-1252.9000244140625,-1234.550048828125,-1220.8800048828125
30240,-1321.159912109375,33.66834259033203,29.4560604095459,22.56011724472046,-1321.1600341796875,-1320.5,54.8677864074707,-1433.1199951171875,-1411.050048828125,-1391.5999755859375,-1357.25,-1320.5,-1282.0,-1252.9000244140625,-1234.550048828125,-1220.8800048828125
30336,-1321.3599853515625,33.61861801147461,29.456893920898438,22.405807971954346,-1321.3599853515625,-1320.5,54.79681396484375,-1433.1199951171875,-1412.050048828125,-1391.5999755859375,-1357.25,-1320.5,-1282.0,-1252.9000244140625,-1234.550048828125,-1220.8800048828125
30432,-1321.419921875,33.58039855957031,29.457311630249023,22.25228500366211,-1321.4200439453125,-1320.5,54.80769729614258,-1433.1199951171875,-1412.050048828125,-1391.5999755859375,-1357.25,-1320.5,-1282.0,-1252.9000244140625,-1234.550048828125,-1220.8800048828125
30528,-1321.52001953125,33.52395248413086,29.44961166381836,22.096859455108643,-1321.52001953125,-1320.5,54.810855865478516,-1433.1199951171875,-1412.050048828125,-1391.5999755859375,-1357.25,-1320.5,-1282.0,-1252.9000244140625,-1234.550048828125,-1220.8800048828125
30624,-1321.8599853515625,33.491294860839844,29.455379486083984,21.95616388320923,-1321.8599853515625,-1320.5,54.88460922241211,-1433.1199951171875,-1412.050048828125,-1391.5999755859375,-1359.0,-1320.5,-1282.0,-1253.9000244140625,-1236.550048828125,-1220.8800048828125
30720,-1321.97998046875,33.4249153137207,29.43817138671875,21.789974689483643,-1321.97998046875,-1320.5,54.8384895324707,-1433.1199951171875,-1412.050048828125,-1391.5999755859375,-1359.0,-1320.5,-1282.0,-1253.9000244140625,-1236.550048828125,-1220.8800048828125
30816,-1322.199951171875,33.4033203125,29.45699119567871,21.647258758544922,-1322.199951171875,-1320.5,54.687660217285156,-1433.1199951171875,-1412.050048828125,-1391.5999755859375,-1359.0,-1320.5,-1282.0,-1253.9000244140625,-1236.550048828125,-1220.8800048828125
30912,-1322.260009765625,33.37781524658203,29.469112396240234,21.497107982635498,-1322.260009765625,-1320.5,54.60322570800781,-1433.1199951171875,-1412.050048828125,-1391.5999755859375,-1359.0,-1320.5,-1282.0,-1253.9000244140625,-1238.4500732421875,-1220.8800048828125
31008,-1322.3399658203125,33.346431732177734,29.474769592285156,21.358188152313232,-1322.3399658203125,-1320.5,54.60279083251953,-1433.1199951171875,-1412.050048828125,-1391.5999755859375,-1359.0,-1320.5,-1282.0,-1253.9000244140625,-1238.4500732421875,-1220.8800048828125
31104,-1322.3800048828125,33.298927307128906,29.46364974975586,21.220702648162842,-1322.3800048828125,-1320.5,54.637672424316406,-1433.1199951171875,-1412.050048828125,-1393.4000244140625,-1359.0,-1320.5,-1282.0,-1253.9000244140625,-1238.4500732421875,-1220.8800048828125
31200,-1322.52001953125,33.25004577636719,29.46065902709961,21.05813980102539,-1322.52001953125,-1320.5,54.58341598510742,-1433.1199951171875,-1412.050048828125,-1393.4000244140625,-1359.0,-1320.5,-1282.0,-1254.800048828125,-1238.4500732421875,-1220.8800048828125
31296,-1322.760009765625,33.21346664428711,29.46609115600586,20.908527374267578,-1322.760009765625,-1320.5,54.314292907714844,-1433.1199951171875,-1412.050048828125,-1393.4000244140625,-1359.0,-1320.5,-1283.0,-1254.800048828125,-1238.550048828125,-1220.9599609375
31392,-1322.8399658203125,33.17707824707031,29.46717643737793,20.765955448150635,-1322.8399658203125,-1320.5,54.29691696166992,-1433.1199951171875,-1412.050048828125,-1393.4000244140625,-1359.5,-1320.5,-1283.0,-1254.800048828125,-1238.550048828125,-1220.9599609375
31488,-1322.93994140625,33.14825439453125,29.479246139526367,20.62327814102173,-1322.93994140625,-1320.5,54.24736404418945,-1433.1199951171875,-1412.050048828125,-1393.4000244140625,-1359.5,-1320.5,-1283.0,-1255.0,-1238.550048828125,-1220.9599609375
31584,-1322.9599609375,33.121055603027344,29.491024017333984,20.483490467071533,-1322.9599609375,-1320.5,54.258811950683594,-1433.1199951171875,-1412.050048828125,-1393.4000244140625,-1359.5,-1320.5,-1283.0,-1255.0,-1238.550048828125,-1220.9599609375
31680,-1323.0999755859375,33.11911392211914,29.51648712158203,20.371275901794434,-1323.0999755859375,-1320.5,54.22296142578125,-1433.1199951171875,-1412.1500244140625,-1393.4000244140625,-1359.5,-1320.5,-1283.0,-1256.800048828125,-1238.550048828125,-1220.9599609375
31776,-1323.219970703125,33.05664825439453,29.492874145507812,20.22322702407837,-1323.219970703125,-1320.5,54.128841400146484,-1433.1199951171875,-1412.1500244140625,-1393.4000244140625,-1359.5,-1320.5,-1283.0,-1256.800048828125,-1238.550048828125,-1220.9599609375
31872,-1323.3399658203125,33.01665496826172,29.493728637695312,20.086439609527588,-1323.3399658203125,-1320.5,54.224945068359375,-1433.1199951171875,-1412.1500244140625,-1393.4000244140625,-1359.5,-1320.5,-1283.0,-1256.800048828125,-1238.550048828125,-1220.9599609375
31968,-1323.52001953125,32.955989837646484,29.4658203125,19.9545578956604,-1323.52001953125,-1320.5,54.21613693237305,-1433.1199951171875,-1412.1500244140625,-1397.4000244140625,-1359.5,-1320.5,-1283.0,-1256.800048828125,-1238.8499755859375,-1220.9599609375
32064,-1323.5799560546875,32.91486740112305,29.46196746826172,19.832276344299316,-1323.5799560546875,-1320.5,54.23139190673828,-1433.1199951171875,-1412.1500244140625,-1397.4000244140625,-1359.5,-1320.5,-1283.0,-1256.800048828125,-1238.8499755859375,-1220.9599609375
32160,-1323.659912109375,32.88947677612305,29.467174530029297,19.696732997894287,-1323.6600341796875,-1320.5,54.26365661621094,-1433.1199951171875,-1412.1500244140625,-1397.4000244140625,-1359.5,-1320.5,-1283.0,-1256.800048828125,-1238.8499755859375,-1220.9599609375
32256,-1323.7999267578125,32.881629943847656,29.493083953857422,19.567474842071533,-1323.800048828125,-1322.0,54.28498458862305,-1433.1199951171875,-1412.25,-1397.4000244140625,-1359.5,-1322.0,-1283.0,-1256.800048828125,-1238.8499755859375,-1222.919921875
32352,-1323.9599609375,32.8476676940918,29.499080657958984,19.422093391418457,-1323.9599609375,-1322.0,54.26839065551758,-1433.1199951171875,-1412.25,-1397.5,-1359.5,-1322.0,-1284.5,-1256.800048828125,-1238.8499755859375,-1222.919921875
32448,-1324.02001953125,32.85133361816406,29.527807235717773,19.32112979888916,-1324.02001953125,-1322.0,54.23006057739258,-1433.1199951171875,-1412.25,-1397.5,-1359.5,-1322.0,-1284.5,-1256.800048828125,-1238.8499755859375,-1222.919921875
32544,-1324.159912109375,32.8096923828125,29.514867782592773,19.186001300811768,-1324.1600341796875,-1322.0,54.17632293701172,-1433.1199951171875,-1412.25,-1397.5,-1359.5,-1322.0,-1284.5,-1256.800048828125,-1238.8499755859375,-1222.919921875
32640,-1324.280029296875,32.800994873046875,29.541555404663086,19.04511785507202,-1324.280029296875,-1322.0,54.15922546386719,-1433.1199951171875,-1412.25,-1397.5,-1359.5,-1322.0,-1285.0,-1256.800048828125,-1238.8499755859375,-1222.919921875
32736,-1324.43994140625,32.73185729980469,29.509824752807617,18.906314849853516,-1324.43994140625,-1322.0,54.06391143798828,-1433.1199951171875,-1412.25,-1397.5,-1359.5,-1322.0,-1285.0,-1256.800048828125,-1240.75,-1222.919921875
32832,-1324.47998046875,32.66792297363281,29.483230590820312,18.770002841949463,-1324.47998046875,-1322.0,54.08095169067383,-1433.1199951171875,-1412.25,-1397.5,-1359.5,-1322.0,-1285.0,-1256.800048828125,-1240.75,-1222.919921875
32928,-1324.679931640625,32.656166076660156,29.512985229492188,18.623965740203857,-1324.6800537109375,-1322.0,53.9388313293457,-1433.1199951171875,-1412.25,-1397.5,-1361.0,-1322.0,-1285.0,-1256.800048828125,-1240.75,-1223.0
33024,-1324.699951171875,32.62363052368164,29.515668869018555,18.502540111541748,-1324.699951171875,-1322.0,53.957481384277344,-1433.1199951171875,-1412.25,-1397.5,-1361.0,-1322.0,-1285.0,-1256.800048828125,-1240.75,-1223.0
33120,-1324.9599609375,32.58000946044922,29.50848388671875,18.365971565246582,-1324.9599609375,-1323.5,53.99276351928711,-1433.1199951171875,-1412.25,-1397.5,-1364.0,-1323.5,-1285.0,-1256.800048828125,-1240.75,-1223.0
33216,-1324.97998046875,32.529109954833984,29.492048263549805,18.233891010284424,-1324.97998046875,-1323.5,53.986106872558594,-1433.1199951171875,-1412.25,-1397.5,-1364.0,-1323.5,-1285.0,-1256.800048828125,-1240.75,-1223.0
33312,-1325.0399169921875,32.4902458190918,29.478118896484375,18.124323844909668,-1325.0400390625,-1323.5,53.990535736083984,-1433.1199951171875,-1412.25,-1397.5,-1364.5,-1323.5,-1285.0,-1256.800048828125,-1240.75,-1223.0
33408,-1325.0799560546875,32.44966125488281,29.46339225769043,18.008030891418457,-1325.0799560546875,-1323.5,53.934898376464844,-1433.1199951171875,-1412.25,-1397.5,-1364.5,-1323.5,-1285.0,-1256.800048828125,-1240.75,-1223.0
33504,-1325.199951171875,32.408512115478516,29.460872650146484,17.891159057617188,-1325.199951171875,-1323.5,53.92865753173828,-1433.1199951171875,-1412.3499755859375,-1397.5,-1364.5,-1323.5,-1285.0,-1256.800048828125,-1240.75,-1223.0
33600,-1325.3199462890625,32.37251663208008,29.454076766967773,17.76879644393921,-1325.3199462890625,-1323.5,53.82748031616211,-1433.1199951171875,-1412.3499755859375,-1397.5,-1364.5,-1323.5,-1285.75,-1256.800048828125,-1240.8499755859375,-1223.0
33696,-1325.4000244140625,32.348575592041016,29.446548461914062,17.66659641265869,-1325.4000244140625,-1324.0,53.825828552246094,-1433.1199951171875,-1412.3499755859375,-1397.5,-1364.5,-1324.0,-1285.75,-1256.800048828125,-1240.8499755859375,-1223.0
33792,-1325.47998046875,32.33247375488281,29.45685577392578,17.547126293182373,-1325.47998046875,-1324.0,53.79618835449219,-1433.1199951171875,-1412.3499755859375,-1397.5,-1364.5,-1324.0,-1285.75,-1256.800048828125,-1240.8499755859375,-1223.0
33888,-1325.52001953125,32.28294372558594,29.44689178466797,17.416563987731934,-1325.52001953125,-1324.0,53.789493560791016,-1433.1199951171875,-1412.3499755859375,-1397.5,-1364.5,-1324.0,-1286.75,-1256.800048828125,-1240.8499755859375,-1223.0
33984,-1325.6199951171875,32.24736785888672,29.44085693359375,17.29342746734619,-1325.6199951171875,-1324.0,53.710670471191406,-1433.1199951171875,-1412.3499755859375,-1397.5,-1364.5,-1324.0,-1286.75,-1256.800048828125,-1240.8499755859375,-1223.0
34080,-1325.659912109375,32.24943923950195,29.47602653503418,17.166120052337646,-1325.6600341796875,-1324.0,53.67778396606445,-1433.1199951171875,-1412.3499755859375,-1397.5,-1364.5,-1324.0,-1286.75,-1256.800048828125,-1240.8499755859375,-1223.0
34176,-1325.760009765625,32.230316162109375,29.482711791992188,17.04754877090454,-1325.760009765625,-1324.0,53.73529815673828,-1433.1199951171875,-1412.449951171875,-1397.5,-1364.5,-1324.0,-1286.75,-1256.800048828125,-1240.8499755859375,-1223.0
34272,-1325.8199462890625,32.20925521850586,29.477184295654297,16.958940982818604,-1325.8199462890625,-1324.0,53.75191116333008,-1433.1600341796875,-1412.449951171875,-1397.5,-1364.5,-1324.0,-1286.75,-1256.800048828125,-1240.8499755859375,-1224.9599609375
34368,-1325.8800048828125,32.17265319824219,29.470922470092773,16.84056043624878,-1325.8800048828125,-1324.0,53.744632720947266,-1433.1600341796875,-1412.449951171875,-1397.5,-1364.5,-1324.0,-1286.75,-1256.800048828125,-1240.8499755859375,-1224.9599609375
34464,-1325.93994140625,32.14695739746094,29.483150482177734,16.72055149078369,-1325.93994140625,-1324.0,53.69894027709961,-1433.1600341796875,-1412.449951171875,-1397.5,-1364.5,-1324.0,-1286.75,-1256.800048828125,-1241.949951171875,-1224.9599609375
34560,-1326.0,32.09351348876953,29.458492279052734,16.60313105583191,-1326.0,-1324.0,53.67774200439453,-1433.1600341796875,-1412.449951171875,-1397.5,-1364.5,-1324.0,-1286.75,-1256.800048828125,-1242.949951171875,-1224.9599609375
34656,-1326.0599365234375,32.068634033203125,29.460830688476562,16.49452805519104,-1326.06005859375,-1324.0,53.6299934387207,-1433.1600341796875,-1412.449951171875,-1397.5,-1364.5,-1324.0,-1286.75,-1256.800048828125,-1242.949951171875,-1225.0
34752,-1326.0799560546875,32.040016174316406,29.46143913269043,16.378111124038696,-1326.0799560546875,-1324.0,53.615047454833984,-1433.1600341796875,-1412.449951171875,-1397.5,-1364.5,-1324.0,-1287.0,-1256.800048828125,-1242.949951171875,-1225.0
34848,-1326.159912109375,32.01641082763672,29.467998504638672,16.25826406478882,-1326.1600341796875,-1324.0,53.53049850463867,-1433.1600341796875,-1412.449951171875,-1397.5,-1364.5,-1324.0,-1287.0,-1258.5999755859375,-1242.949951171875,-1225.0
34944,-1326.260009765625,31.96575164794922,29.446456909179688,16.142359972000122,-1326.260009765625,-1324.0,53.52412796020508,-1433.1600341796875,-1412.449951171875,-1397.5,-1364.5,-1324.0,-1287.0,-1258.5999755859375,-1242.949951171875,-1225.0
35040,-1326.280029296875,31.93661880493164,29.445152282714844,16.03239154815674,-1326.280029296875,-1324.0,53.49936294555664,-1433.1600341796875,-1412.449951171875,-1397.5,-1364.5,-1324.0,-1287.0,-1258.5999755859375,-1242.949951171875,-1225.0
35136,-1326.3599853515625,31.87906265258789,29.412336349487305,15.905933856964111,-1326.3599853515625,-1324.0,53.45063781738281,-1433.1600341796875,-1412.449951171875,-1397.5,-1364.5,-1324.0,-1287.0,-1258.5999755859375,-1243.949951171875,-1225.0
35232,-1326.4599609375,31.803607940673828,29.364017486572266,15.769214630126953,-1326.4599609375,-1324.0,53.40007781982422,-1433.1600341796875,-1412.449951171875,-1397.5,-1364.5,-1324.0,-1287.0,-1258.5999755859375,-1243.949951171875,-1225.0
35328,-1326.6400146484375,31.77479362487793,29.3603572845459,15.659857749938965,-1326.6400146484375,-1324.5,53.318763732910156,-1433.1600341796875,-1412.449951171875,-1399.5,-1364.5,-1324.5,-1288.5,-1258.5999755859375,-1245.8499755859375,-1225.0
35424,-1326.7999267578125,31.791730880737305,29.39867401123047,15.553256034851074,-1326.800048828125,-1324.5,53.25804901123047,-1433.1600341796875,-1412.449951171875,-1399.5,-1366.0,-1324.5,-1288.5,-1258.5999755859375,-1245.8499755859375,-1225.0
35520,-1326.8800048828125,31.77644157409668,29.405330657958984,15.437629461288452,-1326.8800048828125,-1324.5,53.2391357421875,-1433.1600341796875,-1412.449951171875,-1399.5,-1366.0,-1324.5,-1288.5,-1258.5999755859375,-1245.8499755859375,-1225.0
35616,-1326.8800048828125,31.751981735229492,29.399169921875,15.348234415054321,-1326.8800048828125,-1324.5,53.2391357421875,-1433.1600341796875,-1412.449951171875,-1399.5,-1366.0,-1324.5,-1288.5,-1258.5999755859375,-1245.8499755859375,-1225.0
35712,-1326.8800048828125,31.727758407592773,29.396909713745117,15.238744974136353,-1326.8800048828125,-1324.5,53.2391357421875,-1433.1600341796875,-1412.449951171875,-1399.5,-1366.0,-1324.5,-1288.5,-1258.5999755859375,-1245.8499755859375,-1225.0
35808,-1326.97998046875,31.671371459960938,29.366552352905273,15.125760555267334,-1326.97998046875,-1324.5,53.146400451660156,-1433.1600341796875,-1412.449951171875,-1399.5,-1366.0,-1324.5,-1288.5,-1260.800048828125,-1245.8499755859375,-1226.9599609375
35904,-1326.97998046875,31.639249801635742,29.36739158630371,14.988257884979248,-1326.97998046875,-1324.5,53.146400451660156,-1433.1600341796875,-1412.449951171875,-1399.5,-1366.0,-1324.5,-1288.5,-1260.800048828125,-1245.8499755859375,-1226.9599609375
36000,-1327.0599365234375,31.60773277282715,29.36678123474121,14.871058464050293,-1327.06005859375,-1324.5,53.13470458984375,-1433.1600341796875,-1412.550048828125,-1399.5,-1366.0,-1324.5,-1288.5,-1260.800048828125,-1245.8499755859375,-1226.9599609375
36096,-1327.1199951171875,31.575393676757812,29.35933494567871,14.745382070541382,-1327.1199951171875,-1324.5,53.09619140625,-1433.1600341796875,-1412.550048828125,-1399.5,-1366.0,-1324.5,-1288.5,-1260.800048828125,-1245.8499755859375,-1226.9599609375
36192,-1327.1400146484375,31.564016342163086,29.372936248779297,14.640077590942383,-1327.1400146484375,-1324.5,53.08107376098633,-1433.1600341796875,-1412.550048828125,-1399.5,-1366.0,-1324.5,-1288.75,-1260.800048828125,-1245.8499755859375,-1226.9599609375
36288,-1327.159912109375,31.49386978149414,29.33058738708496,14.505658388137817,-1327.1600341796875,-1324.5,53.043701171875,-1433.1600341796875,-1412.550048828125,-1399.5,-1366.0,-1324.5,-1288.75,-1260.800048828125,-1245.8499755859375,-1228.919921875
36384,-1327.159912109375,31.460060119628906,29.325748443603516,14.39568567276001,-1327.1600341796875,-1324.5,53.043701171875,-1433.1600341796875,-1412.550048828125,-1399.5,-1366.0,-1324.5,-1288.75,-1260.800048828125,-1245.8499755859375,-1228.919921875
36480,-1327.159912109375,31.461956024169922,29.345619201660156,14.307570934295654,-1327.1600341796875,-1324.5,53.043701171875,-1433.1600341796875,-1412.550048828125,-1399.5,-1366.0,-1324.5,-1288.75,-1260.800048828125,-1245.8499755859375,-1228.919921875
36576,-1327.219970703125,31.438812255859375,29.34471893310547,14.208319187164307,-1327.219970703125,-1324.5,53.02500915527344,-1433.1600341796875,-1412.6500244140625,-1399.5,-1366.0,-1324.5,-1288.75,-1260.800048828125,-1245.8499755859375,-1228.919921875
36672,-1327.280029296875,31.419004440307617,29.35109519958496,14.115600347518921,-1327.280029296875,-1324.5,52.98397445678711,-1433.1600341796875,-1412.6500244140625,-1399.5,-1366.0,-1324.5,-1289.0,-1260.800048828125,-1245.8499755859375,-1228.919921875
36768,-1327.3399658203125,31.412689208984375,29.364486694335938,14.026931285858154,-1327.3399658203125,-1324.5,53.08883285522461,-1433.1600341796875,-1412.6500244140625,-1399.5,-1366.0,-1324.5,-1289.0,-1260.800048828125,-1245.8499755859375,-1228.919921875
36864,-1327.3599853515625,31.378942489624023,29.34964370727539,13.912377119064331,-1327.3599853515625,-1324.5,53.08832931518555,-1433.1600341796875,-1412.6500244140625,-1399.5,-1366.0,-1324.5,-1289.0,-1260.800048828125,-1245.8499755859375,-1228.919921875
36960,-1327.4000244140625,31.34529685974121,29.334381103515625,13.814284801483154,-1327.4000244140625,-1324.5,53.07635498046875,-1433.1600341796875,-1412.6500244140625,-1399.5,-1366.0,-1324.5,-1289.0,-1260.800048828125,-1245.8499755859375,-1228.919921875
37056,-1327.419921875,31.32472801208496,29.33924102783203,13.701822996139526,-1327.4200439453125,-1324.5,53.070926666259766,-1433.1600341796875,-1412.6500244140625,-1399.5,-1366.0,-1324.5,-1289.0,-1260.800048828125,-1245.8499755859375,-1228.919921875
37152,-1327.43994140625,31.307966232299805,29.34162712097168,13.61898398399353,-1327.43994140625,-1324.5,53.05870056152344,-1433.1600341796875,-1412.6500244140625,-1399.5,-1366.0,-1324.5,-1289.0,-1260.800048828125,-1245.8499755859375,-1228.919921875
37248,-1327.5799560546875,31.278959274291992,29.332164764404297,13.530507564544678,-1327.5799560546875,-1325.5,52.97738265991211,-1433.1600341796875,-1412.6500244140625,-1399.5,-1366.0,-1325.5,-1289.0,-1260.800048828125,-1245.8499755859375,-1228.919921875
37344,-1327.739990234375,31.258514404296875,29.338146209716797,13.420459985733032,-1327.739990234375,-1325.5,53.04066467285156,-1433.1600341796875,-1412.6500244140625,-1399.5,-1369.25,-1325.5,-1289.0,-1260.800048828125,-1245.8499755859375,-1228.919921875
37440,-1327.919921875,31.219005584716797,29.319225311279297,13.308597326278687,-1327.9200439453125,-1325.5,52.917423248291016,-1433.1600341796875,-1412.6500244140625,-1399.5,-1369.25,-1325.5,-1289.0,-1260.800048828125,-1245.8499755859375,-1228.919921875
37536,-1328.0,31.20496368408203,29.3265438079834,13.191717147827148,-1328.0,-1325.5,52.835025787353516,-1433.1600341796875,-1412.6500244140625,-1399.5,-1369.25,-1325.5,-1289.0,-1260.800048828125,-1245.8499755859375,-1229.9000244140625
37632,-1328.02001953125,31.186946868896484,29.328197479248047,13.102691888809204,-1328.02001953125,-1325.5,52.85621643066406,-1433.1600341796875,-1412.6500244140625,-1399.5,-1369.25,-1325.5,-1289.0,-1260.800048828125,-1245.8499755859375,-1229.9000244140625
37728,-1328.0599365234375,31.162250518798828,29.32500457763672,13.012519598007202,-1328.06005859375,-1325.5,52.82136154174805,-1433.1600341796875,-1412.6500244140625,-1399.5,-1369.25,-1325.5,-1289.0,-1261.0,-1245.8499755859375,-1229.9000244140625
37824,-1328.1400146484375,31.12347984313965,29.305706024169922,12.926369905471802,-1328.1400146484375,-1325.5,52.70256423950195,-1433.1600341796875,-1412.6500244140625,-1399.5,-1369.25,-1325.5,-1289.0,-1261.0,-1245.8499755859375,-1230.97998046875
37920,-1328.179931640625,31.084630966186523,29.29572105407715,12.802700757980347,-1328.1800537109375,-1325.5,52.76237106323242,-1433.1600341796875,-1412.6500244140625,-1399.5,-1369.25,-1325.5,-1289.0,-1261.0,-1245.8499755859375,-1230.97998046875
38016,-1328.219970703125,31.04091453552246,29.26422119140625,12.721137523651123,-1328.219970703125,-1325.5,52.689388275146484,-1433.1600341796875,-1412.6500244140625,-1399.5,-1369.25,-1325.5,-1289.0,-1261.0,-1245.8499755859375,-1232.93994140625
38112,-1328.280029296875,31.03289794921875,29.27815818786621,12.640484809875488,-1328.280029296875,-1325.5,52.648475646972656,-1433.1600341796875,-1412.6500244140625,-1399.5,-1369.25,-1325.5,-1289.0,-1261.0,-1249.6500244140625,-1232.93994140625
38208,-1328.3199462890625,30.979154586791992,29.248037338256836,12.539577722549438,-1328.3199462890625,-1325.5,52.61366653442383,-1433.1600341796875,-1412.6500244140625,-1399.5,-1369.25,-1325.5,-1289.0,-1261.0,-1249.6500244140625,-1232.93994140625
38304,-1328.3800048828125,30.943763732910156,29.234798431396484,12.448239803314209,-1328.3800048828125,-1325.5,52.626949310302734,-1433.1600341796875,-1412.6500244140625,-1399.5,-1369.25,-1325.5,-1289.0,-1261.0,-1249.6500244140625,-1232.93994140625
38400,-1328.4599609375,30.909658432006836,29.217144012451172,12.375789403915405,-1328.4599609375,-1325.5,52.544158935546875,-1433.1600341796875,-1412.6500244140625,-1399.5,-1369.25,-1325.5,-1289.0,-1261.0,-1249.6500244140625,-1232.93994140625
38496,-1328.47998046875,30.894351959228516,29.22214126586914,12.290917873382568,-1328.47998046875,-1325.5,52.52190017700195,-1433.1600341796875,-1412.6500244140625,-1399.5,-1369.25,-1325.5,-1289.0,-1261.0,-1249.6500244140625,-1232.93994140625
38592,-1328.52001953125,30.87856101989746,29.226577758789062,12.194744110107422,-1328.52001953125,-1325.5,52.535221099853516,-1433.1600341796875,-1412.6500244140625,-1399.5,-1369.25,-1325.5,-1289.0,-1261.0,-1249.6500244140625,-1232.93994140625
38688,-1328.699951171875,30.881351470947266,29.244773864746094,12.121342897415161,-1328.699951171875,-1325.5,52.40238952636719,-1433.1600341796875,-1412.6500244140625,-1399.5,-1369.25,-1325.5,-1289.0,-1261.0,-1249.6500244140625,-1232.93994140625
38784,-1328.719970703125,30.865201950073242,29.24905014038086,12.032954692840576,-1328.719970703125,-1325.5,52.36623001098633,-1433.1600341796875,-1412.6500244140625,-1399.5,-1369.25,-1325.5,-1289.0,-1261.0,-1249.6500244140625,-1234.9000244140625
38880,-1328.739990234375,30.864002227783203,29.267154693603516,11.94739294052124,-1328.739990234375,-1325.5,52.3575439453125,-1433.1600341796875,-1412.6500244140625,-1399.5,-1369.25,-1325.5,-1289.0,-1261.0,-1249.6500244140625,-1234.9000244140625
38976,-1328.780029296875,30.817943572998047,29.24422264099121,11.848377466201782,-1328.780029296875,-1325.5,52.324100494384766,-1433.1600341796875,-1412.6500244140625,-1399.5,-1369.25,-1325.5,-1289.0,-1261.0,-1249.6500244140625,-1234.9000244140625
39072,-1328.7999267578125,30.80801773071289,29.251699447631836,11.770833253860474,-1328.800048828125,-1325.5,52.35322570800781,-1433.1600341796875,-1412.6500244140625,-1399.5999755859375,-1369.25,-1325.5,-1289.0,-1261.0,-1249.6500244140625,-1234.9000244140625
39168,-1328.7999267578125,30.787349700927734,29.251232147216797,11.685585260391235,-1328.800048828125,-1325.5,52.35322570800781,-1433.1600341796875,-1412.6500244140625,-1399.5999755859375,-1369.25,-1325.5,-1289.0,-1261.0,-1249.6500244140625,-1234.9000244140625
39264,-1328.9000244140625,30.79195213317871,29.274755477905273,11.598671197891235,-1328.9000244140625,-1325.5,52.338226318359375,-1433.1600341796875,-1412.6500244140625,-1399.5999755859375,-1369.25,-1325.5,-1289.0,-1261.0,-1249.6500244140625,-1234.9000244140625
39360,-1328.93994140625,30.780498504638672,29.28126335144043,11.498084306716919,-1328.93994140625,-1325.5,52.29853057861328,-1433.1600341796875,-1412.6500244140625,-1399.5999755859375,-1369.25,-1325.5,-1289.0,-1261.0,-1249.6500244140625,-1234.9000244140625
39456,-1329.1199951171875,30.76043701171875,29.282278060913086,11.40285325050354,-1329.1199951171875,-1325.5,52.281986236572266,-1433.1600341796875,-1412.75,-1399.5999755859375,-1369.25,-1325.5,-1289.0,-1261.0,-1249.6500244140625,-1234.9000244140625
39552,-1329.1400146484375,30.70345687866211,29.244033813476562,11.29361891746521,-1329.1400146484375,-1325.5,52.289581298828125,-1433.1600341796875,-1412.75,-1399.5999755859375,-1369.25,-1325.5,-1289.0,-1261.0,-1249.6500244140625,-1234.9000244140625
39648,-1329.219970703125,30.719160079956055,29.27210807800293,11.230539083480835,-1329.219970703125,-1325.5,52.323341369628906,-1433.1600341796875,-1412.75,-1399.5999755859375,-1369.25,-1325.5,-1289.0,-1261.0,-1249.6500244140625,-1234.9000244140625
39744,-1329.219970703125,30.656538009643555,29.22583770751953,11.116261005401611,-1329.219970703125,-1325.5,52.323341369628906,-1433.1600341796875,-1412.75,-1399.5999755859375,-1369.25,-1325.5,-1289.0,-1261.0,-1249.6500244140625,-1234.9000244140625
39840,-1329.260009765625,30.62629508972168,29.213695526123047,11.01141881942749,-1329.260009765625,-1325.5,52.3571662902832,-1433.1600341796875,-1413.699951171875,-1399.5999755859375,-1369.25,-1325.5,-1289.0,-1261.0,-1249.6500244140625,-1234.9000244140625
39936,-1329.3399658203125,30.61935043334961,29.221759796142578,10.925554513931274,-1329.3399658203125,-1325.5,52.252315521240234,-1433.1600341796875,-1413.699951171875,-1399.5999755859375,-1369.25,-1325.5,-1289.0,-1261.0,-1249.6500244140625,-1234.9000244140625
40032,-1329.3800048828125,30.614734649658203,29.232437133789062,10.846903324127197,-1329.3800048828125,-1325.5,52.24821090698242,-1433.1600341796875,-1413.699951171875,-1399.5999755859375,-1369.25,-1325.5,-1289.0,-1261.0,-1249.6500244140625,-1234.9000244140625
40128,-1329.419921875,30.56622314453125,29.195701599121094,10.784214735031128,-1329.4200439453125,-1325.5,52.25594711303711,-1433.1600341796875,-1413.699951171875,-1399.5999755859375,-1369.25,-1325.5,-1289.0,-1261.0,-1249.6500244140625,-1234.9000244140625
40224,-1329.4599609375,30.55545425415039,29.202077865600586,10.694570541381836,-1329.4599609375,-1325.5,52.234169006347656,-1433.1600341796875,-1413.699951171875,-1399.5999755859375,-1369.25,-1325.5,-1289.0,-1261.0,-1249.6500244140625,-1234.9000244140625
40320,-1329.5,30.56755828857422,29.229019165039062,10.602886438369751,-1329.5,-1325.5,52.19051742553711,-1433.1600341796875,-1413.699951171875,-1399.5999755859375,-1369.25,-1325.5,-1289.0,-1261.0,-1249.75,-1234.9000244140625
40416,-1329.52001953125,30.50617218017578,29.192373275756836,10.495489597320557,-1329.52001953125,-1325.5,52.22288513183594,-1433.1600341796875,-1415.5999755859375,-1399.5999755859375,-1369.25,-1325.5,-1289.0,-1261.0,-1249.75,-1234.9000244140625
40512,-1329.5599365234375,30.506065368652344,29.20521354675293,10.413347244262695,-1329.56005859375,-1325.5,52.22553634643555,-1433.1600341796875,-1415.5999755859375,-1399.5999755859375,-1369.25,-1325.5,-1289.0,-1261.0,-1249.75,-1234.9000244140625
40608,-1329.5999755859375,30.48373794555664,29.200185775756836,10.330606698989868,-1329.5999755859375,-1325.5,52.18830871582031,-1433.1600341796875,-1415.5999755859375,-1399.5999755859375,-1369.25,-1325.5,-1290.5,-1261.0,-1249.75,-1234.9000244140625
40704,-1329.659912109375,30.43781089782715,29.169235229492188,10.241470098495483,-1329.6600341796875,-1325.5,52.143882751464844,-1433.1600341796875,-1415.5999755859375,-1399.5999755859375,-1369.25,-1325.5,-1290.5,-1261.0,-1249.75,-1236.8599853515625
40800,-1329.679931640625,30.401103973388672,29.147741317749023,10.143640041351318,-1329.6800537109375,-1325.5,52.14861297607422,-1433.1600341796875,-1415.5999755859375,-1399.5999755859375,-1369.25,-1325.5,-1290.5,-1261.0,-1249.75,-1236.8599853515625
40896,-1329.699951171875,30.390789031982422,29.156471252441406,10.055998086929321,-1329.699951171875,-1325.5,52.171730041503906,-1433.1600341796875,-1415.5999755859375,-1399.5999755859375,-1369.25,-1325.5,-1290.5,-1261.0,-1249.75,-1236.8599853515625
40992,-1329.699951171875,30.381450653076172,29.163036346435547,9.960927963256836,-1329.699951171875,-1325.5,52.171730041503906,-1433.1600341796875,-1415.5999755859375,-1399.5999755859375,-1369.25,-1325.5,-1290.5,-1261.0,-1249.75,-1236.8599853515625
41088,-1329.760009765625,30.401187896728516,29.199804306030273,9.889367580413818,-1329.760009765625,-1325.5,52.17549514770508,-1433.1600341796875,-1415.5999755859375,-1399.5999755859375,-1369.25,-1325.5,-1290.5,-1261.0,-1249.75,-1236.8599853515625
41184,-1329.780029296875,30.386341094970703,29.205472946166992,9.791552782058716,-1329.780029296875,-1325.5,52.16484451293945,-1433.1600341796875,-1415.5999755859375,-1399.5999755859375,-1369.25,-1325.5,-1290.5,-1261.0,-1249.75,-1236.8599853515625
41280,-1329.8399658203125,30.357891082763672,29.189542770385742,9.708923101425171,-1329.8399658203125,-1325.5,52.13285446166992,-1433.1600341796875,-1415.5999755859375,-1399.5999755859375,-1369.25,-1325.5,-1290.5,-1261.0,-1249.75,-1236.8599853515625
41376,-1329.8599853515625,30.335567474365234,29.17953109741211,9.620027542114258,-1329.8599853515625,-1325.5,52.1229362487793,-1433.1600341796875,-1415.5999755859375,-1399.5999755859375,-1369.25,-1325.5,-1290.5,-1261.0,-1249.75,-1236.8599853515625
41472,-1329.97998046875,30.317838668823242,29.174667358398438,9.550082445144653,-1329.97998046875,-1326.5,52.065914154052734,-1433.1600341796875,-1415.5999755859375,-1399.5999755859375,-1369.25,-1326.5,-1290.5,-1261.0,-1249.75,-1236.8599853515625
41568,-1330.0999755859375,30.287921905517578,29.162160873413086,9.460999488830566,-1330.0999755859375,-1326.5,52.09577941894531,-1433.1600341796875,-1415.5999755859375,-1399.5999755859375,-1369.25,-1326.5,-1291.0,-1261.0,-1249.75,-1236.8599853515625
41664,-1330.199951171875,30.289464950561523,29.181509017944336,9.378496885299683,-1330.199951171875,-1326.5,52.05132293701172,-1433.1600341796875,-1415.5999755859375,-1399.5999755859375,-1369.25,-1326.5,-1291.0,-1261.0,-1249.75,-1236.8599853515625
41760,-1330.239990234375,30.27886199951172,29.18231201171875,9.289799451828003,-1330.239990234375,-1326.5,52.034244537353516,-1433.1600341796875,-1415.5999755859375,-1399.5999755859375,-1369.25,-1326.5,-1291.0,-1261.0,-1249.75,-1236.8599853515625
41856,-1330.2999267578125,30.254867553710938,29.175376892089844,9.188615798950195,-1330.300048828125,-1326.5,52.0131721496582,-1433.1600341796875,-1415.5999755859375,-1399.5999755859375,-1369.25,-1326.5,-1291.0,-1261.0,-1249.75,-1236.8599853515625
41952,-1330.4000244140625,30.225093841552734,29.159164428710938,9.09629225730896,-1330.4000244140625,-1326.5,52.07206726074219,-1433.1600341796875,-1415.5999755859375,-1399.5999755859375,-1369.25,-1326.5,-1291.0,-1261.0,-1249.75,-1236.8599853515625
42048,-1330.419921875,30.217084884643555,29.166555404663086,9.006943225860596,-1330.4200439453125,-1326.5,52.08074188232422,-1433.1600341796875,-1415.5999755859375,-1399.5999755859375,-1369.25,-1326.5,-1291.0,-1261.0,-1249.75,-1236.8599853515625
42144,-1330.47998046875,30.192378997802734,29.156566619873047,8.91056489944458,-1330.47998046875,-1326.5,52.14086151123047,-1433.1600341796875,-1417.5,-1399.5999755859375,-1369.25,-1326.5,-1291.0,-1261.0,-1249.75,-1236.8599853515625
42240,-1330.52001953125,30.193815231323242,29.168867111206055,8.833513021469116,-1330.52001953125,-1326.5,52.1005744934082,-1433.1600341796875,-1417.5,-1399.5999755859375,-1369.25,-1326.5,-1291.0,-1261.0,-1249.8499755859375,-1236.8599853515625
42336,-1330.5399169921875,30.205684661865234,29.193937301635742,8.762549638748169,-1330.5400390625,-1326.5,52.11917495727539,-1433.1600341796875,-1417.5,-1399.5999755859375,-1369.25,-1326.5,-1291.0,-1261.0,-1249.8499755859375,-1236.8599853515625
42432,-1330.5399169921875,30.187118530273438,29.19154930114746,8.683096170425415,-1330.5400390625,-1326.5,52.11917495727539,-1433.1600341796875,-1417.5,-1399.5999755859375,-1369.25,-1326.5,-1291.0,-1261.0,-1249.8499755859375,-1236.8599853515625
42528,-1330.5799560546875,30.156272888183594,29.183029174804688,8.590475082397461,-1330.5799560546875,-1326.5,52.06269073486328,-1433.1600341796875,-1417.5,-1399.5999755859375,-1369.25,-1326.5,-1291.0,-1261.0,-1249.8499755859375,-1236.8599853515625
42624,-1330.5999755859375,30.16939353942871,29.215192794799805,8.507314443588257,-1330.5999755859375,-1326.5,52.04709243774414,-1433.1600341796875,-1417.5,-1399.5999755859375,-1369.25,-1326.5,-1291.0,-1261.0,-1249.8499755859375,-1236.8599853515625
42720,-1330.5999755859375,30.17015838623047,29.2286434173584,8.415787816047668,-1330.5999755859375,-1326.5,52.04709243774414,-1433.1600341796875,-1417.5,-1399.5999755859375,-1369.25,-1326.5,-1291.0,-1261.0,-1249.8499755859375,-1236.8599853515625
42816,-1330.6199951171875,30.20709800720215,29.280712127685547,8.32723319530487,-1330.6199951171875,-1326.5,52.01149368286133,-1433.1600341796875,-1417.5,-1399.5999755859375,-1369.25,-1326.5,-1291.0,-1261.0,-1249.8499755859375,-1238.8199462890625
42912,-1330.679931640625,30.181175231933594,29.27142906188965,8.251436948776245,-1330.6800537109375,-1326.5,52.064552307128906,-1433.1600341796875,-1417.5,-1399.5999755859375,-1369.25,-1326.5,-1291.0,-1261.0,-1249.8499755859375,-1238.8199462890625
43008,-1330.679931640625,30.208423614501953,29.308963775634766,8.170477509498596,-1330.6800537109375,-1326.5,52.064552307128906,-1433.1600341796875,-1417.5,-1399.5999755859375,-1369.25,-1326.5,-1291.0,-1261.0,-1249.8499755859375,-1238.8199462890625
43104,-1330.699951171875,30.195602416992188,29.30230712890625,8.130807995796204,-1330.699951171875,-1326.5,52.03277587890625,-1433.1600341796875,-1417.5,-1399.5999755859375,-1369.25,-1326.5,-1291.0,-1261.0,-1249.949951171875,-1238.8199462890625
43200,-1330.699951171875,30.143924713134766,29.270862579345703,8.013556480407715,-1330.699951171875,-1326.5,52.03277587890625,-1433.1600341796875,-1417.5,-1399.5999755859375,-1369.25,-1326.5,-1291.0,-1261.0,-1249.949951171875,-1238.8199462890625
43296,-1330.719970703125,30.118871688842773,29.257442474365234,7.925127744674683,-1330.719970703125,-1326.5,52.0240478515625,-1433.1600341796875,-1417.5,-1399.5999755859375,-1369.25,-1326.5,-1291.0,-1261.0,-1249.949951171875,-1238.8199462890625
43392,-1330.760009765625,30.073421478271484,29.228086471557617,7.814363121986389,-1330.760009765625,-1326.5,51.99732971191406,-1433.1600341796875,-1417.5,-1399.5999755859375,-1369.25,-1326.5,-1291.0,-1262.800048828125,-1249.949951171875,-1238.8199462890625
43488,-1330.7999267578125,30.072500228881836,29.2370662689209,7.72440493106842,-1330.800048828125,-1326.5,51.95286560058594,-1433.1600341796875,-1417.5,-1399.5999755859375,-1369.25,-1326.5,-1291.0,-1262.800048828125,-1249.949951171875,-1238.8199462890625
43584,-1330.7999267578125,30.05683708190918,29.24042320251465,7.655907988548279,-1330.800048828125,-1326.5,51.95286560058594,-1433.1600341796875,-1417.5,-1399.5999755859375,-1369.25,-1326.5,-1291.0,-1262.800048828125,-1249.949951171875,-1238.8199462890625
43680,-1330.7999267578125,30.05195426940918,29.244848251342773,7.569715738296509,-1330.800048828125,-1326.5,51.95286560058594,-1433.1600341796875,-1417.5,-1399.5999755859375,-1369.25,-1326.5,-1291.0,-1262.800048828125,-1249.949951171875,-1238.8199462890625
43776,-1330.8800048828125,30.059993743896484,29.2657470703125,7.482657432556152,-1330.8800048828125,-1326.5,51.88145446777344,-1433.1600341796875,-1417.5,-1399.5999755859375,-1369.25,-1326.5,-1291.0,-1262.800048828125,-1250.949951171875,-1238.8199462890625
43872,-1330.919921875,30.047481536865234,29.271587371826172,7.3943915367126465,-1330.9200439453125,-1327.5,51.864952087402344,-1433.1600341796875,-1417.5,-1399.5999755859375,-1369.25,-1327.5,-1292.5,-1262.800048828125,-1250.949951171875,-1238.8199462890625
43968,-1330.9599609375,30.034324645996094,29.27278709411621,7.318806290626526,-1330.9599609375,-1327.5,51.87965393066406,-1433.1600341796875,-1417.5,-1399.5999755859375,-1369.25,-1327.5,-1292.5,-1262.800048828125,-1250.949951171875,-1238.8199462890625
44064,-1331.02001953125,30.017454147338867,29.261302947998047,7.257985949516296,-1331.02001953125,-1327.5,51.91049575805664,-1433.1600341796875,-1417.5,-1399.5999755859375,-1370.0,-1327.5,-1292.5,-1262.800048828125,-1250.949951171875,-1238.8199462890625
44160,-1331.02001953125,30.016582489013672,29.277082443237305,7.177680969238281,-1331.02001953125,-1327.5,51.91049575805664,-1433.1600341796875,-1417.5,-1399.5999755859375,-1370.0,-1327.5,-1292.5,-1262.800048828125,-1250.949951171875,-1238.8199462890625
44256,-1331.0399169921875,30.001089096069336,29.274282455444336,7.097681641578674,-1331.0400390625,-1327.5,51.92897415161133,-1433.1600341796875,-1417.5,-1399.5999755859375,-1370.0,-1327.5,-1292.5,-1262.800048828125,-1250.949951171875,-1238.8199462890625
44352,-1331.0399169921875,30.001617431640625,29.286033630371094,6.998286724090576,-1331.0400390625,-1327.5,51.92897415161133,-1433.1600341796875,-1417.5,-1399.5999755859375,-1370.0,-1327.5,-1292.5,-1262.800048828125,-1250.949951171875,-1238.8199462890625
44448,-1331.0599365234375,29.99022674560547,29.285335540771484,6.936752080917358,-1331.06005859375,-1327.5,51.91971206665039,-1433.1600341796875,-1417.5,-1399.5999755859375,-1370.0,-1327.5,-1292.5,-1262.800048828125,-1250.949951171875,-1238.8199462890625
44544,-1331.0999755859375,29.987064361572266,29.297203063964844,6.837162494659424,-1331.0999755859375,-1327.5,51.945838928222656,-1433.1600341796875,-1417.5,-1399.5999755859375,-1370.0,-1327.5,-1292.5,-1262.800048828125,-1250.949951171875,-1238.8199462890625
44640,-1331.1199951171875,29.992076873779297,29.312358856201172,6.786400318145752,-1331.1199951171875,-1327.5,51.941558837890625,-1433.1600341796875,-1417.5,-1399.5999755859375,-1370.0,-1327.5,-1292.5,-1262.800048828125,-1250.949951171875,-1238.8199462890625
44736,-1331.159912109375,29.964508056640625,29.302404403686523,6.679469466209412,-1331.1600341796875,-1327.5,51.88713073730469,-1433.1600341796875,-1417.5,-1399.5999755859375,-1370.0,-1327.5,-1292.5,-1264.5999755859375,-1250.949951171875,-1238.8199462890625
44832,-1331.179931640625,29.986501693725586,29.335567474365234,6.607100486755371,-1331.1800537109375,-1327.5,51.878971099853516,-1433.1600341796875,-1417.5,-1399.5999755859375,-1370.0,-1327.5,-1292.5,-1264.5999755859375,-1250.949951171875,-1238.8199462890625
44928,-1331.199951171875,29.987686157226562,29.346202850341797,6.531728625297546,-1331.199951171875,-1327.5,51.89007568359375,-1433.1600341796875,-1417.5,-1399.5999755859375,-1370.0,-1327.5,-1292.5,-1264.5999755859375,-1250.949951171875,-1238.8199462890625
45024,-1331.199951171875,29.960063934326172,29.341449737548828,6.42117965221405,-1331.199951171875,-1327.5,51.89007568359375,-1433.1600341796875,-1417.5,-1399.5999755859375,-1370.0,-1327.5,-1292.5,-1264.5999755859375,-1250.949951171875,-1238.8199462890625
45120,-1331.260009765625,29.980545043945312,29.369041442871094,6.344820976257324,-1331.260009765625,-1327.5,51.92333221435547,-1433.1600341796875,-1417.5,-1399.5999755859375,-1370.0,-1327.5,-1292.5,-1264.5999755859375,-1250.949951171875,-1238.8199462890625
45216,-1331.280029296875,29.983745574951172,29.385173797607422,6.243880391120911,-1331.280029296875,-1327.5,51.93978500366211,-1433.1600341796875,-1417.5,-1399.5999755859375,-1370.0,-1327.5,-1292.5,-1264.5999755859375,-1250.949951171875,-1238.8199462890625
45312,-1331.3399658203125,29.969335556030273,29.37946128845215,6.173840403556824,-1331.3399658203125,-1327.5,51.94712829589844,-1433.1600341796875,-1417.5,-1399.5999755859375,-1370.0,-1327.5,-1292.5,-1264.5999755859375,-1250.949951171875,-1238.8199462890625
45408,-1331.3800048828125,29.956945419311523,29.371719360351562,6.117143034934998,-1331.3800048828125,-1327.5,51.93299102783203,-1433.1600341796875,-1417.5,-1399.5999755859375,-1370.0,-1327.5,-1292.5,-1264.5999755859375,-1250.949951171875,-1238.8199462890625
45504,-1331.3800048828125,29.96503257751465,29.390819549560547,6.02078914642334,-1331.3800048828125,-1327.5,51.93299102783203,-1433.1600341796875,-1417.5,-1399.5999755859375,-1370.0,-1327.5,-1292.5,-1264.5999755859375,-1250.949951171875,-1238.8199462890625
45600,-1331.4000244140625,29.97435760498047,29.410789489746094,5.9537482261657715,-1331.4000244140625,-1327.5,51.92975616455078,-1433.1600341796875,-1417.5,-1399.5999755859375,-1370.0,-1327.5,-1292.5,-1264.5999755859375,-1250.949951171875,-1238.8199462890625
45696,-1331.419921875,29.952106475830078,29.403648376464844,5.859393954277039,-1331.4200439453125,-1327.5,51.94500732421875,-1433.1600341796875,-1417.5,-1399.5999755859375,-1370.5,-1327.5,-1292.5,-1264.5999755859375,-1250.949951171875,-1238.8199462890625
45792,-1331.47998046875,29.950231552124023,29.409526824951172,5.789387106895447,-1331.47998046875,-1327.5,51.8971061706543,-1433.1600341796875,-1417.5,-1399.5999755859375,-1370.5,-1327.5,-1292.5,-1264.5999755859375,-1250.949951171875,-1238.8199462890625
45888,-1331.47998046875,29.944793701171875,29.41297721862793,5.708356618881226,-1331.47998046875,-1327.5,51.8971061706543,-1433.1600341796875,-1417.5,-1399.5999755859375,-1370.5,-1327.5,-1292.5,-1264.5999755859375,-1250.949951171875,-1238.8199462890625
45984,-1331.5,29.936925888061523,29.412084579467773,5.670709729194641,-1331.5,-1327.5,51.90886306762695,-1433.1600341796875,-1417.5,-1399.5999755859375,-1370.5,-1327.5,-1292.5,-1264.5999755859375,-1250.949951171875,-1238.8199462890625
46080,-1331.52001953125,29.95491600036621,29.43679428100586,5.600265741348267,-1331.52001953125,-1327.5,51.90134048461914,-1433.1600341796875,-1417.5,-1399.5999755859375,-1370.5,-1327.5,-1292.5,-1264.5999755859375,-1250.949951171875,-1238.8199462890625
46176,-1331.6199951171875,29.964298248291016,29.456100463867188,5.52745258808136,-1331.6199951171875,-1327.5,51.90525436401367,-1433.1600341796875,-1417.5,-1399.5999755859375,-1370.5,-1327.5,-1292.5,-1264.5999755859375,-1250.949951171875,-1238.8199462890625
46272,-1331.659912109375,29.940631866455078,29.447124481201172,5.440795302391052,-1331.6600341796875,-1327.5,51.95560073852539,-1433.1600341796875,-1419.4000244140625,-1399.5999755859375,-1370.5,-1327.5,-1292.5,-1264.5999755859375,-1250.949951171875,-1238.8199462890625
46368,-1331.739990234375,29.920696258544922,29.4266414642334,5.350974202156067,-1331.739990234375,-1327.5,51.90406799316406,-1433.1600341796875,-1419.4000244140625,-1399.5999755859375,-1370.5,-1327.5,-1292.5,-1264.5999755859375,-1251.949951171875,-1238.8199462890625
46464,-1331.7999267578125,29.908933639526367,29.421794891357422,5.306656122207642,-1331.800048828125,-1329.0,51.90317916870117,-1433.1600341796875,-1419.4000244140625,-1399.5999755859375,-1370.5,-1329.0,-1292.5,-1264.5999755859375,-1251.949951171875,-1238.8199462890625
46560,-1331.8199462890625,29.944957733154297,29.469818115234375,5.22648549079895,-1331.8199462890625,-1329.0,51.87241744995117,-1433.1600341796875,-1419.4000244140625,-1399.5999755859375,-1370.5,-1329.0,-1292.5,-1264.5999755859375,-1252.949951171875,-1238.8199462890625
46656,-1331.8399658203125,29.938514709472656,29.477245330810547,5.143207430839539,-1331.8399658203125,-1329.0,51.8693962097168,-1433.1600341796875,-1419.4000244140625,-1399.5999755859375,-1370.5,-1329.0,-1292.5,-1264.5999755859375,-1252.949951171875,-1238.8199462890625
46752,-1331.8399658203125,29.935680389404297,29.486181259155273,5.04051947593689,-1331.8399658203125,-1329.0,51.8693962097168,-1433.1600341796875,-1419.4000244140625,-1399.5999755859375,-1370.5,-1329.0,-1292.5,-1264.5999755859375,-1252.949951171875,-1238.8199462890625
46848,-1331.8800048828125,29.89453125,29.460052490234375,4.928189992904663,-1331.8800048828125,-1329.0,51.911903381347656,-1433.1600341796875,-1419.4000244140625,-1399.5999755859375,-1370.5,-1329.0,-1292.5,-1264.5999755859375,-1252.949951171875,-1238.8199462890625
46944,-1331.8800048828125,29.81953239440918,29.401470184326172,4.8136632442474365,-1331.8800048828125,-1329.0,51.911903381347656,-1433.1600341796875,-1419.4000244140625,-1399.5999755859375,-1370.5,-1329.0,-1292.5,-1264.5999755859375,-1252.949951171875,-1238.8199462890625
47040,-1331.8800048828125,29.82421875,29.420011520385742,4.712083697319031,-1331.8800048828125,-1329.0,51.911903381347656,-1433.1600341796875,-1419.4000244140625,-1399.5999755859375,-1370.5,-1329.0,-1292.5,-1264.5999755859375,-1252.949951171875,-1238.8199462890625
47136,-1331.9000244140625,29.843948364257812,29.44817352294922,4.622815728187561,-1331.9000244140625,-1329.0,51.89653015136719,-1433.1600341796875,-1419.4000244140625,-1399.5999755859375,-1370.5,-1329.0,-1293.0,-1264.5999755859375,-1252.949951171875,-1238.8199462890625
47232,-1331.9000244140625,29.858612060546875,29.477840423583984,4.5422269105911255,-1331.9000244140625,-1329.0,51.89653015136719,-1433.1600341796875,-1419.4000244140625,-1399.5999755859375,-1370.5,-1329.0,-1293.0,-1264.5999755859375,-1252.949951171875,-1238.8199462890625
47328,-1331.9599609375,29.868499755859375,29.493398666381836,4.482676029205322,-1331.9599609375,-1329.0,51.96978759765625,-1433.1600341796875,-1423.199951171875,-1399.5999755859375,-1370.5,-1329.0,-1293.0,-1264.5999755859375,-1252.949951171875,-1238.8199462890625
47424,-1331.9599609375,29.79125213623047,29.418777465820312,4.403000712394714,-1331.9599609375,-1329.0,51.96978759765625,-1433.1600341796875,-1423.199951171875,-1399.5999755859375,-1370.5,-1329.0,-1293.0,-1264.5999755859375,-1252.949951171875,-1238.8199462890625
47520,-1331.9599609375,29.7724666595459,29.414342880249023,4.300195813179016,-1331.9599609375,-1329.0,51.96978759765625,-1433.1600341796875,-1423.199951171875,-1399.5999755859375,-1370.5,-1329.0,-1293.0,-1264.5999755859375,-1252.949951171875,-1238.8199462890625
47616,-1331.9599609375,29.75234603881836,29.40822410583496,4.218984305858612,-1331.9599609375,-1329.0,51.96978759765625,-1433.1600341796875,-1423.199951171875,-1399.5999755859375,-1370.5,-1329.0,-1293.0,-1264.5999755859375,-1252.949951171875,-1238.8199462890625
47712,-1331.97998046875,29.757225036621094,29.420711517333984,4.146567940711975,-1331.97998046875,-1329.0,51.945159912109375,-1433.1600341796875,-1423.199951171875,-1399.5999755859375,-1370.5,-1329.0,-1293.0,-1264.5999755859375,-1252.949951171875,-1238.8199462890625
47808,-1332.0,29.76497459411621,29.433467864990234,4.109735667705536,-1332.0,-1329.0,51.982112884521484,-1433.1600341796875,-1423.300048828125,-1399.5999755859375,-1370.5,-1329.0,-1293.0,-1264.5999755859375,-1252.949951171875,-1238.8199462890625
47904,-1332.0,29.7458553314209,29.421367645263672,4.010883569717407,-1332.0,-1329.0,51.982112884521484,-1433.1600341796875,-1423.300048828125,-1399.5999755859375,-1370.5,-1329.0,-1293.0,-1264.5999755859375,-1252.949951171875,-1238.8199462890625
48000,-1332.0,29.75379753112793,29.442420959472656,3.928882598876953,-1332.0,-1329.0,51.982112884521484,-1433.1600341796875,-1423.300048828125,-1399.5999755859375,-1370.5,-1329.0,-1293.0,-1264.5999755859375,-1252.949951171875,-1238.8199462890625
48096,-1332.02001953125,29.673477172851562,29.37373924255371,3.8130895495414734,-1332.02001953125,-1329.0,51.99787902832031,-1433.1600341796875,-1423.300048828125,-1399.5999755859375,-1370.5,-1329.0,-1293.0,-1264.5999755859375,-1252.949951171875,-1238.8199462890625
48192,-1332.0399169921875,29.651409149169922,29.36871337890625,3.6715932488441467,-1332.0400390625,-1329.0,52.022865295410156,-1433.1600341796875,-1423.300048828125,-1399.5999755859375,-1370.5,-1329.0,-1293.0,-1264.5999755859375,-1252.949951171875,-1238.8199462890625
48288,-1332.0399169921875,29.643781661987305,29.369609832763672,3.598669111728668,-1332.0400390625,-1329.0,52.022865295410156,-1433.1600341796875,-1423.300048828125,-1399.5999755859375,-1370.5,-1329.0,-1293.0,-1264.5999755859375,-1252.949951171875,-1238.8199462890625
48384,-1332.0599365234375,29.62198257446289,29.354351043701172,3.5535327196121216,-1332.06005859375,-1329.0,51.98746109008789,-1433.1600341796875,-1423.300048828125,-1399.5999755859375,-1370.5,-1329.0,-1293.0,-1264.5999755859375,-1252.949951171875,-1240.7799072265625
48480,-1332.0799560546875,29.67888641357422,29.42447280883789,3.469436466693878,-1332.0799560546875,-1329.0,51.98051071166992,-1433.1600341796875,-1423.300048828125,-1399.5999755859375,-1370.5,-1329.0,-1293.0,-1264.5999755859375,-1252.949951171875,-1240.7799072265625
48576,-1332.0799560546875,29.71454429626465,29.46438217163086,3.4012866020202637,-1332.0799560546875,-1329.0,51.98051071166992,-1433.1600341796875,-1423.300048828125,-1399.5999755859375,-1370.5,-1329.0,-1293.0,-1264.5999755859375,-1252.949951171875,-1240.7799072265625
48672,-1332.1199951171875,29.685361862182617,29.443090438842773,3.3682750463485718,-1332.1199951171875,-1329.0,51.96119689941406,-1433.1600341796875,-1423.300048828125,-1399.5999755859375,-1370.5,-1329.0,-1293.0,-1264.5999755859375,-1252.949951171875,-1240.7799072265625
48768,-1332.1199951171875,29.74110221862793,29.503210067749023,3.2802714109420776,-1332.1199951171875,-1329.0,51.96119689941406,-1433.1600341796875,-1423.300048828125,-1399.5999755859375,-1370.5,-1329.0,-1293.0,-1264.5999755859375,-1252.949951171875,-1240.7799072265625
48864,-1332.159912109375,29.735471725463867,29.50446319580078,3.207443952560425,-1332.1600341796875,-1329.0,51.94761276245117,-1433.1600341796875,-1423.300048828125,-1399.5999755859375,-1370.5,-1329.0,-1293.0,-1264.5999755859375,-1252.949951171875,-1240.7799072265625
48960,-1332.199951171875,29.718063354492188,29.504047393798828,3.0837186574935913,-1332.199951171875,-1329.0,51.9359245300293,-1433.1600341796875,-1423.300048828125,-1399.5999755859375,-1370.5,-1329.0,-1293.0,-1264.5999755859375,-1252.949951171875,-1240.7799072265625
49056,-1332.219970703125,29.693693161010742,29.490375518798828,2.994675099849701,-1332.219970703125,-1329.0,51.92544174194336,-1433.1600341796875,-1423.300048828125,-1399.5999755859375,-1370.5,-1329.0,-1293.0,-1264.5999755859375,-1252.949951171875,-1240.7799072265625
49152,-1332.219970703125,29.704923629760742,29.512348175048828,2.8948183059692383,-1332.219970703125,-1329.0,51.92544174194336,-1433.1600341796875,-1423.300048828125,-1399.5999755859375,-1370.5,-1329.0,-1293.0,-1264.5999755859375,-1252.949951171875,-1240.7799072265625
49248,-1332.260009765625,29.75819206237793,29.57167625427246,2.832507014274597,-1332.260009765625,-1329.0,51.91755294799805,-1433.1600341796875,-1423.300048828125,-1399.5999755859375,-1370.5,-1329.0,-1293.0,-1264.5999755859375,-1252.949951171875,-1240.7799072265625
49344,-1332.260009765625,29.795936584472656,29.617610931396484,2.775236964225769,-1332.260009765625,-1329.0,51.91755294799805,-1433.1600341796875,-1423.300048828125,-1399.5999755859375,-1370.5,-1329.0,-1293.0,-1264.5999755859375,-1252.949951171875,-1240.7799072265625
49440,-1332.3399658203125,29.895526885986328,29.72738265991211,2.6702446937561035,-1332.3399658203125,-1329.0,51.88472366333008,-1433.1600341796875,-1423.300048828125,-1399.5999755859375,-1370.5,-1329.0,-1293.0,-1264.5999755859375,-1253.949951171875,-1240.7799072265625
49536,-1332.3399658203125,29.913755416870117,29.755672454833984,2.5813498497009277,-1332.3399658203125,-1329.0,51.88472366333008,-1433.1600341796875,-1423.300048828125,-1399.5999755859375,-1370.5,-1329.0,-1293.0,-1264.5999755859375,-1253.949951171875,-1240.7799072265625
49632,-1332.3800048828125,29.95409393310547,29.803525924682617,2.516908586025238,-1332.3800048828125,-1329.0,51.9083366394043,-1433.1600341796875,-1423.300048828125,-1399.5999755859375,-1370.5,-1329.0,-1293.0,-1264.5999755859375,-1253.949951171875,-1240.7799072265625
49728,-1332.3800048828125,30.124053955078125,29.98159408569336,2.458507776260376,-1332.3800048828125,-1329.0,51.9083366394043,-1433.1600341796875,-1423.300048828125,-1399.5999755859375,-1370.5,-1329.0,-1293.0,-1264.5999755859375,-1253.949951171875,-1240.7799072265625
49824,-1332.3800048828125,30.209781646728516,30.076017379760742,2.4180994033813477,-1332.3800048828125,-1329.0,51.9083366394043,-1433.1600341796875,-1423.300048828125,-1399.5999755859375,-1370.5,-1329.0,-1293.0,-1264.5999755859375,-1253.949951171875,-1240.7799072265625
49920,-1332.419921875,30.278732299804688,30.151336669921875,2.3583032488822937,-1332.4200439453125,-1329.0,51.88220977783203,-1433.1600341796875,-1423.300048828125,-1399.5999755859375,-1370.5,-1329.0,-1293.0,-1264.5999755859375,-1253.949951171875,-1240.7799072265625
