step,best_fitness,avg_hamming,avg_l1,avg_entropy,mean,median,std,2%,5%,10%,25%,50%,75%,90%,95%,98%
16,-105.23999786376953,63.79579544067383,4.82733678817749,88.22307205200195,-105.23999786376953,-104.5,29.72982406616211,-162.13999938964844,-150.0,-139.0,-125.25,-104.5,-87.0,-69.9000015258789,-55.599998474121094,-34.959999084472656
32,-119.13999938964844,63.662574768066406,5.593831539154053,87.98513412475586,-119.13999938964844,-117.0,21.828889846801758,-169.0,-150.35000610351562,-144.1999969482422,-135.0,-117.0,-103.75,-93.0,-84.9000015258789,-81.76000213623047
48,-126.0,63.54292297363281,6.177233695983887,87.77164077758789,-126.0,-124.5,22.11786651611328,-178.1999969482422,-162.35000610351562,-150.0,-139.0,-124.5,-111.0,-100.0,-93.94999694824219,-90.91999816894531
64,-134.63999938964844,63.44420623779297,6.640901565551758,87.59165573120117,-134.63999938964844,-136.5,24.22705841064453,-188.17999267578125,-180.0500030517578,-163.1999969482422,-150.0,-136.5,-115.0,-104.9000015258789,-99.94999694824219,-93.94000244140625
80,-138.66000366210938,63.349525451660156,7.046589374542236,87.42336654663086,-138.66000366210938,-137.0,25.250829696655273,-190.13999938964844,-184.1999969482422,-178.1999969482422,-154.25,-137.0,-119.0,-108.9000015258789,-101.8499984741211,-93.94000244140625
96,-141.72000122070312,63.2584228515625,7.451126575469971,87.25453186035156,-141.72000122070312,-139.0,24.6365909576416,-190.13999938964844,-184.1999969482422,-179.10000610351562,-157.0,-139.0,-124.0,-110.80000305175781,-103.94999694824219,-95.9000015258789
112,-146.39999389648438,63.17383575439453,7.7974853515625,87.09695053100586,-146.39999389648438,-146.0,23.085060119628906,-190.13999938964844,-184.1999969482422,-179.10000610351562,-160.5,-146.0,-129.75,-114.9000015258789,-108.94999694824219,-104.0
128,-151.55999755859375,63.08246612548828,8.101078987121582,86.94253921508789,-151.55999755859375,-150.0,22.4349365234375,-197.16000366210938,-190.0500030517578,-181.0,-166.75,-150.0,-137.0,-122.9000015258789,-113.9000015258789,-110.95999908447266
144,-153.89999389648438,62.978118896484375,8.340964317321777,86.78257751464844,-153.89999389648438,-151.5,22.574098587036133,-197.16000366210938,-192.0500030517578,-184.39999389648438,-169.0,-151.5,-139.75,-127.5999984741211,-114.94999694824219,-110.95999908447266
160,-156.3000030517578,62.90415573120117,8.633078575134277,86.64258575439453,-156.3000030517578,-153.5,22.873348236083984,-205.10000610351562,-193.10000610351562,-188.1999969482422,-175.0,-153.5,-141.0,-128.0,-122.8499984741211,-113.95999908447266
176,-159.37998962402344,62.82770538330078,8.878427505493164,86.50769805908203,-159.3800048828125,-156.5,21.09444236755371,-205.10000610351562,-193.10000610351562,-188.1999969482422,-176.0,-156.5,-145.0,-135.6999969482422,-127.80000305175781,-122.94000244140625
192,-160.5399932861328,62.751426696777344,9.08541488647461,86.37357330322266,-160.5399932861328,-157.0,20.864046096801758,-205.10000610351562,-193.10000610351562,-190.0,-176.25,-157.0,-145.0,-136.89999389648438,-129.89999389648438,-123.91999816894531
208,-161.9199981689453,62.67047882080078,9.266009330749512,86.24009704589844,-161.9199981689453,-159.5,21.29022216796875,-210.10000610351562,-193.10000610351562,-190.0,-177.25,-159.5,-145.75,-136.89999389648438,-130.85000610351562,-123.91999816894531
224,-163.37998962402344,62.60026168823242,9.502812385559082,86.10833740234375,-163.3800048828125,-162.0,21.509429931640625,-210.10000610351562,-195.4499969482422,-191.0,-179.25,-162.0,-146.75,-137.0,-130.85000610351562,-123.91999816894531
240,-164.1999969482422,62.509700775146484,9.69842529296875,85.95923233032227,-164.1999969482422,-162.0,20.61164665222168,-210.10000610351562,-195.4499969482422,-191.0,-179.25,-162.0,-147.0,-141.0,-136.0,-128.0
256,-165.3000030517578,62.43244171142578,9.893659591674805,85.8279914855957,-165.3000030517578,-163.0,20.130327224731445,-210.10000610351562,-199.25,-191.10000610351562,-179.25,-163.0,-148.5,-141.0,-136.9499969482422,-130.97999572753906
272,-166.94000244140625,62.33221435546875,10.085573196411133,85.66773223876953,-166.94000244140625,-165.0,19.797889709472656,-210.10000610351562,-204.0,-192.10000610351562,-181.0,-165.0,-152.0,-143.0,-137.0,-130.97999572753906
288,-169.77999877929688,62.247589111328125,10.290205955505371,85.51642227172852,-169.77999877929688,-168.0,20.746845245361328,-215.05999755859375,-204.0500030517578,-199.1999969482422,-183.25,-168.0,-155.75,-145.0,-137.0,-130.97999572753906
304,-170.59999084472656,62.16803741455078,10.5170259475708,85.37741088867188,-170.60000610351562,-169.0,20.398038864135742,-215.05999755859375,-204.0500030517578,-199.1999969482422,-184.0,-169.0,-157.0,-145.0,-140.8000030517578,-135.89999389648438
320,-171.6999969482422,62.06742858886719,10.672022819519043,85.21710968017578,-171.6999969482422,-169.5,20.705312728881836,-215.05999755859375,-205.1999969482422,-201.0,-187.25,-169.5,-157.0,-145.89999389648438,-142.89999389648438,-136.8800048828125
336,-173.17999267578125,61.961883544921875,10.825872421264648,85.05801391601562,-173.17999267578125,-171.5,20.817481994628906,-215.05999755859375,-209.0500030517578,-202.1999969482422,-188.25,-171.5,-157.0,-147.0,-143.9499969482422,-136.8800048828125
352,-176.1999969482422,61.85823440551758,10.991534233093262,84.904052734375,-176.1999969482422,-175.5,20.502681732177734,-218.16000366210938,-211.1999969482422,-204.10000610351562,-189.0,-175.5,-161.5,-151.89999389648438,-146.9499969482422,-142.9600067138672
368,-176.6199951171875,61.77325439453125,11.179091453552246,84.75376892089844,-176.6199951171875,-176.0,20.283382415771484,-218.16000366210938,-211.1999969482422,-204.10000610351562,-189.0,-176.0,-162.0,-152.0,-149.85000610351562,-142.9600067138672
384,-178.0,61.676170349121094,11.331791877746582,84.60049057006836,-178.0,-177.0,20.486093521118164,-226.02000427246094,-215.0500030517578,-205.0,-189.25,-177.0,-163.0,-152.89999389648438,-150.0,-144.9199981689453
400,-178.8000030517578,61.57878112792969,11.512897491455078,84.44002151489258,-178.8000030517578,-178.0,20.4078426361084,-226.02000427246094,-215.0500030517578,-205.3000030517578,-190.0,-178.0,-163.0,-154.8000030517578,-150.0,-146.8800048828125
416,-179.9199981689453,61.47822189331055,11.689343452453613,84.28249740600586,-179.9199981689453,-178.0,20.220623016357422,-226.02000427246094,-216.10000610351562,-208.10000610351562,-190.25,-178.0,-163.0,-157.0,-151.9499969482422,-146.89999389648438
432,-180.6599884033203,61.3685302734375,11.871682167053223,84.10499954223633,-180.66000366210938,-179.0,20.258440017700195,-226.02000427246094,-216.10000610351562,-208.10000610351562,-192.25,-179.0,-164.5,-157.0,-152.0,-146.89999389648438
448,-181.25999450683594,61.25398254394531,12.001026153564453,83.93159484863281,-181.25999450683594,-179.0,19.756832122802734,-226.02000427246094,-216.10000610351562,-208.10000610351562,-192.25,-179.0,-167.0,-157.0,-152.0,-150.9199981689453
464,-182.83999633789062,61.1483154296875,12.15196704864502,83.76513671875,-182.83999633789062,-181.0,19.366321563720703,-226.02000427246094,-216.10000610351562,-208.10000610351562,-195.5,-181.0,-169.0,-158.8000030517578,-152.9499969482422,-151.0
480,-183.1599884033203,61.00657653808594,12.301697731018066,83.55937957763672,-183.16000366210938,-181.5,19.304256439208984,-226.02000427246094,-216.10000610351562,-208.10000610351562,-197.0,-181.5,-169.75,-158.8000030517578,-152.9499969482422,-151.0
496,-184.51998901367188,60.89463806152344,12.454201698303223,83.38104248046875,-184.52000427246094,-183.5,19.326915740966797,-226.02000427246094,-218.3000030517578,-209.10000610351562,-197.0,-183.5,-170.75,-159.89999389648438,-153.89999389648438,-151.0
512,-186.1999969482422,60.774322509765625,12.583282470703125,83.20402145385742,-186.1999969482422,-184.5,18.406522750854492,-226.02000427246094,-218.3000030517578,-210.10000610351562,-197.5,-184.5,-174.25,-163.0,-157.0,-153.9600067138672
528,-187.51998901367188,60.665283203125,12.732666015625,83.03489303588867,-187.52000427246094,-186.5,18.752321243286133,-227.1999969482422,-224.0500030517578,-211.3000030517578,-199.5,-186.5,-176.0,-163.89999389648438,-158.89999389648438,-153.9600067138672
544,-188.59999084472656,60.526695251464844,12.876826286315918,82.82293701171875,-188.60000610351562,-187.5,18.759531021118164,-227.1999969482422,-224.0500030517578,-214.10000610351562,-201.0,-187.5,-176.0,-165.8000030517578,-161.85000610351562,-153.9600067138672
560,-189.39999389648438,60.40296173095703,13.043285369873047,82.62520599365234,-189.39999389648438,-188.5,18.325937271118164,-227.1999969482422,-224.0500030517578,-214.10000610351562,-201.25,-188.5,-177.75,-167.8000030517578,-162.9499969482422,-155.9199981689453
576,-191.94000244140625,60.244598388671875,13.15902042388916,82.40374374389648,-191.94000244140625,-189.0,18.285415649414062,-234.05999755859375,-226.0500030517578,-218.1999969482422,-204.0,-189.0,-178.75,-170.89999389648438,-167.8000030517578,-162.86000061035156
592,-193.01998901367188,60.11262893676758,13.301231384277344,82.20483779907227,-193.02000427246094,-189.5,18.295345306396484,-234.05999755859375,-227.0,-220.10000610351562,-204.25,-189.5,-180.0,-170.89999389648438,-167.8000030517578,-162.86000061035156
608,-194.37998962402344,59.96854782104492,13.415507316589355,81.99930191040039,-194.3800048828125,-191.0,17.675281524658203,-234.05999755859375,-227.0,-221.10000610351562,-205.0,-191.0,-181.75,-172.8000030517578,-169.9499969482422,-163.97999572753906
624,-195.8000030517578,59.8121337890625,13.533988952636719,81.77507019042969,-195.8000030517578,-193.5,17.51570701599121,-234.05999755859375,-227.0,-222.1999969482422,-205.5,-193.5,-183.0,-176.0,-170.0,-167.9199981689453
640,-197.77999877929688,59.6434211730957,13.667380332946777,81.53071594238281,-197.77999877929688,-197.0,17.406652450561523,-234.05999755859375,-227.1999969482422,-224.10000610351562,-208.0,-197.0,-186.75,-177.0,-171.0,-168.97999572753906
656,-198.6199951171875,59.490264892578125,13.795126914978027,81.31220245361328,-198.6199951171875,-198.5,17.529848098754883,-234.05999755859375,-227.1999969482422,-224.10000610351562,-209.0,-198.5,-186.75,-177.0,-171.0,-168.97999572753906
672,-199.17999267578125,59.35533905029297,13.910327911376953,81.11480331420898,-199.17999267578125,-199.0,17.46904754638672,-234.05999755859375,-227.1999969482422,-225.10000610351562,-209.0,-199.0,-187.0,-177.0,-171.0,-168.97999572753906
688,-201.3000030517578,59.19026184082031,14.02104663848877,80.87947082519531,-201.3000030517578,-200.0,18.062944412231445,-237.02000427246094,-234.14999389648438,-227.0,-210.25,-200.0,-189.0,-178.89999389648438,-175.75,-168.97999572753906
704,-203.6999969482422,59.04458999633789,14.125720024108887,80.66827774047852,-203.6999969482422,-202.0,19.555816650390625,-241.0,-237.0,-231.0,-219.25,-202.0,-190.0,-179.8000030517578,-175.75,-168.97999572753906
720,-204.95999145507812,58.87873840332031,14.270556449890137,80.42186737060547,-204.9600067138672,-202.5,20.214807510375977,-241.36000061035156,-237.0500030517578,-232.0,-220.0,-202.5,-191.0,-179.8000030517578,-175.9499969482422,-169.9600067138672
736,-206.79998779296875,58.731689453125,14.36955451965332,80.20974731445312,-206.8000030517578,-204.0,21.38971710205078,-259.0400085449219,-241.0500030517578,-237.0,-222.25,-204.0,-193.0,-179.8000030517578,-175.9499969482422,-169.9600067138672
752,-209.72000122070312,58.552833557128906,14.492311477661133,79.95190811157227,-209.72000122070312,-205.0,22.55219841003418,-261.05999755859375,-249.39999389648438,-241.0,-225.0,-205.0,-195.75,-182.89999389648438,-175.9499969482422,-170.97999572753906
768,-210.9199981689453,58.393768310546875,14.621044158935547,79.71160125732422,-210.9199981689453,-206.0,22.617551803588867,-264.0199890136719,-257.1000061035156,-241.10000610351562,-225.25,-206.0,-196.75,-185.8000030517578,-176.9499969482422,-173.97999572753906
784,-212.0399932861328,58.213584899902344,14.728263854980469,79.44976806640625,-212.0399932861328,-207.0,21.834796905517578,-264.0199890136719,-257.1000061035156,-241.10000610351562,-226.25,-207.0,-197.0,-188.89999389648438,-177.0,-174.97999572753906
800,-214.0399932861328,58.048946380615234,14.836752891540527,79.20693588256836,-214.0399932861328,-208.5,22.825389862060547,-264.0199890136719,-259.1000061035156,-245.1999969482422,-231.25,-208.5,-197.0,-189.89999389648438,-178.89999389648438,-175.97999572753906
816,-216.72000122070312,57.84874725341797,14.961405754089355,78.92710494995117,-216.72000122070312,-209.5,22.753496170043945,-271.0199890136719,-259.1000061035156,-247.10000610351562,-233.0,-209.5,-199.75,-191.89999389648438,-187.0,-176.97999572753906
832,-219.45999145507812,57.67705535888672,15.030129432678223,78.68615341186523,-219.4600067138672,-215.5,23.177326202392578,-272.17999267578125,-261.1499938964844,-249.0,-235.25,-215.5,-202.0,-193.0,-188.89999389648438,-185.8000030517578
848,-220.67999267578125,57.46540832519531,15.143611907958984,78.38453674316406,-220.67999267578125,-216.0,23.649473190307617,-278.05999755859375,-266.25,-249.60000610351562,-237.25,-216.0,-203.0,-194.8000030517578,-188.89999389648438,-185.8000030517578
864,-224.33999633789062,57.302738189697266,15.251413345336914,78.13011169433594,-224.33999633789062,-220.0,25.631315231323242,-283.1600036621094,-272.29998779296875,-260.1000061035156,-241.0,-220.0,-204.0,-195.89999389648438,-189.9499969482422,-186.97999572753906
880,-226.1999969482422,57.09920883178711,15.335111618041992,77.85139465332031,-226.1999969482422,-223.0,25.754222869873047,-283.1600036621094,-272.29998779296875,-261.1000061035156,-242.25,-223.0,-205.75,-196.89999389648438,-190.0,-186.97999572753906
896,-229.6599884033203,56.86696243286133,15.438664436340332,77.52434921264648,-229.66000366210938,-228.5,27.181692123413086,-291.0199890136719,-281.1000061035156,-267.20001220703125,-248.25,-228.5,-207.0,-196.89999389648438,-190.0,-186.97999572753906
912,-231.05999755859375,56.634193420410156,15.539995193481445,77.1995964050293,-231.05999755859375,-231.0,26.629240036010742,-291.0199890136719,-281.1000061035156,-267.20001220703125,-249.0,-231.0,-208.75,-198.89999389648438,-191.89999389648438,-188.94000244140625
928,-232.6999969482422,56.462379455566406,15.640294075012207,76.95228576660156,-232.6999969482422,-232.5,27.892473220825195,-292.0199890136719,-283.04998779296875,-267.3999938964844,-249.0,-232.5,-209.75,-198.89999389648438,-191.89999389648438,-188.97999572753906
944,-234.4199981689453,56.25627899169922,15.754377365112305,76.65267181396484,-234.4199981689453,-233.0,28.48339080810547,-302.0799865722656,-291.04998779296875,-271.3999938964844,-249.25,-233.0,-214.0,-201.6999969482422,-194.9499969482422,-189.97999572753906
960,-235.13999938964844,56.06500244140625,15.868945121765137,76.36628723144531,-235.13999938964844,-233.0,28.4959716796875,-304.0400085449219,-291.04998779296875,-271.3999938964844,-250.0,-233.0,-215.0,-202.60000610351562,-194.9499969482422,-189.97999572753906
976,-236.89999389648438,55.857582092285156,15.94139575958252,76.07273483276367,-236.89999389648438,-235.0,29.042556762695312,-304.0400085449219,-292.04998779296875,-275.3999938964844,-254.25,-235.0,-215.75,-203.89999389648438,-194.9499969482422,-189.97999572753906
992,-240.17999267578125,55.62413024902344,16.038423538208008,75.74367141723633,-240.17999267578125,-237.0,29.70871353149414,-306.4200134277344,-293.0,-283.29998779296875,-256.0,-237.0,-216.75,-206.0,-203.0,-190.0
1008,-241.67999267578125,55.41558074951172,16.14946937561035,75.43785858154297,-241.67999267578125,-237.0,30.180418014526367,-306.4200134277344,-293.29998779296875,-286.1000061035156,-257.25,-237.0,-217.0,-206.89999389648438,-203.0,-190.0
1024,-242.63999938964844,55.182029724121094,16.256481170654297,75.10464096069336,-242.63999938964844,-237.5,30.738744735717773,-309.3599853515625,-299.3500061035156,-286.5,-258.25,-237.5,-217.0,-206.89999389648438,-203.0,-190.0
1040,-246.09999084472656,54.93918228149414,16.33298110961914,74.76177597045898,-246.10000610351562,-244.0,32.183692932128906,-327.0199890136719,-306.04998779296875,-291.1000061035156,-260.25,-244.0,-221.75,-211.0,-203.9499969482422,-197.83999633789062
1056,-249.25999450683594,54.70372772216797,16.41916847229004,74.43058395385742,-249.25999450683594,-247.0,33.028053283691406,-328.0,-307.1000061035156,-305.1000061035156,-264.75,-247.0,-223.0,-214.6999969482422,-205.89999389648438,-198.0
1072,-252.59999084472656,54.491981506347656,16.508342742919922,74.11385345458984,-252.60000610351562,-249.0,35.72506332397461,-328.29998779296875,-327.0,-307.0,-271.0,-249.0,-223.75,-214.6999969482422,-205.89999389648438,-198.0
1088,-254.01998901367188,54.27112579345703,16.570615768432617,73.80535888671875,-254.02000427246094,-250.0,35.067928314208984,-328.29998779296875,-327.0,-307.0,-271.0,-250.0,-227.75,-215.0,-206.9499969482422,-202.94000244140625
1104,-255.87998962402344,54.01582336425781,16.659320831298828,73.44219589233398,-255.8800048828125,-250.5,35.0745735168457,-332.2200012207031,-327.0,-307.0,-276.25,-250.5,-231.0,-215.0,-209.85000610351562,-203.97999572753906
1120,-257.6600036621094,53.774818420410156,16.695444107055664,73.11047744750977,-257.6600036621094,-251.0,37.20812225341797,-356.1000061035156,-327.04998779296875,-307.0,-276.25,-251.0,-231.0,-215.89999389648438,-210.9499969482422,-205.94000244140625
1136,-261.5400085449219,53.533470153808594,16.78334617614746,72.75984573364258,-261.5400085449219,-255.0,38.16108703613281,-361.1000061035156,-328.75,-309.5,-280.5,-255.0,-231.75,-218.89999389648438,-210.9499969482422,-206.97999572753906
1152,-265.239990234375,53.30673599243164,16.8703556060791,72.42740631103516,-265.239990234375,-260.5,37.02840042114258,-361.1000061035156,-328.75,-314.3999938964844,-283.25,-260.5,-236.75,-221.89999389648438,-216.9499969482422,-210.97999572753906
1168,-268.3999938964844,53.015106201171875,16.922250747680664,72.02571868896484,-268.3999938964844,-263.0,36.38131332397461,-361.1000061035156,-328.75,-318.29998779296875,-288.25,-263.0,-245.75,-225.89999389648438,-220.85000610351562,-211.0
1184,-272.1600036621094,52.79069519042969,16.940698623657227,71.7130012512207,-272.1600036621094,-267.0,38.02386474609375,-368.05999755859375,-343.8999938964844,-318.8999938964844,-293.5,-267.0,-246.75,-225.89999389648438,-220.85000610351562,-211.0
1200,-275.6600036621094,52.535797119140625,17.032611846923828,71.34244155883789,-275.6600036621094,-271.0,37.68931198120117,-368.05999755859375,-353.3999938964844,-327.0,-297.5,-271.0,-248.75,-230.6999969482422,-224.85000610351562,-217.9600067138672
1216,-280.8800048828125,52.28994369506836,17.102602005004883,70.9891357421875,-280.8800048828125,-276.5,39.399818420410156,-368.260009765625,-360.04998779296875,-330.20001220703125,-306.25,-276.5,-251.0,-231.89999389648438,-224.85000610351562,-219.9600067138672
1232,-285.3399963378906,52.05687713623047,17.15899658203125,70.66997528076172,-285.3399963378906,-278.0,39.31264877319336,-381.0199890136719,-361.20001220703125,-333.0,-313.0,-278.0,-254.0,-242.6999969482422,-227.89999389648438,-219.9600067138672
1248,-287.5199890136719,51.802024841308594,17.213956832885742,70.30984878540039,-287.5199890136719,-279.5,39.24906921386719,-381.0199890136719,-361.20001220703125,-336.6000061035156,-314.5,-279.5,-257.0,-243.89999389648438,-227.89999389648438,-219.9600067138672
1264,-289.47998046875,51.5743293762207,17.301250457763672,69.96127700805664,-289.4800109863281,-279.5,40.14037322998047,-381.0199890136719,-361.20001220703125,-347.5,-318.25,-279.5,-261.0,-244.89999389648438,-231.8000030517578,-224.89999389648438
1280,-292.1600036621094,51.314231872558594,17.336645126342773,69.59489440917969,-292.1600036621094,-283.0,40.37294387817383,-381.32000732421875,-361.20001220703125,-352.29998779296875,-319.5,-283.0,-264.5,-244.89999389648438,-236.75,-225.97999572753906
1296,-295.2599792480469,51.04309844970703,17.354534149169922,69.2341079711914,-295.260009765625,-293.0,39.76948928833008,-381.32000732421875,-361.20001220703125,-352.29998779296875,-324.25,-293.0,-265.75,-245.89999389648438,-239.85000610351562,-231.9199981689453
1312,-297.1000061035156,50.778846740722656,17.419145584106445,68.85769653320312,-297.1000061035156,-293.0,39.12888717651367,-383.2799987792969,-361.45001220703125,-352.29998779296875,-324.25,-293.0,-266.75,-246.89999389648438,-244.75,-232.97999572753906
1328,-300.82000732421875,50.533485412597656,17.48906898498535,68.48990249633789,-300.82000732421875,-297.5,40.08500289916992,-397.1000061035156,-373.3999938964844,-359.1000061035156,-325.5,-297.5,-272.5,-250.60000610351562,-245.0,-236.9600067138672
1344,-304.44000244140625,50.272789001464844,17.54030418395996,68.11017227172852,-304.44000244140625,-304.0,41.564964294433594,-402.0,-389.3999938964844,-361.3999938964844,-328.25,-304.0,-274.75,-251.0,-245.9499969482422,-243.86000061035156
1360,-308.6000061035156,50.00846481323242,17.58798599243164,67.71545028686523,-308.6000061035156,-305.5,40.49444580078125,-402.0,-389.3999938964844,-361.3999938964844,-331.25,-305.5,-278.75,-257.79998779296875,-246.0,-243.86000061035156
1376,-311.79998779296875,49.763511657714844,17.657621383666992,67.34989166259766,-311.79998779296875,-312.5,41.04972457885742,-402.3599853515625,-389.3999938964844,-365.1000061035156,-332.75,-312.5,-279.75,-259.79998779296875,-246.0,-243.86000061035156
1392,-314.5199890136719,49.501251220703125,17.693851470947266,66.96704483032227,-314.5199890136719,-316.0,40.00661849975586,-411.17999267578125,-389.6499938964844,-365.1000061035156,-337.0,-316.0,-286.5,-264.70001220703125,-254.8000030517578,-244.97999572753906
1408,-316.0799865722656,49.26429748535156,17.707509994506836,66.62105560302734,-316.0799865722656,-317.5,39.43290328979492,-411.17999267578125,-389.6499938964844,-365.1000061035156,-337.0,-317.5,-288.75,-264.70001220703125,-255.9499969482422,-250.89999389648438
1424,-318.91998291015625,48.98622131347656,17.74519157409668,66.2257308959961,-318.9200134277344,-319.0,39.49625015258789,-423.0400085449219,-389.6499938964844,-366.0,-339.0,-319.0,-292.5,-267.8999938964844,-259.8999938964844,-250.89999389648438
1440,-321.239990234375,48.72991943359375,17.75048828125,65.87015914916992,-321.239990234375,-319.0,40.99441909790039,-423.0400085449219,-402.1000061035156,-370.29998779296875,-346.25,-319.0,-294.5,-267.8999938964844,-259.8999938964844,-250.89999389648438
1456,-324.1199951171875,48.49610900878906,17.814077377319336,65.51626586914062,-324.1199951171875,-321.0,42.4719352722168,-425.29998779296875,-403.20001220703125,-377.79998779296875,-351.25,-321.0,-298.0,-268.8999938964844,-261.8999938964844,-255.8000030517578
1472,-326.6600036621094,48.24822998046875,17.867713928222656,65.1464958190918,-326.6600036621094,-324.0,43.19773483276367,-428.239990234375,-407.6499938964844,-381.3999938964844,-352.0,-324.0,-298.0,-268.8999938964844,-262.0,-257.9800109863281
1488,-328.53997802734375,47.999019622802734,17.902616500854492,64.7876205444336,-328.5400085449219,-324.5,44.73196029663086,-440.2200012207031,-407.6499938964844,-385.1000061035156,-352.0,-324.5,-299.75,-272.6000061035156,-262.0,-257.9800109863281
1504,-331.1199951171875,47.75625991821289,17.970958709716797,64.41896057128906,-331.1199951171875,-325.5,44.67510986328125,-440.2200012207031,-407.6499938964844,-385.1000061035156,-357.25,-325.5,-302.75,-272.6000061035156,-262.0,-257.9800109863281
1520,-334.44000244140625,47.51252746582031,18.00716209411621,64.05403900146484,-334.44000244140625,-329.5,44.441043853759766,-440.2200012207031,-420.25,-387.70001220703125,-359.5,-329.5,-307.0,-272.6000061035156,-265.79998779296875,-261.9200134277344
1536,-337.55999755859375,47.2833137512207,18.057003021240234,63.690725326538086,-337.55999755859375,-330.5,46.30816650390625,-440.2200012207031,-425.04998779296875,-407.0,-365.75,-330.5,-307.0,-277.5,-265.79998779296875,-261.9200134277344
1552,-339.0199890136719,47.04566955566406,18.070785522460938,63.336708068847656,-339.0199890136719,-332.5,46.19003677368164,-440.2200012207031,-426.20001220703125,-407.0,-369.25,-332.5,-308.75,-277.5,-265.79998779296875,-261.9200134277344
1568,-340.3999938964844,46.80023193359375,18.101350784301758,62.969411849975586,-340.3999938964844,-334.0,45.77117156982422,-440.2200012207031,-427.1499938964844,-407.20001220703125,-369.25,-334.0,-312.5,-280.70001220703125,-265.79998779296875,-261.9200134277344
1584,-344.0,46.56217575073242,18.119998931884766,62.608551025390625,-344.0,-336.0,45.14952850341797,-440.2200012207031,-427.1499938964844,-412.70001220703125,-371.25,-336.0,-316.75,-287.70001220703125,-272.8500061035156,-262.0
1600,-346.1999816894531,46.33979415893555,18.164188385009766,62.26201820373535,-346.20001220703125,-342.0,45.46866989135742,-451.32000732421875,-430.3500061035156,-412.70001220703125,-373.25,-342.0,-316.75,-290.70001220703125,-275.8500061035156,-266.0
1616,-349.3800048828125,46.0972900390625,18.180219650268555,61.899925231933594,-349.3800048828125,-344.5,46.214881896972656,-451.32000732421875,-430.3500061035156,-415.3999938964844,-382.25,-344.5,-321.0,-290.70001220703125,-276.0,-266.0
1632,-352.239990234375,45.880516052246094,18.22676658630371,61.555538177490234,-352.239990234375,-348.0,46.58221435546875,-453.2799987792969,-437.1499938964844,-419.20001220703125,-385.0,-348.0,-323.75,-290.70001220703125,-276.0,-269.9200134277344
1648,-354.0199890136719,45.62413024902344,18.27987289428711,61.16178321838379,-354.0199890136719,-348.0,46.98467254638672,-467.17999267578125,-440.1499938964844,-419.3999938964844,-385.0,-348.0,-323.75,-294.70001220703125,-284.6499938964844,-272.94000244140625
1664,-355.239990234375,45.378273010253906,18.320749282836914,60.76117515563965,-355.239990234375,-349.0,47.27009963989258,-467.17999267578125,-440.1499938964844,-419.3999938964844,-386.25,-349.0,-323.75,-295.8999938964844,-284.6499938964844,-272.94000244140625
1680,-357.0199890136719,45.15003967285156,18.349576950073242,60.39449119567871,-357.0199890136719,-350.5,48.21990966796875,-467.17999267578125,-447.1000061035156,-428.20001220703125,-386.25,-350.5,-323.75,-298.70001220703125,-290.70001220703125,-277.8999938964844
1696,-359.3800048828125,44.879066467285156,18.355697631835938,59.990129470825195,-359.3800048828125,-353.0,47.935123443603516,-468.1600036621094,-449.20001220703125,-428.20001220703125,-388.0,-353.0,-325.0,-300.79998779296875,-292.95001220703125,-277.8999938964844
1712,-363.6600036621094,44.648704528808594,18.37935447692871,59.617855072021484,-363.6600036621094,-355.5,48.3967399597168,-468.1600036621094,-453.0,-434.70001220703125,-391.25,-355.5,-329.75,-302.79998779296875,-292.95001220703125,-279.8599853515625
1728,-366.2799987792969,44.420448303222656,18.417688369750977,59.254621505737305,-366.2799987792969,-360.0,48.5225830078125,-476.0199890136719,-453.20001220703125,-441.70001220703125,-400.25,-360.0,-332.0,-306.79998779296875,-293.95001220703125,-290.6400146484375
1744,-368.1999816894531,44.150081634521484,18.387136459350586,58.87916564941406,-368.20001220703125,-361.5,48.14851760864258,-476.0199890136719,-455.1000061035156,-441.70001220703125,-400.25,-361.5,-334.5,-310.6000061035156,-293.95001220703125,-290.6400146484375
1760,-369.8800048828125,43.90506362915039,18.39373207092285,58.51322364807129,-369.8800048828125,-362.5,48.71904754638672,-476.260009765625,-455.29998779296875,-447.1000061035156,-401.25,-362.5,-334.5,-310.6000061035156,-297.79998779296875,-291.0
1776,-372.55999755859375,43.64616775512695,18.40715980529785,58.124698638916016,-372.55999755859375,-363.0,48.35624313354492,-489.05999755859375,-455.29998779296875,-447.1000061035156,-402.25,-363.0,-341.0,-311.8999938964844,-301.95001220703125,-292.9599914550781
1792,-376.29998779296875,43.41075897216797,18.428403854370117,57.75948143005371,-376.29998779296875,-368.0,48.69527816772461,-489.05999755859375,-465.54998779296875,-448.0,-403.25,-368.0,-343.75,-320.8999938964844,-306.75,-292.9599914550781
1808,-378.6399841308594,43.18120193481445,18.447839736938477,57.397884368896484,-378.6400146484375,-371.0,48.919837951660156,-489.05999755859375,-465.54998779296875,-448.0,-405.25,-371.0,-344.75,-320.8999938964844,-306.75,-292.9599914550781
1824,-381.44000244140625,42.96868133544922,18.49757957458496,57.04481315612793,-381.44000244140625,-375.0,49.092220306396484,-489.05999755859375,-483.04998779296875,-448.0,-409.0,-375.0,-348.0,-328.70001220703125,-307.70001220703125,-292.9599914550781
1840,-383.1199951171875,42.74185562133789,18.510007858276367,56.68256378173828,-383.1199951171875,-376.0,48.776485443115234,-489.05999755859375,-483.04998779296875,-451.5,-409.0,-376.0,-349.0,-329.0,-309.8999938964844,-297.8999938964844
1856,-384.739990234375,42.51194763183594,18.507671356201172,56.33538818359375,-384.739990234375,-383.0,48.30830383300781,-492.0799865722656,-483.20001220703125,-451.5,-409.5,-383.0,-350.5,-329.8999938964844,-315.6000061035156,-303.8800048828125
1872,-386.6000061035156,42.280906677246094,18.533607482910156,55.96944999694824,-386.6000061035156,-385.5,48.44832229614258,-492.0799865722656,-483.20001220703125,-452.3999938964844,-414.0,-385.5,-352.75,-331.79998779296875,-315.6000061035156,-303.8800048828125
1888,-389.91998291015625,42.034027099609375,18.532691955566406,55.597482681274414,-389.9200134277344,-388.0,48.09691619873047,-492.0799865722656,-483.20001220703125,-452.3999938964844,-419.25,-388.0,-353.75,-334.70001220703125,-319.8500061035156,-304.9800109863281
1904,-391.55999755859375,41.80414581298828,18.548105239868164,55.22174072265625,-391.55999755859375,-389.0,48.35417556762695,-496.17999267578125,-483.20001220703125,-452.3999938964844,-420.25,-389.0,-354.0,-334.70001220703125,-319.8500061035156,-304.9800109863281
1920,-394.6199951171875,41.58793258666992,18.550683975219727,54.88360595703125,-394.6199951171875,-392.0,49.296810150146484,-509.1199951171875,-487.25,-452.3999938964844,-421.0,-392.0,-356.5,-335.0,-328.54998779296875,-307.9200134277344
1936,-397.0799865722656,41.36760711669922,18.56110382080078,54.52604103088379,-397.0799865722656,-393.5,50.325279235839844,-509.1199951171875,-489.1499938964844,-466.0,-425.5,-393.5,-356.5,-335.0,-328.54998779296875,-307.9200134277344
1952,-400.0799865722656,41.148155212402344,18.562681198120117,54.173492431640625,-400.0799865722656,-394.0,50.15449523925781,-513.0399780273438,-489.1499938964844,-475.0,-425.5,-394.0,-357.75,-341.29998779296875,-328.54998779296875,-316.82000732421875
1968,-402.0799865722656,40.896522521972656,18.577089309692383,53.788644790649414,-402.0799865722656,-396.0,50.06988525390625,-513.0399780273438,-489.1499938964844,-475.70001220703125,-428.25,-396.0,-362.75,-345.79998779296875,-328.54998779296875,-316.82000732421875
1984,-405.3399963378906,40.6571044921875,18.60340690612793,53.40853500366211,-405.3399963378906,-399.5,50.916446685791016,-513.0399780273438,-492.25,-476.20001220703125,-443.0,-399.5,-365.75,-345.79998779296875,-328.54998779296875,-316.82000732421875
2000,-408.1399841308594,40.43003845214844,18.606657028198242,53.04207992553711,-408.1400146484375,-405.0,50.687477111816406,-514.02001953125,-497.3999938964844,-476.20001220703125,-443.0,-405.0,-369.0,-348.79998779296875,-329.95001220703125,-319.760009765625
2016,-409.79998779296875,40.24315643310547,18.634132385253906,52.72636604309082,-409.79998779296875,-407.5,50.87671661376953,-514.02001953125,-497.3999938964844,-476.20001220703125,-446.0,-407.5,-369.0,-348.79998779296875,-329.95001220703125,-319.760009765625
2032,-411.17999267578125,40.0235595703125,18.638916015625,52.370052337646484,-411.17999267578125,-407.5,50.259403228759766,-514.02001953125,-497.3999938964844,-476.20001220703125,-446.0,-407.5,-376.25,-350.79998779296875,-329.95001220703125,-320.0
2048,-413.239990234375,39.81748962402344,18.662513732910156,52.02983093261719,-413.239990234375,-407.5,50.564239501953125,-515.2999877929688,-498.75,-476.20001220703125,-447.5,-407.5,-376.25,-352.8999938964844,-331.8999938964844,-327.8399963378906
2064,-414.8399963378906,39.589942932128906,18.662187576293945,51.6693058013916,-414.8399963378906,-409.5,50.72646713256836,-515.2999877929688,-498.79998779296875,-487.0,-449.75,-409.5,-380.25,-352.8999938964844,-331.8999938964844,-327.8399963378906
2080,-416.41998291015625,39.39689636230469,18.661346435546875,51.351301193237305,-416.4200134277344,-412.0,50.54922103881836,-515.2999877929688,-498.79998779296875,-487.0,-452.0,-412.0,-382.0,-353.8999938964844,-334.79998779296875,-327.8399963378906
2096,-417.91998291015625,39.21240997314453,18.6806640625,51.02919006347656,-417.9200134277344,-418.0,51.00895690917969,-529.02001953125,-498.79998779296875,-487.20001220703125,-453.0,-418.0,-384.25,-353.8999938964844,-334.79998779296875,-327.8399963378906
2112,-419.17999267578125,39.0146484375,18.691858291625977,50.69248580932617,-419.17999267578125,-421.5,51.13557815551758,-529.02001953125,-498.79998779296875,-487.20001220703125,-456.25,-421.5,-384.25,-353.8999938964844,-334.79998779296875,-327.8399963378906
2128,-421.0999755859375,38.83681106567383,18.703752517700195,50.37034034729004,-421.1000061035156,-422.0,50.587646484375,-529.02001953125,-505.45001220703125,-490.1000061035156,-456.25,-422.0,-384.25,-357.0,-350.20001220703125,-329.9599914550781
2144,-422.6399841308594,38.64224624633789,18.71766471862793,50.02437400817871,-422.6400146484375,-422.0,50.313323974609375,-529.02001953125,-509.29998779296875,-491.6000061035156,-456.25,-422.0,-386.5,-357.8999938964844,-351.95001220703125,-330.9800109863281
2160,-424.5999755859375,38.45680236816406,18.747812271118164,49.69968795776367,-424.6000061035156,-423.5,50.50148391723633,-529.02001953125,-510.25,-491.6000061035156,-461.0,-423.5,-389.0,-357.8999938964844,-351.95001220703125,-334.94000244140625
2176,-425.6399841308594,38.271785736083984,18.755373001098633,49.386404037475586,-425.6400146484375,-426.0,50.37370681762695,-529.02001953125,-510.25,-491.6000061035156,-461.0,-426.0,-389.75,-361.79998779296875,-351.95001220703125,-334.94000244140625
2192,-427.91998291015625,38.087074279785156,18.770151138305664,49.0609073638916,-427.9200134277344,-426.0,49.38738250732422,-529.02001953125,-515.0999755859375,-505.0,-461.0,-426.0,-391.75,-361.79998779296875,-352.0,-341.8599853515625
2208,-429.3999938964844,37.851749420166016,18.74803352355957,48.68376922607422,-429.3999938964844,-427.5,48.45038604736328,-529.02001953125,-515.0999755859375,-505.0,-461.0,-427.5,-391.75,-361.8999938964844,-353.95001220703125,-351.9800109863281
2224,-431.1199951171875,37.658668518066406,18.774526596069336,48.347381591796875,-431.1199951171875,-427.5,48.259151458740234,-529.02001953125,-517.0,-505.20001220703125,-461.0,-427.5,-394.25,-368.6000061035156,-355.8999938964844,-352.0
2240,-432.9599914550781,37.421356201171875,18.758947372436523,47.978288650512695,-432.9599914550781,-427.5,47.838043212890625,-529.0800170898438,-517.1500244140625,-505.20001220703125,-461.0,-427.5,-397.0,-371.70001220703125,-355.8999938964844,-352.0
2256,-434.79998779296875,37.2483024597168,18.746658325195312,47.689453125,-434.79998779296875,-427.5,47.834712982177734,-533.239990234375,-520.0,-507.0,-462.25,-427.5,-400.5,-373.79998779296875,-355.8999938964844,-352.0
2272,-437.739990234375,37.053733825683594,18.767423629760742,47.356197357177734,-437.739990234375,-431.5,48.53794860839844,-545.0399780273438,-520.25,-509.79998779296875,-462.25,-431.5,-405.5,-375.79998779296875,-355.8999938964844,-352.0
2288,-439.53997802734375,36.86748504638672,18.74559783935547,47.04984092712402,-439.5400085449219,-434.5,48.296878814697266,-545.0399780273438,-522.1500244140625,-512.5,-463.25,-434.5,-412.5,-377.79998779296875,-355.8999938964844,-352.0
2304,-440.6199951171875,36.711116790771484,18.770572662353516,46.745140075683594,-440.6199951171875,-434.5,48.40884017944336,-545.0399780273438,-525.4000244140625,-512.5,-465.0,-434.5,-416.0,-377.79998779296875,-355.8999938964844,-352.0
2320,-441.8199768066406,36.49989318847656,18.74364471435547,46.43564987182617,-441.82000732421875,-439.0,48.99477005004883,-547.0999755859375,-525.4000244140625,-512.5,-469.0,-439.0,-416.0,-377.79998779296875,-355.8999938964844,-352.0
2336,-443.0999755859375,36.322357177734375,18.753536224365234,46.09395408630371,-443.1000061035156,-439.0,49.32777786254883,-547.0999755859375,-526.4000244140625,-517.0,-472.25,-439.0,-417.0,-378.0,-355.8999938964844,-352.0
2352,-444.239990234375,36.14262771606445,18.754085540771484,45.785728454589844,-444.239990234375,-439.0,49.33500289916992,-552.0999755859375,-531.1500244140625,-517.0,-473.75,-439.0,-418.5,-387.8999938964844,-355.8999938964844,-352.0
2368,-446.05999755859375,35.951683044433594,18.749269485473633,45.470096588134766,-446.05999755859375,-441.5,49.3533821105957,-552.0999755859375,-532.0999755859375,-517.0,-478.0,-441.5,-418.5,-387.8999938964844,-367.3999938964844,-352.9800109863281
2384,-447.7599792480469,35.79634094238281,18.769655227661133,45.15868949890137,-447.760009765625,-444.0,49.555850982666016,-556.02001953125,-532.0999755859375,-517.0,-481.0,-444.0,-418.5,-389.0,-367.3999938964844,-353.9599914550781
2400,-449.3599853515625,35.635555267333984,18.79302215576172,44.857778549194336,-449.3599853515625,-445.5,48.38088607788086,-556.02001953125,-532.0999755859375,-517.2000122070312,-481.0,-445.5,-418.5,-390.8999938964844,-375.8500061035156,-357.8800048828125
2416,-451.0799865722656,35.47062683105469,18.787382125854492,44.56114959716797,-451.0799865722656,-449.5,47.597412109375,-556.02001953125,-532.0999755859375,-517.2000122070312,-481.25,-449.5,-418.5,-390.8999938964844,-379.8999938964844,-371.7200012207031
2432,-452.3199768066406,35.28302001953125,18.791961669921875,44.23310852050781,-452.32000732421875,-449.5,47.631683349609375,-556.02001953125,-532.0999755859375,-519.2000122070312,-482.5,-449.5,-419.0,-390.8999938964844,-380.0,-372.70001220703125
2448,-453.6999816894531,35.08464050292969,18.768129348754883,43.91855049133301,-453.70001220703125,-451.0,46.9249382019043,-556.02001953125,-532.0999755859375,-519.2000122070312,-482.5,-451.0,-419.0,-395.0,-383.79998779296875,-377.6000061035156
2464,-455.3800048828125,34.904388427734375,18.766056060791016,43.593994140625,-455.3800048828125,-451.5,47.331764221191406,-556.1400146484375,-532.0999755859375,-519.5999755859375,-485.5,-451.5,-420.5,-395.0,-383.8999938964844,-377.6000061035156
2480,-457.3199768066406,34.73631286621094,18.780576705932617,43.29401206970215,-457.32000732421875,-451.5,48.49430465698242,-556.1400146484375,-532.0999755859375,-525.5999755859375,-493.5,-451.5,-420.5,-395.0,-383.8999938964844,-377.6000061035156
2496,-458.91998291015625,34.577144622802734,18.778488159179688,43.01863098144531,-458.9200134277344,-451.5,48.368934631347656,-563.0399780273438,-534.0999755859375,-529.2000122070312,-493.5,-451.5,-425.75,-396.79998779296875,-383.8999938964844,-377.79998779296875
2512,-459.91998291015625,34.39608383178711,18.783679962158203,42.70469093322754,-459.9200134277344,-451.5,48.45609664916992,-563.0399780273438,-534.2999877929688,-529.2000122070312,-495.5,-451.5,-425.75,-398.79998779296875,-383.8999938964844,-377.79998779296875
2528,-461.1600036621094,34.225032806396484,18.778167724609375,42.397796630859375,-461.1600036621094,-451.5,48.40800094604492,-565.0,-540.0499877929688,-530.0999755859375,-497.0,-451.5,-425.75,-401.8999938964844,-391.5,-377.79998779296875
2544,-463.03997802734375,34.02887725830078,18.75879669189453,42.07688903808594,-463.0400085449219,-452.5,47.429931640625,-565.0,-540.0499877929688,-530.0999755859375,-497.25,-452.5,-428.25,-403.79998779296875,-394.8500061035156,-379.760009765625
2560,-464.44000244140625,33.84781265258789,18.741060256958008,41.76424026489258,-464.44000244140625,-456.0,46.46037292480469,-565.0,-540.0499877929688,-530.0999755859375,-497.25,-456.0,-428.25,-411.3999938964844,-395.95001220703125,-381.9599914550781
2576,-466.0,33.65020751953125,18.730268478393555,41.44078826904297,-466.0,-462.0,46.48698806762695,-565.0,-542.0499877929688,-531.0,-498.25,-462.0,-433.25,-411.3999938964844,-395.95001220703125,-381.9599914550781
2592,-467.239990234375,33.46306610107422,18.716838836669922,41.11857795715332,-467.239990234375,-465.0,46.427818298339844,-565.1400146484375,-543.0,-531.0999755859375,-498.25,-465.0,-433.25,-415.6000061035156,-398.79998779296875,-385.8800048828125
2608,-468.8799743652344,33.289669036865234,18.71143913269043,40.829010009765625,-468.8800048828125,-465.0,45.87227249145508,-565.1400146484375,-543.0,-531.5,-499.75,-465.0,-434.75,-415.70001220703125,-399.75,-387.9599914550781
2624,-470.3399963378906,33.1467399597168,18.71556282043457,40.55022048950195,-470.3399963378906,-465.0,45.122989654541016,-565.1400146484375,-543.0,-536.4000244140625,-499.75,-465.0,-434.75,-418.70001220703125,-409.8999938964844,-391.9200134277344
2640,-472.0799865722656,32.98406982421875,18.696990966796875,40.27717590332031,-472.0799865722656,-466.0,44.93854904174805,-565.1400146484375,-543.4500122070312,-536.4000244140625,-502.75,-466.0,-438.0,-418.70001220703125,-409.8999938964844,-394.8599853515625
2656,-473.5999755859375,32.82418441772461,18.680782318115234,39.987226486206055,-473.6000061035156,-468.5,44.5587272644043,-565.1400146484375,-549.1500244140625,-536.4000244140625,-506.75,-468.5,-439.5,-419.0,-411.79998779296875,-394.8599853515625
2672,-474.6199951171875,32.68486785888672,18.68317413330078,39.73898124694824,-474.6199951171875,-468.5,43.58871078491211,-565.1400146484375,-549.1500244140625,-536.4000244140625,-506.75,-468.5,-441.0,-419.8999938964844,-414.95001220703125,-407.739990234375
2688,-475.79998779296875,32.510467529296875,18.68255615234375,39.43139839172363,-475.79998779296875,-471.5,44.09172058105469,-565.1400146484375,-552.0499877929688,-536.5,-506.75,-471.5,-441.0,-419.8999938964844,-414.95001220703125,-407.739990234375
2704,-476.6600036621094,32.35453796386719,18.68621253967285,39.140869140625,-476.6600036621094,-473.5,43.84979248046875,-565.1400146484375,-552.0499877929688,-536.5,-507.25,-473.5,-441.0,-423.0,-414.95001220703125,-407.739990234375
2720,-478.2200012207031,32.21204376220703,18.697147369384766,38.85942459106445,-478.2200012207031,-478.0,43.497032165527344,-565.1400146484375,-552.0499877929688,-539.4000244140625,-511.0,-478.0,-442.75,-423.0,-414.95001220703125,-407.739990234375
2736,-478.8399963378906,32.080814361572266,18.7205810546875,38.56480026245117,-478.8399963378906,-478.0,43.717437744140625,-565.1400146484375,-552.1500244140625,-543.0,-511.0,-478.0,-442.75,-423.0,-415.95001220703125,-407.739990234375
2752,-480.05999755859375,31.942607879638672,18.72178840637207,38.27878189086914,-480.05999755859375,-480.0,43.65176010131836,-565.1400146484375,-552.1500244140625,-543.2000122070312,-511.5,-480.0,-445.75,-423.0,-415.95001220703125,-407.739990234375
2768,-481.6600036621094,31.78118133544922,18.713764190673828,37.999088287353516,-481.6600036621094,-480.0,43.82332992553711,-573.0399780273438,-552.5499877929688,-543.2000122070312,-511.5,-480.0,-450.75,-423.0,-415.95001220703125,-407.8999938964844
2784,-482.7200012207031,31.60601806640625,18.69330596923828,37.69859313964844,-482.7200012207031,-482.5,43.94179916381836,-573.0399780273438,-562.0499877929688,-545.0,-514.25,-482.5,-450.75,-423.0,-415.95001220703125,-407.8999938964844
2800,-483.7599792480469,31.486183166503906,18.71141815185547,37.44139289855957,-483.760009765625,-482.5,43.809844970703125,-573.0399780273438,-563.0,-545.0999755859375,-514.25,-482.5,-450.75,-424.79998779296875,-419.79998779296875,-407.8999938964844
2816,-485.47998046875,31.325740814208984,18.686161041259766,37.16697883605957,-485.4800109863281,-485.0,43.53813934326172,-573.0399780273438,-563.0,-545.0999755859375,-518.25,-485.0,-451.75,-424.79998779296875,-419.79998779296875,-407.8999938964844
2832,-486.6199951171875,31.175228118896484,18.671831130981445,36.897987365722656,-486.6199951171875,-486.5,42.9517822265625,-573.0599975585938,-563.0,-546.2000122070312,-518.25,-486.5,-451.75,-429.79998779296875,-423.0,-415.739990234375
2848,-487.8599853515625,31.039913177490234,18.67314338684082,36.62994194030762,-487.8599853515625,-486.5,42.79790496826172,-573.0599975585938,-563.0499877929688,-548.0999755859375,-519.0,-486.5,-451.75,-429.79998779296875,-423.0,-416.9800109863281
2864,-488.8599853515625,30.8804874420166,18.63507843017578,36.353614807128906,-488.8599853515625,-486.5,42.74085235595703,-575.02001953125,-564.1500244140625,-548.0999755859375,-519.75,-486.5,-452.0,-431.79998779296875,-423.0,-416.9800109863281
2880,-489.5199890136719,30.764284133911133,18.668426513671875,36.09535217285156,-489.5199890136719,-487.0,42.23090744018555,-575.02001953125,-564.1500244140625,-548.0999755859375,-519.75,-487.0,-454.25,-432.8999938964844,-423.0,-419.94000244140625
2896,-490.6199951171875,30.640409469604492,18.701387405395508,35.80241584777832,-490.6199951171875,-487.0,42.08723449707031,-575.02001953125,-564.1500244140625,-548.0999755859375,-522.0,-487.0,-455.0,-432.8999938964844,-423.95001220703125,-421.8999938964844
2912,-491.41998291015625,30.484344482421875,18.668296813964844,35.541263580322266,-491.4200134277344,-488.5,42.000755310058594,-575.02001953125,-564.1500244140625,-548.0999755859375,-522.0,-488.5,-458.75,-432.8999938964844,-426.8500061035156,-422.9800109863281
2928,-492.3599853515625,30.320585250854492,18.646350860595703,35.270681381225586,-492.3599853515625,-491.0,42.13253402709961,-575.02001953125,-564.4500122070312,-552.0999755859375,-522.0,-491.0,-459.25,-432.8999938964844,-426.8500061035156,-422.9800109863281
2944,-493.17999267578125,30.169883728027344,18.626829147338867,34.98427200317383,-493.17999267578125,-491.5,42.71495819091797,-579.0,-573.0,-552.0999755859375,-522.75,-491.5,-459.25,-433.8999938964844,-426.8500061035156,-422.9800109863281
2960,-494.2599792480469,30.03658103942871,18.63637924194336,34.7051944732666,-494.260009765625,-495.0,42.30097579956055,-579.0,-573.0,-552.0999755859375,-522.75,-495.0,-461.5,-435.79998779296875,-427.95001220703125,-423.0
2976,-495.5199890136719,29.903881072998047,18.62977409362793,34.43663215637207,-495.5199890136719,-496.0,41.994876861572266,-579.02001953125,-573.0,-552.0999755859375,-525.75,-496.0,-461.5,-442.29998779296875,-432.8500061035156,-426.9200134277344
2992,-496.05999755859375,29.794469833374023,18.64899444580078,34.19635581970215,-496.05999755859375,-496.5,41.6508903503418,-579.02001953125,-573.0,-552.2000122070312,-525.75,-496.5,-463.75,-443.0,-432.8500061035156,-426.9200134277344
3008,-496.5799865722656,29.681049346923828,18.651151657104492,33.95968055725098,-496.5799865722656,-496.5,42.01884841918945,-581.0399780273438,-573.0999755859375,-552.2000122070312,-529.0,-496.5,-463.75,-443.0,-432.8999938964844,-429.8599853515625
3024,-497.7799987792969,29.575580596923828,18.634878158569336,33.74100875854492,-497.7799987792969,-498.0,41.67818832397461,-581.0399780273438,-575.25,-553.0999755859375,-529.0,-498.0,-466.5,-443.0,-432.8999938964844,-429.9800109863281
3040,-498.8199768066406,29.436717987060547,18.615537643432617,33.474679946899414,-498.82000732421875,-499.0,41.55632019042969,-581.0399780273438,-575.25,-554.0999755859375,-529.75,-499.0,-466.5,-445.70001220703125,-432.8999938964844,-429.9800109863281
3056,-499.9599914550781,29.325340270996094,18.62890625,33.22341346740723,-499.9599914550781,-500.0,41.146060943603516,-583.0,-575.25,-554.5,-529.75,-500.0,-469.25,-446.8999938964844,-435.8999938964844,-429.9800109863281
3072,-500.3399963378906,29.211915969848633,18.63184928894043,32.9792366027832,-500.3399963378906,-500.0,41.258750915527344,-583.0399780273438,-575.25,-554.5,-532.25,-500.0,-469.25,-446.8999938964844,-437.8999938964844,-429.9800109863281
3088,-501.1600036621094,29.07500648498535,18.615793228149414,32.718976974487305,-501.1600036621094,-500.0,41.202117919921875,-583.0399780273438,-575.25,-554.5,-532.25,-500.0,-470.75,-446.8999938964844,-437.8999938964844,-429.9800109863281
3104,-502.0999755859375,28.98003387451172,18.635578155517578,32.48030471801758,-502.1000061035156,-500.5,41.12699508666992,-583.0399780273438,-575.25,-561.0999755859375,-533.5,-500.5,-471.0,-447.8999938964844,-437.95001220703125,-433.9200134277344
3120,-503.3199768066406,28.862220764160156,18.637914657592773,32.232696533203125,-503.32000732421875,-501.0,40.6632194519043,-583.0800170898438,-575.2999877929688,-561.0999755859375,-535.5,-501.0,-474.5,-449.79998779296875,-442.70001220703125,-434.0
3136,-504.8199768066406,28.716381072998047,18.630348205566406,31.96306037902832,-504.82000732421875,-501.0,39.84730529785156,-587.0399780273438,-575.3499755859375,-561.0999755859375,-537.5,-501.0,-475.0,-450.8999938964844,-445.95001220703125,-441.9599914550781
3152,-505.7799987792969,28.57967758178711,18.612783432006836,31.71396827697754,-505.7799987792969,-501.0,39.38923263549805,-587.0399780273438,-575.3499755859375,-562.0,-537.5,-501.0,-475.75,-452.0,-446.0,-441.9599914550781
3168,-506.67999267578125,28.479026794433594,18.61180305480957,31.50144863128662,-506.67999267578125,-501.0,39.12003707885742,-587.0399780273438,-575.3499755859375,-562.0,-537.5,-501.0,-476.75,-453.79998779296875,-446.95001220703125,-444.8999938964844
3184,-507.2799987792969,28.398353576660156,18.632776260375977,31.28389263153076,-507.2799987792969,-502.0,39.5267219543457,-589.02001953125,-575.4000244140625,-562.0999755859375,-537.5,-502.0,-476.75,-453.79998779296875,-446.95001220703125,-444.8999938964844
3200,-508.4599914550781,28.276805877685547,18.61234474182129,31.078150749206543,-508.4599914550781,-502.0,39.18760681152344,-590.02001953125,-577.2999877929688,-562.0999755859375,-541.0,-502.0,-478.0,-454.8999938964844,-446.95001220703125,-444.8999938964844
3216,-509.9599914550781,28.184633255004883,18.62578010559082,30.862860679626465,-509.9599914550781,-505.0,39.14739227294922,-590.02001953125,-583.0999755859375,-563.0999755859375,-541.0,-505.0,-479.5,-455.8999938964844,-450.79998779296875,-445.9800109863281
3232,-511.0,28.07007598876953,18.620155334472656,30.607640266418457,-511.0,-505.0,38.56682586669922,-590.02001953125,-583.0999755859375,-563.0999755859375,-541.0,-505.0,-481.5,-463.20001220703125,-451.95001220703125,-446.0
3248,-511.53997802734375,27.952442169189453,18.596698760986328,30.381175994873047,-511.5400085449219,-505.0,38.52049255371094,-590.02001953125,-583.0999755859375,-563.0999755859375,-541.0,-505.0,-481.5,-463.20001220703125,-451.95001220703125,-446.0
3264,-512.239990234375,27.854965209960938,18.614843368530273,30.13965606689453,-512.239990234375,-505.0,38.44609451293945,-590.02001953125,-585.0,-563.0999755859375,-541.5,-505.0,-481.5,-466.70001220703125,-451.95001220703125,-446.0
3280,-512.8599853515625,27.738693237304688,18.613197326660156,29.904627799987793,-512.8599853515625,-505.0,38.78273391723633,-590.0599975585938,-585.0999755859375,-564.0999755859375,-541.5,-505.0,-481.5,-466.70001220703125,-452.95001220703125,-446.0
3296,-513.7799682617188,27.646198272705078,18.62854766845703,29.685148239135742,-513.780029296875,-506.5,38.612327575683594,-590.0599975585938,-585.0999755859375,-565.0999755859375,-541.5,-506.5,-481.5,-466.70001220703125,-456.79998779296875,-446.0
3312,-514.4599609375,27.54876708984375,18.62401580810547,29.47600269317627,-514.4600219726562,-506.5,37.96456527709961,-590.0599975585938,-585.0999755859375,-565.0999755859375,-541.5,-506.5,-486.0,-468.79998779296875,-456.95001220703125,-446.0
3328,-514.9400024414062,27.425458908081055,18.598852157592773,29.23230743408203,-514.9400024414062,-506.5,37.752830505371094,-590.0599975585938,-585.0999755859375,-565.0999755859375,-541.5,-506.5,-486.0,-468.79998779296875,-457.95001220703125,-452.8599853515625
3344,-515.0599975585938,27.324892044067383,18.59800910949707,29.013717651367188,-515.0599975585938,-506.5,37.80630111694336,-590.0599975585938,-585.0999755859375,-565.0999755859375,-541.5,-506.5,-486.0,-468.79998779296875,-457.95001220703125,-452.8599853515625
3360,-515.6599731445312,27.223922729492188,18.586647033691406,28.81387424468994,-515.6599731445312,-509.0,37.52391815185547,-590.0599975585938,-585.0999755859375,-565.0999755859375,-541.5,-509.0,-487.75,-468.79998779296875,-461.0,-455.79998779296875
3376,-516.719970703125,27.138595581054688,18.580726623535156,28.615805625915527,-516.719970703125,-512.0,37.08802795410156,-591.0399780273438,-585.0999755859375,-565.2999877929688,-541.5,-512.0,-489.75,-469.0,-462.8999938964844,-455.79998779296875
3392,-517.5,27.030641555786133,18.577911376953125,28.39889907836914,-517.5,-513.0,37.13044738769531,-591.0399780273438,-585.0999755859375,-568.2999877929688,-541.5,-513.0,-492.75,-469.0,-462.8999938964844,-455.79998779296875
3408,-517.9599609375,26.933979034423828,18.58289337158203,28.179444313049316,-517.9600219726562,-513.0,37.16609191894531,-591.0399780273438,-585.0999755859375,-568.2999877929688,-541.5,-513.0,-492.75,-470.79998779296875,-462.8999938964844,-455.79998779296875
3424,-518.5999755859375,26.84127426147461,18.582643508911133,27.9665584564209,-518.5999755859375,-513.5,36.86353302001953,-592.02001953125,-585.0999755859375,-568.2999877929688,-541.5,-513.5,-492.75,-471.8999938964844,-463.8500061035156,-455.8399963378906
3440,-519.8399658203125,26.763368606567383,18.6109561920166,27.751343727111816,-519.8400268554688,-517.5,36.91848373413086,-592.219970703125,-585.0999755859375,-570.0999755859375,-541.5,-517.5,-494.5,-471.8999938964844,-463.8500061035156,-455.8399963378906
3456,-520.5999755859375,26.701818466186523,18.633495330810547,27.56195068359375,-520.5999755859375,-518.0,37.13704299926758,-598.0999755859375,-587.2000122070312,-570.0999755859375,-544.75,-518.0,-496.5,-471.8999938964844,-463.8500061035156,-455.8399963378906
3472,-520.7799682617188,26.610044479370117,18.629390716552734,27.35613250732422,-520.780029296875,-518.5,37.18267822265625,-598.0999755859375,-587.2000122070312,-570.0999755859375,-544.75,-518.5,-496.5,-471.8999938964844,-463.8500061035156,-455.8399963378906
3488,-521.0399780273438,26.50272560119629,18.626842498779297,27.13304328918457,-521.0399780273438,-520.0,36.96266174316406,-598.0999755859375,-587.2000122070312,-570.0999755859375,-544.75,-520.0,-496.5,-471.8999938964844,-463.8500061035156,-457.9599914550781
3504,-522.1199951171875,26.416122436523438,18.619043350219727,26.945990562438965,-522.1199951171875,-521.5,36.90616989135742,-598.0999755859375,-591.0999755859375,-570.0999755859375,-551.25,-521.5,-496.5,-471.8999938964844,-463.8999938964844,-459.9599914550781
3520,-522.6599731445312,26.328365325927734,18.61334228515625,26.727155685424805,-522.6599731445312,-521.5,36.86033630371094,-598.0999755859375,-591.0999755859375,-571.5999755859375,-551.25,-521.5,-497.25,-473.8999938964844,-463.8999938964844,-459.9599914550781
3536,-523.260009765625,26.24491310119629,18.621484756469727,26.525446891784668,-523.260009765625,-522.5,36.88376998901367,-598.0999755859375,-591.0999755859375,-571.5999755859375,-552.5,-522.5,-497.25,-475.79998779296875,-468.75,-459.9599914550781
3552,-523.9199829101562,26.137487411499023,18.605600357055664,26.31948184967041,-523.9199829101562,-522.5,36.432865142822266,-598.0999755859375,-591.0999755859375,-572.5,-552.5,-522.5,-497.25,-477.0,-468.8500061035156,-459.9599914550781
3568,-524.3800048828125,26.05207061767578,18.60271644592285,26.12808322906494,-524.3800048828125,-523.0,36.420536041259766,-598.0999755859375,-591.0999755859375,-572.5,-554.25,-523.0,-497.25,-477.0,-468.8500061035156,-459.9599914550781
3584,-524.8999633789062,25.95106315612793,18.578594207763672,25.928017616271973,-524.9000244140625,-523.0,36.34157180786133,-598.0999755859375,-591.0999755859375,-572.5,-554.25,-523.0,-498.0,-477.0,-468.8500061035156,-459.9599914550781
3600,-525.2799682617188,25.847562789916992,18.557498931884766,25.724838256835938,-525.280029296875,-523.5,36.006134033203125,-598.0999755859375,-591.0999755859375,-572.5,-554.25,-523.5,-498.0,-480.6000061035156,-468.8500061035156,-460.0
3616,-525.97998046875,25.75602912902832,18.542789459228516,25.52700138092041,-525.97998046875,-524.0,35.54207992553711,-598.0999755859375,-591.0999755859375,-572.5,-554.25,-524.0,-498.75,-480.6000061035156,-471.8500061035156,-460.0
3632,-526.6599731445312,25.654935836791992,18.528831481933594,25.3159236907959,-526.6599731445312,-524.0,35.393280029296875,-598.0999755859375,-591.0999755859375,-577.0,-554.25,-524.0,-498.75,-482.79998779296875,-476.75,-467.8399963378906
3648,-527.1400146484375,25.589818954467773,18.531585693359375,25.14222812652588,-527.1400146484375,-525.5,35.13716506958008,-598.0999755859375,-591.0999755859375,-577.0999755859375,-554.25,-525.5,-498.75,-484.79998779296875,-476.8999938964844,-467.8399963378906
3664,-527.9599609375,25.495283126831055,18.529489517211914,24.92498016357422,-527.9600219726562,-525.5,34.954803466796875,-598.0999755859375,-593.0,-577.0999755859375,-554.25,-525.5,-499.75,-484.79998779296875,-477.0,-467.8800048828125
3680,-528.3200073242188,25.438337326049805,18.53351402282715,24.752460479736328,-528.3200073242188,-525.5,34.84791946411133,-598.0999755859375,-593.0,-577.0999755859375,-554.25,-525.5,-503.0,-484.79998779296875,-477.0,-467.8800048828125
3696,-528.6799926757812,25.350257873535156,18.532657623291016,24.559297561645508,-528.6799926757812,-526.5,34.716819763183594,-598.0999755859375,-593.0,-577.0999755859375,-554.25,-526.5,-503.0,-484.79998779296875,-477.0,-467.8800048828125
3712,-529.1199951171875,25.263547897338867,18.51353645324707,24.370838165283203,-529.1199951171875,-527.5,34.53962326049805,-598.0999755859375,-593.0999755859375,-577.0999755859375,-554.25,-527.5,-503.0,-484.79998779296875,-478.8999938964844,-476.82000732421875
3728,-529.5599975585938,25.20933723449707,18.52796173095703,24.200889587402344,-529.5599975585938,-527.5,34.60182571411133,-598.0999755859375,-593.0999755859375,-577.0999755859375,-555.25,-527.5,-503.75,-484.79998779296875,-478.8999938964844,-476.82000732421875
3744,-529.739990234375,25.14054298400879,18.52779769897461,24.024210929870605,-529.739990234375,-528.0,34.68965530395508,-599.0800170898438,-593.0999755859375,-577.2999877929688,-555.25,-528.0,-503.75,-484.79998779296875,-478.8999938964844,-476.82000732421875
3760,-530.5599975585938,25.02334976196289,18.48573875427246,23.8349552154541,-530.5599975585938,-529.0,34.502845764160156,-599.0800170898438,-593.0999755859375,-577.2999877929688,-555.25,-529.0,-505.5,-485.70001220703125,-478.8999938964844,-476.82000732421875
3776,-530.9400024414062,24.972179412841797,18.50615119934082,23.65859031677246,-530.9400024414062,-529.5,34.60226058959961,-599.0800170898438,-593.0999755859375,-577.2999877929688,-557.5,-529.5,-505.5,-486.8999938964844,-478.8999938964844,-476.82000732421875
3792,-531.3399658203125,24.860326766967773,18.479942321777344,23.463459968566895,-531.3400268554688,-529.5,34.56304931640625,-599.0800170898438,-593.0999755859375,-580.2000122070312,-557.5,-529.5,-505.5,-486.8999938964844,-478.8999938964844,-476.82000732421875
3808,-532.1799926757812,24.806697845458984,18.492090225219727,23.313493728637695,-532.1799926757812,-531.0,34.13982391357422,-599.0800170898438,-593.0999755859375,-582.0,-557.5,-531.0,-508.0,-487.8999938964844,-479.95001220703125,-476.8599853515625
3824,-532.5199584960938,24.721668243408203,18.488014221191406,23.127551078796387,-532.52001953125,-531.0,34.034828186035156,-599.0800170898438,-593.0999755859375,-582.0,-557.5,-531.0,-509.5,-487.8999938964844,-479.95001220703125,-476.8999938964844
3840,-533.3999633789062,24.649852752685547,18.493247985839844,22.950504302978516,-533.4000244140625,-531.5,33.59404754638672,-599.0800170898438,-593.0999755859375,-582.0,-558.25,-531.5,-510.0,-489.70001220703125,-479.95001220703125,-476.8999938964844
3856,-533.5999755859375,24.574325561523438,18.49193000793457,22.771175384521484,-533.5999755859375,-531.5,33.7467041015625,-599.0800170898438,-593.0999755859375,-582.0,-558.25,-531.5,-510.0,-489.70001220703125,-479.95001220703125,-476.8999938964844
3872,-534.0399780273438,24.50206756591797,18.48967742919922,22.60596466064453,-534.0399780273438,-532.0,33.781036376953125,-599.0800170898438,-593.0999755859375,-582.2000122070312,-558.25,-532.0,-510.0,-489.70001220703125,-479.95001220703125,-476.8999938964844
3888,-534.2000122070312,24.41739273071289,18.483592987060547,22.419928550720215,-534.2000122070312,-532.0,33.7828369140625,-599.0800170898438,-593.0999755859375,-582.2000122070312,-558.25,-532.0,-510.0,-489.70001220703125,-479.95001220703125,-476.8999938964844
3904,-534.8599853515625,24.384620666503906,18.516225814819336,22.259992599487305,-534.8599853515625,-533.0,33.61399459838867,-599.0800170898438,-594.0499877929688,-584.2000122070312,-558.25,-533.0,-510.75,-490.8999938964844,-480.95001220703125,-476.94000244140625
3920,-535.0599975585938,24.304611206054688,18.50387954711914,22.086069107055664,-535.0599975585938,-533.0,33.699798583984375,-599.0800170898438,-594.0499877929688,-584.2000122070312,-558.25,-533.0,-510.75,-490.8999938964844,-480.95001220703125,-476.94000244140625
3936,-535.97998046875,24.24216079711914,18.49571990966797,21.94065284729004,-535.97998046875,-535.0,33.30344772338867,-599.0800170898438,-594.0499877929688,-584.2000122070312,-558.25,-535.0,-511.0,-491.8999938964844,-482.8999938964844,-476.94000244140625
3952,-536.219970703125,24.180683135986328,18.493757247924805,21.76907253265381,-536.219970703125,-535.0,33.17215347290039,-599.0800170898438,-594.0499877929688,-584.2000122070312,-558.25,-535.0,-511.0,-492.0,-482.8999938964844,-476.94000244140625
3968,-536.3999633789062,24.111703872680664,18.499515533447266,21.586787223815918,-536.4000244140625,-535.0,33.099849700927734,-599.0800170898438,-594.0499877929688,-584.2000122070312,-559.5,-535.0,-513.5,-492.0,-482.8999938964844,-476.94000244140625
3984,-536.739990234375,24.035585403442383,18.499387741088867,21.397327423095703,-536.739990234375,-535.0,33.224273681640625,-599.0800170898438,-594.2000122070312,-584.2000122070312,-559.5,-535.0,-514.75,-492.0,-482.8999938964844,-476.94000244140625
4000,-537.2999877929688,23.95193862915039,18.476552963256836,21.234790802001953,-537.2999877929688,-535.0,33.02105712890625,-599.0800170898438,-594.2000122070312,-584.2000122070312,-559.5,-535.0,-515.0,-492.0,-488.6000061035156,-476.94000244140625
4016,-537.6199951171875,23.879623413085938,18.474275588989258,21.0661039352417,-537.6199951171875,-535.0,32.79170227050781,-599.1199951171875,-594.2000122070312,-584.2000122070312,-559.5,-535.0,-515.0,-496.0,-488.75,-476.94000244140625
4032,-537.97998046875,23.8420352935791,18.49026870727539,20.91195583343506,-537.97998046875,-535.0,32.88889694213867,-599.1199951171875,-594.2000122070312,-584.2000122070312,-561.25,-535.0,-515.0,-496.0,-488.75,-476.94000244140625
4048,-538.260009765625,23.769039154052734,18.463937759399414,20.75744915008545,-538.260009765625,-535.0,32.75075912475586,-599.1199951171875,-594.2000122070312,-584.2000122070312,-561.25,-535.0,-517.0,-496.0,-488.75,-476.94000244140625
4064,-538.47998046875,23.715538024902344,18.474124908447266,20.599124908447266,-538.47998046875,-535.0,33.000144958496094,-599.1199951171875,-595.1500244140625,-586.0999755859375,-561.25,-535.0,-517.0,-496.0,-488.75,-476.94000244140625
4080,-538.7799682617188,23.67300796508789,18.48607063293457,20.438536643981934,-538.780029296875,-535.0,32.931922912597656,-599.1599731445312,-595.1500244140625,-586.2999877929688,-561.25,-535.0,-517.0,-496.0,-488.75,-476.9800109863281
4096,-539.5599975585938,23.607051849365234,18.486295700073242,20.267247200012207,-539.5599975585938,-535.0,33.343162536621094,-605.0399780273438,-598.0499877929688,-589.0,-561.25,-535.0,-517.0,-496.0,-488.75,-477.9800109863281
4112,-540.0,23.546398162841797,18.477340698242188,20.12331771850586,-540.0,-535.0,33.31426239013672,-605.0399780273438,-598.0499877929688,-589.0,-562.0,-535.0,-517.0,-496.0,-488.95001220703125,-478.9800109863281
4128,-540.3399658203125,23.458133697509766,18.446596145629883,19.948309898376465,-540.3400268554688,-535.5,33.07210922241211,-605.0399780273438,-598.0499877929688,-589.0,-562.5,-535.5,-517.75,-496.0,-490.8999938964844,-478.9800109863281
4144,-540.7000122070312,23.391429901123047,18.449840545654297,19.769634246826172,-540.7000122070312,-536.5,33.00045394897461,-605.0399780273438,-598.0499877929688,-589.0,-562.5,-536.5,-518.0,-496.0,-490.8999938964844,-479.9800109863281
4160,-540.9400024414062,23.343454360961914,18.453227996826172,19.622827529907227,-540.9400024414062,-537.0,32.956886291503906,-605.0399780273438,-598.0499877929688,-589.0,-562.5,-537.0,-518.75,-496.0,-490.8999938964844,-479.9800109863281
4176,-541.1400146484375,23.288293838500977,18.453298568725586,19.471318244934082,-541.1400146484375,-538.0,32.949363708496094,-605.0399780273438,-598.0499877929688,-589.0,-562.5,-538.0,-518.75,-496.0,-490.8999938964844,-479.9800109863281
4192,-541.4599609375,23.220449447631836,18.437917709350586,19.316523551940918,-541.4600219726562,-538.0,32.77786636352539,-605.0399780273438,-598.0499877929688,-589.0,-562.5,-538.0,-518.75,-496.0,-490.95001220703125,-484.8800048828125
4208,-541.7000122070312,23.161537170410156,18.443023681640625,19.16907024383545,-541.7000122070312,-538.0,32.694801330566406,-605.0399780273438,-598.0499877929688,-589.0,-562.5,-538.0,-519.0,-496.0,-490.95001220703125,-484.8800048828125
4224,-542.1599731445312,23.089685440063477,18.431161880493164,19.012425422668457,-542.1599731445312,-538.0,32.46928024291992,-605.0399780273438,-598.0499877929688,-589.0,-562.5,-538.0,-519.75,-496.0,-491.95001220703125,-484.8800048828125
4240,-542.3999633789062,23.048580169677734,18.439184188842773,18.861042022705078,-542.4000244140625,-538.0,32.38394546508789,-605.0399780273438,-598.0499877929688,-589.0,-565.5,-538.0,-519.75,-496.0,-491.95001220703125,-485.0
4256,-542.6799926757812,22.993558883666992,18.426870346069336,18.718202590942383,-542.6799926757812,-538.5,32.43235397338867,-605.0399780273438,-598.1500244140625,-589.0,-565.5,-538.5,-519.75,-497.79998779296875,-491.95001220703125,-485.0
4272,-542.97998046875,22.92592430114746,18.414506912231445,18.558841705322266,-542.97998046875,-538.5,32.323360443115234,-605.0399780273438,-599.0999755859375,-589.0,-565.5,-538.5,-521.5,-497.79998779296875,-491.95001220703125,-485.0
4288,-543.4599609375,22.8738956451416,18.418251037597656,18.42237377166748,-543.4600219726562,-540.5,32.23396301269531,-605.0399780273438,-599.0999755859375,-589.0,-567.5,-540.5,-521.5,-497.79998779296875,-491.95001220703125,-488.9200134277344
4304,-543.6799926757812,22.819774627685547,18.42015838623047,18.27347469329834,-543.6799926757812,-541.0,32.287113189697266,-605.1199951171875,-599.0999755859375,-589.0999755859375,-569.0,-541.0,-521.5,-497.79998779296875,-493.8999938964844,-488.9200134277344
4320,-543.97998046875,22.76240348815918,18.423900604248047,18.129870414733887,-543.97998046875,-541.0,32.290550231933594,-605.1199951171875,-599.0999755859375,-589.5,-569.0,-541.0,-521.5,-498.0,-493.8999938964844,-488.9200134277344
4336,-544.2999877929688,22.708690643310547,18.41722297668457,17.99820041656494,-544.2999877929688,-541.5,32.20543670654297,-605.1199951171875,-601.0,-589.5,-569.0,-541.5,-522.0,-499.79998779296875,-494.95001220703125,-488.9200134277344
4352,-544.8999633789062,22.647096633911133,18.39065170288086,17.872459411621094,-544.9000244140625,-541.5,32.35475540161133,-605.1199951171875,-601.0,-594.2000122070312,-569.0,-541.5,-522.75,-499.79998779296875,-494.95001220703125,-488.9200134277344
4368,-545.0800170898438,22.588817596435547,18.374595642089844,17.74571418762207,-545.0800170898438,-542.5,32.43013381958008,-605.1199951171875,-601.0,-594.2000122070312,-569.0,-542.5,-522.75,-499.79998779296875,-494.95001220703125,-488.9200134277344
4384,-545.5399780273438,22.544811248779297,18.371524810791016,17.63096332550049,-545.5399780273438,-543.5,32.338653564453125,-605.1199951171875,-601.0,-594.2000122070312,-569.0,-543.5,-522.75,-500.8999938964844,-496.0,-488.9200134277344
4400,-545.719970703125,22.495441436767578,18.369043350219727,17.50448513031006,-545.719970703125,-543.5,32.32648468017578,-605.1199951171875,-601.0,-594.2000122070312,-569.0,-543.5,-522.75,-501.8999938964844,-497.8999938964844,-488.9200134277344
4416,-545.8999633789062,22.447717666625977,18.360883712768555,17.37855052947998,-545.9000244140625,-544.5,32.370201110839844,-605.1199951171875,-601.0,-594.2000122070312,-569.0,-544.5,-522.75,-501.8999938964844,-497.8999938964844,-488.9200134277344
4432,-546.260009765625,22.39593505859375,18.35796546936035,17.247295379638672,-546.260009765625,-545.0,32.43844223022461,-605.1199951171875,-601.0,-594.2999877929688,-569.0,-545.0,-522.75,-502.8999938964844,-497.8999938964844,-488.9200134277344
4448,-546.7000122070312,22.342708587646484,18.35858917236328,17.093222618103027,-546.7000122070312,-545.0,32.51384353637695,-608.0599975585938,-601.0999755859375,-594.2999877929688,-569.0,-545.0,-522.75,-502.8999938964844,-497.8999938964844,-488.9200134277344
4464,-546.9199829101562,22.296546936035156,18.372848510742188,16.95741081237793,-546.9199829101562,-545.0,32.489898681640625,-608.0599975585938,-601.0999755859375,-594.2999877929688,-569.0,-545.0,-522.75,-502.8999938964844,-497.8999938964844,-488.9200134277344
4480,-547.1599731445312,22.218196868896484,18.336057662963867,16.837672233581543,-547.1599731445312,-545.0,32.350799560546875,-608.0599975585938,-603.0,-594.2999877929688,-569.0,-545.0,-522.75,-504.79998779296875,-497.8999938964844,-489.0
4496,-547.3999633789062,22.163002014160156,18.3258056640625,16.70366668701172,-547.4000244140625,-545.0,32.332027435302734,-608.0599975585938,-603.0,-594.2999877929688,-569.0,-545.0,-522.75,-506.0,-497.8999938964844,-489.0
4512,-547.6400146484375,22.133682250976562,18.32240867614746,16.595487594604492,-547.6400146484375,-545.0,32.17872619628906,-608.0599975585938,-603.0,-594.2999877929688,-569.0,-545.0,-522.75,-506.0,-499.79998779296875,-489.0
4528,-547.719970703125,22.11294937133789,18.325288772583008,16.500834465026855,-547.719970703125,-545.0,32.185733795166016,-608.0599975585938,-603.0,-594.2999877929688,-569.0,-545.0,-523.75,-506.0,-499.79998779296875,-489.0
4544,-547.9199829101562,22.062152862548828,18.307109832763672,16.390475273132324,-547.9199829101562,-545.0,32.23838424682617,-608.0599975585938,-603.0999755859375,-594.2999877929688,-569.0,-545.0,-524.0,-506.0,-499.79998779296875,-489.0
4560,-548.0399780273438,22.004667282104492,18.29468536376953,16.250903129577637,-548.0399780273438,-545.0,32.1639289855957,-608.0599975585938,-603.0999755859375,-594.2999877929688,-569.0,-545.0,-524.0,-506.0,-499.79998779296875,-489.0
4576,-548.5800170898438,21.93108367919922,18.265350341796875,16.10952663421631,-548.5800170898438,-546.0,32.38739776611328,-608.0599975585938,-605.0999755859375,-594.2999877929688,-569.0,-546.0,-525.5,-506.0,-499.79998779296875,-489.0
4592,-548.6599731445312,21.887529373168945,18.253297805786133,16.00700855255127,-548.6599731445312,-546.0,32.3191032409668,-608.0599975585938,-605.0999755859375,-594.2999877929688,-569.0,-546.0,-526.75,-506.0,-499.79998779296875,-489.0
4608,-549.0399780273438,21.85455322265625,18.25265121459961,15.885168075561523,-549.0399780273438,-546.0,32.12971496582031,-608.0599975585938,-605.0999755859375,-594.2999877929688,-569.0,-546.0,-527.75,-506.8999938964844,-499.79998779296875,-489.0
4624,-549.3399658203125,21.798675537109375,18.240339279174805,15.750721454620361,-549.3400268554688,-546.0,31.909942626953125,-608.0599975585938,-605.0999755859375,-594.2999877929688,-569.0,-546.0,-527.75,-508.79998779296875,-499.79998779296875,-489.0
4640,-549.3599853515625,21.75033187866211,18.220422744750977,15.648178100585938,-549.3599853515625,-546.0,31.936662673950195,-608.0599975585938,-605.0999755859375,-594.2999877929688,-569.0,-546.0,-527.75,-508.79998779296875,-499.79998779296875,-489.0
4656,-549.5399780273438,21.713115692138672,18.21757698059082,15.535760879516602,-549.5399780273438,-546.0,32.04853057861328,-608.0599975585938,-607.0,-594.2999877929688,-569.0,-546.0,-527.75,-508.79998779296875,-499.79998779296875,-489.0
4672,-549.9199829101562,21.66897201538086,18.204530715942383,15.421211242675781,-549.9199829101562,-546.0,31.88343620300293,-608.0599975585938,-607.0,-594.2999877929688,-569.25,-546.0,-529.5,-509.0,-499.79998779296875,-492.9200134277344
4688,-550.2000122070312,21.630414962768555,18.207815170288086,15.28576946258545,-550.2000122070312,-546.0,31.5924015045166,-608.0599975585938,-607.0,-594.2999877929688,-569.25,-546.0,-530.0,-511.70001220703125,-501.8999938964844,-492.9599914550781
4704,-550.2799682617188,21.558788299560547,18.167224884033203,15.17710542678833,-550.280029296875,-546.0,31.629125595092773,-608.0599975585938,-607.0,-594.2999877929688,-570.25,-546.0,-530.0,-511.70001220703125,-501.8999938964844,-492.9599914550781
4720,-550.4199829101562,21.524320602416992,18.168054580688477,15.058786392211914,-550.4199829101562,-546.0,31.73111343383789,-608.0599975585938,-607.0,-594.2999877929688,-570.75,-546.0,-530.0,-511.70001220703125,-501.8999938964844,-492.9599914550781
4736,-550.7000122070312,21.467147827148438,18.14092254638672,14.942412853240967,-550.7000122070312,-547.5,31.727432250976562,-608.0599975585938,-607.0,-594.5,-570.75,-547.5,-530.0,-511.70001220703125,-501.8999938964844,-492.9599914550781
4752,-551.0999755859375,21.449769973754883,18.17034339904785,14.836607933044434,-551.0999755859375,-548.0,31.86455535888672,-608.0599975585938,-607.0,-594.5,-574.0,-548.0,-530.0,-511.70001220703125,-501.8999938964844,-492.9599914550781
4768,-551.2000122070312,21.433271408081055,18.182872772216797,14.742124557495117,-551.2000122070312,-548.0,31.923660278320312,-608.0599975585938,-607.0,-594.5,-574.0,-548.0,-530.0,-511.70001220703125,-501.8999938964844,-492.9599914550781
4784,-551.3399658203125,21.385578155517578,18.1791934967041,14.625243186950684,-551.3400268554688,-548.0,31.98006248474121,-608.0599975585938,-607.0,-595.4000244140625,-574.0,-548.0,-530.0,-511.70001220703125,-501.8999938964844,-492.9599914550781
4800,-551.4599609375,21.34043312072754,18.16757583618164,14.518489360809326,-551.4600219726562,-548.0,31.980436325073242,-608.0599975585938,-607.0,-595.4000244140625,-574.0,-548.0,-530.0,-512.5999755859375,-501.8999938964844,-492.9599914550781
4816,-551.7000122070312,21.311969757080078,18.16758918762207,14.411269187927246,-551.7000122070312,-548.0,31.931644439697266,-608.0599975585938,-607.0,-595.4000244140625,-574.0,-548.0,-530.0,-512.5999755859375,-501.8999938964844,-492.9599914550781
4832,-552.0,21.260648727416992,18.148876190185547,14.30656909942627,-552.0,-548.5,31.879146575927734,-608.0599975585938,-607.0,-595.4000244140625,-575.5,-548.5,-530.75,-512.5999755859375,-501.8999938964844,-492.9599914550781
4848,-552.0800170898438,21.22555160522461,18.13823127746582,14.204762935638428,-552.0800170898438,-548.5,31.81121826171875,-608.0599975585938,-607.0,-595.4000244140625,-575.5,-548.5,-530.75,-512.5999755859375,-505.70001220703125,-492.9599914550781
4864,-552.3399658203125,21.196447372436523,18.139970779418945,14.10094690322876,-552.3400268554688,-548.5,31.693601608276367,-608.0599975585938,-607.0,-595.4000244140625,-577.0,-548.5,-531.0,-512.7000122070312,-505.70001220703125,-492.9599914550781
4880,-552.5199584960938,21.142383575439453,18.144926071166992,13.958686351776123,-552.52001953125,-549.0,31.583059310913086,-608.0599975585938,-607.0,-595.4000244140625,-577.0,-549.0,-531.0,-512.9000244140625,-505.70001220703125,-492.9599914550781
4896,-552.6400146484375,21.09664535522461,18.138307571411133,13.848257064819336,-552.6400146484375,-549.0,31.46284294128418,-608.0599975585938,-607.0,-595.4000244140625,-577.0,-549.0,-531.0,-512.9000244140625,-505.70001220703125,-492.9599914550781
4912,-552.6799926757812,21.082679748535156,18.157609939575195,13.751974105834961,-552.6799926757812,-549.0,31.416837692260742,-608.0599975585938,-607.0,-595.4000244140625,-577.0,-549.0,-531.0,-512.9000244140625,-505.79998779296875,-492.9599914550781
4928,-552.9199829101562,21.061351776123047,18.163307189941406,13.653965473175049,-552.9199829101562,-549.0,31.338054656982422,-608.0599975585938,-607.0,-595.5,-577.0,-549.0,-531.0,-512.9000244140625,-505.79998779296875,-492.9599914550781
4944,-553.0999755859375,21.01445198059082,18.146692276000977,13.549059867858887,-553.0999755859375,-549.0,31.254919052124023,-608.0599975585938,-607.0,-595.5,-577.5,-549.0,-531.0,-513.9000244140625,-505.79998779296875,-492.9599914550781
4960,-553.239990234375,21.00557518005371,18.162466049194336,13.457255363464355,-553.239990234375,-549.0,31.2253475189209,-608.0599975585938,-607.0,-595.5,-577.5,-549.0,-531.0,-513.9000244140625,-505.79998779296875,-492.9599914550781
4976,-553.3999633789062,20.96759033203125,18.157617568969727,13.34636116027832,-553.4000244140625,-549.0,31.194869995117188,-608.0599975585938,-607.0,-595.5,-577.5,-549.0,-531.75,-513.9000244140625,-505.79998779296875,-492.9599914550781
4992,-553.5,20.937772750854492,18.15602684020996,13.248082160949707,-553.5,-549.0,31.133743286132812,-608.0599975585938,-607.0,-595.5,-577.5,-549.0,-532.75,-514.0,-505.79998779296875,-492.9599914550781
5008,-553.6400146484375,20.918773651123047,18.165264129638672,13.14581298828125,-553.6400146484375,-550.5,31.118330001831055,-608.0599975585938,-607.0,-595.5,-577.5,-550.5,-532.75,-514.0,-505.79998779296875,-492.9599914550781
5024,-553.6599731445312,20.872711181640625,18.14408302307129,13.030866622924805,-553.6599731445312,-550.5,31.130123138427734,-608.0599975585938,-607.0,-595.5,-577.5,-550.5,-532.75,-514.0,-505.79998779296875,-492.9599914550781
5040,-553.719970703125,20.83979034423828,18.14252471923828,12.921478748321533,-553.719970703125,-550.5,31.14613151550293,-608.0599975585938,-607.0,-595.5,-577.5,-550.5,-532.75,-514.0,-505.79998779296875,-492.9599914550781
5056,-553.8399658203125,20.815799713134766,18.16312026977539,12.814528942108154,-553.8400268554688,-550.5,31.090421676635742,-608.0599975585938,-607.0,-595.5,-577.5,-550.5,-532.75,-514.0,-505.79998779296875,-492.9599914550781
5072,-554.0800170898438,20.796464920043945,18.18044662475586,12.707357406616211,-554.0800170898438,-550.5,30.988283157348633,-609.0399780273438,-607.0,-595.5,-577.5,-550.5,-532.75,-514.0,-505.79998779296875,-492.9599914550781
5088,-554.3599853515625,20.75231170654297,18.16557502746582,12.602110385894775,-554.3599853515625,-550.5,30.988874435424805,-611.0800170898438,-607.0,-595.5,-577.5,-550.5,-532.75,-516.9000244140625,-505.79998779296875,-492.9599914550781
5104,-554.4400024414062,20.722675323486328,18.158777236938477,12.506468772888184,-554.4400024414062,-550.5,31.049097061157227,-611.0800170898438,-607.0,-595.5,-577.5,-550.5,-532.75,-516.9000244140625,-505.79998779296875,-492.9599914550781
5120,-554.5800170898438,20.695898056030273,18.156850814819336,12.414429664611816,-554.5800170898438,-550.5,31.02682113647461,-611.0800170898438,-607.0,-596.4000244140625,-577.5,-550.5,-533.75,-516.9000244140625,-505.79998779296875,-493.0
5136,-554.6599731445312,20.642866134643555,18.13760757446289,12.310767650604248,-554.6599731445312,-550.5,31.075464248657227,-611.0800170898438,-607.0,-596.4000244140625,-577.5,-550.5,-533.75,-516.9000244140625,-505.79998779296875,-493.0
5152,-554.7799682617188,20.63017463684082,18.15219497680664,12.212979793548584,-554.780029296875,-550.5,31.015989303588867,-611.0800170898438,-607.0,-596.4000244140625,-577.5,-550.5,-533.75,-516.9000244140625,-507.70001220703125,-493.0
5168,-554.8399658203125,20.582355499267578,18.149503707885742,12.086507320404053,-554.8400268554688,-550.5,30.949871063232422,-611.0800170898438,-607.0,-596.4000244140625,-577.5,-550.5,-533.75,-516.9000244140625,-507.70001220703125,-494.9599914550781
5184,-554.9400024414062,20.55862045288086,18.15149688720703,12.000704288482666,-554.9400024414062,-550.5,30.9586238861084,-611.0800170898438,-607.0,-596.4000244140625,-577.5,-550.5,-533.75,-516.9000244140625,-507.75,-494.9599914550781
5200,-555.0999755859375,20.51846694946289,18.13909149169922,11.908970355987549,-555.0999755859375,-551.5,31.02627944946289,-611.0800170898438,-607.0,-596.4000244140625,-577.5,-551.5,-533.75,-516.9000244140625,-507.75,-494.9599914550781
5216,-555.260009765625,20.500829696655273,18.148418426513672,11.815041065216064,-555.260009765625,-551.5,31.04597282409668,-611.0800170898438,-607.0,-596.4000244140625,-577.5,-551.5,-533.75,-516.9000244140625,-507.75,-494.9599914550781
5232,-555.4199829101562,20.478042602539062,18.143112182617188,11.733747005462646,-555.4199829101562,-552.5,31.040353775024414,-611.0800170898438,-607.0,-596.4000244140625,-577.5,-552.5,-533.75,-516.9000244140625,-507.75,-494.9599914550781
5248,-555.6199951171875,20.443748474121094,18.144325256347656,11.638703346252441,-555.6199951171875,-552.5,30.901384353637695,-611.0800170898438,-607.0499877929688,-596.4000244140625,-577.5,-552.5,-534.75,-516.9000244140625,-507.75,-494.9599914550781
5264,-555.6799926757812,20.427040100097656,18.15462303161621,11.541669368743896,-555.6799926757812,-552.5,30.889118194580078,-611.0800170898438,-607.0499877929688,-596.4000244140625,-577.5,-552.5,-534.75,-516.9000244140625,-507.75,-494.9599914550781
5280,-555.7999877929688,20.389991760253906,18.15479850769043,11.440179347991943,-555.7999877929688,-552.5,30.876527786254883,-611.0800170898438,-607.0499877929688,-596.4000244140625,-577.5,-552.5,-534.75,-516.9000244140625,-507.75,-494.9599914550781
5296,-556.0399780273438,20.391353607177734,18.17949104309082,11.367713451385498,-556.0399780273438,-552.5,31.16277313232422,-613.0399780273438,-607.0499877929688,-600.0999755859375,-577.5,-552.5,-534.75,-516.9000244140625,-507.75,-494.9599914550781
5312,-556.1799926757812,20.363967895507812,18.189085006713867,11.254041194915771,-556.1799926757812,-553.0,31.108963012695312,-613.0399780273438,-607.0499877929688,-600.0999755859375,-577.5,-553.0,-534.75,-516.9000244140625,-507.75,-494.9599914550781
5328,-556.4400024414062,20.35207748413086,18.195419311523438,11.180267333984375,-556.4400024414062,-554.0,31.030410766601562,-613.0399780273438,-607.0499877929688,-600.0999755859375,-577.5,-554.0,-534.75,-516.9000244140625,-507.95001220703125,-494.9599914550781
5344,-556.5399780273438,20.323925018310547,18.197099685668945,11.07457160949707,-556.5399780273438,-554.0,30.92876434326172,-613.0399780273438,-607.0499877929688,-600.0999755859375,-577.5,-554.0,-534.75,-516.9000244140625,-507.95001220703125,-494.9599914550781
5360,-556.760009765625,20.289386749267578,18.184003829956055,10.991998672485352,-556.760009765625,-554.0,30.90796661376953,-613.0399780273438,-607.0499877929688,-600.0999755859375,-577.5,-554.0,-534.75,-516.9000244140625,-507.95001220703125,-494.9599914550781
5376,-556.9599609375,20.253429412841797,18.166648864746094,10.896292209625244,-556.9600219726562,-554.0,30.987712860107422,-613.0399780273438,-607.0499877929688,-600.0999755859375,-579.25,-554.0,-534.75,-516.9000244140625,-507.95001220703125,-494.9599914550781
5392,-557.0199584960938,20.205718994140625,18.144163131713867,10.803456783294678,-557.02001953125,-554.0,31.01934051513672,-613.0399780273438,-607.0499877929688,-600.0999755859375,-580.25,-554.0,-534.75,-516.9000244140625,-507.95001220703125,-494.9599914550781
5408,-557.239990234375,20.175384521484375,18.13446807861328,10.725233554840088,-557.239990234375,-555.0,30.880775451660156,-613.0399780273438,-607.0499877929688,-600.0999755859375,-580.25,-555.0,-534.75,-516.9000244140625,-510.8500061035156,-494.9599914550781
5424,-557.3800048828125,20.127243041992188,18.119731903076172,10.62031602859497,-557.3800048828125,-555.0,31.01895523071289,-613.0800170898438,-608.0499877929688,-600.0999755859375,-580.25,-555.0,-534.75,-516.9000244140625,-510.8500061035156,-494.9599914550781
5440,-557.4599609375,20.122190475463867,18.136432647705078,10.549473285675049,-557.4600219726562,-555.0,30.98626136779785,-613.0800170898438,-608.0499877929688,-600.0999755859375,-580.25,-555.0,-534.75,-516.9000244140625,-510.8500061035156,-494.9599914550781
5456,-557.719970703125,20.109729766845703,18.144012451171875,10.474967956542969,-557.719970703125,-555.5,31.03291130065918,-613.0800170898438,-608.0499877929688,-600.0999755859375,-581.5,-555.5,-534.75,-516.9000244140625,-510.8500061035156,-494.9599914550781
5472,-557.760009765625,20.085567474365234,18.13590431213379,10.390824794769287,-557.760009765625,-555.5,31.02615737915039,-613.0800170898438,-608.0499877929688,-600.0999755859375,-581.5,-555.5,-534.75,-516.9000244140625,-510.8500061035156,-494.9599914550781
5488,-557.8399658203125,20.06197738647461,18.138999938964844,10.301047801971436,-557.8400268554688,-555.5,30.966665267944336,-613.0800170898438,-608.0499877929688,-600.0999755859375,-581.5,-555.5,-535.0,-519.7000122070312,-510.8500061035156,-494.9599914550781
5504,-557.9199829101562,20.02552032470703,18.126628875732422,10.228518009185791,-557.9199829101562,-555.5,30.93984031677246,-613.0800170898438,-608.0499877929688,-600.0999755859375,-581.5,-555.5,-535.0,-519.7000122070312,-510.8500061035156,-494.9599914550781
5520,-558.0399780273438,19.990863800048828,18.113536834716797,10.14950180053711,-558.0399780273438,-556.5,30.90628433227539,-613.0800170898438,-608.0499877929688,-600.0999755859375,-581.5,-556.5,-535.0,-519.7000122070312,-510.8500061035156,-494.9599914550781
5536,-558.1400146484375,19.968242645263672,18.107954025268555,10.079870223999023,-558.1400146484375,-556.5,30.876211166381836,-613.0800170898438,-608.0499877929688,-600.0999755859375,-581.5,-556.5,-535.75,-519.7000122070312,-510.8500061035156,-494.9599914550781
5552,-558.2799682617188,19.926050186157227,18.093095779418945,9.982314586639404,-558.280029296875,-556.5,30.87914276123047,-613.0800170898438,-608.0499877929688,-601.0999755859375,-581.5,-556.5,-535.75,-519.7000122070312,-510.8500061035156,-494.9599914550781
5568,-558.6199951171875,19.898685455322266,18.080625534057617,9.910865306854248,-558.6199951171875,-558.0,30.926616668701172,-613.0800170898438,-608.0499877929688,-602.2999877929688,-581.5,-558.0,-535.75,-521.5,-510.8500061035156,-494.9599914550781
5584,-558.719970703125,19.898208618164062,18.08786964416504,9.853276252746582,-558.719970703125,-558.0,30.906984329223633,-613.0800170898438,-608.0499877929688,-602.2999877929688,-581.5,-558.0,-535.75,-521.5,-512.75,-494.9599914550781
5600,-558.8599853515625,19.86639404296875,18.073505401611328,9.781537055969238,-558.8599853515625,-558.0,30.957721710205078,-613.0800170898438,-609.0,-602.2999877929688,-581.5,-558.0,-535.75,-521.5,-512.75,-494.9599914550781
5616,-558.9400024414062,19.83719253540039,18.061656951904297,9.71664571762085,-558.9400024414062,-558.0,30.95926856994629,-613.0800170898438,-609.0499877929688,-602.2999877929688,-581.5,-558.0,-535.75,-521.5,-512.75,-494.9599914550781
5632,-559.2799682617188,19.830049514770508,18.07231330871582,9.65492582321167,-559.280029296875,-558.0,30.936737060546875,-613.0800170898438,-609.0499877929688,-602.2999877929688,-581.5,-558.0,-538.75,-521.5,-512.75,-494.9599914550781
5648,-559.4199829101562,19.8076171875,18.06711196899414,9.5725679397583,-559.4199829101562,-559.5,30.993928909301758,-615.0399780273438,-609.0499877929688,-602.2999877929688,-581.5,-559.5,-538.75,-521.5,-512.75,-494.9599914550781
5664,-559.5599975585938,19.768035888671875,18.045377731323242,9.49819803237915,-559.5599975585938,-560.5,30.945215225219727,-615.0399780273438,-609.0499877929688,-602.2999877929688,-581.5,-560.5,-538.75,-521.7999877929688,-512.75,-494.9599914550781
5680,-559.6199951171875,19.732177734375,18.035551071166992,9.415443420410156,-559.6199951171875,-560.5,30.86058235168457,-615.0399780273438,-609.0499877929688,-602.2999877929688,-581.5,-560.5,-538.75,-521.7999877929688,-512.75,-494.9599914550781
5696,-559.739990234375,19.710474014282227,18.030595779418945,9.34137487411499,-559.739990234375,-560.5,30.872194290161133,-615.0399780273438,-610.0499877929688,-602.2999877929688,-581.5,-560.5,-538.75,-521.7999877929688,-512.75,-494.9599914550781
5712,-560.0599975585938,19.675945281982422,18.015098571777344,9.269678592681885,-560.0599975585938,-561.0,30.728429794311523,-615.0399780273438,-610.0499877929688,-602.2999877929688,-583.0,-561.0,-539.0,-521.7999877929688,-512.8499755859375,-494.9599914550781
5728,-560.1799926757812,19.666358947753906,18.024682998657227,9.205345153808594,-560.1799926757812,-561.5,30.67388916015625,-615.0399780273438,-610.0499877929688,-602.2999877929688,-583.0,-561.5,-539.0,-523.5999755859375,-512.8499755859375,-494.9599914550781
5744,-560.4199829101562,19.618804931640625,17.994449615478516,9.126259326934814,-560.4199829101562,-561.5,30.4969425201416,-615.0399780273438,-610.0499877929688,-602.2999877929688,-583.0,-561.5,-539.75,-525.4000244140625,-513.9500122070312,-494.9599914550781
5760,-560.5599975585938,19.617351531982422,18.009010314941406,9.066915035247803,-560.5599975585938,-561.5,30.508464813232422,-615.0399780273438,-610.0499877929688,-602.2999877929688,-583.0,-561.5,-539.75,-525.4000244140625,-513.9500122070312,-494.9599914550781
5776,-560.5599975585938,19.59844207763672,18.00502586364746,8.995916366577148,-560.5599975585938,-561.5,30.508464813232422,-615.0399780273438,-610.0499877929688,-602.2999877929688,-583.0,-561.5,-539.75,-525.4000244140625,-513.9500122070312,-494.9599914550781
5792,-560.5999755859375,19.568012237548828,17.98587989807129,8.942349433898926,-560.5999755859375,-561.5,30.540464401245117,-615.0399780273438,-610.0499877929688,-602.2999877929688,-583.25,-561.5,-539.75,-525.4000244140625,-513.9500122070312,-494.9599914550781
5808,-560.9400024414062,19.550052642822266,17.974796295166016,8.88231897354126,-560.9400024414062,-561.5,30.32550811767578,-615.0399780273438,-610.0499877929688,-602.2999877929688,-583.25,-561.5,-539.75,-531.4000244140625,-513.9500122070312,-494.9599914550781
5824,-560.9599609375,19.52518081665039,17.960357666015625,8.82238245010376,-560.9600219726562,-561.5,30.32356071472168,-615.0399780273438,-610.0499877929688,-602.2999877929688,-583.25,-561.5,-539.75,-531.4000244140625,-513.9500122070312,-494.9599914550781
5840,-561.0599975585938,19.52138328552246,17.971206665039062,8.775932788848877,-561.0599975585938,-561.5,30.29119300842285,-615.0399780273438,-610.0499877929688,-602.2999877929688,-584.25,-561.5,-539.75,-531.4000244140625,-513.9500122070312,-494.9599914550781
5856,-561.1400146484375,19.520572662353516,17.98854637145996,8.727427005767822,-561.1400146484375,-561.5,30.284984588623047,-615.0399780273438,-610.0499877929688,-602.2999877929688,-584.75,-561.5,-539.75,-531.4000244140625,-513.9500122070312,-494.9599914550781
5872,-561.2799682617188,19.49178695678711,17.969097137451172,8.672056198120117,-561.280029296875,-563.0,30.25362205505371,-615.0399780273438,-610.0499877929688,-602.2999877929688,-584.75,-563.0,-539.75,-531.4000244140625,-513.9500122070312,-495.0
5888,-561.2999877929688,19.465797424316406,17.954044342041016,8.609043598175049,-561.2999877929688,-563.0,30.23822021484375,-615.0399780273438,-610.0499877929688,-602.2999877929688,-584.75,-563.0,-539.75,-531.4000244140625,-513.9500122070312,-495.0
5904,-561.3599853515625,19.461429595947266,17.96460723876953,8.544551372528076,-561.3599853515625,-563.0,30.19123077392578,-615.0399780273438,-610.0499877929688,-602.2999877929688,-584.75,-563.0,-540.0,-531.4000244140625,-513.9500122070312,-495.0
5920,-561.3999633789062,19.466196060180664,17.98086166381836,8.48338794708252,-561.4000244140625,-563.0,30.17416000366211,-615.0399780273438,-610.0499877929688,-602.2999877929688,-584.75,-563.0,-540.0,-531.4000244140625,-513.9500122070312,-495.0
5936,-561.5199584960938,19.44607925415039,17.96795654296875,8.432886123657227,-561.52001953125,-563.0,30.129880905151367,-615.0399780273438,-610.0499877929688,-602.2999877929688,-584.75,-563.0,-540.0,-531.4000244140625,-513.9500122070312,-495.0
5952,-561.5800170898438,19.419906616210938,17.961523056030273,8.369126796722412,-561.5800170898438,-563.0,30.104875564575195,-615.0399780273438,-610.0499877929688,-602.2999877929688,-584.75,-563.0,-540.75,-531.4000244140625,-513.9500122070312,-495.0
5968,-561.6400146484375,19.415706634521484,17.977054595947266,8.314198017120361,-561.6400146484375,-563.0,30.087047576904297,-615.0399780273438,-610.0499877929688,-602.2999877929688,-584.75,-563.0,-540.75,-531.4000244140625,-513.9500122070312,-495.0
5984,-561.6799926757812,19.431007385253906,17.995847702026367,8.263360977172852,-561.6799926757812,-563.0,30.056238174438477,-615.0399780273438,-610.0499877929688,-602.2999877929688,-584.75,-563.0,-540.75,-531.4000244140625,-513.9500122070312,-495.0
6000,-561.719970703125,19.422693252563477,18.002286911010742,8.212745189666748,-561.719970703125,-563.0,30.07526397705078,-615.0399780273438,-610.0499877929688,-602.2999877929688,-584.75,-563.0,-540.75,-531.4000244140625,-513.9500122070312,-495.0
6016,-561.8599853515625,19.412939071655273,18.006383895874023,8.154937744140625,-561.8599853515625,-563.0,30.064271926879883,-617.0,-610.0499877929688,-602.2999877929688,-584.75,-563.0,-541.0,-531.4000244140625,-513.9500122070312,-495.0
6032,-561.8599853515625,19.39510726928711,18.000699996948242,8.095997333526611,-561.8599853515625,-563.0,30.064271926879883,-617.0,-610.0499877929688,-602.2999877929688,-584.75,-563.0,-541.0,-531.4000244140625,-513.9500122070312,-495.0
6048,-561.9400024414062,19.379714965820312,17.987260818481445,8.042812585830688,-561.9400024414062,-563.0,30.05788230895996,-617.0,-610.0499877929688,-602.2999877929688,-584.75,-563.0,-541.0,-531.4000244140625,-513.9500122070312,-495.0
6064,-562.0,19.378517150878906,17.997350692749023,7.9882166385650635,-562.0,-563.0,30.08321762084961,-617.0,-610.0499877929688,-602.2999877929688,-584.75,-563.0,-541.0,-531.4000244140625,-513.9500122070312,-495.0
6080,-562.0800170898438,19.384960174560547,18.01427459716797,7.947499990463257,-562.0800170898438,-563.0,30.02721405029297,-617.0,-610.0499877929688,-602.2999877929688,-584.75,-563.0,-541.0,-531.4000244140625,-513.9500122070312,-495.0
6096,-562.1199951171875,19.379039764404297,18.03212547302246,7.879727125167847,-562.1199951171875,-563.0,30.021085739135742,-617.0,-610.0499877929688,-602.2999877929688,-584.75,-563.0,-541.0,-531.4000244140625,-513.9500122070312,-495.0
6112,-562.1400146484375,19.35669708251953,18.031843185424805,7.791092395782471,-562.1400146484375,-563.5,30.021665573120117,-617.0,-610.0499877929688,-602.2999877929688,-584.75,-563.5,-541.0,-531.4000244140625,-513.9500122070312,-495.0
6128,-562.2000122070312,19.35750389099121,18.049516677856445,7.738134860992432,-562.2000122070312,-563.5,29.993331909179688,-617.0,-610.0499877929688,-602.2999877929688,-584.75,-563.5,-541.0,-531.4000244140625,-513.9500122070312,-495.0
6144,-562.2799682617188,19.34299087524414,18.049179077148438,7.681952476501465,-562.280029296875,-563.5,29.98802375793457,-617.0,-610.0499877929688,-602.2999877929688,-584.75,-563.5,-541.0,-531.4000244140625,-513.9500122070312,-495.0
6160,-562.2999877929688,19.33031463623047,18.059961318969727,7.6196608543396,-562.2999877929688,-563.5,29.991167068481445,-617.0,-610.0499877929688,-602.2999877929688,-584.75,-563.5,-541.0,-531.4000244140625,-513.9500122070312,-495.0
6176,-562.3599853515625,19.321979522705078,18.06467056274414,7.562579393386841,-562.3599853515625,-563.5,29.963150024414062,-617.0,-610.0499877929688,-602.2999877929688,-584.75,-563.5,-541.0,-531.4000244140625,-513.9500122070312,-495.0
6192,-562.3599853515625,19.308795928955078,18.06471824645996,7.506914854049683,-562.3599853515625,-563.5,29.963150024414062,-617.0,-610.0499877929688,-602.2999877929688,-584.75,-563.5,-541.0,-531.4000244140625,-513.9500122070312,-495.0
6208,-562.6400146484375,19.309242248535156,18.079240798950195,7.465273857116699,-562.6400146484375,-563.5,29.89432144165039,-617.0,-610.0499877929688,-602.2999877929688,-584.75,-563.5,-542.75,-531.4000244140625,-516.7999877929688,-495.0
6224,-562.719970703125,19.315486907958984,18.10138702392578,7.4163267612457275,-562.719970703125,-563.5,29.909223556518555,-617.0,-610.0499877929688,-602.2999877929688,-584.75,-563.5,-542.75,-531.4000244140625,-516.7999877929688,-495.0
6240,-562.7799682617188,19.283803939819336,18.080963134765625,7.354124307632446,-562.780029296875,-564.5,29.915740966796875,-617.0,-610.0499877929688,-602.2999877929688,-584.75,-564.5,-542.75,-531.4000244140625,-516.7999877929688,-495.0
6256,-562.8999633789062,19.26260757446289,18.080018997192383,7.293896198272705,-562.9000244140625,-564.5,29.895652770996094,-617.0,-610.0499877929688,-602.2999877929688,-584.75,-564.5,-542.75,-531.4000244140625,-516.7999877929688,-495.0
6272,-563.0,19.23758316040039,18.066587448120117,7.241994142532349,-563.0,-564.5,29.90986442565918,-617.0,-610.0499877929688,-603.2000122070312,-584.75,-564.5,-542.75,-531.4000244140625,-516.7999877929688,-495.0
6288,-563.0599975585938,19.215431213378906,18.055410385131836,7.18861985206604,-563.0599975585938,-564.5,29.828786849975586,-617.0,-610.0499877929688,-603.2000122070312,-584.75,-564.5,-542.75,-531.7000122070312,-516.9000244140625,-495.0
6304,-563.1400146484375,19.196868896484375,18.04582405090332,7.135822296142578,-563.1400146484375,-564.5,29.850635528564453,-617.0,-610.0499877929688,-603.2999877929688,-584.75,-564.5,-543.0,-531.7000122070312,-516.9000244140625,-495.0
6320,-563.1400146484375,19.188085556030273,18.047466278076172,7.091663599014282,-563.1400146484375,-564.5,29.850635528564453,-617.0,-610.0499877929688,-603.2999877929688,-584.75,-564.5,-543.0,-531.7000122070312,-516.9000244140625,-495.0
6336,-563.239990234375,19.168399810791016,18.03878402709961,7.026913166046143,-563.239990234375,-564.5,29.82117462158203,-617.0,-610.0499877929688,-603.2999877929688,-584.75,-564.5,-543.0,-531.7000122070312,-516.9000244140625,-495.0
6352,-563.2999877929688,19.153547286987305,18.03545379638672,6.97591233253479,-563.2999877929688,-564.5,29.850126266479492,-617.0,-610.0499877929688,-603.2999877929688,-584.75,-564.5,-543.0,-531.7000122070312,-516.9000244140625,-495.0
6368,-563.3599853515625,19.151479721069336,18.04631233215332,6.922781705856323,-563.3599853515625,-564.5,29.91304588317871,-617.0,-610.0499877929688,-603.2999877929688,-585.5,-564.5,-543.0,-531.7000122070312,-516.9000244140625,-495.0
6384,-563.3800048828125,19.11377716064453,18.024532318115234,6.864953279495239,-563.3800048828125,-564.5,29.895410537719727,-617.0,-610.0499877929688,-603.2999877929688,-585.5,-564.5,-543.0,-531.7000122070312,-516.9000244140625,-495.0
6400,-563.3999633789062,19.100431442260742,18.01669692993164,6.834597826004028,-563.4000244140625,-564.5,29.917219161987305,-617.0,-610.0499877929688,-603.2999877929688,-585.5,-564.5,-543.0,-531.7000122070312,-516.9000244140625,-495.0
6416,-563.4400024414062,19.06865119934082,17.998306274414062,6.782227516174316,-563.4400024414062,-564.5,29.883211135864258,-617.0,-610.0499877929688,-603.2999877929688,-585.5,-564.5,-543.0,-531.7000122070312,-516.9000244140625,-495.0
6432,-563.5599975585938,19.06978988647461,18.00015640258789,6.752959489822388,-563.5599975585938,-564.5,29.870494842529297,-617.0,-610.0499877929688,-603.2999877929688,-585.5,-564.5,-543.75,-531.7000122070312,-516.9000244140625,-495.0
6448,-563.6599731445312,19.055614471435547,17.98843002319336,6.716015577316284,-563.6599731445312,-564.5,29.89856719970703,-617.0,-610.0499877929688,-603.2999877929688,-585.5,-564.5,-543.75,-531.7000122070312,-516.9000244140625,-495.0
6464,-563.6599731445312,19.05669593811035,17.99371337890625,6.696213245391846,-563.6599731445312,-564.5,29.89856719970703,-617.0,-610.0499877929688,-603.2999877929688,-585.5,-564.5,-543.75,-531.7000122070312,-516.9000244140625,-495.0
6480,-563.760009765625,19.053085327148438,17.998455047607422,6.652063846588135,-563.760009765625,-564.5,29.864065170288086,-617.0,-610.0499877929688,-603.2999877929688,-585.5,-564.5,-544.0,-531.7000122070312,-516.9000244140625,-495.0
6496,-563.7999877929688,19.028554916381836,17.991262435913086,6.5923967361450195,-563.7999877929688,-564.5,29.871055603027344,-617.0,-610.0499877929688,-603.2999877929688,-585.5,-564.5,-544.0,-531.7000122070312,-516.9000244140625,-495.0
6512,-563.8200073242188,19.02764892578125,17.997709274291992,6.557673692703247,-563.8200073242188,-564.5,29.889925003051758,-617.0,-610.0499877929688,-603.2999877929688,-585.5,-564.5,-544.0,-531.7000122070312,-516.9000244140625,-495.0
6528,-563.8999633789062,19.01894760131836,18.003032684326172,6.508625030517578,-563.9000244140625,-564.5,29.894315719604492,-617.0,-610.0499877929688,-603.2999877929688,-585.5,-564.5,-544.0,-531.7000122070312,-516.9000244140625,-495.0
6544,-563.9400024414062,19.023338317871094,18.020145416259766,6.457940578460693,-563.9400024414062,-564.5,29.967924118041992,-617.0399780273438,-610.0499877929688,-603.2999877929688,-585.5,-564.5,-544.0,-531.7000122070312,-516.9000244140625,-495.0
6560,-564.0,19.028425216674805,18.03403091430664,6.422373294830322,-564.0,-566.0,29.953964233398438,-617.0399780273438,-610.0499877929688,-603.2999877929688,-585.5,-566.0,-544.0,-531.7000122070312,-516.9000244140625,-495.0
6576,-564.0599975585938,19.00884246826172,18.026859283447266,6.374388933181763,-564.0599975585938,-566.0,29.90779685974121,-617.0399780273438,-610.0499877929688,-603.2999877929688,-585.5,-566.0,-544.75,-531.7000122070312,-516.9000244140625,-495.0
6592,-564.2000122070312,18.9837646484375,18.012298583984375,6.315502405166626,-564.2000122070312,-566.0,30.001998901367188,-617.0800170898438,-610.0499877929688,-603.2999877929688,-587.25,-566.0,-545.0,-531.7000122070312,-516.9000244140625,-495.0
6608,-564.239990234375,18.955799102783203,17.989736557006836,6.2788145542144775,-564.239990234375,-566.0,30.044340133666992,-617.0800170898438,-610.0499877929688,-603.2999877929688,-587.25,-566.0,-545.0,-531.7000122070312,-516.9000244140625,-495.0
6624,-564.3999633789062,18.954219818115234,17.99673843383789,6.237096786499023,-564.4000244140625,-566.0,29.996665954589844,-617.0800170898438,-610.0499877929688,-603.2999877929688,-587.25,-566.0,-545.0,-531.7000122070312,-516.9000244140625,-495.0
6640,-564.4199829101562,18.948705673217773,17.998659133911133,6.191679239273071,-564.4199829101562,-566.0,29.98438835144043,-617.0800170898438,-610.0499877929688,-603.2999877929688,-587.25,-566.0,-545.0,-531.7000122070312,-516.9000244140625,-495.0
6656,-564.6400146484375,18.970500946044922,18.025508880615234,6.156317710876465,-564.6400146484375,-566.0,29.971826553344727,-617.0800170898438,-610.0499877929688,-603.2999877929688,-587.25,-566.0,-545.0,-531.7000122070312,-516.9000244140625,-495.0
6672,-564.719970703125,18.960895538330078,18.021047592163086,6.114129066467285,-564.719970703125,-566.0,29.971345901489258,-617.0800170898438,-610.0499877929688,-603.2999877929688,-587.25,-566.0,-545.0,-531.7000122070312,-516.9000244140625,-495.0
6688,-564.8399658203125,18.959686279296875,18.022382736206055,6.0844855308532715,-564.8400268554688,-567.0,29.988237380981445,-617.0800170898438,-610.0499877929688,-603.2999877929688,-587.25,-567.0,-545.0,-531.7000122070312,-516.9000244140625,-495.0
6704,-564.9599609375,18.9824275970459,18.05492401123047,6.0445473194122314,-564.9600219726562,-567.0,29.950597763061523,-617.0800170898438,-610.0499877929688,-603.2999877929688,-587.25,-567.0,-545.75,-531.7000122070312,-516.9000244140625,-495.0
6720,-564.97998046875,18.976612091064453,18.05337905883789,6.014718055725098,-564.97998046875,-567.0,29.96864128112793,-617.0800170898438,-610.0499877929688,-603.2999877929688,-587.25,-567.0,-545.75,-531.7000122070312,-516.9000244140625,-495.0
6736,-565.1199951171875,18.9726505279541,18.06032371520996,5.979445219039917,-565.1199951171875,-567.0,29.95572853088379,-617.0800170898438,-610.0499877929688,-603.2999877929688,-587.25,-567.0,-545.75,-531.7000122070312,-516.9000244140625,-495.0
6752,-565.1400146484375,18.957714080810547,18.058073043823242,5.94299840927124,-565.1400146484375,-567.0,29.9362735748291,-617.0800170898438,-610.0499877929688,-603.2999877929688,-587.25,-567.0,-545.75,-531.7000122070312,-516.9000244140625,-495.0
6768,-565.260009765625,18.95549201965332,18.066471099853516,5.90838360786438,-565.260009765625,-567.0,29.929458618164062,-617.0800170898438,-610.0499877929688,-603.2999877929688,-587.25,-567.0,-545.75,-531.7000122070312,-516.9000244140625,-495.0
6784,-565.2999877929688,18.951656341552734,18.068681716918945,5.881132125854492,-565.2999877929688,-567.0,29.907690048217773,-617.0800170898438,-610.0499877929688,-603.2999877929688,-587.25,-567.0,-545.75,-531.7000122070312,-516.9000244140625,-495.0
6800,-565.3599853515625,18.938119888305664,18.060306549072266,5.843165636062622,-565.3599853515625,-567.0,29.90502166748047,-617.0800170898438,-610.0499877929688,-603.2999877929688,-587.25,-567.0,-545.75,-531.7000122070312,-516.9000244140625,-495.0
6816,-565.6199951171875,18.92066764831543,18.0518798828125,5.816946029663086,-565.6199951171875,-567.0,29.94821548461914,-617.0800170898438,-611.0,-606.0999755859375,-587.25,-567.0,-546.75,-531.7000122070312,-516.9000244140625,-495.0
6832,-565.6599731445312,18.910024642944336,18.061391830444336,5.762344837188721,-565.6599731445312,-567.0,29.946691513061523,-617.0800170898438,-611.0,-606.0999755859375,-587.25,-567.0,-546.75,-531.7000122070312,-516.9000244140625,-495.0
6848,-565.760009765625,18.913806915283203,18.081493377685547,5.7220683097839355,-565.760009765625,-567.0,29.97502899169922,-617.0800170898438,-611.0,-606.0999755859375,-587.25,-567.0,-546.75,-531.7000122070312,-516.9000244140625,-495.0
6864,-565.7799682617188,18.910011291503906,18.09113883972168,5.6864235401153564,-565.780029296875,-567.0,29.987857818603516,-617.0800170898438,-611.0,-606.0999755859375,-587.25,-567.0,-546.75,-531.7000122070312,-516.9000244140625,-495.0
6880,-565.8399658203125,18.887357711791992,18.081336975097656,5.646142959594727,-565.8400268554688,-567.0,30.0075740814209,-617.0800170898438,-611.0,-606.0999755859375,-587.25,-567.0,-546.75,-531.7000122070312,-516.9000244140625,-495.0
6896,-565.97998046875,18.879404067993164,18.081510543823242,5.61314582824707,-565.97998046875,-567.0,29.92322540283203,-617.0800170898438,-611.0,-606.0999755859375,-587.25,-567.0,-546.75,-531.7000122070312,-516.9000244140625,-495.0
6912,-566.0399780273438,18.877525329589844,18.08498764038086,5.574975490570068,-566.0399780273438,-567.0,29.963951110839844,-617.0800170898438,-611.0,-606.0999755859375,-588.25,-567.0,-546.75,-531.7000122070312,-516.9000244140625,-495.0
6928,-566.1599731445312,18.8763370513916,18.085338592529297,5.543599605560303,-566.1599731445312,-568.0,30.01290512084961,-617.0800170898438,-611.0,-606.0999755859375,-588.25,-568.0,-546.75,-531.7000122070312,-516.9000244140625,-495.0
6944,-566.260009765625,18.86577033996582,18.079870223999023,5.527193546295166,-566.260009765625,-568.0,30.000205993652344,-617.0800170898438,-611.0,-606.0999755859375,-588.25,-568.0,-546.75,-531.7000122070312,-516.9000244140625,-495.0
6960,-566.2799682617188,18.859159469604492,18.07404899597168,5.506018877029419,-566.280029296875,-568.0,29.987354278564453,-617.0800170898438,-611.0,-606.0999755859375,-588.25,-568.0,-547.75,-531.7000122070312,-516.9000244140625,-495.0
6976,-566.3200073242188,18.856122970581055,18.07522201538086,5.476229190826416,-566.3200073242188,-568.0,29.980283737182617,-617.0800170898438,-611.0,-606.0999755859375,-588.25,-568.0,-547.75,-531.7000122070312,-516.9000244140625,-495.0
6992,-566.47998046875,18.8398494720459,18.05579376220703,5.45751953125,-566.47998046875,-568.0,30.05943489074707,-617.0800170898438,-611.0,-606.0999755859375,-588.25,-568.0,-547.75,-531.7000122070312,-516.9000244140625,-495.0
7008,-566.5800170898438,18.84363555908203,18.06995391845703,5.4083287715911865,-566.5800170898438,-568.0,30.025049209594727,-617.0800170898438,-611.0,-606.0999755859375,-588.25,-568.0,-547.75,-531.7000122070312,-516.9000244140625,-495.0
7024,-566.7000122070312,18.843669891357422,18.07689666748047,5.375434637069702,-566.7000122070312,-568.5,30.03647804260254,-617.0800170898438,-611.0,-607.2000122070312,-588.25,-568.5,-547.75,-531.7000122070312,-516.9000244140625,-495.0
7040,-566.7799682617188,18.840877532958984,18.08063507080078,5.3283209800720215,-566.780029296875,-568.5,30.005189895629883,-617.0800170898438,-611.0,-607.2000122070312,-588.25,-568.5,-547.75,-531.7000122070312,-516.9000244140625,-495.0
7056,-566.9199829101562,18.824209213256836,18.07404899597168,5.306626558303833,-566.9199829101562,-569.0,29.972545623779297,-617.0800170898438,-611.0,-607.2000122070312,-588.25,-569.0,-549.25,-531.7000122070312,-516.9000244140625,-495.0
7072,-566.9599609375,18.807846069335938,18.067073822021484,5.26774525642395,-566.9600219726562,-569.0,29.972627639770508,-617.0800170898438,-611.0,-607.2000122070312,-588.25,-569.0,-549.25,-531.7000122070312,-516.9000244140625,-495.0
7088,-567.0800170898438,18.80412483215332,18.068761825561523,5.236473321914673,-567.0800170898438,-569.5,29.99188995361328,-617.0800170898438,-611.0,-607.2000122070312,-588.25,-569.5,-549.25,-531.9000244140625,-516.9000244140625,-495.0
7104,-567.0999755859375,18.804346084594727,18.076066970825195,5.20612359046936,-567.0999755859375,-569.5,29.99516487121582,-617.0800170898438,-611.0,-607.2000122070312,-588.25,-569.5,-549.25,-531.9000244140625,-516.9000244140625,-495.0
7120,-567.1799926757812,18.790451049804688,18.07474136352539,5.1671977043151855,-567.1799926757812,-569.5,30.006126403808594,-617.0800170898438,-611.0,-607.2000122070312,-588.25,-569.5,-549.25,-531.9000244140625,-516.9000244140625,-495.0
7136,-567.3999633789062,18.787336349487305,18.076004028320312,5.1368513107299805,-567.4000244140625,-569.5,30.027318954467773,-617.0800170898438,-611.2000122070312,-607.2000122070312,-588.25,-569.5,-549.5,-531.9000244140625,-516.9000244140625,-495.0
7152,-567.4199829101562,18.758024215698242,18.059595108032227,5.0851945877075195,-567.4199829101562,-569.5,30.045026779174805,-617.0800170898438,-611.2000122070312,-607.2000122070312,-588.25,-569.5,-549.5,-531.9000244140625,-516.9000244140625,-495.0
7168,-567.4599609375,18.756385803222656,18.063941955566406,5.058900594711304,-567.4600219726562,-569.5,30.027795791625977,-617.0800170898438,-611.2000122070312,-607.2000122070312,-588.25,-569.5,-549.5,-531.9000244140625,-516.9000244140625,-495.0
7184,-567.5199584960938,18.75617790222168,18.066368103027344,5.04289436340332,-567.52001953125,-569.5,30.059436798095703,-617.0800170898438,-611.2000122070312,-607.2000122070312,-589.0,-569.5,-549.5,-531.9000244140625,-516.9000244140625,-495.0
7200,-567.5599975585938,18.74496078491211,18.059465408325195,5.00712513923645,-567.5599975585938,-569.5,30.068029403686523,-617.0800170898438,-611.2000122070312,-607.2000122070312,-589.0,-569.5,-549.5,-531.9000244140625,-516.9000244140625,-495.0
7216,-567.5999755859375,18.723251342773438,18.04334831237793,4.970810413360596,-567.5999755859375,-569.5,30.099166870117188,-617.0800170898438,-611.2000122070312,-607.2000122070312,-589.25,-569.5,-549.5,-531.9000244140625,-516.9000244140625,-495.0
7232,-567.5999755859375,18.72183609008789,18.04802131652832,4.942963123321533,-567.5999755859375,-569.5,30.099166870117188,-617.0800170898438,-611.2000122070312,-607.2000122070312,-589.25,-569.5,-549.5,-531.9000244140625,-516.9000244140625,-495.0
7248,-567.6599731445312,18.72412872314453,18.04808807373047,4.9171648025512695,-567.6599731445312,-569.5,30.11186408996582,-617.0800170898438,-611.2000122070312,-607.2000122070312,-589.25,-569.5,-549.75,-531.9000244140625,-516.9000244140625,-495.0
7264,-567.7000122070312,18.702054977416992,18.030420303344727,4.897436857223511,-567.7000122070312,-569.5,30.156755447387695,-617.0800170898438,-611.2000122070312,-607.2000122070312,-589.25,-569.5,-549.75,-531.9000244140625,-516.9000244140625,-495.0
7280,-567.760009765625,18.69168472290039,18.028356552124023,4.864875316619873,-567.760009765625,-569.5,30.203020095825195,-617.0800170898438,-611.2000122070312,-607.2000122070312,-590.75,-569.5,-549.75,-531.9000244140625,-516.9000244140625,-495.0
7296,-567.760009765625,18.684396743774414,18.02808952331543,4.8324875831604,-567.760009765625,-569.5,30.203020095825195,-617.0800170898438,-611.2000122070312,-607.2000122070312,-590.75,-569.5,-549.75,-531.9000244140625,-516.9000244140625,-495.0
7312,-567.760009765625,18.70185089111328,18.049335479736328,4.800565958023071,-567.760009765625,-569.5,30.203020095825195,-617.0800170898438,-611.2000122070312,-607.2000122070312,-590.75,-569.5,-549.75,-531.9000244140625,-516.9000244140625,-495.0
7328,-567.8999633789062,18.701391220092773,18.056848526000977,4.761491537094116,-567.9000244140625,-569.5,30.11162757873535,-617.0800170898438,-611.2000122070312,-607.2000122070312,-590.75,-569.5,-550.0,-531.9000244140625,-516.9000244140625,-495.0
7344,-567.9199829101562,18.69491958618164,18.056251525878906,4.730584621429443,-567.9199829101562,-570.0,30.112350463867188,-617.0800170898438,-611.2000122070312,-607.2000122070312,-590.75,-570.0,-550.0,-531.9000244140625,-516.9000244140625,-495.0
7360,-567.97998046875,18.67929458618164,18.04341697692871,4.710126161575317,-567.97998046875,-570.0,30.13833999633789,-617.0800170898438,-611.2000122070312,-607.2000122070312,-590.75,-570.0,-550.0,-531.9000244140625,-516.9000244140625,-495.0
7376,-568.0399780273438,18.68282127380371,18.053482055664062,4.681414604187012,-568.0399780273438,-570.0,30.102466583251953,-617.0800170898438,-611.2000122070312,-607.2000122070312,-590.75,-570.0,-550.75,-531.9000244140625,-516.9000244140625,-495.0
7392,-568.0399780273438,18.673564910888672,18.048337936401367,4.639960289001465,-568.0399780273438,-570.0,30.102466583251953,-617.0800170898438,-611.2000122070312,-607.2000122070312,-590.75,-570.0,-550.75,-531.9000244140625,-516.9000244140625,-495.0
7408,-568.1599731445312,18.664676666259766,18.04766845703125,4.6067726612091064,-568.1599731445312,-570.0,30.11734390258789,-617.0800170898438,-611.2000122070312,-607.2000122070312,-590.75,-570.0,-550.75,-531.9000244140625,-516.9000244140625,-495.0
7424,-568.1799926757812,18.672340393066406,18.05748176574707,4.586406707763672,-568.1799926757812,-570.0,30.11258316040039,-617.0800170898438,-611.2000122070312,-607.2000122070312,-590.75,-570.0,-550.75,-531.9000244140625,-516.9000244140625,-495.0
7440,-568.2000122070312,18.6610050201416,18.052854537963867,4.562232494354248,-568.2000122070312,-570.0,30.101163864135742,-617.0800170898438,-611.2000122070312,-607.2000122070312,-590.75,-570.0,-551.0,-531.9000244140625,-516.9000244140625,-495.0
7456,-568.260009765625,18.666053771972656,18.06440544128418,4.538502931594849,-568.260009765625,-570.0,30.156463623046875,-619.0399780273438,-611.2000122070312,-607.2000122070312,-590.75,-570.0,-551.0,-531.9000244140625,-516.9000244140625,-495.0
7472,-568.260009765625,18.68191146850586,18.08526611328125,4.5150487422943115,-568.260009765625,-570.0,30.156463623046875,-619.0399780273438,-611.2000122070312,-607.2000122070312,-590.75,-570.0,-551.0,-531.9000244140625,-516.9000244140625,-495.0
7488,-568.3399658203125,18.67532730102539,18.08601188659668,4.48486065864563,-568.3400268554688,-570.0,30.216623306274414,-619.0399780273438,-611.2000122070312,-607.2000122070312,-593.0,-570.0,-551.0,-531.9000244140625,-516.9000244140625,-495.0
7504,-568.3999633789062,18.687381744384766,18.09902572631836,4.468932151794434,-568.4000244140625,-570.0,30.162227630615234,-619.0399780273438,-611.2000122070312,-607.2000122070312,-593.0,-570.0,-551.0,-531.9000244140625,-516.9000244140625,-495.0
7520,-568.4400024414062,18.704254150390625,18.117433547973633,4.448526859283447,-568.4400024414062,-570.0,30.148406982421875,-619.0399780273438,-611.2000122070312,-607.2000122070312,-593.0,-570.0,-551.0,-531.9000244140625,-516.9000244140625,-495.0
7536,-568.47998046875,18.706266403198242,18.12173843383789,4.417405366897583,-568.47998046875,-570.0,30.135852813720703,-619.0399780273438,-611.2000122070312,-607.2000122070312,-593.0,-570.0,-551.0,-531.9000244140625,-516.9000244140625,-496.9599914550781
7552,-568.5,18.698076248168945,18.118959426879883,4.389807462692261,-568.5,-570.0,30.130218505859375,-619.0399780273438,-611.2000122070312,-607.2000122070312,-593.0,-570.0,-551.0,-531.9000244140625,-516.9000244140625,-496.9599914550781
7568,-568.5,18.708263397216797,18.13225746154785,4.379784822463989,-568.5,-570.0,30.130218505859375,-619.0399780273438,-611.2000122070312,-607.2000122070312,-593.0,-570.0,-551.0,-531.9000244140625,-516.9000244140625,-496.9599914550781
7584,-568.5599975585938,18.709823608398438,18.13617515563965,4.360911130905151,-568.5599975585938,-570.5,30.109905242919922,-619.0399780273438,-611.2000122070312,-607.2000122070312,-593.0,-570.5,-552.0,-531.9000244140625,-516.9000244140625,-496.9599914550781
7600,-568.5599975585938,18.692394256591797,18.122217178344727,4.32179069519043,-568.5599975585938,-570.5,30.109905242919922,-619.0399780273438,-611.2000122070312,-607.2000122070312,-593.0,-570.5,-552.0,-531.9000244140625,-516.9000244140625,-496.9599914550781
7616,-568.6199951171875,18.687959671020508,18.1221981048584,4.288461208343506,-568.6199951171875,-570.5,30.10474395751953,-619.0399780273438,-611.2000122070312,-607.2000122070312,-593.0,-570.5,-552.0,-531.9000244140625,-516.9000244140625,-496.9599914550781
7632,-568.719970703125,18.714248657226562,18.150650024414062,4.264775037765503,-568.719970703125,-571.0,30.095211029052734,-619.0399780273438,-611.2000122070312,-607.2000122070312,-593.0,-571.0,-552.0,-531.9000244140625,-516.9000244140625,-496.9599914550781
7648,-568.719970703125,18.719440460205078,18.16187286376953,4.238901615142822,-568.719970703125,-571.0,30.095211029052734,-619.0399780273438,-611.2000122070312,-607.2000122070312,-593.0,-571.0,-552.0,-531.9000244140625,-516.9000244140625,-496.9599914550781
7664,-568.8399658203125,18.716142654418945,18.160858154296875,4.228230953216553,-568.8400268554688,-571.0,30.158489227294922,-619.0399780273438,-611.2000122070312,-607.2000122070312,-593.25,-571.0,-552.0,-531.9000244140625,-516.9000244140625,-496.9599914550781
7680,-568.8800048828125,18.70216178894043,18.15240478515625,4.208347797393799,-568.8800048828125,-571.0,30.13346290588379,-619.0399780273438,-611.2000122070312,-607.2000122070312,-593.25,-571.0,-552.0,-531.9000244140625,-516.9000244140625,-496.9599914550781
7696,-568.9400024414062,18.70700454711914,18.160388946533203,4.191850662231445,-568.9400024414062,-571.0,30.134305953979492,-619.0399780273438,-611.2000122070312,-607.2000122070312,-593.25,-571.0,-552.75,-531.9000244140625,-516.9000244140625,-496.9599914550781
7712,-569.0199584960938,18.702892303466797,18.16070556640625,4.175134658813477,-569.02001953125,-571.0,30.145639419555664,-619.0399780273438,-611.2000122070312,-607.2000122070312,-593.25,-571.0,-552.75,-531.9000244140625,-516.9000244140625,-496.9599914550781
7728,-569.0399780273438,18.68990135192871,18.148603439331055,4.15366792678833,-569.0399780273438,-571.0,30.16750717163086,-619.0399780273438,-611.2000122070312,-607.2000122070312,-593.25,-571.0,-552.75,-531.9000244140625,-516.9000244140625,-496.9599914550781
7744,-569.0599975585938,18.706403732299805,18.170326232910156,4.130992650985718,-569.0599975585938,-571.0,30.18073081970215,-619.0399780273438,-611.2000122070312,-607.2000122070312,-593.25,-571.0,-552.75,-531.9000244140625,-516.9000244140625,-496.9599914550781
7760,-569.1199951171875,18.695762634277344,18.16265869140625,4.104872941970825,-569.1199951171875,-571.0,30.185850143432617,-619.0399780273438,-611.2000122070312,-607.2000122070312,-593.25,-571.0,-552.75,-531.9000244140625,-516.9000244140625,-496.9599914550781
7776,-569.1599731445312,18.705211639404297,18.174882888793945,4.086103200912476,-569.1599731445312,-571.0,30.190967559814453,-619.0399780273438,-611.2000122070312,-607.2000122070312,-593.25,-571.0,-552.75,-531.9000244140625,-516.9000244140625,-496.9599914550781
7792,-569.1799926757812,18.70350456237793,18.17677879333496,4.0628883838653564,-569.1799926757812,-571.0,30.178264617919922,-619.0399780273438,-611.2000122070312,-607.2000122070312,-593.25,-571.0,-552.75,-531.9000244140625,-516.9000244140625,-496.9599914550781
7808,-569.239990234375,18.69525146484375,18.168474197387695,4.048173904418945,-569.239990234375,-571.0,30.16790199279785,-619.0399780273438,-611.2000122070312,-607.2000122070312,-593.25,-571.0,-552.75,-531.9000244140625,-516.9000244140625,-496.9599914550781
7824,-569.3399658203125,18.675395965576172,18.158742904663086,4.020636677742004,-569.3400268554688,-571.0,30.17091941833496,-619.0399780273438,-611.2000122070312,-607.2000122070312,-593.25,-571.0,-552.75,-531.9000244140625,-516.9000244140625,-496.9599914550781
7840,-569.3800048828125,18.661027908325195,18.14946937561035,3.9936329126358032,-569.3800048828125,-571.0,30.207542419433594,-619.0399780273438,-611.2000122070312,-607.2000122070312,-593.25,-571.0,-552.75,-531.9000244140625,-516.9000244140625,-496.9599914550781
7856,-569.3999633789062,18.641958236694336,18.133878707885742,3.961880087852478,-569.4000244140625,-571.0,30.21257972717285,-619.0399780273438,-611.2000122070312,-607.2000122070312,-593.25,-571.0,-552.75,-531.9000244140625,-516.9000244140625,-496.9599914550781
7872,-569.4199829101562,18.636816024780273,18.131189346313477,3.9309988021850586,-569.4199829101562,-571.0,30.21760368347168,-619.0399780273438,-611.2000122070312,-607.2000122070312,-593.25,-571.0,-552.75,-531.9000244140625,-516.9000244140625,-496.9599914550781
7888,-569.4199829101562,18.633878707885742,18.130413055419922,3.925481677055359,-569.4199829101562,-571.0,30.21760368347168,-619.0399780273438,-611.2000122070312,-607.2000122070312,-593.25,-571.0,-552.75,-531.9000244140625,-516.9000244140625,-496.9599914550781
7904,-569.5,18.63909149169922,18.142526626586914,3.897652506828308,-569.5,-571.0,30.185924530029297,-619.0399780273438,-611.2000122070312,-607.2000122070312,-593.25,-571.0,-552.75,-531.9000244140625,-516.9000244140625,-496.9599914550781
7920,-569.5599975585938,18.62404441833496,18.131385803222656,3.88821542263031,-569.5599975585938,-571.0,30.2027530670166,-619.0399780273438,-611.2000122070312,-607.2000122070312,-593.25,-571.0,-552.75,-531.9000244140625,-516.9000244140625,-496.9599914550781
7936,-569.5599975585938,18.628252029418945,18.139850616455078,3.8629387617111206,-569.5599975585938,-571.0,30.2027530670166,-619.0399780273438,-611.2000122070312,-607.2000122070312,-593.25,-571.0,-552.75,-531.9000244140625,-516.9000244140625,-496.9599914550781
7952,-569.5999755859375,18.622222900390625,18.14470672607422,3.832387924194336,-569.5999755859375,-571.0,30.192712783813477,-619.0399780273438,-611.2000122070312,-607.2000122070312,-593.25,-571.0,-552.75,-531.9000244140625,-516.9000244140625,-496.9599914550781
7968,-569.7000122070312,18.61102294921875,18.137113571166992,3.8074299097061157,-569.7000122070312,-571.0,30.14946174621582,-619.0399780273438,-611.2000122070312,-607.2000122070312,-593.25,-571.0,-552.75,-534.7000122070312,-516.9000244140625,-496.9599914550781
7984,-569.8200073242188,18.61503028869629,18.14189910888672,3.7868577241897583,-569.8200073242188,-571.0,30.286754608154297,-619.0399780273438,-613.0999755859375,-609.0,-593.25,-571.0,-552.75,-534.7000122070312,-516.9000244140625,-496.9599914550781
8000,-569.8200073242188,18.620397567749023,18.154890060424805,3.76893150806427,-569.8200073242188,-571.0,30.286754608154297,-619.0399780273438,-613.0999755859375,-609.0,-593.25,-571.0,-552.75,-534.7000122070312,-516.9000244140625,-496.9599914550781
8016,-569.8200073242188,18.62200164794922,18.156904220581055,3.7428622245788574,-569.8200073242188,-571.0,30.286754608154297,-619.0399780273438,-613.0999755859375,-609.0,-593.25,-571.0,-552.75,-534.7000122070312,-516.9000244140625,-496.9599914550781
8032,-569.8200073242188,18.63107681274414,18.16925811767578,3.7239731550216675,-569.8200073242188,-571.0,30.286754608154297,-619.0399780273438,-613.0999755859375,-609.0,-593.25,-571.0,-552.75,-534.7000122070312,-516.9000244140625,-496.9599914550781
8048,-569.8399658203125,18.64402961730957,18.184789657592773,3.7050044536590576,-569.8400268554688,-571.0,30.283565521240234,-619.0399780273438,-613.0999755859375,-609.0,-593.25,-571.0,-552.75,-534.7000122070312,-516.9000244140625,-496.9599914550781
8064,-569.8599853515625,18.660858154296875,18.207012176513672,3.6992945671081543,-569.8599853515625,-571.0,30.304790496826172,-619.0399780273438,-613.0999755859375,-609.0,-593.25,-571.0,-552.75,-534.7000122070312,-516.9000244140625,-496.9599914550781
8080,-569.8999633789062,18.653087615966797,18.20217514038086,3.673959255218506,-569.9000244140625,-571.0,30.297027587890625,-619.0399780273438,-613.0999755859375,-609.0,-593.25,-571.0,-552.75,-534.7000122070312,-516.9000244140625,-496.9599914550781
8096,-570.0199584960938,18.64223861694336,18.19510841369629,3.647794723510742,-570.02001953125,-571.0,30.340723037719727,-619.0399780273438,-613.0999755859375,-609.0,-593.25,-571.0,-552.75,-534.7000122070312,-516.9000244140625,-496.9599914550781
8112,-570.0199584960938,18.656295776367188,18.21108627319336,3.635661005973816,-570.02001953125,-571.0,30.340723037719727,-619.0399780273438,-613.0999755859375,-609.0,-593.25,-571.0,-552.75,-534.7000122070312,-516.9000244140625,-496.9599914550781
8128,-570.0800170898438,18.648475646972656,18.207143783569336,3.620194435119629,-570.0800170898438,-571.0,30.343263626098633,-619.0399780273438,-613.0999755859375,-609.0,-593.25,-571.0,-552.75,-534.7000122070312,-516.9000244140625,-496.9599914550781
8144,-570.0999755859375,18.656179428100586,18.218236923217773,3.6149322986602783,-570.0999755859375,-571.0,30.334632873535156,-619.0399780273438,-613.0999755859375,-609.0,-593.25,-571.0,-552.75,-534.7000122070312,-516.9000244140625,-496.9599914550781
8160,-570.1799926757812,18.649805068969727,18.21641731262207,3.593490958213806,-570.1799926757812,-571.0,30.389596939086914,-619.0399780273438,-613.0999755859375,-609.0,-594.25,-571.0,-552.75,-534.7000122070312,-516.9000244140625,-496.9599914550781
8176,-570.2000122070312,18.64070701599121,18.21412467956543,3.5698410272598267,-570.2000122070312,-571.0,30.36708641052246,-619.0399780273438,-613.0999755859375,-609.0,-594.25,-571.0,-552.75,-536.5,-516.9000244140625,-496.9599914550781
8192,-570.2000122070312,18.63924789428711,18.217628479003906,3.5486018657684326,-570.2000122070312,-571.0,30.36708641052246,-619.0399780273438,-613.0999755859375,-609.0,-594.25,-571.0,-552.75,-536.5,-516.9000244140625,-496.9599914550781
8208,-570.239990234375,18.641733169555664,18.221742630004883,3.530539393424988,-570.239990234375,-571.0,30.42207145690918,-619.0399780273438,-614.0499877929688,-609.0,-594.25,-571.0,-552.75,-536.5,-516.9000244140625,-496.9599914550781
8224,-570.260009765625,18.642488479614258,18.218875885009766,3.512914776802063,-570.260009765625,-571.0,30.412700653076172,-619.0399780273438,-614.0499877929688,-609.0,-594.25,-571.0,-552.75,-536.5,-516.9000244140625,-496.9599914550781
8240,-570.260009765625,18.65435028076172,18.232118606567383,3.4934686422348022,-570.260009765625,-571.0,30.412700653076172,-619.0399780273438,-614.0499877929688,-609.0,-594.25,-571.0,-552.75,-536.5,-516.9000244140625,-496.9599914550781
8256,-570.260009765625,18.655832290649414,18.243303298950195,3.4653111696243286,-570.260009765625,-571.0,30.412700653076172,-619.0399780273438,-614.0499877929688,-609.0,-594.25,-571.0,-552.75,-536.5,-516.9000244140625,-496.9599914550781
8272,-570.2799682617188,18.657312393188477,18.247989654541016,3.43852436542511,-570.280029296875,-571.0,30.41054916381836,-619.0399780273438,-614.0499877929688,-609.0,-594.25,-571.0,-552.75,-536.5,-516.9000244140625,-496.9599914550781
8288,-570.2999877929688,18.683629989624023,18.277585983276367,3.425390362739563,-570.2999877929688,-571.0,30.42613983154297,-619.0399780273438,-614.0499877929688,-609.0,-595.0,-571.0,-552.75,-536.5,-516.9000244140625,-496.9599914550781
8304,-570.2999877929688,18.69234848022461,18.285947799682617,3.4025800228118896,-570.2999877929688,-571.0,30.42613983154297,-619.0399780273438,-614.0499877929688,-609.0,-595.0,-571.0,-552.75,-536.5,-516.9000244140625,-496.9599914550781
8320,-570.2999877929688,18.67967414855957,18.27300262451172,3.387247681617737,-570.2999877929688,-571.0,30.42613983154297,-619.0399780273438,-614.0499877929688,-609.0,-595.0,-571.0,-552.75,-536.5,-516.9000244140625,-496.9599914550781
8336,-570.2999877929688,18.675369262695312,18.26703643798828,3.3719120025634766,-570.2999877929688,-571.0,30.42613983154297,-619.0399780273438,-614.0499877929688,-609.0,-595.0,-571.0,-552.75,-536.5,-516.9000244140625,-496.9599914550781
8352,-570.3200073242188,18.6726016998291,18.2716121673584,3.3556755781173706,-570.3200073242188,-571.0,30.419361114501953,-619.0399780273438,-614.0499877929688,-609.0,-595.0,-571.0,-552.75,-536.5,-516.9000244140625,-496.9599914550781
8368,-570.3800048828125,18.676555633544922,18.278545379638672,3.3433778285980225,-570.3800048828125,-571.0,30.406835556030273,-619.0399780273438,-615.0,-609.0,-595.0,-571.0,-552.75,-537.4000244140625,-516.9000244140625,-496.9599914550781
8384,-570.4400024414062,18.664020538330078,18.273969650268555,3.314047932624817,-570.4400024414062,-571.0,30.374435424804688,-619.0399780273438,-615.0,-609.0,-595.0,-571.0,-553.0,-537.4000244140625,-516.9000244140625,-496.9599914550781
8400,-570.4400024414062,18.661802291870117,18.27525520324707,3.2941250801086426,-570.4400024414062,-571.0,30.374435424804688,-619.0399780273438,-615.0,-609.0,-595.0,-571.0,-553.0,-537.4000244140625,-516.9000244140625,-496.9599914550781
8416,-570.4400024414062,18.65302848815918,18.26951026916504,3.284174084663391,-570.4400024414062,-571.0,30.374435424804688,-619.0399780273438,-615.0,-609.0,-595.0,-571.0,-553.0,-537.4000244140625,-516.9000244140625,-496.9599914550781
8432,-570.4599609375,18.647096633911133,18.268064498901367,3.266547918319702,-570.4600219726562,-571.0,30.390596389770508,-619.0399780273438,-615.0,-609.0,-595.0,-571.0,-553.0,-537.4000244140625,-516.9000244140625,-496.9599914550781
8448,-570.4599609375,18.65607261657715,18.282434463500977,3.2440115213394165,-570.4600219726562,-571.0,30.390596389770508,-619.0399780273438,-615.0,-609.0,-595.0,-571.0,-553.0,-537.4000244140625,-516.9000244140625,-496.9599914550781
8464,-570.5,18.666427612304688,18.292476654052734,3.2295607328414917,-570.5,-571.0,30.387990951538086,-619.0399780273438,-615.0,-609.0,-595.0,-571.0,-553.0,-537.4000244140625,-516.9000244140625,-496.9599914550781
8480,-570.5199584960938,18.67721176147461,18.307153701782227,3.212050676345825,-570.52001953125,-571.0,30.394895553588867,-619.0399780273438,-615.0,-609.0,-595.0,-571.0,-553.0,-537.4000244140625,-516.9000244140625,-496.9599914550781
8496,-570.5599975585938,18.67019271850586,18.30550193786621,3.192231297492981,-570.5599975585938,-571.0,30.432323455810547,-619.0399780273438,-615.0,-609.0,-595.0,-571.0,-553.0,-537.4000244140625,-516.9000244140625,-496.9599914550781
8512,-570.6400146484375,18.66254425048828,18.29711151123047,3.1821640729904175,-570.6400146484375,-571.0,30.40181541442871,-619.0399780273438,-615.0,-609.0,-595.0,-571.0,-553.75,-537.4000244140625,-516.9000244140625,-496.9599914550781
8528,-570.6599731445312,18.652097702026367,18.28877830505371,3.1668044328689575,-570.6599731445312,-571.0,30.39809799194336,-619.0399780273438,-615.0,-609.0,-595.0,-571.0,-553.75,-537.4000244140625,-516.9000244140625,-496.9599914550781
8544,-570.719970703125,18.633880615234375,18.27200698852539,3.162511706352234,-570.719970703125,-571.0,30.417125701904297,-619.0399780273438,-615.0,-609.0,-595.0,-571.0,-553.75,-537.4000244140625,-516.9000244140625,-496.9599914550781
8560,-570.739990234375,18.635169982910156,18.274396896362305,3.1470532417297363,-570.739990234375,-571.0,30.409412384033203,-619.0399780273438,-615.0,-609.0,-595.0,-571.0,-553.75,-537.4000244140625,-516.9000244140625,-496.9599914550781
8576,-570.760009765625,18.660690307617188,18.298595428466797,3.142521619796753,-570.760009765625,-571.0,30.397737503051758,-619.0399780273438,-615.0,-609.0,-595.0,-571.0,-554.0,-537.4000244140625,-516.9000244140625,-496.9599914550781
8592,-570.760009765625,18.65835189819336,18.301164627075195,3.111676573753357,-570.760009765625,-571.0,30.397737503051758,-619.0399780273438,-615.0,-609.0,-595.0,-571.0,-554.0,-537.4000244140625,-516.9000244140625,-496.9599914550781
8608,-570.760009765625,18.648168563842773,18.29153823852539,3.097862124443054,-570.760009765625,-571.0,30.397737503051758,-619.0399780273438,-615.0,-609.0,-595.0,-571.0,-554.0,-537.4000244140625,-516.9000244140625,-496.9599914550781
8624,-570.8399658203125,18.640897750854492,18.288528442382812,3.0816774368286133,-570.8400268554688,-571.0,30.400894165039062,-619.0399780273438,-615.0,-609.0,-595.0,-571.0,-554.0,-537.4000244140625,-516.9000244140625,-496.9599914550781
8640,-570.8599853515625,18.621829986572266,18.276611328125,3.0511597394943237,-570.8599853515625,-571.0,30.40296745300293,-619.0399780273438,-615.0,-609.0,-595.0,-571.0,-554.0,-537.4000244140625,-516.9000244140625,-496.9599914550781
8656,-570.8800048828125,18.619388580322266,18.274600982666016,3.0489641427993774,-570.8800048828125,-571.0,30.41357421875,-619.0399780273438,-615.0,-609.0,-595.0,-571.0,-554.0,-537.4000244140625,-516.9000244140625,-496.9599914550781
8672,-570.8999633789062,18.62554168701172,18.28285026550293,3.030904173851013,-570.9000244140625,-571.0,30.403783798217773,-619.0399780273438,-615.0,-609.0,-595.0,-571.0,-554.0,-537.4000244140625,-516.9000244140625,-496.9599914550781
8688,-570.9400024414062,18.635059356689453,18.289653778076172,3.0169036388397217,-570.9400024414062,-571.0,30.439388275146484,-619.0399780273438,-615.0,-609.0,-595.0,-571.0,-554.0,-537.4000244140625,-516.9000244140625,-496.9599914550781
8704,-571.0399780273438,18.607667922973633,18.272506713867188,2.9865628480911255,-571.0399780273438,-571.0,30.396682739257812,-619.0399780273438,-615.0,-609.0,-595.0,-571.0,-554.0,-537.4000244140625,-516.9000244140625,-496.9599914550781
8720,-571.0999755859375,18.603361129760742,18.27361488342285,2.969172239303589,-571.0999755859375,-571.0,30.390625,-619.0399780273438,-615.0,-609.0,-595.0,-571.0,-554.0,-537.4000244140625,-516.9000244140625,-496.9599914550781
8736,-571.1599731445312,18.591360092163086,18.263891220092773,2.959770083427429,-571.1599731445312,-571.5,30.382471084594727,-619.0399780273438,-615.0,-609.0,-595.0,-571.5,-554.0,-537.4000244140625,-516.9000244140625,-496.9599914550781
8752,-571.2000122070312,18.57666015625,18.251726150512695,2.9475268125534058,-571.2000122070312,-571.5,30.367746353149414,-619.0399780273438,-615.0,-609.0,-595.0,-571.5,-554.0,-537.4000244140625,-516.9000244140625,-496.9599914550781
8768,-571.219970703125,18.571691513061523,18.25185203552246,2.924651026725769,-571.219970703125,-572.5,30.36826515197754,-619.0399780273438,-615.0,-609.0,-595.0,-572.5,-554.0,-537.4000244140625,-516.9000244140625,-496.9599914550781
8784,-571.219970703125,18.562191009521484,18.244365692138672,2.9083235263824463,-571.219970703125,-572.5,30.36826515197754,-619.0399780273438,-615.0,-609.0,-595.0,-572.5,-554.0,-537.4000244140625,-516.9000244140625,-496.9599914550781
8800,-571.2799682617188,18.554372787475586,18.238990783691406,2.8902288675308228,-571.280029296875,-572.5,30.395421981811523,-619.0399780273438,-615.0,-609.0,-595.0,-572.5,-554.0,-537.4000244140625,-516.9000244140625,-496.9599914550781
8816,-571.2799682617188,18.560428619384766,18.24397850036621,2.8819788694381714,-571.280029296875,-572.5,30.395421981811523,-619.0399780273438,-615.0,-609.0,-595.0,-572.5,-554.0,-537.4000244140625,-516.9000244140625,-496.9599914550781
8832,-571.2999877929688,18.5532169342041,18.23413848876953,2.876617670059204,-571.2999877929688,-572.5,30.39917755126953,-619.0399780273438,-615.0,-609.0,-595.0,-572.5,-554.0,-537.4000244140625,-516.9000244140625,-496.9599914550781
8848,-571.2999877929688,18.537195205688477,18.22184181213379,2.8529446125030518,-571.2999877929688,-572.5,30.39917755126953,-619.0399780273438,-615.0,-609.0,-595.0,-572.5,-554.0,-537.4000244140625,-516.9000244140625,-496.9599914550781
8864,-571.2999877929688,18.526565551757812,18.21040153503418,2.8368728160858154,-571.2999877929688,-572.5,30.39917755126953,-619.0399780273438,-615.0,-609.0,-595.0,-572.5,-554.0,-537.4000244140625,-516.9000244140625,-496.9599914550781
8880,-571.2999877929688,18.5283203125,18.214628219604492,2.82069730758667,-571.2999877929688,-572.5,30.39917755126953,-619.0399780273438,-615.0,-609.0,-595.0,-572.5,-554.0,-537.4000244140625,-516.9000244140625,-496.9599914550781
8896,-571.2999877929688,18.52888298034668,18.223329544067383,2.789307713508606,-571.2999877929688,-572.5,30.39917755126953,-619.0399780273438,-615.0,-609.0,-595.0,-572.5,-554.0,-537.4000244140625,-516.9000244140625,-496.9599914550781
8912,-571.2999877929688,18.52413558959961,18.222082138061523,2.7647072076797485,-571.2999877929688,-572.5,30.39917755126953,-619.0399780273438,-615.0,-609.0,-595.0,-572.5,-554.0,-537.4000244140625,-516.9000244140625,-496.9599914550781
8928,-571.2999877929688,18.51879119873047,18.21563720703125,2.7551738023757935,-571.2999877929688,-572.5,30.39917755126953,-619.0399780273438,-615.0,-609.0,-595.0,-572.5,-554.0,-537.4000244140625,-516.9000244140625,-496.9599914550781
8944,-571.3200073242188,18.524778366088867,18.220687866210938,2.737319827079773,-571.3200073242188,-572.5,30.422649383544922,-619.0399780273438,-615.0,-609.0,-595.0,-572.5,-554.0,-537.4000244140625,-516.9000244140625,-496.9599914550781
8960,-571.3599853515625,18.52553939819336,18.224830627441406,2.724701166152954,-571.3599853515625,-572.5,30.43206214904785,-619.0399780273438,-615.0,-609.0,-595.25,-572.5,-554.0,-537.4000244140625,-516.9000244140625,-496.9599914550781
8976,-571.3800048828125,18.52465057373047,18.22341537475586,2.707910895347595,-571.3800048828125,-572.5,30.42458724975586,-619.0399780273438,-615.0,-609.0,-595.25,-572.5,-554.0,-537.4000244140625,-516.9000244140625,-496.9599914550781
8992,-571.3999633789062,18.533740997314453,18.233951568603516,2.6998015642166138,-571.4000244140625,-572.5,30.42959213256836,-619.0399780273438,-615.0,-609.0,-595.25,-572.5,-554.0,-537.4000244140625,-516.9000244140625,-496.9599914550781
9008,-571.47998046875,18.53221893310547,18.23194122314453,2.685227632522583,-571.47998046875,-572.5,30.465221405029297,-619.0399780273438,-615.0,-609.0,-595.25,-572.5,-554.0,-537.4000244140625,-516.9000244140625,-496.9599914550781
9024,-571.5,18.52908706665039,18.231788635253906,2.6805756092071533,-571.5,-572.5,30.456361770629883,-619.0399780273438,-615.0,-609.0,-595.25,-572.5,-554.0,-537.4000244140625,-516.9000244140625,-496.9599914550781
9040,-571.5399780273438,18.52300262451172,18.228239059448242,2.6594547033309937,-571.5399780273438,-572.5,30.453052520751953,-619.0399780273438,-615.0,-609.0,-595.25,-572.5,-554.0,-537.4000244140625,-516.9000244140625,-496.9599914550781
9056,-571.5599975585938,18.530241012573242,18.238895416259766,2.6420458555221558,-571.5599975585938,-572.5,30.474355697631836,-619.0399780273438,-615.0,-609.0,-595.25,-572.5,-554.0,-537.4000244140625,-516.9000244140625,-496.9599914550781
9072,-571.5800170898438,18.554378509521484,18.263042449951172,2.6371437311172485,-571.5800170898438,-573.0,30.474637985229492,-619.0399780273438,-615.0,-609.0,-595.25,-573.0,-554.0,-537.4000244140625,-516.9000244140625,-496.9599914550781
9088,-571.5999755859375,18.53702163696289,18.243375778198242,2.629507064819336,-571.5999755859375,-573.0,30.46834373474121,-619.0399780273438,-615.0,-609.0,-595.25,-573.0,-554.0,-537.4000244140625,-516.9000244140625,-496.9599914550781
9104,-571.5999755859375,18.535865783691406,18.246417999267578,2.6068984270095825,-571.5999755859375,-573.0,30.46834373474121,-619.0399780273438,-615.0,-609.0,-595.25,-573.0,-554.0,-537.4000244140625,-516.9000244140625,-496.9599914550781
9120,-571.6199951171875,18.5350341796875,18.246564865112305,2.608223557472229,-571.6199951171875,-573.0,30.497468948364258,-619.0399780273438,-615.0999755859375,-609.0,-595.25,-573.0,-554.0,-537.4000244140625,-516.9000244140625,-496.9599914550781
9136,-571.6199951171875,18.538846969604492,18.25038719177246,2.5947049856185913,-571.6199951171875,-573.0,30.497468948364258,-619.0399780273438,-615.0999755859375,-609.0,-595.25,-573.0,-554.0,-537.4000244140625,-516.9000244140625,-496.9599914550781
9152,-571.7000122070312,18.540699005126953,18.248676300048828,2.592685341835022,-571.7000122070312,-573.0,30.499671936035156,-619.0399780273438,-615.0999755859375,-609.0,-595.25,-573.0,-554.0,-537.4000244140625,-516.9000244140625,-496.9599914550781
9168,-571.7000122070312,18.5425968170166,18.254051208496094,2.5807679891586304,-571.7000122070312,-573.0,30.499671936035156,-619.0399780273438,-615.0999755859375,-609.0,-595.25,-573.0,-554.0,-537.4000244140625,-516.9000244140625,-496.9599914550781
9184,-571.7000122070312,18.560596466064453,18.269092559814453,2.5749192237854004,-571.7000122070312,-573.0,30.499671936035156,-619.0399780273438,-615.0999755859375,-609.0,-595.25,-573.0,-554.0,-537.4000244140625,-516.9000244140625,-496.9599914550781
9200,-571.719970703125,18.55463981628418,18.263084411621094,2.555668830871582,-571.719970703125,-573.0,30.516252517700195,-619.0399780273438,-615.0999755859375,-609.0,-595.25,-573.0,-554.0,-537.4000244140625,-516.9000244140625,-496.9599914550781
9216,-571.719970703125,18.535459518432617,18.251527786254883,2.5330429077148438,-571.719970703125,-573.0,30.516252517700195,-619.0399780273438,-615.0999755859375,-609.0,-595.25,-573.0,-554.0,-537.4000244140625,-516.9000244140625,-496.9599914550781
9232,-571.739990234375,18.55202865600586,18.26948356628418,2.5171351432800293,-571.739990234375,-573.0,30.5190486907959,-619.0399780273438,-615.0999755859375,-609.0,-595.25,-573.0,-554.0,-537.4000244140625,-516.9000244140625,-496.9599914550781
9248,-571.760009765625,18.542011260986328,18.261165618896484,2.49423086643219,-571.760009765625,-573.0,30.508071899414062,-619.0399780273438,-615.0999755859375,-609.0,-595.25,-573.0,-555.5,-537.4000244140625,-516.9000244140625,-496.9599914550781
9264,-571.7799682617188,18.539609909057617,18.260059356689453,2.479194760322571,-571.780029296875,-573.0,30.514122009277344,-619.0399780273438,-615.0999755859375,-609.0,-595.25,-573.0,-555.5,-537.4000244140625,-516.9000244140625,-496.9599914550781
9280,-571.7799682617188,18.54239273071289,18.261253356933594,2.460943818092346,-571.780029296875,-573.0,30.514122009277344,-619.0399780273438,-615.0999755859375,-609.0,-595.25,-573.0,-555.5,-537.4000244140625,-516.9000244140625,-496.9599914550781
9296,-571.7799682617188,18.5561466217041,18.274717330932617,2.447910785675049,-571.780029296875,-573.0,30.514122009277344,-619.0399780273438,-615.0999755859375,-609.0,-595.25,-573.0,-555.5,-537.4000244140625,-516.9000244140625,-496.9599914550781
9312,-571.7999877929688,18.55169105529785,18.277257919311523,2.4196606874465942,-571.7999877929688,-573.0,30.53260612487793,-619.0399780273438,-615.0999755859375,-609.0,-595.25,-573.0,-555.5,-537.4000244140625,-516.9000244140625,-496.9599914550781
9328,-571.7999877929688,18.541637420654297,18.272546768188477,2.3937848806381226,-571.7999877929688,-573.0,30.53260612487793,-619.0399780273438,-615.0999755859375,-609.0,-595.25,-573.0,-555.5,-537.4000244140625,-516.9000244140625,-496.9599914550781
9344,-571.8200073242188,18.549299240112305,18.282869338989258,2.3765124082565308,-571.8200073242188,-573.0,30.52814483642578,-619.0399780273438,-615.0999755859375,-609.0,-595.25,-573.0,-555.5,-537.4000244140625,-516.9000244140625,-496.9599914550781
9360,-571.8200073242188,18.550395965576172,18.285072326660156,2.3530291318893433,-571.8200073242188,-573.0,30.52814483642578,-619.0399780273438,-615.0999755859375,-609.0,-595.25,-573.0,-555.5,-537.4000244140625,-516.9000244140625,-496.9599914550781
9376,-571.8599853515625,18.544580459594727,18.27608299255371,2.34829580783844,-571.8599853515625,-573.5,30.509349822998047,-619.0399780273438,-615.0999755859375,-609.0,-595.25,-573.5,-555.5,-537.4000244140625,-516.9000244140625,-496.9599914550781
9392,-571.8800048828125,18.521526336669922,18.256521224975586,2.3243895769119263,-571.8800048828125,-573.5,30.5035343170166,-619.0399780273438,-615.0999755859375,-609.0,-595.25,-573.5,-555.5,-537.4000244140625,-516.9000244140625,-496.9599914550781
9408,-571.8999633789062,18.527799606323242,18.265811920166016,2.3180878162384033,-571.9000244140625,-573.5,30.486555099487305,-619.0399780273438,-615.0999755859375,-609.0,-595.25,-573.5,-555.5,-537.4000244140625,-516.9000244140625,-496.9599914550781
9424,-571.8999633789062,18.513107299804688,18.25337791442871,2.3017048835754395,-571.9000244140625,-573.5,30.486555099487305,-619.0399780273438,-615.0999755859375,-609.0,-595.25,-573.5,-555.5,-537.4000244140625,-516.9000244140625,-496.9599914550781
9440,-571.8999633789062,18.50393295288086,18.248546600341797,2.2981808185577393,-571.9000244140625,-573.5,30.486555099487305,-619.0399780273438,-615.0999755859375,-609.0,-595.25,-573.5,-555.5,-537.4000244140625,-516.9000244140625,-496.9599914550781
9456,-571.8999633789062,18.511390686035156,18.25796890258789,2.2865151166915894,-571.9000244140625,-573.5,30.486555099487305,-619.0399780273438,-615.0999755859375,-609.0,-595.25,-573.5,-555.5,-537.4000244140625,-516.9000244140625,-496.9599914550781
9472,-571.9400024414062,18.49506378173828,18.238550186157227,2.2908793687820435,-571.9400024414062,-573.5,30.468284606933594,-619.0399780273438,-615.0999755859375,-609.0,-595.25,-573.5,-556.25,-537.4000244140625,-516.9000244140625,-496.9599914550781
9488,-571.9400024414062,18.49329948425293,18.237529754638672,2.283096194267273,-571.9400024414062,-573.5,30.468284606933594,-619.0399780273438,-615.0999755859375,-609.0,-595.25,-573.5,-556.25,-537.4000244140625,-516.9000244140625,-496.9599914550781
9504,-571.9400024414062,18.491586685180664,18.241214752197266,2.2647345066070557,-571.9400024414062,-573.5,30.468284606933594,-619.0399780273438,-615.0999755859375,-609.0,-595.25,-573.5,-556.25,-537.4000244140625,-516.9000244140625,-496.9599914550781
9520,-571.9599609375,18.479997634887695,18.23426628112793,2.2370930910110474,-571.9600219726562,-573.5,30.468320846557617,-619.0399780273438,-615.0999755859375,-609.0,-595.25,-573.5,-556.25,-537.4000244140625,-516.9000244140625,-496.9599914550781
9536,-571.9599609375,18.456741333007812,18.211833953857422,2.2279598712921143,-571.9600219726562,-573.5,30.468320846557617,-619.0399780273438,-615.0999755859375,-609.0,-595.25,-573.5,-556.25,-537.4000244140625,-516.9000244140625,-496.9599914550781
9552,-571.9599609375,18.463390350341797,18.219058990478516,2.2154070138931274,-571.9600219726562,-573.5,30.468320846557617,-619.0399780273438,-615.0999755859375,-609.0,-595.25,-573.5,-556.25,-537.4000244140625,-516.9000244140625,-496.9599914550781
9568,-571.9599609375,18.45225715637207,18.211339950561523,2.1988080739974976,-571.9600219726562,-573.5,30.468320846557617,-619.0399780273438,-615.0999755859375,-609.0,-595.25,-573.5,-556.25,-537.4000244140625,-516.9000244140625,-496.9599914550781
9584,-571.9599609375,18.44363021850586,18.206043243408203,2.1920796632766724,-571.9600219726562,-573.5,30.468320846557617,-619.0399780273438,-615.0999755859375,-609.0,-595.25,-573.5,-556.25,-537.4000244140625,-516.9000244140625,-496.9599914550781
9600,-571.9599609375,18.447072982788086,18.212203979492188,2.1876211166381836,-571.9600219726562,-573.5,30.468320846557617,-619.0399780273438,-615.0999755859375,-609.0,-595.25,-573.5,-556.25,-537.4000244140625,-516.9000244140625,-496.9599914550781
9616,-572.0599975585938,18.44934844970703,18.21228790283203,2.178106904029846,-572.0599975585938,-573.5,30.51747703552246,-619.0399780273438,-615.0999755859375,-609.0,-595.25,-573.5,-556.25,-537.4000244140625,-516.9000244140625,-496.9599914550781
9632,-572.0800170898438,18.46186065673828,18.22998809814453,2.1623750925064087,-572.0800170898438,-573.5,30.499074935913086,-619.0399780273438,-615.0999755859375,-609.0,-595.25,-573.5,-556.25,-537.4000244140625,-516.9000244140625,-496.9599914550781
9648,-572.0999755859375,18.447662353515625,18.21662139892578,2.1436811685562134,-572.0999755859375,-573.5,30.52916717529297,-619.0399780273438,-615.0999755859375,-609.0,-595.25,-573.5,-556.25,-537.4000244140625,-516.9000244140625,-496.9599914550781
9664,-572.0999755859375,18.437458038330078,18.210777282714844,2.119842290878296,-572.0999755859375,-573.5,30.52916717529297,-619.0399780273438,-615.0999755859375,-609.0,-595.25,-573.5,-556.25,-537.4000244140625,-516.9000244140625,-496.9599914550781
9680,-572.0999755859375,18.446245193481445,18.22267723083496,2.116032123565674,-572.0999755859375,-573.5,30.52916717529297,-619.0399780273438,-615.0999755859375,-609.0,-595.25,-573.5,-556.25,-537.4000244140625,-516.9000244140625,-496.9599914550781
9696,-572.0999755859375,18.45067024230957,18.2261962890625,2.1102454662323,-572.0999755859375,-573.5,30.52916717529297,-619.0399780273438,-615.0999755859375,-609.0,-595.25,-573.5,-556.25,-537.4000244140625,-516.9000244140625,-496.9599914550781
9712,-572.0999755859375,18.436885833740234,18.213245391845703,2.1025710105895996,-572.0999755859375,-573.5,30.52916717529297,-619.0399780273438,-615.0999755859375,-609.0,-595.25,-573.5,-556.25,-537.4000244140625,-516.9000244140625,-496.9599914550781
9728,-572.1400146484375,18.446788787841797,18.224164962768555,2.1008005142211914,-572.1400146484375,-573.5,30.523767471313477,-619.0399780273438,-615.0999755859375,-609.0,-595.25,-573.5,-556.25,-537.4000244140625,-516.9000244140625,-496.9599914550781
9744,-572.1599731445312,18.43777084350586,18.216581344604492,2.087860107421875,-572.1599731445312,-573.5,30.503353118896484,-619.0399780273438,-615.0999755859375,-609.0,-595.25,-573.5,-556.25,-537.4000244140625,-516.9000244140625,-496.9599914550781
9760,-572.1599731445312,18.43585205078125,18.213472366333008,2.089664936065674,-572.1599731445312,-573.5,30.503353118896484,-619.0399780273438,-615.0999755859375,-609.0,-595.25,-573.5,-556.25,-537.4000244140625,-516.9000244140625,-496.9599914550781
9776,-572.1799926757812,18.439617156982422,18.21843147277832,2.0806156396865845,-572.1799926757812,-573.5,30.49799156188965,-619.0399780273438,-615.0999755859375,-609.0,-595.25,-573.5,-556.25,-537.4000244140625,-516.9000244140625,-496.9599914550781
9792,-572.1799926757812,18.437049865722656,18.217496871948242,2.068099617958069,-572.1799926757812,-573.5,30.49799156188965,-619.0399780273438,-615.0999755859375,-609.0,-595.25,-573.5,-556.25,-537.4000244140625,-516.9000244140625,-496.9599914550781
9808,-572.1799926757812,18.44854736328125,18.23183250427246,2.056011438369751,-572.1799926757812,-573.5,30.49799156188965,-619.0399780273438,-615.0999755859375,-609.0,-595.25,-573.5,-556.25,-537.4000244140625,-516.9000244140625,-496.9599914550781
9824,-572.1799926757812,18.44744110107422,18.22896385192871,2.0538406372070312,-572.1799926757812,-573.5,30.49799156188965,-619.0399780273438,-615.0999755859375,-609.0,-595.25,-573.5,-556.25,-537.4000244140625,-516.9000244140625,-496.9599914550781
9840,-572.219970703125,18.448394775390625,18.22968292236328,2.0527846813201904,-572.219970703125,-573.5,30.51477813720703,-619.0399780273438,-615.0999755859375,-609.0,-595.25,-573.5,-556.25,-537.4000244140625,-516.9000244140625,-496.9599914550781
9856,-572.2799682617188,18.455278396606445,18.239879608154297,2.035082221031189,-572.280029296875,-573.5,30.543109893798828,-619.0399780273438,-615.0999755859375,-609.0,-595.25,-573.5,-556.25,-537.4000244140625,-516.9000244140625,-496.9599914550781
9872,-572.2799682617188,18.44759178161621,18.23334503173828,2.0245198011398315,-572.280029296875,-573.5,30.543109893798828,-619.0399780273438,-615.0999755859375,-609.0,-595.25,-573.5,-556.25,-537.4000244140625,-516.9000244140625,-496.9599914550781
9888,-572.2999877929688,18.459430694580078,18.245397567749023,2.0170528292655945,-572.2999877929688,-573.5,30.563865661621094,-619.0399780273438,-615.0999755859375,-609.0,-595.25,-573.5,-556.25,-537.4000244140625,-516.9000244140625,-496.9599914550781
9904,-572.3200073242188,18.47484588623047,18.265216827392578,2.0138319730758667,-572.3200073242188,-573.5,30.572168350219727,-619.0399780273438,-615.0999755859375,-609.0,-595.25,-573.5,-556.25,-537.4000244140625,-516.9000244140625,-496.9599914550781
9920,-572.3200073242188,18.48444175720215,18.278095245361328,1.9929457902908325,-572.3200073242188,-573.5,30.572168350219727,-619.0399780273438,-615.0999755859375,-609.0,-595.25,-573.5,-556.25,-537.4000244140625,-516.9000244140625,-496.9599914550781
9936,-572.3399658203125,18.475873947143555,18.269453048706055,1.990401804447174,-572.3400268554688,-573.5,30.590267181396484,-619.0399780273438,-615.0999755859375,-609.0,-595.25,-573.5,-556.25,-537.4000244140625,-516.9000244140625,-496.9599914550781
9952,-572.3399658203125,18.46854019165039,18.261320114135742,1.980884611606598,-572.3400268554688,-573.5,30.590267181396484,-619.0399780273438,-615.0999755859375,-609.0,-595.25,-573.5,-556.25,-537.4000244140625,-516.9000244140625,-496.9599914550781
9968,-572.3399658203125,18.4721622467041,18.26457977294922,1.975973665714264,-572.3400268554688,-573.5,30.590267181396484,-619.0399780273438,-615.0999755859375,-609.0,-595.25,-573.5,-556.25,-537.4000244140625,-516.9000244140625,-496.9599914550781
9984,-572.3399658203125,18.471641540527344,18.26616096496582,1.953139066696167,-572.3400268554688,-573.5,30.590267181396484,-619.0399780273438,-615.0999755859375,-609.0,-595.25,-573.5,-556.25,-537.4000244140625,-516.9000244140625,-496.9599914550781
10000,-572.3599853515625,18.490325927734375,18.28346824645996,1.9576658606529236,-572.3599853515625,-573.5,30.59722900390625,-619.0399780273438,-615.0999755859375,-609.0,-595.25,-573.5,-556.25,-537.4000244140625,-516.9000244140625,-496.9599914550781
