step,best_fitness,avg_hamming,avg_l1,avg_entropy,mean,median,std,2%,5%,10%,25%,50%,75%,90%,95%,98%
48,-65.6199951171875,31.706050872802734,3.821823835372925,43.70255025227865,-65.62000274658203,-64.0,13.319745063781738,-100.13999938964844,-88.19999694824219,-82.0999984741211,-73.0,-64.0,-55.0,-50.900001525878906,-48.0,-47.0
96,-73.45999908447266,31.44928550720215,4.990849494934082,43.17610549926758,-73.45999908447266,-72.0,13.5228853225708,-109.08000183105469,-98.0999984741211,-89.0999984741211,-81.0,-72.0,-65.0,-56.900001525878906,-54.95000076293945,-49.939998626708984
144,-78.58000183105469,31.157562255859375,5.9113287925720215,42.613746643066406,-78.58000183105469,-77.0,13.45450210571289,-113.0,-107.0999984741211,-97.0999984741211,-86.25,-77.0,-69.0,-64.9000015258789,-58.95000076293945,-55.939998626708984
192,-81.65999603271484,30.876625061035156,6.688590049743652,42.0540657043457,-81.66000366210938,-79.0,13.029367446899414,-113.04000091552734,-110.0999984741211,-101.0999984741211,-88.0,-79.0,-73.0,-68.0,-65.0,-61.91999816894531
240,-83.29999542236328,30.533828735351562,7.298734188079834,41.45648447672526,-83.30000305175781,-81.0,12.184825897216797,-113.04000091552734,-110.0999984741211,-101.0999984741211,-89.0,-81.0,-75.0,-69.0,-66.0,-65.0
288,-87.19999694824219,30.14263916015625,7.837397575378418,40.8028933207194,-87.19999694824219,-86.5,12.782800674438477,-115.0199966430664,-112.05000305175781,-107.0,-93.0,-86.5,-78.75,-71.0,-67.9000015258789,-65.0
336,-89.95999908447266,29.71583366394043,8.324893951416016,40.0891965230306,-89.95999908447266,-89.0,12.279999732971191,-115.0199966430664,-113.0,-109.0999984741211,-97.0,-89.0,-80.75,-75.0,-72.0,-69.9000015258789
384,-92.6199951171875,29.25839614868164,8.727887153625488,39.35378901163737,-92.62000274658203,-91.0,12.293722152709961,-116.0999984741211,-113.0999984741211,-110.0999984741211,-101.25,-91.0,-85.0,-77.9000015258789,-74.0,-72.0
432,-95.55999755859375,28.77392578125,9.07295036315918,38.586265563964844,-95.55999755859375,-93.0,11.69300651550293,-118.05999755859375,-115.0,-112.0,-104.25,-93.0,-88.75,-81.0,-77.0,-73.95999908447266
480,-98.79999542236328,28.274734497070312,9.340219497680664,37.81097666422526,-98.80000305175781,-98.0,12.30447006225586,-119.04000091552734,-118.0,-115.0,-108.25,-98.0,-89.75,-84.9000015258789,-79.0,-74.0
528,-102.54000091552734,27.72628402709961,9.56140422821045,36.9939079284668,-102.54000091552734,-101.0,12.206080436706543,-125.0199966430664,-122.05000305175781,-120.0999984741211,-112.25,-101.0,-93.0,-86.0,-83.94999694824219,-80.95999908447266
576,-105.83999633789062,27.224834442138672,9.778684616088867,36.199652353922524,-105.83999633789062,-105.0,11.23273754119873,-126.0999984741211,-124.0,-122.0,-114.25,-105.0,-97.0,-92.0,-88.94999694824219,-85.9800033569336
624,-107.87999725341797,26.729385375976562,9.930538177490234,35.43530146280924,-107.87999725341797,-108.0,11.5683012008667,-131.02000427246094,-126.1500015258789,-124.0,-115.0,-108.0,-98.0,-93.0,-90.0,-85.9800033569336
672,-109.45999908447266,26.279163360595703,10.068686485290527,34.72012201944987,-109.45999908447266,-109.0,11.290190696716309,-131.02000427246094,-129.0,-126.0,-118.0,-109.0,-101.0,-94.9000015258789,-91.94999694824219,-89.95999908447266
720,-110.83999633789062,25.78834342956543,10.199089050292969,33.939657847086586,-110.83999633789062,-111.0,11.294883728027344,-132.0,-129.0500030517578,-126.0999984741211,-119.5,-111.0,-101.75,-96.80000305175781,-92.94999694824219,-90.9800033569336
768,-112.47999572753906,25.372838973999023,10.358840942382812,33.21482721964518,-112.4800033569336,-112.5,11.468634605407715,-132.0,-131.0,-128.10000610351562,-122.25,-112.5,-104.0,-97.9000015258789,-94.9000015258789,-90.9800033569336
816,-114.6199951171875,24.96084213256836,10.484428405761719,32.51370112101237,-114.62000274658203,-114.5,11.63853931427002,-134.0,-132.0,-131.0,-123.25,-114.5,-105.0,-99.0,-95.94999694824219,-93.0
864,-116.18000030517578,24.52655029296875,10.538862228393555,31.8231201171875,-116.18000030517578,-115.5,11.701606750488281,-137.02000427246094,-134.0500030517578,-132.0,-125.25,-115.5,-107.0,-101.9000015258789,-97.9000015258789,-93.9800033569336
912,-117.69999694824219,24.152606964111328,10.65090560913086,31.18014081319173,-117.69999694824219,-118.0,11.957842826843262,-140.02000427246094,-137.0500030517578,-134.0,-127.0,-118.0,-108.0,-103.0,-98.94999694824219,-96.0
960,-119.91999816894531,23.78955078125,10.751220703125,30.540691375732422,-119.91999816894531,-120.5,11.743661880493164,-141.02000427246094,-139.0500030517578,-136.10000610351562,-129.0,-120.5,-111.75,-104.9000015258789,-101.8499984741211,-96.0
1008,-120.73999786376953,23.399520874023438,10.781858444213867,29.905069986979168,-120.73999786376953,-121.0,11.879916191101074,-141.02000427246094,-139.0500030517578,-138.0,-130.0,-121.0,-112.0,-105.0,-101.8499984741211,-96.9800033569336
1056,-121.81999969482422,23.03563690185547,10.852401733398438,29.275188446044922,-121.81999969482422,-122.0,11.851058959960938,-142.0800018310547,-140.0,-138.10000610351562,-130.25,-122.0,-113.0,-107.9000015258789,-102.94999694824219,-96.9800033569336
1104,-123.05999755859375,22.645214080810547,10.897063255310059,28.61518096923828,-123.05999755859375,-124.0,11.680599212646484,-146.0,-141.0,-138.10000610351562,-131.0,-124.0,-113.0,-109.0,-105.8499984741211,-101.87999725341797
1152,-124.13999938964844,22.28829574584961,10.946982383728027,27.992198308308918,-124.13999938964844,-125.0,11.624990463256836,-146.02000427246094,-141.14999389648438,-138.10000610351562,-134.0,-125.0,-115.0,-109.0,-105.9000015258789,-102.9800033569336
1200,-125.36000061035156,21.923934936523438,10.97259521484375,27.365923563639324,-125.36000061035156,-125.0,11.183487892150879,-146.02000427246094,-144.0,-140.0,-135.0,-125.0,-116.75,-110.9000015258789,-107.0,-104.0
1248,-126.15999603271484,21.611248016357422,11.042778015136719,26.789718627929688,-126.16000366210938,-125.5,11.317879676818848,-146.02000427246094,-144.0,-141.10000610351562,-135.25,-125.5,-116.75,-111.0,-107.94999694824219,-104.9800033569336
1296,-127.23999786376953,21.289684295654297,11.067060470581055,26.22027015686035,-127.23999786376953,-127.0,11.32353401184082,-147.02000427246094,-145.0500030517578,-142.1999969482422,-137.0,-127.0,-119.0,-111.0,-107.94999694824219,-104.9800033569336
1344,-128.0,20.978925704956055,11.137760162353516,25.629261652628582,-128.0,-127.5,11.07610034942627,-147.02000427246094,-146.0,-142.1999969482422,-137.25,-127.5,-119.0,-112.9000015258789,-109.0,-104.9800033569336
1392,-128.6999969482422,20.650108337402344,11.184883117675781,25.01706314086914,-128.6999969482422,-128.5,11.299115180969238,-148.0,-146.0500030517578,-144.0,-138.25,-128.5,-120.5,-112.9000015258789,-109.94999694824219,-105.9800033569336
1440,-129.52000427246094,20.371070861816406,11.209753036499023,24.487407048543293,-129.52000427246094,-129.0,11.37231731414795,-150.0,-147.0,-144.10000610351562,-139.0,-129.0,-122.75,-114.0,-110.94999694824219,-108.91999816894531
1488,-130.47999572753906,20.087650299072266,11.234682083129883,23.94592793782552,-130.47999572753906,-130.5,11.581433296203613,-150.02000427246094,-149.0,-146.0,-140.0,-130.5,-123.0,-114.0,-111.0,-108.91999816894531
1536,-131.0800018310547,19.812084197998047,11.271736145019531,23.396877924601238,-131.0800018310547,-130.5,11.542685508728027,-151.02000427246094,-149.0,-146.10000610351562,-140.0,-130.5,-123.0,-114.9000015258789,-112.9000015258789,-108.91999816894531
1584,-131.75999450683594,19.52878761291504,11.286952018737793,22.84081967671712,-131.75999450683594,-131.0,11.65600299835205,-152.02000427246094,-150.0500030517578,-147.0,-141.0,-131.0,-125.0,-114.9000015258789,-112.9000015258789,-108.91999816894531
1632,-132.52000427246094,19.255964279174805,11.299108505249023,22.32288869222005,-132.52000427246094,-132.0,11.650303840637207,-153.0,-150.0500030517578,-147.10000610351562,-141.0,-132.0,-125.0,-117.69999694824219,-112.9000015258789,-108.91999816894531
1680,-132.97999572753906,19.015995025634766,11.311805725097656,21.847056706746418,-132.97999572753906,-132.0,11.762636184692383,-154.02000427246094,-151.0500030517578,-148.10000610351562,-141.25,-132.0,-125.0,-117.69999694824219,-112.9000015258789,-108.91999816894531
1728,-133.45999145507812,18.759727478027344,11.305830955505371,21.33725929260254,-133.4600067138672,-132.0,11.782546043395996,-154.02000427246094,-152.0500030517578,-149.0,-142.25,-132.0,-125.0,-118.5999984741211,-113.0,-108.91999816894531
1776,-134.0,18.522531509399414,11.316267013549805,20.864917119344074,-134.0,-133.0,11.709824562072754,-154.02000427246094,-152.0500030517578,-149.0,-144.0,-133.0,-125.0,-118.80000305175781,-113.0,-108.94000244140625
1824,-134.1999969482422,18.275421142578125,11.302068710327148,20.39286740620931,-134.1999969482422,-133.0,11.757550239562988,-154.02000427246094,-152.0500030517578,-149.0,-144.0,-133.0,-125.0,-118.80000305175781,-113.0,-108.94000244140625
1872,-134.5399932861328,18.074684143066406,11.32624340057373,19.934014002482098,-134.5399932861328,-133.5,11.738329887390137,-154.02000427246094,-153.0,-149.0,-144.0,-133.5,-126.5,-119.9000015258789,-113.0,-108.94000244140625
1920,-134.87998962402344,17.85272979736328,11.33261489868164,19.4757817586263,-134.8800048828125,-134.0,11.71604061126709,-154.02000427246094,-153.0,-150.0,-144.0,-134.0,-127.0,-119.9000015258789,-114.94999694824219,-108.94000244140625
1968,-135.25999450683594,17.651905059814453,11.3131103515625,19.071568806966145,-135.25999450683594,-135.5,11.744462966918945,-154.02000427246094,-153.0,-150.0,-144.0,-135.5,-127.75,-119.9000015258789,-114.94999694824219,-108.94000244140625
2016,-135.47999572753906,17.438716888427734,11.295711517333984,18.652273178100586,-135.47999572753906,-135.5,11.871377944946289,-154.02000427246094,-153.0,-150.0,-146.0,-135.5,-127.75,-119.9000015258789,-114.94999694824219,-108.94000244140625
2064,-135.63999938964844,17.261856079101562,11.31019115447998,18.251986821492512,-135.63999938964844,-135.5,11.833443641662598,-154.02000427246094,-153.0500030517578,-150.0,-146.0,-135.5,-127.75,-119.9000015258789,-114.94999694824219,-108.94000244140625
2112,-135.86000061035156,17.065656661987305,11.313532829284668,17.829128901163738,-135.86000061035156,-136.5,11.915553092956543,-155.0,-154.0,-151.10000610351562,-146.0,-136.5,-128.5,-119.9000015258789,-114.94999694824219,-108.94000244140625
2160,-135.97999572753906,16.897199630737305,11.324423789978027,17.435469309488933,-135.97999572753906,-136.5,11.959916114807129,-155.0,-154.0,-152.0,-146.0,-136.5,-128.5,-120.0,-114.94999694824219,-108.94000244140625
2208,-136.09999084472656,16.752262115478516,11.334345817565918,17.080001831054688,-136.10000610351562,-136.5,12.03287124633789,-155.0,-154.0,-152.0,-146.0,-136.5,-128.5,-120.0,-114.94999694824219,-108.94000244140625
2256,-136.239990234375,16.602497100830078,11.346588134765625,16.750471750895183,-136.24000549316406,-136.5,11.893796920776367,-155.0,-154.0500030517578,-152.10000610351562,-146.0,-136.5,-128.5,-120.9000015258789,-115.9000015258789,-110.95999908447266
2304,-136.33999633789062,16.471759796142578,11.362836837768555,16.42014757792155,-136.33999633789062,-136.5,11.908164978027344,-155.0,-154.0500030517578,-152.10000610351562,-146.0,-136.5,-128.5,-120.9000015258789,-115.9000015258789,-110.95999908447266
2352,-136.45999145507812,16.350181579589844,11.3494873046875,16.11954402923584,-136.4600067138672,-137.5,11.900773048400879,-155.0,-154.0500030517578,-153.0,-146.0,-137.5,-128.5,-120.9000015258789,-115.9000015258789,-110.95999908447266
2400,-136.47999572753906,16.21251678466797,11.342275619506836,15.79918130238851,-136.47999572753906,-137.5,11.869691848754883,-155.0,-154.0500030517578,-153.0,-146.0,-137.5,-128.5,-120.9000015258789,-115.9000015258789,-110.95999908447266
2448,-136.59999084472656,16.103076934814453,11.354731559753418,15.505171775817871,-136.60000610351562,-137.5,11.870972633361816,-155.02000427246094,-155.0,-153.0,-146.0,-137.5,-128.5,-123.69999694824219,-115.9000015258789,-110.95999908447266
2496,-136.6999969482422,15.97415828704834,11.350059509277344,15.207963625590006,-136.6999969482422,-137.5,11.895797729492188,-156.0,-155.0,-153.0,-146.0,-137.5,-128.5,-123.69999694824219,-115.9000015258789,-110.95999908447266
2544,-136.739990234375,15.857330322265625,11.358634948730469,14.918418248494467,-136.74000549316406,-137.5,11.844510078430176,-156.0,-155.0,-153.0,-146.0,-137.5,-128.5,-123.69999694824219,-116.8499984741211,-110.95999908447266
2592,-136.83999633789062,15.72470474243164,11.339208602905273,14.622045834859213,-136.83999633789062,-137.5,11.925368309020996,-157.0,-155.0500030517578,-153.0,-146.0,-137.5,-128.5,-123.9000015258789,-116.8499984741211,-110.95999908447266
2640,-136.89999389648438,15.626678466796875,11.355525970458984,14.358230590820312,-136.89999389648438,-137.5,11.932727813720703,-157.0,-155.0500030517578,-153.0,-146.0,-137.5,-128.5,-123.9000015258789,-116.8499984741211,-110.95999908447266
2688,-136.94000244140625,15.527624130249023,11.368896484375,14.094194412231445,-136.94000244140625,-137.5,11.948070526123047,-157.0,-155.0500030517578,-153.0,-146.0,-137.5,-128.5,-123.9000015258789,-116.8499984741211,-110.95999908447266
2736,-136.95999145507812,15.424976348876953,11.374067306518555,13.84282652537028,-136.9600067138672,-137.5,11.969895362854004,-157.0,-155.0500030517578,-153.0,-146.0,-137.5,-128.5,-123.9000015258789,-116.8499984741211,-110.95999908447266
2784,-137.0,15.332193374633789,11.375593185424805,13.59826946258545,-137.0,-137.5,11.978313446044922,-157.0,-155.0500030517578,-153.10000610351562,-146.0,-137.5,-128.5,-123.9000015258789,-116.8499984741211,-110.95999908447266
2832,-137.05999755859375,15.26664924621582,11.378007888793945,13.391530672709147,-137.05999755859375,-137.5,11.92293643951416,-157.0,-155.0500030517578,-153.10000610351562,-146.0,-137.5,-128.5,-123.9000015258789,-116.8499984741211,-110.95999908447266
2880,-137.0800018310547,15.227458000183105,11.409669876098633,13.209819793701172,-137.0800018310547,-137.5,11.932878494262695,-157.0,-155.0500030517578,-153.10000610351562,-146.0,-137.5,-128.5,-123.9000015258789,-116.8499984741211,-110.95999908447266
2928,-137.09999084472656,15.158953666687012,11.413801193237305,13.003440221150717,-137.10000610351562,-137.5,11.947803497314453,-157.0,-155.0500030517578,-153.10000610351562,-146.0,-137.5,-128.5,-123.9000015258789,-116.8499984741211,-110.95999908447266
2976,-137.1199951171875,15.082868576049805,11.411520957946777,12.796507835388184,-137.1199951171875,-138.5,11.94929313659668,-157.0,-155.0500030517578,-153.10000610351562,-146.0,-138.5,-128.5,-123.9000015258789,-116.8499984741211,-110.95999908447266
3024,-137.16000366210938,15.014440536499023,11.400480270385742,12.607951800028482,-137.16000366210938,-138.5,11.978915214538574,-157.0,-156.0,-153.10000610351562,-146.0,-138.5,-128.5,-123.9000015258789,-116.8499984741211,-110.95999908447266
3072,-137.1999969482422,14.913618087768555,11.375730514526367,12.392067273457846,-137.1999969482422,-138.5,11.953242301940918,-157.0,-156.0,-153.10000610351562,-146.0,-138.5,-128.5,-123.9000015258789,-116.8499984741211,-110.95999908447266
3120,-137.239990234375,14.842330932617188,11.360204696655273,12.21109390258789,-137.24000549316406,-138.5,11.974238395690918,-157.0,-156.0,-153.10000610351562,-146.0,-138.5,-128.5,-123.9000015258789,-116.8499984741211,-110.95999908447266
3168,-137.25999450683594,14.810554504394531,11.406317710876465,12.018265724182129,-137.25999450683594,-138.5,11.953761100769043,-157.0,-156.0,-153.10000610351562,-146.0,-138.5,-128.5,-124.80000305175781,-116.8499984741211,-110.95999908447266
3216,-137.3000030517578,14.767355918884277,11.429423332214355,11.851619720458984,-137.3000030517578,-138.5,12.014575004577637,-157.02000427246094,-156.0500030517578,-154.0,-146.0,-138.5,-128.5,-124.80000305175781,-116.8499984741211,-110.95999908447266
3264,-137.36000061035156,14.73267936706543,11.449268341064453,11.689096768697103,-137.36000061035156,-138.5,11.974573135375977,-157.02000427246094,-156.0500030517578,-154.0,-146.0,-138.5,-128.5,-124.80000305175781,-116.8499984741211,-110.95999908447266
3312,-137.39999389648438,14.692867279052734,11.45744514465332,11.539498964945475,-137.39999389648438,-138.5,11.998333930969238,-157.02000427246094,-156.0500030517578,-154.10000610351562,-146.0,-138.5,-128.5,-124.80000305175781,-116.8499984741211,-110.95999908447266
3360,-137.4199981689453,14.665858268737793,11.463438987731934,11.40429719289144,-137.4199981689453,-138.5,11.975959777832031,-157.02000427246094,-156.0500030517578,-154.10000610351562,-146.0,-138.5,-128.5,-125.0,-116.8499984741211,-110.95999908447266
3408,-137.4199981689453,14.655477523803711,11.495715141296387,11.289953231811523,-137.4199981689453,-138.5,11.975959777832031,-157.02000427246094,-156.0500030517578,-154.10000610351562,-146.0,-138.5,-128.5,-125.0,-116.8499984741211,-110.95999908447266
3456,-137.45999145507812,14.621589660644531,11.50534725189209,11.162994384765625,-137.4600067138672,-138.5,12.022828102111816,-157.02000427246094,-157.0,-154.10000610351562,-146.0,-138.5,-128.5,-125.0,-116.8499984741211,-110.95999908447266
3504,-137.47999572753906,14.573901176452637,11.504473686218262,11.036088625590006,-137.47999572753906,-138.5,12.03036117553711,-157.02000427246094,-157.0,-154.10000610351562,-146.0,-138.5,-128.5,-125.0,-116.8499984741211,-110.95999908447266
3552,-137.52000427246094,14.525197982788086,11.520217895507812,10.880545934041342,-137.52000427246094,-138.5,12.040332794189453,-157.02000427246094,-157.0,-155.0,-146.0,-138.5,-128.75,-125.0,-116.8499984741211,-110.95999908447266
3600,-137.52000427246094,14.533778190612793,11.573537826538086,10.763724644978842,-137.52000427246094,-138.5,12.040332794189453,-157.02000427246094,-157.0,-155.0,-146.0,-138.5,-128.75,-125.0,-116.8499984741211,-110.95999908447266
3648,-137.52000427246094,14.520648956298828,11.592540740966797,10.649357477823893,-137.52000427246094,-138.5,12.040332794189453,-157.02000427246094,-157.0,-155.0,-146.0,-138.5,-128.75,-125.0,-116.8499984741211,-110.95999908447266
3696,-137.5399932861328,14.476714134216309,11.602778434753418,10.514195760091146,-137.5399932861328,-138.5,12.059369087219238,-157.02000427246094,-157.0,-155.0,-146.0,-138.5,-128.75,-125.0,-116.8499984741211,-110.95999908447266
3744,-137.55999755859375,14.44349193572998,11.60132884979248,10.395662307739258,-137.55999755859375,-139.0,12.0601167678833,-157.02000427246094,-157.0,-155.0,-146.0,-139.0,-128.75,-125.0,-116.8499984741211,-110.95999908447266
3792,-137.5800018310547,14.39739990234375,11.597541809082031,10.271489461263021,-137.5800018310547,-139.0,12.09229564666748,-158.0,-157.0,-155.0,-146.0,-139.0,-128.75,-125.0,-116.8499984741211,-110.95999908447266
3840,-137.5800018310547,14.349398612976074,11.586524963378906,10.15139897664388,-137.5800018310547,-139.0,12.09229564666748,-158.0,-157.0,-155.0,-146.0,-139.0,-128.75,-125.0,-116.8499984741211,-110.95999908447266
3888,-137.5800018310547,14.30015754699707,11.578845977783203,10.035135904947916,-137.5800018310547,-139.0,12.09229564666748,-158.0,-157.0,-155.0,-146.0,-139.0,-128.75,-125.0,-116.8499984741211,-110.95999908447266
3936,-137.59999084472656,14.290888786315918,11.602690696716309,9.950462023417154,-137.60000610351562,-139.0,12.09131908416748,-158.0,-157.0,-155.0,-146.0,-139.0,-128.75,-125.0,-116.8499984741211,-110.95999908447266
3984,-137.6199951171875,14.279277801513672,11.606233596801758,9.887770016988119,-137.6199951171875,-139.0,12.075413703918457,-158.0,-157.0,-155.0,-146.0,-139.0,-129.0,-125.0,-116.8499984741211,-110.95999908447266
4032,-137.63999938964844,14.23443603515625,11.606508255004883,9.765318234761557,-137.63999938964844,-139.0,12.057793617248535,-158.0,-157.0,-155.0,-146.0,-139.0,-129.0,-125.0,-116.8499984741211,-110.95999908447266
4080,-137.66000366210938,14.206130981445312,11.617048263549805,9.661268552144369,-137.66000366210938,-139.0,12.091501235961914,-158.02000427246094,-157.0,-155.0,-146.0,-139.0,-129.0,-125.0,-116.8499984741211,-110.95999908447266
4128,-137.66000366210938,14.158320426940918,11.620376586914062,9.537885030110678,-137.66000366210938,-139.0,12.091501235961914,-158.02000427246094,-157.0,-155.0,-146.0,-139.0,-129.0,-125.0,-116.8499984741211,-110.95999908447266
4176,-137.6999969482422,14.1322021484375,11.625136375427246,9.465780893961588,-137.6999969482422,-139.0,12.06772518157959,-158.02000427246094,-157.0,-155.0,-146.0,-139.0,-129.0,-125.0,-116.8499984741211,-110.95999908447266
4224,-137.6999969482422,14.120689392089844,11.646238327026367,9.378427823384603,-137.6999969482422,-139.0,12.06772518157959,-158.02000427246094,-157.0,-155.0,-146.0,-139.0,-129.0,-125.0,-116.8499984741211,-110.95999908447266
4272,-137.72000122070312,14.08387565612793,11.65913200378418,9.262640953063965,-137.72000122070312,-139.0,12.094693183898926,-158.02000427246094,-157.0,-155.0,-146.0,-139.0,-129.0,-125.0,-116.8499984741211,-110.95999908447266
4320,-137.739990234375,14.048316955566406,11.650314331054688,9.188067754109701,-137.74000549316406,-139.0,12.096793174743652,-158.02000427246094,-157.0,-155.0,-146.0,-139.0,-129.0,-125.0,-116.8499984741211,-110.95999908447266
4368,-137.739990234375,14.040881156921387,11.660823822021484,9.122464179992676,-137.74000549316406,-139.0,12.096793174743652,-158.02000427246094,-157.0,-155.0,-146.0,-139.0,-129.0,-125.0,-116.8499984741211,-110.95999908447266
4416,-137.739990234375,14.063213348388672,11.705321311950684,9.043768882751465,-137.74000549316406,-139.0,12.096793174743652,-158.02000427246094,-157.0,-155.0,-146.0,-139.0,-129.0,-125.0,-116.8499984741211,-110.95999908447266
4464,-137.739990234375,14.019854545593262,11.684523582458496,8.963358561197916,-137.74000549316406,-139.0,12.096793174743652,-158.02000427246094,-157.0,-155.0,-146.0,-139.0,-129.0,-125.0,-116.8499984741211,-110.95999908447266
4512,-137.739990234375,13.981734275817871,11.695684432983398,8.857402483622232,-137.74000549316406,-139.0,12.096793174743652,-158.02000427246094,-157.0,-155.0,-146.0,-139.0,-129.0,-125.0,-116.8499984741211,-110.95999908447266
4560,-137.77999877929688,13.969371795654297,11.7161865234375,8.78209400177002,-137.77999877929688,-139.0,12.090970993041992,-158.02000427246094,-157.0,-155.0,-146.0,-139.0,-129.0,-125.0,-116.8499984741211,-110.95999908447266
4608,-137.77999877929688,13.941728591918945,11.710036277770996,8.691895802815756,-137.77999877929688,-139.0,12.090970993041992,-158.02000427246094,-157.0,-155.0,-146.0,-139.0,-129.0,-125.0,-116.8499984741211,-110.95999908447266
4656,-137.77999877929688,13.933004379272461,11.744468688964844,8.592718442281088,-137.77999877929688,-139.0,12.090970993041992,-158.02000427246094,-157.0,-155.0,-146.0,-139.0,-129.0,-125.0,-116.8499984741211,-110.95999908447266
4704,-137.77999877929688,13.944494247436523,11.772506713867188,8.551812807718912,-137.77999877929688,-139.0,12.090970993041992,-158.02000427246094,-157.0,-155.0,-146.0,-139.0,-129.0,-125.0,-116.8499984741211,-110.95999908447266
4752,-137.8000030517578,13.910418510437012,11.770514488220215,8.470019022623697,-137.8000030517578,-139.0,12.121055603027344,-158.02000427246094,-157.0,-155.0,-146.0,-139.0,-129.0,-125.0,-116.8499984741211,-110.95999908447266
4800,-137.8199920654297,13.881548881530762,11.770137786865234,8.385868708292643,-137.82000732421875,-139.0,12.113116264343262,-158.02000427246094,-157.0,-155.0,-146.0,-139.0,-129.0,-125.0,-116.8499984741211,-110.95999908447266
4848,-137.8199920654297,13.848742485046387,11.75897216796875,8.324825604756674,-137.82000732421875,-139.0,12.113116264343262,-158.02000427246094,-157.0,-155.0,-146.0,-139.0,-129.0,-125.0,-116.8499984741211,-110.95999908447266
4896,-137.86000061035156,13.848878860473633,11.771308898925781,8.265584945678711,-137.86000061035156,-139.0,12.08057975769043,-158.02000427246094,-157.0,-155.0,-146.0,-139.0,-129.0,-125.0,-116.8499984741211,-110.95999908447266
4944,-137.86000061035156,13.815980911254883,11.760614395141602,8.184167861938477,-137.86000061035156,-139.0,12.08057975769043,-158.02000427246094,-157.0,-155.0,-146.0,-139.0,-129.0,-125.0,-116.8499984741211,-110.95999908447266
4992,-137.87998962402344,13.793055534362793,11.75599479675293,8.114171504974365,-137.8800048828125,-139.0,12.092377662658691,-158.02000427246094,-157.0,-155.0,-146.0,-139.0,-129.0,-125.0,-116.8499984741211,-110.95999908447266
5040,-137.87998962402344,13.766611099243164,11.753257751464844,8.04656982421875,-137.8800048828125,-139.0,12.092377662658691,-158.02000427246094,-157.0,-155.0,-146.0,-139.0,-129.0,-125.0,-116.8499984741211,-110.95999908447266
5088,-137.87998962402344,13.753738403320312,11.780891418457031,7.956328550974528,-137.8800048828125,-139.0,12.092377662658691,-158.02000427246094,-157.0,-155.0,-146.0,-139.0,-129.0,-125.0,-116.8499984741211,-110.95999908447266
5136,-137.87998962402344,13.745088577270508,11.7982177734375,7.890460968017578,-137.8800048828125,-139.0,12.092377662658691,-158.02000427246094,-157.0,-155.0,-146.0,-139.0,-129.0,-125.0,-116.8499984741211,-110.95999908447266
5184,-137.87998962402344,13.72097396850586,11.813563346862793,7.783750693003337,-137.8800048828125,-139.0,12.092377662658691,-158.02000427246094,-157.0,-155.0,-146.0,-139.0,-129.0,-125.0,-116.8499984741211,-110.95999908447266
5232,-137.87998962402344,13.693819999694824,11.815284729003906,7.714173158009847,-137.8800048828125,-139.0,12.092377662658691,-158.02000427246094,-157.0,-155.0,-146.0,-139.0,-129.0,-125.0,-116.8499984741211,-110.95999908447266
5280,-137.87998962402344,13.643061637878418,11.796072006225586,7.621324062347412,-137.8800048828125,-139.0,12.092377662658691,-158.02000427246094,-157.0,-155.0,-146.0,-139.0,-129.0,-125.0,-116.8499984741211,-110.95999908447266
5328,-137.87998962402344,13.615279197692871,11.806888580322266,7.533007621765137,-137.8800048828125,-139.0,12.092377662658691,-158.02000427246094,-157.0,-155.0,-146.0,-139.0,-129.0,-125.0,-116.8499984741211,-110.95999908447266
5376,-137.87998962402344,13.602071762084961,11.80872917175293,7.467074394226074,-137.8800048828125,-139.0,12.092377662658691,-158.02000427246094,-157.0,-155.0,-146.0,-139.0,-129.0,-125.0,-116.8499984741211,-110.95999908447266
5424,-137.87998962402344,13.535650253295898,11.769140243530273,7.366040070851644,-137.8800048828125,-139.0,12.092377662658691,-158.02000427246094,-157.0,-155.0,-146.0,-139.0,-129.0,-125.0,-116.8499984741211,-110.95999908447266
5472,-137.87998962402344,13.503721237182617,11.767572402954102,7.283338705698649,-137.8800048828125,-139.0,12.092377662658691,-158.02000427246094,-157.0,-155.0,-146.0,-139.0,-129.0,-125.0,-116.8499984741211,-110.95999908447266
5520,-137.87998962402344,13.463939666748047,11.764541625976562,7.179098606109619,-137.8800048828125,-139.0,12.092377662658691,-158.02000427246094,-157.0,-155.0,-146.0,-139.0,-129.0,-125.0,-116.8499984741211,-110.95999908447266
5568,-137.9199981689453,13.457201957702637,11.770635604858398,7.1258619626363116,-137.9199981689453,-139.0,12.036345481872559,-158.02000427246094,-157.0,-155.0,-146.0,-139.0,-129.0,-125.0,-116.8499984741211,-110.95999908447266
5616,-137.94000244140625,13.418928146362305,11.769255638122559,7.035925070444743,-137.94000244140625,-139.0,12.051405906677246,-158.02000427246094,-157.0,-155.0,-146.0,-139.0,-129.0,-125.0,-116.8499984741211,-110.95999908447266
5664,-137.94000244140625,13.440977096557617,11.812488555908203,6.9861860275268555,-137.94000244140625,-139.0,12.051405906677246,-158.02000427246094,-157.0,-155.0,-146.0,-139.0,-129.0,-125.0,-116.8499984741211,-110.95999908447266
5712,-137.94000244140625,13.396910667419434,11.805910110473633,6.896407127380371,-137.94000244140625,-139.0,12.051405906677246,-158.02000427246094,-157.0,-155.0,-146.0,-139.0,-129.0,-125.0,-116.8499984741211,-110.95999908447266
5760,-137.95999145507812,13.34995174407959,11.786998748779297,6.83571179707845,-137.9600067138672,-139.0,12.05148983001709,-158.02000427246094,-157.0,-155.0,-146.0,-139.0,-129.0,-125.0,-116.8499984741211,-110.95999908447266
5808,-137.95999145507812,13.340600967407227,11.798791885375977,6.772861957550049,-137.9600067138672,-139.0,12.05148983001709,-158.02000427246094,-157.0,-155.0,-146.0,-139.0,-129.0,-125.0,-116.8499984741211,-110.95999908447266
5856,-137.95999145507812,13.272838592529297,11.761034965515137,6.691483656565349,-137.9600067138672,-139.0,12.05148983001709,-158.02000427246094,-157.0,-155.0,-146.0,-139.0,-129.0,-125.0,-116.8499984741211,-110.95999908447266
5904,-137.95999145507812,13.246105194091797,11.77070140838623,6.604130585988362,-137.9600067138672,-139.0,12.05148983001709,-158.02000427246094,-157.0,-155.0,-146.0,-139.0,-129.0,-125.0,-116.8499984741211,-110.95999908447266
5952,-137.95999145507812,13.227792739868164,11.76668930053711,6.550841808319092,-137.9600067138672,-139.0,12.05148983001709,-158.02000427246094,-157.0,-155.0,-146.0,-139.0,-129.0,-125.0,-116.8499984741211,-110.95999908447266
6000,-137.95999145507812,13.17042350769043,11.728849411010742,6.488624890645345,-137.9600067138672,-139.0,12.05148983001709,-158.02000427246094,-157.0,-155.0,-146.0,-139.0,-129.0,-125.0,-116.8499984741211,-110.95999908447266
6048,-137.95999145507812,13.15347671508789,11.729994773864746,6.429403463999431,-137.9600067138672,-139.0,12.05148983001709,-158.02000427246094,-157.0,-155.0,-146.0,-139.0,-129.0,-125.0,-116.8499984741211,-110.95999908447266
6096,-137.95999145507812,13.151765823364258,11.747610092163086,6.379569848378499,-137.9600067138672,-139.0,12.05148983001709,-158.02000427246094,-157.0,-155.0,-146.0,-139.0,-129.0,-125.0,-116.8499984741211,-110.95999908447266
6144,-137.95999145507812,13.102746963500977,11.710180282592773,6.335191090901692,-137.9600067138672,-139.0,12.05148983001709,-158.02000427246094,-157.0,-155.0,-146.0,-139.0,-129.0,-125.0,-116.8499984741211,-110.95999908447266
6192,-137.95999145507812,13.050012588500977,11.68897819519043,6.273821671803792,-137.9600067138672,-139.0,12.05148983001709,-158.02000427246094,-157.0,-155.0,-146.0,-139.0,-129.0,-125.0,-116.8499984741211,-110.95999908447266
6240,-137.97999572753906,13.012450218200684,11.686948776245117,6.177626291910808,-137.97999572753906,-139.0,12.073094367980957,-158.02000427246094,-157.0,-155.0,-146.0,-139.0,-129.0,-125.0,-116.8499984741211,-110.95999908447266
6288,-137.97999572753906,13.001394271850586,11.702159881591797,6.102689901987712,-137.97999572753906,-139.0,12.073094367980957,-158.02000427246094,-157.0,-155.0,-146.0,-139.0,-129.0,-125.0,-116.8499984741211,-110.95999908447266
6336,-137.97999572753906,12.95176887512207,11.681983947753906,6.020482858022054,-137.97999572753906,-139.0,12.073094367980957,-158.02000427246094,-157.0,-155.0,-146.0,-139.0,-129.0,-125.0,-116.8499984741211,-110.95999908447266
6384,-137.97999572753906,12.953775405883789,11.691184043884277,5.964332103729248,-137.97999572753906,-139.0,12.073094367980957,-158.02000427246094,-157.0,-155.0,-146.0,-139.0,-129.0,-125.0,-116.8499984741211,-110.95999908447266
6432,-137.97999572753906,12.925566673278809,11.679676055908203,5.8914337158203125,-137.97999572753906,-139.0,12.073094367980957,-158.02000427246094,-157.0,-155.0,-146.0,-139.0,-129.0,-125.0,-116.8499984741211,-110.95999908447266
6480,-137.97999572753906,12.928533554077148,11.68867301940918,5.87883726755778,-137.97999572753906,-139.0,12.073094367980957,-158.02000427246094,-157.0,-155.0,-146.0,-139.0,-129.0,-125.0,-116.8499984741211,-110.95999908447266
6528,-137.97999572753906,12.895524978637695,11.677377700805664,5.811718622843425,-137.97999572753906,-139.0,12.073094367980957,-158.02000427246094,-157.0,-155.0,-146.0,-139.0,-129.0,-125.0,-116.8499984741211,-110.95999908447266
6576,-137.97999572753906,12.874383926391602,11.681705474853516,5.75030501683553,-137.97999572753906,-139.0,12.073094367980957,-158.02000427246094,-157.0,-155.0,-146.0,-139.0,-129.0,-125.0,-116.8499984741211,-110.95999908447266
6624,-137.97999572753906,12.84753704071045,11.675017356872559,5.688210805257161,-137.97999572753906,-139.0,12.073094367980957,-158.02000427246094,-157.0,-155.0,-146.0,-139.0,-129.0,-125.0,-116.8499984741211,-110.95999908447266
6672,-137.97999572753906,12.854166984558105,11.695979118347168,5.649295330047607,-137.97999572753906,-139.0,12.073094367980957,-158.02000427246094,-157.0,-155.0,-146.0,-139.0,-129.0,-125.0,-116.8499984741211,-110.95999908447266
6720,-138.0399932861328,12.83371639251709,11.700704574584961,5.577953497568767,-138.0399932861328,-139.0,12.023242950439453,-158.02000427246094,-157.0,-155.0,-146.0,-139.0,-129.75,-125.0,-116.8499984741211,-110.95999908447266
6768,-138.0399932861328,12.819055557250977,11.699020385742188,5.523099899291992,-138.0399932861328,-139.0,12.023242950439453,-158.02000427246094,-157.0,-155.0,-146.0,-139.0,-129.75,-125.0,-116.8499984741211,-110.95999908447266
6816,-138.0399932861328,12.80449104309082,11.698763847351074,5.4597274462382,-138.0399932861328,-139.0,12.023242950439453,-158.02000427246094,-157.0,-155.0,-146.0,-139.0,-129.75,-125.0,-116.8499984741211,-110.95999908447266
6864,-138.0399932861328,12.773158073425293,11.69073486328125,5.3984982172648115,-138.0399932861328,-139.0,12.023242950439453,-158.02000427246094,-157.0,-155.0,-146.0,-139.0,-129.75,-125.0,-116.8499984741211,-110.95999908447266
6912,-138.0399932861328,12.737419128417969,11.674369812011719,5.3244428634643555,-138.0399932861328,-139.0,12.023242950439453,-158.02000427246094,-157.0,-155.0,-146.0,-139.0,-129.75,-125.0,-116.8499984741211,-110.95999908447266
6960,-138.0399932861328,12.736811637878418,11.693410873413086,5.266987005869548,-138.0399932861328,-139.0,12.023242950439453,-158.02000427246094,-157.0,-155.0,-146.0,-139.0,-129.75,-125.0,-116.8499984741211,-110.95999908447266
7008,-138.0399932861328,12.719595909118652,11.69976806640625,5.201491355895996,-138.0399932861328,-139.0,12.023242950439453,-158.02000427246094,-157.0,-155.0,-146.0,-139.0,-129.75,-125.0,-116.8499984741211,-110.95999908447266
7056,-138.0399932861328,12.663711547851562,11.65299129486084,5.123660246531169,-138.0399932861328,-139.0,12.023242950439453,-158.02000427246094,-157.0,-155.0,-146.0,-139.0,-129.75,-125.0,-116.8499984741211,-110.95999908447266
7104,-138.0399932861328,12.631729125976562,11.648199081420898,5.0452752113342285,-138.0399932861328,-139.0,12.023242950439453,-158.02000427246094,-157.0,-155.0,-146.0,-139.0,-129.75,-125.0,-116.8499984741211,-110.95999908447266
7152,-138.0399932861328,12.646383285522461,11.674352645874023,4.991642951965332,-138.0399932861328,-139.0,12.023242950439453,-158.02000427246094,-157.0,-155.0,-146.0,-139.0,-129.75,-125.0,-116.8499984741211,-110.95999908447266
7200,-138.05999755859375,12.63209342956543,11.669639587402344,4.954814434051514,-138.05999755859375,-139.0,12.029812812805176,-158.02000427246094,-157.0,-155.0,-146.0,-139.0,-129.75,-125.0,-116.8499984741211,-110.95999908447266
7248,-138.05999755859375,12.641971588134766,11.69169807434082,4.916606267293294,-138.05999755859375,-139.0,12.029812812805176,-158.02000427246094,-157.0,-155.0,-146.0,-139.0,-129.75,-125.0,-116.8499984741211,-110.95999908447266
7296,-138.05999755859375,12.647032737731934,11.723236083984375,4.848151524861653,-138.05999755859375,-139.0,12.029812812805176,-158.02000427246094,-157.0,-155.0,-146.0,-139.0,-129.75,-125.0,-116.8499984741211,-110.95999908447266
7344,-138.05999755859375,12.657344818115234,11.746135711669922,4.795740604400635,-138.05999755859375,-139.0,12.029812812805176,-158.02000427246094,-157.0,-155.0,-146.0,-139.0,-129.75,-125.0,-116.8499984741211,-110.95999908447266
7392,-138.05999755859375,12.664305686950684,11.754295349121094,4.759486198425293,-138.05999755859375,-139.0,12.029812812805176,-158.02000427246094,-157.0,-155.0,-146.0,-139.0,-129.75,-125.0,-116.8499984741211,-110.95999908447266
7440,-138.05999755859375,12.672746658325195,11.770869255065918,4.726250171661377,-138.05999755859375,-139.0,12.029812812805176,-158.02000427246094,-157.0,-155.0,-146.0,-139.0,-129.75,-125.0,-116.8499984741211,-110.95999908447266
7488,-138.05999755859375,12.66670036315918,11.780207633972168,4.672110080718994,-138.05999755859375,-139.0,12.029812812805176,-158.02000427246094,-157.0,-155.0,-146.0,-139.0,-129.75,-125.0,-116.8499984741211,-110.95999908447266
7536,-138.05999755859375,12.629158020019531,11.762771606445312,4.60297695795695,-138.05999755859375,-139.0,12.029812812805176,-158.02000427246094,-157.0,-155.0,-146.0,-139.0,-129.75,-125.0,-116.8499984741211,-110.95999908447266
7584,-138.05999755859375,12.588640213012695,11.740912437438965,4.53489335378011,-138.05999755859375,-139.0,12.029812812805176,-158.02000427246094,-157.0,-155.0,-146.0,-139.0,-129.75,-125.0,-116.8499984741211,-110.95999908447266
7632,-138.05999755859375,12.593788146972656,11.76220703125,4.473611672719319,-138.05999755859375,-139.0,12.029812812805176,-158.02000427246094,-157.0,-155.0,-146.0,-139.0,-129.75,-125.0,-116.8499984741211,-110.95999908447266
7680,-138.05999755859375,12.582740783691406,11.75537395477295,4.450761159261067,-138.05999755859375,-139.0,12.029812812805176,-158.02000427246094,-157.0,-155.0,-146.0,-139.0,-129.75,-125.0,-116.8499984741211,-110.95999908447266
7728,-138.05999755859375,12.571821212768555,11.754866600036621,4.417919158935547,-138.05999755859375,-139.0,12.029812812805176,-158.02000427246094,-157.0,-155.0,-146.0,-139.0,-129.75,-125.0,-116.8499984741211,-110.95999908447266
7776,-138.05999755859375,12.530135154724121,11.739195823669434,4.34088134765625,-138.05999755859375,-139.0,12.029812812805176,-158.02000427246094,-157.0,-155.0,-146.0,-139.0,-129.75,-125.0,-116.8499984741211,-110.95999908447266
7824,-138.05999755859375,12.524169921875,11.748188018798828,4.3019992510477705,-138.05999755859375,-139.0,12.029812812805176,-158.02000427246094,-157.0,-155.0,-146.0,-139.0,-129.75,-125.0,-116.8499984741211,-110.95999908447266
7872,-138.05999755859375,12.578264236450195,11.807050704956055,4.271617571512858,-138.05999755859375,-139.0,12.029812812805176,-158.02000427246094,-157.0,-155.0,-146.0,-139.0,-129.75,-125.0,-116.8499984741211,-110.95999908447266
7920,-138.05999755859375,12.546674728393555,11.793607711791992,4.209571838378906,-138.05999755859375,-139.0,12.029812812805176,-158.02000427246094,-157.0,-155.0,-146.0,-139.0,-129.75,-125.0,-116.8499984741211,-110.95999908447266
7968,-138.05999755859375,12.565221786499023,11.82956600189209,4.134036540985107,-138.05999755859375,-139.0,12.029812812805176,-158.02000427246094,-157.0,-155.0,-146.0,-139.0,-129.75,-125.0,-116.8499984741211,-110.95999908447266
8016,-138.05999755859375,12.4669828414917,11.754926681518555,4.043325901031494,-138.05999755859375,-139.0,12.029812812805176,-158.02000427246094,-157.0,-155.0,-146.0,-139.0,-129.75,-125.0,-116.8499984741211,-110.95999908447266
8064,-138.05999755859375,12.417366027832031,11.740819931030273,3.9636499087015786,-138.05999755859375,-139.0,12.029812812805176,-158.02000427246094,-157.0,-155.0,-146.0,-139.0,-129.75,-125.0,-116.8499984741211,-110.95999908447266
8112,-138.05999755859375,12.42801570892334,11.743888854980469,3.955955664316813,-138.05999755859375,-139.0,12.029812812805176,-158.02000427246094,-157.0,-155.0,-146.0,-139.0,-129.75,-125.0,-116.8499984741211,-110.95999908447266
8160,-138.05999755859375,12.441679954528809,11.77173900604248,3.895390033721924,-138.05999755859375,-139.0,12.029812812805176,-158.02000427246094,-157.0,-155.0,-146.0,-139.0,-129.75,-125.0,-116.8499984741211,-110.95999908447266
8208,-138.05999755859375,12.482328414916992,11.814743041992188,3.879422346750895,-138.05999755859375,-139.0,12.029812812805176,-158.02000427246094,-157.0,-155.0,-146.0,-139.0,-129.75,-125.0,-116.8499984741211,-110.95999908447266
8256,-138.05999755859375,12.458984375,11.795967102050781,3.8239568869272866,-138.05999755859375,-139.0,12.029812812805176,-158.02000427246094,-157.0,-155.0,-146.0,-139.0,-129.75,-125.0,-116.8499984741211,-110.95999908447266
8304,-138.05999755859375,12.409038543701172,11.761115074157715,3.75661039352417,-138.05999755859375,-139.0,12.029812812805176,-158.02000427246094,-157.0,-155.0,-146.0,-139.0,-129.75,-125.0,-116.8499984741211,-110.95999908447266
8352,-138.05999755859375,12.420125961303711,11.784841537475586,3.704237461090088,-138.05999755859375,-139.0,12.029812812805176,-158.02000427246094,-157.0,-155.0,-146.0,-139.0,-129.75,-125.0,-116.8499984741211,-110.95999908447266
8400,-138.05999755859375,12.353078842163086,11.749876022338867,3.616329828898112,-138.05999755859375,-139.0,12.029812812805176,-158.02000427246094,-157.0,-155.0,-146.0,-139.0,-129.75,-125.0,-116.8499984741211,-110.95999908447266
8448,-138.05999755859375,12.368074417114258,11.766639709472656,3.59376327196757,-138.05999755859375,-139.0,12.029812812805176,-158.02000427246094,-157.0,-155.0,-146.0,-139.0,-129.75,-125.0,-116.8499984741211,-110.95999908447266
8496,-138.05999755859375,12.346991539001465,11.77039623260498,3.5056064128875732,-138.05999755859375,-139.0,12.029812812805176,-158.02000427246094,-157.0,-155.0,-146.0,-139.0,-129.75,-125.0,-116.8499984741211,-110.95999908447266
8544,-138.05999755859375,12.315386772155762,11.746065139770508,3.46671994527181,-138.05999755859375,-139.0,12.029812812805176,-158.02000427246094,-157.0,-155.0,-146.0,-139.0,-129.75,-125.0,-116.8499984741211,-110.95999908447266
8592,-138.05999755859375,12.26901912689209,11.714140892028809,3.408998727798462,-138.05999755859375,-139.0,12.029812812805176,-158.02000427246094,-157.0,-155.0,-146.0,-139.0,-129.75,-125.0,-116.8499984741211,-110.95999908447266
8640,-138.09999084472656,12.242874145507812,11.70612621307373,3.344770828882853,-138.10000610351562,-139.0,12.022894859313965,-158.02000427246094,-157.0,-155.0,-146.0,-139.0,-129.75,-125.0,-116.8499984741211,-110.95999908447266
8688,-138.09999084472656,12.233641624450684,11.708213806152344,3.276304244995117,-138.10000610351562,-139.0,12.022894859313965,-158.02000427246094,-157.0,-155.0,-146.0,-139.0,-129.75,-125.0,-116.8499984741211,-110.95999908447266
8736,-138.09999084472656,12.311660766601562,11.78445053100586,3.277474800745646,-138.10000610351562,-139.0,12.022894859313965,-158.02000427246094,-157.0,-155.0,-146.0,-139.0,-129.75,-125.0,-116.8499984741211,-110.95999908447266
8784,-138.09999084472656,12.261556625366211,11.753778457641602,3.217677672704061,-138.10000610351562,-139.0,12.022894859313965,-158.02000427246094,-157.0,-155.0,-146.0,-139.0,-129.75,-125.0,-116.8499984741211,-110.95999908447266
8832,-138.09999084472656,12.240888595581055,11.732938766479492,3.1955045064290366,-138.10000610351562,-139.0,12.022894859313965,-158.02000427246094,-157.0,-155.0,-146.0,-139.0,-129.75,-125.0,-116.8499984741211,-110.95999908447266
8880,-138.09999084472656,12.24557876586914,11.745735168457031,3.133556683858236,-138.10000610351562,-139.0,12.022894859313965,-158.02000427246094,-157.0,-155.0,-146.0,-139.0,-129.75,-125.0,-116.8499984741211,-110.95999908447266
8928,-138.09999084472656,12.19575309753418,11.7225341796875,3.0672758420308432,-138.10000610351562,-139.0,12.022894859313965,-158.02000427246094,-157.0,-155.0,-146.0,-139.0,-129.75,-125.0,-116.8499984741211,-110.95999908447266
8976,-138.09999084472656,12.197843551635742,11.736576080322266,3.013089736302694,-138.10000610351562,-139.0,12.022894859313965,-158.02000427246094,-157.0,-155.0,-146.0,-139.0,-129.75,-125.0,-116.8499984741211,-110.95999908447266
9024,-138.09999084472656,12.145487785339355,11.690844535827637,2.9347681204477944,-138.10000610351562,-139.0,12.022894859313965,-158.02000427246094,-157.0,-155.0,-146.0,-139.0,-129.75,-125.0,-116.8499984741211,-110.95999908447266
9072,-138.09999084472656,12.127711296081543,11.700925827026367,2.846933682759603,-138.10000610351562,-139.0,12.022894859313965,-158.02000427246094,-157.0,-155.0,-146.0,-139.0,-129.75,-125.0,-116.8499984741211,-110.95999908447266
9120,-138.09999084472656,12.114665985107422,11.702171325683594,2.7721879482269287,-138.10000610351562,-139.0,12.022894859313965,-158.02000427246094,-157.0,-155.0,-146.0,-139.0,-129.75,-125.0,-116.8499984741211,-110.95999908447266
9168,-138.09999084472656,12.113851547241211,11.69986629486084,2.7407275835673013,-138.10000610351562,-139.0,12.022894859313965,-158.02000427246094,-157.0,-155.0,-146.0,-139.0,-129.75,-125.0,-116.8499984741211,-110.95999908447266
9216,-138.09999084472656,12.1393461227417,11.710203170776367,2.7597573598225913,-138.10000610351562,-139.0,12.022894859313965,-158.02000427246094,-157.0,-155.0,-146.0,-139.0,-129.75,-125.0,-116.8499984741211,-110.95999908447266
9264,-138.09999084472656,12.122408866882324,11.718912124633789,2.7177767753601074,-138.10000610351562,-139.0,12.022894859313965,-158.02000427246094,-157.0,-155.0,-146.0,-139.0,-129.75,-125.0,-116.8499984741211,-110.95999908447266
9312,-138.09999084472656,12.069358825683594,11.673341751098633,2.658423662185669,-138.10000610351562,-139.0,12.022894859313965,-158.02000427246094,-157.0,-155.0,-146.0,-139.0,-129.75,-125.0,-116.8499984741211,-110.95999908447266
9360,-138.09999084472656,12.055724143981934,11.649951934814453,2.6448150475819907,-138.10000610351562,-139.0,12.022894859313965,-158.02000427246094,-157.0,-155.0,-146.0,-139.0,-129.75,-125.0,-116.8499984741211,-110.95999908447266
9408,-138.09999084472656,12.108049392700195,11.717201232910156,2.5653990109761557,-138.10000610351562,-139.0,12.022894859313965,-158.02000427246094,-157.0,-155.0,-146.0,-139.0,-129.75,-125.0,-116.8499984741211,-110.95999908447266
9456,-138.09999084472656,12.096311569213867,11.736909866333008,2.43505859375,-138.10000610351562,-139.0,12.022894859313965,-158.02000427246094,-157.0,-155.0,-146.0,-139.0,-129.75,-125.0,-116.8499984741211,-110.95999908447266
9504,-138.09999084472656,12.013388633728027,11.663091659545898,2.348515510559082,-138.10000610351562,-139.0,12.022894859313965,-158.02000427246094,-157.0,-155.0,-146.0,-139.0,-129.75,-125.0,-116.8499984741211,-110.95999908447266
9552,-138.09999084472656,11.987372398376465,11.645639419555664,2.324111302693685,-138.10000610351562,-139.0,12.022894859313965,-158.02000427246094,-157.0,-155.0,-146.0,-139.0,-129.75,-125.0,-116.8499984741211,-110.95999908447266
9600,-138.09999084472656,11.98458480834961,11.658956527709961,2.258071263631185,-138.10000610351562,-139.0,12.022894859313965,-158.02000427246094,-157.0,-155.0,-146.0,-139.0,-129.75,-125.0,-116.8499984741211,-110.95999908447266
9648,-138.1199951171875,11.944846153259277,11.629480361938477,2.2152469158172607,-138.1199951171875,-139.0,12.052618026733398,-158.02000427246094,-157.0,-155.10000610351562,-146.0,-139.0,-129.75,-125.0,-116.8499984741211,-110.95999908447266
9696,-138.1199951171875,11.913790702819824,11.60779094696045,2.1553517977396646,-138.1199951171875,-139.0,12.052618026733398,-158.02000427246094,-157.0,-155.10000610351562,-146.0,-139.0,-129.75,-125.0,-116.8499984741211,-110.95999908447266
9744,-138.1199951171875,11.929393768310547,11.651311874389648,2.1075836022694907,-138.1199951171875,-139.0,12.052618026733398,-158.02000427246094,-157.0,-155.10000610351562,-146.0,-139.0,-129.75,-125.0,-116.8499984741211,-110.95999908447266
9792,-138.1199951171875,11.956496238708496,11.683462142944336,2.057373841603597,-138.1199951171875,-139.0,12.052618026733398,-158.02000427246094,-157.0,-155.10000610351562,-146.0,-139.0,-129.75,-125.0,-116.8499984741211,-110.95999908447266
9840,-138.1199951171875,11.934877395629883,11.669614791870117,1.9833868344624836,-138.1199951171875,-139.0,12.052618026733398,-158.02000427246094,-157.0,-155.10000610351562,-146.0,-139.0,-129.75,-125.0,-116.8499984741211,-110.95999908447266
9888,-138.1199951171875,11.901433944702148,11.662948608398438,1.9226771990458171,-138.1199951171875,-139.0,12.052618026733398,-158.02000427246094,-157.0,-155.10000610351562,-146.0,-139.0,-129.75,-125.0,-116.8499984741211,-110.95999908447266
9936,-138.1199951171875,11.90853500366211,11.675726890563965,1.866977055867513,-138.1199951171875,-139.0,12.052618026733398,-158.02000427246094,-157.0,-155.10000610351562,-146.0,-139.0,-129.75,-125.0,-116.8499984741211,-110.95999908447266
9984,-138.1199951171875,11.88331413269043,11.655566215515137,1.802858591079712,-138.1199951171875,-139.0,12.052618026733398,-158.02000427246094,-157.0,-155.10000610351562,-146.0,-139.0,-129.75,-125.0,-116.8499984741211,-110.95999908447266
