step,best_fitness,avg_hamming,avg_l1,avg_entropy,mean,median,std,2%,5%,10%,25%,50%,75%,90%,95%,98%
24,-113.1199951171875,31.977500915527344,2.047865390777588,44.23533248901367,-113.12000274658203,-110.5,27.911746978759766,-175.25999450683594,-162.14999389648438,-148.1999969482422,-132.25,-110.5,-93.5,-78.9000015258789,-72.0,-67.8399658203125
48,-131.25999450683594,31.96223258972168,2.2338712215423584,44.200663248697914,-131.25999450683594,-130.5,26.601736068725586,-188.1199951171875,-180.1999969482422,-170.5,-147.25,-130.5,-110.0,-103.80000305175781,-97.70002746582031,-84.0
72,-144.37998962402344,31.94856834411621,2.395991086959839,44.16833241780599,-144.3800048828125,-143.0,24.544157028198242,-194.0800018310547,-188.0,-175.3000030517578,-158.0,-143.0,-131.75,-113.9000015258789,-109.90000915527344,-97.87997436523438
96,-151.25999450683594,31.934972763061523,2.5205295085906982,44.1393788655599,-151.25999450683594,-149.0,22.948036193847656,-194.0800018310547,-190.10000610351562,-184.0,-165.0,-149.0,-135.5,-125.0,-116.85001373291016,-110.89997863769531
120,-155.16000366210938,31.923171997070312,2.6273927688598633,44.11274846394857,-155.16000366210938,-153.0,23.132108688354492,-198.24000549316406,-194.10000610351562,-190.0,-168.5,-153.0,-138.0,-131.89999389648438,-125.0,-114.0
144,-157.05999755859375,31.91353988647461,2.729592800140381,44.0893809000651,-157.05999755859375,-153.5,21.886899948120117,-202.16000366210938,-196.10000610351562,-190.1999969482422,-170.0,-153.5,-140.0,-132.0,-129.90000915527344,-127.93998718261719
168,-159.37998962402344,31.903278350830078,2.8325328826904297,44.06469853719076,-159.3800048828125,-156.0,21.592025756835938,-202.16000366210938,-196.10000610351562,-192.0,-173.5,-156.0,-142.0,-134.0,-132.0,-129.95999145507812
192,-161.37998962402344,31.892730712890625,2.9221363067626953,44.04149881998698,-161.3800048828125,-156.5,21.854419708251953,-209.02000427246094,-198.0,-192.0,-178.0,-156.5,-144.0,-134.0,-132.0,-130.0
216,-163.3199920654297,31.884557723999023,3.0125327110290527,44.019752502441406,-163.32000732421875,-159.0,22.146276473999023,-213.13999938964844,-202.34999084472656,-192.1999969482422,-178.0,-159.0,-145.5,-136.89999389648438,-134.0,-131.95999145507812
240,-164.86000061035156,31.875041961669922,3.0949008464813232,43.99644088745117,-164.86000061035156,-160.5,21.77935791015625,-213.13999938964844,-206.14999389648438,-194.1999969482422,-178.5,-160.5,-150.0,-138.0,-134.0,-132.0
264,-168.3199920654297,31.865192413330078,3.1864795684814453,43.972791035970054,-168.32000732421875,-163.0,22.282224655151367,-220.1999969482422,-209.0500030517578,-196.1999969482422,-184.0,-163.0,-151.5,-144.0,-138.0,-134.0
288,-169.1999969482422,31.854721069335938,3.26401686668396,43.94956843058268,-169.1999969482422,-164.5,21.740283966064453,-220.1999969482422,-209.0500030517578,-196.1999969482422,-184.25,-164.5,-152.75,-144.0,-140.90000915527344,-137.95999145507812
312,-170.51998901367188,31.84234619140625,3.3421683311462402,43.923903147379555,-170.52000427246094,-167.5,21.523235321044922,-220.1999969482422,-209.0500030517578,-198.1999969482422,-185.0,-167.5,-154.0,-146.0,-141.85000610351562,-137.95999145507812
336,-171.51998901367188,31.831295013427734,3.410059690475464,43.90044911702474,-171.52000427246094,-169.5,21.454360961914062,-220.1999969482422,-209.0500030517578,-200.1999969482422,-185.25,-169.5,-154.0,-146.0,-143.90000915527344,-137.95999145507812
360,-172.39999389648438,31.817943572998047,3.4852874279022217,43.87382125854492,-172.39999389648438,-171.0,20.896888732910156,-220.1999969482422,-209.0500030517578,-200.1999969482422,-185.25,-171.0,-156.0,-147.89999389648438,-144.0,-137.95999145507812
384,-173.59999084472656,31.806255340576172,3.551504135131836,43.84993998209635,-173.60000610351562,-172.0,20.656232833862305,-220.1999969482422,-210.14999389648438,-202.0,-186.5,-172.0,-158.0,-149.89999389648438,-146.0,-141.91998291015625
408,-174.86000061035156,31.794384002685547,3.6098766326904297,43.82723617553711,-174.86000061035156,-172.0,21.18632698059082,-227.05999755859375,-213.0500030517578,-202.3000030517578,-189.25,-172.0,-158.0,-149.89999389648438,-146.0,-141.91998291015625
432,-175.44000244140625,31.78060531616211,3.6751163005828857,43.8011105855306,-175.44000244140625,-173.0,20.925735473632812,-227.05999755859375,-213.0500030517578,-202.3000030517578,-189.25,-173.0,-158.0,-150.0,-146.0,-141.91998291015625
456,-176.4199981689453,31.767101287841797,3.738907814025879,43.774818420410156,-176.4199981689453,-175.0,21.08420181274414,-227.05999755859375,-213.0500030517578,-205.10000610351562,-190.0,-175.0,-160.75,-150.0,-146.0,-141.91998291015625
480,-177.83999633789062,31.75575828552246,3.802406072616577,43.75049718221029,-177.83999633789062,-177.5,21.064054489135742,-227.05999755859375,-213.0500030517578,-205.10000610351562,-192.0,-177.5,-162.0,-150.0,-146.95001220703125,-141.91998291015625
504,-178.17999267578125,31.743391036987305,3.8723857402801514,43.725388844807945,-178.17999267578125,-178.0,20.654481887817383,-227.05999755859375,-213.0500030517578,-205.10000610351562,-192.0,-178.0,-162.0,-152.0,-148.95001220703125,-145.91998291015625
528,-178.5,31.732877731323242,3.937539577484131,43.70279439290365,-178.5,-178.0,20.628862380981445,-227.05999755859375,-213.0500030517578,-205.10000610351562,-192.0,-178.0,-162.0,-152.0,-148.95001220703125,-145.91998291015625
552,-178.6199951171875,31.719741821289062,4.0049920082092285,43.67598978678385,-178.6199951171875,-178.0,20.635299682617188,-227.05999755859375,-213.0500030517578,-205.10000610351562,-192.0,-178.0,-162.0,-152.0,-148.95001220703125,-145.91998291015625
576,-178.94000244140625,31.706859588623047,4.061814308166504,43.65137608846029,-178.94000244140625,-178.0,20.567846298217773,-227.05999755859375,-213.0500030517578,-205.10000610351562,-192.0,-178.0,-162.0,-152.0,-148.95001220703125,-145.95999145507812
600,-180.33999633789062,31.694149017333984,4.12596321105957,43.62540181477865,-180.33999633789062,-180.0,20.320541381835938,-227.05999755859375,-213.0500030517578,-206.3000030517578,-192.5,-180.0,-163.5,-154.0,-149.90000915527344,-145.95999145507812
624,-180.94000244140625,31.678844451904297,4.189022064208984,43.59600830078125,-180.94000244140625,-181.0,20.504545211791992,-227.05999755859375,-213.0500030517578,-206.3000030517578,-196.0,-181.0,-163.5,-154.0,-149.90000915527344,-145.95999145507812
648,-181.77999877929688,31.6632137298584,4.253495216369629,43.56647872924805,-181.77999877929688,-181.5,20.794029235839844,-228.0399932861328,-214.3000030517578,-209.10000610351562,-196.0,-181.5,-165.5,-154.0,-149.90000915527344,-145.95999145507812
672,-182.44000244140625,31.64838218688965,4.311086177825928,43.53960418701172,-182.44000244140625,-182.5,20.79342269897461,-228.0399932861328,-214.3000030517578,-210.0,-196.0,-182.5,-167.5,-154.0,-149.90000915527344,-145.95999145507812
696,-182.77999877929688,31.632205963134766,4.3732171058654785,43.50932184855143,-182.77999877929688,-183.5,20.826702117919922,-228.0399932861328,-214.3000030517578,-210.0,-196.25,-183.5,-167.5,-154.0,-149.90000915527344,-145.95999145507812
720,-183.5399932861328,31.615764617919922,4.432430267333984,43.47958628336588,-183.5399932861328,-184.5,20.470184326171875,-228.0399932861328,-214.3000030517578,-210.0,-196.25,-184.5,-169.5,-155.8000030517578,-150.0,-145.95999145507812
744,-184.33999633789062,31.6010799407959,4.49070930480957,43.45139948527018,-184.33999633789062,-185.5,20.03807258605957,-228.0399932861328,-216.1999969482422,-210.0,-196.25,-185.5,-170.75,-157.89999389648438,-151.90000915527344,-146.97999572753906
768,-185.59999084472656,31.58077049255371,4.536211967468262,43.41958999633789,-185.60000610351562,-187.0,19.716997146606445,-228.0399932861328,-216.1999969482422,-210.0,-198.0,-187.0,-171.75,-158.89999389648438,-153.90000915527344,-149.9399871826172
792,-186.5800018310547,31.56338119506836,4.590305328369141,43.38906224568685,-186.5800018310547,-188.0,19.341758728027344,-228.0399932861328,-216.1999969482422,-210.0,-199.0,-188.0,-172.0,-159.89999389648438,-154.0,-150.0
816,-187.0800018310547,31.544410705566406,4.64968204498291,43.356683095296226,-187.0800018310547,-188.0,19.181074142456055,-228.0399932861328,-216.1999969482422,-210.0,-199.25,-188.0,-172.0,-159.89999389648438,-154.0,-150.0
840,-187.51998901367188,31.527318954467773,4.6987152099609375,43.32746887207031,-187.52000427246094,-188.5,18.84700584411621,-228.0399932861328,-216.1999969482422,-210.0,-200.0,-188.5,-172.0,-162.0,-157.90000915527344,-151.95999145507812
864,-188.67999267578125,31.50527000427246,4.741071701049805,43.29383087158203,-188.67999267578125,-190.0,18.636995315551758,-228.0399932861328,-216.1999969482422,-210.0,-200.25,-190.0,-176.0,-162.0,-157.90000915527344,-151.95999145507812
888,-190.0800018310547,31.48487663269043,4.792142868041992,43.259864807128906,-190.0800018310547,-191.5,18.947126388549805,-230.05999755859375,-220.34999084472656,-210.10000610351562,-203.25,-191.5,-178.0,-162.0,-158.95001220703125,-151.95999145507812
912,-190.13999938964844,31.46462631225586,4.836133003234863,43.22779846191406,-190.13999938964844,-191.5,18.941499710083008,-230.05999755859375,-220.34999084472656,-210.10000610351562,-203.25,-191.5,-178.0,-162.0,-158.95001220703125,-151.95999145507812
936,-190.67999267578125,31.44196319580078,4.881537914276123,43.1919314066569,-190.67999267578125,-192.0,18.68950653076172,-230.05999755859375,-220.34999084472656,-211.0,-204.0,-192.0,-178.0,-164.70001220703125,-161.90000915527344,-151.95999145507812
960,-190.6999969482422,31.417905807495117,4.923131942749023,43.156420389811196,-190.6999969482422,-192.0,18.666278839111328,-230.05999755859375,-220.34999084472656,-211.0,-204.0,-192.0,-178.0,-164.70001220703125,-161.90000915527344,-151.95999145507812
984,-190.9199981689453,31.39533042907715,4.973960876464844,43.11985524495443,-190.9199981689453,-192.0,18.35302734375,-230.05999755859375,-220.34999084472656,-211.0,-204.0,-192.0,-178.0,-165.89999389648438,-162.0,-153.91998291015625
1008,-191.1199951171875,31.37368392944336,5.031042098999023,43.0833740234375,-191.1199951171875,-192.0,18.1743106842041,-230.05999755859375,-220.34999084472656,-211.0,-204.0,-192.0,-178.0,-166.0,-162.0,-153.91998291015625
1032,-191.75999450683594,31.352298736572266,5.087173938751221,43.045491536458336,-191.75999450683594,-192.0,18.51438331604004,-230.05999755859375,-227.0,-213.10000610351562,-204.0,-192.0,-179.5,-166.0,-162.0,-153.91998291015625
1056,-192.47999572753906,31.32852554321289,5.137048721313477,43.005393981933594,-192.47999572753906,-193.0,18.129798889160156,-230.05999755859375,-227.0,-213.10000610351562,-204.25,-193.0,-180.75,-170.0,-162.0,-153.95999145507812
1080,-193.27999877929688,31.3035945892334,5.194295883178711,42.96524429321289,-193.27999877929688,-196.0,17.74941062927246,-230.05999755859375,-227.0,-213.10000610351562,-205.0,-196.0,-181.75,-170.0,-162.0,-159.8399658203125
1104,-194.6199951171875,31.27260971069336,5.246120452880859,42.91824467976888,-194.6199951171875,-196.0,18.607942581176758,-233.05999755859375,-228.10000610351562,-216.3000030517578,-206.0,-196.0,-182.75,-171.8000030517578,-162.0,-159.8399658203125
1128,-195.3199920654297,31.24441146850586,5.299100875854492,42.873836517333984,-195.32000732421875,-196.0,18.468826293945312,-233.05999755859375,-228.10000610351562,-219.10000610351562,-206.5,-196.0,-183.75,-172.0,-165.80001831054688,-159.8399658203125
1152,-195.36000061035156,31.21578598022461,5.357667446136475,42.82811991373698,-195.36000061035156,-196.0,18.37907600402832,-233.05999755859375,-228.10000610351562,-219.10000610351562,-206.5,-196.0,-183.75,-172.0,-165.80001831054688,-159.91998291015625
1176,-196.5399932861328,31.18721580505371,5.4103217124938965,42.78180185953776,-196.5399932861328,-198.0,18.95121192932129,-236.0800018310547,-230.0,-220.0,-208.0,-198.0,-185.5,-172.0,-165.80001831054688,-159.91998291015625
1200,-196.75999450683594,31.155223846435547,5.460341453552246,42.73349634806315,-196.75999450683594,-198.0,18.778244018554688,-236.0800018310547,-230.0,-220.0,-208.0,-198.0,-186.0,-172.0,-165.80001831054688,-159.91998291015625
1224,-197.5,31.123645782470703,5.5135040283203125,42.68547821044922,-197.5,-198.5,18.57821273803711,-236.0800018310547,-230.0,-220.0,-208.25,-198.5,-186.0,-172.0,-165.80001831054688,-159.91998291015625
1248,-197.87998962402344,31.09100914001465,5.570548057556152,42.63507080078125,-197.8800048828125,-198.5,18.533903121948242,-236.0800018310547,-230.10000610351562,-220.6999969482422,-208.25,-198.5,-186.0,-175.60000610351562,-169.80001831054688,-159.91998291015625
1272,-198.0,31.064197540283203,5.618005752563477,42.592638651529946,-198.0,-199.5,18.513778686523438,-236.0800018310547,-230.10000610351562,-220.6999969482422,-208.25,-199.5,-186.0,-175.60000610351562,-169.80001831054688,-159.91998291015625
1296,-198.39999389648438,31.02851104736328,5.667496681213379,42.53919982910156,-198.39999389648438,-199.5,19.010522842407227,-240.0800018310547,-232.0500030517578,-227.0,-209.25,-199.5,-186.0,-175.60000610351562,-169.80001831054688,-159.91998291015625
1320,-198.83999633789062,30.99786376953125,5.7292327880859375,42.48882039388021,-198.83999633789062,-200.0,19.03823471069336,-240.0800018310547,-232.0500030517578,-227.0,-210.0,-200.0,-187.5,-175.60000610351562,-169.80001831054688,-159.91998291015625
1344,-199.47999572753906,30.962881088256836,5.784987449645996,42.432916005452476,-199.47999572753906,-200.0,18.813016891479492,-240.0800018310547,-232.0500030517578,-227.0,-210.0,-200.0,-188.0,-176.0,-169.80001831054688,-161.95999145507812
1368,-200.36000061035156,30.923721313476562,5.8370208740234375,42.375075022379555,-200.36000061035156,-200.0,19.36570167541504,-240.0800018310547,-233.14999389648438,-228.1999969482422,-211.5,-200.0,-188.0,-176.0,-169.80001831054688,-161.95999145507812
1392,-201.27999877929688,30.886693954467773,5.876761436462402,42.323113759358726,-201.27999877929688,-200.0,19.137439727783203,-240.0800018310547,-236.0,-230.0,-213.25,-200.0,-189.75,-176.0,-170.0,-161.95999145507812
1416,-202.45999145507812,30.843414306640625,5.923191070556641,42.26188278198242,-202.4600067138672,-200.5,20.182872772216797,-244.0800018310547,-236.10000610351562,-230.1999969482422,-214.0,-200.5,-190.0,-176.0,-170.0,-161.95999145507812
1440,-203.13999938964844,30.805587768554688,5.966205596923828,42.20614878336588,-203.13999938964844,-200.5,19.886186599731445,-244.0800018310547,-236.10000610351562,-232.0,-214.0,-200.5,-190.0,-177.8000030517578,-172.0,-165.91998291015625
1464,-203.5800018310547,30.762298583984375,6.022549629211426,42.14233525594076,-203.5800018310547,-201.5,19.781394958496094,-244.0800018310547,-238.0,-232.10000610351562,-214.0,-201.5,-191.5,-179.8000030517578,-172.0,-165.91998291015625
1488,-204.1599884033203,30.719955444335938,6.0555338859558105,42.08404286702474,-204.16000366210938,-201.5,19.717363357543945,-244.0800018310547,-238.0,-232.10000610351562,-215.0,-201.5,-191.5,-180.0,-175.80001831054688,-165.91998291015625
1512,-204.77999877929688,30.678573608398438,6.102876663208008,42.02269490559896,-204.77999877929688,-202.0,19.99979019165039,-244.0800018310547,-238.0,-233.0,-216.0,-202.0,-192.0,-180.0,-175.80001831054688,-165.91998291015625
1536,-205.13999938964844,30.630712509155273,6.150855541229248,41.95419692993164,-205.13999938964844,-202.0,19.9183406829834,-244.0800018310547,-238.0,-233.0,-216.75,-202.0,-192.0,-183.60000610351562,-175.90000915527344,-165.91998291015625
1560,-208.5800018310547,30.58289337158203,6.193108558654785,41.888041178385414,-208.5800018310547,-204.0,21.889347076416016,-267.1400146484375,-244.1999969482422,-236.0,-220.0,-204.0,-195.0,-185.8000030517578,-176.0,-173.8399658203125
1584,-208.6999969482422,30.536720275878906,6.231390953063965,41.823296864827476,-208.6999969482422,-204.5,21.8638973236084,-267.1400146484375,-244.1999969482422,-236.0,-220.0,-204.5,-195.0,-185.8000030517578,-176.0,-173.8399658203125
1608,-210.63999938964844,30.486278533935547,6.265644073486328,41.754652659098305,-210.63999938964844,-206.0,22.48533821105957,-267.1400146484375,-250.5,-238.1999969482422,-223.0,-206.0,-196.0,-186.0,-177.90000915527344,-175.95999145507812
1632,-211.29998779296875,30.433780670166016,6.31217098236084,41.680615743001304,-211.3000030517578,-207.5,22.800657272338867,-267.1400146484375,-250.5,-244.0,-226.25,-207.5,-196.0,-186.0,-177.90000915527344,-175.95999145507812
1656,-211.79998779296875,30.378597259521484,6.367257595062256,41.59827677408854,-211.8000030517578,-209.5,22.8114013671875,-267.1400146484375,-250.5,-244.10000610351562,-226.25,-209.5,-196.0,-186.0,-177.90000915527344,-175.95999145507812
1680,-213.77999877929688,30.327587127685547,6.4092817306518555,41.52597173055013,-213.77999877929688,-211.5,22.794551849365234,-274.0,-260.1000061035156,-244.10000610351562,-227.25,-211.5,-197.75,-189.89999389648438,-183.7000274658203,-176.0
1704,-214.55999755859375,30.27816390991211,6.464131832122803,41.44977696736654,-214.55999755859375,-213.5,22.758874893188477,-274.0,-260.1000061035156,-244.10000610351562,-230.0,-213.5,-198.0,-189.89999389648438,-183.7000274658203,-176.0
1728,-215.6999969482422,30.218791961669922,6.505348205566406,41.36694208780924,-215.6999969482422,-213.5,23.241127014160156,-274.0799865722656,-262.25,-245.3000030517578,-230.0,-213.5,-199.5,-190.0,-186.0,-177.95999145507812
1752,-217.33999633789062,30.166667938232422,6.546635627746582,41.29417165120443,-217.33999633789062,-214.0,24.045879364013672,-274.0799865722656,-262.25,-248.0,-233.25,-214.0,-200.0,-190.0,-186.0,-177.95999145507812
1776,-218.37998962402344,30.119558334350586,6.594016075134277,41.22449493408203,-218.3800048828125,-214.5,23.943593978881836,-274.0799865722656,-262.25,-248.0,-235.25,-214.5,-200.0,-190.0,-186.0,-177.95999145507812
1800,-219.55999755859375,30.062740325927734,6.640519618988037,41.14366022745768,-219.55999755859375,-215.5,24.257089614868164,-274.1600036621094,-262.25,-249.10000610351562,-236.0,-215.5,-200.0,-190.0,-186.0,-177.95999145507812
1824,-220.72000122070312,30.001522064208984,6.673947811126709,41.06193542480469,-220.72000122070312,-216.0,24.137969970703125,-274.20001220703125,-262.25,-249.10000610351562,-236.0,-216.0,-201.75,-192.0,-189.95001220703125,-186.0
1848,-221.5800018310547,29.935466766357422,6.7320356369018555,40.966477711995445,-221.5800018310547,-216.0,24.425880432128906,-274.239990234375,-264.1499938964844,-250.0,-237.25,-216.0,-202.0,-192.0,-190.0,-187.95999145507812
1872,-222.36000061035156,29.868206024169922,6.777577877044678,40.8739382425944,-222.36000061035156,-218.5,24.447298049926758,-274.239990234375,-264.1499938964844,-250.39999389648438,-238.5,-218.5,-202.0,-194.0,-190.0,-188.97999572753906
1896,-224.0399932861328,29.800907135009766,6.824873924255371,40.78026326497396,-224.0399932861328,-220.0,24.36962127685547,-274.239990234375,-267.04998779296875,-254.5,-240.5,-220.0,-202.0,-196.0,-191.90000915527344,-189.97999572753906
1920,-226.51998901367188,29.73947525024414,6.8663482666015625,40.693050384521484,-226.52000427246094,-222.0,25.842010498046875,-290.2799987792969,-268.29998779296875,-260.20001220703125,-244.0,-222.0,-204.75,-196.0,-191.90000915527344,-189.97999572753906
1944,-226.739990234375,29.66408920288086,6.88890266418457,40.594582875569664,-226.74000549316406,-222.0,25.67123794555664,-290.2799987792969,-268.29998779296875,-260.20001220703125,-244.0,-222.0,-205.75,-196.89999389648438,-191.90000915527344,-189.97999572753906
1968,-228.739990234375,29.59395980834961,6.938027858734131,40.49416478474935,-228.74000549316406,-226.5,25.872230529785156,-290.2799987792969,-274.0,-264.29998779296875,-245.5,-226.5,-210.0,-198.0,-193.90000915527344,-189.97999572753906
1992,-230.22000122070312,29.523845672607422,6.975636959075928,40.398457845052086,-230.22000122070312,-226.5,27.035375595092773,-292.239990234375,-276.20001220703125,-268.0,-248.0,-226.5,-210.0,-198.89999389648438,-195.90000915527344,-190.0
2016,-231.39999389648438,29.454669952392578,7.0223188400268555,40.29981358846029,-231.39999389648438,-227.0,28.251724243164062,-292.3999938964844,-276.20001220703125,-268.5,-248.0,-227.0,-210.0,-199.89999389648438,-196.0,-191.95999145507812
2040,-232.22000122070312,29.373870849609375,7.061717987060547,40.18972524007162,-232.22000122070312,-227.5,28.195594787597656,-292.3999938964844,-276.20001220703125,-268.5,-249.25,-227.5,-210.0,-200.0,-197.90000915527344,-191.95999145507812
2064,-232.67999267578125,29.299535751342773,7.1057868003845215,40.086630503336586,-232.67999267578125,-229.0,27.91876792907715,-292.3999938964844,-276.20001220703125,-268.5,-249.25,-229.0,-212.0,-200.89999389648438,-198.0,-191.95999145507812
2088,-233.47999572753906,29.223861694335938,7.152885437011719,39.98065312703451,-233.47999572753906,-230.0,27.869869232177734,-292.3999938964844,-276.20001220703125,-268.5,-250.5,-230.0,-212.75,-202.0,-198.0,-191.95999145507812
2112,-233.9399871826172,29.14706802368164,7.1897687911987305,39.875030517578125,-233.94000244140625,-230.0,27.756013870239258,-292.3999938964844,-276.20001220703125,-268.5,-250.5,-230.0,-213.75,-202.0,-198.0,-191.95999145507812
2136,-235.4199981689453,29.057897567749023,7.221391201019287,39.757999420166016,-235.4199981689453,-232.0,27.775955200195312,-292.3999938964844,-276.20001220703125,-268.5,-254.25,-232.0,-214.0,-203.8000030517578,-199.90000915527344,-191.95999145507812
2160,-236.0800018310547,28.98048973083496,7.27328634262085,39.6456553141276,-236.0800018310547,-232.5,27.843017578125,-292.3999938964844,-276.6999816894531,-268.5,-254.25,-232.5,-214.0,-203.8000030517578,-199.90000915527344,-191.95999145507812
2184,-236.6599884033203,28.891904830932617,7.305401802062988,39.527304331461586,-236.66000366210938,-233.0,27.93643569946289,-292.3999938964844,-276.6999816894531,-268.5,-256.5,-233.0,-214.75,-203.8000030517578,-199.90000915527344,-191.95999145507812
2208,-237.0800018310547,28.806835174560547,7.341720104217529,39.41054026285807,-237.0800018310547,-233.0,27.662134170532227,-292.3999938964844,-278.6000061035156,-268.5,-256.5,-233.0,-215.75,-204.0,-199.90000915527344,-195.87997436523438
2232,-238.83999633789062,28.717016220092773,7.3756937980651855,39.2889149983724,-238.83999633789062,-236.0,28.312089920043945,-292.3999938964844,-290.0,-274.0,-258.0,-236.0,-217.75,-204.0,-199.90000915527344,-195.87997436523438
2256,-239.75999450683594,28.637115478515625,7.418067455291748,39.17380905151367,-239.75999450683594,-236.0,28.362340927124023,-302.20001220703125,-290.0,-274.0,-258.0,-236.0,-218.0,-205.8000030517578,-199.90000915527344,-195.87997436523438
2280,-241.4399871826172,28.538204193115234,7.458110332489014,39.039747873942055,-241.44000244140625,-238.0,28.47606658935547,-302.20001220703125,-290.0,-274.20001220703125,-259.0,-238.0,-218.0,-206.0,-201.90000915527344,-197.95999145507812
2304,-243.37998962402344,28.433414459228516,7.487308502197266,38.902217864990234,-243.3800048828125,-241.5,27.983844757080078,-302.20001220703125,-290.1000061035156,-276.0,-259.25,-241.5,-220.0,-210.0,-203.90000915527344,-198.0
2328,-245.17999267578125,28.338237762451172,7.519391059875488,38.77340952555338,-245.17999267578125,-245.5,28.741044998168945,-312.1600036621094,-292.1000061035156,-277.1000061035156,-263.25,-245.5,-220.0,-213.70001220703125,-204.0,-198.0
2352,-248.37998962402344,28.240524291992188,7.563390254974365,38.63677851359049,-248.3800048828125,-248.0,30.815183639526367,-320.17999267578125,-302.5,-290.0,-268.0,-248.0,-223.5,-213.70001220703125,-204.0,-198.0
2376,-250.29998779296875,28.137786865234375,7.580211639404297,38.50286102294922,-250.3000030517578,-248.0,31.38518524169922,-320.17999267578125,-304.3999938964844,-290.20001220703125,-270.0,-248.0,-226.75,-214.0,-205.90000915527344,-198.0
2400,-250.75999450683594,28.0423583984375,7.61700963973999,38.3729616800944,-250.75999450683594,-248.0,31.588327407836914,-320.17999267578125,-309.1499938964844,-292.20001220703125,-270.0,-248.0,-228.5,-214.0,-205.90000915527344,-198.0
2424,-252.6599884033203,27.94866943359375,7.654901027679443,38.24101638793945,-252.66000366210938,-251.5,32.929691314697266,-329.260009765625,-309.20001220703125,-302.0,-271.0,-251.5,-229.75,-214.0,-205.90000915527344,-198.0
2448,-254.5399932861328,27.85028648376465,7.697190284729004,38.09848276774088,-254.5399932861328,-251.5,34.2757682800293,-342.0,-313.3500061035156,-302.1000061035156,-274.5,-251.5,-230.0,-214.0,-205.90000915527344,-198.0
2472,-254.97999572753906,27.754440307617188,7.735957145690918,37.9620246887207,-254.97999572753906,-251.5,34.188880920410156,-342.0,-313.3500061035156,-303.1000061035156,-276.0,-251.5,-230.0,-214.0,-205.90000915527344,-198.0
2496,-257.1199951171875,27.64177703857422,7.763052940368652,37.81079228719076,-257.1199951171875,-252.0,34.33111572265625,-342.0,-313.3500061035156,-304.0,-280.0,-252.0,-231.5,-214.0,-205.90000915527344,-198.0
2520,-258.1199951171875,27.539770126342773,7.7901458740234375,37.66797892252604,-258.1199951171875,-254.0,34.545413970947266,-342.0,-313.3500061035156,-304.0,-281.0,-254.0,-231.5,-214.0,-205.90000915527344,-198.0
2544,-259.739990234375,27.42854881286621,7.814088344573975,37.517163594563804,-259.739990234375,-256.0,35.294368743896484,-342.0,-320.29998779296875,-304.1000061035156,-285.0,-256.0,-231.5,-217.60000610351562,-205.90000915527344,-198.0
2568,-260.6600036621094,27.320415496826172,7.852321147918701,37.365132649739586,-260.6600036621094,-256.5,35.25967025756836,-342.0,-320.29998779296875,-305.29998779296875,-288.5,-256.5,-232.0,-217.60000610351562,-209.80001831054688,-203.91998291015625
2592,-262.97998046875,27.20924949645996,7.895668029785156,37.20633316040039,-262.9800109863281,-262.5,35.40055847167969,-342.0,-323.1499938964844,-308.1000061035156,-290.0,-262.5,-232.0,-219.8000030517578,-211.90000915527344,-205.95999145507812
2616,-265.67999267578125,27.092357635498047,7.924430847167969,37.04422124226888,-265.67999267578125,-265.0,34.60430145263672,-342.0799865722656,-323.29998779296875,-308.1000061035156,-290.0,-265.0,-236.0,-224.0,-214.0,-211.95999145507812
2640,-267.7599792480469,26.99517822265625,7.964661598205566,36.901013692220054,-267.760009765625,-266.5,35.84720993041992,-346.0,-329.6499938964844,-313.6999816894531,-290.0,-266.5,-236.75,-225.8000030517578,-217.80001831054688,-211.95999145507812
2664,-269.1999816894531,26.884811401367188,7.994804382324219,36.74656422932943,-269.20001220703125,-268.0,37.08368682861328,-346.260009765625,-342.20001220703125,-320.0,-291.0,-268.0,-237.75,-225.8000030517578,-217.80001831054688,-211.95999145507812
2688,-270.0,26.768321990966797,8.018426895141602,36.59005482991537,-270.0,-268.0,37.78835678100586,-346.260009765625,-342.20001220703125,-320.20001220703125,-300.5,-268.0,-237.75,-225.8000030517578,-217.80001831054688,-211.95999145507812
2712,-271.239990234375,26.66046142578125,8.043060302734375,36.43508275349935,-271.239990234375,-268.0,38.15314483642578,-359.0199890136719,-346.0,-322.1000061035156,-302.0,-268.0,-238.0,-227.8000030517578,-217.80001831054688,-211.95999145507812
2736,-273.0400085449219,26.545177459716797,8.078231811523438,36.27304204305013,-273.0400085449219,-268.0,38.00261306762695,-359.0199890136719,-346.0,-323.6000061035156,-303.25,-268.0,-241.5,-230.0,-221.60003662109375,-211.95999145507812
2760,-274.05999755859375,26.438817977905273,8.104454040527344,36.121298472086586,-274.05999755859375,-268.0,37.48381423950195,-359.0199890136719,-346.0,-323.6000061035156,-304.0,-268.0,-244.0,-230.0,-223.90000915527344,-213.95999145507812
2784,-275.05999755859375,26.322309494018555,8.140517234802246,35.95128504435221,-275.05999755859375,-269.0,38.41141128540039,-363.05999755859375,-346.0,-323.6000061035156,-304.25,-269.0,-244.0,-231.8000030517578,-223.90000915527344,-213.95999145507812
2808,-276.41998291015625,26.1973876953125,8.159554481506348,35.78065617879232,-276.4200134277344,-272.5,38.24949264526367,-363.05999755859375,-346.1000061035156,-323.6000061035156,-305.25,-272.5,-247.5,-232.0,-223.90000915527344,-213.95999145507812
2832,-277.79998779296875,26.07814598083496,8.177672386169434,35.61588795979818,-277.79998779296875,-275.0,39.28664016723633,-363.05999755859375,-352.04998779296875,-329.1000061035156,-308.0,-275.0,-247.5,-232.0,-223.90000915527344,-214.0
2856,-278.5199890136719,25.971294403076172,8.218832015991211,35.45676294962565,-278.5199890136719,-275.5,39.362030029296875,-363.05999755859375,-353.1499938964844,-330.20001220703125,-308.25,-275.5,-247.5,-232.0,-223.90000915527344,-214.0
2880,-280.6000061035156,25.859554290771484,8.24565601348877,35.29626592000326,-280.6000061035156,-276.5,39.15814208984375,-363.05999755859375,-353.1499938964844,-332.6000061035156,-309.0,-276.5,-248.0,-235.60000610351562,-225.90000915527344,-214.0
2904,-281.1999816894531,25.742019653320312,8.26820182800293,35.12719853719076,-281.20001220703125,-278.0,39.56614685058594,-366.1400146484375,-356.1499938964844,-332.6000061035156,-309.0,-278.0,-248.0,-235.60000610351562,-225.90000915527344,-214.0
2928,-281.8999938964844,25.63025665283203,8.30679702758789,34.96289189656576,-281.8999938964844,-278.0,40.3106689453125,-366.1400146484375,-356.1499938964844,-338.79998779296875,-309.25,-278.0,-248.0,-235.60000610351562,-225.90000915527344,-214.0
2952,-282.8399963378906,25.50839614868164,8.329612731933594,34.79043324788412,-282.8399963378906,-279.5,40.326351165771484,-366.1400146484375,-356.1499938964844,-338.79998779296875,-312.25,-279.5,-251.5,-235.60000610351562,-225.90000915527344,-217.91998291015625
2976,-284.0400085449219,25.39143943786621,8.357258796691895,34.61979293823242,-284.0400085449219,-279.5,40.338050842285156,-366.1400146484375,-356.1499938964844,-338.79998779296875,-313.25,-279.5,-252.0,-235.60000610351562,-225.90000915527344,-217.91998291015625
3000,-285.8599853515625,25.26508331298828,8.37917709350586,34.44099044799805,-285.8599853515625,-280.0,41.47409439086914,-368.20001220703125,-359.20001220703125,-338.79998779296875,-314.25,-280.0,-253.5,-237.8000030517578,-227.90000915527344,-222.0
3024,-287.8999938964844,25.136831283569336,8.419233322143555,34.24905904134115,-287.8999938964844,-281.0,42.55855178833008,-368.20001220703125,-359.20001220703125,-348.20001220703125,-320.0,-281.0,-253.5,-238.0,-227.90000915527344,-222.0
3048,-289.47998046875,25.026836395263672,8.44549560546875,34.086605072021484,-289.4800109863281,-283.0,42.027244567871094,-368.55999755859375,-359.20001220703125,-348.20001220703125,-320.0,-283.0,-258.0,-238.0,-227.90000915527344,-222.0
3072,-291.0400085449219,24.90692710876465,8.468896865844727,33.90649668375651,-291.0400085449219,-284.5,41.8368034362793,-373.4599914550781,-359.45001220703125,-348.20001220703125,-322.5,-284.5,-258.0,-241.60000610351562,-228.0,-223.95999145507812
3096,-292.0799865722656,24.788955688476562,8.502779960632324,33.73015213012695,-292.0799865722656,-285.5,41.32933044433594,-373.4599914550781,-359.45001220703125,-348.20001220703125,-322.5,-285.5,-262.0,-245.60000610351562,-233.7000274658203,-223.95999145507812
3120,-294.6000061035156,24.665130615234375,8.512408256530762,33.55561447143555,-294.6000061035156,-292.5,42.21706008911133,-385.2200012207031,-368.20001220703125,-351.1000061035156,-324.0,-292.5,-262.0,-247.8000030517578,-233.80001831054688,-223.95999145507812
3144,-296.67999267578125,24.537410736083984,8.532485961914062,33.371927897135414,-296.67999267578125,-293.5,41.368316650390625,-385.2200012207031,-368.20001220703125,-351.1000061035156,-324.25,-293.5,-263.75,-248.0,-237.80001831054688,-227.91998291015625
3168,-298.32000732421875,24.413314819335938,8.563570022583008,33.185933430989586,-298.32000732421875,-294.0,41.637691497802734,-385.2200012207031,-368.20001220703125,-352.0,-326.5,-294.0,-264.0,-248.0,-237.80001831054688,-227.91998291015625
3192,-300.0199890136719,24.292499542236328,8.594931602478027,33.00216801961263,-300.0199890136719,-294.0,40.855838775634766,-385.2200012207031,-368.25,-352.0,-328.25,-294.0,-268.0,-248.0,-243.90000915527344,-229.95999145507812
3216,-301.6600036621094,24.164779663085938,8.621536254882812,32.809897104899086,-301.6600036621094,-299.0,40.843658447265625,-385.2200012207031,-373.04998779296875,-352.0,-331.25,-299.0,-268.0,-248.0,-245.90000915527344,-237.91998291015625
3240,-302.7799987792969,24.048269271850586,8.642582893371582,32.635311126708984,-302.7799987792969,-299.0,41.341888427734375,-385.2200012207031,-374.29998779296875,-354.1000061035156,-332.0,-299.0,-269.5,-248.0,-245.90000915527344,-237.95999145507812
3264,-304.3399963378906,23.93160057067871,8.669275283813477,32.45734532674154,-304.3399963378906,-300.5,40.94245147705078,-385.2200012207031,-380.04998779296875,-355.29998779296875,-332.0,-300.5,-271.5,-257.0,-247.90000915527344,-241.87997436523438
3288,-306.0799865722656,23.812183380126953,8.694677352905273,32.27783711751302,-306.0799865722656,-300.5,41.263465881347656,-386.20001220703125,-381.04998779296875,-359.1000061035156,-332.0,-300.5,-273.5,-258.0,-248.0,-245.79995727539062
3312,-307.2200012207031,23.68758773803711,8.709182739257812,32.09438387552897,-307.2200012207031,-300.5,41.512306213378906,-386.20001220703125,-381.04998779296875,-359.1000061035156,-339.75,-300.5,-274.75,-258.0,-248.0,-245.79995727539062
3336,-310.1199951171875,23.54804039001465,8.729616165161133,31.888521830240887,-310.1199951171875,-306.0,41.352943420410156,-386.20001220703125,-382.04998779296875,-373.1000061035156,-345.25,-306.0,-275.75,-261.79998779296875,-253.90000915527344,-248.0
3360,-311.3999938964844,23.415061950683594,8.733451843261719,31.698884963989258,-311.3999938964844,-308.0,41.40966033935547,-391.17999267578125,-382.04998779296875,-373.1000061035156,-345.25,-308.0,-276.0,-263.79998779296875,-253.90000915527344,-248.0
3384,-312.6000061035156,23.293601989746094,8.767308235168457,31.50514284769694,-312.6000061035156,-308.0,41.51481628417969,-391.4599914550781,-382.04998779296875,-373.1000061035156,-346.5,-308.0,-276.0,-264.0,-253.90000915527344,-248.0
3408,-313.6399841308594,23.164297103881836,8.782308578491211,31.316456476847332,-313.6400146484375,-308.0,41.85869216918945,-392.44000244140625,-386.20001220703125,-373.1000061035156,-346.5,-308.0,-277.75,-264.0,-253.90000915527344,-248.0
3432,-316.1199951171875,23.033422470092773,8.789758682250977,31.12473487854004,-316.1199951171875,-309.0,41.32004165649414,-392.44000244140625,-386.20001220703125,-374.5,-348.5,-309.0,-282.0,-270.0,-263.4000549316406,-248.0
3456,-317.1399841308594,22.91498565673828,8.811446189880371,30.93775812784831,-317.1400146484375,-310.5,41.48421859741211,-399.29998779296875,-390.04998779296875,-374.5,-348.5,-310.5,-282.0,-271.79998779296875,-263.4000549316406,-248.0
3480,-318.5199890136719,22.783470153808594,8.821051597595215,30.740164438883465,-318.5199890136719,-312.5,41.75703430175781,-399.29998779296875,-390.04998779296875,-381.1000061035156,-348.5,-312.5,-285.0,-271.79998779296875,-263.4000549316406,-248.0
3504,-320.32000732421875,22.649333953857422,8.823953628540039,30.54498291015625,-320.32000732421875,-317.5,41.6516227722168,-412.0400085449219,-390.04998779296875,-382.20001220703125,-348.5,-317.5,-289.5,-273.79998779296875,-263.4000549316406,-248.0
3528,-322.03997802734375,22.528234481811523,8.848714828491211,30.355327606201172,-322.0400085449219,-319.0,41.378719329833984,-412.0400085449219,-391.3999938964844,-382.20001220703125,-348.5,-319.0,-291.5,-274.0,-267.8000183105469,-248.0
3552,-323.6399841308594,22.406185150146484,8.86706829071045,30.16536521911621,-323.6400146484375,-319.0,42.093116760253906,-412.1199951171875,-399.1499938964844,-382.20001220703125,-352.5,-319.0,-293.5,-274.0,-267.8000183105469,-248.0
3576,-324.9599914550781,22.281375885009766,8.884090423583984,29.97365951538086,-324.9599914550781,-319.5,42.3631706237793,-412.1199951171875,-399.1499938964844,-382.20001220703125,-354.25,-319.5,-293.5,-275.79998779296875,-269.9000244140625,-248.0
3600,-326.1600036621094,22.16315269470215,8.90066146850586,29.78814442952474,-326.1600036621094,-324.0,42.74312210083008,-412.1199951171875,-399.1499938964844,-382.20001220703125,-358.25,-324.0,-294.0,-275.79998779296875,-269.9000244140625,-248.0
3624,-326.9599914550781,22.047948837280273,8.922525405883789,29.59881083170573,-326.9599914550781,-325.0,42.72187423706055,-418.0799865722656,-399.1499938964844,-384.20001220703125,-359.25,-325.0,-294.0,-276.0,-269.9000244140625,-251.91998291015625
3648,-328.1399841308594,21.923152923583984,8.939321517944336,29.402332305908203,-328.1400146484375,-327.0,42.694969177246094,-418.0799865722656,-399.29998779296875,-386.0,-360.5,-327.0,-294.75,-277.79998779296875,-273.8000183105469,-251.91998291015625
3672,-329.1600036621094,21.802642822265625,8.959041595458984,29.210160573323567,-329.1600036621094,-327.0,42.871604919433594,-418.0799865722656,-399.3999938964844,-386.29998779296875,-362.0,-327.0,-295.75,-277.79998779296875,-273.8000183105469,-251.91998291015625
3696,-330.1199951171875,21.680103302001953,8.97263240814209,29.019742965698242,-330.1199951171875,-328.0,42.97563934326172,-418.0799865722656,-403.20001220703125,-386.5,-362.0,-328.0,-295.75,-278.0,-273.8000183105469,-251.91998291015625
3720,-331.03997802734375,21.564014434814453,8.978913307189941,28.835005442301433,-331.0400085449219,-329.0,43.2184944152832,-418.0799865722656,-403.20001220703125,-390.1000061035156,-365.25,-329.0,-296.0,-278.0,-273.8000183105469,-251.91998291015625
3744,-333.5199890136719,21.430217742919922,8.995113372802734,28.625856399536133,-333.5199890136719,-331.5,42.94565963745117,-418.0799865722656,-403.20001220703125,-390.1000061035156,-366.25,-331.5,-298.0,-279.79998779296875,-273.8000183105469,-251.91998291015625
3768,-334.1399841308594,21.31139373779297,9.006197929382324,28.43910026550293,-334.1400146484375,-331.5,42.446441650390625,-418.0799865722656,-403.20001220703125,-390.1000061035156,-366.25,-331.5,-300.0,-280.0,-275.9000244140625,-251.91998291015625
3792,-335.4599914550781,21.188461303710938,9.014404296875,28.245075225830078,-335.4599914550781,-331.5,42.2604866027832,-418.0799865722656,-403.20001220703125,-393.1000061035156,-367.25,-331.5,-301.5,-280.0,-275.9000244140625,-255.91998291015625
3816,-336.239990234375,21.071311950683594,9.022850036621094,28.05729802449544,-336.239990234375,-331.5,42.627479553222656,-418.1600036621094,-403.20001220703125,-394.5,-367.25,-331.5,-301.5,-283.6000061035156,-275.9000244140625,-255.91998291015625
3840,-337.67999267578125,20.95819854736328,9.025168418884277,27.88491376241048,-337.67999267578125,-336.5,42.76607894897461,-418.1600036621094,-403.20001220703125,-394.5,-369.25,-336.5,-302.0,-283.6000061035156,-275.9000244140625,-261.8799743652344
3864,-338.79998779296875,20.83376693725586,9.037040710449219,27.685148239135742,-338.79998779296875,-339.5,42.324462890625,-419.1400146484375,-403.3500061035156,-394.5,-369.25,-339.5,-304.75,-289.6000061035156,-275.9000244140625,-261.8799743652344
3888,-340.5,20.704631805419922,9.049417495727539,27.485859553019207,-340.5,-341.5,42.40837097167969,-423.05999755859375,-410.3999938964844,-394.5,-369.25,-341.5,-305.75,-289.6000061035156,-277.9000244140625,-261.8799743652344
3912,-341.5199890136719,20.56722640991211,9.052648544311523,27.27001889546712,-341.5199890136719,-341.5,41.95008850097656,-423.05999755859375,-410.3999938964844,-399.29998779296875,-369.25,-341.5,-306.0,-290.0,-278.0,-273.75994873046875
3936,-342.0,20.44997787475586,9.064783096313477,27.07733917236328,-342.0,-342.5,42.07802200317383,-423.05999755859375,-412.29998779296875,-402.0,-369.25,-342.5,-306.0,-290.0,-281.8000183105469,-273.75994873046875
3960,-343.29998779296875,20.339324951171875,9.075357437133789,26.891889572143555,-343.29998779296875,-342.5,41.582088470458984,-423.17999267578125,-412.29998779296875,-402.0,-370.0,-342.5,-311.0,-293.6000061035156,-281.8000183105469,-273.75994873046875
3984,-344.6600036621094,20.219409942626953,9.08689022064209,26.696943283081055,-344.6600036621094,-344.0,41.894203186035156,-432.2200012207031,-412.29998779296875,-402.0,-372.25,-344.0,-316.5,-295.4000244140625,-281.8000183105469,-275.7199401855469
4008,-345.47998046875,20.099105834960938,9.10008430480957,26.500229517618816,-345.4800109863281,-344.0,41.96820068359375,-432.2200012207031,-412.29998779296875,-402.0,-374.5,-344.0,-316.5,-295.79998779296875,-282.0,-275.7199401855469
4032,-347.82000732421875,19.97397232055664,9.105777740478516,26.306145350138348,-347.82000732421875,-345.0,41.81827163696289,-432.2200012207031,-415.1499938964844,-409.0,-377.25,-345.0,-318.0,-301.6000061035156,-282.0,-275.7199401855469
4056,-348.55999755859375,19.8537654876709,9.10804271697998,26.10944366455078,-348.55999755859375,-345.0,41.886112213134766,-432.2200012207031,-415.20001220703125,-409.0,-378.75,-345.0,-318.75,-301.6000061035156,-283.9000244140625,-275.7199401855469
4080,-349.44000244140625,19.744609832763672,9.123292922973633,25.92125066121419,-349.44000244140625,-349.0,41.83403396606445,-432.2200012207031,-419.04998779296875,-409.0,-378.75,-349.0,-319.75,-301.6000061035156,-284.0,-275.7199401855469
4104,-350.94000244140625,19.625511169433594,9.134406089782715,25.715115229288738,-350.94000244140625,-349.0,42.14969253540039,-435.1600036621094,-428.20001220703125,-409.20001220703125,-381.75,-349.0,-320.0,-301.6000061035156,-284.0,-275.9599914550781
4128,-352.3999938964844,19.502986907958984,9.148956298828125,25.513726552327473,-352.3999938964844,-351.0,41.89558410644531,-435.1600036621094,-428.20001220703125,-409.20001220703125,-384.0,-351.0,-320.75,-303.79998779296875,-295.4000549316406,-275.9599914550781
4152,-353.32000732421875,19.380962371826172,9.153694152832031,25.3107852935791,-353.32000732421875,-352.0,41.77149200439453,-441.0400085449219,-428.20001220703125,-409.20001220703125,-384.0,-352.0,-321.5,-304.0,-297.300048828125,-275.9599914550781
4176,-354.4599914550781,19.265270233154297,9.153691291809082,25.11934471130371,-354.4599914550781,-353.0,41.84194564819336,-441.0400085449219,-428.20001220703125,-409.20001220703125,-385.0,-353.0,-323.5,-304.0,-297.300048828125,-275.9599914550781
4200,-354.8999938964844,19.15836524963379,9.16916561126709,24.927831649780273,-354.8999938964844,-354.0,41.90739440917969,-441.0400085449219,-428.20001220703125,-409.20001220703125,-385.75,-354.0,-324.0,-304.8999938964844,-297.300048828125,-275.9599914550781
4224,-355.2599792480469,19.03973388671875,9.17578125,24.734583536783855,-355.260009765625,-356.0,41.87806701660156,-441.0400085449219,-428.20001220703125,-409.20001220703125,-385.75,-356.0,-324.0,-304.8999938964844,-297.300048828125,-275.9599914550781
4248,-356.55999755859375,18.927030563354492,9.184247970581055,24.542599360148113,-356.55999755859375,-356.0,41.65292739868164,-441.0400085449219,-428.20001220703125,-412.20001220703125,-385.75,-356.0,-324.0,-304.8999938964844,-298.0,-275.9599914550781
4272,-357.4599914550781,18.813037872314453,9.196399688720703,24.343026479085285,-357.4599914550781,-356.0,41.431251525878906,-441.0400085449219,-428.20001220703125,-412.20001220703125,-388.5,-356.0,-328.0,-305.79998779296875,-298.0,-275.9599914550781
4296,-358.53997802734375,18.694229125976562,9.192927360534668,24.151880264282227,-358.5400085449219,-358.5,41.004249572753906,-441.0400085449219,-428.29998779296875,-412.20001220703125,-390.0,-358.5,-328.0,-305.79998779296875,-298.0,-279.8799743652344
4320,-359.6600036621094,18.582935333251953,9.196422576904297,23.96817461649577,-359.6600036621094,-358.5,40.86911392211914,-441.20001220703125,-428.29998779296875,-412.20001220703125,-390.0,-358.5,-328.75,-311.8999938964844,-299.9000244140625,-279.8799743652344
4344,-360.6600036621094,18.470972061157227,9.192736625671387,23.78242301940918,-360.6600036621094,-360.0,41.25438690185547,-451.0,-433.04998779296875,-412.20001220703125,-390.0,-360.0,-330.75,-312.0,-299.9000244140625,-279.8799743652344
4368,-361.1999816894531,18.363525390625,9.198553085327148,23.59852409362793,-361.20001220703125,-360.0,41.06093215942383,-451.0,-433.04998779296875,-412.20001220703125,-390.0,-360.0,-331.75,-312.0,-299.9000244140625,-279.8799743652344
4392,-362.55999755859375,18.250337600708008,9.207775115966797,23.396472295125324,-362.55999755859375,-363.0,41.29462814331055,-451.1199951171875,-433.04998779296875,-412.20001220703125,-392.5,-363.0,-331.75,-312.0,-299.9000244140625,-279.8799743652344
4416,-364.0,18.12558364868164,9.20999526977539,23.193092981974285,-364.0,-364.0,41.37245559692383,-457.0,-433.04998779296875,-412.20001220703125,-394.0,-364.0,-332.0,-313.79998779296875,-303.8000183105469,-280.0
4440,-365.0199890136719,18.01132583618164,9.214731216430664,22.996553421020508,-365.0199890136719,-364.0,41.03851318359375,-457.0,-433.1499938964844,-412.20001220703125,-394.25,-364.0,-335.5,-317.6000061035156,-310.4500427246094,-280.0
4464,-365.3599853515625,17.90884780883789,9.226717948913574,22.808366775512695,-365.3599853515625,-364.0,40.93348693847656,-457.0,-433.1499938964844,-412.20001220703125,-394.25,-364.0,-335.5,-319.4000244140625,-310.4500427246094,-280.0
4488,-365.9599914550781,17.799610137939453,9.225497245788574,22.617403030395508,-365.9599914550781,-365.0,40.69051742553711,-457.0,-433.1499938964844,-412.20001220703125,-394.25,-365.0,-335.5,-319.6000061035156,-310.4500427246094,-280.0
4512,-367.44000244140625,17.677635192871094,9.22964096069336,22.406666437784832,-367.44000244140625,-368.0,39.569766998291016,-457.0,-433.1499938964844,-414.1000061035156,-394.25,-368.0,-336.0,-319.6000061035156,-310.7500305175781,-297.6399230957031
4536,-369.239990234375,17.552837371826172,9.228324890136719,22.191994349161785,-369.239990234375,-370.0,39.43579864501953,-457.0,-433.1499938964844,-414.6999816894531,-396.0,-370.0,-336.0,-321.79998779296875,-311.70001220703125,-297.6399230957031
4560,-369.8800048828125,17.43335723876953,9.21878719329834,21.99734052022298,-369.8800048828125,-370.0,39.165618896484375,-457.0,-436.1499938964844,-414.6999816894531,-396.0,-370.0,-343.0,-321.79998779296875,-311.70001220703125,-297.6399230957031
4584,-370.3599853515625,17.323955535888672,9.223857879638672,21.804250081380207,-370.3599853515625,-370.0,39.2890625,-457.0,-436.1499938964844,-420.1000061035156,-398.0,-370.0,-343.0,-321.79998779296875,-311.70001220703125,-297.6399230957031
4608,-370.8399963378906,17.2255859375,9.233016967773438,21.626315434773762,-370.8399963378906,-371.0,39.22925567626953,-457.0,-436.1499938964844,-420.1000061035156,-398.0,-371.0,-343.0,-321.79998779296875,-311.70001220703125,-297.6399230957031
4632,-371.739990234375,17.121145248413086,9.243390083312988,21.42510223388672,-371.739990234375,-372.0,39.2974853515625,-457.0,-436.1499938964844,-420.1000061035156,-398.0,-372.0,-343.0,-321.79998779296875,-311.70001220703125,-297.7199401855469
4656,-372.91998291015625,17.023643493652344,9.249856948852539,21.23633321126302,-372.9200134277344,-372.0,39.08137512207031,-457.0,-439.0,-420.3999938964844,-398.5,-372.0,-346.25,-321.79998779296875,-313.9000244140625,-299.679931640625
4680,-374.3999938964844,16.913490295410156,9.245867729187012,21.039878845214844,-374.3999938964844,-375.5,38.686431884765625,-457.0,-439.29998779296875,-420.3999938964844,-398.5,-375.5,-348.0,-323.79998779296875,-313.9000244140625,-299.679931640625
4704,-375.3599853515625,16.81453514099121,9.249204635620117,20.86400540669759,-375.3599853515625,-377.0,38.1972541809082,-457.0,-439.29998779296875,-420.3999938964844,-400.0,-377.0,-348.0,-325.6000061035156,-315.9000244140625,-299.679931640625
4728,-376.1600036621094,16.710416793823242,9.251108169555664,20.67499351501465,-376.1600036621094,-378.5,38.51096725463867,-457.0,-439.29998779296875,-424.3999938964844,-400.5,-378.5,-348.0,-325.6000061035156,-315.9000244140625,-299.7199401855469
4752,-376.5799865722656,16.59931755065918,9.250784873962402,20.47763506571452,-376.5799865722656,-378.5,38.65622329711914,-457.0,-439.29998779296875,-428.20001220703125,-400.5,-378.5,-348.0,-326.0,-315.9000244140625,-299.7199401855469
4776,-377.3999938964844,16.49288558959961,9.25256061553955,20.28339131673177,-377.3999938964844,-379.0,38.05049133300781,-457.0,-439.29998779296875,-428.20001220703125,-401.25,-379.0,-351.0,-329.6000061035156,-317.9000244140625,-305.59991455078125
4800,-378.1199951171875,16.377925872802734,9.238323211669922,20.09153111775716,-378.1199951171875,-379.0,37.682167053222656,-457.0,-439.29998779296875,-428.20001220703125,-401.25,-379.0,-351.0,-329.6000061035156,-319.9000244140625,-305.9599914550781
4824,-378.7599792480469,16.27517318725586,9.230680465698242,19.901387532552082,-378.760009765625,-379.0,37.45426940917969,-457.0,-439.5,-430.0,-401.25,-379.0,-353.5,-330.0,-319.9000244140625,-305.9599914550781
4848,-379.2599792480469,16.173999786376953,9.222125053405762,19.721946716308594,-379.260009765625,-380.0,37.34397506713867,-457.0,-440.45001220703125,-430.0,-401.5,-380.0,-354.0,-331.79998779296875,-319.9000244140625,-305.9599914550781
4872,-379.79998779296875,16.075489044189453,9.225079536437988,19.53562863667806,-379.79998779296875,-380.0,37.28806686401367,-457.0,-440.45001220703125,-430.0,-401.5,-380.0,-355.5,-331.79998779296875,-319.9000244140625,-305.9599914550781
4896,-380.6399841308594,15.976588249206543,9.227716445922852,19.346522013346355,-380.6400146484375,-380.0,37.06737518310547,-457.0,-440.45001220703125,-430.0,-403.75,-380.0,-355.5,-332.0,-319.9000244140625,-305.9599914550781
4920,-382.1000061035156,15.878820419311523,9.221250534057617,19.169039408365887,-382.1000061035156,-384.5,36.97823715209961,-457.0,-440.45001220703125,-430.0,-406.25,-384.5,-355.5,-332.0,-319.9000244140625,-305.9599914550781
4944,-383.29998779296875,15.759868621826172,9.209284782409668,18.96124203999837,-383.29998779296875,-386.0,36.835716247558594,-457.0400085449219,-443.29998779296875,-430.3999938964844,-406.25,-386.0,-356.0,-332.0,-319.9000244140625,-305.9599914550781
4968,-383.6399841308594,15.665477752685547,9.212686538696289,18.7853946685791,-383.6400146484375,-387.0,36.99013900756836,-457.1600036621094,-443.29998779296875,-430.3999938964844,-406.25,-387.0,-356.0,-332.0,-319.9000244140625,-305.9599914550781
4992,-384.29998779296875,15.568331718444824,9.2086181640625,18.60421307881673,-384.29998779296875,-387.0,36.415245056152344,-457.1600036621094,-443.29998779296875,-430.3999938964844,-406.25,-387.0,-356.75,-341.6000061035156,-321.9000244140625,-305.9599914550781
5016,-384.7200012207031,15.4507474899292,9.198625564575195,18.40059979756673,-384.7200012207031,-388.5,36.331825256347656,-457.1600036621094,-443.29998779296875,-434.0,-406.25,-388.5,-356.75,-341.6000061035156,-321.9000244140625,-309.8799743652344
5040,-385.3399963378906,15.37183666229248,9.207501411437988,18.23332150777181,-385.3399963378906,-388.5,35.963932037353516,-457.1600036621094,-443.29998779296875,-434.0,-406.25,-388.5,-357.75,-347.0,-321.9000244140625,-309.8799743652344
5064,-386.1600036621094,15.281622886657715,9.209615707397461,18.056650797526043,-386.1600036621094,-389.5,35.94237518310547,-457.1600036621094,-443.29998779296875,-434.0,-409.25,-389.5,-358.0,-347.0,-321.9000244140625,-311.8399658203125
5088,-386.91998291015625,15.198484420776367,9.205974578857422,17.892967859903973,-386.9200134277344,-389.5,35.846805572509766,-457.1600036621094,-443.29998779296875,-434.29998779296875,-410.5,-389.5,-362.0,-347.0,-327.60003662109375,-311.8399658203125
5112,-387.239990234375,15.113895416259766,9.205743789672852,17.717363993326824,-387.239990234375,-389.5,36.00475311279297,-457.1600036621094,-446.1499938964844,-434.29998779296875,-410.5,-389.5,-362.0,-347.0,-327.60003662109375,-311.8399658203125
5136,-387.3199768066406,15.027953147888184,9.21122932434082,17.539546966552734,-387.32000732421875,-389.5,36.0640754699707,-457.1600036621094,-446.3500061035156,-434.29998779296875,-410.5,-389.5,-362.0,-347.20001220703125,-327.60003662109375,-311.8399658203125
5160,-387.4599914550781,14.9331693649292,9.199435234069824,17.36583073933919,-387.4599914550781,-389.5,36.10468673706055,-457.1600036621094,-446.3500061035156,-434.5,-411.25,-389.5,-362.0,-347.20001220703125,-327.60003662109375,-311.8399658203125
5184,-388.1600036621094,14.84903621673584,9.208765029907227,17.18582598368327,-388.1600036621094,-389.5,35.594581604003906,-457.1600036621094,-446.3500061035156,-434.5,-411.25,-389.5,-363.5,-347.20001220703125,-327.8000183105469,-311.8399658203125
5208,-388.47998046875,14.748579025268555,9.18995475769043,17.00775400797526,-388.4800109863281,-391.0,35.52477264404297,-457.1600036621094,-446.3500061035156,-434.5,-411.25,-391.0,-364.0,-347.20001220703125,-327.8000183105469,-311.8399658203125
5232,-389.2599792480469,14.669614791870117,9.18514633178711,16.850590387980144,-389.260009765625,-393.0,35.663597106933594,-457.1600036621094,-446.3500061035156,-434.5,-412.0,-393.0,-364.0,-347.20001220703125,-327.8000183105469,-311.8399658203125
5256,-389.5,14.577545166015625,9.173318862915039,16.683025360107422,-389.5,-393.5,35.561073303222656,-457.1600036621094,-446.3500061035156,-434.5,-412.0,-393.5,-364.0,-347.20001220703125,-327.8000183105469,-311.8399658203125
5280,-390.03997802734375,14.48456859588623,9.16425609588623,16.510805130004883,-390.0400085449219,-393.5,35.243133544921875,-457.1600036621094,-446.3500061035156,-434.5,-412.5,-393.5,-364.0,-347.20001220703125,-328.0,-311.8399658203125
5304,-390.3399963378906,14.40411376953125,9.16842269897461,16.335057576497395,-390.3399963378906,-393.5,35.194950103759766,-457.1600036621094,-446.3500061035156,-434.5,-412.5,-393.5,-367.0,-347.20001220703125,-328.0,-311.8399658203125
5328,-390.6600036621094,14.314855575561523,9.15671157836914,16.164323806762695,-390.6600036621094,-393.5,34.886165618896484,-457.1600036621094,-446.3500061035156,-434.5,-412.5,-393.5,-367.5,-347.4000244140625,-328.0,-311.8399658203125
5352,-390.8999938964844,14.231298446655273,9.15668773651123,15.992879231770834,-390.8999938964844,-394.0,34.9741325378418,-457.1600036621094,-446.3500061035156,-434.5,-414.0,-394.0,-367.5,-347.4000244140625,-328.0,-311.8399658203125
5376,-391.79998779296875,14.130270004272461,9.134145736694336,15.81208324432373,-391.79998779296875,-394.0,33.35805892944336,-457.1600036621094,-446.3500061035156,-434.5,-414.0,-394.0,-367.5,-351.6000061035156,-329.9000244140625,-328.0
5400,-392.29998779296875,14.040140151977539,9.130828857421875,15.629741986592611,-392.29998779296875,-394.0,33.10392379760742,-457.1600036621094,-446.45001220703125,-434.5,-414.0,-394.0,-369.5,-353.4000244140625,-331.9000244140625,-328.0
5424,-392.8999938964844,13.960780143737793,9.139692306518555,15.459070523579916,-392.8999938964844,-395.0,32.92096710205078,-457.1600036621094,-446.45001220703125,-434.5,-414.5,-395.0,-370.0,-353.4000244140625,-337.70001220703125,-328.0
5448,-393.3599853515625,13.8883695602417,9.148310661315918,15.297723452250162,-393.3599853515625,-395.0,32.870506286621094,-457.1600036621094,-446.45001220703125,-434.5,-414.5,-395.0,-370.0,-353.4000244140625,-337.9000244140625,-328.0
5472,-393.9599914550781,13.8063383102417,9.145071983337402,15.12872568766276,-393.9599914550781,-396.5,32.857242584228516,-457.1600036621094,-446.45001220703125,-434.5,-416.0,-396.5,-370.75,-354.0,-337.9000244140625,-328.0
5496,-394.4599914550781,13.728209495544434,9.145711898803711,14.969714482625326,-394.4599914550781,-398.5,32.869869232177734,-457.1600036621094,-446.54998779296875,-434.5,-416.0,-398.5,-371.5,-354.0,-337.9000244140625,-328.0
5520,-395.239990234375,13.640212059020996,9.133402824401855,14.802414258321127,-395.239990234375,-400.0,32.32123947143555,-457.1600036621094,-446.54998779296875,-434.5,-416.5,-400.0,-371.5,-354.0,-341.8000183105469,-335.8399658203125
5544,-395.3599853515625,13.563034057617188,9.137134552001953,14.631865819295248,-395.3599853515625,-400.0,32.396148681640625,-457.1600036621094,-446.54998779296875,-436.5,-416.5,-400.0,-371.5,-354.0,-341.8000183105469,-335.8399658203125
5568,-395.44000244140625,13.505339622497559,9.153963088989258,14.483059565226236,-395.44000244140625,-400.0,32.367984771728516,-457.1600036621094,-446.54998779296875,-436.5,-416.5,-400.0,-371.5,-354.0,-341.8000183105469,-335.8399658203125
5592,-396.0199890136719,13.440862655639648,9.159165382385254,14.332675298055014,-396.0199890136719,-400.0,31.960594177246094,-457.1600036621094,-446.54998779296875,-436.5,-416.5,-400.0,-375.0,-354.0,-342.0,-335.8399658203125
5616,-397.1199951171875,13.375104904174805,9.157997131347656,14.185730616251627,-397.1199951171875,-400.0,31.591543197631836,-457.1600036621094,-446.54998779296875,-441.20001220703125,-418.0,-400.0,-375.0,-354.0,-343.9000244140625,-336.0
5640,-397.47998046875,13.305750846862793,9.16156005859375,14.02383295694987,-397.4800109863281,-402.0,31.798892974853516,-457.1600036621094,-446.54998779296875,-441.20001220703125,-418.25,-402.0,-375.0,-354.0,-343.9000244140625,-336.0
5664,-398.0799865722656,13.24266242980957,9.158949851989746,13.890209833780924,-398.0799865722656,-403.5,31.53337287902832,-457.1600036621094,-446.54998779296875,-441.20001220703125,-418.25,-403.5,-376.0,-355.79998779296875,-345.9000244140625,-336.0
5688,-398.53997802734375,13.185626983642578,9.162123680114746,13.755972226460775,-398.5400085449219,-404.0,31.43546485900879,-457.1600036621094,-446.54998779296875,-441.20001220703125,-418.25,-404.0,-376.0,-355.79998779296875,-345.9000244140625,-336.0
5712,-399.1199951171875,13.117182731628418,9.155200004577637,13.606748580932617,-399.1199951171875,-404.0,31.43223762512207,-457.1600036621094,-455.1000061035156,-441.20001220703125,-418.25,-404.0,-376.0,-356.0,-347.9000244140625,-336.0
5736,-399.3199768066406,13.04438304901123,9.151592254638672,13.457907676696777,-399.32000732421875,-404.0,31.401552200317383,-457.1600036621094,-455.1000061035156,-441.20001220703125,-418.25,-404.0,-376.0,-356.0,-348.0,-336.0
5760,-399.6999816894531,12.969474792480469,9.14999008178711,13.291990598042807,-399.70001220703125,-404.0,31.547901153564453,-461.0799865722656,-455.1000061035156,-443.1000061035156,-418.25,-404.0,-376.0,-356.0,-348.0,-336.0
5784,-399.8599853515625,12.902109146118164,9.146918296813965,13.140397707621256,-399.8599853515625,-404.0,31.28418731689453,-461.0799865722656,-455.1000061035156,-443.1000061035156,-418.25,-404.0,-376.0,-356.0,-348.0,-337.9599914550781
5808,-399.94000244140625,12.835805892944336,9.145934104919434,12.989394505818685,-399.94000244140625,-404.0,31.225574493408203,-461.0799865722656,-455.1000061035156,-443.1000061035156,-418.25,-404.0,-376.0,-356.0,-348.0,-337.9599914550781
5832,-400.47998046875,12.767049789428711,9.138803482055664,12.844854354858398,-400.4800109863281,-404.5,31.21040916442871,-461.0799865722656,-455.1000061035156,-443.1000061035156,-419.25,-404.5,-376.0,-356.0,-348.0,-337.9599914550781
5856,-401.1600036621094,12.6915283203125,9.123062133789062,12.693888346354166,-401.1600036621094,-405.5,30.854080200195312,-461.0799865722656,-455.1000061035156,-443.1000061035156,-420.0,-405.5,-376.0,-357.79998779296875,-348.0,-341.91998291015625
5880,-401.2599792480469,12.618551254272461,9.112323760986328,12.537821769714355,-401.260009765625,-405.5,30.873491287231445,-461.0799865722656,-455.1000061035156,-443.1000061035156,-420.0,-405.5,-376.0,-357.79998779296875,-348.0,-341.91998291015625
5904,-401.2599792480469,12.557757377624512,9.11065673828125,12.399724324544271,-401.260009765625,-405.5,30.873491287231445,-461.0799865722656,-455.1000061035156,-443.1000061035156,-420.0,-405.5,-376.0,-357.79998779296875,-348.0,-341.91998291015625
5928,-401.53997802734375,12.498621940612793,9.109594345092773,12.25713316599528,-401.5400085449219,-405.5,30.965599060058594,-461.0799865722656,-455.1000061035156,-444.1000061035156,-420.25,-405.5,-379.0,-357.79998779296875,-348.0,-341.91998291015625
5952,-401.739990234375,12.436641693115234,9.104842185974121,12.117915789286295,-401.739990234375,-405.5,30.902624130249023,-461.0799865722656,-455.1000061035156,-445.1000061035156,-420.25,-405.5,-380.0,-358.0,-348.0,-341.91998291015625
5976,-401.9599914550781,12.3738431930542,9.101247787475586,11.970739682515463,-401.9599914550781,-405.5,30.986425399780273,-461.0799865722656,-455.1000061035156,-445.1000061035156,-420.5,-405.5,-380.0,-361.6000061035156,-348.0,-341.91998291015625
6000,-402.0799865722656,12.324871063232422,9.106376647949219,11.839630126953125,-402.0799865722656,-405.5,30.948240280151367,-461.0799865722656,-455.1000061035156,-445.1000061035156,-420.5,-405.5,-380.0,-361.6000061035156,-348.0,-341.91998291015625
6024,-402.1600036621094,12.265708923339844,9.091177940368652,11.706126848856607,-402.1600036621094,-405.5,30.90654182434082,-461.0799865722656,-455.1000061035156,-445.1000061035156,-420.5,-405.5,-380.0,-361.6000061035156,-348.0,-341.91998291015625
6048,-402.53997802734375,12.218043327331543,9.091833114624023,11.575552304585775,-402.5400085449219,-406.0,30.92229461669922,-461.0799865722656,-455.1000061035156,-445.1000061035156,-420.5,-406.0,-380.0,-361.6000061035156,-348.0,-341.91998291015625
6072,-402.6999816894531,12.175994873046875,9.099882125854492,11.442570686340332,-402.70001220703125,-406.0,30.9914493560791,-461.0799865722656,-455.1000061035156,-445.1000061035156,-420.5,-406.0,-380.0,-361.6000061035156,-348.0,-341.91998291015625
6096,-402.8999938964844,12.121576309204102,9.097593307495117,11.303097407023111,-402.8999938964844,-406.0,30.900970458984375,-461.0799865722656,-455.1000061035156,-445.1000061035156,-420.5,-406.0,-380.0,-361.6000061035156,-348.0,-341.91998291015625
6120,-403.239990234375,12.075815200805664,9.094128608703613,11.183841387430826,-403.239990234375,-406.5,30.72234344482422,-461.0799865722656,-455.1000061035156,-445.1000061035156,-420.5,-406.5,-383.0,-361.6000061035156,-348.0,-341.91998291015625
6144,-403.3199768066406,12.015584945678711,9.078941345214844,11.064078648885092,-403.32000732421875,-406.5,30.79119110107422,-461.0799865722656,-455.1000061035156,-446.0,-420.5,-406.5,-383.0,-361.6000061035156,-348.0,-341.91998291015625
6168,-403.7200012207031,11.964611053466797,9.084248542785645,10.930895805358887,-403.7200012207031,-407.0,30.688785552978516,-461.0799865722656,-455.1000061035156,-446.0,-422.0,-407.0,-383.0,-362.0,-348.0,-341.91998291015625
6192,-403.8399963378906,11.91729736328125,9.087133407592773,10.80434799194336,-403.8399963378906,-407.0,30.677913665771484,-461.0799865722656,-455.1000061035156,-446.20001220703125,-422.0,-407.0,-383.0,-362.0,-348.0,-341.91998291015625
6216,-404.29998779296875,11.878886222839355,9.089004516601562,10.700185775756836,-404.29998779296875,-407.0,30.488521575927734,-461.0799865722656,-455.1000061035156,-446.20001220703125,-422.5,-407.0,-386.0,-362.0,-348.0,-341.91998291015625
6240,-404.47998046875,11.841695785522461,9.101252555847168,10.580042521158854,-404.4800109863281,-407.5,30.507204055786133,-461.0799865722656,-455.1000061035156,-446.20001220703125,-424.5,-407.5,-386.0,-362.0,-349.9000244140625,-341.91998291015625
6264,-404.6999816894531,11.80277156829834,9.109916687011719,10.454842885335287,-404.70001220703125,-407.5,30.230945587158203,-461.0799865722656,-455.1000061035156,-446.20001220703125,-424.5,-407.5,-386.0,-362.0,-349.9000244140625,-345.8399658203125
6288,-405.0,11.759856224060059,9.116230964660645,10.328018188476562,-405.0,-408.0,30.145647048950195,-461.0799865722656,-455.1000061035156,-446.20001220703125,-424.5,-408.0,-386.0,-362.0,-349.9000244140625,-345.8399658203125
6312,-405.3599853515625,11.71259593963623,9.116435050964355,10.199112256368002,-405.3599853515625,-408.0,30.291095733642578,-465.0,-457.0,-446.20001220703125,-424.5,-408.0,-386.0,-362.0,-349.9000244140625,-345.8399658203125
6336,-405.7799987792969,11.661392211914062,9.108293533325195,10.076572100321451,-405.7799987792969,-408.0,30.4241943359375,-465.0,-457.0,-446.20001220703125,-424.5,-408.0,-386.0,-367.4000244140625,-349.9000244140625,-345.8399658203125
6360,-406.0199890136719,11.619770050048828,9.110898971557617,9.956281026204428,-406.0199890136719,-408.0,30.545696258544922,-465.0,-457.0,-446.3999938964844,-424.5,-408.0,-386.0,-367.4000244140625,-349.9000244140625,-345.8399658203125
6384,-406.1199951171875,11.545611381530762,9.089438438415527,9.828660011291504,-406.1199951171875,-408.0,30.620670318603516,-465.0,-457.0,-446.3999938964844,-424.5,-408.0,-386.0,-367.4000244140625,-349.9000244140625,-345.8399658203125
6408,-406.3800048828125,11.488204956054688,9.076922416687012,9.702170689900717,-406.3800048828125,-408.0,30.52696418762207,-465.0,-457.0,-446.3999938964844,-424.5,-408.0,-386.0,-367.79998779296875,-349.9000244140625,-345.8399658203125
6432,-406.5,11.453229904174805,9.089693069458008,9.570175806681315,-406.5,-408.5,30.441255569458008,-465.0,-457.0,-446.3999938964844,-424.5,-408.5,-386.0,-367.79998779296875,-351.9000244140625,-347.7999572753906
6456,-406.5799865722656,11.428370475769043,9.103588104248047,9.454475084940592,-406.5799865722656,-408.5,30.31078338623047,-465.0,-457.0,-446.3999938964844,-424.5,-408.5,-386.0,-367.79998779296875,-351.9000244140625,-347.8399658203125
6480,-406.8800048828125,11.37808609008789,9.097651481628418,9.33532428741455,-406.8800048828125,-408.5,30.27252197265625,-465.0,-457.0,-446.3999938964844,-426.5,-408.5,-386.0,-367.79998779296875,-351.9000244140625,-347.8399658203125
6504,-407.1000061035156,11.34083080291748,9.101049423217773,9.226154327392578,-407.1000061035156,-408.5,30.260700225830078,-465.0,-457.0,-450.0,-426.5,-408.5,-386.0,-367.79998779296875,-351.9000244140625,-347.91998291015625
6528,-407.1999816894531,11.29227066040039,9.0975980758667,9.10407288869222,-407.20001220703125,-408.5,30.306434631347656,-465.0,-457.0,-450.0,-428.0,-408.5,-386.0,-367.79998779296875,-351.9000244140625,-347.91998291015625
6552,-407.3399963378906,11.24509048461914,9.102203369140625,8.975661913553873,-407.3399963378906,-408.5,30.36057472229004,-465.0,-457.0,-450.1000061035156,-428.0,-408.5,-386.0,-367.79998779296875,-351.9000244140625,-347.91998291015625
6576,-407.5799865722656,11.209714889526367,9.104854583740234,8.864521980285645,-407.5799865722656,-408.5,30.199726104736328,-465.0,-457.0,-450.1000061035156,-428.0,-408.5,-386.0,-367.79998779296875,-352.0,-347.91998291015625
6600,-407.739990234375,11.152135848999023,9.086764335632324,8.741827964782715,-407.739990234375,-409.5,30.127267837524414,-465.0,-457.0,-450.1000061035156,-428.0,-409.5,-387.5,-367.79998779296875,-352.0,-347.91998291015625
6624,-407.8199768066406,11.101655960083008,9.083077430725098,8.614702542622885,-407.82000732421875,-409.5,30.010791778564453,-465.0,-457.0,-450.1000061035156,-428.0,-409.5,-387.5,-367.79998779296875,-352.0,-347.91998291015625
6648,-408.1600036621094,11.047035217285156,9.064144134521484,8.49551010131836,-408.1600036621094,-410.0,30.106050491333008,-465.0,-457.0,-450.1000061035156,-428.25,-410.0,-387.5,-367.79998779296875,-352.0,-347.91998291015625
6672,-408.29998779296875,11.009581565856934,9.06495189666748,8.38287353515625,-408.29998779296875,-410.0,30.192550659179688,-465.0,-457.0,-450.1000061035156,-428.25,-410.0,-388.0,-367.79998779296875,-352.0,-347.91998291015625
6696,-408.47998046875,10.967482566833496,9.053547859191895,8.270336786905924,-408.4800109863281,-410.0,30.188236236572266,-465.0,-457.0,-450.20001220703125,-428.25,-410.0,-388.0,-367.79998779296875,-357.70001220703125,-347.91998291015625
6720,-408.6000061035156,10.916402816772461,9.054176330566406,8.135262966156006,-408.6000061035156,-410.0,30.201984405517578,-465.0,-457.0,-450.20001220703125,-428.25,-410.0,-388.0,-367.79998779296875,-357.70001220703125,-347.91998291015625
6744,-408.8800048828125,10.869268417358398,9.041845321655273,8.03259801864624,-408.8800048828125,-410.0,30.135454177856445,-465.0,-457.0,-450.20001220703125,-429.25,-410.0,-388.0,-367.79998779296875,-357.70001220703125,-347.91998291015625
6768,-408.9599914550781,10.836333274841309,9.043869972229004,7.925078550974528,-408.9599914550781,-410.0,30.168167114257812,-465.0,-457.0,-450.20001220703125,-429.25,-410.0,-388.0,-367.79998779296875,-357.70001220703125,-347.91998291015625
6792,-409.2799987792969,10.801332473754883,9.046045303344727,7.817795912424724,-409.2799987792969,-410.0,30.063291549682617,-465.0,-457.0,-450.20001220703125,-430.0,-410.0,-388.0,-367.79998779296875,-358.0,-349.9599914550781
6816,-409.3399963378906,10.761564254760742,9.043412208557129,7.7110489209493,-409.3399963378906,-410.0,30.09259796142578,-465.0,-457.1000061035156,-450.20001220703125,-430.0,-410.0,-388.0,-367.79998779296875,-358.0,-349.9599914550781
6840,-409.44000244140625,10.730072021484375,9.04565715789795,7.605412324269612,-409.44000244140625,-410.0,30.145751953125,-465.0,-457.1000061035156,-450.20001220703125,-430.0,-410.0,-388.0,-367.79998779296875,-358.0,-349.9599914550781
6864,-409.739990234375,10.72224235534668,9.072843551635742,7.503850777943929,-409.739990234375,-410.0,29.975528717041016,-465.0,-457.20001220703125,-450.20001220703125,-430.0,-410.0,-388.0,-369.79998779296875,-358.0,-349.9599914550781
6888,-409.8199768066406,10.68770980834961,9.06625747680664,7.402273813883464,-409.82000732421875,-411.0,29.996124267578125,-465.0,-457.20001220703125,-450.20001220703125,-430.0,-411.0,-388.0,-369.79998779296875,-358.0,-349.9599914550781
6912,-409.97998046875,10.668388366699219,9.071695327758789,7.31668217976888,-409.9800109863281,-412.0,29.943941116333008,-465.0,-457.20001220703125,-450.20001220703125,-430.0,-412.0,-389.5,-369.79998779296875,-358.0,-349.9599914550781
6936,-410.03997802734375,10.636913299560547,9.06849193572998,7.225539525349935,-410.0400085449219,-412.0,29.95393943786621,-465.0,-457.20001220703125,-450.20001220703125,-430.0,-412.0,-389.5,-369.79998779296875,-358.0,-349.9599914550781
6960,-410.0999755859375,10.58099365234375,9.050153732299805,7.109569390614827,-410.1000061035156,-412.0,29.979825973510742,-465.0,-457.20001220703125,-450.20001220703125,-430.0,-412.0,-389.5,-369.79998779296875,-358.0,-349.9599914550781
6984,-410.29998779296875,10.544230461120605,9.046542167663574,7.0001540184021,-410.29998779296875,-412.0,30.01183319091797,-465.0,-461.0,-450.20001220703125,-430.5,-412.0,-390.0,-369.79998779296875,-358.0,-349.9599914550781
7008,-410.4599914550781,10.502519607543945,9.036840438842773,6.888247013092041,-410.4599914550781,-412.0,30.033788681030273,-465.0,-461.0,-450.20001220703125,-430.5,-412.0,-390.0,-369.79998779296875,-358.0,-349.9599914550781
7032,-410.5799865722656,10.456879615783691,9.027942657470703,6.772699356079102,-410.5799865722656,-412.0,29.953689575195312,-465.0,-461.0,-450.20001220703125,-430.5,-412.0,-390.0,-369.79998779296875,-358.0,-349.9599914550781
7056,-410.7599792480469,10.442771911621094,9.051589012145996,6.663919766743978,-410.760009765625,-412.0,29.952333450317383,-465.0,-461.0,-450.20001220703125,-432.5,-412.0,-390.0,-369.79998779296875,-358.0,-349.9599914550781
7080,-410.91998291015625,10.410666465759277,9.052702903747559,6.560945192972819,-410.9200134277344,-412.0,29.854206085205078,-465.0,-461.0,-450.20001220703125,-432.5,-412.0,-390.0,-369.79998779296875,-358.0,-349.9599914550781
7104,-411.0999755859375,10.382699966430664,9.066267967224121,6.445742289225261,-411.1000061035156,-412.0,29.79781723022461,-465.0,-461.0,-450.20001220703125,-434.0,-412.0,-390.0,-369.79998779296875,-358.0,-353.8799743652344
7128,-411.17999267578125,10.33509349822998,9.041394233703613,6.347449620564778,-411.17999267578125,-412.0,29.715442657470703,-465.0,-461.0,-450.20001220703125,-434.0,-412.0,-391.5,-369.79998779296875,-358.0,-353.8799743652344
7152,-411.2200012207031,10.300153732299805,9.034152030944824,6.243596076965332,-411.2200012207031,-412.0,29.68419647216797,-465.0,-461.0,-450.20001220703125,-434.0,-412.0,-391.5,-369.79998779296875,-358.0,-353.8799743652344
7176,-411.2599792480469,10.286445617675781,9.047971725463867,6.146511395772298,-411.260009765625,-412.0,29.721582412719727,-465.0,-461.0,-450.20001220703125,-434.0,-412.0,-391.5,-369.79998779296875,-358.0,-353.8799743652344
7200,-411.2599792480469,10.279929161071777,9.065048217773438,6.071218967437744,-411.260009765625,-412.0,29.721582412719727,-465.0,-461.0,-450.20001220703125,-434.0,-412.0,-391.5,-369.79998779296875,-358.0,-353.8799743652344
7224,-411.2799987792969,10.234428405761719,9.046802520751953,5.9854410489400225,-411.2799987792969,-412.0,29.74427032470703,-465.0,-461.0,-450.20001220703125,-434.0,-412.0,-391.5,-369.79998779296875,-358.0,-353.8799743652344
7248,-411.4599914550781,10.200106620788574,9.04468059539795,5.885822614034017,-411.4599914550781,-412.0,29.757492065429688,-465.0,-461.0,-450.20001220703125,-434.0,-412.0,-391.5,-369.79998779296875,-358.0,-353.8799743652344
7272,-411.53997802734375,10.195629119873047,9.068622589111328,5.801907857259114,-411.5400085449219,-412.0,29.785707473754883,-465.0,-461.0,-450.20001220703125,-434.0,-412.0,-391.5,-369.79998779296875,-358.0,-353.8799743652344
7296,-411.5999755859375,10.19373893737793,9.093330383300781,5.7208631833394366,-411.6000061035156,-412.0,29.809396743774414,-465.0,-461.0,-450.20001220703125,-434.0,-412.0,-391.5,-369.79998779296875,-358.0,-353.8799743652344
7320,-411.6399841308594,10.154052734375,9.08238410949707,5.625482082366943,-411.6400146484375,-412.0,29.828683853149414,-465.0,-461.0,-450.20001220703125,-434.5,-412.0,-391.5,-369.79998779296875,-358.0,-353.8799743652344
7344,-411.67999267578125,10.130095481872559,9.086605072021484,5.5268144607543945,-411.67999267578125,-412.0,29.8546085357666,-465.0,-461.0,-450.20001220703125,-434.5,-412.0,-391.5,-369.79998779296875,-358.0,-353.8799743652344
7368,-411.6999816894531,10.120034217834473,9.096489906311035,5.446385383605957,-411.70001220703125,-412.0,29.819290161132812,-465.0,-461.0,-450.20001220703125,-434.5,-412.0,-391.5,-369.79998779296875,-359.9000244140625,-353.8799743652344
7392,-411.8999938964844,10.093218803405762,9.09250545501709,5.36389144261678,-411.8999938964844,-412.0,29.815265655517578,-465.0799865722656,-461.0,-450.20001220703125,-434.5,-412.0,-391.5,-370.0,-359.9000244140625,-353.8799743652344
7416,-411.91998291015625,10.069785118103027,9.089300155639648,5.2873053550720215,-411.9200134277344,-412.5,29.815996170043945,-465.0799865722656,-461.0,-450.20001220703125,-434.5,-412.5,-391.5,-370.0,-359.9000244140625,-353.8799743652344
7440,-412.05999755859375,10.039865493774414,9.07817268371582,5.20374075571696,-412.05999755859375,-412.5,29.803293228149414,-465.0799865722656,-461.0,-450.20001220703125,-434.5,-412.5,-391.5,-370.0,-359.9000244140625,-353.91998291015625
7464,-412.1399841308594,10.008319854736328,9.074057579040527,5.095854600270589,-412.1400146484375,-412.5,29.903518676757812,-465.0799865722656,-461.0,-452.29998779296875,-434.5,-412.5,-391.5,-370.0,-359.9000244140625,-353.91998291015625
7488,-412.1999816894531,9.984670639038086,9.070045471191406,5.018675645192464,-412.20001220703125,-412.5,29.90919303894043,-465.0799865722656,-461.0,-452.29998779296875,-434.5,-412.5,-391.5,-370.0,-359.9000244140625,-353.91998291015625
7512,-412.47998046875,9.962900161743164,9.071429252624512,4.9359510739644366,-412.4800109863281,-412.5,29.726245880126953,-465.0799865722656,-461.0,-452.29998779296875,-434.5,-412.5,-393.5,-370.0,-359.9000244140625,-353.91998291015625
7536,-412.6199951171875,9.95077896118164,9.077103614807129,4.857296148935954,-412.6199951171875,-412.5,29.472965240478516,-465.0799865722656,-461.0,-452.29998779296875,-434.5,-412.5,-393.5,-371.79998779296875,-362.0,-353.91998291015625
7560,-412.8399963378906,9.937623023986816,9.083276748657227,4.785852591196696,-412.8399963378906,-412.5,29.644128799438477,-465.0799865722656,-461.0,-452.29998779296875,-434.5,-412.5,-393.5,-371.79998779296875,-362.0,-353.91998291015625
7584,-412.8800048828125,9.90764045715332,9.077807426452637,4.697072664896647,-412.8800048828125,-412.5,29.650390625,-465.0799865722656,-461.0,-452.29998779296875,-434.5,-412.5,-393.5,-371.79998779296875,-362.0,-353.91998291015625
7608,-412.91998291015625,9.873058319091797,9.060087203979492,4.623608271280925,-412.9200134277344,-412.5,29.684232711791992,-465.0799865722656,-461.0,-452.29998779296875,-435.5,-412.5,-393.5,-371.79998779296875,-362.0,-353.91998291015625
7632,-412.97998046875,9.852598190307617,9.060725212097168,4.549033164978027,-412.9800109863281,-412.5,29.623632431030273,-465.0799865722656,-461.0,-452.29998779296875,-435.5,-412.5,-393.5,-371.79998779296875,-362.0,-353.91998291015625
7656,-413.0199890136719,9.835302352905273,9.060192108154297,4.473199049631755,-413.0199890136719,-413.5,29.580392837524414,-465.0799865722656,-461.0,-452.29998779296875,-435.5,-413.5,-393.5,-371.79998779296875,-362.0,-353.91998291015625
7680,-413.239990234375,9.81427001953125,9.056467056274414,4.402851581573486,-413.239990234375,-413.5,29.310449600219727,-465.0799865722656,-461.0,-452.29998779296875,-435.5,-413.5,-393.5,-375.6000061035156,-369.60003662109375,-353.91998291015625
7704,-413.3399963378906,9.794159889221191,9.050756454467773,4.336520512898763,-413.3399963378906,-413.5,29.301952362060547,-465.0799865722656,-461.0,-452.29998779296875,-435.5,-413.5,-395.0,-375.6000061035156,-369.60003662109375,-353.91998291015625
7728,-413.3800048828125,9.78702163696289,9.056914329528809,4.262640953063965,-413.3800048828125,-413.5,29.286441802978516,-465.0799865722656,-461.0,-452.29998779296875,-435.5,-413.5,-395.0,-375.6000061035156,-369.60003662109375,-353.91998291015625
7752,-413.5,9.772371292114258,9.060687065124512,4.190051078796387,-413.5,-413.5,29.182016372680664,-465.0799865722656,-461.0,-452.29998779296875,-435.5,-413.5,-395.0,-375.6000061035156,-369.60003662109375,-355.8799743652344
7776,-413.5199890136719,9.750617980957031,9.05466365814209,4.121996879577637,-413.5199890136719,-413.5,29.18440818786621,-465.0799865722656,-461.0,-452.29998779296875,-435.5,-413.5,-395.0,-375.6000061035156,-369.60003662109375,-355.8799743652344
7800,-413.5199890136719,9.743990898132324,9.062981605529785,4.070569435755412,-413.5199890136719,-413.5,29.18440818786621,-465.0799865722656,-461.0,-452.29998779296875,-435.5,-413.5,-395.0,-375.6000061035156,-369.60003662109375,-355.8799743652344
7824,-413.6399841308594,9.717889785766602,9.052660942077637,4.004500309626262,-413.6400146484375,-413.5,29.15459632873535,-465.0799865722656,-461.0,-452.29998779296875,-435.5,-413.5,-395.0,-376.0,-369.60003662109375,-355.8799743652344
7848,-413.7799987792969,9.706567764282227,9.056787490844727,3.948460340499878,-413.7799987792969,-413.5,29.145009994506836,-465.0799865722656,-461.0,-452.29998779296875,-435.5,-413.5,-396.0,-376.0,-369.60003662109375,-355.8799743652344
7872,-413.8399963378906,9.699777603149414,9.063283920288086,3.877217451731364,-413.8399963378906,-414.0,29.117938995361328,-465.0799865722656,-461.0,-452.29998779296875,-435.5,-414.0,-396.0,-376.0,-369.60003662109375,-355.8799743652344
7896,-413.91998291015625,9.691510200500488,9.066048622131348,3.813838243484497,-413.9200134277344,-414.0,29.052255630493164,-465.0799865722656,-461.0,-452.29998779296875,-435.5,-414.0,-396.0,-376.0,-369.60003662109375,-355.8799743652344
7920,-414.0,9.670598983764648,9.056905746459961,3.754035472869873,-414.0,-414.0,29.092266082763672,-465.0799865722656,-461.0,-452.29998779296875,-435.5,-414.0,-396.0,-376.0,-369.60003662109375,-355.8799743652344
7944,-414.0,9.6388578414917,9.039642333984375,3.6866604487101235,-414.0,-414.0,29.092266082763672,-465.0799865722656,-461.0,-452.29998779296875,-435.5,-414.0,-396.0,-376.0,-369.60003662109375,-355.8799743652344
7968,-414.0199890136719,9.621796607971191,9.03492546081543,3.6226682662963867,-414.0199890136719,-414.0,29.1066951751709,-465.0799865722656,-461.0,-452.29998779296875,-437.0,-414.0,-396.0,-376.0,-369.60003662109375,-355.8799743652344
7992,-414.2799987792969,9.581942558288574,9.012288093566895,3.5507203737894693,-414.2799987792969,-414.0,28.944801330566406,-465.0799865722656,-461.0,-452.29998779296875,-437.0,-414.0,-396.0,-376.0,-369.60003662109375,-355.8799743652344
8016,-414.3399963378906,9.561309814453125,9.001947402954102,3.495643933614095,-414.3399963378906,-414.0,28.98076057434082,-465.0799865722656,-461.1000061035156,-452.29998779296875,-437.0,-414.0,-396.0,-376.0,-369.60003662109375,-355.8799743652344
8040,-414.3800048828125,9.543076515197754,8.996156692504883,3.436954657236735,-414.3800048828125,-414.0,29.002338409423828,-465.0799865722656,-461.1000061035156,-452.29998779296875,-437.0,-414.0,-396.0,-376.0,-369.60003662109375,-355.8799743652344
8064,-414.41998291015625,9.548051834106445,9.009184837341309,3.3775060176849365,-414.4200134277344,-414.0,28.916149139404297,-465.0799865722656,-461.1000061035156,-452.29998779296875,-437.0,-414.0,-396.0,-376.0,-369.60003662109375,-355.9599914550781
8088,-414.47998046875,9.520263671875,8.993301391601562,3.315166791280111,-414.4800109863281,-414.0,28.88129997253418,-465.0799865722656,-461.1000061035156,-452.29998779296875,-437.0,-414.0,-396.0,-376.0,-369.60003662109375,-355.9599914550781
8112,-414.47998046875,9.48725414276123,8.977778434753418,3.2541776498158774,-414.4800109863281,-414.0,28.88129997253418,-465.0799865722656,-461.1000061035156,-452.29998779296875,-437.0,-414.0,-396.0,-376.0,-369.60003662109375,-355.9599914550781
8136,-414.53997802734375,9.461009979248047,8.962145805358887,3.205042044321696,-414.5400085449219,-414.5,28.87262535095215,-465.0799865722656,-461.1000061035156,-452.29998779296875,-437.0,-414.5,-396.0,-376.0,-369.60003662109375,-355.9599914550781
8160,-414.6399841308594,9.444450378417969,8.95930290222168,3.159320910771688,-414.6400146484375,-414.5,29.010866165161133,-469.0400085449219,-461.1000061035156,-452.29998779296875,-437.0,-414.5,-396.0,-376.0,-369.60003662109375,-355.9599914550781
8184,-414.6399841308594,9.44149112701416,8.968345642089844,3.102617025375366,-414.6400146484375,-414.5,29.010866165161133,-469.0400085449219,-461.1000061035156,-452.29998779296875,-437.0,-414.5,-396.0,-376.0,-369.60003662109375,-355.9599914550781
8208,-414.67999267578125,9.437015533447266,8.97053337097168,3.0505210558573403,-414.67999267578125,-414.5,29.022363662719727,-469.0400085449219,-461.1000061035156,-452.29998779296875,-437.0,-414.5,-396.0,-376.0,-369.60003662109375,-355.9599914550781
8232,-414.7799987792969,9.419313430786133,8.963470458984375,2.9966177940368652,-414.7799987792969,-414.5,29.164216995239258,-469.0400085449219,-461.1000061035156,-455.20001220703125,-437.0,-414.5,-396.0,-376.0,-369.60003662109375,-355.9599914550781
8256,-414.8199768066406,9.404857635498047,8.963403701782227,2.935936450958252,-414.82000732421875,-414.5,29.172035217285156,-469.0400085449219,-461.1000061035156,-455.20001220703125,-437.0,-414.5,-396.0,-376.0,-369.70001220703125,-355.9599914550781
8280,-414.8599853515625,9.377988815307617,8.945956230163574,2.891581137975057,-414.8599853515625,-414.5,29.148935317993164,-469.0400085449219,-461.1000061035156,-455.20001220703125,-437.0,-414.5,-396.0,-376.0,-369.70001220703125,-355.9599914550781
8304,-414.8800048828125,9.35944652557373,8.94152545928955,2.842734416325887,-414.8800048828125,-414.5,29.107826232910156,-469.0400085449219,-461.1000061035156,-455.20001220703125,-437.0,-414.5,-396.0,-376.0,-369.70001220703125,-356.0
8328,-414.8999938964844,9.32411003112793,8.919020652770996,2.780683914820353,-414.8999938964844,-414.5,29.077655792236328,-469.0400085449219,-461.1000061035156,-455.20001220703125,-437.0,-414.5,-396.0,-376.0,-369.70001220703125,-356.0
8352,-414.97998046875,9.314674377441406,8.917462348937988,2.7366806666056314,-414.9800109863281,-415.5,29.09913444519043,-469.0400085449219,-463.0,-455.20001220703125,-437.0,-415.5,-396.0,-376.0,-369.70001220703125,-356.0
8376,-414.97998046875,9.313310623168945,8.92390251159668,2.68332568804423,-414.9800109863281,-415.5,29.09913444519043,-469.0400085449219,-463.0,-455.20001220703125,-437.0,-415.5,-396.0,-376.0,-369.70001220703125,-356.0
8400,-415.05999755859375,9.29277515411377,8.911465644836426,2.638500372568766,-415.05999755859375,-415.5,29.0777645111084,-469.0400085449219,-463.0,-455.20001220703125,-437.0,-415.5,-396.0,-376.0,-369.70001220703125,-356.0
8424,-415.0999755859375,9.28945541381836,8.918712615966797,2.5973541736602783,-415.1000061035156,-415.5,29.068023681640625,-469.0400085449219,-463.0,-455.20001220703125,-437.0,-415.5,-396.0,-376.0,-369.70001220703125,-356.0
8448,-415.2200012207031,9.269251823425293,8.908060073852539,2.5492770671844482,-415.2200012207031,-415.5,29.10036849975586,-469.0400085449219,-463.0,-455.20001220703125,-437.0,-415.5,-396.0,-376.0,-369.70001220703125,-356.0
8472,-415.2200012207031,9.274606704711914,8.922101974487305,2.5021313031514487,-415.2200012207031,-415.5,29.10036849975586,-469.0400085449219,-463.0,-455.20001220703125,-437.0,-415.5,-396.0,-376.0,-369.70001220703125,-356.0
8496,-415.2200012207031,9.265535354614258,8.919666290283203,2.4585224787394204,-415.2200012207031,-415.5,29.10036849975586,-469.0400085449219,-463.0,-455.20001220703125,-437.0,-415.5,-396.0,-376.0,-369.70001220703125,-356.0
8520,-415.239990234375,9.265321731567383,8.923095703125,2.4285000960032144,-415.239990234375,-415.5,29.078210830688477,-469.0400085449219,-463.0,-455.20001220703125,-437.0,-415.5,-396.0,-376.0,-369.70001220703125,-356.0
8544,-415.239990234375,9.251461029052734,8.913312911987305,2.3989830811818442,-415.239990234375,-415.5,29.078210830688477,-469.0400085449219,-463.0,-455.20001220703125,-437.0,-415.5,-396.0,-376.0,-369.70001220703125,-356.0
8568,-415.2599792480469,9.25037956237793,8.919947624206543,2.3526984055836997,-415.260009765625,-415.5,29.043630599975586,-469.0400085449219,-463.0,-455.20001220703125,-437.0,-415.5,-396.0,-376.0,-369.8000183105469,-356.0
8592,-415.29998779296875,9.224710464477539,8.905595779418945,2.310739040374756,-415.29998779296875,-415.5,29.01706314086914,-469.0400085449219,-463.0,-455.20001220703125,-437.0,-415.5,-396.0,-376.0,-369.8000183105469,-356.0
8616,-415.3199768066406,9.210813522338867,8.899765014648438,2.2663652102152505,-415.32000732421875,-415.5,29.011337280273438,-469.0400085449219,-463.0,-455.20001220703125,-437.0,-415.5,-396.0,-376.0,-369.8000183105469,-356.0
8640,-415.3199768066406,9.192083358764648,8.887450218200684,2.2225796381632485,-415.32000732421875,-415.5,29.011337280273438,-469.0400085449219,-463.0,-455.20001220703125,-437.0,-415.5,-396.0,-376.0,-369.8000183105469,-356.0
8664,-415.3999938964844,9.183758735656738,8.884381294250488,2.188732703526815,-415.3999938964844,-415.5,28.960662841796875,-469.0400085449219,-463.0,-455.20001220703125,-437.0,-415.5,-396.0,-376.0,-369.8000183105469,-356.0
8688,-415.5,9.19379711151123,8.900618553161621,2.1580752531687417,-415.5,-415.5,28.876115798950195,-469.0400085449219,-463.0,-455.20001220703125,-437.0,-415.5,-396.0,-376.0,-369.8000183105469,-356.0
8712,-415.55999755859375,9.197906494140625,8.910689353942871,2.124837080637614,-415.55999755859375,-415.5,28.864620208740234,-469.0400085449219,-463.0,-455.20001220703125,-437.0,-415.5,-396.0,-376.0,-369.8000183105469,-356.0
8736,-415.55999755859375,9.184713363647461,8.9039306640625,2.088798443476359,-415.55999755859375,-415.5,28.864620208740234,-469.0400085449219,-463.0,-455.20001220703125,-437.0,-415.5,-396.0,-376.0,-369.8000183105469,-356.0
8760,-415.6399841308594,9.205888748168945,8.928102493286133,2.0490233500798545,-415.6400146484375,-415.5,29.00121307373047,-469.0400085449219,-463.1000061035156,-455.20001220703125,-437.0,-415.5,-396.0,-376.0,-369.8000183105469,-356.0
8784,-415.6999816894531,9.221220016479492,8.951757431030273,2.0071303844451904,-415.70001220703125,-415.5,28.904499053955078,-469.0400085449219,-463.1000061035156,-455.20001220703125,-437.0,-415.5,-396.0,-376.0,-371.9000244140625,-356.0
8808,-415.7599792480469,9.219942092895508,8.956756591796875,1.9694294929504395,-415.760009765625,-415.5,28.894678115844727,-469.0400085449219,-463.1000061035156,-455.20001220703125,-437.0,-415.5,-396.0,-376.0,-371.9000244140625,-356.0
8832,-415.79998779296875,9.201040267944336,8.947257995605469,1.9165138403574626,-415.79998779296875,-415.5,28.9254207611084,-469.0400085449219,-463.1000061035156,-455.20001220703125,-437.0,-415.5,-396.0,-376.0,-371.9000244140625,-356.0
8856,-415.8199768066406,9.195174217224121,8.9451322555542,1.8898173173268635,-415.82000732421875,-415.5,28.949052810668945,-469.0400085449219,-463.1000061035156,-455.20001220703125,-437.0,-415.5,-396.0,-376.0,-371.9000244140625,-356.0
8880,-415.91998291015625,9.19287395477295,8.944791793823242,1.8568836847941081,-415.9200134277344,-415.5,28.8837947845459,-469.0400085449219,-463.1000061035156,-455.20001220703125,-437.0,-415.5,-397.5,-376.0,-371.9000244140625,-356.0
8904,-415.91998291015625,9.173616409301758,8.935372352600098,1.808435360590617,-415.9200134277344,-415.5,28.8837947845459,-469.0400085449219,-463.1000061035156,-455.20001220703125,-437.0,-415.5,-397.5,-376.0,-371.9000244140625,-356.0
8928,-415.91998291015625,9.171804428100586,8.941929817199707,1.7701900005340576,-415.9200134277344,-415.5,28.8837947845459,-469.0400085449219,-463.1000061035156,-455.20001220703125,-437.0,-415.5,-397.5,-376.0,-371.9000244140625,-356.0
8952,-415.9599914550781,9.157407760620117,8.935127258300781,1.7447274923324585,-415.9599914550781,-415.5,28.870025634765625,-469.0400085449219,-463.1000061035156,-455.20001220703125,-437.0,-415.5,-397.5,-376.0,-371.9000244140625,-356.0
8976,-415.9599914550781,9.148385047912598,8.93082332611084,1.704433004061381,-415.9599914550781,-415.5,28.870025634765625,-469.0400085449219,-463.1000061035156,-455.20001220703125,-437.0,-415.5,-397.5,-376.0,-371.9000244140625,-356.0
9000,-416.1199951171875,9.137297630310059,8.923368453979492,1.6746100584665935,-416.1199951171875,-415.5,28.754575729370117,-469.0400085449219,-463.1000061035156,-455.20001220703125,-437.0,-415.5,-397.5,-376.0,-371.9000244140625,-356.0
9024,-416.1199951171875,9.107351303100586,8.89206600189209,1.6473232507705688,-416.1199951171875,-415.5,28.754575729370117,-469.0400085449219,-463.1000061035156,-455.20001220703125,-437.0,-415.5,-397.5,-376.0,-371.9000244140625,-356.0
9048,-416.1199951171875,9.105563163757324,8.900018692016602,1.6174699068069458,-416.1199951171875,-415.5,28.754575729370117,-469.0400085449219,-463.1000061035156,-455.20001220703125,-437.0,-415.5,-397.5,-376.0,-371.9000244140625,-356.0
9072,-416.1999816894531,9.101461410522461,8.904948234558105,1.577968994776408,-416.20001220703125,-415.5,28.669145584106445,-469.0400085449219,-463.1000061035156,-455.20001220703125,-437.0,-415.5,-397.5,-376.0,-371.9000244140625,-356.0
9096,-416.1999816894531,9.086350440979004,8.889741897583008,1.563806176185608,-416.20001220703125,-415.5,28.669145584106445,-469.0400085449219,-463.1000061035156,-455.20001220703125,-437.0,-415.5,-397.5,-376.0,-371.9000244140625,-356.0
9120,-416.3199768066406,9.085229873657227,8.897293090820312,1.528007944424947,-416.32000732421875,-415.5,28.873823165893555,-471.0400085449219,-465.20001220703125,-455.20001220703125,-437.0,-415.5,-397.5,-376.0,-371.9000244140625,-356.0
9144,-416.3199768066406,9.115279197692871,8.927790641784668,1.5203115542729695,-416.32000732421875,-415.5,28.873823165893555,-471.0400085449219,-465.20001220703125,-455.20001220703125,-437.0,-415.5,-397.5,-376.0,-371.9000244140625,-356.0
9168,-416.3199768066406,9.095434188842773,8.914301872253418,1.5074511369069417,-416.32000732421875,-415.5,28.873823165893555,-471.0400085449219,-465.20001220703125,-455.20001220703125,-437.0,-415.5,-397.5,-376.0,-371.9000244140625,-356.0
9192,-416.3800048828125,9.116487503051758,8.934388160705566,1.4795562426249187,-416.3800048828125,-415.5,28.87932777404785,-471.0400085449219,-465.20001220703125,-455.20001220703125,-437.0,-415.5,-397.5,-376.0,-371.9000244140625,-356.0
9216,-416.3800048828125,9.088987350463867,8.914083480834961,1.4447496334711711,-416.3800048828125,-415.5,28.87932777404785,-471.0400085449219,-465.20001220703125,-455.20001220703125,-437.0,-415.5,-397.5,-376.0,-371.9000244140625,-356.0
9240,-416.3800048828125,9.102617263793945,8.938270568847656,1.4055192867914836,-416.3800048828125,-415.5,28.87932777404785,-471.0400085449219,-465.20001220703125,-455.20001220703125,-437.0,-415.5,-397.5,-376.0,-371.9000244140625,-356.0
9264,-416.3800048828125,9.098133087158203,8.936752319335938,1.383906404177348,-416.3800048828125,-415.5,28.87932777404785,-471.0400085449219,-465.20001220703125,-455.20001220703125,-437.0,-415.5,-397.5,-376.0,-371.9000244140625,-356.0
9288,-416.3800048828125,9.07971477508545,8.922653198242188,1.343544562657674,-416.3800048828125,-415.5,28.87932777404785,-471.0400085449219,-465.20001220703125,-455.20001220703125,-437.0,-415.5,-397.5,-376.0,-371.9000244140625,-356.0
9312,-416.3800048828125,9.096827507019043,8.941774368286133,1.332410216331482,-416.3800048828125,-415.5,28.87932777404785,-471.0400085449219,-465.20001220703125,-455.20001220703125,-437.0,-415.5,-397.5,-376.0,-371.9000244140625,-356.0
9336,-416.44000244140625,9.096466064453125,8.942834854125977,1.3085639079411824,-416.44000244140625,-415.5,28.80150032043457,-471.0400085449219,-465.20001220703125,-455.20001220703125,-437.0,-415.5,-397.5,-377.79998779296875,-371.9000244140625,-356.0
9360,-416.44000244140625,9.086181640625,8.933172225952148,1.288224418958028,-416.44000244140625,-415.5,28.80150032043457,-471.0400085449219,-465.20001220703125,-455.20001220703125,-437.0,-415.5,-397.5,-377.79998779296875,-371.9000244140625,-356.0
9384,-416.44000244140625,9.088623046875,8.938261985778809,1.2614799340565999,-416.44000244140625,-415.5,28.80150032043457,-471.0400085449219,-465.20001220703125,-455.20001220703125,-437.0,-415.5,-397.5,-377.79998779296875,-371.9000244140625,-356.0
9408,-416.44000244140625,9.075204849243164,8.938434600830078,1.2122567494710286,-416.44000244140625,-415.5,28.80150032043457,-471.0400085449219,-465.20001220703125,-455.20001220703125,-437.0,-415.5,-397.5,-377.79998779296875,-371.9000244140625,-356.0
9432,-416.47998046875,9.080242156982422,8.9468994140625,1.1980253458023071,-416.4800109863281,-415.5,28.877145767211914,-473.0,-465.20001220703125,-455.20001220703125,-437.0,-415.5,-397.5,-377.79998779296875,-371.9000244140625,-356.0
9456,-416.5,9.094264030456543,8.961069107055664,1.1634265184402466,-416.5,-415.5,28.898269653320312,-473.0,-465.20001220703125,-455.20001220703125,-437.0,-415.5,-397.5,-377.79998779296875,-371.9000244140625,-356.0
9480,-416.5,9.082513809204102,8.950843811035156,1.1336490710576375,-416.5,-415.5,28.898269653320312,-473.0,-465.20001220703125,-455.20001220703125,-437.0,-415.5,-397.5,-377.79998779296875,-371.9000244140625,-356.0
9504,-416.5,9.069766998291016,8.945846557617188,1.1102825005849202,-416.5,-415.5,28.898269653320312,-473.0,-465.20001220703125,-455.20001220703125,-437.0,-415.5,-397.5,-377.79998779296875,-371.9000244140625,-356.0
9528,-416.5,9.079689025878906,8.958040237426758,1.094362457593282,-416.5,-415.5,28.898269653320312,-473.0,-465.20001220703125,-455.20001220703125,-437.0,-415.5,-397.5,-377.79998779296875,-371.9000244140625,-356.0
9552,-416.5199890136719,9.086333274841309,8.967753410339355,1.0631298621495564,-416.5199890136719,-415.5,28.884765625,-473.0,-465.20001220703125,-455.20001220703125,-437.0,-415.5,-398.0,-377.79998779296875,-371.9000244140625,-356.0
9576,-416.5199890136719,9.0736083984375,8.961034774780273,1.0284948348999023,-416.5199890136719,-415.5,28.884765625,-473.0,-465.20001220703125,-455.20001220703125,-437.0,-415.5,-398.0,-377.79998779296875,-371.9000244140625,-356.0
9600,-416.53997802734375,9.029851913452148,8.927913665771484,0.982180118560791,-416.5400085449219,-415.5,28.857379913330078,-473.0,-465.20001220703125,-455.20001220703125,-437.0,-415.5,-398.0,-378.0,-371.9000244140625,-356.0
9624,-416.53997802734375,9.022305488586426,8.925796508789062,0.9362889726956686,-416.5400085449219,-415.5,28.857379913330078,-473.0,-465.20001220703125,-455.20001220703125,-437.0,-415.5,-398.0,-378.0,-371.9000244140625,-356.0
9648,-416.6199951171875,9.044085502624512,8.949960708618164,0.9189844727516174,-416.6199951171875,-416.0,28.8675537109375,-473.0,-465.20001220703125,-455.20001220703125,-437.0,-416.0,-398.0,-378.0,-371.9000244140625,-356.0
9672,-416.6199951171875,9.02960205078125,8.935903549194336,0.9074270725250244,-416.6199951171875,-416.0,28.8675537109375,-473.0,-465.20001220703125,-455.20001220703125,-437.0,-416.0,-398.0,-378.0,-371.9000244140625,-356.0
9696,-416.6399841308594,9.017913818359375,8.926614761352539,0.8790714740753174,-416.6400146484375,-416.0,28.85533332824707,-473.0,-465.20001220703125,-455.20001220703125,-437.0,-416.0,-398.0,-378.0,-371.9000244140625,-356.0
9720,-416.6399841308594,9.000396728515625,8.909149169921875,0.8664845824241638,-416.6400146484375,-416.0,28.85533332824707,-473.0,-465.20001220703125,-455.20001220703125,-437.0,-416.0,-398.0,-378.0,-371.9000244140625,-356.0
9744,-416.67999267578125,9.003846168518066,8.91669750213623,0.8431235750516256,-416.67999267578125,-416.0,28.804471969604492,-473.0,-465.20001220703125,-455.20001220703125,-437.0,-416.0,-398.0,-379.79998779296875,-371.9000244140625,-356.0
9768,-416.6999816894531,9.015887260437012,8.933728218078613,0.8403837084770203,-416.70001220703125,-416.0,28.84839630126953,-473.0,-465.20001220703125,-455.20001220703125,-437.0,-416.0,-398.0,-379.79998779296875,-371.9000244140625,-356.0
9792,-416.7200012207031,9.021989822387695,8.94510269165039,0.8084976673126221,-416.7200012207031,-416.0,28.82501792907715,-473.0,-465.20001220703125,-455.20001220703125,-437.0,-416.0,-398.0,-379.79998779296875,-371.9000244140625,-356.0
9816,-416.7200012207031,9.022300720214844,8.948776245117188,0.7696749965349833,-416.7200012207031,-416.0,28.82501792907715,-473.0,-465.20001220703125,-455.20001220703125,-437.0,-416.0,-398.0,-379.79998779296875,-371.9000244140625,-356.0
9840,-416.7200012207031,9.010123252868652,8.936662673950195,0.7522747119267782,-416.7200012207031,-416.0,28.82501792907715,-473.0,-465.20001220703125,-455.20001220703125,-437.0,-416.0,-398.0,-379.79998779296875,-371.9000244140625,-356.0
9864,-416.7799987792969,9.0060453414917,8.93581771850586,0.7476522127787272,-416.7799987792969,-416.0,28.82692527770996,-473.0,-465.20001220703125,-455.20001220703125,-437.0,-416.0,-398.0,-379.79998779296875,-371.9000244140625,-356.0
9888,-416.8199768066406,9.025764465332031,8.958061218261719,0.7161450982093811,-416.82000732421875,-416.0,28.81193733215332,-473.0,-465.20001220703125,-455.20001220703125,-437.0,-416.0,-398.0,-379.79998779296875,-371.9000244140625,-356.0
9912,-416.8399963378906,9.02979850769043,8.959491729736328,0.6814325451850891,-416.8399963378906,-416.0,28.788440704345703,-473.0,-465.20001220703125,-455.20001220703125,-437.0,-416.0,-398.0,-379.79998779296875,-371.9000244140625,-356.0
9936,-416.8399963378906,8.985544204711914,8.924484252929688,0.6362120509147644,-416.8399963378906,-416.0,28.788440704345703,-473.0,-465.20001220703125,-455.20001220703125,-437.0,-416.0,-398.0,-379.79998779296875,-371.9000244140625,-356.0
9960,-416.8399963378906,9.00416374206543,8.93609619140625,0.6946649154027303,-416.8399963378906,-416.0,28.788440704345703,-473.0,-465.20001220703125,-455.20001220703125,-437.0,-416.0,-398.0,-379.79998779296875,-371.9000244140625,-356.0
9984,-416.8399963378906,8.992712020874023,8.914825439453125,0.7291782100995382,-416.8399963378906,-416.0,28.788440704345703,-473.0,-465.20001220703125,-455.20001220703125,-437.0,-416.0,-398.0,-379.79998779296875,-371.9000244140625,-356.0
