step,best_fitness,avg_hamming,avg_l1,avg_entropy,mean,median,std,2%,5%,10%,25%,50%,75%,90%,95%,98%
24,-464.3999938964844,127.94768524169922,7.822328090667725,177.01830037434897,-464.3999938964844,-449.5,127.38397979736328,-765.4600219726562,-664.2000122070312,-630.3999633789062,-541.5,-449.5,-379.25,-311.8999938964844,-278.8500061035156,-247.95999145507812
48,-524.5399780273438,127.90838623046875,8.217020988464355,176.93903605143228,-524.5399780273438,-508.5,113.01641082763672,-780.1599731445312,-721.8999633789062,-662.0999755859375,-592.25,-508.5,-444.0,-394.8999938964844,-379.95001220703125,-328.8399658203125
72,-562.0199584960938,127.87327575683594,8.590652465820312,176.86481221516928,-562.02001953125,-548.0,108.19039154052734,-783.0999755859375,-765.3499755859375,-694.7999877929688,-633.0,-548.0,-478.5,-432.70001220703125,-413.7500305175781,-402.8199462890625
96,-583.0199584960938,127.84685516357422,8.88565444946289,176.8057098388672,-583.02001953125,-583.0,102.31402587890625,-783.0999755859375,-765.3499755859375,-722.5,-645.75,-583.0,-502.5,-458.70001220703125,-433.4000549316406,-408.8799743652344
120,-596.2999877929688,127.81889343261719,9.184113502502441,176.7439727783203,-596.2999877929688,-589.5,98.33366394042969,-788.0599975585938,-772.4000244140625,-746.0,-655.25,-589.5,-523.75,-473.0,-447.50006103515625,-433.57989501953125
144,-607.1199951171875,127.7908935546875,9.438211441040039,176.68568420410156,-607.1199951171875,-605.5,93.58474731445312,-788.0599975585938,-772.4000244140625,-746.7000122070312,-657.0,-605.5,-546.0,-482.70001220703125,-466.60003662109375,-433.57989501953125
168,-624.0399780273438,127.76628112792969,9.684375762939453,176.63097127278647,-624.0399780273438,-615.5,88.98088836669922,-791.0599975585938,-780.1500244140625,-754.0,-679.75,-615.5,-581.0,-521.7999877929688,-494.4000549316406,-477.61993408203125
192,-637.0399780273438,127.74322509765625,9.901387214660645,176.5802459716797,-637.0399780273438,-625.0,87.54175567626953,-812.239990234375,-788.1500244140625,-758.7000122070312,-688.25,-625.0,-584.75,-533.9000244140625,-497.9000244140625,-489.7999572753906
216,-657.1599731445312,127.71746826171875,10.131906509399414,176.52523295084634,-657.1599731445312,-637.0,84.26561737060547,-861.0599975585938,-794.9000244140625,-780.2999877929688,-711.0,-637.0,-593.5,-568.300048828125,-538.75,-522.4998779296875
240,-660.4599609375,127.69515228271484,10.325309753417969,176.47773234049478,-660.4600219726562,-643.5,82.1867904663086,-861.0599975585938,-794.9000244140625,-780.2999877929688,-713.25,-643.5,-594.0,-573.5999755859375,-540.9000244140625,-532.7999267578125
264,-664.4599609375,127.67149353027344,10.546258926391602,176.42523193359375,-664.4600219726562,-651.5,81.4834213256836,-861.0599975585938,-794.9000244140625,-780.2999877929688,-720.25,-651.5,-606.25,-574.0,-545.6500244140625,-532.7999267578125
288,-669.0999755859375,127.6453857421875,10.739400863647461,176.3728993733724,-669.0999755859375,-655.0,81.729248046875,-861.0599975585938,-806.2999877929688,-783.5,-729.25,-655.0,-617.75,-574.0,-545.6500244140625,-532.7999267578125
312,-672.3599853515625,127.6270980834961,10.934562683105469,176.32810974121094,-672.3599853515625,-657.0,79.57179260253906,-861.0599975585938,-806.2999877929688,-783.5,-739.5,-657.0,-621.75,-582.7999877929688,-548.8500366210938,-533.97998046875
336,-681.6400146484375,127.606689453125,11.124091148376465,176.28097534179688,-681.6400146484375,-672.5,79.54212951660156,-861.0599975585938,-806.2999877929688,-788.2999877929688,-743.5,-672.5,-626.75,-582.7999877929688,-548.8500366210938,-533.97998046875
360,-692.6199951171875,127.58306884765625,11.310737609863281,176.23116556803384,-692.6199951171875,-690.0,77.12181854248047,-861.0599975585938,-812.5,-791.0,-751.25,-690.0,-632.75,-592.0,-572.9500732421875,-545.7399291992188
384,-696.0199584960938,127.55708312988281,11.476954460144043,176.1810506184896,-696.02001953125,-695.0,77.7408447265625,-861.0599975585938,-812.5,-791.0,-753.25,-695.0,-633.75,-592.0,-572.9500732421875,-545.7399291992188
408,-700.3399658203125,127.53439331054688,11.644500732421875,176.13419087727866,-700.3400268554688,-697.5,75.00669860839844,-861.0599975585938,-816.2999877929688,-794.2999877929688,-754.0,-697.5,-647.5,-593.7999877929688,-582.9000244140625,-554.9599609375
432,-701.1799926757812,127.51432800292969,11.837443351745605,176.0851033528646,-701.1799926757812,-697.5,74.20085906982422,-861.0599975585938,-816.2999877929688,-794.2999877929688,-754.0,-697.5,-651.75,-609.1000366210938,-582.9000244140625,-554.9599609375
456,-706.6599731445312,127.49308776855469,12.003644943237305,176.03899129231772,-706.6599731445312,-701.0,74.27654266357422,-864.0,-822.0999755859375,-797.4000244140625,-755.75,-701.0,-654.75,-616.5,-584.9000244140625,-554.9599609375
480,-709.8800048828125,127.47017669677734,12.168124198913574,175.99070739746094,-709.8800048828125,-706.0,73.28018951416016,-864.0,-822.0999755859375,-797.4000244140625,-759.75,-706.0,-657.5,-623.4000244140625,-591.6500244140625,-554.9599609375
504,-711.2799682617188,127.44541931152344,12.340118408203125,175.9394327799479,-711.280029296875,-713.5,72.78710174560547,-864.0,-822.0999755859375,-797.4000244140625,-759.75,-713.5,-659.5,-623.4000244140625,-591.6500244140625,-554.9599609375
528,-718.8599853515625,127.42122650146484,12.480548858642578,175.89242045084634,-718.8599853515625,-721.0,76.56619262695312,-864.7200317382812,-825.8499755859375,-803.2999877929688,-765.25,-721.0,-662.75,-628.7999877929688,-610.0501098632812,-582.4398803710938
552,-719.4400024414062,127.3994369506836,12.621748924255371,175.84672037760416,-719.4400024414062,-721.0,76.35264587402344,-864.7200317382812,-825.8499755859375,-803.2999877929688,-765.25,-721.0,-663.75,-628.7999877929688,-610.0501098632812,-582.4398803710938
576,-721.8800048828125,127.37602233886719,12.756706237792969,175.80049641927084,-721.8800048828125,-723.0,75.58667755126953,-864.7200317382812,-825.8499755859375,-806.5999755859375,-766.5,-723.0,-663.75,-629.0,-617.6500244140625,-591.8199462890625
600,-727.8200073242188,127.35234832763672,12.888998031616211,175.75457255045572,-727.8200073242188,-728.5,72.98553466796875,-864.7200317382812,-843.9000244140625,-812.4000244140625,-769.25,-728.5,-667.75,-637.5999755859375,-624.0,-611.97998046875
624,-728.5999755859375,127.33074951171875,13.054969787597656,175.70683797200522,-728.5999755859375,-732.0,72.67269134521484,-864.7200317382812,-843.9000244140625,-812.4000244140625,-769.25,-732.0,-673.25,-637.5999755859375,-624.0,-611.97998046875
648,-731.0599975585938,127.31023406982422,13.216920852661133,175.66095987955728,-731.0599975585938,-734.5,71.48787689208984,-864.7200317382812,-843.9000244140625,-812.4000244140625,-770.5,-734.5,-680.5,-641.5999755859375,-626.8500366210938,-617.8599853515625
672,-732.5999755859375,127.28724670410156,13.350695610046387,175.61483764648438,-732.5999755859375,-736.0,72.53937530517578,-864.7200317382812,-858.1500244140625,-816.5999755859375,-774.0,-736.0,-680.5,-641.5999755859375,-626.8500366210938,-617.8599853515625
696,-733.8399658203125,127.2636947631836,13.502708435058594,175.5661824544271,-733.8400268554688,-736.0,71.94368743896484,-864.7200317382812,-858.1500244140625,-816.5999755859375,-780.75,-736.0,-681.75,-645.5999755859375,-628.9000244140625,-623.8800048828125
720,-740.97998046875,127.23774719238281,13.618243217468262,175.5193634033203,-740.97998046875,-738.5,73.33539581298828,-900.02001953125,-861.1500244140625,-825.8999633789062,-789.25,-738.5,-689.75,-651.9000244140625,-629.0,-623.8800048828125
744,-746.5799560546875,127.21639251708984,13.7608642578125,175.47379048665366,-746.5800170898438,-742.5,70.09239196777344,-900.02001953125,-861.1500244140625,-825.8999633789062,-790.25,-742.5,-699.0,-661.5999755859375,-637.800048828125,-628.7799682617188
768,-746.6399536132812,127.19258880615234,13.897052764892578,175.42544555664062,-746.6400146484375,-742.5,70.13807678222656,-900.02001953125,-861.1500244140625,-825.8999633789062,-790.25,-742.5,-699.0,-661.5999755859375,-637.800048828125,-628.7799682617188
792,-751.219970703125,127.17138671875,14.0481595993042,175.37799072265625,-751.219970703125,-745.5,68.06256103515625,-900.02001953125,-861.1500244140625,-834.0,-793.25,-745.5,-706.5,-663.9000244140625,-653.8500366210938,-633.8999633789062
816,-752.7799682617188,127.14305114746094,14.166152954101562,175.3273162841797,-752.780029296875,-746.5,66.70195770263672,-900.02001953125,-861.1500244140625,-834.0,-793.25,-746.5,-710.5,-673.4000244140625,-657.9000244140625,-633.8999633789062
840,-752.9199829101562,127.12151336669922,14.293998718261719,175.28213500976562,-752.9199829101562,-746.5,66.6476821899414,-900.02001953125,-861.1500244140625,-834.0,-793.25,-746.5,-710.5,-673.4000244140625,-657.9000244140625,-633.8999633789062
864,-753.6199951171875,127.09907531738281,14.4168119430542,175.23553466796875,-753.6199951171875,-746.5,67.45914459228516,-900.02001953125,-864.0,-843.0,-793.25,-746.5,-710.5,-673.4000244140625,-657.9000244140625,-633.8999633789062
888,-754.4199829101562,127.07198333740234,14.543106079101562,175.18518575032553,-754.4199829101562,-746.5,66.50341033935547,-900.02001953125,-864.0,-843.0,-793.25,-746.5,-711.75,-681.2000122070312,-661.800048828125,-637.8199462890625
912,-755.9599609375,127.04817199707031,14.680781364440918,175.1356201171875,-755.9600219726562,-748.5,65.95057678222656,-900.02001953125,-864.0,-843.0,-795.75,-748.5,-713.5,-686.5,-661.800048828125,-637.8199462890625
936,-758.4599609375,127.02310180664062,14.814181327819824,175.08512369791666,-758.4600219726562,-750.5,64.98175048828125,-900.02001953125,-864.0,-843.0,-801.25,-750.5,-714.0,-689.7000122070312,-662.9500122070312,-655.639892578125
960,-758.47998046875,126.99551391601562,14.94923210144043,175.03001912434897,-758.47998046875,-750.5,64.9600601196289,-900.02001953125,-864.0,-843.0,-801.25,-750.5,-714.0,-689.9000244140625,-662.9500122070312,-655.639892578125
984,-759.739990234375,126.97109985351562,15.061881065368652,174.98340352376303,-759.739990234375,-751.5,64.79021453857422,-900.02001953125,-864.0,-843.0,-802.25,-751.5,-715.5,-690.0,-662.9500122070312,-655.639892578125
1008,-760.0199584960938,126.94499206542969,15.174789428710938,174.9345957438151,-760.02001953125,-751.5,64.85398864746094,-900.02001953125,-864.0,-843.0,-803.0,-751.5,-715.5,-690.0,-662.9500122070312,-655.639892578125
1032,-760.0199584960938,126.91769409179688,15.319013595581055,174.88025410970053,-760.02001953125,-751.5,64.85398864746094,-900.02001953125,-864.0,-843.0,-803.0,-751.5,-715.5,-690.0,-662.9500122070312,-655.639892578125
1056,-763.6599731445312,126.89376831054688,15.452274322509766,174.8303476969401,-763.6599731445312,-754.0,64.5238265991211,-900.02001953125,-864.0999755859375,-844.5,-803.25,-754.0,-721.5,-695.4000244140625,-662.9500122070312,-655.639892578125
1080,-763.97998046875,126.87272644042969,15.579020500183105,174.78463745117188,-763.97998046875,-754.0,63.97999572753906,-900.02001953125,-864.0999755859375,-844.5,-803.25,-754.0,-721.5,-695.4000244140625,-662.9500122070312,-655.639892578125
1104,-765.5999755859375,126.84303283691406,15.703158378601074,174.73090108235678,-765.5999755859375,-756.0,62.246604919433594,-900.02001953125,-864.0999755859375,-844.5,-803.25,-756.0,-724.25,-698.7000122070312,-687.7501220703125,-661.8800048828125
1128,-767.719970703125,126.81346130371094,15.818072319030762,174.67663065592447,-767.719970703125,-765.5,62.72544479370117,-900.02001953125,-866.2999877929688,-858.2999877929688,-804.0,-765.5,-729.75,-698.7000122070312,-687.7501220703125,-661.8800048828125
1152,-767.8399658203125,126.78538513183594,15.933181762695312,174.6237030029297,-767.8400268554688,-765.5,62.64546585083008,-900.02001953125,-866.2999877929688,-858.2999877929688,-804.0,-765.5,-731.75,-698.7000122070312,-687.7501220703125,-661.8800048828125
1176,-768.3599853515625,126.75737762451172,16.041637420654297,174.5729522705078,-768.3599853515625,-766.0,62.569881439208984,-900.02001953125,-866.2999877929688,-858.2999877929688,-804.0,-766.0,-731.75,-698.7000122070312,-687.7501220703125,-661.8800048828125
1200,-770.2999877929688,126.72760009765625,16.175703048706055,174.51427205403647,-770.2999877929688,-766.0,60.87914276123047,-900.02001953125,-866.2999877929688,-858.2999877929688,-804.0,-766.0,-733.75,-699.0,-689.9500122070312,-662.97998046875
1224,-773.0599975585938,126.69832611083984,16.309200286865234,174.45816040039062,-773.0599975585938,-766.0,61.65871047973633,-901.02001953125,-872.5,-861.0999755859375,-806.75,-766.0,-735.5,-699.0,-689.9500122070312,-663.97998046875
1248,-775.5399780273438,126.67204284667969,16.43783950805664,174.40545654296875,-775.5399780273438,-767.5,60.760746002197266,-901.02001953125,-872.5,-861.0999755859375,-809.0,-767.5,-736.75,-699.9000244140625,-695.7000122070312,-687.5198974609375
1272,-776.0399780273438,126.64451599121094,16.563385009765625,174.35272725423178,-776.0399780273438,-767.5,60.44070053100586,-901.02001953125,-872.5,-861.0999755859375,-809.0,-767.5,-737.75,-699.9000244140625,-695.7000122070312,-687.5198974609375
1296,-780.0,126.61744689941406,16.687488555908203,174.29751586914062,-780.0,-768.5,61.29763412475586,-902.3599853515625,-882.9000244140625,-862.2000122070312,-813.0,-768.5,-738.75,-710.1000366210938,-698.550048828125,-687.5198974609375
1320,-780.739990234375,126.58565521240234,16.820571899414062,174.23747762044272,-780.739990234375,-769.5,60.77180480957031,-902.3599853515625,-882.9000244140625,-862.2000122070312,-813.0,-769.5,-739.75,-711.9000244140625,-698.550048828125,-687.5198974609375
1344,-781.8800048828125,126.55413055419922,16.957826614379883,174.17632548014322,-781.8800048828125,-772.0,59.94118118286133,-902.3599853515625,-882.9000244140625,-862.2000122070312,-813.0,-772.0,-740.75,-712.0,-698.550048828125,-687.8399658203125
1368,-782.3599853515625,126.52223205566406,17.07790756225586,174.11852010091147,-782.3599853515625,-772.0,60.046234130859375,-902.3599853515625,-882.9000244140625,-862.2000122070312,-816.5,-772.0,-740.75,-719.2000122070312,-698.550048828125,-687.8399658203125
1392,-783.4599609375,126.48751068115234,17.193410873413086,174.05931599934897,-783.4600219726562,-776.5,58.90762710571289,-902.3599853515625,-882.9000244140625,-862.2000122070312,-818.0,-776.5,-740.75,-719.2000122070312,-698.550048828125,-687.97998046875
1416,-784.2799682617188,126.45751953125,17.324810028076172,174.00020853678384,-784.280029296875,-779.5,58.853729248046875,-902.3599853515625,-882.9000244140625,-862.2000122070312,-818.0,-779.5,-742.5,-719.2000122070312,-698.550048828125,-687.97998046875
1440,-785.719970703125,126.42924499511719,17.456531524658203,173.94386291503906,-785.719970703125,-780.0,58.508811950683594,-902.3599853515625,-882.9000244140625,-862.2000122070312,-818.0,-780.0,-743.75,-723.5999755859375,-699.0,-688.97998046875
1464,-788.0399780273438,126.39552307128906,17.579538345336914,173.88078816731772,-788.0399780273438,-781.0,58.715576171875,-902.3599853515625,-896.2000122070312,-864.0,-818.75,-781.0,-745.0,-724.9000244140625,-699.0,-688.97998046875
1488,-788.6599731445312,126.36444091796875,17.69308853149414,173.8228505452474,-788.6599731445312,-782.5,58.39798355102539,-902.3599853515625,-896.2000122070312,-864.0,-818.75,-782.5,-745.75,-725.9000244140625,-699.0,-688.97998046875
1512,-792.719970703125,126.32564544677734,17.808429718017578,173.75647989908853,-792.719970703125,-784.0,65.62500762939453,-922.1600341796875,-901.0499877929688,-866.5999755859375,-821.25,-784.0,-746.75,-725.9000244140625,-699.0,-688.97998046875
1536,-795.1399536132812,126.29325866699219,17.92462158203125,173.69579060872397,-795.1400146484375,-787.0,68.26258850097656,-989.780029296875,-902.3499755859375,-873.0,-822.25,-787.0,-746.75,-725.9000244140625,-699.0,-688.97998046875
1560,-800.0799560546875,126.25480651855469,18.043701171875,173.6275431315104,-800.0800170898438,-789.5,70.38489532470703,-989.780029296875,-909.5499877929688,-887.0,-829.25,-789.5,-749.75,-730.5,-710.4000244140625,-689.9599609375
1584,-802.0199584960938,126.22257995605469,18.17780876159668,173.56139119466147,-802.02001953125,-790.0,69.0396957397461,-989.780029296875,-909.5499877929688,-887.0,-833.25,-790.0,-751.5,-732.9000244140625,-719.6000366210938,-698.8199462890625
1608,-803.2799682617188,126.185791015625,18.298316955566406,173.49560038248697,-803.280029296875,-791.0,68.52008056640625,-989.780029296875,-909.5499877929688,-887.0,-833.25,-791.0,-753.75,-733.0,-719.6000366210938,-698.8199462890625
1632,-806.8599853515625,126.14933776855469,18.411365509033203,173.42947896321616,-806.8599853515625,-793.0,72.71409606933594,-1028.9000244140625,-921.5499877929688,-896.4000244140625,-843.0,-793.0,-757.25,-733.9000244140625,-719.6000366210938,-698.8199462890625
1656,-807.1799926757812,126.1078109741211,18.527345657348633,173.3574981689453,-807.1799926757812,-793.0,72.53335571289062,-1028.9000244140625,-921.5499877929688,-896.4000244140625,-843.0,-793.0,-758.0,-733.9000244140625,-719.6000366210938,-698.8199462890625
1680,-807.1799926757812,126.06829833984375,18.65631866455078,173.28482564290366,-807.1799926757812,-793.0,72.53335571289062,-1028.9000244140625,-921.5499877929688,-896.4000244140625,-843.0,-793.0,-758.0,-733.9000244140625,-719.6000366210938,-698.8199462890625
1704,-807.97998046875,126.02718353271484,18.774097442626953,173.2152862548828,-807.97998046875,-793.0,74.00108337402344,-1028.9000244140625,-952.5499877929688,-896.4000244140625,-843.0,-793.0,-758.0,-733.9000244140625,-719.6000366210938,-698.8199462890625
1728,-808.5599975585938,125.98258972167969,18.90778350830078,173.1386515299479,-808.5599975585938,-793.0,73.41584777832031,-1028.9000244140625,-952.5499877929688,-896.4000244140625,-843.0,-793.0,-761.0,-733.9000244140625,-719.9000244140625,-710.7599487304688
1752,-809.4599609375,125.94051361083984,19.021587371826172,173.0652618408203,-809.4600219726562,-795.5,73.11080169677734,-1028.9000244140625,-952.5499877929688,-896.4000244140625,-843.0,-795.5,-765.0,-733.9000244140625,-719.9000244140625,-710.7599487304688
1776,-810.5,125.89839935302734,19.11733055114746,172.9947509765625,-810.5,-800.5,73.00869750976562,-1028.9000244140625,-952.5499877929688,-896.4000244140625,-843.5,-800.5,-765.0,-733.9000244140625,-719.9000244140625,-710.7599487304688
1800,-810.5999755859375,125.85676574707031,19.25098991394043,172.91766866048178,-810.5999755859375,-800.5,72.95451354980469,-1028.9000244140625,-952.5499877929688,-896.4000244140625,-843.5,-800.5,-765.75,-733.9000244140625,-719.9000244140625,-710.7599487304688
1824,-810.9400024414062,125.81761169433594,19.37249183654785,172.84874471028647,-810.9400024414062,-801.5,72.8642349243164,-1028.9000244140625,-952.5499877929688,-896.4000244140625,-843.5,-801.5,-765.75,-733.9000244140625,-719.9000244140625,-710.7599487304688
1848,-811.8399658203125,125.77130126953125,19.467695236206055,172.77592976888022,-811.8400268554688,-801.5,72.53671264648438,-1028.9000244140625,-952.5499877929688,-896.4000244140625,-843.5,-801.5,-766.0,-735.7999877929688,-722.8500366210938,-711.97998046875
1872,-812.2999877929688,125.72029113769531,19.58125877380371,172.6925048828125,-812.2999877929688,-802.5,72.42203521728516,-1028.9000244140625,-952.5499877929688,-896.4000244140625,-843.5,-802.5,-766.0,-735.7999877929688,-722.8500366210938,-711.97998046875
1896,-814.9199829101562,125.66429138183594,19.693649291992188,172.6066436767578,-814.9199829101562,-804.0,72.53656768798828,-1028.9000244140625,-952.5499877929688,-896.4000244140625,-848.75,-804.0,-767.75,-736.9000244140625,-722.8500366210938,-711.97998046875
1920,-815.7000122070312,125.6158447265625,19.817733764648438,172.52417500813803,-815.7000122070312,-804.0,72.51696014404297,-1028.9000244140625,-952.5499877929688,-896.4000244140625,-852.5,-804.0,-767.75,-736.9000244140625,-722.8500366210938,-711.97998046875
1944,-816.8599853515625,125.57146453857422,19.945556640625,172.44299825032553,-816.8599853515625,-807.5,72.56128692626953,-1028.9000244140625,-952.5499877929688,-896.4000244140625,-857.25,-807.5,-767.75,-736.9000244140625,-722.8500366210938,-711.97998046875
1968,-819.6199951171875,125.51481628417969,20.072769165039062,172.35368855794272,-819.6199951171875,-809.0,72.55960083007812,-1028.9000244140625,-952.5499877929688,-900.0999755859375,-858.0,-809.0,-768.75,-737.9000244140625,-725.8500366210938,-717.8800048828125
1992,-820.4199829101562,125.46269226074219,20.189769744873047,172.26878356933594,-820.4199829101562,-809.0,72.3717041015625,-1028.9000244140625,-952.5499877929688,-900.0999755859375,-858.0,-809.0,-769.75,-737.9000244140625,-725.8500366210938,-717.8800048828125
2016,-823.9599609375,125.40678405761719,20.31108856201172,172.1800537109375,-823.9600219726562,-816.5,72.10990142822266,-1028.9000244140625,-952.5499877929688,-901.5,-861.25,-816.5,-773.0,-744.9000244140625,-730.6000366210938,-717.8800048828125
2040,-825.219970703125,125.36090087890625,20.430419921875,172.10082499186197,-825.219970703125,-816.5,72.00411224365234,-1028.9000244140625,-952.5499877929688,-906.2999877929688,-861.25,-816.5,-775.5,-745.0,-730.6000366210938,-717.8800048828125
2064,-826.7999877929688,125.30431365966797,20.556509017944336,172.00877888997397,-826.7999877929688,-817.0,73.02519226074219,-1028.9000244140625,-956.3499755859375,-910.0,-862.5,-817.0,-779.0,-745.0,-730.6000366210938,-717.8800048828125
2088,-826.8599853515625,125.2507553100586,20.681385040283203,171.92089335123697,-826.8599853515625,-817.0,73.00643920898438,-1028.9000244140625,-956.3499755859375,-910.0,-862.5,-817.0,-779.0,-745.0,-730.6000366210938,-717.8800048828125
2112,-828.47998046875,125.19206237792969,20.789194107055664,171.83013407389322,-828.47998046875,-818.0,72.234130859375,-1028.9000244140625,-956.3499755859375,-910.0,-862.5,-818.0,-784.5,-745.9000244140625,-730.6000366210938,-717.8800048828125
2136,-832.2999877929688,125.13787841796875,20.897735595703125,171.74148559570312,-832.2999877929688,-820.0,70.79879760742188,-1028.9000244140625,-956.3499755859375,-919.0999755859375,-864.0,-820.0,-785.75,-754.0,-744.9500122070312,-722.8999633789062
2160,-834.6199951171875,125.07231140136719,21.030269622802734,171.6342519124349,-834.6199951171875,-821.5,69.38512420654297,-1028.9000244140625,-956.3499755859375,-919.0999755859375,-864.5,-821.5,-787.75,-757.7999877929688,-745.0,-730.7399291992188
2184,-838.6199951171875,125.01898193359375,21.145580291748047,171.54804484049478,-838.6199951171875,-823.5,72.16353607177734,-1072.02001953125,-982.3499755859375,-921.5999755859375,-867.5,-823.5,-789.5,-766.1000366210938,-745.9500122070312,-743.7399291992188
2208,-838.6199951171875,124.95591735839844,21.264293670654297,171.44754536946616,-838.6199951171875,-823.5,72.16353607177734,-1072.02001953125,-982.3499755859375,-921.5999755859375,-867.5,-823.5,-789.5,-766.1000366210938,-745.9500122070312,-743.7399291992188
2232,-840.3999633789062,124.8960189819336,21.400739669799805,171.34937540690103,-840.4000244140625,-823.5,70.68436431884766,-1072.02001953125,-982.3499755859375,-921.5999755859375,-867.5,-823.5,-792.0,-773.5999755859375,-753.6000366210938,-744.719970703125
2256,-843.1599731445312,124.82594299316406,21.514015197753906,171.24365234375,-843.1599731445312,-824.0,73.7138671875,-1072.02001953125,-990.9500122070312,-936.7999877929688,-872.5,-824.0,-793.5,-777.5999755859375,-753.6000366210938,-744.719970703125
2280,-844.4400024414062,124.75994873046875,21.609853744506836,171.1451212565104,-844.4400024414062,-827.5,73.43354797363281,-1072.02001953125,-990.9500122070312,-936.7999877929688,-874.25,-827.5,-796.25,-777.5999755859375,-753.6000366210938,-744.719970703125
2304,-847.5399780273438,124.6917724609375,21.74026107788086,171.0373992919922,-847.5399780273438,-829.5,72.9012222290039,-1072.02001953125,-990.9500122070312,-944.2999877929688,-877.0,-829.5,-799.25,-778.9000244140625,-757.800048828125,-745.0
2328,-851.699951171875,124.61898803710938,21.862594604492188,170.9244842529297,-851.7000122070312,-843.0,75.5078125,-1072.02001953125,-1018.5,-951.4000244140625,-882.25,-843.0,-800.0,-778.9000244140625,-757.800048828125,-745.0
2352,-853.2999877929688,124.5550765991211,21.9796142578125,170.8224639892578,-853.2999877929688,-843.5,74.71968078613281,-1072.02001953125,-1018.5,-951.4000244140625,-882.25,-843.5,-801.5,-779.9000244140625,-763.7000122070312,-745.0
2376,-854.6199951171875,124.47865295410156,22.10328483581543,170.70604960123697,-854.6199951171875,-843.5,73.48343658447266,-1072.02001953125,-1018.5,-951.4000244140625,-882.25,-843.5,-802.0,-781.7999877929688,-772.8500366210938,-753.8199462890625
2400,-858.0,124.39537811279297,22.2218017578125,170.58358764648438,-858.0,-844.5,73.7685546875,-1072.02001953125,-1018.5,-956.5999755859375,-883.75,-844.5,-803.75,-782.9000244140625,-772.8500366210938,-753.8199462890625
2424,-861.219970703125,124.318359375,22.337905883789062,170.46568806966147,-861.219970703125,-846.5,75.83186340332031,-1072.02001953125,-1028.199951171875,-977.5,-890.25,-846.5,-805.5,-782.9000244140625,-772.8500366210938,-753.8199462890625
2448,-861.239990234375,124.25079345703125,22.443235397338867,170.35909016927084,-861.239990234375,-846.5,75.82917022705078,-1072.02001953125,-1028.199951171875,-977.5,-890.25,-846.5,-805.5,-782.9000244140625,-772.8500366210938,-753.8199462890625
2472,-862.0399780273438,124.17555236816406,22.572805404663086,170.24066162109375,-862.0399780273438,-851.0,75.50310516357422,-1072.02001953125,-1028.199951171875,-977.5,-890.25,-851.0,-807.5,-782.9000244140625,-772.8500366210938,-753.8199462890625
2496,-863.3399658203125,124.10003662109375,22.701709747314453,170.12015787760416,-863.3400268554688,-851.5,74.68282318115234,-1072.02001953125,-1028.199951171875,-977.5,-890.25,-851.5,-808.75,-787.0,-773.9500122070312,-757.7399291992188
2520,-868.5799560546875,124.00726318359375,22.82241439819336,169.98241678873697,-868.5800170898438,-857.0,76.96637725830078,-1072.02001953125,-1028.199951171875,-986.2000122070312,-900.25,-857.0,-810.5,-787.0,-775.9000244140625,-757.7399291992188
2544,-873.7999877929688,123.91757202148438,22.95389175415039,169.84647115071616,-873.7999877929688,-860.5,76.8140640258789,-1072.02001953125,-1028.199951171875,-986.2000122070312,-911.5,-860.5,-817.0,-788.0,-778.8500366210938,-766.8199462890625
2568,-879.6599731445312,123.83211517333984,23.07326316833496,169.71692911783853,-879.6599731445312,-861.0,80.77774810791016,-1072.02001953125,-1032.449951171875,-1005.2000122070312,-936.75,-861.0,-821.75,-788.0,-778.8500366210938,-766.8199462890625
2592,-884.8999633789062,123.7330322265625,23.18092918395996,169.57220458984375,-884.9000244140625,-863.0,82.69020080566406,-1073.1199951171875,-1042.0,-1016.2000122070312,-939.75,-863.0,-824.0,-789.7999877929688,-781.8500366210938,-766.8199462890625
2616,-886.8599853515625,123.64299011230469,23.297468185424805,169.4373779296875,-886.8599853515625,-863.0,83.34351348876953,-1073.1199951171875,-1042.0,-1016.2000122070312,-942.5,-863.0,-827.75,-789.7999877929688,-781.8500366210938,-766.8199462890625
2640,-891.1199951171875,123.55157470703125,23.42049789428711,169.29827372233072,-891.1199951171875,-865.0,88.60691833496094,-1079.260009765625,-1061.550048828125,-1016.2000122070312,-947.75,-865.0,-827.75,-789.7999877929688,-781.8500366210938,-766.8199462890625
2664,-892.5599975585938,123.45451354980469,23.5498046875,169.15306599934897,-892.5599975585938,-865.0,89.27870178222656,-1079.260009765625,-1061.550048828125,-1016.2000122070312,-950.25,-865.0,-829.75,-789.7999877929688,-781.8500366210938,-766.8199462890625
2688,-894.239990234375,123.35206604003906,23.677688598632812,169.00243631998697,-894.239990234375,-867.5,89.59142303466797,-1079.260009765625,-1061.550048828125,-1016.2000122070312,-954.25,-867.5,-829.75,-789.7999877929688,-781.8500366210938,-766.8199462890625
2712,-899.0,123.25375366210938,23.799095153808594,168.85687764485678,-899.0,-874.5,90.36370849609375,-1093.0,-1072.050048828125,-1018.7999877929688,-962.5,-874.5,-830.75,-793.5999755859375,-786.75,-775.8199462890625
2736,-901.5,123.15556335449219,23.926464080810547,168.7097930908203,-901.5,-882.0,91.56893920898438,-1093.0,-1073.300048828125,-1026.5999755859375,-962.5,-882.0,-830.75,-793.5999755859375,-786.75,-775.8199462890625
2760,-908.1599731445312,123.05706024169922,24.03877830505371,168.56661478678384,-908.1599731445312,-886.5,89.57262420654297,-1093.0,-1073.300048828125,-1032.9000244140625,-964.5,-886.5,-837.75,-808.5,-787.9500122070312,-778.9400024414062
2784,-912.719970703125,122.95634460449219,24.166746139526367,168.41685994466147,-912.719970703125,-890.0,88.85607147216797,-1093.0,-1073.300048828125,-1032.9000244140625,-968.75,-890.0,-844.5,-817.1000366210938,-791.9000244140625,-786.7799682617188
2808,-920.9199829101562,122.84444427490234,24.28003692626953,168.2572987874349,-920.9199829101562,-893.5,100.01056671142578,-1184.4000244140625,-1079.6500244140625,-1061.0999755859375,-979.75,-893.5,-844.75,-818.9000244140625,-801.5000610351562,-786.7799682617188
2832,-924.7799682617188,122.73248291015625,24.408681869506836,168.09337870279947,-924.780029296875,-900.0,103.16681671142578,-1198.1199951171875,-1096.0999755859375,-1063.0,-983.5,-900.0,-847.25,-818.9000244140625,-801.5000610351562,-786.7799682617188
2856,-933.2999877929688,122.61968231201172,24.512619018554688,167.93563334147134,-933.2999877929688,-909.0,105.72998809814453,-1198.1199951171875,-1124.5999755859375,-1075.4000244140625,-1000.25,-909.0,-860.25,-818.9000244140625,-803.9000244140625,-786.7799682617188
2880,-940.0,122.50604248046875,24.630783081054688,167.76776123046875,-940.0,-912.5,110.87632751464844,-1204.699951171875,-1174.5,-1085.699951171875,-1003.5,-912.5,-861.0,-818.9000244140625,-803.9000244140625,-786.7799682617188
2904,-945.0199584960938,122.39501953125,24.7513484954834,167.60128784179688,-945.02001953125,-920.0,111.1740951538086,-1204.699951171875,-1174.5,-1085.699951171875,-1010.75,-920.0,-861.75,-820.7999877929688,-807.800048828125,-786.7799682617188
2928,-949.6599731445312,122.28350830078125,24.890533447265625,167.43018595377603,-949.6599731445312,-923.0,111.72593688964844,-1204.699951171875,-1174.5,-1092.199951171875,-1021.5,-923.0,-863.5,-823.7000122070312,-808.9500122070312,-789.719970703125
2952,-953.4199829101562,122.168701171875,25.008398056030273,167.26244608561197,-953.4199829101562,-934.0,113.45282745361328,-1239.300048828125,-1184.699951171875,-1092.199951171875,-1033.0,-934.0,-866.0,-823.7000122070312,-808.9500122070312,-789.719970703125
2976,-955.0399780273438,122.06396484375,25.119962692260742,167.1023152669271,-955.0399780273438,-937.5,112.65380096435547,-1239.300048828125,-1184.699951171875,-1092.199951171875,-1033.75,-937.5,-866.0,-828.5,-809.0,-789.7599487304688
3000,-959.0,121.93184661865234,25.24773406982422,166.91258748372397,-959.0,-937.5,115.62715911865234,-1254.780029296875,-1198.300048828125,-1096.2999267578125,-1033.75,-937.5,-870.5,-830.7999877929688,-817.550048828125,-789.7599487304688
3024,-963.7599487304688,121.80934143066406,25.378904342651367,166.7313028971354,-963.760009765625,-947.0,115.39905548095703,-1254.780029296875,-1198.300048828125,-1100.800048828125,-1037.25,-947.0,-879.25,-830.7999877929688,-817.550048828125,-789.7599487304688
3048,-969.219970703125,121.67840576171875,25.4952392578125,166.5432383219401,-969.219970703125,-952.0,114.82853698730469,-1254.780029296875,-1198.300048828125,-1108.9000244140625,-1043.25,-952.0,-882.75,-833.7000122070312,-820.8500366210938,-803.719970703125
3072,-978.1199951171875,121.5226058959961,25.595495223999023,166.3332265218099,-978.1199951171875,-965.5,120.03910827636719,-1275.3599853515625,-1239.3499755859375,-1125.2999267578125,-1052.5,-965.5,-890.75,-833.7000122070312,-821.0,-808.8999633789062
3096,-987.8599853515625,121.38041687011719,25.713665008544922,166.13055419921875,-987.8599853515625,-972.5,123.25494384765625,-1275.3599853515625,-1240.300048828125,-1185.4000244140625,-1061.0,-972.5,-891.75,-837.7999877929688,-823.8500366210938,-817.8199462890625
3120,-991.7999877929688,121.24531555175781,25.83362579345703,165.93766276041666,-991.7999877929688,-977.5,123.10711669921875,-1275.3599853515625,-1240.300048828125,-1185.4000244140625,-1061.25,-977.5,-895.75,-837.7999877929688,-823.8500366210938,-817.8199462890625
3144,-993.699951171875,121.11512756347656,25.95496940612793,165.74829610188803,-993.7000122070312,-982.0,121.79536437988281,-1275.3599853515625,-1240.300048828125,-1185.4000244140625,-1061.25,-982.0,-896.5,-847.0,-827.800048828125,-820.7599487304688
3168,-998.5599975585938,120.9749755859375,26.08718490600586,165.5447743733724,-998.5599975585938,-986.0,124.64640808105469,-1293.06005859375,-1246.4000244140625,-1185.4000244140625,-1064.25,-986.0,-896.5,-847.0,-827.800048828125,-820.7599487304688
3192,-1003.0,120.83531188964844,26.20250701904297,165.3438262939453,-1003.0,-986.0,124.2008056640625,-1293.06005859375,-1246.4000244140625,-1185.4000244140625,-1072.0,-986.0,-897.0,-857.0,-828.9500122070312,-820.7599487304688
3216,-1009.3999633789062,120.69810485839844,26.34278678894043,165.13655598958334,-1009.4000244140625,-998.0,127.55297088623047,-1293.06005859375,-1266.0999755859375,-1207.5,-1075.25,-998.0,-899.25,-857.0,-828.9500122070312,-820.7599487304688
3240,-1016.219970703125,120.54678344726562,26.445816040039062,164.92668660481772,-1016.219970703125,-1003.0,126.42005920410156,-1293.06005859375,-1268.3499755859375,-1207.5,-1075.25,-1003.0,-933.25,-857.5,-833.75,-820.7599487304688
3264,-1023.0399780273438,120.385498046875,26.55499839782715,164.69725545247397,-1023.0399780273438,-1003.0,127.96576690673828,-1296.4000244140625,-1275.25,-1240.0999755859375,-1085.25,-1003.0,-936.75,-871.9000244140625,-835.9000244140625,-827.6199340820312
3288,-1029.8199462890625,120.2247543334961,26.701324462890625,164.46498107910156,-1029.8199462890625,-1014.5,126.87477111816406,-1296.4000244140625,-1275.25,-1240.0999755859375,-1098.0,-1014.5,-944.25,-872.0,-856.9000854492188,-827.6199340820312
3312,-1036.2999267578125,120.0904769897461,26.811626434326172,164.26801554361978,-1036.300048828125,-1019.0,123.9930191040039,-1296.4000244140625,-1275.25,-1241.5,-1102.75,-1019.0,-951.5,-881.4000244140625,-856.9000854492188,-827.6199340820312
3336,-1043.9000244140625,119.95416259765625,26.962459564208984,164.0585174560547,-1043.9000244140625,-1025.0,121.72686004638672,-1296.4000244140625,-1275.25,-1241.5,-1111.75,-1025.0,-960.0,-883.7999877929688,-866.550048828125,-827.9599609375
3360,-1051.760009765625,119.78822326660156,27.089031219482422,163.8236541748047,-1051.760009765625,-1032.0,127.75861358642578,-1300.47998046875,-1280.6500244140625,-1243.5,-1123.0,-1032.0,-964.5,-891.2000122070312,-870.800048828125,-836.0
3384,-1057.3599853515625,119.63063049316406,27.214847564697266,163.59000142415366,-1057.3599853515625,-1041.5,125.301513671875,-1300.47998046875,-1280.6500244140625,-1243.5,-1123.5,-1041.5,-967.5,-910.800048828125,-875.75,-857.5599365234375
3408,-1066.419921875,119.48245239257812,27.311132431030273,163.3776601155599,-1066.4200439453125,-1046.5,122.2068099975586,-1300.47998046875,-1280.6500244140625,-1248.9000244140625,-1135.0,-1046.5,-974.0,-937.9000244140625,-883.800048828125,-866.8199462890625
3432,-1074.5799560546875,119.32777404785156,27.4246883392334,163.15839131673178,-1074.5799560546875,-1052.5,129.2228546142578,-1382.239990234375,-1296.949951171875,-1268.5,-1140.5,-1052.5,-988.0,-937.9000244140625,-887.800048828125,-866.8199462890625
3456,-1080.52001953125,119.17564392089844,27.530853271484375,162.93722534179688,-1080.52001953125,-1059.0,132.88284301757812,-1395.6600341796875,-1297.4000244140625,-1268.5,-1145.5,-1059.0,-991.5,-938.0,-887.800048828125,-866.8199462890625
3480,-1095.760009765625,119.02022552490234,27.637638092041016,162.71667989095053,-1095.760009765625,-1065.5,141.674072265625,-1477.4599609375,-1326.9000244140625,-1273.199951171875,-1184.25,-1065.5,-997.25,-946.0,-887.800048828125,-866.8199462890625
3504,-1103.43994140625,118.86675262451172,27.760839462280273,162.4912312825521,-1103.43994140625,-1084.0,143.06153869628906,-1477.4599609375,-1382.5999755859375,-1293.300048828125,-1184.25,-1084.0,-1001.75,-951.4000244140625,-889.9000244140625,-866.8199462890625
3528,-1113.260009765625,118.69854736328125,27.861370086669922,162.25457255045572,-1113.260009765625,-1097.5,143.68275451660156,-1501.219970703125,-1383.25,-1293.300048828125,-1184.25,-1097.5,-1006.0,-955.9000244140625,-938.0,-866.8199462890625
3552,-1125.0,118.54484558105469,27.99666976928711,162.0269012451172,-1125.0,-1111.0,144.1102294921875,-1501.219970703125,-1383.25,-1297.199951171875,-1201.75,-1111.0,-1019.5,-956.7999877929688,-938.0,-866.8199462890625
3576,-1131.8599853515625,118.3849105834961,28.10989761352539,161.79835510253906,-1131.8599853515625,-1115.0,142.51744079589844,-1501.219970703125,-1394.6500244140625,-1309.0,-1206.75,-1115.0,-1035.25,-966.0,-945.6000366210938,-935.419677734375
3600,-1134.9000244140625,118.20955657958984,28.226795196533203,161.54883321126303,-1134.9000244140625,-1116.5,140.3924102783203,-1501.219970703125,-1394.6500244140625,-1309.0,-1206.75,-1116.5,-1043.5,-966.0,-945.6000366210938,-935.7997436523438
3624,-1140.4000244140625,118.03517150878906,28.328636169433594,161.30435689290366,-1140.4000244140625,-1132.5,138.38482666015625,-1501.219970703125,-1394.6500244140625,-1309.0,-1206.75,-1132.5,-1052.25,-999.2000122070312,-945.6000366210938,-935.7997436523438
3648,-1149.3599853515625,117.86983489990234,28.43878936767578,161.06024678548178,-1149.3599853515625,-1138.0,141.4658660888672,-1503.1800537109375,-1410.5,-1318.300048828125,-1218.25,-1138.0,-1057.0,-999.2000122070312,-945.6000366210938,-935.7997436523438
3672,-1155.5999755859375,117.70381927490234,28.539188385009766,160.82616170247397,-1155.5999755859375,-1138.5,144.19320678710938,-1503.1800537109375,-1477.050048828125,-1322.199951171875,-1218.25,-1138.5,-1061.75,-999.2000122070312,-945.6000366210938,-935.7997436523438
3696,-1158.219970703125,117.51527404785156,28.649211883544922,160.56267293294272,-1158.219970703125,-1138.5,145.43972778320312,-1503.1800537109375,-1477.050048828125,-1328.9000244140625,-1231.25,-1138.5,-1061.75,-1000.9000244140625,-945.6000366210938,-935.7997436523438
3720,-1161.280029296875,117.32737731933594,28.752880096435547,160.29664103190103,-1161.280029296875,-1138.5,144.82777404785156,-1503.1800537109375,-1477.050048828125,-1328.9000244140625,-1242.0,-1138.5,-1061.75,-1001.9000244140625,-945.6000366210938,-935.7997436523438
3744,-1167.179931640625,117.1444320678711,28.852367401123047,160.03742472330728,-1167.1800537109375,-1146.0,144.9313201904297,-1503.1800537109375,-1477.050048828125,-1354.0999755859375,-1242.0,-1146.0,-1068.5,-1001.9000244140625,-945.6000366210938,-935.7997436523438
3768,-1171.0799560546875,116.9410400390625,28.987144470214844,159.7455291748047,-1171.0799560546875,-1146.0,144.7484588623047,-1503.1800537109375,-1477.050048828125,-1354.0999755859375,-1247.75,-1146.0,-1072.25,-1003.7999877929688,-955.800048828125,-935.7997436523438
3792,-1180.0,116.754638671875,29.102880477905273,159.4779510498047,-1180.0,-1161.5,142.93565368652344,-1503.1800537109375,-1477.050048828125,-1374.800048828125,-1260.5,-1161.5,-1087.25,-1030.300048828125,-988.3001708984375,-936.7797241210938
3816,-1186.2999267578125,116.55769348144531,29.20468521118164,159.1955769856771,-1186.300048828125,-1166.0,145.51890563964844,-1561.3800048828125,-1477.050048828125,-1392.0,-1260.5,-1166.0,-1089.5,-1031.5,-999.5000610351562,-951.719970703125
3840,-1188.719970703125,116.36128234863281,29.339656829833984,158.90499877929688,-1188.719970703125,-1166.0,145.4744110107422,-1561.3800048828125,-1477.050048828125,-1401.5999755859375,-1260.5,-1166.0,-1090.0,-1031.5,-1000.9500122070312,-955.9199829101562
3864,-1191.43994140625,116.16997528076172,29.477230072021484,158.6177775065104,-1191.43994140625,-1169.5,144.98402404785156,-1561.3800048828125,-1477.050048828125,-1401.5999755859375,-1260.5,-1169.5,-1090.0,-1031.5,-1000.9500122070312,-955.9199829101562
3888,-1196.0999755859375,115.94732666015625,29.573850631713867,158.3072509765625,-1196.0999755859375,-1179.5,145.72999572753906,-1561.3800048828125,-1477.050048828125,-1417.699951171875,-1260.5,-1179.5,-1090.75,-1031.5,-1000.9500122070312,-955.9199829101562
3912,-1208.9000244140625,115.7583236694336,29.700437545776367,158.02017720540366,-1208.9000244140625,-1186.5,147.3421630859375,-1561.3800048828125,-1478.5,-1433.699951171875,-1293.0,-1186.5,-1099.75,-1053.199951171875,-1001.9000244140625,-955.9199829101562
3936,-1218.8599853515625,115.56011962890625,29.808258056640625,157.73341369628906,-1218.8599853515625,-1199.5,150.0074005126953,-1567.3399658203125,-1505.050048828125,-1448.199951171875,-1293.0,-1199.5,-1112.5,-1058.0,-1001.9000244140625,-989.31982421875
3960,-1227.919921875,115.349853515625,29.92104148864746,157.4297332763672,-1227.9200439453125,-1211.0,150.1517791748047,-1584.4200439453125,-1505.050048828125,-1448.199951171875,-1304.25,-1211.0,-1118.5,-1065.199951171875,-1001.9000244140625,-989.31982421875
3984,-1233.179931640625,115.14677429199219,30.0543270111084,157.12809244791666,-1233.1800537109375,-1214.5,151.0472869873047,-1605.1199951171875,-1508.5499267578125,-1462.699951171875,-1308.75,-1214.5,-1118.5,-1070.5,-1017.300048828125,-989.31982421875
4008,-1243.8399658203125,114.93868255615234,30.172292709350586,156.82177225748697,-1243.8399658203125,-1224.5,151.85865783691406,-1605.1199951171875,-1557.199951171875,-1479.0,-1317.25,-1224.5,-1135.0,-1073.699951171875,-1048.400146484375,-1003.719970703125
4032,-1251.0799560546875,114.72027587890625,30.283294677734375,156.50537109375,-1251.0799560546875,-1233.5,155.51820373535156,-1605.1199951171875,-1557.199951171875,-1500.5,-1318.75,-1233.5,-1135.0,-1073.699951171875,-1048.400146484375,-1003.719970703125
4056,-1262.3800048828125,114.51898193359375,30.395702362060547,156.20929972330728,-1262.3800048828125,-1247.5,154.2453155517578,-1605.1199951171875,-1561.25,-1505.0999755859375,-1324.5,-1247.5,-1153.0,-1085.699951171875,-1053.800048828125,-1011.8399658203125
4080,-1270.5999755859375,114.30919647216797,30.518264770507812,155.90247090657553,-1270.5999755859375,-1258.0,155.4678192138672,-1611.06005859375,-1561.25,-1508.0,-1354.75,-1258.0,-1158.5,-1085.699951171875,-1053.800048828125,-1011.8399658203125
4104,-1279.199951171875,114.08220672607422,30.618770599365234,155.5792694091797,-1279.199951171875,-1262.0,156.42709350585938,-1611.06005859375,-1561.25,-1526.699951171875,-1383.75,-1262.0,-1166.0,-1085.699951171875,-1053.800048828125,-1011.8399658203125
4128,-1291.9599609375,113.85980224609375,30.727432250976562,155.25590006510416,-1291.9599609375,-1277.5,160.85769653320312,-1619.5,-1605.300048828125,-1530.300048828125,-1416.0,-1277.5,-1180.5,-1085.699951171875,-1057.800048828125,-1027.679931640625
4152,-1295.739990234375,113.65609741210938,30.83260726928711,154.95983378092447,-1295.739990234375,-1279.0,159.26547241210938,-1644.219970703125,-1605.300048828125,-1530.300048828125,-1417.5,-1279.0,-1189.0,-1088.0,-1057.800048828125,-1027.760009765625
4176,-1305.419921875,113.45687866210938,30.93782615661621,154.6622314453125,-1305.4200439453125,-1288.0,164.71096801757812,-1655.0,-1614.5,-1536.699951171875,-1426.25,-1288.0,-1190.75,-1094.300048828125,-1059.9000244140625,-1049.5599365234375
4200,-1310.8800048828125,113.23839569091797,31.035070419311523,154.34855143229166,-1310.8800048828125,-1292.0,163.4759521484375,-1655.0,-1614.5,-1536.699951171875,-1426.25,-1292.0,-1190.75,-1094.300048828125,-1059.9000244140625,-1049.5599365234375
4224,-1320.93994140625,113.018310546875,31.104671478271484,154.0352020263672,-1320.93994140625,-1300.5,165.62002563476562,-1655.1600341796875,-1614.5,-1544.800048828125,-1430.75,-1300.5,-1200.75,-1108.5,-1070.4500732421875,-1049.5599365234375
4248,-1333.6400146484375,112.78140258789062,31.204885482788086,153.69583638509116,-1333.6400146484375,-1306.5,163.54385375976562,-1655.1600341796875,-1614.5,-1567.4000244140625,-1466.75,-1306.5,-1204.0,-1139.5999755859375,-1094.6500244140625,-1059.7999267578125
4272,-1342.719970703125,112.5721435546875,31.27999496459961,153.39791870117188,-1342.719970703125,-1327.0,163.57066345214844,-1715.4599609375,-1625.550048828125,-1567.4000244140625,-1469.25,-1327.0,-1209.5,-1145.4000244140625,-1110.949951171875,-1087.679931640625
4296,-1353.0,112.34147644042969,31.394872665405273,153.05760701497397,-1353.0,-1329.0,165.07427978515625,-1715.4599609375,-1655.4000244140625,-1567.4000244140625,-1475.0,-1329.0,-1225.5,-1153.199951171875,-1119.7000732421875,-1094.5399169921875
4320,-1364.659912109375,112.11314392089844,31.479246139526367,152.7279815673828,-1364.6600341796875,-1343.5,165.57162475585938,-1715.4599609375,-1655.4000244140625,-1571.5,-1489.0,-1343.5,-1233.25,-1153.800048828125,-1119.7000732421875,-1094.5399169921875
4344,-1373.5599365234375,111.90425872802734,31.58938980102539,152.41327921549478,-1373.56005859375,-1352.0,164.6684112548828,-1729.1800537109375,-1655.4000244140625,-1576.0,-1500.25,-1352.0,-1253.5,-1164.5,-1135.4500732421875,-1094.5399169921875
4368,-1386.2999267578125,111.6939926147461,31.67757797241211,152.10552469889322,-1386.300048828125,-1362.5,167.62086486816406,-1729.1800537109375,-1663.5999755859375,-1597.5,-1515.5,-1362.5,-1263.0,-1166.800048828125,-1145.5,-1113.1597900390625
4392,-1391.719970703125,111.45640563964844,31.78102684020996,151.76146952311197,-1391.719970703125,-1362.5,167.75875854492188,-1729.6600341796875,-1663.5999755859375,-1612.300048828125,-1515.5,-1362.5,-1271.75,-1166.800048828125,-1147.9000244140625,-1123.7999267578125
4416,-1406.760009765625,111.231689453125,31.868682861328125,151.43824259440103,-1406.760009765625,-1413.0,175.6599578857422,-1762.9200439453125,-1729.0,-1628.4000244140625,-1530.25,-1413.0,-1274.5,-1167.9000244140625,-1147.9000244140625,-1123.7999267578125
4440,-1412.6400146484375,111.0117416381836,31.942646026611328,151.11659240722656,-1412.6400146484375,-1413.0,172.41806030273438,-1762.9200439453125,-1729.0999755859375,-1628.4000244140625,-1531.5,-1413.0,-1286.25,-1190.9000244140625,-1159.7000732421875,-1124.97998046875
4464,-1420.02001953125,110.7979965209961,32.03245162963867,150.8037363688151,-1420.02001953125,-1425.0,173.37843322753906,-1775.6600341796875,-1730.6500244140625,-1628.4000244140625,-1545.5,-1425.0,-1293.0,-1190.9000244140625,-1159.7000732421875,-1125.97998046875
4488,-1426.6400146484375,110.583984375,32.12818145751953,150.48944600423178,-1426.6400146484375,-1432.0,170.75054931640625,-1775.6600341796875,-1730.6500244140625,-1628.4000244140625,-1545.5,-1432.0,-1299.0,-1200.9000244140625,-1167.300048828125,-1125.97998046875
4512,-1437.52001953125,110.36345672607422,32.221981048583984,150.1603800455729,-1437.52001953125,-1436.5,172.80223083496094,-1776.5400390625,-1740.1500244140625,-1634.699951171875,-1561.0,-1436.5,-1317.5,-1200.9000244140625,-1167.300048828125,-1125.97998046875
4536,-1447.3399658203125,110.14842224121094,32.33340072631836,149.83043416341147,-1447.3399658203125,-1439.5,174.3949737548828,-1784.3800048828125,-1762.4000244140625,-1670.9000244140625,-1567.0,-1439.5,-1319.5,-1210.300048828125,-1167.300048828125,-1133.8199462890625
4560,-1462.9599609375,109.94673156738281,32.4505729675293,149.51303100585938,-1462.9599609375,-1466.5,183.48121643066406,-1864.1199951171875,-1770.6500244140625,-1670.9000244140625,-1578.5,-1466.5,-1321.5,-1215.5,-1167.300048828125,-1133.8199462890625
4584,-1466.3800048828125,109.70699310302734,32.54450225830078,149.15992228190103,-1466.3800048828125,-1466.5,181.07826232910156,-1864.1199951171875,-1770.6500244140625,-1670.9000244140625,-1578.5,-1466.5,-1335.0,-1221.4000244140625,-1169.9000244140625,-1133.8199462890625
4608,-1472.8399658203125,109.46903991699219,32.63983917236328,148.80256144205728,-1472.8399658203125,-1475.0,183.25396728515625,-1864.1199951171875,-1770.6500244140625,-1671.9000244140625,-1596.0,-1475.0,-1339.5,-1221.4000244140625,-1169.9000244140625,-1133.8199462890625
4632,-1479.7799072265625,109.24974060058594,32.73751449584961,148.4705810546875,-1479.780029296875,-1484.0,182.90476989746094,-1864.1199951171875,-1770.6500244140625,-1671.9000244140625,-1599.0,-1484.0,-1360.0,-1221.4000244140625,-1200.3001708984375,-1133.8199462890625
4656,-1487.3199462890625,109.01057434082031,32.83910369873047,148.11163838704428,-1487.3199462890625,-1489.0,179.02328491210938,-1864.1199951171875,-1770.6500244140625,-1671.9000244140625,-1603.0,-1489.0,-1370.75,-1248.5999755859375,-1205.9000244140625,-1133.8199462890625
4680,-1504.5799560546875,108.80555725097656,32.934383392333984,147.7888946533203,-1504.5799560546875,-1507.5,178.4942169189453,-1920.239990234375,-1784.050048828125,-1732.2999267578125,-1616.25,-1507.5,-1391.0,-1270.7000732421875,-1213.8499755859375,-1203.8800048828125
4704,-1509.260009765625,108.57695007324219,33.014259338378906,147.44745381673178,-1509.260009765625,-1507.5,177.5348358154297,-1920.239990234375,-1804.6500244140625,-1732.2999267578125,-1622.25,-1507.5,-1397.0,-1273.0,-1213.8499755859375,-1203.8800048828125
4728,-1514.760009765625,108.33636474609375,33.08519744873047,147.09085083007812,-1514.760009765625,-1511.0,179.33560180664062,-1920.239990234375,-1818.050048828125,-1753.300048828125,-1624.25,-1511.0,-1399.5,-1273.0,-1230.9000244140625,-1203.8800048828125
4752,-1519.8399658203125,108.12031555175781,33.19184112548828,146.75794474283853,-1519.8399658203125,-1512.5,177.91519165039062,-1920.239990234375,-1818.050048828125,-1753.300048828125,-1625.5,-1512.5,-1401.75,-1273.9000244140625,-1230.9000244140625,-1203.8800048828125
4776,-1529.2799072265625,107.88333129882812,33.27745819091797,146.4056599934896,-1529.280029296875,-1522.0,171.4163360595703,-1920.239990234375,-1818.050048828125,-1753.300048828125,-1635.25,-1522.0,-1406.0,-1311.4000244140625,-1272.35009765625,-1230.4598388671875
4800,-1537.1400146484375,107.669189453125,33.38760757446289,146.06804911295572,-1537.1400146484375,-1533.5,169.84033203125,-1920.239990234375,-1818.050048828125,-1756.300048828125,-1643.75,-1533.5,-1413.0,-1317.9000244140625,-1288.300048828125,-1243.1998291015625
4824,-1548.239990234375,107.43670654296875,33.49860763549805,145.7070109049479,-1548.239990234375,-1542.0,169.35731506347656,-1920.239990234375,-1832.5999755859375,-1756.300048828125,-1647.5,-1542.0,-1436.5,-1334.2000732421875,-1302.5501708984375,-1243.1998291015625
4848,-1549.0399169921875,107.20396423339844,33.56784439086914,145.36405436197916,-1549.0400390625,-1542.0,169.3956298828125,-1920.239990234375,-1832.5999755859375,-1756.300048828125,-1652.0,-1542.0,-1436.5,-1334.2000732421875,-1302.5501708984375,-1243.1998291015625
4872,-1556.659912109375,106.96246337890625,33.68864059448242,144.98871866861978,-1556.6600341796875,-1551.0,167.66432189941406,-1920.239990234375,-1864.25,-1759.5999755859375,-1652.25,-1551.0,-1436.5,-1338.0,-1305.9000244140625,-1272.8599853515625
4896,-1569.0999755859375,106.72002410888672,33.77482986450195,144.61991373697916,-1569.0999755859375,-1553.0,168.12338256835938,-1920.239990234375,-1864.25,-1777.5,-1668.0,-1553.0,-1440.25,-1359.5999755859375,-1316.75,-1303.419921875
4920,-1576.199951171875,106.48348999023438,33.840301513671875,144.26763916015625,-1576.199951171875,-1559.5,168.1667022705078,-1920.239990234375,-1864.25,-1779.0,-1686.5,-1559.5,-1442.5,-1359.5999755859375,-1333.1500244140625,-1305.9599609375
4944,-1581.8599853515625,106.2445297241211,33.9114990234375,143.91730753580728,-1581.8599853515625,-1564.5,171.02403259277344,-1920.239990234375,-1877.0,-1798.300048828125,-1697.25,-1564.5,-1443.75,-1362.699951171875,-1333.1500244140625,-1305.9599609375
4968,-1590.47998046875,106.00152587890625,34.01681137084961,143.53983052571616,-1590.47998046875,-1576.0,171.55958557128906,-1920.52001953125,-1877.0,-1798.300048828125,-1711.0,-1576.0,-1464.25,-1365.699951171875,-1337.800048828125,-1316.9000244140625
4992,-1597.5399169921875,105.7575912475586,34.106597900390625,143.16776529947916,-1597.5400390625,-1593.0,172.2516326904297,-1920.52001953125,-1877.0,-1812.4000244140625,-1730.0,-1593.0,-1464.25,-1371.699951171875,-1355.1500244140625,-1334.699951171875
5016,-1608.699951171875,105.50939178466797,34.1968994140625,142.79375712076822,-1608.699951171875,-1627.0,173.57347106933594,-1920.52001953125,-1877.0,-1837.0,-1735.25,-1627.0,-1476.25,-1371.699951171875,-1355.1500244140625,-1334.699951171875
5040,-1617.4000244140625,105.26377868652344,34.3001823425293,142.41353861490884,-1617.4000244140625,-1639.0,173.43609619140625,-1920.52001953125,-1877.0,-1864.0,-1748.5,-1639.0,-1499.0,-1371.699951171875,-1355.300048828125,-1334.699951171875
5064,-1624.2999267578125,105.02342224121094,34.40584182739258,142.03400166829428,-1624.300048828125,-1639.5,173.89291381835938,-1974.6800537109375,-1880.050048828125,-1864.0,-1750.75,-1639.5,-1499.75,-1381.0,-1359.800048828125,-1334.699951171875
5088,-1636.0399169921875,104.76107025146484,34.48809814453125,141.64591471354166,-1636.0400390625,-1641.5,172.43759155273438,-1974.6800537109375,-1889.550048828125,-1864.0,-1764.5,-1641.5,-1501.5,-1387.800048828125,-1368.7000732421875,-1345.7799072265625
5112,-1639.6400146484375,104.51313781738281,34.57818603515625,141.27181498209634,-1639.6400146484375,-1646.0,170.66854858398438,-1974.6800537109375,-1889.550048828125,-1864.0,-1764.5,-1646.0,-1511.75,-1393.4000244140625,-1369.949951171875,-1359.4998779296875
5136,-1641.679931640625,104.27677917480469,34.7139892578125,140.89307149251303,-1641.6800537109375,-1646.0,170.5709686279297,-1974.6800537109375,-1900.1500244140625,-1864.0,-1766.25,-1646.0,-1511.75,-1397.5999755859375,-1371.8499755859375,-1359.4998779296875
5160,-1654.5999755859375,104.03011322021484,34.776947021484375,140.52820841471353,-1654.5999755859375,-1654.5,170.1549835205078,-1974.6800537109375,-1919.699951171875,-1864.800048828125,-1789.25,-1654.5,-1521.0,-1405.5999755859375,-1383.2501220703125,-1359.4998779296875
5184,-1662.239990234375,103.77304077148438,34.84996032714844,140.1526133219401,-1662.239990234375,-1670.0,173.90370178222656,-1974.6800537109375,-1921.5999755859375,-1892.5999755859375,-1793.5,-1670.0,-1521.0,-1405.5999755859375,-1383.2501220703125,-1359.4998779296875
5208,-1666.89990234375,103.54375457763672,34.93812561035156,139.8020222981771,-1666.9000244140625,-1675.5,171.77342224121094,-1974.6800537109375,-1927.300048828125,-1892.5999755859375,-1793.5,-1675.5,-1523.5,-1409.5999755859375,-1383.2501220703125,-1359.4998779296875
5232,-1675.679931640625,103.29090881347656,35.028953552246094,139.40658569335938,-1675.6800537109375,-1679.5,171.24234008789062,-1987.4200439453125,-1935.0,-1899.199951171875,-1800.5,-1679.5,-1532.25,-1444.0,-1387.9000244140625,-1368.8199462890625
5256,-1679.1400146484375,103.04390716552734,35.10504913330078,139.0219523111979,-1679.1400146484375,-1683.5,173.50498962402344,-1997.219970703125,-1973.4000244140625,-1901.9000244140625,-1800.5,-1683.5,-1535.5,-1444.0,-1387.9000244140625,-1368.8199462890625
5280,-1685.2999267578125,102.8050765991211,35.17850112915039,138.64742024739584,-1685.300048828125,-1690.5,175.91461181640625,-1997.219970703125,-1973.4000244140625,-1911.0999755859375,-1811.25,-1690.5,-1535.5,-1458.4000244140625,-1387.9000244140625,-1368.8199462890625
5304,-1692.4599609375,102.53598022460938,35.24159240722656,138.2436065673828,-1692.4599609375,-1696.5,179.77993774414062,-1997.9400634765625,-1973.4000244140625,-1921.9000244140625,-1815.75,-1696.5,-1535.5,-1458.4000244140625,-1400.35009765625,-1383.5198974609375
5328,-1694.699951171875,102.2733383178711,35.32259750366211,137.83671061197916,-1694.699951171875,-1696.5,180.04339599609375,-1998.260009765625,-1973.4000244140625,-1921.9000244140625,-1818.25,-1696.5,-1537.5,-1458.4000244140625,-1400.35009765625,-1383.5198974609375
5352,-1698.7999267578125,101.9970703125,35.40369415283203,137.4237518310547,-1698.800048828125,-1701.0,181.75180053710938,-1998.260009765625,-1981.25,-1930.9000244140625,-1819.5,-1701.0,-1537.5,-1458.4000244140625,-1400.35009765625,-1383.5198974609375
5376,-1706.199951171875,101.7337875366211,35.48727035522461,137.01627095540366,-1706.199951171875,-1709.5,182.579833984375,-2021.9400634765625,-1986.25,-1939.5999755859375,-1825.75,-1709.5,-1565.25,-1458.4000244140625,-1400.35009765625,-1383.5198974609375
5400,-1712.6199951171875,101.48448181152344,35.618492126464844,136.6011759440104,-1712.6199951171875,-1709.5,184.30859375,-2071.919921875,-1998.1500244140625,-1947.7999267578125,-1840.75,-1709.5,-1579.5,-1468.300048828125,-1401.949951171875,-1385.4798583984375
5424,-1720.3199462890625,101.20707702636719,35.67634582519531,136.1904500325521,-1720.3199462890625,-1709.5,181.9070587158203,-2071.919921875,-1998.1500244140625,-1973.699951171875,-1840.75,-1709.5,-1595.5,-1485.5999755859375,-1424.2501220703125,-1385.4798583984375
5448,-1725.7799072265625,100.92864990234375,35.737876892089844,135.78638712565103,-1725.780029296875,-1720.5,183.13185119628906,-2074.860107421875,-2020.550048828125,-1973.699951171875,-1840.75,-1720.5,-1595.5,-1491.4000244140625,-1424.2501220703125,-1385.4798583984375
5472,-1729.2799072265625,100.64773559570312,35.81920623779297,135.3473917643229,-1729.280029296875,-1720.5,184.96043395996094,-2075.179931640625,-2021.8499755859375,-1973.699951171875,-1847.75,-1720.5,-1595.5,-1493.199951171875,-1424.2501220703125,-1385.4798583984375
5496,-1735.89990234375,100.37896728515625,35.8668212890625,134.94847106933594,-1735.9000244140625,-1737.0,184.83331298828125,-2075.179931640625,-2040.8499755859375,-1980.5999755859375,-1856.75,-1737.0,-1602.75,-1493.199951171875,-1424.2501220703125,-1385.4798583984375
5520,-1744.7799072265625,100.10225677490234,35.94804000854492,134.50603230794272,-1744.780029296875,-1747.0,184.45062255859375,-2133.739990234375,-2040.8499755859375,-1980.5999755859375,-1859.5,-1747.0,-1602.75,-1499.5,-1466.8001708984375,-1401.1597900390625
5544,-1751.3599853515625,99.82402038574219,36.04579544067383,134.06309509277344,-1751.3599853515625,-1753.5,187.878662109375,-2171.219970703125,-2040.8499755859375,-1980.5999755859375,-1864.5,-1753.5,-1604.25,-1500.0,-1466.8001708984375,-1401.1597900390625
5568,-1756.159912109375,99.56600189208984,36.16705322265625,133.64088439941406,-1756.1600341796875,-1758.5,188.77366638183594,-2171.580078125,-2058.050048828125,-1980.5999755859375,-1875.25,-1758.5,-1607.25,-1501.800048828125,-1467.9500732421875,-1401.1597900390625
5592,-1768.5799560546875,99.2817611694336,36.277000427246094,133.19012451171875,-1768.5799560546875,-1775.5,185.06146240234375,-2171.580078125,-2075.14990234375,-1998.800048828125,-1880.25,-1775.5,-1623.0,-1523.60009765625,-1492.7501220703125,-1447.5399169921875
5616,-1775.43994140625,99.04135131835938,36.34872055053711,132.8046417236328,-1775.43994140625,-1777.5,185.71905517578125,-2171.659912109375,-2081.050048828125,-1998.800048828125,-1894.5,-1777.5,-1637.75,-1526.0,-1492.7501220703125,-1447.5399169921875
5640,-1780.260009765625,98.74174499511719,36.42975616455078,132.3421885172526,-1780.260009765625,-1783.5,187.40451049804688,-2171.659912109375,-2086.300048828125,-2016.0,-1894.5,-1783.5,-1638.25,-1532.300048828125,-1492.7501220703125,-1447.5399169921875
5664,-1789.7999267578125,98.4793930053711,36.46554183959961,131.94956970214844,-1789.800048828125,-1800.5,185.248046875,-2171.659912109375,-2113.199951171875,-2016.199951171875,-1899.0,-1800.5,-1648.0,-1542.9000244140625,-1494.949951171875,-1465.639892578125
5688,-1795.0799560546875,98.20826721191406,36.560890197753906,131.5157470703125,-1795.0799560546875,-1802.0,186.2279052734375,-2171.659912109375,-2128.39990234375,-2027.2999267578125,-1909.5,-1802.0,-1648.0,-1575.300048828125,-1494.949951171875,-1465.639892578125
5712,-1807.1199951171875,97.9234619140625,36.63362121582031,131.07085164388022,-1807.1199951171875,-1804.5,185.66233825683594,-2171.659912109375,-2128.39990234375,-2075.699951171875,-1918.5,-1804.5,-1683.75,-1581.800048828125,-1524.4501953125,-1465.639892578125
5736,-1810.239990234375,97.64913177490234,36.709651947021484,130.6430918375651,-1810.239990234375,-1804.5,185.41171264648438,-2171.659912109375,-2128.39990234375,-2075.699951171875,-1921.75,-1804.5,-1683.75,-1585.5999755859375,-1525.949951171875,-1465.639892578125
5760,-1814.659912109375,97.35082244873047,36.747554779052734,130.21038309733072,-1814.6600341796875,-1804.5,186.53858947753906,-2171.659912109375,-2155.300048828125,-2075.699951171875,-1925.5,-1804.5,-1692.0,-1585.5999755859375,-1525.949951171875,-1465.639892578125
5784,-1817.699951171875,97.05058288574219,36.823123931884766,129.73497009277344,-1817.699951171875,-1811.5,186.52493286132812,-2171.659912109375,-2155.300048828125,-2075.699951171875,-1931.5,-1811.5,-1692.0,-1585.5999755859375,-1525.949951171875,-1465.639892578125
5808,-1826.260009765625,96.77050018310547,36.91434097290039,129.28514607747397,-1826.260009765625,-1825.0,184.21804809570312,-2171.659912109375,-2155.300048828125,-2075.699951171875,-1939.25,-1825.0,-1694.25,-1591.5,-1537.949951171875,-1465.639892578125
5832,-1828.02001953125,96.49937438964844,37.023677825927734,128.82861328125,-1828.02001953125,-1828.5,184.45834350585938,-2171.659912109375,-2155.300048828125,-2075.699951171875,-1939.25,-1828.5,-1694.25,-1591.5,-1537.949951171875,-1465.639892578125
5856,-1836.7799072265625,96.17721557617188,37.07960510253906,128.3370564778646,-1836.780029296875,-1860.0,184.80052185058594,-2239.280029296875,-2157.5,-2078.39990234375,-1940.0,-1860.0,-1697.5,-1592.0,-1542.75,-1465.639892578125
5880,-1846.219970703125,95.87837982177734,37.146732330322266,127.87477111816406,-1846.219970703125,-1868.5,183.46791076660156,-2239.280029296875,-2157.5,-2078.39990234375,-1948.25,-1868.5,-1709.5,-1613.60009765625,-1542.75,-1466.97998046875
5904,-1850.1199951171875,95.5530014038086,37.199981689453125,127.36895243326823,-1850.1199951171875,-1872.5,182.8544464111328,-2239.280029296875,-2157.5,-2078.39990234375,-1958.0,-1872.5,-1709.5,-1621.800048828125,-1578.150146484375,-1466.97998046875
5928,-1859.8800048828125,95.24290466308594,37.24061584472656,126.9070536295573,-1859.8800048828125,-1876.0,176.40370178222656,-2239.39990234375,-2157.5,-2081.5,-1959.5,-1876.0,-1709.5,-1629.800048828125,-1597.7000732421875,-1542.7999267578125
5952,-1865.0599365234375,94.93865203857422,37.292911529541016,126.43839518229167,-1865.06005859375,-1881.0,180.25924682617188,-2239.39990234375,-2167.14990234375,-2115.699951171875,-1967.25,-1881.0,-1709.5,-1629.800048828125,-1597.7000732421875,-1542.7999267578125
5976,-1868.4599609375,94.64546966552734,37.39361572265625,125.95838673909505,-1868.4599609375,-1889.5,179.91917419433594,-2239.39990234375,-2167.14990234375,-2115.699951171875,-1970.0,-1889.5,-1715.75,-1629.800048828125,-1597.7000732421875,-1542.7999267578125
6000,-1874.6400146484375,94.33015441894531,37.4429817199707,125.48278299967448,-1874.6400146484375,-1896.5,181.62123107910156,-2239.39990234375,-2170.25,-2115.699951171875,-1985.5,-1896.5,-1715.75,-1629.800048828125,-1618.60009765625,-1542.7999267578125
6024,-1880.5399169921875,94.03365325927734,37.513832092285156,125.0107905069987,-1880.5400390625,-1896.5,179.87181091308594,-2239.52001953125,-2170.25,-2115.699951171875,-1996.75,-1896.5,-1726.75,-1647.300048828125,-1618.60009765625,-1552.7999267578125
6048,-1886.5,93.7115707397461,37.58039474487305,124.51005299886067,-1886.5,-1907.0,182.46060180664062,-2251.280029296875,-2170.85009765625,-2135.0,-2008.25,-1907.0,-1733.0,-1647.300048828125,-1618.60009765625,-1558.679931640625
6072,-1891.219970703125,93.42555236816406,37.65892028808594,124.03475443522136,-1891.219970703125,-1913.0,182.34414672851562,-2252.159912109375,-2170.85009765625,-2145.199951171875,-2008.25,-1913.0,-1746.75,-1660.5999755859375,-1618.60009765625,-1558.679931640625
6096,-1897.739990234375,93.1138916015625,37.680755615234375,123.5609130859375,-1897.739990234375,-1913.0,182.18873596191406,-2279.60009765625,-2179.39990234375,-2145.199951171875,-2016.5,-1913.0,-1750.0,-1663.800048828125,-1618.60009765625,-1576.9599609375
6120,-1904.679931640625,92.82579040527344,37.75631332397461,123.10118611653645,-1904.6800537109375,-1913.0,186.31063842773438,-2279.9599609375,-2188.89990234375,-2157.10009765625,-2029.25,-1913.0,-1753.0,-1663.800048828125,-1618.60009765625,-1576.9599609375
6144,-1911.6400146484375,92.54734802246094,37.82032012939453,122.6378657023112,-1911.6400146484375,-1921.5,187.88833618164062,-2279.9599609375,-2188.89990234375,-2174.0,-2029.25,-1921.5,-1767.5,-1667.4000244140625,-1618.60009765625,-1576.9599609375
6168,-1921.89990234375,92.22512817382812,37.91071701049805,122.11791483561198,-1921.9000244140625,-1927.5,184.68197631835938,-2279.9599609375,-2188.89990234375,-2174.39990234375,-2040.5,-1927.5,-1785.5,-1674.7000732421875,-1627.60009765625,-1591.659912109375
6192,-1927.43994140625,91.90792083740234,37.958587646484375,121.61984761555989,-1927.43994140625,-1939.5,183.2002410888672,-2279.9599609375,-2226.14990234375,-2178.10009765625,-2042.25,-1939.5,-1803.5,-1674.7000732421875,-1640.35009765625,-1591.659912109375
6216,-1935.8399658203125,91.59794616699219,38.01178741455078,121.11450958251953,-1935.8399658203125,-1949.5,182.3616485595703,-2279.9599609375,-2248.0,-2183.39990234375,-2043.0,-1949.5,-1814.75,-1674.7000732421875,-1640.35009765625,-1591.659912109375
6240,-1941.419921875,91.27984619140625,38.039283752441406,120.63618977864583,-1941.4200439453125,-1954.5,181.86109924316406,-2279.9599609375,-2248.0,-2183.39990234375,-2050.75,-1954.5,-1817.25,-1683.199951171875,-1640.800048828125,-1592.0
6264,-1946.89990234375,90.98299407958984,38.099754333496094,120.16266123453777,-1946.9000244140625,-1956.5,185.1099853515625,-2337.52001953125,-2262.050048828125,-2190.0,-2050.75,-1956.5,-1819.5,-1683.199951171875,-1640.800048828125,-1592.0
6288,-1952.8800048828125,90.7054443359375,38.1956672668457,119.67133076985677,-1952.8800048828125,-1958.0,185.24758911132812,-2363.0400390625,-2262.050048828125,-2222.10009765625,-2054.0,-1958.0,-1827.5,-1701.2000732421875,-1640.800048828125,-1592.0
6312,-1959.47998046875,90.42111206054688,38.30591583251953,119.1759262084961,-1959.47998046875,-1967.5,185.1139373779297,-2363.159912109375,-2262.050048828125,-2222.10009765625,-2058.5,-1967.5,-1833.5,-1701.2000732421875,-1640.800048828125,-1623.35986328125
6336,-1964.0198974609375,90.16529846191406,38.40102005004883,118.72208658854167,-1964.02001953125,-1981.5,187.21047973632812,-2363.159912109375,-2262.050048828125,-2222.300048828125,-2076.0,-1981.5,-1833.5,-1701.2000732421875,-1649.550048828125,-1623.35986328125
6360,-1971.3800048828125,89.83267211914062,38.45719909667969,118.18583170572917,-1971.3800048828125,-1993.0,190.78253173828125,-2364.260009765625,-2262.050048828125,-2222.300048828125,-2094.75,-1993.0,-1833.5,-1701.2000732421875,-1649.550048828125,-1623.35986328125
6384,-1976.3199462890625,89.54207611083984,38.525047302246094,117.69991048177083,-1976.3199462890625,-1993.0,190.86009216308594,-2364.260009765625,-2265.0,-2222.300048828125,-2100.0,-1993.0,-1840.0,-1707.5999755859375,-1649.550048828125,-1636.099853515625
6408,-1980.6199951171875,89.20083618164062,38.58110427856445,117.1503168741862,-1980.6199951171875,-1994.5,190.24966430664062,-2364.659912109375,-2265.0,-2222.300048828125,-2102.75,-1994.5,-1840.0,-1707.5999755859375,-1649.550048828125,-1636.099853515625
6432,-1988.1199951171875,88.88468933105469,38.62616729736328,116.65068054199219,-1988.1199951171875,-2004.0,189.7079620361328,-2384.260009765625,-2265.0,-2222.300048828125,-2114.0,-2004.0,-1856.5,-1709.800048828125,-1649.550048828125,-1636.099853515625
6456,-1994.739990234375,88.63436126708984,38.7241325378418,116.19459279378255,-1994.739990234375,-2006.0,188.77525329589844,-2384.800048828125,-2303.14990234375,-2222.300048828125,-2123.5,-2006.0,-1860.25,-1711.800048828125,-1661.4000244140625,-1639.93994140625
6480,-2003.219970703125,88.31426239013672,38.808692932128906,115.66427103678386,-2003.219970703125,-2018.0,189.70175170898438,-2384.800048828125,-2303.14990234375,-2235.199951171875,-2125.75,-2018.0,-1862.0,-1726.4000244140625,-1670.550048828125,-1639.93994140625
6504,-2010.47998046875,87.98234558105469,38.90147399902344,115.12445576985677,-2010.47998046875,-2021.5,187.2740478515625,-2384.800048828125,-2303.14990234375,-2237.60009765625,-2133.25,-2021.5,-1868.0,-1726.7000732421875,-1698.050048828125,-1670.39990234375
6528,-2016.97998046875,87.65202331542969,38.910240173339844,114.62152099609375,-2016.97998046875,-2024.0,188.23826599121094,-2384.800048828125,-2310.10009765625,-2254.0,-2134.75,-2024.0,-1874.0,-1732.0999755859375,-1698.050048828125,-1670.39990234375
6552,-2021.159912109375,87.32577514648438,38.958641052246094,114.10389709472656,-2021.1600341796875,-2028.0,190.00245666503906,-2384.800048828125,-2310.85009765625,-2254.0,-2137.25,-2028.0,-1876.0,-1732.0999755859375,-1698.050048828125,-1670.39990234375
6576,-2025.719970703125,86.97264099121094,38.955482482910156,113.58579508463542,-2025.719970703125,-2032.5,189.8861846923828,-2384.800048828125,-2310.85009765625,-2255.89990234375,-2145.0,-2032.5,-1876.0,-1733.0999755859375,-1707.550048828125,-1675.9000244140625
6600,-2031.4599609375,86.65780639648438,39.0106201171875,113.06376139322917,-2031.4599609375,-2034.0,190.01976013183594,-2403.47998046875,-2346.35009765625,-2283.10009765625,-2151.0,-2034.0,-1882.0,-1766.4000244140625,-1714.8499755859375,-1698.619873046875
6624,-2035.0,86.315185546875,39.03678512573242,112.51779429117839,-2035.0,-2034.0,190.0348358154297,-2403.47998046875,-2346.35009765625,-2283.10009765625,-2151.0,-2034.0,-1882.0,-1766.4000244140625,-1714.8499755859375,-1698.619873046875
6648,-2043.0399169921875,86.01095581054688,39.07461166381836,112.00749206542969,-2043.0400390625,-2051.0,189.36883544921875,-2404.4599609375,-2346.35009765625,-2296.39990234375,-2160.5,-2051.0,-1900.0,-1819.199951171875,-1714.8499755859375,-1698.659912109375
6672,-2048.85986328125,85.68936157226562,39.14677047729492,111.46994527180989,-2048.860107421875,-2064.0,190.8031005859375,-2404.4599609375,-2354.35009765625,-2309.800048828125,-2165.75,-2064.0,-1907.5,-1821.9000244140625,-1714.8499755859375,-1698.659912109375
6696,-2053.9599609375,85.36126708984375,39.19993591308594,110.95090993245442,-2053.9599609375,-2064.0,194.94552612304688,-2450.52001953125,-2380.0,-2318.0,-2176.0,-2064.0,-1907.5,-1821.9000244140625,-1714.8499755859375,-1698.659912109375
6720,-2061.33984375,85.05690002441406,39.27372360229492,110.4273173014323,-2061.340087890625,-2070.0,193.11688232421875,-2450.580078125,-2380.0,-2318.0,-2176.5,-2070.0,-1935.0,-1829.199951171875,-1714.8499755859375,-1698.659912109375
6744,-2066.0400390625,84.72478485107422,39.28385543823242,109.90393829345703,-2066.0400390625,-2080.0,193.63375854492188,-2459.39990234375,-2380.14990234375,-2318.0,-2185.0,-2080.0,-1935.0,-1831.800048828125,-1724.35009765625,-1698.659912109375
6768,-2072.4599609375,84.41227722167969,39.36701965332031,109.35809834798177,-2072.4599609375,-2084.0,195.56561279296875,-2459.39990234375,-2380.14990234375,-2329.60009765625,-2205.0,-2084.0,-1941.5,-1831.800048828125,-1724.35009765625,-1698.659912109375
6792,-2080.760009765625,84.12277221679688,39.453670501708984,108.83804575602214,-2080.760009765625,-2084.0,192.06629943847656,-2459.39990234375,-2384.64990234375,-2353.39990234375,-2205.0,-2084.0,-1941.5,-1832.0,-1732.949951171875,-1711.5198974609375
6816,-2087.02001953125,83.77871704101562,39.498512268066406,108.27345275878906,-2087.02001953125,-2087.0,188.93331909179688,-2459.39990234375,-2413.14990234375,-2353.60009765625,-2208.0,-2087.0,-1941.5,-1850.2000732421875,-1810.8502197265625,-1724.739990234375
6840,-2090.219970703125,83.43184661865234,39.555870056152344,107.68119303385417,-2090.219970703125,-2087.0,187.6214141845703,-2459.39990234375,-2413.14990234375,-2353.60009765625,-2210.0,-2087.0,-1942.25,-1851.800048828125,-1810.8502197265625,-1724.739990234375
6864,-2094.739990234375,83.11621856689453,39.604835510253906,107.14256795247395,-2094.739990234375,-2093.0,184.8590087890625,-2459.39990234375,-2413.14990234375,-2353.60009765625,-2210.0,-2093.0,-1943.75,-1852.9000244140625,-1822.9000244140625,-1724.739990234375
6888,-2099.89990234375,82.7712631225586,39.65895080566406,106.55791982014973,-2099.89990234375,-2105.0,185.1576385498047,-2459.39990234375,-2413.14990234375,-2353.60009765625,-2229.0,-2105.0,-1958.75,-1859.5,-1822.9000244140625,-1724.739990234375
6912,-2105.139892578125,82.47245788574219,39.72370529174805,106.04164123535156,-2105.139892578125,-2105.5,185.67568969726562,-2459.39990234375,-2413.14990234375,-2375.5,-2232.0,-2105.5,-1960.5,-1863.5999755859375,-1849.10009765625,-1724.739990234375
6936,-2110.800048828125,82.17083740234375,39.77025604248047,105.52005767822266,-2110.800048828125,-2117.0,184.67776489257812,-2459.639892578125,-2413.14990234375,-2375.5,-2236.75,-2117.0,-1961.0,-1871.7000732421875,-1849.10009765625,-1777.65966796875
6960,-2116.099853515625,81.89225006103516,39.836856842041016,105.00414021809895,-2116.10009765625,-2124.0,183.45851135253906,-2459.760009765625,-2416.14990234375,-2380.300048828125,-2236.75,-2124.0,-1963.25,-1886.5,-1849.10009765625,-1803.1396484375
6984,-2123.739990234375,81.52394104003906,39.89420700073242,104.3778788248698,-2123.739990234375,-2131.5,180.65496826171875,-2459.760009765625,-2416.14990234375,-2383.300048828125,-2239.25,-2131.5,-1989.5,-1888.0,-1851.9000244140625,-1819.2996826171875
7008,-2129.639892578125,81.16883850097656,39.89142608642578,103.79652404785156,-2129.639892578125,-2135.0,183.6944122314453,-2461.300048828125,-2416.25,-2383.300048828125,-2259.5,-2135.0,-1989.5,-1890.699951171875,-1851.9000244140625,-1819.2996826171875
7032,-2137.679931640625,80.86642456054688,39.95207977294922,103.26141611735027,-2137.679931640625,-2138.0,186.4468231201172,-2480.89990234375,-2417.699951171875,-2391.800048828125,-2263.25,-2138.0,-2001.5,-1890.699951171875,-1851.9000244140625,-1819.2996826171875
7056,-2140.800048828125,80.54315185546875,40.02644348144531,102.68581136067708,-2140.800048828125,-2144.0,185.7025604248047,-2480.97998046875,-2417.699951171875,-2391.800048828125,-2265.25,-2144.0,-2007.0,-1890.699951171875,-1851.9000244140625,-1819.2996826171875
7080,-2145.239990234375,80.23251342773438,40.06282043457031,102.1583251953125,-2145.239990234375,-2153.5,186.02371215820312,-2502.60009765625,-2418.64990234375,-2391.800048828125,-2270.0,-2153.5,-2007.0,-1894.5999755859375,-1851.9000244140625,-1819.2996826171875
7104,-2147.820068359375,79.89492797851562,40.11558532714844,101.57920583089192,-2147.820068359375,-2153.5,184.40240478515625,-2502.60009765625,-2445.25,-2391.800048828125,-2270.0,-2153.5,-2007.0,-1894.5999755859375,-1859.5,-1820.699951171875
7128,-2154.5400390625,79.54427337646484,40.13153839111328,100.9922103881836,-2154.5400390625,-2162.0,184.95249938964844,-2502.60009765625,-2445.25,-2403.39990234375,-2275.25,-2162.0,-2014.75,-1894.5999755859375,-1859.5,-1820.699951171875
7152,-2158.419921875,79.1887435913086,40.201133728027344,100.377685546875,-2158.419921875,-2162.0,183.56051635742188,-2502.60009765625,-2445.25,-2403.39990234375,-2276.25,-2162.0,-2027.75,-1894.5999755859375,-1859.5,-1820.699951171875
7176,-2163.179931640625,78.85043334960938,40.27132797241211,99.74291737874348,-2163.179931640625,-2180.0,185.79776000976562,-2535.919921875,-2469.64990234375,-2403.39990234375,-2280.25,-2180.0,-2027.75,-1903.0999755859375,-1876.1500244140625,-1820.699951171875
7200,-2169.679931640625,78.47380065917969,40.30526351928711,99.11252339680989,-2169.679931640625,-2184.5,183.54132080078125,-2535.919921875,-2469.64990234375,-2407.0,-2291.25,-2184.5,-2028.0,-1938.4000244140625,-1876.1500244140625,-1820.699951171875
7224,-2173.33984375,78.13005065917969,40.34876251220703,98.52523549397786,-2173.340087890625,-2202.5,184.16233825683594,-2535.919921875,-2469.64990234375,-2422.89990234375,-2291.25,-2202.5,-2033.0,-1946.4000244140625,-1876.1500244140625,-1820.699951171875
7248,-2178.47998046875,77.7898178100586,40.38117218017578,97.93412272135417,-2178.47998046875,-2206.0,185.2788543701172,-2535.919921875,-2479.14990234375,-2443.39990234375,-2302.0,-2206.0,-2033.0,-1946.4000244140625,-1876.1500244140625,-1820.699951171875
7272,-2181.9599609375,77.42194366455078,40.396175384521484,97.31886800130208,-2181.9599609375,-2206.0,183.62722778320312,-2535.919921875,-2501.050048828125,-2443.39990234375,-2302.0,-2206.0,-2040.0,-1946.4000244140625,-1881.75,-1820.699951171875
7296,-2186.800048828125,77.01705169677734,40.449432373046875,96.59233093261719,-2186.800048828125,-2207.0,182.1311492919922,-2535.919921875,-2502.5,-2443.39990234375,-2302.0,-2207.0,-2040.0,-1952.0,-1881.75,-1820.7799072265625
7320,-2190.93994140625,76.6717529296875,40.502193450927734,95.99392700195312,-2190.93994140625,-2208.0,183.80422973632812,-2536.0,-2502.5,-2443.39990234375,-2319.75,-2208.0,-2046.75,-1952.0,-1881.75,-1820.7799072265625
7344,-2195.9599609375,76.28727722167969,40.5404052734375,95.34451293945312,-2195.9599609375,-2210.0,185.0330810546875,-2536.080078125,-2512.449951171875,-2449.199951171875,-2322.0,-2210.0,-2046.75,-1966.4000244140625,-1881.75,-1820.7799072265625
7368,-2202.02001953125,75.94033813476562,40.56843948364258,94.72896575927734,-2202.02001953125,-2211.0,184.3885955810547,-2536.080078125,-2521.5,-2449.199951171875,-2325.5,-2211.0,-2059.0,-1970.9000244140625,-1908.60009765625,-1820.7799072265625
7392,-2207.9599609375,75.61737060546875,40.61701583862305,94.1318130493164,-2207.9599609375,-2211.0,182.6325225830078,-2536.080078125,-2521.5,-2454.60009765625,-2326.25,-2211.0,-2065.25,-1970.9000244140625,-1920.4500732421875,-1880.5596923828125
7416,-2212.179931640625,75.29872131347656,40.67213821411133,93.53277842203777,-2212.179931640625,-2223.5,183.84146118164062,-2536.080078125,-2523.39990234375,-2471.199951171875,-2339.0,-2223.5,-2065.25,-1971.9000244140625,-1920.4500732421875,-1894.359619140625
7440,-2216.0,74.88017272949219,40.678558349609375,92.8357162475586,-2216.0,-2224.0,184.22410583496094,-2536.1201171875,-2524.35009765625,-2471.199951171875,-2342.0,-2224.0,-2065.25,-1971.9000244140625,-1939.75,-1903.1795654296875
7464,-2220.119873046875,74.52287292480469,40.69295883178711,92.18862660725911,-2220.1201171875,-2229.0,184.01974487304688,-2538.080078125,-2531.14990234375,-2471.199951171875,-2342.0,-2229.0,-2069.0,-1972.9000244140625,-1939.75,-1903.1795654296875
7488,-2223.139892578125,74.12335205078125,40.657814025878906,91.57103729248047,-2223.139892578125,-2229.0,184.1585693359375,-2538.639892578125,-2531.14990234375,-2471.199951171875,-2348.25,-2229.0,-2070.0,-1972.9000244140625,-1939.75,-1903.1795654296875
7512,-2234.119873046875,73.76434326171875,40.676883697509766,90.94900258382161,-2234.1201171875,-2249.0,180.77452087402344,-2564.1201171875,-2534.050048828125,-2471.199951171875,-2350.5,-2249.0,-2082.25,-1990.5999755859375,-1967.2000732421875,-1903.1795654296875
7536,-2240.639892578125,73.38825988769531,40.679622650146484,90.33154805501302,-2240.639892578125,-2262.5,182.50421142578125,-2564.1201171875,-2534.050048828125,-2487.39990234375,-2360.5,-2262.5,-2082.25,-2022.60009765625,-1967.2000732421875,-1903.1795654296875
7560,-2245.699951171875,73.03692626953125,40.70558547973633,89.71702321370442,-2245.699951171875,-2262.5,180.352294921875,-2564.1201171875,-2537.0,-2487.39990234375,-2366.25,-2262.5,-2105.25,-2022.60009765625,-1967.2000732421875,-1904.9000244140625
7584,-2249.079833984375,72.66621398925781,40.713966369628906,89.08393859863281,-2249.080078125,-2263.0,181.17051696777344,-2564.739990234375,-2537.0,-2488.60009765625,-2376.25,-2263.0,-2110.5,-2033.199951171875,-1967.2000732421875,-1904.9000244140625
7608,-2253.300048828125,72.34608459472656,40.7573127746582,88.47796885172527,-2253.300048828125,-2263.0,180.29339599609375,-2564.739990234375,-2537.0,-2488.60009765625,-2382.5,-2263.0,-2110.5,-2037.5999755859375,-1972.75,-1904.9000244140625
7632,-2257.83984375,72.0418701171875,40.81727600097656,87.87063344319661,-2257.840087890625,-2275.0,179.99649047851562,-2564.760009765625,-2537.0,-2488.60009765625,-2382.5,-2275.0,-2129.25,-2037.5999755859375,-1972.75,-1904.9000244140625
7656,-2261.43994140625,71.64701843261719,40.833038330078125,87.19771830240886,-2261.43994140625,-2275.0,179.15872192382812,-2564.760009765625,-2538.14990234375,-2488.60009765625,-2392.5,-2275.0,-2132.75,-2038.0,-1974.9000244140625,-1956.9398193359375
7680,-2267.679931640625,71.25635528564453,40.856353759765625,86.4806137084961,-2267.679931640625,-2286.0,179.8751220703125,-2587.300048828125,-2538.300048828125,-2505.10009765625,-2400.0,-2286.0,-2132.75,-2043.4000244140625,-1974.9000244140625,-1956.9398193359375
7704,-2275.39990234375,70.94381713867188,40.920623779296875,85.88912455240886,-2275.39990234375,-2286.0,176.91183471679688,-2604.199951171875,-2547.800048828125,-2531.39990234375,-2407.5,-2286.0,-2134.5,-2053.0,-1998.7501220703125,-1957.5799560546875
7728,-2278.93994140625,70.64167785644531,40.95454025268555,85.28454335530598,-2278.93994140625,-2287.5,178.37274169921875,-2604.199951171875,-2563.800048828125,-2535.199951171875,-2407.5,-2287.5,-2135.75,-2053.0,-1998.7501220703125,-1957.5799560546875
7752,-2283.39990234375,70.34669494628906,40.99149703979492,84.71238454182942,-2283.39990234375,-2295.0,178.1161346435547,-2609.43994140625,-2563.800048828125,-2535.199951171875,-2407.5,-2295.0,-2135.75,-2056.60009765625,-1998.7501220703125,-1957.5799560546875
7776,-2288.760009765625,69.96336364746094,41.005340576171875,84.00040690104167,-2288.760009765625,-2301.0,177.32835388183594,-2609.5,-2579.10009765625,-2535.199951171875,-2407.75,-2301.0,-2139.75,-2065.199951171875,-1998.7501220703125,-1957.5799560546875
7800,-2295.56005859375,69.59867858886719,41.03057861328125,83.32687632242839,-2295.56005859375,-2305.5,174.25741577148438,-2611.4599609375,-2579.10009765625,-2535.199951171875,-2412.75,-2305.5,-2144.75,-2075.0,-2025.650146484375,-1994.8197021484375
7824,-2298.780029296875,69.197021484375,41.04526901245117,82.59130605061848,-2298.780029296875,-2310.5,175.6400604248047,-2615.380126953125,-2579.10009765625,-2538.39990234375,-2413.5,-2310.5,-2149.25,-2078.89990234375,-2025.650146484375,-1994.8197021484375
7848,-2302.93994140625,68.8585205078125,41.062713623046875,81.96576690673828,-2302.93994140625,-2313.5,175.78543090820312,-2627.139892578125,-2583.0,-2551.10009765625,-2414.25,-2313.5,-2150.5,-2078.89990234375,-2029.8499755859375,-1994.979736328125
7872,-2306.320068359375,68.47113037109375,41.12009811401367,81.208740234375,-2306.320068359375,-2314.5,175.89967346191406,-2627.139892578125,-2583.64990234375,-2552.300048828125,-2414.25,-2314.5,-2150.5,-2083.5,-2029.8499755859375,-1994.979736328125
7896,-2309.56005859375,68.09957122802734,41.095497131347656,80.57771555582683,-2309.56005859375,-2314.5,177.52084350585938,-2629.10009765625,-2595.89990234375,-2552.300048828125,-2423.25,-2314.5,-2150.5,-2083.5,-2032.8499755859375,-1994.979736328125
7920,-2317.119873046875,67.77934265136719,41.138206481933594,79.92291005452473,-2317.1201171875,-2317.0,171.3438262939453,-2634.0,-2596.550048828125,-2552.300048828125,-2429.25,-2317.0,-2170.0,-2099.39990234375,-2065.75,-2030.8197021484375
7944,-2321.079833984375,67.4407958984375,41.173370361328125,79.20993550618489,-2321.080078125,-2328.5,171.62364196777344,-2634.239990234375,-2596.550048828125,-2554.10009765625,-2433.75,-2328.5,-2171.5,-2099.39990234375,-2065.75,-2030.8197021484375
7968,-2323.679931640625,67.0091552734375,41.121864318847656,78.50241597493489,-2323.679931640625,-2328.5,172.4898223876953,-2634.239990234375,-2596.550048828125,-2554.10009765625,-2440.5,-2328.5,-2175.75,-2103.60009765625,-2065.75,-2030.8197021484375
7992,-2329.89990234375,66.68135070800781,41.17783737182617,77.8285140991211,-2329.89990234375,-2346.5,171.5202178955078,-2654.820068359375,-2613.75,-2554.10009765625,-2450.0,-2346.5,-2190.75,-2105.800048828125,-2077.400146484375,-2032.0
8016,-2334.239990234375,66.34709930419922,41.24458312988281,77.12144724527995,-2334.239990234375,-2350.0,172.62184143066406,-2654.820068359375,-2617.550048828125,-2565.10009765625,-2450.0,-2350.0,-2195.25,-2105.800048828125,-2078.35009765625,-2032.0
8040,-2337.43994140625,66.03140258789062,41.28797912597656,76.4531478881836,-2337.43994140625,-2354.0,172.17202758789062,-2654.820068359375,-2617.550048828125,-2565.10009765625,-2461.5,-2354.0,-2205.5,-2105.800048828125,-2079.300048828125,-2032.0
8064,-2341.52001953125,65.6212387084961,41.28202819824219,75.73026784261067,-2341.52001953125,-2355.0,172.71124267578125,-2657.219970703125,-2631.10009765625,-2565.10009765625,-2461.5,-2355.0,-2213.75,-2111.39990234375,-2079.300048828125,-2032.0
8088,-2347.0,65.18331146240234,41.21776580810547,74.99815622965495,-2347.0,-2364.0,173.6399688720703,-2657.219970703125,-2633.0,-2569.89990234375,-2461.5,-2364.0,-2215.75,-2111.39990234375,-2079.300048828125,-2032.0
8112,-2350.0,64.89305877685547,41.28458786010742,74.32083129882812,-2350.0,-2364.0,172.63418579101562,-2672.89990234375,-2633.0,-2569.89990234375,-2463.75,-2364.0,-2215.75,-2122.800048828125,-2079.449951171875,-2065.31982421875
8136,-2355.35986328125,64.54582977294922,41.34000778198242,73.59284973144531,-2355.360107421875,-2371.0,170.4369354248047,-2672.89990234375,-2633.0,-2570.10009765625,-2465.25,-2371.0,-2232.0,-2130.0,-2084.2001953125,-2065.599853515625
8160,-2359.320068359375,64.18204498291016,41.30699920654297,72.91720581054688,-2359.320068359375,-2373.0,168.82411193847656,-2680.739990234375,-2633.0,-2570.10009765625,-2475.0,-2373.0,-2236.0,-2130.0,-2084.2001953125,-2065.599853515625
8184,-2362.8798828125,63.789794921875,41.221885681152344,72.24619547526042,-2362.8798828125,-2382.5,169.38720703125,-2680.739990234375,-2647.39990234375,-2574.60009765625,-2475.0,-2382.5,-2236.0,-2139.400146484375,-2084.550048828125,-2066.0
8208,-2368.02001953125,63.363525390625,41.126930236816406,71.51710510253906,-2368.02001953125,-2382.5,166.50946044921875,-2680.739990234375,-2647.39990234375,-2574.60009765625,-2484.75,-2382.5,-2242.75,-2163.10009765625,-2085.949951171875,-2066.0
8232,-2372.419921875,62.9819450378418,41.099159240722656,70.81683603922527,-2372.419921875,-2383.0,165.9812774658203,-2680.739990234375,-2647.800048828125,-2598.89990234375,-2487.0,-2383.0,-2243.75,-2169.0,-2096.5,-2066.0
8256,-2375.0,62.61799621582031,41.14977264404297,70.09977213541667,-2375.0,-2394.0,165.62355041503906,-2681.719970703125,-2654.14990234375,-2598.89990234375,-2489.25,-2394.0,-2244.25,-2169.300048828125,-2108.85009765625,-2066.0
8280,-2378.260009765625,62.33662033081055,41.209678649902344,69.44263966878255,-2378.260009765625,-2394.0,164.89236450195312,-2691.52001953125,-2654.35009765625,-2598.89990234375,-2489.25,-2394.0,-2258.0,-2169.300048828125,-2109.800048828125,-2066.0
8304,-2380.93994140625,62.083614349365234,41.273014068603516,68.83289082845052,-2380.93994140625,-2402.5,164.61578369140625,-2691.52001953125,-2654.35009765625,-2598.89990234375,-2489.25,-2402.5,-2258.75,-2169.300048828125,-2109.800048828125,-2089.52001953125
8328,-2385.97998046875,61.69976043701172,41.224395751953125,68.13019053141277,-2385.97998046875,-2404.0,166.1983184814453,-2694.4599609375,-2654.35009765625,-2626.10009765625,-2502.5,-2404.0,-2262.75,-2171.10009765625,-2111.89990234375,-2089.52001953125
8352,-2392.419921875,61.326454162597656,41.22474670410156,67.38939412434895,-2392.419921875,-2413.0,163.36285400390625,-2694.4599609375,-2654.35009765625,-2626.699951171875,-2509.5,-2413.0,-2265.25,-2173.800048828125,-2137.650146484375,-2105.4599609375
8376,-2396.239990234375,61.00102233886719,41.257240295410156,66.69548034667969,-2396.239990234375,-2415.5,164.0189666748047,-2694.4599609375,-2677.64990234375,-2626.699951171875,-2514.75,-2415.5,-2272.75,-2173.800048828125,-2138.650146484375,-2105.4599609375
8400,-2400.56005859375,60.677001953125,41.24571990966797,65.98594919840495,-2400.56005859375,-2417.5,160.8778533935547,-2694.4599609375,-2677.64990234375,-2626.699951171875,-2514.75,-2417.5,-2280.75,-2196.0,-2149.449951171875,-2105.4599609375
8424,-2403.780029296875,60.38582992553711,41.29537582397461,65.31723276774089,-2403.780029296875,-2417.5,159.8526611328125,-2694.659912109375,-2677.64990234375,-2626.699951171875,-2514.75,-2417.5,-2281.75,-2196.0,-2151.89990234375,-2137.7998046875
8448,-2407.06005859375,60.01464080810547,41.22862243652344,64.59988657633464,-2407.06005859375,-2419.5,160.43539428710938,-2694.820068359375,-2677.64990234375,-2626.699951171875,-2518.0,-2419.5,-2283.25,-2196.0,-2151.89990234375,-2137.7998046875
8472,-2409.139892578125,59.73531723022461,41.284297943115234,63.922393798828125,-2409.139892578125,-2419.5,160.01681518554688,-2694.820068359375,-2677.64990234375,-2626.699951171875,-2518.0,-2419.5,-2287.0,-2196.0,-2151.89990234375,-2137.7998046875
8496,-2412.659912109375,59.301292419433594,41.19560241699219,63.13826370239258,-2412.659912109375,-2420.0,158.67982482910156,-2694.820068359375,-2677.64990234375,-2626.699951171875,-2522.5,-2420.0,-2289.5,-2204.699951171875,-2181.35009765625,-2138.77978515625
8520,-2416.159912109375,58.95198059082031,41.217586517333984,62.398118336995445,-2416.159912109375,-2427.0,158.71463012695312,-2698.739990234375,-2679.60009765625,-2627.300048828125,-2527.25,-2427.0,-2292.25,-2204.699951171875,-2181.35009765625,-2138.77978515625
8544,-2418.8798828125,58.604835510253906,41.239044189453125,61.62792841593424,-2418.8798828125,-2431.0,158.64015197753906,-2704.6201171875,-2679.60009765625,-2627.300048828125,-2527.25,-2431.0,-2298.75,-2204.699951171875,-2181.35009765625,-2138.77978515625
8568,-2421.179931640625,58.33135223388672,41.284027099609375,60.9732666015625,-2421.179931640625,-2432.0,158.76223754882812,-2704.6201171875,-2691.0,-2640.10009765625,-2530.75,-2432.0,-2304.0,-2204.699951171875,-2181.35009765625,-2138.77978515625
8592,-2423.93994140625,57.89695358276367,41.25745391845703,60.13142776489258,-2423.93994140625,-2433.0,158.88548278808594,-2706.6201171875,-2691.0,-2640.300048828125,-2536.5,-2433.0,-2304.0,-2207.39990234375,-2181.35009765625,-2144.65966796875
8616,-2428.06005859375,57.56087875366211,41.28227996826172,59.346527099609375,-2428.06005859375,-2447.5,159.10499572753906,-2707.659912109375,-2694.050048828125,-2644.300048828125,-2542.5,-2447.5,-2304.0,-2211.60009765625,-2181.35009765625,-2144.65966796875
8640,-2431.52001953125,57.21648406982422,41.26530456542969,58.65992736816406,-2431.52001953125,-2447.5,158.8549346923828,-2707.659912109375,-2695.050048828125,-2644.300048828125,-2547.25,-2447.5,-2316.5,-2211.60009765625,-2183.4501953125,-2144.65966796875
8664,-2433.56005859375,56.83772277832031,41.221832275390625,57.9091911315918,-2433.56005859375,-2450.0,160.4917755126953,-2716.47998046875,-2707.25,-2651.5,-2547.25,-2450.0,-2316.5,-2211.60009765625,-2183.60009765625,-2144.65966796875
8688,-2436.179931640625,56.44261169433594,41.157440185546875,57.11273701985677,-2436.179931640625,-2453.5,160.34278869628906,-2716.52001953125,-2707.25,-2651.5,-2547.75,-2453.5,-2316.5,-2219.199951171875,-2183.7001953125,-2144.65966796875
8712,-2439.8798828125,56.139923095703125,41.127586364746094,56.43435414632162,-2439.8798828125,-2455.5,159.05706787109375,-2720.43994140625,-2713.10009765625,-2651.5,-2547.75,-2455.5,-2316.5,-2241.60009765625,-2191.800048828125,-2144.759765625
8736,-2442.3798828125,55.80500030517578,41.12395095825195,55.6321055094401,-2442.3798828125,-2456.5,159.0222930908203,-2724.43994140625,-2713.35009765625,-2662.5,-2547.75,-2456.5,-2326.75,-2241.60009765625,-2195.60009765625,-2145.23974609375
8760,-2444.39990234375,55.48188018798828,41.096275329589844,54.90623982747396,-2444.39990234375,-2456.5,157.52027893066406,-2724.43994140625,-2713.35009765625,-2662.699951171875,-2547.75,-2456.5,-2326.75,-2244.0,-2195.60009765625,-2145.559814453125
8784,-2449.0400390625,55.0402946472168,40.97966003417969,54.13754653930664,-2449.0400390625,-2459.5,154.72232055664062,-2727.419921875,-2720.14990234375,-2662.699951171875,-2550.0,-2459.5,-2328.25,-2260.699951171875,-2197.5,-2145.559814453125
8808,-2452.8798828125,54.7379150390625,41.01683044433594,53.41610972086588,-2452.8798828125,-2467.0,154.67974853515625,-2738.239990234375,-2720.14990234375,-2669.60009765625,-2552.5,-2467.0,-2329.0,-2264.60009765625,-2231.7001953125,-2145.559814453125
8832,-2454.919921875,54.389747619628906,41.00746154785156,52.62054951985677,-2454.919921875,-2470.0,154.44154357910156,-2738.239990234375,-2720.14990234375,-2669.800048828125,-2554.75,-2470.0,-2329.0,-2264.60009765625,-2231.7001953125,-2145.919921875
8856,-2457.0400390625,54.080162048339844,40.955020904541016,51.92673365275065,-2457.0400390625,-2470.0,153.8682403564453,-2738.239990234375,-2721.10009765625,-2669.800048828125,-2554.75,-2470.0,-2335.75,-2264.60009765625,-2231.7001953125,-2145.919921875
8880,-2460.739990234375,53.76941680908203,40.986331939697266,51.12907155354818,-2460.739990234375,-2471.5,155.5072021484375,-2756.199951171875,-2729.10009765625,-2678.10009765625,-2561.5,-2471.5,-2345.5,-2269.5,-2233.60009765625,-2145.919921875
8904,-2463.619873046875,53.47197723388672,40.994529724121094,50.359937032063804,-2463.6201171875,-2473.5,155.9388885498047,-2756.199951171875,-2730.050048828125,-2678.10009765625,-2574.5,-2473.5,-2345.5,-2269.5,-2234.7001953125,-2145.919921875
8928,-2467.780029296875,53.14903259277344,40.99211120605469,49.5871213277181,-2467.780029296875,-2473.5,155.5139617919922,-2756.199951171875,-2735.5,-2678.5,-2576.0,-2473.5,-2360.0,-2269.5,-2234.7001953125,-2145.919921875
8952,-2471.760009765625,52.815528869628906,40.93174362182617,48.82618077596029,-2471.760009765625,-2474.0,155.23228454589844,-2756.199951171875,-2735.5,-2678.5,-2578.25,-2474.0,-2364.75,-2269.5,-2234.7001953125,-2145.919921875
8976,-2473.5,52.60264205932617,41.011898040771484,48.10944747924805,-2473.5,-2475.5,154.3932342529297,-2756.199951171875,-2735.5,-2692.10009765625,-2578.25,-2475.5,-2374.25,-2272.699951171875,-2241.699951171875,-2145.919921875
9000,-2475.02001953125,52.266082763671875,40.97584915161133,47.35598373413086,-2475.02001953125,-2484.5,154.88331604003906,-2756.199951171875,-2735.60009765625,-2693.10009765625,-2578.25,-2484.5,-2374.25,-2273.0,-2241.699951171875,-2145.919921875
9024,-2477.83984375,51.9715690612793,40.98586654663086,46.60914993286133,-2477.840087890625,-2484.5,155.4454803466797,-2756.199951171875,-2735.699951171875,-2693.10009765625,-2578.25,-2484.5,-2374.25,-2275.699951171875,-2241.699951171875,-2145.919921875
9048,-2480.239990234375,51.73106002807617,41.02842330932617,45.85344568888346,-2480.239990234375,-2485.0,154.94290161132812,-2756.199951171875,-2735.699951171875,-2694.39990234375,-2582.75,-2485.0,-2376.25,-2277.800048828125,-2241.699951171875,-2145.919921875
9072,-2482.639892578125,51.38275909423828,41.0281867980957,44.970804850260414,-2482.639892578125,-2491.0,153.86756896972656,-2756.199951171875,-2735.89990234375,-2694.39990234375,-2582.75,-2491.0,-2377.0,-2277.800048828125,-2241.699951171875,-2175.39990234375
9096,-2485.43994140625,51.044795989990234,40.97817611694336,44.176116943359375,-2485.43994140625,-2492.0,153.0321807861328,-2758.159912109375,-2737.89990234375,-2700.300048828125,-2582.75,-2492.0,-2377.25,-2287.0,-2241.699951171875,-2175.39990234375
9120,-2487.219970703125,50.743370056152344,40.998008728027344,43.35658391316732,-2487.219970703125,-2498.0,153.8206329345703,-2761.10009765625,-2737.89990234375,-2700.300048828125,-2582.75,-2498.0,-2378.75,-2287.0,-2241.699951171875,-2175.39990234375
9144,-2490.159912109375,50.38962936401367,40.939231872558594,42.50443649291992,-2490.159912109375,-2500.0,153.66331481933594,-2766.260009765625,-2738.050048828125,-2702.39990234375,-2593.25,-2500.0,-2383.75,-2287.0,-2246.0,-2175.39990234375
9168,-2492.099853515625,50.14289855957031,40.9865608215332,41.69493865966797,-2492.10009765625,-2500.0,152.4613800048828,-2766.260009765625,-2738.050048828125,-2702.39990234375,-2594.75,-2500.0,-2383.75,-2287.199951171875,-2268.800048828125,-2175.39990234375
9192,-2492.919921875,49.79014205932617,40.89606475830078,40.93096923828125,-2492.919921875,-2500.0,152.6881561279297,-2769.280029296875,-2738.14990234375,-2702.39990234375,-2594.75,-2500.0,-2383.75,-2293.39990234375,-2268.800048828125,-2175.39990234375
9216,-2496.43994140625,49.495418548583984,40.874385833740234,40.13380432128906,-2496.43994140625,-2501.0,151.27963256835938,-2769.39990234375,-2749.550048828125,-2702.39990234375,-2606.75,-2501.0,-2390.0,-2301.199951171875,-2274.500244140625,-2200.8798828125
9240,-2498.800048828125,49.41180419921875,41.03835678100586,39.44903818766276,-2498.800048828125,-2501.0,150.77943420410156,-2769.39990234375,-2749.64990234375,-2702.39990234375,-2606.75,-2501.0,-2397.5,-2311.0,-2274.500244140625,-2200.8798828125
9264,-2502.139892578125,49.14330291748047,41.050682067871094,38.63484446207682,-2502.139892578125,-2505.0,150.8407745361328,-2785.080078125,-2766.0,-2704.199951171875,-2613.0,-2505.0,-2401.5,-2311.0,-2274.500244140625,-2219.499755859375
9288,-2504.5400390625,48.91755294799805,41.06609344482422,37.91118367513021,-2504.5400390625,-2511.0,150.28941345214844,-2785.080078125,-2766.0,-2704.39990234375,-2617.25,-2511.0,-2402.0,-2312.800048828125,-2274.9501953125,-2232.23974609375
9312,-2507.35986328125,48.60894012451172,41.080665588378906,37.01564025878906,-2507.360107421875,-2511.0,149.30462646484375,-2785.080078125,-2766.10009765625,-2704.39990234375,-2617.75,-2511.0,-2403.5,-2313.0,-2276.85009765625,-2232.23974609375
9336,-2508.739990234375,48.42524337768555,41.178192138671875,36.21136601765951,-2508.739990234375,-2511.5,150.26699829101562,-2785.080078125,-2768.0,-2713.699951171875,-2625.0,-2511.5,-2403.5,-2313.0,-2276.85009765625,-2232.23974609375
9360,-2511.739990234375,48.00518798828125,41.06670379638672,35.20434061686198,-2511.739990234375,-2520.5,150.69351196289062,-2789.080078125,-2768.050048828125,-2713.699951171875,-2625.5,-2520.5,-2409.0,-2313.0,-2276.85009765625,-2242.03955078125
9384,-2514.3798828125,47.83020782470703,41.163692474365234,34.34580739339193,-2514.3798828125,-2521.5,149.32237243652344,-2789.199951171875,-2768.050048828125,-2713.699951171875,-2628.0,-2521.5,-2411.5,-2313.0,-2276.85009765625,-2242.03955078125
9408,-2516.300048828125,47.597900390625,41.22725296020508,33.42028935750326,-2516.300048828125,-2521.5,149.14297485351562,-2789.239990234375,-2769.050048828125,-2715.5,-2628.0,-2521.5,-2416.5,-2318.39990234375,-2277.2001953125,-2242.03955078125
9432,-2519.119873046875,47.31464767456055,41.21613311767578,32.55932871500651,-2519.1201171875,-2525.5,148.56576538085938,-2789.56005859375,-2770.199951171875,-2715.5,-2628.0,-2525.5,-2418.75,-2318.39990234375,-2281.0,-2242.03955078125
9456,-2521.219970703125,47.05931091308594,41.21255874633789,31.768133799235027,-2521.219970703125,-2531.5,147.52081298828125,-2789.56005859375,-2770.300048828125,-2722.699951171875,-2628.0,-2531.5,-2418.75,-2341.60009765625,-2287.400146484375,-2259.679443359375
9480,-2521.83984375,46.86031723022461,41.258636474609375,30.909427007039387,-2521.840087890625,-2531.5,147.6973114013672,-2789.56005859375,-2770.300048828125,-2722.699951171875,-2629.75,-2531.5,-2418.75,-2341.60009765625,-2287.400146484375,-2259.679443359375
9504,-2523.4599609375,46.615509033203125,41.2913932800293,29.966665267944336,-2523.4599609375,-2531.5,147.75558471679688,-2789.56005859375,-2770.300048828125,-2733.699951171875,-2629.75,-2531.5,-2419.75,-2342.800048828125,-2295.0,-2259.679443359375
9528,-2524.679931640625,46.476318359375,41.373870849609375,29.121822357177734,-2524.679931640625,-2531.5,147.65899658203125,-2789.56005859375,-2770.300048828125,-2735.5,-2630.25,-2531.5,-2419.75,-2342.800048828125,-2295.300048828125,-2259.719482421875
9552,-2526.099853515625,46.4212760925293,41.543766021728516,28.30139096577962,-2526.10009765625,-2534.5,147.01466369628906,-2789.56005859375,-2770.300048828125,-2735.5,-2631.75,-2534.5,-2420.0,-2347.60009765625,-2295.300048828125,-2259.719482421875
9576,-2527.43994140625,46.21194076538086,41.5594596862793,27.525166829427082,-2527.43994140625,-2538.0,147.1998748779297,-2789.60009765625,-2773.14990234375,-2735.5,-2631.75,-2538.0,-2420.75,-2347.60009765625,-2295.300048828125,-2259.719482421875
9600,-2528.5400390625,46.10097885131836,41.72411346435547,26.5643736521403,-2528.5400390625,-2538.0,147.23731994628906,-2789.60009765625,-2773.14990234375,-2735.5,-2631.75,-2538.0,-2420.75,-2355.199951171875,-2295.300048828125,-2259.719482421875
9624,-2530.260009765625,45.91161346435547,41.79658126831055,25.661269505818684,-2530.260009765625,-2538.0,146.74485778808594,-2789.60009765625,-2775.050048828125,-2735.5,-2633.25,-2538.0,-2423.5,-2355.199951171875,-2295.300048828125,-2259.879638671875
9648,-2531.06005859375,45.809417724609375,41.965484619140625,24.619530359903973,-2531.06005859375,-2540.5,146.72189331054688,-2789.639892578125,-2775.14990234375,-2735.5,-2633.25,-2540.5,-2423.5,-2355.199951171875,-2295.300048828125,-2259.879638671875
9672,-2532.31982421875,45.673072814941406,42.06268310546875,23.680897394816082,-2532.320068359375,-2540.5,146.7734832763672,-2789.639892578125,-2775.14990234375,-2735.5,-2633.25,-2540.5,-2427.0,-2355.199951171875,-2295.300048828125,-2259.879638671875
9696,-2533.919921875,45.441951751708984,42.064247131347656,22.764212290445965,-2533.919921875,-2540.5,147.15635681152344,-2789.639892578125,-2775.14990234375,-2735.5,-2634.75,-2540.5,-2435.5,-2355.199951171875,-2295.300048828125,-2259.879638671875
9720,-2535.619873046875,45.19385528564453,42.05680847167969,21.795495351155598,-2535.6201171875,-2540.5,147.77772521972656,-2789.639892578125,-2775.25,-2735.5,-2638.75,-2540.5,-2436.0,-2355.199951171875,-2295.300048828125,-2259.879638671875
9744,-2537.780029296875,45.12635803222656,42.16486740112305,20.913016001383465,-2537.780029296875,-2543.5,147.98294067382812,-2789.639892578125,-2775.25,-2737.300048828125,-2640.25,-2543.5,-2436.0,-2355.199951171875,-2295.300048828125,-2259.879638671875
9768,-2539.06005859375,45.23384094238281,42.5058708190918,19.9435609181722,-2539.06005859375,-2547.5,148.30804443359375,-2789.679931640625,-2779.050048828125,-2740.10009765625,-2640.25,-2547.5,-2436.0,-2355.60009765625,-2295.300048828125,-2259.879638671875
9792,-2541.02001953125,45.138023376464844,42.646392822265625,18.828545252482098,-2541.02001953125,-2550.5,148.521240234375,-2791.639892578125,-2779.050048828125,-2740.300048828125,-2640.25,-2550.5,-2436.0,-2355.60009765625,-2295.300048828125,-2259.879638671875
9816,-2541.780029296875,45.075740814208984,42.756500244140625,17.935216267903645,-2541.780029296875,-2550.5,148.2774200439453,-2791.639892578125,-2779.050048828125,-2740.300048828125,-2640.25,-2550.5,-2439.0,-2355.60009765625,-2297.2001953125,-2259.879638671875
9840,-2542.280029296875,45.04473876953125,42.896697998046875,16.946711858113606,-2542.280029296875,-2553.0,148.5023956298828,-2795.56005859375,-2779.050048828125,-2740.300048828125,-2644.75,-2553.0,-2439.0,-2355.60009765625,-2297.2001953125,-2259.879638671875
9864,-2542.9599609375,45.004241943359375,43.077632904052734,15.893748919169107,-2542.9599609375,-2553.0,148.7400360107422,-2795.56005859375,-2779.300048828125,-2740.300048828125,-2644.75,-2553.0,-2441.5,-2355.60009765625,-2297.2001953125,-2259.879638671875
9888,-2543.85986328125,45.2697868347168,43.52817916870117,14.960951169331869,-2543.860107421875,-2553.0,148.89828491210938,-2795.56005859375,-2779.300048828125,-2740.300048828125,-2650.75,-2553.0,-2441.5,-2355.60009765625,-2298.0,-2259.879638671875
9912,-2544.5,45.27358627319336,43.72016525268555,13.94676939646403,-2544.5,-2553.0,149.3776092529297,-2799.47998046875,-2785.050048828125,-2740.300048828125,-2653.25,-2553.0,-2441.5,-2355.60009765625,-2298.0,-2259.879638671875
9936,-2544.919921875,45.54347229003906,44.147735595703125,12.955189069112143,-2544.919921875,-2553.0,149.52281188964844,-2801.43994140625,-2785.14990234375,-2740.300048828125,-2653.25,-2553.0,-2441.5,-2355.60009765625,-2298.0,-2259.879638671875
9960,-2545.219970703125,45.89917755126953,44.66710662841797,11.898458162943522,-2545.219970703125,-2557.5,149.56654357910156,-2801.43994140625,-2785.14990234375,-2740.300048828125,-2653.25,-2557.5,-2441.5,-2355.60009765625,-2298.0,-2259.879638671875
9984,-2545.4599609375,46.42511749267578,45.33351135253906,11.008507092793783,-2545.4599609375,-2557.5,149.70755004882812,-2801.43994140625,-2785.14990234375,-2740.300048828125,-2653.25,-2557.5,-2441.5,-2355.60009765625,-2298.0,-2259.879638671875
