step,best_fitness,avg_hamming,avg_l1,avg_entropy,mean,median,std,2%,5%,10%,25%,50%,75%,90%,95%,98%
30,-479.4599914550781,127.91973876953125,8.08176326751709,176.9643809000651,-479.4599914550781,-478.0,125.16671752929688,-797.6799926757812,-751.4500122070312,-615.3999633789062,-545.5,-478.0,-394.75,-327.79998779296875,-314.8500061035156,-290.8599853515625
60,-542.1599731445312,127.85506439208984,8.748680114746094,176.83080546061197,-542.1599731445312,-516.0,102.60767364501953,-797.6799926757812,-751.4500122070312,-691.5999755859375,-592.0,-516.0,-479.0,-440.8999938964844,-407.9000244140625,-389.45989990234375
90,-571.2000122070312,127.79156494140625,9.329558372497559,176.70105997721353,-571.2000122070312,-542.0,96.91460418701172,-808.4600219726562,-760.0999755859375,-710.7000122070312,-615.75,-542.0,-501.0,-476.0,-448.8000183105469,-440.4998779296875
120,-604.6599731445312,127.74557495117188,9.797926902770996,176.5990244547526,-604.6599731445312,-589.5,99.85411834716797,-847.6599731445312,-798.0999755859375,-751.9000244140625,-670.5,-589.5,-527.0,-495.0,-482.95001220703125,-469.7999572753906
150,-624.6400146484375,127.70252990722656,10.195537567138672,176.50423177083334,-624.6400146484375,-602.5,102.35971069335938,-880.0,-800.3499755859375,-783.5999755859375,-687.25,-602.5,-542.0,-509.20001220703125,-495.0,-482.97998046875
180,-640.5199584960938,127.65794372558594,10.596726417541504,176.40678914388022,-640.52001953125,-614.5,105.13919067382812,-881.260009765625,-847.2000122070312,-790.5999755859375,-700.25,-614.5,-564.0,-515.0,-500.95001220703125,-494.75994873046875
210,-650.2799682617188,127.61393737792969,10.9436674118042,176.31612650553384,-650.280029296875,-628.0,103.74700927734375,-881.260009765625,-847.2000122070312,-790.5999755859375,-721.0,-628.0,-576.5,-529.7000122070312,-509.550048828125,-497.699951171875
240,-660.6599731445312,127.56707000732422,11.269447326660156,176.2225596110026,-660.6599731445312,-642.5,96.68590545654297,-881.260009765625,-847.2000122070312,-790.5999755859375,-721.75,-642.5,-594.0,-550.2000122070312,-534.9000244140625,-517.5999145507812
270,-665.1199951171875,127.52369689941406,11.586291313171387,176.13308715820312,-665.1199951171875,-645.0,96.97476959228516,-881.260009765625,-847.2000122070312,-791.5,-730.0,-645.0,-594.0,-550.2999877929688,-541.6500244140625,-530.7399291992188
300,-680.47998046875,127.47909545898438,11.87976360321045,176.04337565104166,-680.47998046875,-669.5,98.78890991210938,-904.780029296875,-852.4500122070312,-800.4000244140625,-744.5,-669.5,-606.75,-557.4000244140625,-542.9500122070312,-532.699951171875
330,-684.3599853515625,127.43467712402344,12.164894104003906,175.955322265625,-684.3599853515625,-671.0,98.5185775756836,-904.780029296875,-878.0999755859375,-804.2999877929688,-749.25,-671.0,-610.5,-557.4000244140625,-542.9500122070312,-534.9599609375
360,-694.5,127.3939208984375,12.425809860229492,175.87325032552084,-694.5,-677.0,97.01046752929688,-904.780029296875,-880.0,-811.2999877929688,-760.5,-677.0,-629.5,-566.7000122070312,-548.75,-541.8199462890625
390,-700.0799560546875,127.35989379882812,12.686302185058594,175.79565938313803,-700.0800170898438,-682.0,94.2632064819336,-904.780029296875,-880.0,-811.2999877929688,-768.25,-682.0,-636.25,-592.0,-557.6500244140625,-542.97998046875
420,-708.5399780273438,127.32299041748047,12.968768119812012,175.71243286132812,-708.5399780273438,-687.5,93.89115142822266,-904.780029296875,-880.5,-847.4000244140625,-778.5,-687.5,-641.0,-596.9000244140625,-566.7000122070312,-550.8599853515625
450,-716.5399780273438,127.2849349975586,13.207507133483887,175.63348897298178,-716.5399780273438,-713.5,94.20503997802734,-943.0999755859375,-890.4500122070312,-852.0,-780.75,-713.5,-642.0,-604.5,-591.75,-566.8599853515625
480,-720.0799560546875,127.25054931640625,13.41877269744873,175.56270345052084,-720.0800170898438,-717.0,92.8019027709961,-943.0999755859375,-890.4500122070312,-852.0,-784.25,-717.0,-648.0,-605.9000244140625,-592.0,-566.8599853515625
510,-722.0399780273438,127.2157211303711,13.621341705322266,175.4926961263021,-722.0399780273438,-719.0,91.4671401977539,-943.0999755859375,-890.4500122070312,-852.0,-784.25,-719.0,-657.5,-617.2000122070312,-596.75,-566.8599853515625
540,-724.739990234375,127.17771911621094,13.847078323364258,175.41543579101562,-724.739990234375,-719.0,89.0807113647461,-943.0999755859375,-890.4500122070312,-852.0,-784.25,-719.0,-662.75,-622.9000244140625,-599.8500366210938,-566.8599853515625
570,-730.3200073242188,127.13856506347656,14.029562950134277,175.34212239583334,-730.3200073242188,-721.5,89.38287353515625,-943.0999755859375,-890.4500122070312,-852.0,-790.0,-721.5,-665.25,-623.9000244140625,-604.75,-566.8599853515625
600,-736.7000122070312,127.09991455078125,14.249229431152344,175.26545206705728,-736.7000122070312,-733.5,88.47254180908203,-943.0999755859375,-895.2000122070312,-862.7000122070312,-791.5,-733.5,-666.75,-633.2999877929688,-609.75,-596.39990234375
630,-742.6199951171875,127.06843566894531,14.43454647064209,175.1988983154297,-742.6199951171875,-738.0,87.3769760131836,-943.0999755859375,-895.2000122070312,-874.4000244140625,-796.5,-738.0,-681.0,-640.2999877929688,-617.3500366210938,-596.39990234375
660,-747.219970703125,127.03373718261719,14.6428861618042,175.12456258138022,-747.219970703125,-742.0,85.01383209228516,-943.0999755859375,-895.2000122070312,-874.4000244140625,-798.5,-742.0,-683.5,-649.7999877929688,-623.800048828125,-596.8800048828125
690,-749.3800048828125,126.99349975585938,14.840253829956055,175.04651896158853,-749.3800048828125,-742.5,84.57550811767578,-943.0999755859375,-895.2000122070312,-874.4000244140625,-800.75,-742.5,-685.5,-649.7999877929688,-623.800048828125,-596.8800048828125
720,-751.6399536132812,126.95542907714844,15.022982597351074,174.9738311767578,-751.6400146484375,-743.5,83.31596374511719,-943.0999755859375,-895.2000122070312,-874.4000244140625,-802.25,-743.5,-686.75,-655.4000244140625,-640.6500244140625,-596.8800048828125
750,-752.6399536132812,126.91606903076172,15.206144332885742,174.90093485514322,-752.6400146484375,-743.5,83.03776550292969,-943.0999755859375,-895.2000122070312,-874.4000244140625,-802.25,-743.5,-687.0,-655.4000244140625,-640.6500244140625,-596.8800048828125
780,-752.9199829101562,126.87490844726562,15.379371643066406,174.8252970377604,-752.9199829101562,-743.5,82.75816345214844,-943.0999755859375,-895.2000122070312,-874.4000244140625,-802.25,-743.5,-687.0,-657.2000122070312,-640.6500244140625,-596.8800048828125
810,-761.1599731445312,126.83071899414062,15.564306259155273,174.7432657877604,-761.1599731445312,-754.5,80.67548370361328,-943.0999755859375,-899.25,-878.2000122070312,-806.25,-754.5,-701.5,-660.0,-641.9500122070312,-623.4598999023438
840,-767.4199829101562,126.7876205444336,15.70928955078125,174.66791788736978,-767.4199829101562,-766.0,80.1956558227539,-943.0999755859375,-904.6500244140625,-880.0,-808.0,-766.0,-716.25,-662.9000244140625,-647.6500244140625,-623.4598999023438
870,-769.47998046875,126.75142669677734,15.87971305847168,174.59546407063803,-769.47998046875,-768.0,80.10698699951172,-943.0999755859375,-904.6500244140625,-880.0,-808.75,-768.0,-717.0,-666.5999755859375,-647.6500244140625,-623.4598999023438
900,-772.719970703125,126.71661376953125,16.04647445678711,174.5257771809896,-772.719970703125,-770.0,78.39389038085938,-943.0999755859375,-904.6500244140625,-880.0,-813.25,-770.0,-719.25,-676.5,-649.9000244140625,-632.8199462890625
930,-774.7799682617188,126.67605590820312,16.22481918334961,174.4471689860026,-774.780029296875,-770.0,77.77088928222656,-943.0999755859375,-904.6500244140625,-880.5,-822.25,-770.0,-719.25,-681.5999755859375,-662.3500366210938,-632.8199462890625
960,-780.9400024414062,126.63573455810547,16.39206314086914,174.3730723063151,-780.9400024414062,-774.5,76.96074676513672,-943.0999755859375,-906.5499877929688,-890.2000122070312,-837.25,-774.5,-723.75,-684.0,-666.800048828125,-647.699951171875
990,-781.760009765625,126.60044860839844,16.54517936706543,174.3040974934896,-781.760009765625,-774.5,76.22376251220703,-943.0999755859375,-906.5499877929688,-890.2000122070312,-837.25,-774.5,-727.0,-685.7999877929688,-666.800048828125,-647.699951171875
1020,-783.7000122070312,126.56163024902344,16.712711334228516,174.2311045328776,-783.7000122070312,-776.5,74.65326690673828,-943.0999755859375,-906.5499877929688,-890.2000122070312,-837.25,-776.5,-727.0,-701.2999877929688,-676.75,-649.659912109375
1050,-784.2799682617188,126.52252197265625,16.863157272338867,174.15827433268228,-784.280029296875,-779.0,74.47711944580078,-943.0999755859375,-906.5499877929688,-890.2000122070312,-837.25,-779.0,-727.0,-701.2999877929688,-676.75,-649.659912109375
1080,-785.739990234375,126.4845199584961,17.025318145751953,174.08311462402344,-785.739990234375,-781.5,73.89000701904297,-943.0999755859375,-906.5499877929688,-890.2000122070312,-837.25,-781.5,-734.0,-708.2999877929688,-676.75,-649.659912109375
1110,-790.6399536132812,126.44267272949219,17.170703887939453,174.0098419189453,-790.6400146484375,-788.5,74.3033676147461,-943.0999755859375,-911.2999877929688,-893.5999755859375,-849.25,-788.5,-736.75,-709.9000244140625,-685.6000366210938,-671.2198486328125
1140,-792.8999633789062,126.40409851074219,17.323970794677734,173.93460591634116,-792.9000244140625,-789.0,75.2225341796875,-943.0999755859375,-917.2000122070312,-899.2999877929688,-850.25,-789.0,-737.75,-709.9000244140625,-685.6000366210938,-671.2198486328125
1170,-794.6799926757812,126.36192321777344,17.47838592529297,173.85631815592447,-794.6799926757812,-789.5,74.26073455810547,-943.0999755859375,-917.2000122070312,-899.2999877929688,-850.25,-789.5,-741.0,-711.7999877929688,-686.550048828125,-671.2198486328125
1200,-796.4199829101562,126.32762145996094,17.633119583129883,173.78587849934897,-796.4199829101562,-790.0,73.76139831542969,-943.0999755859375,-917.2000122070312,-899.2999877929688,-851.25,-790.0,-741.0,-713.7999877929688,-695.550048828125,-671.6199340820312
1230,-802.3800048828125,126.2849349975586,17.78969383239746,173.70586649576822,-802.3800048828125,-793.0,79.74594116210938,-948.4400024414062,-921.7000122070312,-904.2000122070312,-854.25,-793.0,-742.75,-716.7000122070312,-701.7000122070312,-676.8999633789062
1260,-805.5599975585938,126.24693298339844,17.932865142822266,173.63299560546875,-805.5599975585938,-794.5,78.52799987792969,-948.4400024414062,-921.7000122070312,-904.2000122070312,-861.5,-794.5,-744.75,-719.7000122070312,-711.5000610351562,-686.699951171875
1290,-809.5799560546875,126.20220947265625,18.06896209716797,173.5537872314453,-809.5800170898438,-795.0,77.5274429321289,-970.280029296875,-935.4000244140625,-906.2000122070312,-863.5,-795.0,-748.0,-721.0,-713.9000244140625,-695.8199462890625
1320,-810.6399536132812,126.15234375,18.22688865661621,173.467041015625,-810.6400146484375,-795.0,76.89987182617188,-970.280029296875,-935.4000244140625,-908.2999877929688,-863.5,-795.0,-749.75,-721.9000244140625,-715.9000244140625,-701.8800048828125
1350,-811.7000122070312,126.11337280273438,18.37873077392578,173.39136250813803,-811.7000122070312,-800.0,76.87359619140625,-970.280029296875,-935.4000244140625,-908.2999877929688,-863.5,-800.0,-749.75,-721.9000244140625,-715.9000244140625,-701.8800048828125
1380,-812.8999633789062,126.06646728515625,18.52553939819336,173.30855305989584,-812.9000244140625,-800.5,76.4669189453125,-970.280029296875,-935.4000244140625,-908.2999877929688,-863.5,-800.5,-751.5,-721.9000244140625,-715.9000244140625,-701.8800048828125
1410,-815.2799682617188,126.026123046875,18.665191650390625,173.2326202392578,-815.280029296875,-803.5,75.84195709228516,-970.280029296875,-935.4000244140625,-908.2999877929688,-863.5,-803.5,-756.5,-721.9000244140625,-715.9000244140625,-701.8800048828125
1440,-815.2799682617188,125.98162841796875,18.81259536743164,173.15185546875,-815.280029296875,-803.5,75.84195709228516,-970.280029296875,-935.4000244140625,-908.2999877929688,-863.5,-803.5,-756.5,-721.9000244140625,-715.9000244140625,-701.8800048828125
1470,-818.5399780273438,125.94456481933594,18.942157745361328,173.08037312825522,-818.5399780273438,-806.0,77.52411651611328,-970.280029296875,-935.4000244140625,-911.5999755859375,-878.5,-806.0,-756.5,-721.9000244140625,-715.9000244140625,-701.8800048828125
1500,-822.8200073242188,125.8966293334961,19.07326316833496,172.99987284342447,-822.8200073242188,-806.5,83.50645446777344,-986.4800415039062,-943.25,-920.0999755859375,-881.25,-806.5,-756.5,-721.9000244140625,-715.9000244140625,-701.8800048828125
1530,-823.6799926757812,125.84761810302734,19.195228576660156,172.91756184895834,-823.6799926757812,-813.0,83.19000244140625,-986.4800415039062,-943.25,-920.0999755859375,-881.25,-813.0,-756.5,-721.9000244140625,-715.9000244140625,-709.8399658203125
1560,-824.2999877929688,125.79414367675781,19.344009399414062,172.82431030273438,-824.2999877929688,-819.5,82.89022827148438,-986.4800415039062,-943.25,-920.0999755859375,-881.25,-819.5,-757.75,-721.9000244140625,-715.9000244140625,-709.8399658203125
1590,-824.3599853515625,125.73361206054688,19.49054718017578,172.72693888346353,-824.3599853515625,-819.5,82.80960083007812,-986.4800415039062,-943.25,-920.0999755859375,-881.25,-819.5,-757.75,-721.9000244140625,-716.0,-711.7999267578125
1620,-824.6599731445312,125.68438720703125,19.632469177246094,172.6415049235026,-824.6599731445312,-819.5,82.64456939697266,-986.4800415039062,-943.25,-920.0999755859375,-881.25,-819.5,-757.75,-721.9000244140625,-716.0,-711.7999267578125
1650,-827.4400024414062,125.63468933105469,19.76763916015625,172.5555877685547,-827.4400024414062,-820.0,84.16534423828125,-1006.0800170898438,-949.0999755859375,-921.5,-885.0,-820.0,-759.5,-721.9000244140625,-716.0,-711.7999267578125
1680,-828.0999755859375,125.58769226074219,19.92263412475586,172.4672393798828,-828.0999755859375,-820.0,83.52957153320312,-1006.0800170898438,-949.0999755859375,-921.5,-885.0,-820.0,-766.0,-722.9000244140625,-716.9500122070312,-711.7999267578125
1710,-834.1799926757812,125.5390853881836,20.064308166503906,172.38293965657553,-834.1799926757812,-828.0,82.33351135253906,-1006.0800170898438,-949.0999755859375,-921.5,-890.5,-828.0,-775.75,-732.9000244140625,-716.9500122070312,-711.7999267578125
1740,-834.3399658203125,125.48187255859375,20.190061569213867,172.28906758626303,-834.3400268554688,-828.0,82.12091064453125,-1006.0800170898438,-949.0999755859375,-921.5,-890.5,-828.0,-775.75,-733.9000244140625,-720.75,-711.7999267578125
1770,-835.3599853515625,125.43304443359375,20.333744049072266,172.1991729736328,-835.3599853515625,-828.0,83.01151275634766,-1006.0800170898438,-961.4500122070312,-929.5999755859375,-892.25,-828.0,-775.75,-733.9000244140625,-720.75,-711.7999267578125
1800,-842.6599731445312,125.38048553466797,20.47760581970215,172.1074422200521,-842.6599731445312,-829.0,81.7043685913086,-1010.0,-970.7000122070312,-935.7999877929688,-899.25,-829.0,-789.5,-743.2000122070312,-722.9500122070312,-715.719970703125
1830,-845.8599853515625,125.3193588256836,20.617046356201172,172.00609842936197,-845.8599853515625,-839.0,79.04669189453125,-1010.0,-970.7000122070312,-935.7999877929688,-899.25,-839.0,-790.75,-751.7000122070312,-732.800048828125,-716.0
1860,-850.47998046875,125.26524353027344,20.7523136138916,171.91259765625,-850.47998046875,-841.0,86.80166625976562,-1108.5,-985.0,-943.0,-900.75,-841.0,-791.75,-751.7000122070312,-732.800048828125,-716.0
1890,-852.2999877929688,125.20698547363281,20.90203857421875,171.81021626790366,-852.2999877929688,-842.0,86.47537231445312,-1108.5,-985.0,-943.0,-903.25,-842.0,-794.75,-751.7000122070312,-734.9000244140625,-721.8800048828125
1920,-853.47998046875,125.146484375,21.016633987426758,171.71438598632812,-853.47998046875,-844.5,86.23531341552734,-1108.5,-985.0,-943.0,-903.25,-844.5,-794.75,-751.7000122070312,-734.9000244140625,-721.8800048828125
1950,-855.3800048828125,125.09185791015625,21.143451690673828,171.61969502766928,-855.3800048828125,-848.0,86.30281829833984,-1108.5,-985.0,-943.0,-904.0,-848.0,-794.75,-751.7000122070312,-734.9000244140625,-721.8800048828125
1980,-856.3999633789062,125.03398895263672,21.31061363220215,171.51411946614584,-856.4000244140625,-848.0,85.55489349365234,-1108.5,-985.0,-943.5,-904.0,-848.0,-797.25,-758.2999877929688,-735.9500122070312,-728.8599853515625
2010,-858.5199584960938,124.9680404663086,21.433935165405273,171.41056315104166,-858.52001953125,-849.5,84.38630676269531,-1108.5,-985.0,-943.5,-904.0,-849.5,-799.5,-761.7999877929688,-735.9500122070312,-728.8599853515625
2040,-860.2999877929688,124.90068054199219,21.56508445739746,171.3011016845703,-860.2999877929688,-849.5,82.69479370117188,-1108.5,-985.0,-943.5,-904.0,-849.5,-802.5,-777.7000122070312,-743.6000366210938,-732.7799682617188
2070,-863.239990234375,124.83082580566406,21.69972038269043,171.18850708007812,-863.239990234375,-850.5,82.44987487792969,-1108.5,-989.75,-948.2000122070312,-904.5,-850.5,-805.5,-779.7999877929688,-748.75,-734.7399291992188
2100,-864.6199951171875,124.76039123535156,21.82259178161621,171.07981872558594,-864.6199951171875,-850.5,82.4119873046875,-1108.5,-989.75,-948.2000122070312,-906.5,-850.5,-805.5,-780.0,-748.75,-734.7399291992188
2130,-866.8599853515625,124.68656921386719,21.92868423461914,170.96876525878906,-866.8599853515625,-851.5,81.29145050048828,-1108.5,-989.75,-948.2000122070312,-908.25,-851.5,-812.0,-782.9000244140625,-761.3500366210938,-734.7399291992188
2160,-868.1199951171875,124.62447357177734,22.065685272216797,170.8645985921224,-868.1199951171875,-851.5,80.13379669189453,-1108.5,-989.75,-948.2000122070312,-908.25,-851.5,-819.5,-785.7000122070312,-772.4500732421875,-735.719970703125
2190,-870.0599975585938,124.55223083496094,22.186687469482422,170.7515106201172,-870.0599975585938,-855.0,79.72525787353516,-1108.5,-989.75,-948.2000122070312,-910.5,-855.0,-825.25,-789.2999877929688,-772.8500366210938,-735.719970703125
2220,-873.0,124.47975158691406,22.32549285888672,170.6362762451172,-873.0,-861.5,80.71084594726562,-1108.5,-989.75,-958.2999877929688,-916.25,-861.5,-825.25,-790.0,-777.6000366210938,-735.719970703125
2250,-876.760009765625,124.39768981933594,22.459449768066406,170.51023864746094,-876.760009765625,-866.5,81.37826538085938,-1108.5,-995.4500122070312,-964.5999755859375,-921.5,-866.5,-828.0,-790.9000244140625,-777.6000366210938,-735.719970703125
2280,-878.1199951171875,124.3304443359375,22.60970115661621,170.3933563232422,-878.1199951171875,-871.0,81.46033477783203,-1108.5,-995.4500122070312,-964.5999755859375,-923.75,-871.0,-828.0,-790.9000244140625,-777.6000366210938,-735.719970703125
2310,-884.0399780273438,124.24468994140625,22.73477554321289,170.26476542154947,-884.0399780273438,-879.0,82.17980194091797,-1108.5,-1004.2000122070312,-971.0,-929.25,-879.0,-829.75,-792.7999877929688,-777.6000366210938,-749.719970703125
2340,-885.9599609375,124.16130065917969,22.86056137084961,170.13579305013022,-885.9600219726562,-879.0,80.77523803710938,-1108.5,-1004.2000122070312,-971.0,-929.25,-879.0,-833.0,-794.9000244140625,-777.6000366210938,-749.719970703125
2370,-887.0999755859375,124.07719421386719,23.013458251953125,169.9972381591797,-887.0999755859375,-879.0,81.84272003173828,-1108.5,-1009.4500122070312,-980.4000244140625,-929.25,-879.0,-833.0,-797.5999755859375,-777.6000366210938,-749.719970703125
2400,-892.0199584960938,123.9945297241211,23.154003143310547,169.86691284179688,-892.02001953125,-879.0,87.68739318847656,-1134.6800537109375,-1039.199951171875,-984.5,-930.5,-879.0,-838.25,-806.7000122070312,-790.0,-749.719970703125
2430,-895.0399780273438,123.90574645996094,23.291427612304688,169.72833760579428,-895.0399780273438,-881.5,92.10406494140625,-1176.8199462890625,-1082.3499755859375,-989.5999755859375,-932.5,-881.5,-838.25,-806.7000122070312,-790.0,-749.719970703125
2460,-897.719970703125,123.82440185546875,23.42966079711914,169.59830220540366,-897.719970703125,-886.5,91.54431915283203,-1176.8199462890625,-1082.3499755859375,-989.5999755859375,-935.0,-886.5,-840.0,-815.1000366210938,-792.8500366210938,-749.8800048828125
2490,-897.8399658203125,123.7365951538086,23.550451278686523,169.4654337565104,-897.8400268554688,-886.5,91.59439849853516,-1176.8199462890625,-1082.3499755859375,-989.5999755859375,-939.0,-886.5,-840.0,-815.1000366210938,-792.8500366210938,-749.8800048828125
2520,-900.4599609375,123.63863372802734,23.68596649169922,169.31761169433594,-900.4600219726562,-886.5,90.35478973388672,-1176.8199462890625,-1082.3499755859375,-995.5,-942.25,-886.5,-841.75,-819.7999877929688,-793.9500122070312,-773.39990234375
2550,-904.260009765625,123.5517578125,23.815410614013672,169.18023681640625,-904.260009765625,-886.5,90.45646667480469,-1176.8199462890625,-1108.0999755859375,-1000.4000244140625,-943.25,-886.5,-841.75,-821.7999877929688,-803.7000122070312,-792.6199340820312
2580,-905.219970703125,123.45556640625,23.95955467224121,169.03175354003906,-905.219970703125,-888.0,90.08258056640625,-1176.8199462890625,-1108.0999755859375,-1000.4000244140625,-943.25,-888.0,-842.5,-827.4000244140625,-803.7000122070312,-792.6199340820312
2610,-906.0199584960938,123.35970306396484,24.101882934570312,168.88359578450522,-906.02001953125,-888.0,90.00289154052734,-1176.8199462890625,-1108.0999755859375,-1000.4000244140625,-944.75,-888.0,-843.75,-828.0,-803.7000122070312,-792.6199340820312
2640,-907.8200073242188,123.26564025878906,24.238018035888672,168.73777770996094,-907.8200073242188,-888.0,88.99262237548828,-1176.8199462890625,-1108.0999755859375,-1000.4000244140625,-944.75,-888.0,-846.0,-828.0,-815.4000244140625,-792.6199340820312
2670,-912.0999755859375,123.169921875,24.363874435424805,168.59367879231772,-912.0999755859375,-894.5,91.47235107421875,-1176.8199462890625,-1108.0999755859375,-1010.8999633789062,-948.5,-894.5,-848.25,-828.0,-815.4000244140625,-792.6199340820312
2700,-915.2799682617188,123.0639877319336,24.492385864257812,168.43338521321616,-915.280029296875,-901.0,91.24561309814453,-1176.8199462890625,-1108.0999755859375,-1028.0,-952.0,-901.0,-849.0,-828.0,-816.0,-792.6199340820312
2730,-917.760009765625,122.95806121826172,24.62934684753418,168.27467346191406,-917.760009765625,-904.0,90.7082290649414,-1176.8199462890625,-1108.0999755859375,-1028.0,-958.75,-904.0,-850.5,-829.7999877929688,-816.0,-792.6199340820312
2760,-921.0,122.83805847167969,24.782018661499023,168.09486389160156,-921.0,-906.5,91.40219116210938,-1176.8199462890625,-1108.0999755859375,-1040.0,-961.0,-906.5,-854.0,-829.7999877929688,-816.0,-792.6199340820312
2790,-927.1199951171875,122.72433471679688,24.925457000732422,167.92310587565103,-927.1199951171875,-914.0,90.25112915039062,-1176.8199462890625,-1108.0999755859375,-1040.0,-965.75,-914.0,-859.75,-837.5999755859375,-827.4000244140625,-797.8999633789062
2820,-928.2799682617188,122.61277770996094,25.05373764038086,167.75396219889322,-928.280029296875,-914.0,89.3270492553711,-1176.8199462890625,-1108.0999755859375,-1040.0,-965.75,-914.0,-862.25,-839.7999877929688,-828.0,-815.639892578125
2850,-930.4400024414062,122.49635314941406,25.191442489624023,167.5774943033854,-930.4400024414062,-914.0,90.89249420166016,-1176.8199462890625,-1110.5,-1067.300048828125,-965.75,-914.0,-865.25,-840.0,-828.0,-815.639892578125
2880,-935.239990234375,122.36276245117188,25.322111129760742,167.38786824544272,-935.239990234375,-916.5,92.13046264648438,-1176.8199462890625,-1110.5,-1070.4000244140625,-973.5,-916.5,-873.25,-840.0,-828.0,-815.639892578125
2910,-936.1199951171875,122.24098205566406,25.466144561767578,167.20362854003906,-936.1199951171875,-916.5,92.1283187866211,-1176.8199462890625,-1110.5,-1070.4000244140625,-985.0,-916.5,-873.25,-840.9000244140625,-828.0,-815.639892578125
2940,-937.3200073242188,122.10446166992188,25.612577438354492,167.00836690266928,-937.3200073242188,-916.5,90.46268463134766,-1176.8199462890625,-1110.5,-1070.4000244140625,-985.0,-916.5,-873.25,-841.0,-828.0,-825.7999267578125
2970,-941.8599853515625,121.95059204101562,25.756132125854492,166.79273478190103,-941.8599853515625,-928.0,90.31201171875,-1176.8199462890625,-1110.5,-1070.4000244140625,-988.25,-928.0,-874.0,-841.0,-828.0,-825.7999267578125
3000,-947.3800048828125,121.8186264038086,25.91426658630371,166.59550984700522,-947.3800048828125,-934.0,89.56280517578125,-1176.8199462890625,-1110.5,-1070.4000244140625,-992.75,-934.0,-882.0,-843.7000122070312,-828.0,-825.7999267578125
3030,-949.0,121.66880798339844,26.05445671081543,166.38209025065103,-949.0,-934.0,89.16568756103516,-1176.8199462890625,-1110.5,-1070.4000244140625,-992.75,-934.0,-884.75,-844.9000244140625,-839.4000244140625,-825.7999267578125
3060,-953.0,121.52976989746094,26.210968017578125,166.1725107828776,-953.0,-946.0,88.60993194580078,-1176.8199462890625,-1120.300048828125,-1070.4000244140625,-996.25,-946.0,-887.25,-844.9000244140625,-840.0,-827.9599609375
3090,-953.6799926757812,121.40411376953125,26.358642578125,165.97832743326822,-953.6799926757812,-946.0,89.90960693359375,-1184.6600341796875,-1120.6500244140625,-1070.4000244140625,-996.25,-946.0,-887.25,-844.9000244140625,-840.0,-827.9599609375
3120,-956.5799560546875,121.24639892578125,26.500118255615234,165.74947102864584,-956.5800170898438,-949.0,90.83712768554688,-1184.6600341796875,-1120.6500244140625,-1082.0999755859375,-1004.5,-949.0,-887.25,-848.5999755859375,-840.9500122070312,-828.0
3150,-960.3800048828125,121.0685043334961,26.636777877807617,165.50370279947916,-960.3800048828125,-952.5,90.00141906738281,-1184.6600341796875,-1120.6500244140625,-1092.300048828125,-1004.5,-952.5,-890.25,-858.7000122070312,-840.9500122070312,-828.0
3180,-961.3599853515625,120.92218017578125,26.792160034179688,165.2863566080729,-961.3599853515625,-955.5,89.99483489990234,-1184.6600341796875,-1128.25,-1092.300048828125,-1004.5,-955.5,-892.5,-858.7000122070312,-840.9500122070312,-828.0
3210,-965.219970703125,120.76873779296875,26.937252044677734,165.0630340576172,-965.219970703125,-959.5,90.91529846191406,-1184.6600341796875,-1128.25,-1104.4000244140625,-1006.0,-959.5,-894.5,-862.5999755859375,-841.9500122070312,-839.7599487304688
3240,-970.5999755859375,120.60588073730469,27.083242416381836,164.82808939615884,-970.5999755859375,-961.5,95.14556884765625,-1210.1400146484375,-1135.1500244140625,-1109.300048828125,-1011.75,-961.5,-895.75,-862.5999755859375,-841.9500122070312,-839.7599487304688
3270,-973.7799682617188,120.4482650756836,27.24085235595703,164.5946248372396,-973.780029296875,-962.5,94.74234008789062,-1210.1400146484375,-1135.1500244140625,-1109.300048828125,-1028.75,-962.5,-902.5,-865.7000122070312,-844.8500366210938,-839.7599487304688
3300,-974.47998046875,120.30270385742188,27.398649215698242,164.36978149414062,-974.47998046875,-963.5,94.41827392578125,-1210.1400146484375,-1135.1500244140625,-1109.300048828125,-1028.75,-963.5,-903.5,-865.7000122070312,-844.8500366210938,-839.7599487304688
3330,-981.8200073242188,120.1327133178711,27.550167083740234,164.12164815266928,-981.8200073242188,-964.5,99.65042114257812,-1210.1400146484375,-1178.0999755859375,-1127.0999755859375,-1044.25,-964.5,-903.5,-867.7999877929688,-848.6500244140625,-839.7599487304688
3360,-986.0,119.96907806396484,27.700841903686523,163.8763427734375,-986.0,-967.5,100.3276596069336,-1217.300048828125,-1178.0999755859375,-1127.0999755859375,-1053.0,-967.5,-907.75,-869.7999877929688,-855.6500244140625,-839.7599487304688
3390,-987.8200073242188,119.7684326171875,27.829635620117188,163.60134887695312,-987.8200073242188,-967.5,100.71527862548828,-1217.300048828125,-1181.4000244140625,-1127.5999755859375,-1053.0,-967.5,-910.0,-870.9000244140625,-858.8500366210938,-840.7399291992188
3420,-994.8200073242188,119.58601379394531,27.980865478515625,163.33578491210938,-994.8200073242188,-972.0,104.29519653320312,-1217.300048828125,-1181.4000244140625,-1160.5,-1074.25,-972.0,-910.0,-870.9000244140625,-858.8500366210938,-840.7399291992188
3450,-1003.4599609375,119.36859130859375,28.120697021484375,163.03573608398438,-1003.4600219726562,-984.0,101.74373626708984,-1217.300048828125,-1181.4000244140625,-1160.5,-1081.25,-984.0,-917.75,-891.0,-868.0,-840.7399291992188
3480,-1006.219970703125,119.14287567138672,28.287412643432617,162.71910603841147,-1006.219970703125,-988.0,102.17862701416016,-1217.6400146484375,-1181.4000244140625,-1160.5,-1081.25,-988.0,-924.0,-892.7999877929688,-868.0,-840.7399291992188
3510,-1014.4400024414062,118.94566345214844,28.41549301147461,162.44542439778647,-1014.4400024414062,-989.5,104.84257507324219,-1234.300048828125,-1210.3499755859375,-1173.300048828125,-1081.25,-989.5,-945.5,-896.0,-869.9000244140625,-857.8199462890625
3540,-1026.179931640625,118.73937225341797,28.560211181640625,162.15243021647134,-1026.1800537109375,-1001.0,107.96835327148438,-1250.739990234375,-1217.3499755859375,-1176.199951171875,-1095.0,-1001.0,-950.25,-903.2999877929688,-873.800048828125,-867.6199340820312
3570,-1029.679931640625,118.5291976928711,28.70186996459961,161.8582560221354,-1029.6800537109375,-1003.0,109.47335815429688,-1259.56005859375,-1224.5,-1178.199951171875,-1104.0,-1003.0,-951.0,-908.5,-890.1500854492188,-867.6199340820312
3600,-1041.0999755859375,118.3139877319336,28.853137969970703,161.55338033040366,-1041.0999755859375,-1017.0,111.210205078125,-1318.3599853515625,-1234.75,-1187.2999267578125,-1109.0,-1017.0,-960.25,-909.9000244140625,-895.75,-873.9199829101562
3630,-1050.52001953125,118.09554290771484,28.9786434173584,161.2527058919271,-1050.52001953125,-1035.0,114.84898376464844,-1336.02001953125,-1249.449951171875,-1208.199951171875,-1124.0,-1035.0,-965.5,-910.0,-895.75,-873.9199829101562
3660,-1056.4599609375,117.87176513671875,29.132461547851562,160.93244425455728,-1056.4599609375,-1041.5,117.7413558959961,-1337.4599609375,-1261.0,-1208.199951171875,-1128.0,-1041.5,-967.0,-912.7000122070312,-895.75,-873.9199829101562
3690,-1063.5399169921875,117.65049743652344,29.25197410583496,160.62974548339844,-1063.5400390625,-1043.5,121.0025863647461,-1337.4599609375,-1300.9000244140625,-1219.0999755859375,-1137.5,-1043.5,-967.75,-915.7000122070312,-895.75,-873.9199829101562
3720,-1074.5799560546875,117.42167663574219,29.417455673217773,160.30098978678384,-1074.5799560546875,-1060.0,120.94834899902344,-1350.199951171875,-1318.949951171875,-1238.9000244140625,-1154.0,-1060.0,-988.0,-919.7999877929688,-896.9500122070312,-873.9199829101562
3750,-1081.4599609375,117.18852233886719,29.564315795898438,159.97723897298178,-1081.4599609375,-1067.0,120.07425689697266,-1350.199951171875,-1318.949951171875,-1247.199951171875,-1166.75,-1067.0,-995.5,-937.4000244140625,-898.8500366210938,-873.9199829101562
3780,-1084.239990234375,116.95760345458984,29.710491180419922,159.64459737141928,-1084.239990234375,-1070.5,122.58916473388672,-1360.3199462890625,-1318.949951171875,-1250.800048828125,-1166.75,-1070.5,-995.5,-937.4000244140625,-898.8500366210938,-873.9199829101562
3810,-1093.52001953125,116.7147216796875,29.89691162109375,159.28072102864584,-1093.52001953125,-1072.0,130.63418579101562,-1381.219970703125,-1344.800048828125,-1300.4000244140625,-1178.5,-1072.0,-1002.0,-947.0,-898.8500366210938,-873.9199829101562
3840,-1114.0399169921875,116.47273254394531,30.046417236328125,158.93595377604166,-1114.0400390625,-1091.0,130.86251831054688,-1397.1600341796875,-1360.800048828125,-1319.199951171875,-1185.25,-1091.0,-1018.75,-963.2000122070312,-925.6500244140625,-890.659912109375
3870,-1118.0,116.2264633178711,30.164459228515625,158.59845479329428,-1118.0,-1093.0,130.9363250732422,-1397.1600341796875,-1360.800048828125,-1319.199951171875,-1195.5,-1093.0,-1022.5,-965.7999877929688,-925.6500244140625,-903.39990234375
3900,-1123.9599609375,115.97976684570312,30.28948974609375,158.26156107584634,-1123.9599609375,-1093.0,134.37245178222656,-1444.199951171875,-1381.75,-1330.0999755859375,-1201.25,-1093.0,-1026.5,-978.6000366210938,-937.0501098632812,-903.39990234375
3930,-1134.919921875,115.74049377441406,30.416622161865234,157.92224629720053,-1134.9200439453125,-1112.0,136.8423614501953,-1444.219970703125,-1396.199951171875,-1331.5999755859375,-1225.5,-1112.0,-1031.75,-987.4000244140625,-947.5000610351562,-911.8399658203125
3960,-1144.280029296875,115.49032592773438,30.547191619873047,157.56893920898438,-1144.280029296875,-1116.0,139.377197265625,-1456.0999755859375,-1397.199951171875,-1344.0999755859375,-1245.25,-1116.0,-1049.75,-989.7999877929688,-955.6000366210938,-918.7399291992188
3990,-1159.43994140625,115.23522186279297,30.669200897216797,157.22054545084634,-1159.43994140625,-1130.5,145.2520751953125,-1456.0999755859375,-1421.199951171875,-1360.0999755859375,-1257.5,-1130.5,-1049.75,-989.7999877929688,-955.6000366210938,-918.7399291992188
4020,-1165.739990234375,114.96148681640625,30.789745330810547,156.84244283040366,-1165.739990234375,-1136.5,144.2111358642578,-1456.0999755859375,-1421.199951171875,-1360.0999755859375,-1272.25,-1136.5,-1056.25,-993.5999755859375,-965.5000610351562,-937.6199340820312
4050,-1176.679931640625,114.68223571777344,30.91952896118164,156.45837910970053,-1176.6800537109375,-1143.5,145.6982421875,-1456.1800537109375,-1443.050048828125,-1378.300048828125,-1276.5,-1143.5,-1068.0,-1011.4000244140625,-987.6000366210938,-947.7999267578125
4080,-1183.239990234375,114.40376281738281,31.029701232910156,156.08024088541666,-1183.239990234375,-1150.5,144.95193481445312,-1514.4000244140625,-1443.300048828125,-1379.800048828125,-1276.5,-1150.5,-1074.25,-1017.9000244140625,-993.7000122070312,-965.639892578125
4110,-1194.5799560546875,114.12326049804688,31.135372161865234,155.69625345865884,-1194.5799560546875,-1161.5,149.94886779785156,-1535.4400634765625,-1483.8499755859375,-1407.4000244140625,-1283.5,-1161.5,-1081.0,-1027.0,-993.7000122070312,-965.97998046875
4140,-1202.0599365234375,113.82960510253906,31.247053146362305,155.2959950764974,-1202.06005859375,-1177.0,147.47987365722656,-1535.4400634765625,-1483.8499755859375,-1421.699951171875,-1283.5,-1177.0,-1090.0,-1032.9000244140625,-994.0,-979.719970703125
4170,-1211.6400146484375,113.5443115234375,31.397804260253906,154.89287821451822,-1211.6400146484375,-1178.0,152.09164428710938,-1627.0999755859375,-1508.300048828125,-1437.5999755859375,-1283.5,-1178.0,-1109.5,-1056.800048828125,-1027.35009765625,-987.5599365234375
4200,-1220.4599609375,113.26066589355469,31.488662719726562,154.50914001464844,-1220.4599609375,-1193.0,157.25936889648438,-1666.300048828125,-1508.300048828125,-1443.5999755859375,-1283.5,-1193.0,-1115.5,-1062.5,-1031.1500244140625,-987.5599365234375
4230,-1225.8399658203125,112.98773193359375,31.627986907958984,154.12124633789062,-1225.8399658203125,-1199.0,153.28762817382812,-1666.300048828125,-1508.300048828125,-1443.5999755859375,-1294.0,-1199.0,-1120.0,-1071.699951171875,-1041.800048828125,-1014.5798950195312
4260,-1234.5999755859375,112.69066619873047,31.744665145874023,153.70361836751303,-1234.5999755859375,-1210.5,155.7908935546875,-1666.300048828125,-1515.0,-1443.5999755859375,-1331.75,-1210.5,-1120.0,-1075.800048828125,-1057.2000732421875,-1014.5798950195312
4290,-1244.3599853515625,112.38032531738281,31.86928939819336,153.26575215657553,-1244.3599853515625,-1210.5,165.05584716796875,-1731.0999755859375,-1559.699951171875,-1457.7999267578125,-1341.0,-1210.5,-1121.75,-1077.5999755859375,-1057.2000732421875,-1023.8199462890625
4320,-1255.1400146484375,112.07122802734375,31.992177963256836,152.82980346679688,-1255.1400146484375,-1214.0,165.32290649414062,-1731.0999755859375,-1580.5999755859375,-1457.7999267578125,-1361.0,-1214.0,-1132.75,-1078.9000244140625,-1065.60009765625,-1023.8199462890625
4350,-1260.4599609375,111.77972412109375,32.12213134765625,152.41336059570312,-1260.4599609375,-1216.5,163.721923828125,-1731.239990234375,-1580.5999755859375,-1457.7999267578125,-1361.0,-1216.5,-1144.5,-1080.800048828125,-1068.8499755859375,-1023.8199462890625
4380,-1270.3800048828125,111.49496459960938,32.229522705078125,152.00858052571616,-1270.3800048828125,-1239.0,164.66334533691406,-1731.239990234375,-1580.5999755859375,-1457.7999267578125,-1371.25,-1239.0,-1148.5,-1080.800048828125,-1068.8499755859375,-1023.8199462890625
4410,-1287.5399169921875,111.18833923339844,32.38212966918945,151.55564880371094,-1287.5400390625,-1256.0,168.44496154785156,-1731.239990234375,-1580.800048828125,-1503.5,-1383.75,-1256.0,-1156.5,-1081.9000244140625,-1068.8499755859375,-1023.8199462890625
4440,-1296.1199951171875,110.8640365600586,32.50080108642578,151.1038614908854,-1296.1199951171875,-1259.0,169.73114013671875,-1731.239990234375,-1596.550048828125,-1508.4000244140625,-1409.25,-1259.0,-1171.0,-1092.800048828125,-1073.75,-1023.9199829101562
4470,-1300.260009765625,110.54920959472656,32.65333938598633,150.64698791503906,-1300.260009765625,-1266.0,168.03634643554688,-1731.239990234375,-1596.550048828125,-1508.4000244140625,-1409.25,-1266.0,-1175.0,-1100.300048828125,-1075.9000244140625,-1041.639892578125
4500,-1314.3199462890625,110.24706268310547,32.76438903808594,150.21501668294272,-1314.3199462890625,-1304.5,169.4567108154297,-1731.239990234375,-1597.9000244140625,-1522.5,-1429.0,-1304.5,-1178.0,-1119.800048828125,-1078.8499755859375,-1068.4598388671875
4530,-1322.93994140625,109.93721771240234,32.881500244140625,149.77879333496094,-1322.93994140625,-1313.0,171.1826934814453,-1731.239990234375,-1634.699951171875,-1525.199951171875,-1442.25,-1313.0,-1190.0,-1130.800048828125,-1078.8499755859375,-1068.4598388671875
4560,-1336.8399658203125,109.58935546875,32.98162078857422,149.30245971679688,-1336.8399658203125,-1340.0,170.7526092529297,-1731.239990234375,-1648.5999755859375,-1556.800048828125,-1449.0,-1340.0,-1201.0,-1132.9000244140625,-1081.949951171875,-1075.9599609375
4590,-1348.9000244140625,109.24737548828125,33.09712219238281,148.82705688476562,-1348.9000244140625,-1344.5,172.00067138671875,-1792.0400390625,-1679.300048828125,-1564.300048828125,-1457.75,-1344.5,-1202.75,-1145.9000244140625,-1101.0001220703125,-1075.9599609375
4620,-1365.260009765625,108.9306869506836,33.223304748535156,148.3738555908203,-1365.260009765625,-1349.5,180.02980041503906,-1794.1400146484375,-1724.300048828125,-1602.89990234375,-1466.0,-1349.5,-1216.75,-1152.4000244140625,-1119.10009765625,-1075.9599609375
4650,-1373.43994140625,108.5934066772461,33.31987380981445,147.9042205810547,-1373.43994140625,-1363.5,176.5859832763672,-1794.1400146484375,-1724.300048828125,-1602.89990234375,-1474.75,-1363.5,-1228.75,-1165.9000244140625,-1131.4000244140625,-1096.639892578125
4680,-1385.52001953125,108.25177001953125,33.434085845947266,147.4217071533203,-1385.52001953125,-1376.0,176.4317626953125,-1794.1400146484375,-1724.300048828125,-1602.89990234375,-1486.0,-1376.0,-1254.0,-1173.0,-1133.300048828125,-1096.639892578125
4710,-1404.5399169921875,107.90203857421875,33.50473403930664,146.9450480143229,-1404.5400390625,-1391.0,177.3564453125,-1794.1400146484375,-1724.300048828125,-1644.2999267578125,-1505.25,-1391.0,-1269.25,-1177.800048828125,-1146.4500732421875,-1101.5399169921875
4740,-1422.679931640625,107.5545883178711,33.6279296875,146.44557189941406,-1422.6800537109375,-1418.5,185.75234985351562,-1886.199951171875,-1733.199951171875,-1683.199951171875,-1517.25,-1418.5,-1300.0,-1193.300048828125,-1155.60009765625,-1119.639892578125
4770,-1427.5399169921875,107.16078186035156,33.70713424682617,145.9136708577474,-1427.5400390625,-1418.5,186.32955932617188,-1886.199951171875,-1734.8499755859375,-1686.4000244140625,-1517.25,-1418.5,-1302.75,-1201.300048828125,-1171.7501220703125,-1119.639892578125
4800,-1442.4000244140625,106.80192565917969,33.81568908691406,145.39266459147134,-1442.4000244140625,-1422.0,195.64866638183594,-1904.4000244140625,-1851.800048828125,-1710.5,-1536.75,-1422.0,-1312.25,-1202.9000244140625,-1171.7501220703125,-1119.639892578125
4830,-1453.919921875,106.46708679199219,33.9221076965332,144.91307576497397,-1453.9200439453125,-1431.0,187.77090454101562,-1904.4000244140625,-1886.300048828125,-1710.5,-1547.75,-1431.0,-1332.75,-1206.699951171875,-1178.0,-1141.8599853515625
4860,-1466.5799560546875,106.0876693725586,33.992950439453125,144.3901824951172,-1466.5799560546875,-1442.0,200.04345703125,-1904.4000244140625,-1886.300048828125,-1710.5,-1563.75,-1442.0,-1338.5,-1218.300048828125,-1178.0,-1141.8599853515625
4890,-1479.8399658203125,105.68943786621094,34.09664535522461,143.83618672688803,-1479.8399658203125,-1468.5,201.6731414794922,-1924.4000244140625,-1886.300048828125,-1724.5999755859375,-1569.5,-1468.5,-1346.5,-1263.10009765625,-1178.0,-1147.8800048828125
4920,-1489.3399658203125,105.31243133544922,34.19194793701172,143.3045399983724,-1489.3399658203125,-1478.0,201.46475219726562,-1924.4000244140625,-1886.300048828125,-1730.699951171875,-1593.75,-1478.0,-1350.25,-1263.300048828125,-1200.800048828125,-1158.7799072265625
4950,-1496.9599609375,104.9521713256836,34.32843017578125,142.77038065592447,-1496.9599609375,-1484.0,204.87420654296875,-1924.4000244140625,-1886.300048828125,-1738.5,-1597.25,-1484.0,-1351.75,-1263.7000732421875,-1200.800048828125,-1158.7799072265625
4980,-1507.8599853515625,104.57942962646484,34.41175079345703,142.23695373535156,-1507.8599853515625,-1499.5,208.36685180664062,-1944.0,-1892.300048828125,-1784.9000244140625,-1597.25,-1499.5,-1355.25,-1263.7000732421875,-1203.9000244140625,-1177.619873046875
5010,-1520.2999267578125,104.1749267578125,34.47597885131836,141.6917266845703,-1520.300048828125,-1508.0,209.03472900390625,-1944.56005859375,-1893.5999755859375,-1806.5,-1653.0,-1508.0,-1366.75,-1287.800048828125,-1213.5,-1177.619873046875
5040,-1534.0599365234375,103.77851867675781,34.56269073486328,141.13004048665366,-1534.06005859375,-1509.5,214.19569396972656,-1982.5799560546875,-1925.0,-1855.4000244140625,-1668.0,-1509.5,-1367.75,-1303.5,-1215.9000244140625,-1201.5198974609375
5070,-1544.179931640625,103.38407897949219,34.65507125854492,140.56590270996094,-1544.1800537109375,-1515.0,212.90939331054688,-1982.5799560546875,-1925.0,-1855.4000244140625,-1683.0,-1515.0,-1371.75,-1304.9000244140625,-1252.400146484375,-1201.5198974609375
5100,-1566.2799072265625,102.97811126708984,34.76214599609375,139.97806803385416,-1566.280029296875,-1536.0,216.88290405273438,-2087.360107421875,-1932.5999755859375,-1860.800048828125,-1710.0,-1536.0,-1407.5,-1316.7000732421875,-1289.10009765625,-1253.5799560546875
5130,-1578.5799560546875,102.58193969726562,34.85882568359375,139.39868672688803,-1578.5799560546875,-1543.0,223.5173797607422,-2087.360107421875,-2000.550048828125,-1877.199951171875,-1723.25,-1543.0,-1407.5,-1322.800048828125,-1294.800048828125,-1253.5799560546875
5160,-1585.9599609375,102.16191101074219,34.93313217163086,138.819580078125,-1585.9599609375,-1547.5,222.5556182861328,-2087.360107421875,-2000.550048828125,-1877.199951171875,-1723.25,-1547.5,-1409.75,-1332.7000732421875,-1294.800048828125,-1259.8800048828125
5190,-1599.0,101.7656478881836,35.017059326171875,138.2630411783854,-1599.0,-1562.5,224.14781188964844,-2087.360107421875,-2012.25,-1877.199951171875,-1734.0,-1562.5,-1420.75,-1335.800048828125,-1303.60009765625,-1259.8800048828125
5220,-1608.699951171875,101.36685180664062,35.10337829589844,137.69137573242188,-1608.699951171875,-1563.5,224.86465454101562,-2119.1201171875,-2036.699951171875,-1879.699951171875,-1739.75,-1563.5,-1433.25,-1337.800048828125,-1310.6500244140625,-1291.35986328125
5250,-1618.1199951171875,100.97862243652344,35.20711898803711,137.12243143717447,-1618.1199951171875,-1576.5,224.27792358398438,-2119.1201171875,-2036.699951171875,-1879.699951171875,-1762.25,-1576.5,-1440.75,-1337.800048828125,-1310.6500244140625,-1291.35986328125
5280,-1631.43994140625,100.60504150390625,35.286964416503906,136.58594258626303,-1631.43994140625,-1617.5,218.2537078857422,-2119.1201171875,-2036.699951171875,-1886.5,-1766.5,-1617.5,-1469.25,-1358.0,-1320.8499755859375,-1295.919921875
5310,-1648.5999755859375,100.20033264160156,35.378700256347656,136.0028076171875,-1648.5999755859375,-1644.5,226.39645385742188,-2175.800048828125,-2037.5999755859375,-1906.699951171875,-1779.25,-1644.5,-1476.25,-1366.300048828125,-1320.8499755859375,-1295.919921875
5340,-1654.159912109375,99.79190063476562,35.479835510253906,135.4082997639974,-1654.1600341796875,-1644.5,227.36712646484375,-2220.8798828125,-2037.5999755859375,-1906.699951171875,-1784.0,-1644.5,-1480.25,-1367.9000244140625,-1320.8499755859375,-1295.919921875
5370,-1672.919921875,99.42462158203125,35.60704803466797,134.8404337565104,-1672.9200439453125,-1668.0,230.0684051513672,-2220.8798828125,-2078.949951171875,-1967.0,-1785.0,-1668.0,-1502.0,-1371.800048828125,-1327.6500244140625,-1310.619873046875
5400,-1688.2799072265625,98.98900604248047,35.69373321533203,134.19918314615884,-1688.280029296875,-1674.0,236.39247131347656,-2220.8798828125,-2132.14990234375,-2037.699951171875,-1808.5,-1674.0,-1515.75,-1382.800048828125,-1327.6500244140625,-1310.619873046875
5430,-1699.699951171875,98.54655456542969,35.773555755615234,133.5670623779297,-1699.699951171875,-1683.5,243.8343505859375,-2220.8798828125,-2132.14990234375,-2068.39990234375,-1858.25,-1683.5,-1515.75,-1382.800048828125,-1331.4500732421875,-1310.619873046875
5460,-1712.1400146484375,98.11558532714844,35.85010528564453,132.9442342122396,-1712.1400146484375,-1688.0,240.9644317626953,-2243.419921875,-2132.14990234375,-2068.39990234375,-1864.0,-1688.0,-1540.25,-1402.9000244140625,-1371.75,-1320.93994140625
5490,-1727.0399169921875,97.63658142089844,35.89546585083008,132.27644856770834,-1727.0400390625,-1716.0,243.8939666748047,-2243.419921875,-2132.14990234375,-2084.10009765625,-1880.5,-1716.0,-1554.5,-1412.0,-1371.75,-1331.7799072265625
5520,-1741.1400146484375,97.21818542480469,35.95269775390625,131.66554260253906,-1741.1400146484375,-1723.5,248.51861572265625,-2243.419921875,-2154.89990234375,-2103.300048828125,-1914.25,-1723.5,-1562.75,-1423.800048828125,-1381.5,-1333.9599609375
5550,-1754.52001953125,96.78947448730469,36.01737976074219,131.04348754882812,-1754.52001953125,-1740.5,250.0895233154297,-2265.280029296875,-2154.89990234375,-2103.300048828125,-1942.0,-1740.5,-1563.0,-1423.800048828125,-1393.4000244140625,-1367.97998046875
5580,-1769.2999267578125,96.35507202148438,36.121376037597656,130.4058380126953,-1769.300048828125,-1744.5,251.4015655517578,-2265.840087890625,-2172.699951171875,-2112.699951171875,-1956.75,-1744.5,-1580.75,-1440.2000732421875,-1401.60009765625,-1371.919921875
5610,-1780.97998046875,95.94010925292969,36.19634246826172,129.7926788330078,-1780.97998046875,-1751.0,254.03330993652344,-2287.39990234375,-2243.35009765625,-2123.800048828125,-1956.75,-1751.0,-1581.75,-1477.5999755859375,-1402.949951171875,-1371.919921875
5640,-1793.6199951171875,95.49229431152344,36.24738311767578,129.1507110595703,-1793.6199951171875,-1756.0,249.99171447753906,-2287.39990234375,-2243.35009765625,-2130.60009765625,-1966.75,-1756.0,-1633.0,-1479.800048828125,-1421.050048828125,-1375.8399658203125
5670,-1808.239990234375,95.05773162841797,36.33064270019531,128.50267537434897,-1808.239990234375,-1764.0,253.12545776367188,-2289.320068359375,-2250.5,-2146.60009765625,-1988.25,-1764.0,-1648.0,-1480.699951171875,-1421.10009765625,-1401.919921875
5700,-1824.6199951171875,94.60205078125,36.401878356933594,127.83697255452473,-1824.6199951171875,-1791.5,255.6641082763672,-2303.0400390625,-2260.199951171875,-2175.89990234375,-2012.25,-1791.5,-1661.25,-1501.7000732421875,-1423.9000244140625,-1402.97998046875
5730,-1841.419921875,94.16393280029297,36.4469108581543,127.19673665364583,-1841.4200439453125,-1829.0,261.523681640625,-2322.639892578125,-2292.300048828125,-2224.10009765625,-2019.25,-1829.0,-1661.25,-1511.199951171875,-1424.0,-1403.97998046875
5760,-1857.6199951171875,93.75297546386719,36.524803161621094,126.57528432210286,-1857.6199951171875,-1835.0,259.2527160644531,-2322.639892578125,-2294.199951171875,-2243.10009765625,-2022.0,-1835.0,-1671.75,-1519.5999755859375,-1471.500244140625,-1421.639892578125
5790,-1867.5599365234375,93.29386901855469,36.59123229980469,125.88996124267578,-1867.56005859375,-1841.5,262.89581298828125,-2412.800048828125,-2294.300048828125,-2243.10009765625,-2047.5,-1841.5,-1680.25,-1532.2000732421875,-1480.05029296875,-1421.639892578125
5820,-1876.89990234375,92.818603515625,36.64525604248047,125.1775639851888,-1876.9000244140625,-1852.0,265.1559143066406,-2412.800048828125,-2300.550048828125,-2244.60009765625,-2061.5,-1852.0,-1680.25,-1553.800048828125,-1480.8502197265625,-1423.9599609375
5850,-1894.0,92.34639739990234,36.70512771606445,124.47597249348958,-1894.0,-1878.0,267.718505859375,-2414.760009765625,-2314.449951171875,-2252.10009765625,-2088.0,-1878.0,-1692.0,-1553.800048828125,-1480.8502197265625,-1423.9599609375
5880,-1906.919921875,91.92758178710938,36.77924728393555,123.83365631103516,-1906.9200439453125,-1910.0,271.22064208984375,-2464.679931640625,-2412.10009765625,-2252.10009765625,-2088.0,-1910.0,-1701.5,-1553.800048828125,-1480.9501953125,-1423.9599609375
5910,-1921.760009765625,91.465576171875,36.839263916015625,123.12660217285156,-1921.760009765625,-1910.0,258.2861633300781,-2494.080078125,-2412.10009765625,-2252.10009765625,-2106.5,-1910.0,-1704.75,-1596.7000732421875,-1533.10009765625,-1482.7799072265625
5940,-1931.5599365234375,91.02479553222656,36.89841842651367,122.46756490071614,-1931.56005859375,-1922.0,260.1009216308594,-2494.080078125,-2412.10009765625,-2272.800048828125,-2108.5,-1922.0,-1704.75,-1619.60009765625,-1533.10009765625,-1482.7799072265625
5970,-1947.9599609375,90.5473861694336,36.93455505371094,121.76985168457031,-1947.9599609375,-1929.5,263.3222351074219,-2499.02001953125,-2441.10009765625,-2301.5,-2117.25,-1929.5,-1731.75,-1641.800048828125,-1533.10009765625,-1491.8199462890625
6000,-1952.8800048828125,90.124267578125,37.01397705078125,121.10902404785156,-1952.8800048828125,-1929.5,264.28436279296875,-2549.3798828125,-2441.10009765625,-2301.5,-2123.5,-1929.5,-1737.25,-1643.4000244140625,-1533.10009765625,-1491.8199462890625
6030,-1964.7999267578125,89.68504333496094,37.051300048828125,120.44441477457683,-1964.800048828125,-1932.5,266.2181091308594,-2549.5,-2463.60009765625,-2315.800048828125,-2143.0,-1932.5,-1738.75,-1652.0999755859375,-1564.400146484375,-1515.33984375
6060,-1988.0399169921875,89.19451141357422,37.11232376098633,119.69901529947917,-1988.0400390625,-2001.5,269.8793640136719,-2549.5,-2494.0,-2333.300048828125,-2163.25,-2001.5,-1740.5,-1659.300048828125,-1565.6500244140625,-1516.0
6090,-2004.3800048828125,88.73188781738281,37.119205474853516,119.02310434977214,-2004.3800048828125,-2015.0,272.9364318847656,-2574.800048828125,-2496.199951171875,-2339.0,-2199.75,-2015.0,-1798.5,-1662.699951171875,-1565.6500244140625,-1516.0
6120,-2019.3599853515625,88.25093841552734,37.124691009521484,118.3138910929362,-2019.3599853515625,-2015.0,267.6502685546875,-2574.800048828125,-2496.199951171875,-2342.300048828125,-2205.5,-2015.0,-1825.5,-1666.5999755859375,-1636.1002197265625,-1516.0
6150,-2033.93994140625,87.7892074584961,37.208465576171875,117.5955073038737,-2033.93994140625,-2043.0,270.3365783691406,-2614.47998046875,-2496.199951171875,-2383.699951171875,-2218.5,-2043.0,-1835.0,-1671.0999755859375,-1636.1002197265625,-1516.0
6180,-2043.7999267578125,87.32456970214844,37.23396682739258,116.89600880940755,-2043.800048828125,-2055.5,267.1708984375,-2614.47998046875,-2496.199951171875,-2387.300048828125,-2218.5,-2055.5,-1835.0,-1699.4000244140625,-1650.3502197265625,-1553.719970703125
6210,-2055.320068359375,86.8862533569336,37.309967041015625,116.1932881673177,-2055.320068359375,-2065.0,269.2644348144531,-2614.47998046875,-2496.199951171875,-2399.10009765625,-2221.5,-2065.0,-1855.5,-1732.60009765625,-1658.9002685546875,-1553.9599609375
6240,-2072.739990234375,86.42446899414062,37.34748840332031,115.49251810709636,-2072.739990234375,-2085.0,269.3372802734375,-2614.47998046875,-2496.199951171875,-2427.89990234375,-2252.25,-2085.0,-1858.25,-1747.199951171875,-1677.2000732421875,-1553.9599609375
6270,-2082.219970703125,85.95333099365234,37.365562438964844,114.78223419189453,-2082.219970703125,-2085.0,267.03900146484375,-2614.47998046875,-2501.89990234375,-2436.300048828125,-2252.25,-2085.0,-1872.0,-1747.199951171875,-1677.2000732421875,-1553.9599609375
6300,-2093.239990234375,85.51793670654297,37.42373275756836,114.09698486328125,-2093.239990234375,-2105.0,267.88702392578125,-2616.080078125,-2538.949951171875,-2439.89990234375,-2254.5,-2105.0,-1879.25,-1755.199951171875,-1684.800048828125,-1553.9599609375
6330,-2113.919921875,85.02796936035156,37.448150634765625,113.34753672281902,-2113.919921875,-2108.5,266.0784606933594,-2616.080078125,-2538.949951171875,-2439.89990234375,-2301.25,-2108.5,-1905.25,-1755.199951171875,-1685.8499755859375,-1629.5599365234375
6360,-2125.219970703125,84.5747299194336,37.47198486328125,112.64936065673828,-2125.219970703125,-2132.0,267.51873779296875,-2718.199951171875,-2557.050048828125,-2439.89990234375,-2301.25,-2132.0,-1921.5,-1765.800048828125,-1734.1500244140625,-1629.5599365234375
6390,-2144.5,84.06791687011719,37.49189758300781,111.88792673746745,-2144.5,-2149.5,269.4888916015625,-2718.199951171875,-2596.300048828125,-2504.699951171875,-2346.0,-2149.5,-1930.75,-1797.0,-1739.75,-1684.439697265625
6420,-2153.419921875,83.6386489868164,37.51708221435547,111.21162414550781,-2153.419921875,-2156.0,269.78857421875,-2718.199951171875,-2596.300048828125,-2544.5,-2347.0,-2156.0,-1930.75,-1804.5,-1765.9000244140625,-1715.799560546875
6450,-2162.699951171875,83.1968002319336,37.55327224731445,110.51052856445312,-2162.699951171875,-2159.0,271.4198913574219,-2718.199951171875,-2651.199951171875,-2559.0,-2347.0,-2159.0,-1947.5,-1804.5,-1765.9000244140625,-1715.799560546875
6480,-2177.300048828125,82.74041748046875,37.57636642456055,109.80907948811848,-2177.300048828125,-2163.0,273.1070861816406,-2718.919921875,-2655.14990234375,-2559.0,-2363.25,-2163.0,-1994.0,-1817.5999755859375,-1769.800048828125,-1715.799560546875
6510,-2193.8798828125,82.21651458740234,37.60417938232422,109.00946807861328,-2193.8798828125,-2168.0,269.5729064941406,-2742.9599609375,-2658.35009765625,-2568.5,-2375.5,-2168.0,-2023.0,-1835.5999755859375,-1798.900146484375,-1765.9599609375
6540,-2205.419921875,81.77743530273438,37.63186264038086,108.31747690836589,-2205.419921875,-2173.5,267.5589599609375,-2744.919921875,-2658.35009765625,-2574.0,-2383.75,-2173.5,-2039.25,-1835.5999755859375,-1799.800048828125,-1769.8800048828125
6570,-2218.260009765625,81.27568054199219,37.631587982177734,107.54590861002605,-2218.260009765625,-2176.5,270.54302978515625,-2770.39990234375,-2662.199951171875,-2583.10009765625,-2414.0,-2176.5,-2044.5,-1836.0,-1799.800048828125,-1769.8800048828125
6600,-2231.099853515625,80.7678451538086,37.66542053222656,106.7501449584961,-2231.10009765625,-2186.5,275.3213806152344,-2791.380126953125,-2729.64990234375,-2585.800048828125,-2421.5,-2186.5,-2050.5,-1866.5,-1804.75,-1769.8800048828125
6630,-2237.9599609375,80.30257415771484,37.664939880371094,106.01629384358723,-2237.9599609375,-2186.5,275.5132141113281,-2852.139892578125,-2729.64990234375,-2586.39990234375,-2437.25,-2186.5,-2057.25,-1866.5,-1804.75,-1769.8800048828125
6660,-2251.820068359375,79.80368041992188,37.66459655761719,105.24679056803386,-2251.820068359375,-2205.5,278.7917785644531,-2852.139892578125,-2744.199951171875,-2628.39990234375,-2453.75,-2205.5,-2076.0,-1903.10009765625,-1804.75,-1770.0
6690,-2263.83984375,79.37885284423828,37.719818115234375,104.51905568440755,-2263.840087890625,-2221.0,279.6165466308594,-2852.139892578125,-2773.64990234375,-2633.10009765625,-2461.75,-2221.0,-2092.25,-1903.10009765625,-1804.75,-1777.8399658203125
6720,-2273.5400390625,78.93817901611328,37.7794303894043,103.78549194335938,-2273.5400390625,-2245.5,277.9560852050781,-2854.10009765625,-2773.64990234375,-2633.10009765625,-2501.75,-2245.5,-2105.75,-1911.0999755859375,-1804.75,-1777.8399658203125
6750,-2281.760009765625,78.41629028320312,37.789730072021484,102.97125244140625,-2281.760009765625,-2251.5,283.8468322753906,-2859.179931640625,-2773.64990234375,-2668.89990234375,-2506.5,-2251.5,-2105.75,-1911.9000244140625,-1804.75,-1777.8399658203125
6780,-2295.4599609375,77.91934204101562,37.803733825683594,102.16625467936198,-2295.4599609375,-2252.5,278.7102355957031,-2859.179931640625,-2788.39990234375,-2687.300048828125,-2506.5,-2252.5,-2119.5,-1931.5999755859375,-1838.6500244140625,-1799.679931640625
6810,-2315.39990234375,77.45602416992188,37.80674362182617,101.41470082600911,-2315.39990234375,-2314.5,277.636474609375,-2871.5400390625,-2789.699951171875,-2745.10009765625,-2509.0,-2314.5,-2146.5,-1938.300048828125,-1908.8502197265625,-1819.599853515625
6840,-2330.599853515625,76.96929931640625,37.8184814453125,100.63341267903645,-2330.60009765625,-2325.5,273.0196533203125,-2871.5400390625,-2789.699951171875,-2745.10009765625,-2518.25,-2325.5,-2146.5,-1974.300048828125,-1910.4500732421875,-1841.1597900390625
6870,-2339.599853515625,76.46400451660156,37.815528869628906,99.83376820882161,-2339.60009765625,-2327.5,276.5181884765625,-2887.219970703125,-2790.39990234375,-2745.10009765625,-2538.75,-2327.5,-2147.25,-1974.300048828125,-1910.4500732421875,-1843.1998291015625
6900,-2349.719970703125,75.95331573486328,37.83889389038086,99.01080322265625,-2349.719970703125,-2333.5,276.0438537597656,-2898.06005859375,-2796.10009765625,-2745.10009765625,-2549.0,-2333.5,-2166.5,-1974.9000244140625,-1911.949951171875,-1843.1998291015625
6930,-2360.639892578125,75.41181182861328,37.80426788330078,98.16512298583984,-2360.639892578125,-2339.0,279.02435302734375,-2898.580078125,-2822.699951171875,-2762.199951171875,-2568.25,-2339.0,-2171.25,-1976.5,-1923.4000244140625,-1843.43994140625
6960,-2369.52001953125,74.93016815185547,37.79579162597656,97.39154815673828,-2369.52001953125,-2339.0,276.7171325683594,-2927.1201171875,-2822.699951171875,-2765.800048828125,-2576.5,-2339.0,-2171.25,-1992.5999755859375,-1935.4000244140625,-1895.719970703125
6990,-2385.719970703125,74.47012329101562,37.809547424316406,96.62588755289714,-2385.719970703125,-2354.5,275.1647644042969,-2928.219970703125,-2833.14990234375,-2783.199951171875,-2592.75,-2354.5,-2185.25,-2006.5999755859375,-1937.9000244140625,-1895.719970703125
7020,-2395.0,74.00558471679688,37.816951751708984,95.87460072835286,-2395.0,-2381.0,276.9887390136719,-2939.02001953125,-2833.14990234375,-2794.5,-2613.75,-2381.0,-2185.25,-2012.5,-1938.0,-1895.719970703125
7050,-2405.0,73.52604675292969,37.79620361328125,95.10618082682292,-2405.0,-2398.5,277.5824279785156,-2939.3798828125,-2837.64990234375,-2799.60009765625,-2614.5,-2398.5,-2185.25,-2048.10009765625,-1976.000244140625,-1895.719970703125
7080,-2416.659912109375,73.03515625,37.816078186035156,94.27916971842448,-2416.659912109375,-2414.5,280.0295104980469,-2939.3798828125,-2894.64990234375,-2805.89990234375,-2632.25,-2414.5,-2189.0,-2051.0,-1979.9000244140625,-1935.1998291015625
7110,-2429.47998046875,72.5537338256836,37.820892333984375,93.45866394042969,-2429.47998046875,-2432.0,278.5570068359375,-2951.139892578125,-2894.64990234375,-2805.89990234375,-2664.75,-2432.0,-2192.25,-2051.0,-1979.9000244140625,-1935.1998291015625
7140,-2441.139892578125,72.08767700195312,37.802398681640625,92.69670104980469,-2441.139892578125,-2437.5,279.5549011230469,-2951.139892578125,-2894.64990234375,-2817.5,-2680.75,-2437.5,-2236.25,-2051.0,-1979.9000244140625,-1937.9599609375
7170,-2456.599853515625,71.65104675292969,37.841575622558594,91.93372599283855,-2456.60009765625,-2456.0,280.4494934082031,-2978.43994140625,-2894.64990234375,-2817.5,-2698.25,-2456.0,-2242.75,-2071.800048828125,-2017.35009765625,-1977.1998291015625
7200,-2473.89990234375,71.20787048339844,37.8509635925293,91.14672088623047,-2473.89990234375,-2464.0,279.2610168457031,-3000.580078125,-2978.449951171875,-2824.60009765625,-2698.25,-2464.0,-2284.0,-2120.60009765625,-2017.35009765625,-1977.1998291015625
7230,-2485.31982421875,70.74362182617188,37.8502311706543,90.34874216715495,-2485.320068359375,-2476.0,280.7784729003906,-3000.580078125,-2978.449951171875,-2861.199951171875,-2741.0,-2476.0,-2284.0,-2120.60009765625,-2044.650146484375,-1977.1998291015625
7260,-2494.5400390625,70.25782775878906,37.81446075439453,89.55921427408855,-2494.5400390625,-2484.0,277.4510803222656,-3002.5400390625,-2978.449951171875,-2861.199951171875,-2741.0,-2484.0,-2294.0,-2120.60009765625,-2044.650146484375,-1977.679931640625
7290,-2507.9599609375,69.76383972167969,37.77932357788086,88.74757385253906,-2507.9599609375,-2508.0,275.433837890625,-3002.6201171875,-2978.449951171875,-2874.800048828125,-2744.0,-2508.0,-2315.5,-2120.60009765625,-2055.5,-1979.9599609375
7320,-2517.219970703125,69.304443359375,37.79608917236328,87.92089080810547,-2517.219970703125,-2515.5,275.5444030761719,-3017.320068359375,-2980.449951171875,-2874.800048828125,-2744.0,-2515.5,-2315.5,-2167.0,-2057.89990234375,-2005.4798583984375
7350,-2527.599853515625,68.80933380126953,37.738121032714844,87.1338628133138,-2527.60009765625,-2531.5,276.5858154296875,-3017.320068359375,-2980.449951171875,-2875.699951171875,-2768.0,-2531.5,-2325.0,-2172.800048828125,-2063.699951171875,-2005.4798583984375
7380,-2537.639892578125,68.3230972290039,37.713966369628906,86.31205495198567,-2537.639892578125,-2531.5,279.7152099609375,-3055.39990234375,-2990.39990234375,-2894.10009765625,-2768.0,-2531.5,-2329.5,-2180.300048828125,-2063.699951171875,-2005.4798583984375
7410,-2545.43994140625,67.86577606201172,37.69715118408203,85.51661936442058,-2545.43994140625,-2531.5,285.2093811035156,-3075.52001953125,-3055.35009765625,-2931.199951171875,-2770.25,-2531.5,-2329.5,-2180.300048828125,-2083.25,-2005.4798583984375
7440,-2559.93994140625,67.3441162109375,37.66862487792969,84.6655756632487,-2559.93994140625,-2557.5,277.46502685546875,-3075.52001953125,-3055.35009765625,-2931.199951171875,-2770.25,-2557.5,-2352.0,-2185.89990234375,-2146.7001953125,-2056.959716796875
7470,-2571.419921875,66.92674255371094,37.69776153564453,83.8853988647461,-2571.419921875,-2564.0,271.7038269042969,-3075.760009765625,-3055.35009765625,-2931.199951171875,-2770.25,-2564.0,-2388.5,-2197.199951171875,-2173.2001953125,-2056.959716796875
7500,-2584.06005859375,66.47547912597656,37.70401382446289,83.07591247558594,-2584.06005859375,-2581.0,276.0224609375,-3108.10009765625,-3055.35009765625,-2960.39990234375,-2787.75,-2581.0,-2388.5,-2211.5,-2183.89990234375,-2056.959716796875
7530,-2593.33984375,66.01091003417969,37.72661590576172,82.20121765136719,-2593.340087890625,-2590.5,278.1901550292969,-3108.6201171875,-3055.35009765625,-2960.39990234375,-2791.75,-2590.5,-2404.5,-2211.5,-2184.0,-2056.959716796875
7560,-2604.239990234375,65.53164672851562,37.71308898925781,81.34268188476562,-2604.239990234375,-2594.5,276.7630310058594,-3108.6201171875,-3055.35009765625,-2962.199951171875,-2822.25,-2594.5,-2404.5,-2215.699951171875,-2185.89990234375,-2065.83984375
7590,-2616.419921875,65.03727722167969,37.66041946411133,80.51187642415364,-2616.419921875,-2604.0,274.7824401855469,-3108.6201171875,-3062.050048828125,-2967.89990234375,-2829.5,-2604.0,-2404.5,-2240.0,-2189.699951171875,-2146.19970703125
7620,-2632.599853515625,64.57557678222656,37.66200256347656,79.64569091796875,-2632.60009765625,-2620.0,273.9800720214844,-3121.179931640625,-3075.800048828125,-3003.300048828125,-2859.5,-2620.0,-2420.0,-2240.0,-2190.0,-2177.919921875
7650,-2642.179931640625,64.16248321533203,37.72201156616211,78.82261149088542,-2642.179931640625,-2639.5,274.3147277832031,-3177.0400390625,-3075.949951171875,-3008.300048828125,-2869.25,-2639.5,-2424.5,-2240.0,-2190.0,-2177.9599609375
7680,-2651.39990234375,63.717041015625,37.70842742919922,78.04564921061198,-2651.39990234375,-2648.0,273.1292724609375,-3177.1201171875,-3075.949951171875,-3014.800048828125,-2879.25,-2648.0,-2461.25,-2253.699951171875,-2191.89990234375,-2177.9599609375
7710,-2665.0,63.280052185058594,37.68531799316406,77.26552836100261,-2665.0,-2657.5,274.0735778808594,-3180.06005859375,-3075.949951171875,-3014.800048828125,-2889.25,-2657.5,-2467.25,-2257.699951171875,-2215.85009765625,-2185.800048828125
7740,-2674.02001953125,62.812705993652344,37.628440856933594,76.4525858561198,-2674.02001953125,-2669.5,277.1879577636719,-3180.06005859375,-3113.14990234375,-3022.39990234375,-2892.75,-2669.5,-2476.0,-2257.699951171875,-2215.85009765625,-2185.800048828125
7770,-2681.139892578125,62.33690643310547,37.6136589050293,75.59608459472656,-2681.139892578125,-2677.0,278.83624267578125,-3180.139892578125,-3117.699951171875,-3049.39990234375,-2909.75,-2677.0,-2484.0,-2257.699951171875,-2215.85009765625,-2185.800048828125
7800,-2692.919921875,61.94564437866211,37.59627914428711,74.84214528401692,-2692.919921875,-2701.0,278.930419921875,-3180.139892578125,-3117.699951171875,-3063.300048828125,-2909.75,-2701.0,-2489.0,-2306.400146484375,-2217.89990234375,-2185.800048828125
7830,-2705.579833984375,61.48774337768555,37.5662727355957,73.98400370279948,-2705.580078125,-2718.0,276.71209716796875,-3180.97998046875,-3127.199951171875,-3063.300048828125,-2940.5,-2718.0,-2489.0,-2325.300048828125,-2240.800048828125,-2212.259765625
7860,-2712.179931640625,61.04534912109375,37.56268310546875,73.14306131998698,-2712.179931640625,-2721.5,277.3230285644531,-3180.97998046875,-3150.699951171875,-3075.699951171875,-2940.5,-2721.5,-2493.0,-2329.800048828125,-2255.0,-2217.9599609375
7890,-2721.85986328125,60.65586853027344,37.55535125732422,72.37250264485677,-2721.860107421875,-2724.5,275.6450500488281,-3229.0,-3150.699951171875,-3083.39990234375,-2940.5,-2724.5,-2493.0,-2342.800048828125,-2257.89990234375,-2226.820068359375
7920,-2733.35986328125,60.20148468017578,37.55591583251953,71.50703684488933,-2733.360107421875,-2727.0,273.4552917480469,-3229.0,-3150.699951171875,-3084.60009765625,-2961.5,-2727.0,-2529.5,-2352.10009765625,-2278.900146484375,-2235.639892578125
7950,-2739.8798828125,59.7391357421875,37.50603485107422,70.65399424235027,-2739.8798828125,-2728.5,271.525146484375,-3229.0,-3150.699951171875,-3097.199951171875,-2961.5,-2728.5,-2540.75,-2352.10009765625,-2279.300048828125,-2242.85986328125
7980,-2748.35986328125,59.28086471557617,37.50680160522461,69.76602935791016,-2748.360107421875,-2748.0,269.83624267578125,-3229.0,-3152.60009765625,-3109.800048828125,-2961.5,-2748.0,-2548.75,-2385.400146484375,-2279.300048828125,-2242.85986328125
8010,-2765.5,58.82240295410156,37.420570373535156,68.93175506591797,-2765.5,-2769.0,262.00958251953125,-3229.0,-3165.199951171875,-3111.800048828125,-2966.0,-2769.0,-2567.0,-2413.400146484375,-2351.150146484375,-2257.559814453125
8040,-2775.52001953125,58.38517761230469,37.371437072753906,68.13052113850911,-2775.52001953125,-2769.0,257.1924743652344,-3229.080078125,-3188.39990234375,-3133.39990234375,-2968.25,-2769.0,-2575.5,-2437.800048828125,-2352.949951171875,-2314.83984375
8070,-2779.5,58.0103874206543,37.40312576293945,67.32029724121094,-2779.5,-2773.0,255.3350372314453,-3229.320068359375,-3188.39990234375,-3140.60009765625,-2969.25,-2773.0,-2582.75,-2437.800048828125,-2377.650146484375,-2314.83984375
8100,-2786.300048828125,57.57220458984375,37.380088806152344,66.46848805745442,-2786.300048828125,-2776.0,249.931640625,-3229.320068359375,-3188.449951171875,-3147.699951171875,-2969.25,-2776.0,-2586.25,-2453.300048828125,-2389.5,-2357.8798828125
8130,-2795.47998046875,57.19285202026367,37.396522521972656,65.65556081136067,-2795.47998046875,-2785.5,247.56561279296875,-3229.320068359375,-3197.10009765625,-3148.800048828125,-2978.5,-2785.5,-2612.0,-2455.0,-2400.900146484375,-2357.8798828125
8160,-2810.419921875,56.75439453125,37.41539001464844,64.76581319173177,-2810.419921875,-2799.5,243.6098175048828,-3240.219970703125,-3210.0,-3148.800048828125,-3000.5,-2799.5,-2625.25,-2476.800048828125,-2434.300048828125,-2378.579833984375
8190,-2820.5400390625,56.34173583984375,37.436004638671875,63.88964716593424,-2820.5400390625,-2819.5,240.03489685058594,-3240.260009765625,-3211.0,-3148.800048828125,-3000.5,-2819.5,-2632.0,-2478.89990234375,-2437.89990234375,-2418.2197265625
8220,-2831.159912109375,55.860389709472656,37.32862854003906,63.035484313964844,-2831.159912109375,-2837.5,239.77542114257812,-3261.06005859375,-3230.5,-3148.800048828125,-3009.5,-2837.5,-2646.25,-2483.800048828125,-2453.10009765625,-2418.85986328125
8250,-2841.679931640625,55.48772430419922,37.372100830078125,62.181722005208336,-2841.679931640625,-2859.0,241.4403839111328,-3261.06005859375,-3252.300048828125,-3152.39990234375,-3038.25,-2859.0,-2646.5,-2483.800048828125,-2453.10009765625,-2418.85986328125
8280,-2851.8798828125,55.034332275390625,37.33660888671875,61.25555165608724,-2851.8798828125,-2861.5,237.40216064453125,-3264.1201171875,-3252.35009765625,-3154.199951171875,-3038.25,-2861.5,-2665.0,-2509.5,-2466.0,-2419.9599609375
8310,-2857.97998046875,54.6365966796875,37.301185607910156,60.435385386149086,-2857.97998046875,-2861.5,238.70750427246094,-3277.260009765625,-3252.449951171875,-3154.699951171875,-3053.25,-2861.5,-2665.0,-2510.0,-2477.400146484375,-2419.9599609375
8340,-2865.4599609375,54.25779342651367,37.309669494628906,59.61143239339193,-2865.4599609375,-2864.5,238.83087158203125,-3290.360107421875,-3252.449951171875,-3158.300048828125,-3053.25,-2864.5,-2671.25,-2515.60009765625,-2481.800048828125,-2419.9599609375
8370,-2875.81982421875,53.795921325683594,37.26681900024414,58.69190979003906,-2875.820068359375,-2875.5,237.61862182617188,-3290.360107421875,-3252.449951171875,-3199.60009765625,-3063.25,-2875.5,-2687.5,-2542.699951171875,-2481.800048828125,-2419.9599609375
8400,-2879.619873046875,53.46799850463867,37.325931549072266,57.87000274658203,-2879.6201171875,-2892.0,238.98086547851562,-3308.0,-3261.050048828125,-3208.10009765625,-3063.25,-2892.0,-2692.5,-2542.699951171875,-2481.800048828125,-2419.9599609375
8430,-2889.52001953125,53.01692199707031,37.2525634765625,56.97446060180664,-2889.52001953125,-2897.5,236.46151733398438,-3308.239990234375,-3262.85009765625,-3208.800048828125,-3081.25,-2897.5,-2695.75,-2557.89990234375,-2481.800048828125,-2419.9599609375
8460,-2895.179931640625,52.60246276855469,37.20866012573242,56.112725575764976,-2895.179931640625,-2899.5,237.68484497070312,-3316.080078125,-3281.199951171875,-3208.800048828125,-3089.5,-2899.5,-2695.75,-2567.10009765625,-2481.800048828125,-2419.9599609375
8490,-2903.419921875,52.235260009765625,37.21903991699219,55.244616190592446,-2903.419921875,-2909.5,236.33726501464844,-3316.360107421875,-3286.14990234375,-3209.800048828125,-3091.5,-2909.5,-2697.5,-2590.5,-2483.89990234375,-2467.039794921875
8520,-2909.39990234375,51.726470947265625,37.060821533203125,54.398328145345054,-2909.39990234375,-2921.5,236.01873779296875,-3316.360107421875,-3286.14990234375,-3228.10009765625,-3103.0,-2921.5,-2722.75,-2590.5,-2483.89990234375,-2467.039794921875
8550,-2915.31982421875,51.33373260498047,37.035499572753906,53.54233042399088,-2915.320068359375,-2926.5,234.06455993652344,-3316.360107421875,-3286.14990234375,-3247.0,-3103.0,-2926.5,-2722.75,-2592.89990234375,-2495.800048828125,-2467.760009765625
8580,-2923.219970703125,50.989253997802734,37.01176834106445,52.741153717041016,-2923.219970703125,-2926.5,233.02891540527344,-3334.159912109375,-3290.199951171875,-3247.699951171875,-3111.75,-2926.5,-2749.5,-2618.199951171875,-2542.350341796875,-2481.719970703125
8610,-2934.179931640625,50.599483489990234,36.99734115600586,51.841199239095054,-2934.179931640625,-2931.5,225.86033630371094,-3338.080078125,-3290.199951171875,-3248.699951171875,-3114.75,-2931.5,-2750.75,-2627.5,-2560.0,-2523.19970703125
8640,-2939.079833984375,50.276832580566406,36.99028778076172,51.049879709879555,-2939.080078125,-2938.5,226.40335083007812,-3338.080078125,-3303.5,-3249.300048828125,-3124.75,-2938.5,-2755.75,-2632.0,-2572.35009765625,-2523.19970703125
8670,-2945.85986328125,49.8504638671875,36.97443389892578,50.075400034586586,-2945.860107421875,-2951.5,225.4424591064453,-3338.080078125,-3313.14990234375,-3249.300048828125,-3131.25,-2951.5,-2768.0,-2642.0,-2572.60009765625,-2523.31982421875
8700,-2957.159912109375,49.521812438964844,37.001129150390625,49.208824157714844,-2957.159912109375,-2960.5,220.4690704345703,-3338.840087890625,-3313.14990234375,-3265.5,-3142.25,-2960.5,-2789.5,-2657.300048828125,-2596.949951171875,-2559.9599609375
8730,-2966.719970703125,49.13031005859375,36.95491409301758,48.29846954345703,-2966.719970703125,-2984.0,219.8601531982422,-3340.800048828125,-3313.64990234375,-3270.300048828125,-3142.25,-2984.0,-2795.25,-2658.199951171875,-2624.500244140625,-2559.9599609375
8760,-2976.739990234375,48.836181640625,36.97669219970703,47.47098032633463,-2976.739990234375,-2984.0,215.01473999023438,-3357.4599609375,-3327.0,-3270.300048828125,-3144.0,-2984.0,-2802.25,-2690.300048828125,-2640.10009765625,-2576.89990234375
8790,-2987.33984375,48.548858642578125,37.02104949951172,46.655409495035805,-2987.340087890625,-2988.5,209.60162353515625,-3357.4599609375,-3327.0,-3270.300048828125,-3152.0,-2988.5,-2817.0,-2699.800048828125,-2656.250244140625,-2584.739990234375
8820,-2993.699951171875,48.14083480834961,36.954071044921875,45.73416519165039,-2993.699951171875,-2988.5,210.43353271484375,-3378.0400390625,-3336.699951171875,-3285.39990234375,-3152.25,-2988.5,-2825.25,-2707.199951171875,-2657.000244140625,-2595.52001953125
8850,-3000.139892578125,47.81715393066406,36.939414978027344,44.875616709391274,-3000.139892578125,-2996.0,210.72080993652344,-3381.06005859375,-3357.050048828125,-3285.39990234375,-3155.0,-2996.0,-2831.0,-2738.60009765625,-2657.4501953125,-2603.83984375
8880,-3006.579833984375,47.4867057800293,36.94144058227539,43.99772644042969,-3006.580078125,-3008.5,208.93641662597656,-3381.10009765625,-3357.050048828125,-3289.89990234375,-3155.75,-3008.5,-2839.5,-2744.800048828125,-2683.449951171875,-2620.659912109375
8910,-3015.85986328125,47.19994354248047,36.99421310424805,43.080291748046875,-3015.860107421875,-3014.5,204.48583984375,-3381.10009765625,-3357.050048828125,-3297.10009765625,-3164.25,-3014.5,-2853.0,-2755.89990234375,-2706.800048828125,-2620.89990234375
8940,-3023.31982421875,46.804588317871094,36.95087814331055,42.12911860148112,-3023.320068359375,-3032.0,201.84681701660156,-3383.10009765625,-3357.050048828125,-3298.10009765625,-3164.25,-3032.0,-2860.25,-2755.89990234375,-2707.5,-2627.9599609375
8970,-3027.31982421875,46.522483825683594,36.98078155517578,41.28399785359701,-3027.320068359375,-3032.0,201.98350524902344,-3383.219970703125,-3357.25,-3299.300048828125,-3175.25,-3032.0,-2866.0,-2755.89990234375,-2707.89990234375,-2627.9599609375
9000,-3030.97998046875,46.224037170410156,37.022674560546875,40.37582270304362,-3030.97998046875,-3032.0,201.4438934326172,-3383.300048828125,-3362.14990234375,-3299.300048828125,-3176.75,-3032.0,-2866.0,-2756.89990234375,-2708.0,-2627.9599609375
9030,-3037.239990234375,45.94597625732422,37.063995361328125,39.53684616088867,-3037.239990234375,-3032.0,199.3511962890625,-3394.080078125,-3362.89990234375,-3302.300048828125,-3177.5,-3032.0,-2886.5,-2757.0,-2732.7001953125,-2684.83984375
9060,-3044.579833984375,45.6617431640625,37.068695068359375,38.688803354899086,-3044.580078125,-3048.0,199.44198608398438,-3394.080078125,-3362.89990234375,-3313.699951171875,-3206.0,-3048.0,-2892.25,-2772.300048828125,-2732.7001953125,-2684.83984375
9090,-3050.199951171875,45.33486557006836,37.047298431396484,37.79199473063151,-3050.199951171875,-3048.0,198.20968627929688,-3394.199951171875,-3363.199951171875,-3314.60009765625,-3208.25,-3048.0,-2917.5,-2772.300048828125,-2732.7001953125,-2684.8798828125
9120,-3056.719970703125,45.043731689453125,37.057918548583984,36.904534657796226,-3056.719970703125,-3054.0,195.70672607421875,-3394.199951171875,-3363.199951171875,-3314.60009765625,-3208.75,-3054.0,-2937.75,-2772.89990234375,-2733.699951171875,-2685.8798828125
9150,-3065.219970703125,44.751914978027344,37.043182373046875,36.029520670572914,-3065.219970703125,-3067.0,190.9463653564453,-3400.10009765625,-3363.5,-3314.60009765625,-3208.75,-3067.0,-2947.0,-2785.800048828125,-2745.400146484375,-2685.8798828125
9180,-3070.8798828125,44.58746337890625,37.13731384277344,35.21526845296224,-3070.8798828125,-3076.5,190.37979125976562,-3405.0,-3376.800048828125,-3318.199951171875,-3214.25,-3076.5,-2951.5,-2785.800048828125,-2745.89990234375,-2685.8798828125
9210,-3076.679931640625,44.34130859375,37.17827606201172,34.36848449707031,-3076.679931640625,-3081.5,189.1466522216797,-3428.52001953125,-3376.800048828125,-3318.199951171875,-3221.75,-3081.5,-2951.5,-2823.5,-2749.800048828125,-2707.559814453125
9240,-3085.619873046875,43.96211242675781,37.09078598022461,33.471911112467446,-3085.6201171875,-3093.0,183.9453582763672,-3442.239990234375,-3376.800048828125,-3318.199951171875,-3221.75,-3093.0,-2970.75,-2826.89990234375,-2778.500244140625,-2719.31982421875
9270,-3089.02001953125,43.60587692260742,37.057918548583984,32.50518544514974,-3089.02001953125,-3094.0,184.3377227783203,-3442.239990234375,-3377.39990234375,-3320.0,-3230.0,-3094.0,-2971.75,-2826.89990234375,-2778.500244140625,-2719.31982421875
9300,-3095.93994140625,43.33687973022461,37.056121826171875,31.568912506103516,-3095.93994140625,-3098.0,179.99232482910156,-3442.239990234375,-3377.449951171875,-3323.60009765625,-3230.0,-3098.0,-2971.75,-2841.699951171875,-2799.9501953125,-2745.800048828125
9330,-3098.679931640625,43.10869598388672,37.047508239746094,30.824169794718426,-3098.679931640625,-3101.0,178.6824493408203,-3444.39990234375,-3385.050048828125,-3327.199951171875,-3232.25,-3101.0,-2971.75,-2846.60009765625,-2826.25,-2745.800048828125
9360,-3102.599853515625,42.984375,37.21573257446289,29.93888982137044,-3102.60009765625,-3106.0,176.2870330810547,-3444.39990234375,-3385.050048828125,-3327.199951171875,-3232.25,-3106.0,-2974.5,-2852.39990234375,-2828.949951171875,-2749.919921875
9390,-3106.679931640625,42.81846237182617,37.31529235839844,28.97763188680013,-3106.679931640625,-3114.5,175.951416015625,-3454.199951171875,-3385.050048828125,-3329.0,-3240.5,-3114.5,-2975.75,-2857.800048828125,-2829.89990234375,-2749.919921875
9420,-3113.5,42.496307373046875,37.265045166015625,28.088411331176758,-3113.5,-3121.5,176.84454345703125,-3464.179931640625,-3385.050048828125,-3341.89990234375,-3247.25,-3121.5,-2975.75,-2863.199951171875,-2838.550048828125,-2749.919921875
9450,-3120.579833984375,42.12656784057617,37.189666748046875,27.06495475769043,-3120.580078125,-3129.0,174.0587921142578,-3464.179931640625,-3385.050048828125,-3349.699951171875,-3249.5,-3129.0,-2987.75,-2897.699951171875,-2838.550048828125,-2749.919921875
9480,-3123.93994140625,41.898704528808594,37.222320556640625,26.112170537312824,-3123.93994140625,-3133.0,173.1634979248047,-3464.179931640625,-3385.050048828125,-3349.699951171875,-3249.5,-3133.0,-2994.25,-2908.89990234375,-2848.050048828125,-2755.8798828125
9510,-3127.43994140625,41.74140548706055,37.31993103027344,25.190752665201824,-3127.43994140625,-3138.0,170.90444946289062,-3464.179931640625,-3398.75,-3350.699951171875,-3250.25,-3138.0,-2994.25,-2909.89990234375,-2848.050048828125,-2799.559814453125
9540,-3129.219970703125,41.57065963745117,37.41545867919922,24.172801335652668,-3129.219970703125,-3138.0,171.77633666992188,-3464.179931640625,-3410.64990234375,-3350.699951171875,-3251.75,-3138.0,-2994.25,-2909.89990234375,-2848.050048828125,-2799.559814453125
9570,-3134.0400390625,41.557373046875,37.62253189086914,23.31352933247884,-3134.0400390625,-3144.0,170.32626342773438,-3464.179931640625,-3416.35009765625,-3351.699951171875,-3251.75,-3144.0,-2999.75,-2923.699951171875,-2868.9501953125,-2799.559814453125
9600,-3137.31982421875,41.4314079284668,37.808719635009766,22.28404490152995,-3137.320068359375,-3147.0,168.89990234375,-3464.179931640625,-3418.25,-3351.699951171875,-3255.5,-3147.0,-2999.75,-2929.39990234375,-2896.350341796875,-2801.52001953125
9630,-3140.699951171875,41.32275390625,37.92666244506836,21.290035247802734,-3140.699951171875,-3148.0,168.308837890625,-3464.179931640625,-3429.25,-3359.800048828125,-3255.5,-3148.0,-3002.75,-2937.60009765625,-2897.4501953125,-2801.599853515625
9660,-3144.739990234375,41.2131462097168,38.039649963378906,20.36281967163086,-3144.739990234375,-3150.0,168.1849365234375,-3473.5400390625,-3429.550048828125,-3359.800048828125,-3258.5,-3150.0,-3013.25,-2938.89990234375,-2897.4501953125,-2801.719970703125
9690,-3147.52001953125,41.212886810302734,38.28224182128906,19.450436274210613,-3147.52001953125,-3150.0,167.33572387695312,-3473.5400390625,-3429.550048828125,-3359.800048828125,-3270.0,-3150.0,-3013.25,-2938.89990234375,-2897.4501953125,-2805.919921875
9720,-3152.300048828125,41.25685501098633,38.504981994628906,18.575576146443684,-3152.300048828125,-3161.5,165.9793701171875,-3473.5400390625,-3437.85009765625,-3359.800048828125,-3270.0,-3161.5,-3019.75,-2938.89990234375,-2907.150146484375,-2845.119873046875
9750,-3155.119873046875,41.272377014160156,38.74403762817383,17.66283416748047,-3155.1201171875,-3161.5,165.0164337158203,-3473.5400390625,-3437.85009765625,-3359.800048828125,-3270.0,-3161.5,-3023.25,-2940.800048828125,-2908.25,-2858.83984375
9780,-3157.0,41.36438751220703,39.00041961669922,16.87501335144043,-3157.0,-3161.5,163.7888946533203,-3476.47998046875,-3439.949951171875,-3359.800048828125,-3270.75,-3161.5,-3023.25,-2950.89990234375,-2921.699951171875,-2858.83984375
9810,-3160.199951171875,41.48137664794922,39.333030700683594,15.88145637512207,-3160.199951171875,-3171.5,163.14239501953125,-3476.47998046875,-3439.949951171875,-3368.800048828125,-3270.75,-3171.5,-3023.25,-2956.5,-2934.0,-2858.83984375
9840,-3162.81982421875,41.73283767700195,39.78388595581055,14.96157964070638,-3162.820068359375,-3181.0,162.6541290283203,-3476.47998046875,-3439.949951171875,-3374.39990234375,-3276.0,-3181.0,-3023.25,-2956.699951171875,-2937.800048828125,-2859.47998046875
9870,-3165.31982421875,41.921566009521484,40.1536979675293,13.959093729654947,-3165.320068359375,-3186.0,162.28968811035156,-3476.47998046875,-3445.64990234375,-3374.39990234375,-3282.5,-3186.0,-3034.75,-2958.800048828125,-2937.800048828125,-2869.27978515625
9900,-3166.300048828125,42.132293701171875,40.57534408569336,12.899042765299479,-3166.300048828125,-3188.0,162.0842742919922,-3476.47998046875,-3445.64990234375,-3374.60009765625,-3282.5,-3188.0,-3034.75,-2958.800048828125,-2937.800048828125,-2869.27978515625
9930,-3167.35986328125,42.8258056640625,41.40143966674805,12.187830289204916,-3167.360107421875,-3188.0,162.15113830566406,-3476.47998046875,-3445.64990234375,-3374.60009765625,-3285.25,-3188.0,-3034.75,-2958.800048828125,-2937.800048828125,-2869.27978515625
9960,-3168.619873046875,43.6637077331543,42.418914794921875,11.064785639444986,-3168.6201171875,-3188.0,162.46875,-3476.47998046875,-3445.64990234375,-3374.60009765625,-3286.0,-3188.0,-3034.75,-2958.800048828125,-2937.800048828125,-2869.27978515625
9990,-3169.0,45.212188720703125,44.1070556640625,10.142505963643393,-3169.0,-3188.0,162.4941864013672,-3476.47998046875,-3445.64990234375,-3374.60009765625,-3286.0,-3188.0,-3034.75,-2958.800048828125,-2937.800048828125,-2869.27978515625
