step,best_fitness,avg_hamming,avg_l1,avg_entropy,mean,median,std,2%,5%,10%,25%,50%,75%,90%,95%,98%
48,-0.558367133140564,63.89518737792969,4.910386085510254,88.32045555114746,0.558367133140564,0.5573290586471558,0.011344848200678825,0.535168468952179,0.5424558520317078,0.5448290109634399,0.5501447916030884,0.5573290586471558,0.56532222032547,0.5732315182685852,0.5797022581100464,0.5842739939689636
96,-0.5636381506919861,63.87029266357422,5.169564247131348,88.26313018798828,0.5636380910873413,0.5632317066192627,0.010281102731823921,0.545924961566925,0.5472467541694641,0.5507294535636902,0.5560539960861206,0.5632317066192627,0.5689645409584045,0.5783498287200928,0.5826477408409119,0.5846983790397644
144,-0.5668113827705383,63.847930908203125,5.365234375,88.21464347839355,0.5668113827705383,0.5663517713546753,0.009559974074363708,0.5502319931983948,0.5516470074653625,0.5545492172241211,0.5607555508613586,0.5663517713546753,0.5736290216445923,0.5809789896011353,0.5831581354141235,0.5846983790397644
192,-0.5709648728370667,63.82225799560547,5.543282985687256,88.16476821899414,0.5709649324417114,0.569024920463562,0.011696250177919865,0.5516961812973022,0.5541400909423828,0.557612419128418,0.562972366809845,0.569024920463562,0.578127384185791,0.5843923687934875,0.5914872288703918,0.5970301628112793
240,-0.5731036067008972,63.797088623046875,5.695620536804199,88.11875343322754,0.5731035470962524,0.5715994834899902,0.011143443174660206,0.554506242275238,0.5573917627334595,0.5610935688018799,0.5651600360870361,0.5715994834899902,0.579104483127594,0.5854434967041016,0.5919669270515442,0.5970301628112793
288,-0.5751146078109741,63.77117156982422,5.851871013641357,88.07013893127441,0.5751146078109741,0.5736297965049744,0.011882117949426174,0.5567250847816467,0.5602750778198242,0.5620697140693665,0.5668054223060608,0.5736297965049744,0.5807925462722778,0.5911444425582886,0.5937044024467468,0.6085761785507202
336,-0.5768780708312988,63.739864349365234,6.003085136413574,88.01642227172852,0.5768780708312988,0.5749468803405762,0.011336841620504856,0.5599826574325562,0.5610842108726501,0.5635071992874146,0.5691654682159424,0.5749468803405762,0.582747757434845,0.5911444425582886,0.5937044024467468,0.6085761785507202
384,-0.5779226422309875,63.70641326904297,6.1435065269470215,87.9610824584961,0.5779227018356323,0.5766336917877197,0.011239101178944111,0.5610769987106323,0.5619747638702393,0.5648896098136902,0.5702036023139954,0.5766336917877197,0.5839165449142456,0.5914896130561829,0.5949318408966064,0.6085761785507202
432,-0.5789530873298645,63.67279815673828,6.295046806335449,87.90398216247559,0.5789530277252197,0.5773789882659912,0.011121371760964394,0.5610769987106323,0.5633140206336975,0.5650164484977722,0.5721369981765747,0.5773789882659912,0.5844218730926514,0.5919755697250366,0.5968978404998779,0.6085761785507202
480,-0.5797882676124573,63.63897705078125,6.434609889984131,87.8474292755127,0.5797882676124573,0.5781534314155579,0.010996608063578606,0.5610769987106323,0.5635143518447876,0.5650164484977722,0.5734199285507202,0.5781534314155579,0.5847890973091125,0.5919755697250366,0.5968978404998779,0.6085761785507202
528,-0.5812833905220032,63.600074768066406,6.54109525680542,87.79106140136719,0.5812833905220032,0.5797958970069885,0.010686051100492477,0.5635185837745667,0.5649046897888184,0.5686299800872803,0.5742547512054443,0.5797958970069885,0.5857434272766113,0.5935459733009338,0.5991003513336182,0.6085761785507202
576,-0.5820199251174927,63.56010437011719,6.66231107711792,87.73035621643066,0.5820199847221375,0.5800405740737915,0.010640769265592098,0.564594030380249,0.5665768384933472,0.5707192420959473,0.5749921798706055,0.5800405740737915,0.5878398418426514,0.5936472415924072,0.6045894026756287,0.6085761785507202
624,-0.5831836462020874,63.51648712158203,6.788814067840576,87.6656322479248,0.5831835865974426,0.5823321342468262,0.010470329783856869,0.5661118030548096,0.5686442852020264,0.5710325837135315,0.5751984119415283,0.5823321342468262,0.5895624160766602,0.5942665338516235,0.6045894026756287,0.6085761785507202
672,-0.5839605331420898,63.47216796875,6.900698661804199,87.60104560852051,0.5839605927467346,0.582871675491333,0.010125263594090939,0.5665905475616455,0.5707756280899048,0.5729873180389404,0.5770946145057678,0.582871675491333,0.5908682942390442,0.594933271408081,0.6045894026756287,0.6085761785507202
720,-0.5849944949150085,63.4254264831543,7.017884731292725,87.5329532623291,0.5849944949150085,0.5836172699928284,0.01033375971019268,0.5665905475616455,0.5710157752037048,0.5736984610557556,0.5779601335525513,0.5836172699928284,0.5914968252182007,0.5983165502548218,0.60489422082901,0.6085761785507202
768,-0.5860517024993896,63.37910079956055,7.13629674911499,87.46442794799805,0.5860517024993896,0.5844283699989319,0.010679678060114384,0.569643497467041,0.5710329413414001,0.5738861560821533,0.578360378742218,0.5844283699989319,0.5920000076293945,0.6001127362251282,0.6060453653335571,0.6085761785507202
816,-0.5864683985710144,63.33192443847656,7.228588104248047,87.39957809448242,0.5864684581756592,0.5844283699989319,0.010848148725926876,0.569643497467041,0.5710329413414001,0.5740638375282288,0.5788744688034058,0.5844283699989319,0.5935525894165039,0.6013603210449219,0.6067785620689392,0.6095935106277466
864,-0.5875706076622009,63.283050537109375,7.328675270080566,87.33065032958984,0.5875705480575562,0.5850595831871033,0.011238574050366879,0.5708296895027161,0.5720226168632507,0.574547290802002,0.5792595148086548,0.5850595831871033,0.594241201877594,0.6046030521392822,0.6083106994628906,0.6149377822875977
912,-0.5884408354759216,63.229896545410156,7.417905330657959,87.2596664428711,0.5884408354759216,0.5863227844238281,0.011133743450045586,0.5710331797599792,0.5729359984397888,0.5752556324005127,0.5802735090255737,0.5863227844238281,0.5944741368293762,0.6049399375915527,0.6083106994628906,0.6149377822875977
960,-0.5886653065681458,63.17835235595703,7.515214443206787,87.1879825592041,0.5886653065681458,0.5870547890663147,0.011016692034900188,0.5720537304878235,0.5729359984397888,0.5758259892463684,0.5804911851882935,0.5870547890663147,0.5949843525886536,0.6049399375915527,0.6083106994628906,0.6149377822875977
1008,-0.5891242623329163,63.122711181640625,7.628751277923584,87.10952758789062,0.5891242623329163,0.5876561403274536,0.010809198953211308,0.5720996856689453,0.5742632150650024,0.5766946077346802,0.5807237029075623,0.5876561403274536,0.5955347418785095,0.6049399375915527,0.6083106994628906,0.6149377822875977
1056,-0.5895107388496399,63.06517791748047,7.715688228607178,87.03381729125977,0.5895107388496399,0.5880530476570129,0.01056998036801815,0.5724063515663147,0.5745620131492615,0.5770819783210754,0.5807585120201111,0.5880530476570129,0.5955347418785095,0.6049399375915527,0.6083106994628906,0.6149377822875977
1104,-0.5896589756011963,63.007118225097656,7.811334133148193,86.95540237426758,0.5896589159965515,0.5880530476570129,0.01045242790132761,0.5724063515663147,0.5758211016654968,0.5777283310890198,0.58092200756073,0.5880530476570129,0.5955347418785095,0.6049399375915527,0.6083106994628906,0.6149377822875977
1152,-0.5903225541114807,62.944480895996094,7.905484676361084,86.87251853942871,0.5903225541114807,0.5892848968505859,0.010356093756854534,0.5724063515663147,0.5758479833602905,0.5781575441360474,0.5833723545074463,0.5892848968505859,0.5965469479560852,0.6049535274505615,0.6083106994628906,0.6149377822875977
1200,-0.591050386428833,62.885032653808594,8.011408805847168,86.79010772705078,0.591050386428833,0.5904800891876221,0.009984804317355156,0.5738747119903564,0.5765237808227539,0.5789235830307007,0.5837962031364441,0.5904800891876221,0.5970321893692017,0.6049535274505615,0.6083106994628906,0.6149377822875977
1248,-0.5918571352958679,62.82300567626953,8.102897644042969,86.70651626586914,0.5918571949005127,0.5912560820579529,0.00951562449336052,0.5758711695671082,0.5782039761543274,0.5805239677429199,0.5843919515609741,0.5912560820579529,0.5971047282218933,0.6049535274505615,0.6083106994628906,0.6149377822875977
1296,-0.592292845249176,62.75962448120117,8.196409225463867,86.62309074401855,0.592292845249176,0.5914696455001831,0.00916670635342598,0.5768657922744751,0.5802717208862305,0.5810630321502686,0.5849560499191284,0.5914696455001831,0.5971966981887817,0.6049535274505615,0.6083106994628906,0.6149377822875977
1344,-0.5933597683906555,62.68821716308594,8.269536018371582,86.53243827819824,0.5933597087860107,0.5923045873641968,0.008993926458060741,0.5788689255714417,0.5809962749481201,0.5832344889640808,0.5869203805923462,0.5923045873641968,0.5983991622924805,0.6057876944541931,0.6095649003982544,0.6149377822875977
1392,-0.5938829183578491,62.61901092529297,8.346769332885742,86.4439754486084,0.5938828587532043,0.5923045873641968,0.00915155652910471,0.5806933045387268,0.5819918513298035,0.5835224390029907,0.5875364542007446,0.5923045873641968,0.5992076992988586,0.6060797572135925,0.6111238598823547,0.6155734658241272
1440,-0.5943791270256042,62.55021286010742,8.421003341674805,86.35641670227051,0.5943790674209595,0.5929262638092041,0.009124833159148693,0.5810046792030334,0.5819934606552124,0.5835594534873962,0.5877047181129456,0.5929262638092041,0.5994104146957397,0.6068588495254517,0.6118751168251038,0.6155734658241272
1488,-0.5946838855743408,62.48509216308594,8.508206367492676,86.26934051513672,0.594683825969696,0.5937807559967041,0.009222854860126972,0.5810046792030334,0.5819934606552124,0.5835594534873962,0.5879291296005249,0.5937807559967041,0.600185751914978,0.6083178520202637,0.6118751168251038,0.6155734658241272
1536,-0.5951347351074219,62.4029541015625,8.580568313598633,86.16784858703613,0.5951346755027771,0.5942139625549316,0.009142113849520683,0.5810046792030334,0.5819934606552124,0.5835594534873962,0.5888033509254456,0.5942139625549316,0.6007769107818604,0.6083178520202637,0.6118751168251038,0.6155734658241272
1584,-0.5954331755638123,62.3315544128418,8.644628524780273,86.07837104797363,0.5954331755638123,0.5949318408966064,0.00918323453515768,0.5810046792030334,0.5819934606552124,0.5837813019752502,0.5888033509254456,0.5949318408966064,0.6012789011001587,0.6083178520202637,0.6118751168251038,0.6155734658241272
1632,-0.5958108901977539,62.25469970703125,8.724315643310547,85.98036575317383,0.5958108305931091,0.5953825116157532,0.009008406661450863,0.5820216536521912,0.5834164619445801,0.5843601226806641,0.5891315340995789,0.5953825116157532,0.6016599535942078,0.6083178520202637,0.6118751168251038,0.6155734658241272
1680,-0.5963716506958008,62.17448043823242,8.798709869384766,85.8800277709961,0.596371591091156,0.5957068204879761,0.009355415590107441,0.5820216536521912,0.5834164619445801,0.5844933986663818,0.5891315340995789,0.5957068204879761,0.603602409362793,0.6095739603042603,0.6132763624191284,0.6155734658241272
1728,-0.5971238017082214,62.089866638183594,8.87664794921875,85.77458190917969,0.5971238017082214,0.5959898233413696,0.00918357539921999,0.5821073055267334,0.5835611820220947,0.5846481323242188,0.5899304151535034,0.5959898233413696,0.6041940450668335,0.6095739603042603,0.6132763624191284,0.6155734658241272
1776,-0.5978333353996277,62.00640869140625,8.957467079162598,85.66918563842773,0.5978332757949829,0.5972270369529724,0.00922463834285736,0.5825390219688416,0.5843319296836853,0.5856126546859741,0.5904616117477417,0.5972270369529724,0.6048786640167236,0.6111133098602295,0.6132965087890625,0.6155734658241272
1824,-0.5978929996490479,61.92290496826172,9.015707969665527,85.56716537475586,0.5978929996490479,0.5972270369529724,0.009174570441246033,0.5825390219688416,0.5843319296836853,0.5856126546859741,0.590640664100647,0.5972270369529724,0.6048786640167236,0.6111133098602295,0.6132965087890625,0.6155734658241272
1872,-0.5984093546867371,61.842193603515625,9.083864212036133,85.46659469604492,0.5984092950820923,0.5973030924797058,0.009067337028682232,0.5825390219688416,0.5843319296836853,0.5856972932815552,0.5913559794425964,0.5973030924797058,0.605133593082428,0.6117349863052368,0.6138002276420593,0.6159283518791199
1920,-0.5989206433296204,61.7602653503418,9.158304214477539,85.36363792419434,0.5989206433296204,0.5983731746673584,0.009062845259904861,0.5825390219688416,0.5843319296836853,0.5863176584243774,0.5926240086555481,0.5983731746673584,0.6058187484741211,0.6117349863052368,0.6138002276420593,0.6159283518791199
1968,-0.5994963049888611,61.670875549316406,9.21943473815918,85.25474739074707,0.5994963049888611,0.5987170934677124,0.008832958526909351,0.5844879746437073,0.585700511932373,0.5885207056999207,0.5934544205665588,0.5987170934677124,0.6059924364089966,0.6119115948677063,0.6149563789367676,0.616902232170105
2016,-0.6001456379890442,61.582923889160156,9.285757064819336,85.1462345123291,0.6001456379890442,0.5988485813140869,0.00831777136772871,0.5857024788856506,0.5878406167030334,0.5896071791648865,0.5944481492042542,0.5988485813140869,0.6059924364089966,0.6119115948677063,0.6149563789367676,0.616902232170105
2064,-0.6006109714508057,61.48798751831055,9.354223251342773,85.03007316589355,0.6006109118461609,0.6004065275192261,0.008370421826839447,0.5857024788856506,0.5878406167030334,0.589801013469696,0.5949785709381104,0.6004065275192261,0.606224536895752,0.6131361126899719,0.6149563789367676,0.616902232170105
2112,-0.6010628938674927,61.3958740234375,9.402647972106934,84.92122840881348,0.6010629534721375,0.6005016565322876,0.00869501568377018,0.5857024788856506,0.5878406167030334,0.589801013469696,0.5952060222625732,0.6005016565322876,0.6071900129318237,0.6136451363563538,0.6155650615692139,0.6183800101280212
2160,-0.601343035697937,61.29304122924805,9.466952323913574,84.79730033874512,0.601343035697937,0.6006230115890503,0.00888698548078537,0.5859740376472473,0.5878761410713196,0.589801013469696,0.5952060222625732,0.6006230115890503,0.6077524423599243,0.61397385597229,0.6159572601318359,0.6183800101280212
2208,-0.6014308333396912,61.19512939453125,9.529304504394531,84.67885780334473,0.6014308333396912,0.6006230115890503,0.008880192413926125,0.586377739906311,0.5878761410713196,0.589801013469696,0.5952060222625732,0.6006230115890503,0.6083395481109619,0.61397385597229,0.6159572601318359,0.6183800101280212
2256,-0.6024401187896729,61.09645080566406,9.58219051361084,84.55982971191406,0.6024400591850281,0.6009094715118408,0.009037140756845474,0.5870476365089417,0.5880250930786133,0.5904572010040283,0.5955934524536133,0.6009094715118408,0.6097357869148254,0.6149773001670837,0.6170748472213745,0.6187412142753601
2304,-0.6031317710876465,61.002044677734375,9.647884368896484,84.44379043579102,0.6031317710876465,0.6013989448547363,0.009070390835404396,0.5870476365089417,0.5899237990379333,0.5915430188179016,0.5957962274551392,0.6013989448547363,0.61046302318573,0.6155831813812256,0.6173235774040222,0.6205919981002808
2352,-0.6033366918563843,60.898582458496094,9.699861526489258,84.31902122497559,0.6033366918563843,0.6013989448547363,0.009442753158509731,0.5870476365089417,0.5899237990379333,0.5915430188179016,0.5957962274551392,0.6013989448547363,0.610812246799469,0.6155831813812256,0.6183899641036987,0.623432457447052
2400,-0.6035954356193542,60.79631805419922,9.751352310180664,84.19607353210449,0.603595495223999,0.601891279220581,0.009369643405079842,0.5870476365089417,0.5899237990379333,0.5915430188179016,0.5969052314758301,0.601891279220581,0.610812246799469,0.6155831813812256,0.6183899641036987,0.623432457447052
2448,-0.60439133644104,60.69011688232422,9.809162139892578,84.06575965881348,0.60439133644104,0.6027646064758301,0.008878352120518684,0.5897977948188782,0.5915704965591431,0.593926191329956,0.5973186492919922,0.6027646064758301,0.6112496852874756,0.6159899234771729,0.6183899641036987,0.623432457447052
2496,-0.6046240925788879,60.58356475830078,9.86654281616211,83.93638229370117,0.6046240329742432,0.6032776832580566,0.008945015259087086,0.5897977948188782,0.5915704965591431,0.593926191329956,0.5973186492919922,0.6032776832580566,0.6123864650726318,0.6159899234771729,0.6183899641036987,0.623432457447052
2544,-0.6052634119987488,60.4806022644043,9.925885200500488,83.81018257141113,0.6052634119987488,0.6042599678039551,0.008991498500108719,0.5909276604652405,0.5928962230682373,0.5944711565971375,0.5985608100891113,0.6042599678039551,0.6132572293281555,0.6167328357696533,0.6187961101531982,0.6235658526420593
2592,-0.6056493520736694,60.36896896362305,9.972984313964844,83.67787170410156,0.6056493520736694,0.604893684387207,0.009063893929123878,0.5909276604652405,0.5928962230682373,0.5944711565971375,0.5986248254776001,0.604893684387207,0.6135966777801514,0.6167328357696533,0.6187961101531982,0.6235658526420593
2640,-0.6058871150016785,60.26128387451172,10.013337135314941,83.55131149291992,0.6058871150016785,0.6049545407295227,0.009221970103681087,0.5909276604652405,0.5928962230682373,0.5944711565971375,0.5986248254776001,0.6049545407295227,0.6137828230857849,0.6168914437294006,0.6205393075942993,0.6235658526420593
2688,-0.6065493822097778,60.14337158203125,10.065908432006836,83.4101676940918,0.6065493226051331,0.6058270931243896,0.009430618025362492,0.5909276604652405,0.5928962230682373,0.5947818756103516,0.5991503000259399,0.6058270931243896,0.6140093207359314,0.6180244088172913,0.6207787990570068,0.6240553259849548
2736,-0.6070932745933533,60.03517150878906,10.126470565795898,83.27815246582031,0.607093334197998,0.6066596508026123,0.009255483746528625,0.5914211273193359,0.5930078029632568,0.5952411890029907,0.6003937721252441,0.6066596508026123,0.6140881776809692,0.6180574893951416,0.6207787990570068,0.6240553259849548
2784,-0.6073164939880371,59.916099548339844,10.169440269470215,83.1388168334961,0.6073164939880371,0.6075106263160706,0.00918033067137003,0.5914211273193359,0.5930078029632568,0.5954899787902832,0.60045325756073,0.6075106263160706,0.6141859292984009,0.6180574893951416,0.6207787990570068,0.6240553259849548
2832,-0.6079890131950378,59.8072509765625,10.223634719848633,83.00699806213379,0.6079890131950378,0.6086597442626953,0.009177418425679207,0.5914211273193359,0.5930078029632568,0.5956091284751892,0.6007237434387207,0.6086597442626953,0.6145839691162109,0.6197027564048767,0.6216980814933777,0.6240553259849548
2880,-0.6091933250427246,59.682823181152344,10.27450180053711,82.8574447631836,0.6091933250427246,0.6087263822555542,0.010488620959222317,0.5914211273193359,0.5930920839309692,0.5960466861724854,0.6009562611579895,0.6087263822555542,0.6156150102615356,0.6209971904754639,0.6263041496276855,0.6318165063858032
2928,-0.6094946265220642,59.558956146240234,10.312023162841797,82.71260452270508,0.609494686126709,0.6091777086257935,0.010657964274287224,0.5914211273193359,0.5930920839309692,0.5960466861724854,0.6013364791870117,0.6091777086257935,0.6159246563911438,0.6212446093559265,0.627497673034668,0.6318165063858032
2976,-0.6099543571472168,59.43619918823242,10.352791786193848,82.56681632995605,0.6099543571472168,0.6100993156433105,0.010675658471882343,0.5914211273193359,0.5947375893592834,0.596088171005249,0.601831316947937,0.6100993156433105,0.6163082122802734,0.6220414042472839,0.627497673034668,0.6318165063858032
3024,-0.610177755355835,59.31285095214844,10.411417961120605,82.41714477539062,0.610177755355835,0.610419750213623,0.010493970476090908,0.5918213725090027,0.5947375893592834,0.5971745848655701,0.6023265719413757,0.610419750213623,0.6163082122802734,0.6220414042472839,0.627497673034668,0.6318165063858032
3072,-0.6111578941345215,59.192928314208984,10.471270561218262,82.26947212219238,0.6111578941345215,0.6118921041488647,0.010390335693955421,0.5918213725090027,0.5947375893592834,0.5972630381584167,0.6039586663246155,0.6118921041488647,0.6166726350784302,0.6234840750694275,0.6281787753105164,0.6318165063858032
3120,-0.611897885799408,59.071712493896484,10.518702507019043,82.12434959411621,0.611897885799408,0.6121327877044678,0.010959808714687824,0.5918213725090027,0.5955798029899597,0.5976111888885498,0.6052454710006714,0.6121327877044678,0.6171028017997742,0.6240554451942444,0.6289430856704712,0.6332359313964844
3168,-0.6124024391174316,58.94562911987305,10.568208694458008,81.97129440307617,0.6124024391174316,0.6129148602485657,0.011037453077733517,0.5918229818344116,0.5955798029899597,0.5976111888885498,0.6056603193283081,0.6129148602485657,0.6188820600509644,0.6248186826705933,0.6289430856704712,0.6332359313964844
3216,-0.6128910779953003,58.812522888183594,10.619028091430664,81.81198120117188,0.6128910183906555,0.6131875514984131,0.011156587861478329,0.5918229818344116,0.5960138440132141,0.5976111888885498,0.6057706475257874,0.6131875514984131,0.6195554137229919,0.6262598037719727,0.6299971342086792,0.6332359313964844
3264,-0.6132482886314392,58.679588317871094,10.64754867553711,81.65578842163086,0.6132482886314392,0.6136885285377502,0.011099755764007568,0.5918229818344116,0.5960138440132141,0.5976111888885498,0.6058077216148376,0.6136885285377502,0.6197447180747986,0.6262598037719727,0.6299971342086792,0.6332359313964844
3312,-0.6138367056846619,58.547847747802734,10.6834716796875,81.49729919433594,0.6138367056846619,0.6142364740371704,0.010847838595509529,0.5947647094726562,0.5968611836433411,0.5995016098022461,0.6065621972084045,0.6142364740371704,0.6199716925621033,0.6264199614524841,0.6299971342086792,0.6332359313964844
3360,-0.6143930554389954,58.41776657104492,10.733012199401855,81.33962059020996,0.6143930554389954,0.6142364740371704,0.010797879658639431,0.5960103869438171,0.5971783399581909,0.6000183820724487,0.606708288192749,0.6142364740371704,0.6200610399246216,0.6293924450874329,0.630669891834259,0.6334022879600525
3408,-0.6149064302444458,58.28131103515625,10.789405822753906,81.17350578308105,0.6149064898490906,0.6147682070732117,0.010608862154185772,0.5967153906822205,0.5972675681114197,0.6004586815834045,0.6071346998214722,0.6147682070732117,0.6202917695045471,0.6295700669288635,0.6318492293357849,0.6361744999885559
3456,-0.6155126690864563,58.140968322753906,10.828463554382324,81.00566291809082,0.6155126690864563,0.6149823665618896,0.010802810080349445,0.5967153906822205,0.5972675681114197,0.6004586815834045,0.6085479855537415,0.6149823665618896,0.6212764978408813,0.6297836899757385,0.6328935623168945,0.6372326612472534
3504,-0.6160666346549988,58.00887680053711,10.87598705291748,80.84492111206055,0.6160666346549988,0.6154960989952087,0.011065281927585602,0.5967153906822205,0.5972675681114197,0.6027219891548157,0.6086969971656799,0.6154960989952087,0.6213945746421814,0.630004346370697,0.6359376311302185,0.6375361084938049
3552,-0.6165039539337158,57.8673095703125,10.917470932006836,80.67459487915039,0.6165039539337158,0.6159210205078125,0.010860886424779892,0.5971805453300476,0.5991968512535095,0.6032126545906067,0.6099656224250793,0.6159210205078125,0.6218918561935425,0.630004346370697,0.6359376311302185,0.6375361084938049
3600,-0.6170323491096497,57.72820281982422,10.968498229980469,80.50359153747559,0.6170322895050049,0.616075873374939,0.010881597176194191,0.5971805453300476,0.5991968512535095,0.6033052802085876,0.6115823984146118,0.616075873374939,0.6229806542396545,0.6301825046539307,0.6369661688804626,0.6398940086364746
3648,-0.6174373626708984,57.589691162109375,11.003684043884277,80.3376693725586,0.6174373626708984,0.6162972450256348,0.011160199530422688,0.5971805453300476,0.5991968512535095,0.6033052802085876,0.6117677092552185,0.6162972450256348,0.6237553954124451,0.6327120065689087,0.6369661688804626,0.6421206593513489
3696,-0.6178221106529236,57.440345764160156,11.049232482910156,80.15499114990234,0.6178221702575684,0.616687536239624,0.010957757942378521,0.5971805453300476,0.6005669832229614,0.6048381328582764,0.6117677092552185,0.616687536239624,0.6239877343177795,0.6327120065689087,0.6369661688804626,0.6421206593513489
3744,-0.6182163953781128,57.29331588745117,11.09283447265625,79.97764015197754,0.6182163953781128,0.616794764995575,0.011065304279327393,0.5971805453300476,0.6005669832229614,0.6048381328582764,0.611929178237915,0.616794764995575,0.6239877343177795,0.6329600811004639,0.6371509432792664,0.643437385559082
3792,-0.6189101934432983,57.14264678955078,11.147422790527344,79.79105186462402,0.6189101934432983,0.616794764995575,0.011098385788500309,0.5989212393760681,0.6010286808013916,0.6056658029556274,0.612175703048706,0.616794764995575,0.6255192756652832,0.634317934513092,0.6381486654281616,0.643437385559082
3840,-0.6192435026168823,56.9818115234375,11.187731742858887,79.59516525268555,0.6192435026168823,0.616876482963562,0.011100114323198795,0.598935604095459,0.6010286808013916,0.6056658029556274,0.6126699447631836,0.616876482963562,0.6267480254173279,0.634317934513092,0.6381486654281616,0.643437385559082
3888,-0.6197293996810913,56.809661865234375,11.218493461608887,79.38900375366211,0.6197293400764465,0.6178901195526123,0.011009449139237404,0.598935604095459,0.6032231450080872,0.6065655946731567,0.6128543019294739,0.6178901195526123,0.6275520324707031,0.634317934513092,0.6381486654281616,0.643437385559082
3936,-0.6202688217163086,56.650665283203125,11.254655838012695,79.19726753234863,0.6202688813209534,0.6189504265785217,0.010910646058619022,0.6001713871955872,0.6032231450080872,0.6067105531692505,0.613163948059082,0.6189504265785217,0.6281661987304688,0.634317934513092,0.6381486654281616,0.643437385559082
3984,-0.6209660768508911,56.4786376953125,11.28836727142334,78.99052047729492,0.6209661364555359,0.6198147535324097,0.01097370870411396,0.6001713871955872,0.6032231450080872,0.6071929335594177,0.6142939925193787,0.6198147535324097,0.6285550594329834,0.6358026266098022,0.6381486654281616,0.643437385559082
4032,-0.6213894486427307,56.319114685058594,11.330297470092773,78.79647636413574,0.6213894486427307,0.6202079653739929,0.01141674816608429,0.6001713871955872,0.6032231450080872,0.6071929335594177,0.6142939925193787,0.6202079653739929,0.6295649409294128,0.635991632938385,0.6397063136100769,0.6504322290420532
4080,-0.6217763423919678,56.146934509277344,11.3808012008667,78.58337593078613,0.6217763423919678,0.620550274848938,0.011536560952663422,0.6001859307289124,0.6032231450080872,0.6071929335594177,0.6145870089530945,0.620550274848938,0.6297772526741028,0.6369688510894775,0.6398800611495972,0.6504322290420532
4128,-0.6223100423812866,55.96685028076172,11.427103042602539,78.36538314819336,0.6223100423812866,0.6211196780204773,0.01193431206047535,0.6001859307289124,0.6032231450080872,0.6071929335594177,0.6145870089530945,0.6211196780204773,0.6298997402191162,0.6370777487754822,0.6404021978378296,0.650726318359375
4176,-0.6231788992881775,55.77384567260742,11.470327377319336,78.13166999816895,0.6231789588928223,0.6233100891113281,0.011987943202257156,0.6001859307289124,0.60402911901474,0.6080347895622253,0.6149049401283264,0.6233100891113281,0.6302003264427185,0.6370777487754822,0.6441158652305603,0.6509295701980591
4224,-0.6241580247879028,55.59136962890625,11.513101577758789,77.9093017578125,0.6241580843925476,0.624003529548645,0.012596501037478447,0.6004898548126221,0.604843258857727,0.6083729267120361,0.6149049401283264,0.624003529548645,0.6308414936065674,0.6398981809616089,0.6504378318786621,0.651564359664917
4272,-0.6249328255653381,55.3978271484375,11.550357818603516,77.67655563354492,0.6249327659606934,0.6250272393226624,0.012391357682645321,0.6023762822151184,0.6071969270706177,0.6097201704978943,0.6149049401283264,0.6250272393226624,0.6326679587364197,0.6405801773071289,0.6504378318786621,0.651564359664917
4320,-0.6255409717559814,55.21202850341797,11.582324028015137,77.45076560974121,0.6255409121513367,0.6257854700088501,0.012435726821422577,0.6035937070846558,0.608029842376709,0.6109787225723267,0.6150109171867371,0.6257854700088501,0.6328876614570618,0.6427353620529175,0.6504378318786621,0.651564359664917
4368,-0.625886082649231,55.02389144897461,11.615660667419434,77.22455406188965,0.6258860230445862,0.6257854700088501,0.01282751839607954,0.6036935448646545,0.608029842376709,0.6109787225723267,0.6151140332221985,0.6257854700088501,0.6328876614570618,0.645204484462738,0.6507315039634705,0.6526761054992676
4416,-0.6266390085220337,54.82404708862305,11.643293380737305,76.9840259552002,0.6266390085220337,0.6262983083724976,0.012636695057153702,0.6071941256523132,0.6084458827972412,0.612023651599884,0.6156980395317078,0.6262983083724976,0.6339578032493591,0.6456534266471863,0.6507315039634705,0.6526761054992676
4464,-0.627447247505188,54.6247673034668,11.68507194519043,76.73908424377441,0.6274471879005432,0.6265835165977478,0.012688065879046917,0.6083772778511047,0.6096363663673401,0.6128817796707153,0.6160352826118469,0.6265835165977478,0.6348044872283936,0.6461949944496155,0.6509265303611755,0.6533771753311157
4512,-0.6278209686279297,54.428314208984375,11.728927612304688,76.4964828491211,0.6278209686279297,0.6270606517791748,0.012605568394064903,0.6083772778511047,0.6110588312149048,0.613216757774353,0.6165184378623962,0.6270606517791748,0.6353208422660828,0.6461949944496155,0.6509265303611755,0.6533771753311157
4560,-0.62882000207901,54.233558654785156,11.762694358825684,76.25827407836914,0.6288199424743652,0.628210186958313,0.013055996969342232,0.6084473133087158,0.6124210953712463,0.6139053106307983,0.617558479309082,0.628210186958313,0.6357437372207642,0.646906852722168,0.6526959538459778,0.6560707688331604
4608,-0.6291289925575256,54.01598358154297,11.80128002166748,75.98956108093262,0.6291289329528809,0.6285549402236938,0.013174307532608509,0.6084473133087158,0.6124210953712463,0.6139053106307983,0.617558479309082,0.6285549402236938,0.6357437372207642,0.6500497460365295,0.6526959538459778,0.6560707688331604
4656,-0.6293674111366272,53.81505584716797,11.846044540405273,75.73920440673828,0.6293674111366272,0.6286724805831909,0.013083445839583874,0.6084473133087158,0.6124210953712463,0.6139053106307983,0.6177535057067871,0.6286724805831909,0.6357437372207642,0.6500497460365295,0.6526959538459778,0.6560707688331604
4704,-0.6300001740455627,53.6079216003418,11.901659965515137,75.4776496887207,0.630000114440918,0.6293901205062866,0.013185267336666584,0.6084473133087158,0.6124210953712463,0.6139530539512634,0.6177535057067871,0.6293901205062866,0.6369019746780396,0.6500497460365295,0.6526959538459778,0.6560707688331604
4752,-0.6310388445854187,53.394283294677734,11.935523986816406,75.21756935119629,0.6310387849807739,0.6305951476097107,0.013469230383634567,0.6084473133087158,0.6127031445503235,0.6143761277198792,0.6191721558570862,0.6305951476097107,0.6379775404930115,0.6507733464241028,0.6537073254585266,0.6578457951545715
4800,-0.6320239305496216,53.1795654296875,11.978843688964844,74.9478530883789,0.6320239305496216,0.6317108869552612,0.014095460064709187,0.610621452331543,0.6134023666381836,0.6145801544189453,0.6233588457107544,0.6317108869552612,0.6390668153762817,0.6513152718544006,0.6560346484184265,0.6624360084533691
4848,-0.6325199007987976,52.96693420410156,12.03766918182373,74.67705535888672,0.6325199007987976,0.6320222020149231,0.014164905063807964,0.610621452331543,0.613856852054596,0.6148925423622131,0.6237190365791321,0.6320222020149231,0.6397963166236877,0.6513152718544006,0.6560346484184265,0.6624360084533691
4896,-0.632698118686676,52.756038665771484,12.067113876342773,74.41688346862793,0.632698118686676,0.6320222020149231,0.014055813662707806,0.6126911640167236,0.613906741142273,0.6150280833244324,0.6237190365791321,0.6320222020149231,0.640155553817749,0.6513152718544006,0.6560346484184265,0.6624360084533691
4944,-0.6337515711784363,52.52622604370117,12.11081314086914,74.12935447692871,0.6337515711784363,0.6322240233421326,0.01475901436060667,0.6126911640167236,0.613906741142273,0.6152194142341614,0.6243845820426941,0.6322240233421326,0.6428349614143372,0.6532683968544006,0.6579771637916565,0.6677222847938538
4992,-0.6345164179801941,52.297515869140625,12.150996208190918,73.84247970581055,0.6345164775848389,0.6325864791870117,0.014855519868433475,0.6126911640167236,0.613906741142273,0.6152194142341614,0.6255853772163391,0.6325864791870117,0.6433141231536865,0.6536901593208313,0.6618649363517761,0.6677222847938538
5040,-0.6354372501373291,52.07097625732422,12.187300682067871,73.5605297088623,0.6354373097419739,0.6331892013549805,0.01481580175459385,0.6133014559745789,0.613906741142273,0.6160975694656372,0.6260801553726196,0.6331892013549805,0.6458603143692017,0.6546157002449036,0.6618650555610657,0.670695424079895
5088,-0.636430561542511,51.83564758300781,12.217948913574219,73.26784324645996,0.636430561542511,0.6349256634712219,0.014851259998977184,0.6133014559745789,0.6139554977416992,0.6172305345535278,0.6263123154640198,0.6349256634712219,0.6470731496810913,0.6549088358879089,0.6618650555610657,0.670695424079895
5136,-0.6374552845954895,51.59558868408203,12.263025283813477,72.96537399291992,0.6374552845954895,0.6352466940879822,0.015523888170719147,0.6139076352119446,0.615580677986145,0.6173446178436279,0.6263123154640198,0.6352466940879822,0.6478626132011414,0.6561224460601807,0.6676622629165649,0.6770990490913391
5184,-0.6380180716514587,51.35387420654297,12.289655685424805,72.66550254821777,0.6380181312561035,0.6355443596839905,0.015240197069942951,0.6145839095115662,0.6161794662475586,0.6211715936660767,0.6264989376068115,0.6355443596839905,0.6478626132011414,0.6577078104019165,0.6676622629165649,0.6770990490913391
5232,-0.639086902141571,51.105712890625,12.322202682495117,72.35305786132812,0.639086902141571,0.6358420252799988,0.015656739473342896,0.6156038641929626,0.6173155903816223,0.6218035221099854,0.6265433430671692,0.6358420252799988,0.6498293280601501,0.6597014665603638,0.6701586842536926,0.6770990490913391
5280,-0.6399235129356384,50.868797302246094,12.359084129333496,72.04933738708496,0.6399235129356384,0.6359632611274719,0.015368238091468811,0.6161971688270569,0.6201372742652893,0.6226471066474915,0.6279573440551758,0.6359632611274719,0.6500333547592163,0.6621308922767639,0.6701586842536926,0.6770990490913391
5328,-0.64098060131073,50.63201141357422,12.388299942016602,71.75232315063477,0.64098060131073,0.6367032527923584,0.01555612776428461,0.6173273921012878,0.622266411781311,0.6245362162590027,0.6287086009979248,0.6367032527923584,0.650262176990509,0.6621308922767639,0.6718825101852417,0.6798897385597229
5376,-0.6416798830032349,50.39251708984375,12.42215633392334,71.4421215057373,0.6416799426078796,0.6382951736450195,0.015332736074924469,0.6173273921012878,0.622266411781311,0.6253829598426819,0.6304752230644226,0.6382951736450195,0.650262176990509,0.6622099280357361,0.6718825101852417,0.6798897385597229
5424,-0.6424691677093506,50.155662536621094,12.459182739257812,71.13751983642578,0.6424691081047058,0.6399029493331909,0.015383058227598667,0.6177597045898438,0.622266411781311,0.6259489059448242,0.6311737895011902,0.6399029493331909,0.6509085893630981,0.6655087471008301,0.6718825101852417,0.6798897385597229
5472,-0.6436612606048584,49.897056579589844,12.51092529296875,70.80084419250488,0.6436612606048584,0.641395628452301,0.015881702303886414,0.6192845702171326,0.6223273277282715,0.6264255046844482,0.6314558386802673,0.641395628452301,0.651490330696106,0.6672133207321167,0.672036349773407,0.6804075241088867
5520,-0.6445008516311646,49.638423919677734,12.552433013916016,70.467529296875,0.6445009112358093,0.6435439586639404,0.016196535900235176,0.6192845702171326,0.6223273277282715,0.6264255046844482,0.6326361894607544,0.6435439586639404,0.6535012125968933,0.667644739151001,0.6736079454421997,0.6804075241088867
5568,-0.644987940788269,49.37824249267578,12.579489707946777,70.13692855834961,0.6449880003929138,0.6436693668365479,0.016163799911737442,0.6202430129051208,0.6223592758178711,0.6264255046844482,0.633414089679718,0.6436693668365479,0.6543788909912109,0.6688458919525146,0.6736079454421997,0.6804075241088867
5616,-0.6463198065757751,49.106727600097656,12.609789848327637,69.78907775878906,0.6463198065757751,0.6440017819404602,0.016848525032401085,0.6202430129051208,0.622517466545105,0.6272447109222412,0.6341046094894409,0.6440017819404602,0.6556563973426819,0.670721709728241,0.6799020767211914,0.6860759258270264
5664,-0.6475149393081665,48.84104537963867,12.619443893432617,69.4574203491211,0.647515058517456,0.644745945930481,0.01652640849351883,0.6225172281265259,0.6263494491577148,0.6285226941108704,0.6357159614562988,0.644745945930481,0.6562405228614807,0.6717814803123474,0.6818537712097168,0.6860759258270264
5712,-0.648412823677063,48.56440734863281,12.657922744750977,69.10132217407227,0.6484128832817078,0.645236611366272,0.015975596383213997,0.6243334412574768,0.6272834539413452,0.6295977830886841,0.6365127563476562,0.645236611366272,0.6562405228614807,0.6717814803123474,0.6818537712097168,0.6860759258270264
5760,-0.649914562702179,48.29228973388672,12.679161071777344,68.7525806427002,0.649914562702179,0.6462672352790833,0.016719764098525047,0.6243334412574768,0.6272834539413452,0.6311076879501343,0.6385543346405029,0.6462672352790833,0.6580876111984253,0.6734330058097839,0.6834103465080261,0.6885923147201538
5808,-0.6508386731147766,48.021568298339844,12.691927909851074,68.41042518615723,0.6508386731147766,0.6479983329772949,0.016837427392601967,0.6243816614151001,0.6272834539413452,0.632643461227417,0.6392965316772461,0.6479983329772949,0.6613233685493469,0.6741408705711365,0.6834103465080261,0.6885923147201538
5856,-0.6519668698310852,47.75129318237305,12.71494197845459,68.06297874450684,0.6519668698310852,0.649689793586731,0.016463149338960648,0.6264259219169617,0.6287134885787964,0.6341065764427185,0.6412485837936401,0.649689793586731,0.6613233685493469,0.6771038770675659,0.6834103465080261,0.6885923147201538
5904,-0.6528137922286987,47.48478317260742,12.741998672485352,67.71766090393066,0.6528138518333435,0.6503655910491943,0.016563381999731064,0.6264259219169617,0.6287134885787964,0.6344666481018066,0.6417247653007507,0.6503655910491943,0.6624681949615479,0.6773112416267395,0.6834103465080261,0.6885923147201538
5952,-0.6538517475128174,47.202388763427734,12.759040832519531,67.35797309875488,0.6538516879081726,0.6510488986968994,0.016038428992033005,0.6273050308227539,0.6338455080986023,0.6359395384788513,0.642561674118042,0.6510488986968994,0.6633332967758179,0.6773112416267395,0.6834103465080261,0.6887083053588867
6000,-0.6551001667976379,46.8994140625,12.78864860534668,66.96551704406738,0.6551001071929932,0.6517598628997803,0.015996305271983147,0.6287574768066406,0.6346947550773621,0.637571394443512,0.6436011791229248,0.6517598628997803,0.6644124388694763,0.679395318031311,0.6859591007232666,0.6887083053588867
6048,-0.6557582020759583,46.5888786315918,12.809499740600586,66.563232421875,0.6557580828666687,0.6529276371002197,0.015884656459093094,0.6287574768066406,0.6346947550773621,0.6380243897438049,0.6439814567565918,0.6529276371002197,0.6654056310653687,0.6807716488838196,0.6859591007232666,0.6887083053588867
6096,-0.6561987400054932,46.301910400390625,12.842521667480469,66.17910957336426,0.6561987400054932,0.6533809304237366,0.015874987468123436,0.6287574768066406,0.6351689696311951,0.6392000913619995,0.6439814567565918,0.6533809304237366,0.666427731513977,0.6807716488838196,0.6859591007232666,0.6887083053588867
6144,-0.6572155356407166,45.99971008300781,12.873891830444336,65.7779426574707,0.6572155952453613,0.6541167497634888,0.015982363373041153,0.6287574768066406,0.6380246877670288,0.6399241089820862,0.6442984342575073,0.6541167497634888,0.6666032075881958,0.6819159388542175,0.686789333820343,0.693949282169342
6192,-0.6582688689231873,45.69932174682617,12.904424667358398,65.3789176940918,0.6582689881324768,0.6545251607894897,0.01575247384607792,0.6340996026992798,0.6380246877670288,0.6406627297401428,0.64677494764328,0.6545251607894897,0.6675190925598145,0.6834899187088013,0.686789333820343,0.693949282169342
6240,-0.6588486433029175,45.380516052246094,12.939234733581543,64.95357322692871,0.6588487029075623,0.6545251607894897,0.015952324494719505,0.6352041363716125,0.6380246877670288,0.6418474912643433,0.647878885269165,0.6545251607894897,0.6676715612411499,0.6834899187088013,0.6886777877807617,0.6958286762237549
6288,-0.6594567894935608,45.0526123046875,12.941465377807617,64.53189468383789,0.6594568490982056,0.6546545624732971,0.015627162531018257,0.6371496915817261,0.6399242281913757,0.6423313021659851,0.6487072706222534,0.6546545624732971,0.6676715612411499,0.6834899187088013,0.6886777877807617,0.6958286762237549
6336,-0.6604874134063721,44.723052978515625,12.956629753112793,64.10179805755615,0.6604874134063721,0.6571691632270813,0.015912579372525215,0.6371496915817261,0.6399242281913757,0.6423313021659851,0.6503826975822449,0.6571691632270813,0.6684256792068481,0.6854956150054932,0.6904257535934448,0.700655460357666
6384,-0.6616430282592773,44.404014587402344,12.974969863891602,63.678725242614746,0.6616429686546326,0.6571691632270813,0.015946336090564728,0.6380517482757568,0.6420395374298096,0.6446679830551147,0.6515502333641052,0.6571691632270813,0.6706584095954895,0.6859956979751587,0.6939458250999451,0.700655460357666
6432,-0.662344217300415,44.06525802612305,12.98359489440918,63.23564147949219,0.6623441576957703,0.6588129997253418,0.01587427221238613,0.6380517482757568,0.6422331929206848,0.6446679830551147,0.6517947912216187,0.6588129997253418,0.6724400520324707,0.6859956979751587,0.6939458250999451,0.700655460357666
6480,-0.6628949046134949,43.719879150390625,12.998191833496094,62.778292655944824,0.6628949046134949,0.6590585708618164,0.015850277617573738,0.6380517482757568,0.6422331929206848,0.6450165510177612,0.6517947912216187,0.6590585708618164,0.6729199886322021,0.6863910555839539,0.6946806907653809,0.700655460357666
6528,-0.6651950478553772,43.40247344970703,13.017536163330078,62.35361385345459,0.665195107460022,0.6622549295425415,0.01622036099433899,0.6380517482757568,0.6422331929206848,0.6460447907447815,0.6533162593841553,0.6622549295425415,0.676423192024231,0.6886735558509827,0.6968820691108704,0.700655460357666
6576,-0.6658753156661987,43.06043243408203,13.046168327331543,61.88411998748779,0.6658753156661987,0.663517951965332,0.0162524227052927,0.6380517482757568,0.6422331929206848,0.6460447907447815,0.6541370153427124,0.663517951965332,0.676423192024231,0.6886735558509827,0.6968820691108704,0.700655460357666
6624,-0.6666268706321716,42.73411178588867,13.06403923034668,61.44331932067871,0.6666268706321716,0.6643632054328918,0.016329415142536163,0.6380517482757568,0.6422331929206848,0.6460447907447815,0.6543271541595459,0.6643632054328918,0.6769606471061707,0.6897516846656799,0.6968820691108704,0.7006853818893433
6672,-0.6684222221374512,42.3614501953125,13.077494621276855,60.94230556488037,0.6684222221374512,0.6656264066696167,0.01646573469042778,0.6380517482757568,0.6422331929206848,0.6495369672775269,0.6569727063179016,0.6656264066696167,0.6793819665908813,0.6939787268638611,0.6990838050842285,0.7006853818893433
6720,-0.6698011755943298,42.02815246582031,13.102892875671387,60.48551082611084,0.6698011755943298,0.6674898862838745,0.016996731981635094,0.6380517482757568,0.6422331929206848,0.6506674885749817,0.6579605340957642,0.6674898862838745,0.6810538172721863,0.6946597695350647,0.6990838050842285,0.7006853818893433
6768,-0.6708652973175049,41.68490219116211,13.125526428222656,60.01438522338867,0.6708651781082153,0.669596791267395,0.017149312421679497,0.6406850814819336,0.6422331929206848,0.6506674885749817,0.6593965291976929,0.669596791267395,0.6817597150802612,0.696915328502655,0.7000044584274292,0.701835572719574
6816,-0.672872006893158,41.336021423339844,13.163797378540039,59.52313804626465,0.6728720664978027,0.6714036464691162,0.017667489126324654,0.6419455409049988,0.6434675455093384,0.651650071144104,0.6619418859481812,0.6714036464691162,0.6822453737258911,0.6990517973899841,0.7019016742706299,0.7051782011985779
6864,-0.6740452647209167,40.995025634765625,13.183403015136719,59.04178428649902,0.674045205116272,0.6721651554107666,0.017124449834227562,0.6422392129898071,0.6440762281417847,0.6562007069587708,0.6634143590927124,0.6721651554107666,0.6828694343566895,0.6990517973899841,0.7040354013442993,0.7053943872451782
6912,-0.6754450798034668,40.62590026855469,13.17763900756836,58.53961753845215,0.6754451990127563,0.6731014847755432,0.01733168214559555,0.6434739828109741,0.6512473821640015,0.6562505960464478,0.6641247868537903,0.6731014847755432,0.6846346259117126,0.7018176317214966,0.7051942944526672,0.7092613577842712
6960,-0.6766455173492432,40.28007125854492,13.22266960144043,58.04436779022217,0.6766455173492432,0.6732061505317688,0.018046747893095016,0.6434739828109741,0.6516786813735962,0.6568487286567688,0.6642442941665649,0.6732061505317688,0.6896559000015259,0.7040321826934814,0.7063694596290588,0.7141245007514954
7008,-0.6781010031700134,39.907379150390625,13.24353313446045,57.5197696685791,0.6781009435653687,0.6743259429931641,0.018221275880932808,0.6472262144088745,0.653662919998169,0.6570977568626404,0.6658971309661865,0.6743259429931641,0.6896559000015259,0.7044817805290222,0.7126311659812927,0.7215863466262817
7056,-0.6799598336219788,39.55506134033203,13.260513305664062,57.019713401794434,0.6799598932266235,0.6781541109085083,0.018138164654374123,0.6511505246162415,0.6558428406715393,0.6573971509933472,0.6684620380401611,0.6781541109085083,0.690056324005127,0.7049004435539246,0.7126311659812927,0.7223311066627502
7104,-0.680723249912262,39.20008850097656,13.273797988891602,56.522643089294434,0.6807231307029724,0.6784281730651855,0.018016429618000984,0.6511584520339966,0.6558428406715393,0.6575930118560791,0.6702620387077332,0.6784281730651855,0.69185471534729,0.7050834894180298,0.7126311659812927,0.7223311066627502
7152,-0.6815609335899353,38.84000778198242,13.301315307617188,56.005019187927246,0.6815610527992249,0.6790322661399841,0.018073078244924545,0.6511584520339966,0.6564978361129761,0.6579580903053284,0.6705406308174133,0.6790322661399841,0.6920332312583923,0.7067440152168274,0.7126311659812927,0.7223311066627502
7200,-0.6826333403587341,38.48491668701172,13.321856498718262,55.48873996734619,0.6826332807540894,0.6803122758865356,0.018230054527521133,0.6511584520339966,0.6564978361129761,0.658645749092102,0.6707066893577576,0.6803122758865356,0.6973943710327148,0.7067440152168274,0.7126311659812927,0.7223311066627502
7248,-0.6842409372329712,38.10252380371094,13.322855949401855,54.95067882537842,0.6842409372329712,0.682148814201355,0.017869269475340843,0.6525224447250366,0.6571095585823059,0.6620131731033325,0.6730408072471619,0.682148814201355,0.6973943710327148,0.7097755074501038,0.7132942080497742,0.7223311066627502
7296,-0.6851921081542969,37.718841552734375,13.324419975280762,54.40865135192871,0.6851921081542969,0.6830222010612488,0.017648503184318542,0.6544355750083923,0.6571095585823059,0.6620131731033325,0.6739208102226257,0.6830222010612488,0.6974683403968811,0.709807276725769,0.7132942080497742,0.7223311066627502
7344,-0.6859768629074097,37.31896209716797,13.314898490905762,53.84079456329346,0.6859769225120544,0.6833853721618652,0.01800127699971199,0.6544355750083923,0.6572331786155701,0.662671685218811,0.6742591857910156,0.6833853721618652,0.7002378106117249,0.7108444571495056,0.7132942080497742,0.7241984009742737
7392,-0.687928318977356,36.913604736328125,13.29774284362793,53.27362060546875,0.6879282593727112,0.6847110986709595,0.017873845994472504,0.6572367548942566,0.660258948802948,0.664255678653717,0.6753642559051514,0.6847110986709595,0.7003504037857056,0.7125608921051025,0.7216896414756775,0.7246208190917969
7440,-0.6887240409851074,36.525447845458984,13.323458671569824,52.70842266082764,0.6887240409851074,0.686977207660675,0.018005438148975372,0.6579781770706177,0.6610091328620911,0.6662948727607727,0.6758018136024475,0.686977207660675,0.7024761438369751,0.7125608921051025,0.7216896414756775,0.7251845002174377
7488,-0.6900057792663574,36.145137786865234,13.351430892944336,52.142337799072266,0.6900057792663574,0.6896555423736572,0.018331559374928474,0.6593510508537292,0.661983072757721,0.6663455963134766,0.6758018136024475,0.6896555423736572,0.7024761438369751,0.7151461839675903,0.7251273989677429,0.7293870449066162
7536,-0.691119372844696,35.7529296875,13.358940124511719,51.570199966430664,0.6911194324493408,0.6900376081466675,0.01849977672100067,0.6609851717948914,0.6630873084068298,0.6666571497917175,0.6762071847915649,0.6900376081466675,0.7036888599395752,0.7151461839675903,0.7251273989677429,0.7293870449066162
7584,-0.6926820874214172,35.326026916503906,13.348196983337402,50.95090293884277,0.6926820874214172,0.692415177822113,0.018544353544712067,0.6619516015052795,0.6641348004341125,0.666831374168396,0.6792701482772827,0.692415177822113,0.7049822807312012,0.7184467315673828,0.7251273989677429,0.7293870449066162
7632,-0.6943241953849792,34.89680099487305,13.355573654174805,50.3203239440918,0.6943241357803345,0.6939844489097595,0.018762344494462013,0.6620064973831177,0.6641348004341125,0.6684263348579407,0.6800681948661804,0.6939844489097595,0.7058292031288147,0.7205431461334229,0.7257859706878662,0.7298673391342163
7680,-0.695781409740448,34.477020263671875,13.336891174316406,49.71101379394531,0.695781409740448,0.6957421898841858,0.019067149609327316,0.6631118059158325,0.6644905805587769,0.6699336171150208,0.6818639039993286,0.6957421898841858,0.7072611451148987,0.7215988039970398,0.7280889749526978,0.7322535514831543
7728,-0.6972839832305908,34.050445556640625,13.34253215789795,49.0751838684082,0.6972841024398804,0.696321964263916,0.0189779344946146,0.6641443967819214,0.6660962700843811,0.6745107173919678,0.6836774945259094,0.696321964263916,0.7125770449638367,0.7234037518501282,0.7280889749526978,0.7344686388969421
7776,-0.6987443566322327,33.63075256347656,13.34482192993164,48.43935298919678,0.6987444162368774,0.6976118683815002,0.019201047718524933,0.6641443967819214,0.6699324250221252,0.6757850050926208,0.6838628053665161,0.6976118683815002,0.7132961750030518,0.7247336506843567,0.7297542095184326,0.741045355796814
7824,-0.6997024416923523,33.236328125,13.368093490600586,47.82174110412598,0.6997023820877075,0.6978399753570557,0.01965554803609848,0.6641443967819214,0.6699324250221252,0.6757850050926208,0.68490070104599,0.6978399753570557,0.7141836881637573,0.7278653383255005,0.7310259342193604,0.7410840392112732
7872,-0.7009705305099487,32.818572998046875,13.381349563598633,47.19367027282715,0.7009705305099487,0.6997781991958618,0.019628793001174927,0.6666864156723022,0.6709657907485962,0.6759595274925232,0.6865344643592834,0.6997781991958618,0.7164047360420227,0.7281047701835632,0.7310259342193604,0.742124080657959
7920,-0.7021554112434387,32.40144348144531,13.389158248901367,46.54274272918701,0.7021554708480835,0.700446605682373,0.018857810646295547,0.6700284481048584,0.675308883190155,0.6787276268005371,0.6874071359634399,0.700446605682373,0.7174819111824036,0.728441059589386,0.7310259342193604,0.742124080657959
7968,-0.7033203840255737,31.984901428222656,13.407585144042969,45.87776470184326,0.7033203840255737,0.7011470794677734,0.018840810284018517,0.6748369932174683,0.6759663224220276,0.6794162392616272,0.6888437271118164,0.7011470794677734,0.7184284329414368,0.7286046147346497,0.7325769662857056,0.7441805005073547
8016,-0.7049736380577087,31.534503936767578,13.410608291625977,45.17379951477051,0.7049736976623535,0.7020862698554993,0.019121654331684113,0.6748369932174683,0.6763094067573547,0.6821607351303101,0.6917868852615356,0.7020862698554993,0.7197657823562622,0.7299360036849976,0.7340279817581177,0.7451183795928955
8064,-0.7068215608596802,31.13681411743164,13.43742561340332,44.52279186248779,0.7068215012550354,0.7045600414276123,0.018418526276946068,0.6757997274398804,0.6818802952766418,0.6831924915313721,0.6953878998756409,0.7045600414276123,0.722117006778717,0.7318560481071472,0.7364305853843689,0.7451183795928955
8112,-0.7079136371612549,30.686321258544922,13.419891357421875,43.8194465637207,0.7079135775566101,0.7051019072532654,0.019046636298298836,0.6757997274398804,0.6818802952766418,0.6833621263504028,0.6954213380813599,0.7051019072532654,0.722117006778717,0.7329960465431213,0.7411084175109863,0.745984673500061
8160,-0.7088929414749146,30.235427856445312,13.389867782592773,43.1048469543457,0.7088930010795593,0.7071529626846313,0.019068893045186996,0.6757997274398804,0.6818802952766418,0.68434077501297,0.6956090331077576,0.7071529626846313,0.7221931219100952,0.7347304224967957,0.7411084175109863,0.747743546962738
8208,-0.7111230492591858,29.798423767089844,13.384611129760742,42.40071773529053,0.7111228704452515,0.7095701098442078,0.018897155299782753,0.6767852306365967,0.6829201579093933,0.6851503849029541,0.697486400604248,0.7095701098442078,0.7228621244430542,0.7350795865058899,0.7442171573638916,0.747743546962738
8256,-0.712255597114563,29.310009002685547,13.36444091796875,41.64001274108887,0.7122556567192078,0.7110907435417175,0.018862318247556686,0.6789743304252625,0.6831210851669312,0.6891654133796692,0.697486400604248,0.7110907435417175,0.7229427695274353,0.7366876602172852,0.7443346381187439,0.7519280314445496
8304,-0.7135438919067383,28.888607025146484,13.367213249206543,40.944804191589355,0.7135438323020935,0.7136455774307251,0.019317282363772392,0.6789743304252625,0.6831210851669312,0.6891654133796692,0.6994619965553284,0.7136455774307251,0.7274059057235718,0.7376443147659302,0.7479737401008606,0.753910481929779
8352,-0.7150354385375977,28.440181732177734,13.367691040039062,40.18146324157715,0.7150354981422424,0.7149574756622314,0.019366292282938957,0.6789743304252625,0.6833686828613281,0.6912081837654114,0.7013790011405945,0.7149574756622314,0.7279852032661438,0.7425829768180847,0.7519226670265198,0.753910481929779
8400,-0.715618908405304,27.99209213256836,13.355753898620605,39.422462463378906,0.715618908405304,0.7153812050819397,0.019235527142882347,0.6806831955909729,0.6851680278778076,0.6914776563644409,0.7013790011405945,0.7153812050819397,0.7279852032661438,0.7425829768180847,0.7519226670265198,0.7544254660606384
8448,-0.716875433921814,27.483983993530273,13.328289031982422,38.592997550964355,0.716875433921814,0.7178826928138733,0.019001523032784462,0.6806831955909729,0.6863117814064026,0.6952111721038818,0.7032988667488098,0.7178826928138733,0.7286802530288696,0.7429825663566589,0.7519226670265198,0.7544254660606384
8496,-0.7178889513015747,26.995906829833984,13.343409538269043,37.754011154174805,0.7178890109062195,0.7191012501716614,0.019246969372034073,0.6806831955909729,0.6890987157821655,0.6954174041748047,0.7038120031356812,0.7191012501716614,0.7290147542953491,0.7435353398323059,0.7528520226478577,0.756390392780304
8544,-0.7190772891044617,26.505023956298828,13.304479598999023,36.951735496520996,0.7190772891044617,0.7198178768157959,0.019358936697244644,0.6851215362548828,0.6890987157821655,0.6959778070449829,0.7040305137634277,0.7198178768157959,0.7336878776550293,0.7441995739936829,0.7537790536880493,0.756390392780304
8592,-0.7210642695426941,26.064298629760742,13.347946166992188,36.128010749816895,0.7210643291473389,0.720731258392334,0.019354788586497307,0.6863459944725037,0.6914100646972656,0.6978313326835632,0.704503059387207,0.720731258392334,0.7361990809440613,0.7464315891265869,0.7544745206832886,0.75682133436203
8640,-0.7226312160491943,25.62160301208496,13.334800720214844,35.33619499206543,0.7226312756538391,0.7222626209259033,0.019136600196361542,0.6863459944725037,0.6914100646972656,0.6979826092720032,0.7068519592285156,0.7222626209259033,0.7367054224014282,0.746654748916626,0.7544745206832886,0.7568437457084656
8688,-0.7241206169128418,25.160686492919922,13.341129302978516,34.5158576965332,0.7241206169128418,0.723024308681488,0.018430283293128014,0.6892673969268799,0.6967389583587646,0.7002969980239868,0.7112069725990295,0.723024308681488,0.7379802465438843,0.7480917572975159,0.7544745206832886,0.7568437457084656
8736,-0.7256503105163574,24.668502807617188,13.307523727416992,33.66810703277588,0.725650429725647,0.7256971597671509,0.018288319930434227,0.6892673969268799,0.6967389583587646,0.70268315076828,0.7124464511871338,0.7256971597671509,0.7401074767112732,0.7488327026367188,0.756257176399231,0.7568437457084656
8784,-0.7272928357124329,24.198802947998047,13.300311088562012,32.791008949279785,0.7272928357124329,0.7272446155548096,0.018144836649298668,0.6922257542610168,0.6979234218597412,0.702841579914093,0.7140275239944458,0.7272446155548096,0.7428598403930664,0.7513824701309204,0.7563894391059875,0.7578645348548889
8832,-0.7288023829460144,23.728443145751953,13.275546073913574,31.941476821899414,0.7288023233413696,0.7286269664764404,0.018452202901244164,0.6922257542610168,0.6981666088104248,0.7033896446228027,0.7153552770614624,0.7286269664764404,0.7443194389343262,0.7535005211830139,0.7578334212303162,0.7596861720085144
8880,-0.7299665808677673,23.282081604003906,13.278417587280273,31.075483322143555,0.7299665212631226,0.730981707572937,0.018513424322009087,0.6953210830688477,0.6981666088104248,0.7059696316719055,0.7160935401916504,0.730981707572937,0.7448858618736267,0.7535005211830139,0.7578334212303162,0.7596861720085144
8928,-0.7309936881065369,22.799694061279297,13.223669052124023,30.217281818389893,0.7309937477111816,0.7323247790336609,0.018363099545240402,0.696121871471405,0.6990810632705688,0.7067693471908569,0.7167384624481201,0.7323247790336609,0.7450597882270813,0.7546335458755493,0.7579547762870789,0.7602620124816895
8976,-0.7321254014968872,22.367244720458984,13.225505828857422,29.33708143234253,0.732125461101532,0.7329420447349548,0.017882339656352997,0.6981727480888367,0.700311005115509,0.7073460221290588,0.7177500128746033,0.7329420447349548,0.7454068660736084,0.756645143032074,0.7581393718719482,0.7603515982627869
9024,-0.7333115339279175,21.85550308227539,13.19140625,28.35380458831787,0.7333115935325623,0.7338079810142517,0.017910784110426903,0.6993757486343384,0.7011076211929321,0.7096698880195618,0.7184880971908569,0.7338079810142517,0.7475485801696777,0.7571199536323547,0.7592397332191467,0.7609654068946838
9072,-0.7342755794525146,21.40524673461914,13.161532402038574,27.450660228729248,0.7342756390571594,0.7351323366165161,0.0176278967410326,0.7001724243164062,0.7053108811378479,0.7111867666244507,0.7215866446495056,0.7351323366165161,0.7477408051490784,0.7583276629447937,0.7603559494018555,0.7631056904792786
9120,-0.7353025674819946,21.019508361816406,13.229887008666992,26.512589931488037,0.7353026866912842,0.736251950263977,0.017367856577038765,0.7054591178894043,0.7095863819122314,0.7112552523612976,0.7219476103782654,0.736251950263977,0.7487518787384033,0.7583276629447937,0.7606270909309387,0.7658140659332275
9168,-0.7367429137229919,20.524770736694336,13.204887390136719,25.495595455169678,0.7367430329322815,0.7369007468223572,0.016967391595244408,0.7081359624862671,0.7102511525154114,0.7119448184967041,0.7238531112670898,0.7369007468223572,0.7501245141029358,0.759297788143158,0.761803150177002,0.7669534087181091
9216,-0.7382417321205139,20.132835388183594,13.251958847045898,24.52274751663208,0.7382417321205139,0.7392430305480957,0.016870789229869843,0.7084652185440063,0.7111853957176208,0.7136795520782471,0.7254470586776733,0.7392430305480957,0.7522151470184326,0.760068416595459,0.7632003426551819,0.767412543296814
9264,-0.7394323348999023,19.70639419555664,13.25239372253418,23.558522701263428,0.7394322752952576,0.7404271364212036,0.01628519408404827,0.7102336287498474,0.7124144434928894,0.7170557379722595,0.7258085012435913,0.7404271364212036,0.7532356381416321,0.7601321339607239,0.7653060555458069,0.767412543296814
9312,-0.7406965494155884,19.309953689575195,13.31003475189209,22.53958225250244,0.7406965494155884,0.741768479347229,0.016110900789499283,0.7102336287498474,0.7153032422065735,0.7183336615562439,0.7274752855300903,0.741768479347229,0.7532356381416321,0.7619313597679138,0.7655491232872009,0.7682291269302368
9360,-0.7417454123497009,18.89337921142578,13.303632736206055,21.547619342803955,0.7417454719543457,0.741768479347229,0.01645706221461296,0.7127296924591064,0.7161483764648438,0.7183336615562439,0.7278700470924377,0.741768479347229,0.7551950216293335,0.7637692093849182,0.7663006782531738,0.7715243101119995
9408,-0.742878258228302,18.529943466186523,13.368610382080078,20.52142333984375,0.742878258228302,0.7422260046005249,0.015680896118283272,0.7127848863601685,0.71728515625,0.722884476184845,0.7303441762924194,0.7422260046005249,0.7555445432662964,0.7642116546630859,0.7663779258728027,0.7715243101119995
9456,-0.743846595287323,18.139373779296875,13.383285522460938,19.45113468170166,0.743846595287323,0.7434729337692261,0.015532391145825386,0.7163522243499756,0.7183845639228821,0.722884476184845,0.7322207689285278,0.7434729337692261,0.7561960816383362,0.7644087672233582,0.767501711845398,0.7715243101119995
9504,-0.7449404001235962,17.8016414642334,13.457002639770508,18.3579421043396,0.7449403405189514,0.7445976138114929,0.015340078622102737,0.7174361348152161,0.7199252247810364,0.7235321402549744,0.7325038313865662,0.7445976138114929,0.7574426531791687,0.7650398015975952,0.7689040303230286,0.7715243101119995
9552,-0.7457922101020813,17.493736267089844,13.586296081542969,17.188377380371094,0.7457921504974365,0.7446974515914917,0.014840662479400635,0.7180289626121521,0.7209452390670776,0.7262112498283386,0.7349597215652466,0.7446974515914917,0.758650541305542,0.7658567428588867,0.7697973847389221,0.7725852131843567
9600,-0.746641993522644,17.2868709564209,13.75412654876709,16.1217143535614,0.7466420531272888,0.7458956241607666,0.014491287991404533,0.7199158072471619,0.7211828231811523,0.7270083427429199,0.7371476888656616,0.7458956241607666,0.758650541305542,0.7658870816230774,0.7701979875564575,0.7726629376411438
9648,-0.7474749088287354,16.931049346923828,13.819498062133789,14.878820657730103,0.7474748492240906,0.7464293837547302,0.014577148482203484,0.7205200791358948,0.722805917263031,0.7275914549827576,0.7373251914978027,0.7464293837547302,0.7595247626304626,0.7660152912139893,0.7702270150184631,0.7726629376411438
9696,-0.7482074499130249,16.496862411499023,13.788570404052734,13.65416693687439,0.7482073903083801,0.7489982843399048,0.01436884980648756,0.7216672301292419,0.7262223362922668,0.7277146577835083,0.7373251914978027,0.7489982843399048,0.7604029178619385,0.7662386894226074,0.7710292339324951,0.7734840512275696
9744,-0.7488137483596802,16.29273796081543,13.926109313964844,12.524881839752197,0.748813807964325,0.7492738962173462,0.014143095351755619,0.7216672301292419,0.727439284324646,0.7291569709777832,0.7380920648574829,0.7492738962173462,0.7604029178619385,0.7662954330444336,0.7715545892715454,0.7735374569892883
9792,-0.749558687210083,16.29680061340332,14.30976390838623,11.250173807144165,0.7495586276054382,0.7492738962173462,0.01383882388472557,0.7239487767219543,0.7282796502113342,0.7322815656661987,0.7389869093894958,0.7492738962173462,0.7607772946357727,0.7680614590644836,0.7715643048286438,0.7743725776672363
9840,-0.7501987814903259,16.458005905151367,14.784785270690918,10.13635516166687,0.7501988410949707,0.7495655417442322,0.013833382166922092,0.7261753082275391,0.7290661334991455,0.7329720854759216,0.7392195463180542,0.7495655417442322,0.7621189951896667,0.7695368528366089,0.7715643048286438,0.7743725776672363
9888,-0.7509450912475586,17.047077178955078,15.710680961608887,8.936750888824463,0.7509450316429138,0.7503806948661804,0.013580789789557457,0.7261753082275391,0.7290661334991455,0.7344048619270325,0.7415109872817993,0.7503806948661804,0.7621189951896667,0.7698964476585388,0.7726747989654541,0.7743780612945557
9936,-0.7514839172363281,17.976627349853516,16.9505615234375,7.591452717781067,0.7514838576316833,0.7509940266609192,0.013478181324899197,0.7261753082275391,0.7290661334991455,0.7349691987037659,0.7420645952224731,0.7509940266609192,0.7621189951896667,0.7710215449333191,0.7733811736106873,0.7743780612945557
9984,-0.7519134283065796,19.63791847229004,18.82326316833496,6.507992267608643,0.7519134283065796,0.7512048482894897,0.013382414355874062,0.7262085676193237,0.7302975654602051,0.7349691987037659,0.7430398464202881,0.7512048482894897,0.7621189951896667,0.7715339660644531,0.7733811736106873,0.7744033932685852
