step,best_fitness,avg_hamming,avg_l1,avg_entropy,mean,median,std,2%,5%,10%,25%,50%,75%,90%,95%,98%
10,-95.72000122070312,0.0,0.0,44.175987243652344,-95.72000122070312,-88.5,33.348487854003906,-168.27999877929688,-156.1999969482422,-145.10000610351562,-116.5,-88.5,-75.5,-58.0,-51.800018310546875,-39.85997009277344
20,-111.72000122070312,0.0,0.0,44.11484146118164,-111.72000122070312,-108.0,33.73546600341797,-186.13999938964844,-168.6999969482422,-156.39999389648438,-132.25,-108.0,-88.75,-73.9000015258789,-59.90000915527344,-51.91998291015625
30,-120.86000061035156,0.0,0.0,44.05436325073242,-120.86000061035156,-121.0,31.523014068603516,-186.13999938964844,-180.10000610351562,-162.0,-143.25,-121.0,-97.5,-78.9000015258789,-75.80001831054688,-67.8399658203125
40,-130.5399932861328,0.0,0.0,44.00270080566406,-130.5399932861328,-128.5,29.762197494506836,-193.05999755859375,-182.10000610351562,-168.0,-150.0,-128.5,-113.25,-95.40000915527344,-77.90000915527344,-69.95999145507812
50,-133.66000366210938,0.0,0.0,43.95786666870117,-133.66000366210938,-130.0,28.185890197753906,-193.05999755859375,-182.10000610351562,-168.1999969482422,-151.25,-130.0,-116.0,-98.9000015258789,-89.50004577636719,-71.95999145507812
60,-137.25999450683594,0.0,0.0,43.90896224975586,-137.25999450683594,-135.5,26.068607330322266,-193.05999755859375,-182.10000610351562,-170.6999969482422,-154.25,-135.5,-121.5,-109.70000457763672,-97.60003662109375,-79.95999145507812
70,-139.5800018310547,0.0,0.0,43.86661148071289,-139.5800018310547,-140.0,25.01726531982422,-193.05999755859375,-182.10000610351562,-177.0,-156.0,-140.0,-123.75,-110.0,-101.90000915527344,-89.95999145507812
80,-142.0800018310547,0.0,0.0,43.824832916259766,-142.0800018310547,-143.0,22.73397445678711,-193.05999755859375,-182.10000610351562,-177.0,-156.0,-143.0,-124.0,-113.9000015258789,-110.0,-104.89997863769531
90,-142.89999389648438,0.0,0.0,43.78644943237305,-142.89999389648438,-144.5,22.736534118652344,-193.05999755859375,-182.10000610351562,-177.0,-156.0,-144.5,-124.0,-114.0,-110.0,-104.89997863769531
100,-146.33999633789062,0.0,0.0,43.7475471496582,-146.33999633789062,-147.0,20.704694747924805,-193.05999755859375,-182.10000610351562,-177.0,-158.0,-147.0,-130.0,-119.80000305175781,-112.85001373291016,-110.0
110,-147.5,0.0,0.0,43.701297760009766,-147.5,-148.0,22.265443801879883,-196.0399932861328,-184.10000610351562,-177.10000610351562,-160.0,-148.0,-130.0,-119.80000305175781,-112.85001373291016,-110.0
120,-148.6999969482422,0.0,0.0,43.65741729736328,-148.6999969482422,-149.0,21.84376335144043,-196.0399932861328,-184.10000610351562,-177.10000610351562,-160.0,-149.0,-130.75,-120.0,-113.95000457763672,-110.0
130,-149.86000061035156,0.0,0.0,43.61708450317383,-149.86000061035156,-149.0,21.87830924987793,-198.0,-186.34999084472656,-178.1999969482422,-160.0,-149.0,-134.0,-120.0,-114.0,-110.0
140,-152.09999084472656,0.0,0.0,43.57326126098633,-152.10000610351562,-150.0,21.376388549804688,-198.0,-186.34999084472656,-180.0,-164.0,-150.0,-140.0,-125.80000305175781,-117.80001831054688,-110.0
150,-154.13999938964844,0.0,0.0,43.53390884399414,-154.13999938964844,-152.0,21.147586822509766,-198.16000366210938,-193.14999389648438,-180.1999969482422,-167.25,-152.0,-143.5,-127.80000305175781,-119.90000915527344,-117.8399658203125
160,-156.0800018310547,0.0,0.0,43.48611068725586,-156.0800018310547,-154.0,21.540510177612305,-200.1199951171875,-198.0,-182.1999969482422,-168.5,-154.0,-144.0,-128.0,-121.90000915527344,-118.0
170,-158.51998901367188,0.0,0.0,43.44558334350586,-158.52000427246094,-155.0,22.95755958557129,-222.0800018310547,-200.0,-186.6999969482422,-170.25,-155.0,-146.0,-133.60000610351562,-125.90000915527344,-118.0
180,-159.66000366210938,0.0,0.0,43.40416717529297,-159.66000366210938,-156.0,22.994007110595703,-222.0800018310547,-200.0,-193.3000030517578,-171.25,-156.0,-146.0,-134.0,-125.90000915527344,-118.0
190,-161.45999145507812,0.0,0.0,43.35992431640625,-161.4600067138672,-159.0,23.669143676757812,-226.10000610351562,-200.3000030517578,-196.0,-172.0,-159.0,-146.75,-134.0,-126.0,-118.0
200,-161.5800018310547,0.0,0.0,43.312503814697266,-161.5800018310547,-159.0,23.666507720947266,-226.10000610351562,-200.3000030517578,-196.0,-172.0,-159.0,-146.75,-134.0,-126.0,-118.0
210,-162.67999267578125,0.0,0.0,43.26711654663086,-162.67999267578125,-160.0,23.67652130126953,-226.10000610351562,-200.3000030517578,-196.0,-174.0,-160.0,-147.75,-135.8000030517578,-126.0,-118.0
220,-162.8000030517578,0.0,0.0,43.21865463256836,-162.8000030517578,-160.0,23.50999641418457,-226.10000610351562,-200.3000030517578,-196.0,-174.0,-160.0,-148.0,-135.8000030517578,-126.0,-125.8399658203125
230,-162.95999145507812,0.0,0.0,43.166839599609375,-162.9600067138672,-160.0,23.520170211791992,-226.10000610351562,-200.3000030517578,-196.0,-174.0,-160.0,-148.0,-135.8000030517578,-126.0,-125.8399658203125
240,-164.5800018310547,0.0,0.0,43.1129035949707,-164.5800018310547,-162.0,23.682558059692383,-226.10000610351562,-206.0,-196.1999969482422,-177.0,-162.0,-149.0,-136.0,-128.85000610351562,-125.8399658203125
250,-165.0399932861328,0.0,0.0,43.06367111206055,-165.0399932861328,-163.0,23.34777069091797,-226.10000610351562,-206.0,-196.1999969482422,-177.25,-163.0,-149.0,-136.0,-129.95001220703125,-126.0
260,-165.59999084472656,0.0,0.0,43.00806427001953,-165.60000610351562,-164.0,22.93817901611328,-226.10000610351562,-206.0,-196.1999969482422,-177.25,-164.0,-150.0,-139.60000610351562,-131.90000915527344,-126.0
270,-166.39999389648438,0.0,0.0,42.956298828125,-166.39999389648438,-164.0,22.489107131958008,-226.10000610351562,-206.0,-196.1999969482422,-177.25,-164.0,-152.0,-140.89999389648438,-133.90000915527344,-126.0
280,-167.59999084472656,0.0,0.0,42.904808044433594,-167.60000610351562,-166.0,22.519325256347656,-226.10000610351562,-206.10000610351562,-198.0,-180.0,-166.0,-152.75,-141.89999389648438,-133.90000915527344,-126.0
290,-168.27999877929688,0.0,0.0,42.85788345336914,-168.27999877929688,-166.0,22.164873123168945,-226.10000610351562,-206.10000610351562,-198.0,-180.5,-166.0,-154.0,-143.8000030517578,-134.0,-129.91998291015625
300,-170.45999145507812,0.0,0.0,42.7974739074707,-170.4600067138672,-168.0,22.802377700805664,-226.10000610351562,-216.0500030517578,-200.59999084472656,-182.25,-168.0,-155.75,-144.89999389648438,-135.90000915527344,-131.95999145507812
310,-172.5,0.0,0.0,42.73111343383789,-172.5,-168.0,22.5111083984375,-226.10000610351562,-216.0500030517578,-206.0,-184.0,-168.0,-156.0,-147.70001220703125,-136.0,-133.95999145507812
320,-174.25999450683594,0.0,0.0,42.670467376708984,-174.25999450683594,-170.5,22.814302444458008,-231.02000427246094,-217.25,-206.0,-186.25,-170.5,-157.5,-148.89999389648438,-141.95001220703125,-135.95999145507812
330,-174.72000122070312,0.0,0.0,42.611507415771484,-174.72000122070312,-171.0,22.660133361816406,-231.02000427246094,-217.25,-206.0,-187.75,-171.0,-158.75,-148.89999389648438,-142.0,-135.95999145507812
340,-175.59999084472656,0.0,0.0,42.54032516479492,-175.60000610351562,-171.5,22.01272201538086,-231.02000427246094,-217.25,-206.0,-187.75,-171.5,-160.75,-149.89999389648438,-143.90000915527344,-140.8999786376953
350,-176.72000122070312,0.0,0.0,42.48153305053711,-176.72000122070312,-172.0,22.379491806030273,-231.02000427246094,-217.25,-206.0,-193.75,-172.0,-161.75,-149.89999389648438,-143.90000915527344,-140.9399871826172
360,-177.55999755859375,0.0,0.0,42.4149055480957,-177.55999755859375,-173.0,22.288257598876953,-231.02000427246094,-217.25,-206.0,-196.0,-173.0,-163.5,-153.60000610351562,-143.90000915527344,-140.9399871826172
370,-178.3000030517578,0.0,0.0,42.34139633178711,-178.3000030517578,-174.0,22.455955505371094,-231.02000427246094,-217.25,-206.1999969482422,-196.0,-174.0,-164.0,-153.60000610351562,-143.90000915527344,-140.9399871826172
380,-178.87998962402344,0.0,0.0,42.27577590942383,-178.8800048828125,-176.5,22.275222778320312,-231.02000427246094,-217.25,-206.1999969482422,-196.0,-176.5,-164.0,-153.60000610351562,-143.90000915527344,-140.9399871826172
390,-180.0399932861328,0.0,0.0,42.20195388793945,-180.0399932861328,-177.0,22.208070755004883,-231.02000427246094,-217.25,-206.1999969482422,-196.0,-177.0,-164.0,-154.0,-147.80001831054688,-140.9399871826172
400,-181.17999267578125,0.0,0.0,42.131141662597656,-181.17999267578125,-178.0,22.02198028564453,-231.02000427246094,-217.25,-206.1999969482422,-198.0,-178.0,-165.75,-154.0,-148.0,-140.9399871826172
410,-182.87998962402344,0.0,0.0,42.05426025390625,-182.8800048828125,-180.0,22.63770294189453,-232.0399932861328,-222.1999969482422,-212.3000030517578,-198.0,-180.0,-166.0,-155.89999389648438,-148.0,-140.9399871826172
420,-183.72000122070312,0.0,0.0,41.98072052001953,-183.72000122070312,-181.0,22.369659423828125,-232.0399932861328,-222.1999969482422,-212.3000030517578,-198.25,-181.0,-167.75,-156.0,-148.0,-141.91998291015625
430,-184.47999572753906,0.0,0.0,41.90053939819336,-184.47999572753906,-182.0,22.217327117919922,-232.0399932861328,-222.1999969482422,-212.3000030517578,-200.0,-182.0,-168.0,-158.70001220703125,-153.7000274658203,-141.91998291015625
440,-186.1999969482422,0.0,0.0,41.81951141357422,-186.1999969482422,-183.5,22.047222137451172,-232.0399932861328,-222.1999969482422,-212.3000030517578,-205.0,-183.5,-168.75,-159.0,-154.0,-147.87997436523438
450,-187.05999755859375,0.0,0.0,41.73529815673828,-187.05999755859375,-185.5,21.98445701599121,-232.0399932861328,-222.1999969482422,-215.10000610351562,-205.0,-185.5,-170.0,-161.70001220703125,-154.0,-147.87997436523438
460,-188.4199981689453,0.0,0.0,41.6578369140625,-188.4199981689453,-190.0,22.362102508544922,-234.0800018310547,-226.3000030517578,-216.0,-205.25,-190.0,-171.0,-162.0,-154.95001220703125,-147.87997436523438
470,-189.37998962402344,0.0,0.0,41.58401870727539,-189.3800048828125,-190.0,22.590606689453125,-234.0800018310547,-226.3000030517578,-216.10000610351562,-206.0,-190.0,-171.75,-162.0,-154.95001220703125,-147.87997436523438
480,-190.97999572753906,0.0,0.0,41.49473571777344,-190.97999572753906,-192.5,22.799989700317383,-238.16000366210938,-232.0500030517578,-217.3000030517578,-206.0,-192.5,-174.0,-164.0,-158.85000610351562,-153.87997436523438
490,-191.3000030517578,0.0,0.0,41.40853500366211,-191.3000030517578,-192.5,22.893449783325195,-238.16000366210938,-232.0500030517578,-220.10000610351562,-206.0,-192.5,-174.0,-164.0,-158.85000610351562,-153.87997436523438
500,-191.8000030517578,0.0,0.0,41.32038879394531,-191.8000030517578,-194.0,22.633604049682617,-238.16000366210938,-232.0500030517578,-220.10000610351562,-206.0,-194.0,-175.5,-164.0,-158.85000610351562,-153.87997436523438
510,-193.45999145507812,0.0,0.0,41.20938491821289,-193.4600067138672,-196.0,22.95012855529785,-238.16000366210938,-234.10000610351562,-226.0,-206.0,-196.0,-176.0,-164.89999389648438,-159.0,-154.97999572753906
520,-194.86000061035156,0.0,0.0,41.11284255981445,-194.86000061035156,-196.0,23.162477493286133,-238.16000366210938,-234.10000610351562,-226.39999389648438,-209.25,-196.0,-176.0,-166.0,-159.0,-154.97999572753906
530,-195.77999877929688,0.0,0.0,41.01921844482422,-195.77999877929688,-197.0,23.597278594970703,-238.16000366210938,-234.10000610351562,-228.1999969482422,-212.0,-197.0,-176.0,-166.0,-159.0,-154.97999572753906
540,-196.95999145507812,0.0,0.0,40.9178352355957,-196.9600067138672,-198.0,23.860393524169922,-244.0399932861328,-236.10000610351562,-230.1999969482422,-214.0,-198.0,-177.0,-167.8000030517578,-161.85000610351562,-154.97999572753906
550,-197.95999145507812,0.0,0.0,40.830745697021484,-197.9600067138672,-198.0,23.874637603759766,-244.0399932861328,-236.10000610351562,-230.1999969482422,-215.25,-198.0,-178.75,-168.0,-161.85000610351562,-154.97999572753906
560,-199.33999633789062,0.0,0.0,40.729793548583984,-199.33999633789062,-199.0,23.232830047607422,-244.0399932861328,-236.10000610351562,-230.1999969482422,-216.0,-199.0,-180.0,-170.89999389648438,-163.90000915527344,-155.97999572753906
570,-200.0,0.0,0.0,40.62260055541992,-200.0,-199.0,23.22240447998047,-246.0399932861328,-238.0,-232.0,-216.0,-199.0,-182.0,-171.0,-165.80001831054688,-155.97999572753906
580,-200.44000244140625,0.0,0.0,40.53391647338867,-200.44000244140625,-200.0,22.800140380859375,-246.0399932861328,-238.0,-232.0,-216.0,-200.0,-183.5,-173.70001220703125,-167.90000915527344,-158.9399871826172
590,-202.09999084472656,0.0,0.0,40.43863296508789,-202.10000610351562,-200.5,24.14187240600586,-252.05999755859375,-244.10000610351562,-234.1999969482422,-217.25,-200.5,-184.0,-173.70001220703125,-167.90000915527344,-158.9399871826172
600,-202.39999389648438,0.0,0.0,40.34824752807617,-202.39999389648438,-201.5,24.09813117980957,-252.05999755859375,-244.10000610351562,-234.1999969482422,-217.25,-201.5,-184.0,-173.70001220703125,-167.90000915527344,-158.9399871826172
610,-202.87998962402344,0.0,0.0,40.24006652832031,-202.8800048828125,-203.0,23.815658569335938,-252.05999755859375,-244.10000610351562,-234.1999969482422,-217.25,-203.0,-184.0,-174.0,-167.90000915527344,-158.9399871826172
620,-203.37998962402344,0.0,0.0,40.12019348144531,-203.3800048828125,-204.5,24.201147079467773,-255.05999755859375,-246.10000610351562,-234.1999969482422,-217.25,-204.5,-184.0,-175.8000030517578,-167.90000915527344,-158.9399871826172
630,-203.45999145507812,0.0,0.0,40.010528564453125,-203.4600067138672,-204.5,24.13604164123535,-255.05999755859375,-246.10000610351562,-234.1999969482422,-217.25,-204.5,-185.5,-175.8000030517578,-167.90000915527344,-158.9399871826172
640,-204.239990234375,0.0,0.0,39.897674560546875,-204.24000549316406,-205.5,23.83489990234375,-255.05999755859375,-246.10000610351562,-234.1999969482422,-218.75,-205.5,-186.75,-176.0,-167.90000915527344,-158.9399871826172
650,-204.75999450683594,0.0,0.0,39.76906204223633,-204.75999450683594,-205.5,24.114360809326172,-255.05999755859375,-246.10000610351562,-236.1999969482422,-221.25,-205.5,-186.75,-176.0,-167.90000915527344,-158.9399871826172
660,-205.67999267578125,0.0,0.0,39.66360092163086,-205.67999267578125,-206.0,24.876850128173828,-255.4199981689453,-246.10000610351562,-236.1999969482422,-222.0,-206.0,-187.75,-176.89999389648438,-167.90000915527344,-158.9399871826172
670,-206.6999969482422,0.0,0.0,39.53731155395508,-206.6999969482422,-207.5,24.79173469543457,-258.3600158691406,-246.3000030517578,-236.1999969482422,-222.0,-207.5,-190.75,-177.0,-169.80001831054688,-158.9399871826172
680,-208.1199951171875,0.0,0.0,39.41200256347656,-208.1199951171875,-209.0,25.417821884155273,-258.3600158691406,-246.3000030517578,-238.0,-226.0,-209.0,-191.75,-177.0,-169.80001831054688,-158.9399871826172
690,-209.1599884033203,0.0,0.0,39.29408264160156,-209.16000366210938,-212.0,25.181230545043945,-258.3600158691406,-246.3000030517578,-240.39999389648438,-226.0,-212.0,-192.0,-177.89999389648438,-171.95001220703125,-158.9399871826172
700,-209.8199920654297,0.0,0.0,39.18321990966797,-209.82000732421875,-212.0,25.379669189453125,-258.3600158691406,-246.3000030517578,-240.39999389648438,-226.25,-212.0,-192.75,-177.89999389648438,-171.95001220703125,-158.9399871826172
710,-210.6199951171875,0.0,0.0,39.07516098022461,-210.6199951171875,-212.0,25.693103790283203,-258.3600158691406,-252.14999389648438,-244.0,-227.25,-212.0,-192.75,-177.89999389648438,-171.95001220703125,-158.9399871826172
720,-211.22000122070312,0.0,0.0,38.946372985839844,-211.22000122070312,-212.0,25.941312789916992,-258.3600158691406,-252.14999389648438,-244.0,-228.0,-212.0,-192.75,-178.8000030517578,-171.95001220703125,-158.9399871826172
730,-212.45999145507812,0.0,0.0,38.8345832824707,-212.4600067138672,-213.0,26.2600154876709,-268.1600036621094,-255.0,-244.0,-228.25,-213.0,-193.75,-178.8000030517578,-171.95001220703125,-163.8999786376953
740,-213.55999755859375,0.0,0.0,38.72223663330078,-213.55999755859375,-213.0,25.633695602416992,-268.1600036621094,-255.0,-244.0,-232.0,-213.0,-194.0,-180.0,-175.80001831054688,-163.8999786376953
750,-214.63999938964844,0.0,0.0,38.57326126098633,-214.63999938964844,-214.0,25.98981475830078,-269.1400146484375,-258.1000061035156,-246.0,-232.0,-214.0,-195.75,-183.70001220703125,-175.80001831054688,-163.8999786376953
760,-215.75999450683594,0.0,0.0,38.43096923828125,-215.75999450683594,-214.5,25.634008407592773,-269.1400146484375,-260.0,-246.10000610351562,-232.25,-214.5,-198.0,-184.0,-178.85000610351562,-169.7799530029297
770,-215.9199981689453,0.0,0.0,38.300514221191406,-215.9199981689453,-215.5,25.595186233520508,-269.1400146484375,-260.0,-246.10000610351562,-232.25,-215.5,-198.0,-184.0,-178.85000610351562,-169.7799530029297
780,-217.22000122070312,0.0,0.0,38.18584442138672,-217.22000122070312,-217.0,25.538042068481445,-269.1400146484375,-260.0,-247.10000610351562,-235.25,-217.0,-198.0,-184.0,-179.95001220703125,-171.7399444580078
790,-218.5399932861328,0.0,0.0,38.05549621582031,-218.5399932861328,-218.0,25.11151885986328,-275.0199890136719,-260.3999938964844,-248.39999389648438,-235.25,-218.0,-199.5,-184.0,-180.0,-175.91998291015625
800,-219.45999145507812,0.0,0.0,37.90244674682617,-219.4600067138672,-220.0,25.4728946685791,-275.0199890136719,-260.3999938964844,-252.5,-237.25,-220.0,-199.5,-184.89999389648438,-180.95001220703125,-175.91998291015625
810,-220.86000061035156,0.0,0.0,37.780696868896484,-220.86000061035156,-221.0,25.82286834716797,-275.0199890136719,-260.3999938964844,-256.1000061035156,-238.0,-221.0,-200.75,-184.89999389648438,-180.95001220703125,-175.91998291015625
820,-221.47999572753906,0.0,0.0,37.652435302734375,-221.47999572753906,-222.0,25.975557327270508,-275.0199890136719,-260.3999938964844,-256.1000061035156,-238.5,-222.0,-200.75,-184.89999389648438,-180.95001220703125,-175.91998291015625
830,-222.739990234375,0.0,0.0,37.52923583984375,-222.74000549316406,-222.0,26.06170654296875,-275.0199890136719,-266.1000061035156,-258.20001220703125,-240.0,-222.0,-200.75,-187.89999389648438,-180.95001220703125,-176.97999572753906
840,-223.77999877929688,0.0,0.0,37.40606689453125,-223.77999877929688,-224.0,25.860231399536133,-275.0199890136719,-266.1000061035156,-258.20001220703125,-241.25,-224.0,-201.75,-189.8000030517578,-184.0,-176.97999572753906
850,-224.5,0.0,0.0,37.281700134277344,-224.5,-225.0,25.974411010742188,-275.0199890136719,-266.1000061035156,-258.20001220703125,-244.0,-225.0,-203.5,-189.89999389648438,-184.0,-176.97999572753906
860,-225.22000122070312,0.0,0.0,37.133544921875,-225.22000122070312,-226.5,25.618579864501953,-275.0199890136719,-266.1000061035156,-258.20001220703125,-244.0,-226.5,-205.5,-191.89999389648438,-184.0,-176.97999572753906
870,-226.239990234375,0.0,0.0,37.003108978271484,-226.24000549316406,-226.5,26.104068756103516,-276.0400085449219,-268.04998779296875,-260.3999938964844,-245.25,-226.5,-207.0,-192.0,-184.0,-176.97999572753906
880,-226.67999267578125,0.0,0.0,36.87149429321289,-226.67999267578125,-226.5,26.52202033996582,-277.0199890136719,-269.29998779296875,-264.20001220703125,-246.0,-226.5,-207.75,-192.0,-184.0,-176.97999572753906
890,-228.25999450683594,0.0,0.0,36.73236846923828,-228.25999450683594,-227.5,27.506587982177734,-277.0199890136719,-275.04998779296875,-267.1000061035156,-249.25,-227.5,-207.75,-192.0,-184.0,-176.97999572753906
900,-229.63999938964844,0.0,0.0,36.60658264160156,-229.63999938964844,-229.0,27.49309730529785,-277.0199890136719,-275.04998779296875,-267.1000061035156,-250.0,-229.0,-209.5,-192.0,-184.0,-176.97999572753906
910,-230.44000244140625,0.0,0.0,36.45439529418945,-230.44000244140625,-229.0,27.753313064575195,-277.0199890136719,-275.04998779296875,-267.1000061035156,-254.0,-229.0,-210.75,-193.8000030517578,-184.0,-176.97999572753906
920,-231.6199951171875,0.0,0.0,36.31757736206055,-231.6199951171875,-231.0,28.110061645507812,-278.0799865722656,-276.0,-268.1000061035156,-254.0,-231.0,-211.75,-193.8000030517578,-184.0,-176.97999572753906
930,-232.77999877929688,0.0,0.0,36.18759536743164,-232.77999877929688,-232.0,27.790494918823242,-278.0799865722656,-276.0,-268.1000061035156,-254.5,-232.0,-214.0,-196.89999389648438,-184.0,-176.97999572753906
940,-233.6999969482422,0.0,0.0,36.048553466796875,-233.6999969482422,-233.0,28.069021224975586,-282.1000061035156,-276.04998779296875,-271.1000061035156,-256.0,-233.0,-214.0,-197.89999389648438,-188.75003051757812,-176.97999572753906
950,-235.4399871826172,0.0,0.0,35.91626739501953,-235.44000244140625,-237.0,28.490812301635742,-287.0199890136719,-282.0,-275.1000061035156,-256.25,-237.0,-215.5,-198.0,-188.75003051757812,-176.97999572753906
960,-237.6599884033203,0.0,0.0,35.78470230102539,-237.66000366210938,-238.0,28.058589935302734,-287.0199890136719,-282.04998779296875,-276.1000061035156,-258.0,-238.0,-220.0,-199.8000030517578,-191.95001220703125,-176.97999572753906
970,-238.25999450683594,0.0,0.0,35.64315414428711,-238.25999450683594,-238.0,28.11000633239746,-287.0199890136719,-282.04998779296875,-276.1000061035156,-258.25,-238.0,-220.0,-199.8000030517578,-191.95001220703125,-176.97999572753906
980,-239.739990234375,0.0,0.0,35.50136947631836,-239.74000549316406,-240.0,27.764949798583984,-287.0199890136719,-282.04998779296875,-276.1000061035156,-258.25,-240.0,-222.0,-199.8000030517578,-192.0,-176.97999572753906
990,-240.9199981689453,0.0,0.0,35.367862701416016,-240.9199981689453,-242.0,27.533138275146484,-287.0199890136719,-283.1499938964844,-277.1000061035156,-258.25,-242.0,-222.0,-205.70001220703125,-193.90000915527344,-176.97999572753906
1000,-242.22000122070312,0.0,0.0,35.20383071899414,-242.22000122070312,-243.0,28.54315185546875,-288.1600036621094,-286.04998779296875,-278.3999938964844,-259.25,-243.0,-223.5,-205.70001220703125,-193.90000915527344,-176.97999572753906
1010,-243.29998779296875,0.0,0.0,35.07396697998047,-243.3000030517578,-243.5,28.986032485961914,-296.17999267578125,-286.04998779296875,-280.20001220703125,-262.0,-243.5,-223.5,-205.89999389648438,-197.7000274658203,-176.97999572753906
1020,-243.89999389648438,0.0,0.0,34.9479866027832,-243.89999389648438,-245.0,28.835220336914062,-296.17999267578125,-286.04998779296875,-280.20001220703125,-262.25,-245.0,-223.5,-206.0,-197.7000274658203,-176.97999572753906
1030,-244.83999633789062,0.0,0.0,34.79884719848633,-244.83999633789062,-246.5,28.43755340576172,-296.17999267578125,-286.04998779296875,-280.20001220703125,-264.0,-246.5,-224.75,-212.30001831054688,-197.7000274658203,-180.8999786376953
1040,-246.09999084472656,0.0,0.0,34.66114807128906,-246.10000610351562,-247.5,28.021955490112305,-296.17999267578125,-286.04998779296875,-282.1000061035156,-264.0,-247.5,-227.0,-216.0,-197.7000274658203,-180.8999786376953
1050,-246.79998779296875,0.0,0.0,34.53689193725586,-246.8000030517578,-247.5,28.04282569885254,-296.17999267578125,-287.04998779296875,-286.0,-264.0,-247.5,-230.0,-216.0,-197.7000274658203,-180.8999786376953
1060,-247.4399871826172,0.0,0.0,34.39211654663086,-247.44000244140625,-248.0,28.027244567871094,-296.17999267578125,-288.1000061035156,-286.0,-264.0,-248.0,-231.75,-216.0,-197.7000274658203,-180.8999786376953
1070,-248.47999572753906,0.0,0.0,34.25510787963867,-248.47999572753906,-250.0,28.70626449584961,-305.3800048828125,-288.1000061035156,-286.0,-264.5,-250.0,-231.75,-216.0,-197.7000274658203,-180.8999786376953
1080,-248.86000061035156,0.0,0.0,34.12751770019531,-248.86000061035156,-253.0,28.870407104492188,-305.3800048828125,-288.1000061035156,-286.0,-266.0,-253.0,-231.75,-217.8000030517578,-197.7000274658203,-180.8999786376953
1090,-249.72000122070312,0.0,0.0,33.98849868774414,-249.72000122070312,-254.0,28.73676300048828,-305.3800048828125,-288.1000061035156,-286.0,-268.0,-254.0,-232.0,-217.8000030517578,-199.90000915527344,-180.8999786376953
1100,-250.739990234375,0.0,0.0,33.83828353881836,-250.74000549316406,-254.0,28.922870635986328,-305.3800048828125,-290.1499938964844,-286.1000061035156,-268.5,-254.0,-234.75,-217.8000030517578,-199.90000915527344,-180.8999786376953
1110,-251.37998962402344,0.0,0.0,33.69282531738281,-251.3800048828125,-254.0,28.90909194946289,-305.3800048828125,-290.1499938964844,-286.1000061035156,-272.5,-254.0,-234.75,-221.8000030517578,-199.90000915527344,-180.8999786376953
1120,-252.1199951171875,0.0,0.0,33.55891418457031,-252.1199951171875,-254.0,28.95281410217285,-305.3800048828125,-293.25,-287.0,-274.0,-254.0,-234.75,-221.8000030517578,-203.80001831054688,-180.8999786376953
1130,-252.87998962402344,0.0,0.0,33.43040466308594,-252.8800048828125,-254.0,28.72952651977539,-305.3800048828125,-293.25,-287.0,-274.0,-254.0,-235.0,-222.0,-203.80001831054688,-180.8999786376953
1140,-253.22000122070312,0.0,0.0,33.28955078125,-253.22000122070312,-254.0,28.871984481811523,-305.3800048828125,-295.1499938964844,-287.1000061035156,-274.5,-254.0,-235.0,-222.0,-203.80001831054688,-180.8999786376953
1150,-253.9199981689453,0.0,0.0,33.16263961791992,-253.9199981689453,-255.0,29.018505096435547,-305.3800048828125,-295.1499938964844,-288.20001220703125,-276.0,-255.0,-235.75,-222.0,-203.90000915527344,-180.8999786376953
1160,-254.3199920654297,0.0,0.0,33.01966857910156,-254.32000732421875,-256.0,29.000993728637695,-305.3800048828125,-295.1499938964844,-289.1000061035156,-276.0,-256.0,-236.0,-223.8000030517578,-203.90000915527344,-180.8999786376953
1170,-255.25999450683594,0.0,0.0,32.86368942260742,-255.25999450683594,-256.5,29.090417861938477,-307.3399963378906,-298.1000061035156,-289.1000061035156,-276.0,-256.5,-236.0,-224.0,-209.60003662109375,-180.8999786376953
1180,-256.82000732421875,0.0,0.0,32.73406982421875,-256.82000732421875,-258.0,28.94490623474121,-307.3399963378906,-300.0,-290.20001220703125,-278.25,-258.0,-236.0,-225.89999389648438,-213.80001831054688,-180.8999786376953
1190,-257.5,0.0,0.0,32.591163635253906,-257.5,-258.5,28.546628952026367,-307.3399963378906,-300.0,-292.0,-278.25,-258.5,-238.0,-226.8000030517578,-215.90000915527344,-180.8999786376953
1200,-258.3599853515625,0.0,0.0,32.45014953613281,-258.3599853515625,-259.5,28.759525299072266,-307.3399963378906,-300.1499938964844,-292.1000061035156,-279.25,-259.5,-239.5,-226.8000030517578,-215.90000915527344,-180.8999786376953
1210,-259.17999267578125,0.0,0.0,32.30739974975586,-259.17999267578125,-261.0,28.646249771118164,-307.3399963378906,-303.0,-294.0,-280.0,-261.0,-240.0,-227.89999389648438,-215.90000915527344,-185.8999786376953
1220,-260.1999816894531,0.0,0.0,32.160438537597656,-260.20001220703125,-262.0,29.054431915283203,-307.3399963378906,-303.0,-294.0,-282.0,-262.0,-240.0,-227.89999389648438,-215.90000915527344,-185.8999786376953
1230,-260.7200012207031,0.0,0.0,32.013427734375,-260.7200012207031,-262.0,29.000717163085938,-307.3399963378906,-303.0,-294.0,-282.5,-262.0,-240.0,-227.89999389648438,-215.90000915527344,-185.8999786376953
1240,-261.97998046875,0.0,0.0,31.87320327758789,-261.9800109863281,-262.0,29.137598037719727,-313.2200012207031,-303.0,-298.20001220703125,-286.0,-262.0,-240.75,-228.89999389648438,-215.90000915527344,-185.8999786376953
1250,-262.6600036621094,0.0,0.0,31.72899055480957,-262.6600036621094,-263.0,28.98834991455078,-313.2200012207031,-303.0,-300.0,-286.0,-263.0,-241.75,-233.8000030517578,-215.90000915527344,-185.8999786376953
1260,-263.5199890136719,0.0,0.0,31.585350036621094,-263.5199890136719,-263.5,28.890995025634766,-313.2200012207031,-303.0,-300.0,-286.0,-263.5,-243.5,-233.8000030517578,-215.90000915527344,-185.8999786376953
1270,-264.2200012207031,0.0,0.0,31.436368942260742,-264.2200012207031,-263.5,29.14706802368164,-317.1400146484375,-307.25,-300.1000061035156,-286.0,-263.5,-243.5,-233.8000030517578,-223.5000457763672,-189.81996154785156
1280,-264.8800048828125,0.0,0.0,31.303544998168945,-264.8800048828125,-265.0,29.186052322387695,-317.1400146484375,-307.25,-300.1000061035156,-286.0,-265.0,-244.75,-233.8000030517578,-223.5000457763672,-189.81996154785156
1290,-265.6999816894531,0.0,0.0,31.1575984954834,-265.70001220703125,-267.0,29.214893341064453,-317.1400146484375,-307.25,-300.1000061035156,-288.5,-267.0,-247.25,-233.8000030517578,-223.5000457763672,-189.81996154785156
1300,-266.67999267578125,0.0,0.0,31.01333999633789,-266.67999267578125,-267.5,29.111812591552734,-318.1199951171875,-312.04998779296875,-302.0,-288.5,-267.5,-247.5,-235.8000030517578,-226.0,-189.81996154785156
1310,-267.32000732421875,0.0,0.0,30.8836612701416,-267.32000732421875,-268.0,29.45059585571289,-319.1000061035156,-317.0,-302.0,-288.5,-268.0,-248.0,-235.8000030517578,-226.0,-189.81996154785156
1320,-268.2599792480469,0.0,0.0,30.727313995361328,-268.260009765625,-268.0,29.71754264831543,-319.1000061035156,-317.0,-302.3999938964844,-290.0,-268.0,-248.0,-235.8000030517578,-226.0,-189.81996154785156
1330,-270.1399841308594,0.0,0.0,30.59210205078125,-270.1400146484375,-270.0,29.480510711669922,-319.1000061035156,-317.0,-306.20001220703125,-292.0,-270.0,-248.0,-235.8000030517578,-228.85000610351562,-196.85997009277344
1340,-270.91998291015625,0.0,0.0,30.4544620513916,-270.9200134277344,-271.0,29.427091598510742,-319.1000061035156,-317.0,-306.20001220703125,-292.0,-271.0,-251.75,-235.8000030517578,-228.85000610351562,-196.85997009277344
1350,-271.79998779296875,0.0,0.0,30.302114486694336,-271.79998779296875,-272.0,28.75412940979004,-319.1000061035156,-317.0,-308.0,-292.5,-272.0,-251.75,-235.8000030517578,-228.85000610351562,-225.4198760986328
1360,-272.5199890136719,0.0,0.0,30.160579681396484,-272.5199890136719,-272.0,29.196056365966797,-319.1000061035156,-317.0,-308.3999938964844,-296.0,-272.0,-251.75,-235.8000030517578,-228.85000610351562,-225.4198760986328
1370,-272.8599853515625,0.0,0.0,30.03029441833496,-272.8599853515625,-272.0,29.27832794189453,-319.1000061035156,-317.0,-308.3999938964844,-296.0,-272.0,-252.5,-235.8000030517578,-228.85000610351562,-225.4198760986328
1380,-273.7200012207031,0.0,0.0,29.911937713623047,-273.7200012207031,-274.0,29.222620010375977,-319.1400146484375,-317.0,-308.3999938964844,-296.5,-274.0,-254.0,-235.8000030517578,-228.85000610351562,-225.4198760986328
1390,-274.3399963378906,0.0,0.0,29.769794464111328,-274.3399963378906,-275.0,29.147287368774414,-319.1400146484375,-317.0,-310.20001220703125,-296.5,-275.0,-254.0,-235.89999389648438,-228.85000610351562,-225.4198760986328
1400,-274.67999267578125,0.0,0.0,29.621829986572266,-274.67999267578125,-275.5,29.029253005981445,-319.1400146484375,-317.0,-310.20001220703125,-298.0,-275.5,-254.0,-235.89999389648438,-228.85000610351562,-225.5799102783203
1410,-275.6000061035156,0.0,0.0,29.478450775146484,-275.6000061035156,-277.0,29.01034164428711,-322.0799865722656,-318.04998779296875,-313.0,-298.0,-277.0,-254.75,-238.70001220703125,-229.80001831054688,-225.5799102783203
1420,-276.1999816894531,0.0,0.0,29.332712173461914,-276.20001220703125,-277.0,28.975162506103516,-322.0799865722656,-318.04998779296875,-313.0,-298.5,-277.0,-254.75,-239.89999389648438,-229.80001831054688,-225.5799102783203
1430,-276.97998046875,0.0,0.0,29.20589828491211,-276.9800109863281,-277.0,29.128673553466797,-323.05999755859375,-319.0,-313.1000061035156,-300.5,-277.0,-255.0,-239.89999389648438,-229.80001831054688,-225.5799102783203
1440,-277.7599792480469,0.0,0.0,29.07718276977539,-277.760009765625,-277.0,29.28519058227539,-326.0199890136719,-319.1499938964844,-313.1000061035156,-302.0,-277.0,-256.75,-241.70001220703125,-229.80001831054688,-225.5799102783203
1450,-278.05999755859375,0.0,0.0,28.91988182067871,-278.05999755859375,-277.5,29.159500122070312,-326.0199890136719,-319.1499938964844,-313.1000061035156,-302.0,-277.5,-256.75,-241.70001220703125,-229.80001831054688,-225.5799102783203
1460,-278.6399841308594,0.0,0.0,28.789825439453125,-278.6400146484375,-278.0,29.066652297973633,-327.0199890136719,-319.1499938964844,-313.1000061035156,-302.0,-278.0,-256.75,-245.30001831054688,-230.0,-225.5799102783203
1470,-279.6600036621094,0.0,0.0,28.642621994018555,-279.6600036621094,-279.0,29.309459686279297,-327.0199890136719,-320.1000061035156,-316.0,-302.0,-279.0,-256.75,-245.40000915527344,-231.90000915527344,-225.5799102783203
1480,-280.3399963378906,0.0,0.0,28.496957778930664,-280.3399963378906,-281.5,29.60615348815918,-328.05999755859375,-323.0,-316.20001220703125,-302.0,-281.5,-257.75,-245.40000915527344,-231.90000915527344,-225.5799102783203
1490,-280.79998779296875,0.0,0.0,28.37107276916504,-280.79998779296875,-283.5,29.282758712768555,-330.0199890136719,-323.0,-316.20001220703125,-302.5,-283.5,-257.75,-245.40000915527344,-234.85000610351562,-227.53990173339844
1500,-281.3599853515625,0.0,0.0,28.24544906616211,-281.3599853515625,-284.5,29.094850540161133,-330.0199890136719,-323.0,-316.20001220703125,-302.5,-284.5,-258.0,-245.40000915527344,-234.85000610351562,-227.53990173339844
1510,-281.6000061035156,0.0,0.0,28.10865020751953,-281.6000061035156,-284.5,28.988964080810547,-331.0199890136719,-323.0,-316.20001220703125,-304.0,-284.5,-258.75,-245.40000915527344,-235.95001220703125,-229.49989318847656
1520,-282.0400085449219,0.0,0.0,27.95528793334961,-282.0400085449219,-284.5,28.96685028076172,-331.0199890136719,-323.0,-316.20001220703125,-304.0,-284.5,-259.75,-245.40000915527344,-235.95001220703125,-229.65992736816406
1530,-282.9599914550781,0.0,0.0,27.833208084106445,-282.9599914550781,-284.5,28.430238723754883,-331.0199890136719,-323.0,-316.20001220703125,-304.0,-284.5,-261.5,-249.60000610351562,-235.95001220703125,-229.65992736816406
1540,-283.5,0.0,0.0,27.711978912353516,-283.5,-286.0,28.658506393432617,-331.0199890136719,-323.0,-318.0,-306.5,-286.0,-261.5,-249.60000610351562,-235.95001220703125,-229.65992736816406
1550,-283.79998779296875,0.0,0.0,27.575807571411133,-283.79998779296875,-286.0,28.48578643798828,-331.0199890136719,-323.0,-318.0,-306.5,-286.0,-261.5,-249.60000610351562,-235.95001220703125,-229.7799530029297
1560,-284.1399841308594,0.0,0.0,27.43846893310547,-284.1400146484375,-286.0,28.570968627929688,-331.0199890136719,-323.1499938964844,-318.1000061035156,-306.5,-286.0,-262.0,-249.60000610351562,-237.85000610351562,-229.7799530029297
1570,-284.17999267578125,0.0,0.0,27.29717254638672,-284.17999267578125,-286.0,28.5931396484375,-331.0199890136719,-323.1499938964844,-318.1000061035156,-306.5,-286.0,-262.0,-249.60000610351562,-237.85000610351562,-229.7799530029297
1580,-285.6000061035156,0.0,0.0,27.13524627685547,-285.6000061035156,-286.5,27.59275245666504,-331.0199890136719,-323.1499938964844,-318.1000061035156,-308.0,-286.5,-263.5,-251.89999389648438,-239.90000915527344,-234.8999786376953
1590,-285.91998291015625,0.0,0.0,26.98345375061035,-285.9200134277344,-287.5,27.831520080566406,-332.1600036621094,-323.20001220703125,-318.1000061035156,-308.0,-287.5,-263.5,-251.89999389648438,-239.90000915527344,-234.8999786376953
1600,-286.3399963378906,0.0,0.0,26.84571647644043,-286.3399963378906,-289.0,27.790725708007812,-332.1600036621094,-323.20001220703125,-318.1000061035156,-308.0,-289.0,-263.5,-251.89999389648438,-241.80001831054688,-234.8999786376953
1610,-286.5199890136719,0.0,0.0,26.696800231933594,-286.5199890136719,-289.0,27.824621200561523,-332.1600036621094,-323.20001220703125,-318.1000061035156,-308.0,-289.0,-264.0,-251.89999389648438,-241.80001831054688,-234.8999786376953
1620,-286.9599914550781,0.0,0.0,26.567646026611328,-286.9599914550781,-289.0,27.70484733581543,-332.1600036621094,-323.20001220703125,-318.1000061035156,-308.0,-289.0,-265.5,-252.0,-241.80001831054688,-234.8999786376953
1630,-287.6199951171875,0.0,0.0,26.405765533447266,-287.6199951171875,-289.0,27.875,-332.1600036621094,-327.1499938964844,-319.1000061035156,-308.0,-289.0,-269.0,-252.0,-241.80001831054688,-234.8999786376953
1640,-288.1000061035156,0.0,0.0,26.270231246948242,-288.1000061035156,-291.0,27.931880950927734,-332.2799987792969,-327.1499938964844,-320.0,-308.0,-291.0,-269.0,-252.0,-241.80001831054688,-234.9399871826172
1650,-288.739990234375,0.0,0.0,26.117355346679688,-288.739990234375,-292.0,27.970918655395508,-332.2799987792969,-329.04998779296875,-320.29998779296875,-310.5,-292.0,-269.0,-253.8000030517578,-242.0,-237.9399871826172
1660,-289.29998779296875,0.0,0.0,25.95425033569336,-289.29998779296875,-292.0,27.989107131958008,-332.2799987792969,-329.04998779296875,-320.29998779296875,-312.0,-292.0,-269.0,-253.8000030517578,-242.0,-237.9399871826172
1670,-290.1000061035156,0.0,0.0,25.804977416992188,-290.1000061035156,-292.0,28.13591957092285,-333.260009765625,-331.0,-323.1000061035156,-312.5,-292.0,-271.75,-253.8000030517578,-242.0,-237.9399871826172
1680,-290.47998046875,0.0,0.0,25.6492862701416,-290.4800109863281,-292.0,28.419878005981445,-336.20001220703125,-331.0,-324.1000061035156,-314.0,-292.0,-271.75,-254.0,-242.0,-237.9399871826172
1690,-290.79998779296875,0.0,0.0,25.498504638671875,-290.79998779296875,-292.0,28.4499568939209,-336.20001220703125,-331.0,-325.0,-314.0,-292.0,-271.75,-254.0,-242.0,-240.9399871826172
1700,-291.2799987792969,0.0,0.0,25.327699661254883,-291.2799987792969,-292.0,28.46333885192871,-336.20001220703125,-331.0,-325.1000061035156,-314.0,-292.0,-271.75,-254.0,-243.90000915527344,-240.9399871826172
1710,-291.7599792480469,0.0,0.0,25.21127700805664,-291.760009765625,-292.0,28.334121704101562,-336.20001220703125,-331.0,-325.1000061035156,-316.0,-292.0,-271.75,-254.0,-250.6500244140625,-240.9399871826172
1720,-292.5799865722656,0.0,0.0,25.072641372680664,-292.5799865722656,-295.5,28.1691951751709,-336.20001220703125,-331.1000061035156,-326.0,-316.5,-295.5,-271.75,-255.8000030517578,-250.90000915527344,-241.91998291015625
1730,-293.17999267578125,0.0,0.0,24.912134170532227,-293.17999267578125,-297.5,28.12912368774414,-336.20001220703125,-331.1000061035156,-326.1000061035156,-316.5,-297.5,-271.75,-255.8000030517578,-250.90000915527344,-241.91998291015625
1740,-293.3999938964844,0.0,0.0,24.767425537109375,-293.3999938964844,-297.5,27.97641944885254,-337.17999267578125,-331.1000061035156,-326.1000061035156,-318.0,-297.5,-271.75,-255.8000030517578,-250.90000915527344,-241.91998291015625
1750,-294.05999755859375,0.0,0.0,24.63612174987793,-294.05999755859375,-299.5,27.74736785888672,-345.0199890136719,-331.1000061035156,-326.1000061035156,-318.0,-299.5,-272.0,-259.79998779296875,-250.90000915527344,-241.91998291015625
1760,-294.5799865722656,0.0,0.0,24.474681854248047,-294.5799865722656,-299.5,27.48497200012207,-345.0199890136719,-331.1000061035156,-326.1000061035156,-318.0,-299.5,-273.5,-260.0,-250.90000915527344,-242.0
1770,-295.0,0.0,0.0,24.313800811767578,-295.0,-299.5,27.500545501708984,-345.0199890136719,-331.1000061035156,-327.1000061035156,-318.0,-299.5,-274.75,-260.8999938964844,-250.90000915527344,-242.0
1780,-295.6199951171875,0.0,0.0,24.180078506469727,-295.6199951171875,-299.5,27.143611907958984,-345.0199890136719,-331.1000061035156,-327.1000061035156,-318.5,-299.5,-274.75,-260.8999938964844,-252.90000915527344,-245.91998291015625
1790,-295.82000732421875,0.0,0.0,24.04305076599121,-295.82000732421875,-300.5,27.154512405395508,-345.0199890136719,-331.1000061035156,-327.1000061035156,-318.5,-300.5,-274.75,-260.8999938964844,-252.90000915527344,-245.91998291015625
1800,-296.2799987792969,0.0,0.0,23.88123893737793,-296.2799987792969,-300.5,26.76418685913086,-345.0199890136719,-331.1000061035156,-328.0,-318.5,-300.5,-275.75,-262.0,-253.95001220703125,-245.91998291015625
1810,-296.91998291015625,0.0,0.0,23.74764633178711,-296.9200134277344,-302.0,27.10855484008789,-345.0199890136719,-331.1000061035156,-328.1000061035156,-320.0,-302.0,-276.0,-262.0,-253.95001220703125,-245.91998291015625
1820,-297.79998779296875,0.0,0.0,23.607465744018555,-297.79998779296875,-302.0,27.250688552856445,-345.0199890136719,-333.04998779296875,-329.1000061035156,-320.0,-302.0,-278.0,-262.8999938964844,-253.95001220703125,-245.91998291015625
1830,-298.1199951171875,0.0,0.0,23.456600189208984,-298.1199951171875,-302.5,27.155580520629883,-346.05999755859375,-333.04998779296875,-329.1000061035156,-320.0,-302.5,-278.0,-263.0,-254.95001220703125,-245.91998291015625
1840,-299.32000732421875,0.0,0.0,23.31588363647461,-299.32000732421875,-302.5,27.287681579589844,-349.17999267578125,-334.29998779296875,-330.1000061035156,-322.0,-302.5,-278.75,-263.8999938964844,-254.95001220703125,-247.87997436523438
1850,-299.5199890136719,0.0,0.0,23.186670303344727,-299.5199890136719,-303.5,27.333669662475586,-349.2200012207031,-334.29998779296875,-330.1000061035156,-322.0,-303.5,-278.75,-263.8999938964844,-254.95001220703125,-247.87997436523438
1860,-299.8800048828125,0.0,0.0,23.034128189086914,-299.8800048828125,-304.0,27.39974021911621,-349.2200012207031,-334.29998779296875,-330.1000061035156,-322.0,-304.0,-280.0,-263.8999938964844,-254.95001220703125,-247.87997436523438
1870,-300.3999938964844,0.0,0.0,22.901161193847656,-300.3999938964844,-304.0,27.333494186401367,-349.2200012207031,-339.04998779296875,-330.1000061035156,-322.0,-304.0,-280.0,-267.6000061035156,-257.8500061035156,-247.87997436523438
1880,-300.8599853515625,0.0,0.0,22.763036727905273,-300.8599853515625,-304.0,27.627891540527344,-349.2200012207031,-339.3500061035156,-330.1000061035156,-324.0,-304.0,-280.0,-267.6000061035156,-257.8500061035156,-247.87997436523438
1890,-301.1000061035156,0.0,0.0,22.618085861206055,-301.1000061035156,-304.0,27.386672973632812,-349.2200012207031,-339.3500061035156,-332.0,-324.0,-304.0,-280.0,-267.6000061035156,-257.8500061035156,-247.87997436523438
1900,-301.44000244140625,0.0,0.0,22.471715927124023,-301.44000244140625,-304.0,27.277212142944336,-349.2200012207031,-339.3500061035156,-332.1000061035156,-324.0,-304.0,-283.0,-267.6000061035156,-257.8500061035156,-247.87997436523438
1910,-301.7200012207031,0.0,0.0,22.353593826293945,-301.7200012207031,-304.0,27.066612243652344,-349.2200012207031,-341.25,-333.0,-324.0,-304.0,-283.0,-267.6000061035156,-259.9000244140625,-247.95999145507812
1920,-302.29998779296875,0.0,0.0,22.191802978515625,-302.29998779296875,-305.0,27.08855628967285,-349.2200012207031,-346.04998779296875,-333.0,-324.0,-305.0,-283.0,-269.79998779296875,-259.9000244140625,-247.95999145507812
1930,-302.5,0.0,0.0,22.066923141479492,-302.5,-305.5,27.127660751342773,-351.17999267578125,-346.1000061035156,-333.1000061035156,-324.0,-305.5,-283.0,-269.79998779296875,-259.9000244140625,-247.95999145507812
1940,-302.7599792480469,0.0,0.0,21.923768997192383,-302.760009765625,-306.0,27.0426025390625,-351.17999267578125,-346.1000061035156,-334.1000061035156,-324.0,-306.0,-283.5,-269.79998779296875,-259.9000244140625,-247.95999145507812
1950,-303.0799865722656,0.0,0.0,21.773178100585938,-303.0799865722656,-306.0,27.01691246032715,-351.17999267578125,-346.1000061035156,-334.1000061035156,-324.0,-306.0,-283.5,-269.79998779296875,-259.9000244140625,-247.95999145507812
1960,-303.47998046875,0.0,0.0,21.61878204345703,-303.4800109863281,-308.0,26.932687759399414,-351.17999267578125,-346.1000061035156,-334.1000061035156,-324.0,-308.0,-283.5,-271.79998779296875,-259.9000244140625,-247.95999145507812
1970,-303.9599914550781,0.0,0.0,21.477075576782227,-303.9599914550781,-308.0,26.848432540893555,-351.17999267578125,-346.1000061035156,-334.1000061035156,-324.0,-308.0,-284.0,-271.79998779296875,-262.8500061035156,-247.95999145507812
1980,-304.1600036621094,0.0,0.0,21.311124801635742,-304.1600036621094,-308.0,26.92089080810547,-351.17999267578125,-346.1000061035156,-334.1000061035156,-324.0,-308.0,-284.0,-271.79998779296875,-262.8500061035156,-247.95999145507812
1990,-304.5,0.0,0.0,21.175493240356445,-304.5,-308.0,26.693632125854492,-351.17999267578125,-346.1000061035156,-334.1000061035156,-326.0,-308.0,-284.0,-271.79998779296875,-262.8500061035156,-251.91998291015625
2000,-304.82000732421875,0.0,0.0,21.04487419128418,-304.82000732421875,-308.0,26.4652156829834,-351.17999267578125,-346.1000061035156,-334.1000061035156,-326.0,-308.0,-284.0,-271.8999938964844,-263.8000183105469,-251.91998291015625
2010,-305.1000061035156,0.0,0.0,20.93271255493164,-305.1000061035156,-308.0,26.464128494262695,-351.17999267578125,-346.1000061035156,-334.1000061035156,-326.0,-308.0,-285.5,-271.8999938964844,-263.8000183105469,-251.91998291015625
2020,-305.239990234375,0.0,0.0,20.798500061035156,-305.239990234375,-308.0,26.45264434814453,-351.17999267578125,-346.1000061035156,-334.1000061035156,-326.0,-308.0,-285.5,-271.8999938964844,-263.8000183105469,-251.91998291015625
2030,-305.55999755859375,0.0,0.0,20.679447174072266,-305.55999755859375,-308.5,26.405424118041992,-351.17999267578125,-346.1000061035156,-334.1000061035156,-326.0,-308.5,-286.0,-271.8999938964844,-263.8000183105469,-251.91998291015625
2040,-305.7599792480469,0.0,0.0,20.544836044311523,-305.760009765625,-309.5,26.11709213256836,-351.17999267578125,-346.1000061035156,-334.1000061035156,-326.0,-309.5,-286.0,-271.8999938964844,-263.8000183105469,-251.91998291015625
2050,-305.97998046875,0.0,0.0,20.428375244140625,-305.9800109863281,-309.5,26.232032775878906,-357.05999755859375,-346.1000061035156,-335.0,-326.0,-309.5,-286.0,-273.70001220703125,-263.8000183105469,-251.91998291015625
2060,-306.5199890136719,0.0,0.0,20.305755615234375,-306.5199890136719,-311.0,25.947824478149414,-357.05999755859375,-346.1000061035156,-335.1000061035156,-326.0,-311.0,-286.0,-274.8999938964844,-264.0,-255.91998291015625
2070,-306.6999816894531,0.0,0.0,20.15955924987793,-306.70001220703125,-311.0,26.010576248168945,-357.05999755859375,-346.1000061035156,-335.1000061035156,-326.0,-311.0,-286.0,-274.8999938964844,-264.0,-255.91998291015625
2080,-306.8399963378906,0.0,0.0,20.04229736328125,-306.8399963378906,-311.0,26.112342834472656,-357.05999755859375,-346.1499938964844,-336.1000061035156,-326.0,-311.0,-286.0,-274.8999938964844,-264.0,-255.91998291015625
2090,-307.1600036621094,0.0,0.0,19.91150665283203,-307.1600036621094,-311.5,26.300081253051758,-357.05999755859375,-346.1499938964844,-336.1000061035156,-326.5,-311.5,-286.0,-274.8999938964844,-264.0,-255.91998291015625
2100,-307.29998779296875,0.0,0.0,19.79965591430664,-307.29998779296875,-313.0,26.353557586669922,-357.05999755859375,-346.1499938964844,-336.1000061035156,-328.0,-313.0,-286.0,-274.8999938964844,-264.0,-255.91998291015625
2110,-307.5,0.0,0.0,19.686798095703125,-307.5,-313.5,26.562191009521484,-357.05999755859375,-349.04998779296875,-337.0,-328.0,-313.5,-286.0,-274.8999938964844,-264.0,-255.91998291015625
2120,-307.6199951171875,0.0,0.0,19.535640716552734,-307.6199951171875,-313.5,26.51595115661621,-357.05999755859375,-349.04998779296875,-337.0,-328.0,-313.5,-286.0,-274.8999938964844,-264.0,-255.91998291015625
2130,-308.0199890136719,0.0,0.0,19.41682243347168,-308.0199890136719,-313.5,26.309688568115234,-357.05999755859375,-349.04998779296875,-337.29998779296875,-328.0,-313.5,-287.5,-274.8999938964844,-264.0,-259.8399658203125
2140,-308.1600036621094,0.0,0.0,19.268245697021484,-308.1600036621094,-313.5,26.410118103027344,-357.05999755859375,-349.04998779296875,-338.20001220703125,-328.0,-313.5,-287.5,-274.8999938964844,-264.0,-259.8399658203125
2150,-308.3399963378906,0.0,0.0,19.11214828491211,-308.3399963378906,-313.5,26.433399200439453,-357.05999755859375,-350.1499938964844,-338.20001220703125,-328.0,-313.5,-287.5,-274.8999938964844,-264.0,-259.8399658203125
2160,-308.6999816894531,0.0,0.0,18.989356994628906,-308.70001220703125,-313.5,26.453542709350586,-357.05999755859375,-350.1499938964844,-338.20001220703125,-328.0,-313.5,-289.5,-274.8999938964844,-264.0,-259.8399658203125
2170,-309.0199890136719,0.0,0.0,18.8649845123291,-309.0199890136719,-314.0,26.603750228881836,-357.05999755859375,-352.04998779296875,-339.1000061035156,-328.0,-314.0,-289.5,-274.8999938964844,-265.9000244140625,-259.8399658203125
2180,-309.29998779296875,0.0,0.0,18.726308822631836,-309.29998779296875,-314.5,26.45656967163086,-357.05999755859375,-352.04998779296875,-339.1000061035156,-328.5,-314.5,-290.0,-275.8999938964844,-266.0,-259.8399658203125
2190,-309.53997802734375,0.0,0.0,18.59722137451172,-309.5400085449219,-314.5,26.497325897216797,-357.05999755859375,-353.04998779296875,-339.1000061035156,-328.5,-314.5,-291.5,-275.8999938964844,-266.0,-261.7999572753906
2200,-309.7799987792969,0.0,0.0,18.444684982299805,-309.7799987792969,-314.5,26.52756118774414,-357.05999755859375,-353.04998779296875,-339.1000061035156,-330.0,-314.5,-291.5,-275.8999938964844,-266.0,-261.7999572753906
2210,-309.94000244140625,0.0,0.0,18.330324172973633,-309.94000244140625,-314.5,26.60895347595215,-357.05999755859375,-353.04998779296875,-340.0,-330.0,-314.5,-291.5,-275.8999938964844,-266.0,-261.7999572753906
2220,-309.9599914550781,0.0,0.0,18.226871490478516,-309.9599914550781,-314.5,26.588687896728516,-357.05999755859375,-353.04998779296875,-340.0,-330.0,-314.5,-291.5,-275.8999938964844,-266.0,-261.7999572753906
2230,-310.1399841308594,0.0,0.0,18.078712463378906,-310.1400146484375,-315.5,26.598129272460938,-357.05999755859375,-353.04998779296875,-340.0,-330.0,-315.5,-291.5,-275.8999938964844,-266.0,-261.7999572753906
2240,-310.3399963378906,0.0,0.0,17.93227195739746,-310.3399963378906,-316.0,26.61737060546875,-357.05999755859375,-353.04998779296875,-340.0,-330.0,-316.0,-291.5,-275.8999938964844,-266.0,-261.7999572753906
2250,-310.5199890136719,0.0,0.0,17.781084060668945,-310.5199890136719,-316.0,26.60243797302246,-357.05999755859375,-353.04998779296875,-340.1000061035156,-330.0,-316.0,-291.5,-276.0,-266.0,-261.7999572753906
2260,-310.8399963378906,0.0,0.0,17.64605712890625,-310.8399963378906,-316.5,26.554367065429688,-357.05999755859375,-353.04998779296875,-340.1000061035156,-330.0,-316.5,-291.5,-276.8999938964844,-269.8000183105469,-261.7999572753906
2270,-311.05999755859375,0.0,0.0,17.535106658935547,-311.05999755859375,-316.5,26.56381607055664,-357.05999755859375,-353.04998779296875,-341.0,-330.0,-316.5,-291.5,-276.8999938964844,-269.8000183105469,-261.8799743652344
2280,-311.32000732421875,0.0,0.0,17.423805236816406,-311.32000732421875,-316.5,26.679161071777344,-357.05999755859375,-353.04998779296875,-341.20001220703125,-330.25,-316.5,-291.5,-276.8999938964844,-269.8000183105469,-261.8799743652344
2290,-311.6600036621094,0.0,0.0,17.302953720092773,-311.6600036621094,-316.5,26.597074508666992,-357.05999755859375,-353.04998779296875,-341.20001220703125,-331.25,-316.5,-292.75,-276.8999938964844,-269.8000183105469,-261.8799743652344
2300,-311.8999938964844,0.0,0.0,17.15459442138672,-311.8999938964844,-316.5,26.532814025878906,-357.05999755859375,-353.04998779296875,-341.20001220703125,-331.25,-316.5,-292.75,-276.8999938964844,-269.8000183105469,-261.8799743652344
2310,-312.1199951171875,0.0,0.0,17.060670852661133,-312.1199951171875,-316.5,26.473865509033203,-357.05999755859375,-353.04998779296875,-341.20001220703125,-332.25,-316.5,-292.75,-279.70001220703125,-269.8000183105469,-261.91998291015625
2320,-312.29998779296875,0.0,0.0,16.935985565185547,-312.29998779296875,-316.5,26.695131301879883,-360.0400085449219,-354.04998779296875,-343.1000061035156,-332.5,-316.5,-292.75,-279.70001220703125,-269.8000183105469,-261.91998291015625
2330,-312.47998046875,0.0,0.0,16.791606903076172,-312.4800109863281,-316.5,26.408512115478516,-360.0400085449219,-354.04998779296875,-343.1000061035156,-332.5,-316.5,-293.75,-279.70001220703125,-269.8000183105469,-261.91998291015625
2340,-312.82000732421875,0.0,0.0,16.683635711669922,-312.82000732421875,-316.5,25.951641082763672,-360.0799865722656,-354.04998779296875,-343.1000061035156,-332.5,-316.5,-293.75,-279.79998779296875,-269.8000183105469,-263.8799743652344
2350,-313.0799865722656,0.0,0.0,16.56456184387207,-313.0799865722656,-316.5,25.96600914001465,-360.0799865722656,-354.04998779296875,-343.1000061035156,-332.5,-316.5,-293.75,-279.79998779296875,-269.8000183105469,-263.8799743652344
2360,-313.17999267578125,0.0,0.0,16.43562889099121,-313.17999267578125,-316.5,25.94701385498047,-360.0799865722656,-354.04998779296875,-343.1000061035156,-332.5,-316.5,-293.75,-279.79998779296875,-269.8000183105469,-263.8799743652344
2370,-313.3399963378906,0.0,0.0,16.336090087890625,-313.3399963378906,-316.5,25.995468139648438,-360.0799865722656,-354.04998779296875,-343.1000061035156,-333.25,-316.5,-293.75,-279.79998779296875,-269.8000183105469,-263.8799743652344
2380,-313.53997802734375,0.0,0.0,16.221405029296875,-313.5400085449219,-316.5,26.053569793701172,-360.1199951171875,-354.04998779296875,-343.1000061035156,-334.0,-316.5,-293.75,-279.79998779296875,-269.8000183105469,-265.8399658203125
2390,-313.6399841308594,0.0,0.0,16.118730545043945,-313.6400146484375,-317.0,26.15550422668457,-361.1000061035156,-354.04998779296875,-343.1000061035156,-334.0,-317.0,-293.75,-279.79998779296875,-269.8000183105469,-265.8399658203125
2400,-313.8800048828125,0.0,0.0,15.991374015808105,-313.8800048828125,-317.0,26.365615844726562,-362.1199951171875,-354.04998779296875,-343.1000061035156,-334.0,-317.0,-293.75,-279.79998779296875,-269.8000183105469,-265.8399658203125
2410,-314.0199890136719,0.0,0.0,15.883637428283691,-314.0199890136719,-317.0,26.395444869995117,-362.1199951171875,-354.04998779296875,-344.1000061035156,-334.0,-317.0,-293.75,-279.79998779296875,-269.8000183105469,-265.8399658203125
2420,-314.1399841308594,0.0,0.0,15.755541801452637,-314.1400146484375,-317.0,26.379167556762695,-362.1199951171875,-354.04998779296875,-344.1000061035156,-334.0,-317.0,-293.75,-279.79998779296875,-269.8000183105469,-265.8399658203125
2430,-314.32000732421875,0.0,0.0,15.668804168701172,-314.32000732421875,-317.0,26.380626678466797,-362.1199951171875,-354.04998779296875,-344.1000061035156,-334.0,-317.0,-295.5,-280.0,-269.8000183105469,-265.8399658203125
2440,-314.44000244140625,0.0,0.0,15.532609939575195,-314.44000244140625,-318.5,26.387239456176758,-362.1199951171875,-354.04998779296875,-344.1000061035156,-334.0,-318.5,-295.5,-280.0,-269.8000183105469,-265.8399658203125
2450,-314.7599792480469,0.0,0.0,15.422454833984375,-314.760009765625,-318.5,26.350378036499023,-366.0400085449219,-354.04998779296875,-344.20001220703125,-334.0,-318.5,-296.75,-280.0,-273.60003662109375,-265.8399658203125
2460,-314.8800048828125,0.0,0.0,15.297099113464355,-314.8800048828125,-319.0,26.35195541381836,-368.0,-354.04998779296875,-344.20001220703125,-334.0,-319.0,-296.75,-280.0,-273.60003662109375,-265.8399658203125
2470,-314.9599914550781,0.0,0.0,15.194564819335938,-314.9599914550781,-320.0,26.245731353759766,-368.0,-354.04998779296875,-344.20001220703125,-334.0,-320.0,-296.75,-280.0,-273.60003662109375,-265.91998291015625
2480,-315.0199890136719,0.0,0.0,15.042652130126953,-315.0199890136719,-320.0,26.24422836303711,-368.0,-354.04998779296875,-344.20001220703125,-334.0,-320.0,-296.75,-280.0,-273.60003662109375,-265.91998291015625
2490,-315.17999267578125,0.0,0.0,14.934099197387695,-315.17999267578125,-321.5,26.27027702331543,-368.0,-354.04998779296875,-344.20001220703125,-334.0,-321.5,-296.75,-280.0,-273.60003662109375,-265.91998291015625
2500,-315.2799987792969,0.0,0.0,14.818940162658691,-315.2799987792969,-321.5,26.289953231811523,-368.0,-354.04998779296875,-344.20001220703125,-334.0,-321.5,-297.0,-280.0,-273.60003662109375,-265.91998291015625
2510,-315.32000732421875,0.0,0.0,14.714195251464844,-315.32000732421875,-321.5,26.291017532348633,-368.0,-354.04998779296875,-344.20001220703125,-334.0,-321.5,-297.0,-280.0,-273.60003662109375,-265.91998291015625
2520,-315.44000244140625,0.0,0.0,14.601165771484375,-315.44000244140625,-321.5,26.384965896606445,-368.0,-354.04998779296875,-344.20001220703125,-334.5,-321.5,-297.0,-280.0,-273.60003662109375,-265.91998291015625
2530,-315.6600036621094,0.0,0.0,14.484903335571289,-315.6600036621094,-321.5,26.267934799194336,-368.0,-354.04998779296875,-344.20001220703125,-334.5,-321.5,-297.75,-280.0,-273.60003662109375,-265.91998291015625
2540,-315.7799987792969,0.0,0.0,14.392687797546387,-315.7799987792969,-321.5,26.24864959716797,-368.0,-354.1499938964844,-344.20001220703125,-334.5,-321.5,-298.0,-280.0,-273.60003662109375,-265.91998291015625
2550,-315.82000732421875,0.0,0.0,14.2880220413208,-315.82000732421875,-321.5,26.287023544311523,-368.0,-354.1499938964844,-346.0,-334.5,-321.5,-298.0,-280.0,-273.60003662109375,-265.91998291015625
2560,-315.91998291015625,0.0,0.0,14.20378303527832,-315.9200134277344,-321.5,26.310331344604492,-368.0,-354.1499938964844,-346.0,-334.5,-321.5,-298.0,-280.0,-273.60003662109375,-265.91998291015625
2570,-316.03997802734375,0.0,0.0,14.090275764465332,-316.0400085449219,-321.5,26.150304794311523,-368.0,-354.1499938964844,-346.0,-336.25,-321.5,-298.0,-280.0,-273.60003662109375,-265.91998291015625
2580,-316.2599792480469,0.0,0.0,14.004217147827148,-316.260009765625,-321.5,26.16968536376953,-368.0,-354.1499938964844,-346.0,-336.25,-321.5,-298.0,-280.0,-273.60003662109375,-265.91998291015625
2590,-316.41998291015625,0.0,0.0,13.883431434631348,-316.4200134277344,-321.5,26.264493942260742,-368.0400085449219,-354.1499938964844,-346.0,-336.25,-321.5,-298.0,-280.0,-273.60003662109375,-265.91998291015625
2600,-316.44000244140625,0.0,0.0,13.77523422241211,-316.44000244140625,-321.5,26.257308959960938,-368.0400085449219,-354.1499938964844,-346.0,-336.25,-321.5,-298.0,-280.0,-273.60003662109375,-265.91998291015625
2610,-316.6199951171875,0.0,0.0,13.684431076049805,-316.6199951171875,-321.5,26.14145278930664,-368.0400085449219,-354.1499938964844,-346.0,-336.25,-321.5,-298.0,-280.0,-273.60003662109375,-265.91998291015625
2620,-316.6999816894531,0.0,0.0,13.572509765625,-316.70001220703125,-321.5,26.177661895751953,-368.0400085449219,-354.1499938964844,-346.0,-336.25,-321.5,-298.0,-280.0,-273.60003662109375,-265.91998291015625
2630,-316.8599853515625,0.0,0.0,13.447077751159668,-316.8599853515625,-321.5,26.05264663696289,-368.0400085449219,-354.1499938964844,-346.1000061035156,-336.25,-321.5,-298.0,-280.0,-273.60003662109375,-265.9599914550781
2640,-316.91998291015625,0.0,0.0,13.353425979614258,-316.9200134277344,-321.5,26.034469604492188,-368.0400085449219,-354.1499938964844,-346.1000061035156,-336.25,-321.5,-298.0,-280.0,-273.60003662109375,-265.9599914550781
2650,-316.94000244140625,0.0,0.0,13.271479606628418,-316.94000244140625,-321.5,26.009929656982422,-368.0400085449219,-354.1499938964844,-346.1000061035156,-336.25,-321.5,-298.0,-280.0,-273.60003662109375,-265.9599914550781
2660,-317.05999755859375,0.0,0.0,13.155755043029785,-317.05999755859375,-321.5,26.034523010253906,-368.0400085449219,-354.1499938964844,-347.1000061035156,-336.25,-321.5,-298.0,-280.0,-273.60003662109375,-265.9599914550781
2670,-317.0799865722656,0.0,0.0,13.050745964050293,-317.0799865722656,-321.5,26.05136489868164,-368.0400085449219,-354.1499938964844,-347.1000061035156,-336.25,-321.5,-298.0,-280.0,-273.60003662109375,-265.9599914550781
2680,-317.3800048828125,0.0,0.0,12.939998626708984,-317.3800048828125,-321.5,25.90087890625,-370.0,-354.1499938964844,-347.1000061035156,-336.25,-321.5,-298.0,-280.0,-273.60003662109375,-265.9599914550781
2690,-317.47998046875,0.0,0.0,12.832931518554688,-317.4800109863281,-321.5,25.87449836730957,-370.0400085449219,-354.1499938964844,-347.1000061035156,-336.25,-321.5,-298.0,-281.79998779296875,-273.60003662109375,-265.9599914550781
2700,-317.6199951171875,0.0,0.0,12.740074157714844,-317.6199951171875,-322.0,25.824321746826172,-370.0400085449219,-354.1499938964844,-347.1000061035156,-337.0,-322.0,-298.0,-282.0,-273.60003662109375,-265.9599914550781
2710,-317.6999816894531,0.0,0.0,12.627511978149414,-317.70001220703125,-322.0,25.791278839111328,-370.0400085449219,-354.1499938964844,-347.1000061035156,-337.0,-322.0,-298.0,-282.0,-273.60003662109375,-265.9599914550781
2720,-317.739990234375,0.0,0.0,12.52999210357666,-317.739990234375,-322.0,25.819612503051758,-370.0400085449219,-354.1499938964844,-347.1000061035156,-337.0,-322.0,-298.0,-282.0,-273.60003662109375,-265.9599914550781
2730,-317.7799987792969,0.0,0.0,12.43683910369873,-317.7799987792969,-322.0,25.844758987426758,-370.0400085449219,-354.1499938964844,-347.1000061035156,-337.0,-322.0,-298.0,-282.0,-273.60003662109375,-265.9599914550781
2740,-317.8800048828125,0.0,0.0,12.336663246154785,-317.8800048828125,-322.5,25.85856819152832,-370.0400085449219,-354.1499938964844,-348.0,-337.0,-322.5,-298.0,-282.0,-273.60003662109375,-265.9599914550781
2750,-317.8800048828125,0.0,0.0,12.253999710083008,-317.8800048828125,-322.5,25.85856819152832,-370.0400085449219,-354.1499938964844,-348.0,-337.0,-322.5,-298.0,-282.0,-273.60003662109375,-265.9599914550781
2760,-317.9599914550781,0.0,0.0,12.141023635864258,-317.9599914550781,-322.5,25.909812927246094,-370.0400085449219,-354.1499938964844,-348.1000061035156,-337.0,-322.5,-298.0,-282.0,-273.60003662109375,-265.9599914550781
2770,-318.03997802734375,0.0,0.0,12.041143417358398,-318.0400085449219,-322.5,25.87041473388672,-370.0400085449219,-354.1499938964844,-348.1000061035156,-337.25,-322.5,-298.0,-282.0,-273.60003662109375,-265.9599914550781
2780,-318.1000061035156,0.0,0.0,11.933398246765137,-318.1000061035156,-323.5,25.894208908081055,-370.0400085449219,-354.1499938964844,-348.1000061035156,-338.0,-323.5,-298.0,-282.0,-273.60003662109375,-265.9599914550781
2790,-318.1000061035156,0.0,0.0,11.820183753967285,-318.1000061035156,-323.5,25.894208908081055,-370.0400085449219,-354.1499938964844,-348.1000061035156,-338.0,-323.5,-298.0,-282.0,-273.60003662109375,-265.9599914550781
2800,-318.1600036621094,0.0,0.0,11.710490226745605,-318.1600036621094,-324.0,25.889272689819336,-370.0400085449219,-354.1499938964844,-348.1000061035156,-338.0,-324.0,-298.0,-282.0,-273.60003662109375,-265.9599914550781
2810,-318.2599792480469,0.0,0.0,11.62982177734375,-318.260009765625,-324.0,25.878414154052734,-370.0400085449219,-354.1499938964844,-348.1000061035156,-338.0,-324.0,-299.5,-282.0,-273.60003662109375,-265.9599914550781
2820,-318.2599792480469,0.0,0.0,11.527164459228516,-318.260009765625,-324.0,25.878414154052734,-370.0400085449219,-354.1499938964844,-348.1000061035156,-338.0,-324.0,-299.5,-282.0,-273.60003662109375,-265.9599914550781
2830,-318.32000732421875,0.0,0.0,11.422870635986328,-318.32000732421875,-324.0,25.847585678100586,-370.0400085449219,-354.1499938964844,-348.1000061035156,-338.0,-324.0,-300.0,-282.0,-273.60003662109375,-265.9599914550781
2840,-318.3399963378906,0.0,0.0,11.307365417480469,-318.3399963378906,-324.0,25.858932495117188,-370.0400085449219,-354.1499938964844,-348.1000061035156,-338.0,-324.0,-300.0,-282.0,-273.60003662109375,-265.9599914550781
2850,-318.3399963378906,0.0,0.0,11.200154304504395,-318.3399963378906,-324.0,25.858932495117188,-370.0400085449219,-354.1499938964844,-348.1000061035156,-338.0,-324.0,-300.0,-282.0,-273.60003662109375,-265.9599914550781
2860,-318.41998291015625,0.0,0.0,11.13243579864502,-318.4200134277344,-324.0,25.702598571777344,-370.0400085449219,-354.1499938964844,-348.1000061035156,-338.0,-324.0,-300.0,-282.0,-273.9000244140625,-266.0
2870,-318.41998291015625,0.0,0.0,11.035886764526367,-318.4200134277344,-324.0,25.702598571777344,-370.0400085449219,-354.1499938964844,-348.1000061035156,-338.0,-324.0,-300.0,-282.0,-273.9000244140625,-266.0
2880,-318.5199890136719,0.0,0.0,10.937335014343262,-318.5199890136719,-324.0,25.70310401916504,-370.0400085449219,-354.1499938964844,-348.1000061035156,-338.0,-324.0,-300.0,-282.0,-273.9000244140625,-266.0
2890,-318.55999755859375,0.0,0.0,10.853951454162598,-318.55999755859375,-324.0,25.658649444580078,-370.0400085449219,-354.1499938964844,-348.1000061035156,-338.0,-324.0,-300.0,-282.0,-273.9000244140625,-266.0
2900,-318.5799865722656,0.0,0.0,10.747693061828613,-318.5799865722656,-324.0,25.67223358154297,-370.0400085449219,-354.1499938964844,-348.1000061035156,-338.0,-324.0,-300.0,-282.0,-273.9000244140625,-266.0
2910,-318.5799865722656,0.0,0.0,10.640727043151855,-318.5799865722656,-324.0,25.67223358154297,-370.0400085449219,-354.1499938964844,-348.1000061035156,-338.0,-324.0,-300.0,-282.0,-273.9000244140625,-266.0
2920,-318.6199951171875,0.0,0.0,10.590473175048828,-318.6199951171875,-324.0,25.658050537109375,-370.0400085449219,-354.1499938964844,-348.1000061035156,-338.0,-324.0,-300.0,-282.0,-274.0,-266.0
2930,-318.7200012207031,0.0,0.0,10.478730201721191,-318.7200012207031,-324.0,25.678815841674805,-370.0400085449219,-354.1499938964844,-348.1000061035156,-338.0,-324.0,-300.0,-282.0,-274.0,-266.0
2940,-318.739990234375,0.0,0.0,10.407313346862793,-318.739990234375,-324.0,25.69615364074707,-370.0400085449219,-354.1499938964844,-348.1000061035156,-338.0,-324.0,-300.0,-282.0,-274.0,-266.0
2950,-318.8800048828125,0.0,0.0,10.324515342712402,-318.8800048828125,-324.0,25.68629264831543,-370.0400085449219,-354.1499938964844,-349.0,-338.0,-324.0,-300.0,-283.79998779296875,-274.0,-266.0
2960,-318.8999938964844,0.0,0.0,10.263944625854492,-318.8999938964844,-324.0,25.645858764648438,-370.0400085449219,-354.1499938964844,-349.0,-338.0,-324.0,-300.0,-283.79998779296875,-274.0,-266.0
2970,-318.8999938964844,0.0,0.0,10.148067474365234,-318.8999938964844,-324.0,25.645858764648438,-370.0400085449219,-354.1499938964844,-349.0,-338.0,-324.0,-300.0,-283.79998779296875,-274.0,-266.0
2980,-318.94000244140625,0.0,0.0,10.038471221923828,-318.94000244140625,-324.0,25.65845489501953,-370.0400085449219,-354.1499938964844,-349.0,-338.0,-324.0,-300.0,-283.79998779296875,-274.0,-266.0
2990,-318.94000244140625,0.0,0.0,9.955737113952637,-318.94000244140625,-324.0,25.65845489501953,-370.0400085449219,-354.1499938964844,-349.0,-338.0,-324.0,-300.0,-283.79998779296875,-274.0,-266.0
3000,-318.9599914550781,0.0,0.0,9.867949485778809,-318.9599914550781,-324.0,25.667070388793945,-370.0400085449219,-354.1499938964844,-349.0,-338.0,-324.0,-300.0,-283.79998779296875,-274.0,-266.0
3010,-319.0,0.0,0.0,9.782161712646484,-319.0,-324.0,25.670217514038086,-370.0400085449219,-354.1499938964844,-349.0,-338.0,-324.0,-300.0,-283.79998779296875,-274.0,-266.0
3020,-319.0799865722656,0.0,0.0,9.677371978759766,-319.0799865722656,-324.0,25.64748764038086,-370.0400085449219,-354.1499938964844,-349.0,-338.0,-324.0,-300.0,-283.79998779296875,-274.0,-266.0
3030,-319.1199951171875,0.0,0.0,9.586726188659668,-319.1199951171875,-324.0,25.667598724365234,-372.0,-354.1499938964844,-349.0,-338.0,-324.0,-300.0,-283.79998779296875,-274.0,-266.0
3040,-319.1199951171875,0.0,0.0,9.513107299804688,-319.1199951171875,-324.0,25.667598724365234,-372.0,-354.1499938964844,-349.0,-338.0,-324.0,-300.0,-283.79998779296875,-274.0,-266.0
3050,-319.1399841308594,0.0,0.0,9.419921875,-319.1400146484375,-324.0,25.64879035949707,-372.0,-354.1499938964844,-349.0,-338.0,-324.0,-300.0,-283.79998779296875,-274.0,-266.0
3060,-319.17999267578125,0.0,0.0,9.349087715148926,-319.17999267578125,-324.0,25.597023010253906,-372.0,-354.1499938964844,-349.0,-338.0,-324.0,-300.0,-283.79998779296875,-274.0,-266.0
3070,-319.2200012207031,0.0,0.0,9.2278470993042,-319.2200012207031,-324.0,25.52942657470703,-372.0,-354.1499938964844,-349.0,-338.0,-324.0,-300.0,-283.79998779296875,-275.9000244140625,-266.0
3080,-319.32000732421875,0.0,0.0,9.146747589111328,-319.32000732421875,-324.0,25.53620147705078,-372.0,-354.1499938964844,-349.0,-338.0,-324.0,-300.0,-283.79998779296875,-275.9000244140625,-266.0
3090,-319.3399963378906,0.0,0.0,9.046690940856934,-319.3399963378906,-324.0,25.550819396972656,-372.0,-354.1499938964844,-349.0,-338.25,-324.0,-300.0,-283.79998779296875,-275.9000244140625,-266.0
3100,-319.3599853515625,0.0,0.0,8.939363479614258,-319.3599853515625,-324.0,25.544282913208008,-372.0,-354.1499938964844,-349.0,-338.25,-324.0,-300.0,-283.79998779296875,-275.9000244140625,-266.0
3110,-319.3800048828125,0.0,0.0,8.831826210021973,-319.3800048828125,-324.0,25.559648513793945,-372.0,-354.1499938964844,-349.0,-339.25,-324.0,-300.0,-283.79998779296875,-275.9000244140625,-266.0
3120,-319.3999938964844,0.0,0.0,8.7068452835083,-319.3999938964844,-324.0,25.556211471557617,-372.0,-354.1499938964844,-349.0,-339.25,-324.0,-300.0,-283.79998779296875,-275.9000244140625,-266.0
3130,-319.44000244140625,0.0,0.0,8.608832359313965,-319.44000244140625,-324.0,25.50385093688965,-372.0,-354.1499938964844,-349.0,-339.25,-324.0,-300.0,-283.79998779296875,-275.9000244140625,-266.0
3140,-319.5199890136719,0.0,0.0,8.545708656311035,-319.5199890136719,-324.0,25.539960861206055,-372.0,-354.1499938964844,-349.0,-339.25,-324.0,-300.0,-283.79998779296875,-275.9000244140625,-266.0
3150,-319.53997802734375,0.0,0.0,8.459599494934082,-319.5400085449219,-324.0,25.55989646911621,-372.0,-354.1499938964844,-349.0,-339.25,-324.0,-300.0,-283.79998779296875,-275.9000244140625,-266.0
3160,-319.53997802734375,0.0,0.0,8.378003120422363,-319.5400085449219,-324.0,25.55989646911621,-372.0,-354.1499938964844,-349.0,-339.25,-324.0,-300.0,-283.79998779296875,-275.9000244140625,-266.0
3170,-319.6199951171875,0.0,0.0,8.292828559875488,-319.6199951171875,-324.0,25.442005157470703,-372.0,-354.1499938964844,-349.0,-339.25,-324.0,-300.0,-284.0,-275.9000244140625,-266.0
3180,-319.6399841308594,0.0,0.0,8.20823860168457,-319.6400146484375,-324.0,25.41791534423828,-372.0,-354.1499938964844,-349.0,-339.25,-324.0,-300.0,-284.0,-275.9000244140625,-266.0
3190,-319.739990234375,0.0,0.0,8.097134590148926,-319.739990234375,-326.0,25.445085525512695,-372.0,-354.1499938964844,-349.0,-340.0,-326.0,-300.0,-284.0,-275.9000244140625,-266.0
3200,-319.7599792480469,0.0,0.0,8.034850120544434,-319.760009765625,-326.0,25.424837112426758,-372.0,-354.1499938964844,-349.0,-340.0,-326.0,-300.0,-284.0,-275.9000244140625,-266.0
3210,-319.7799987792969,0.0,0.0,7.943941593170166,-319.7799987792969,-326.0,25.433670043945312,-372.0,-354.1499938964844,-349.0,-340.0,-326.0,-300.0,-284.0,-275.9000244140625,-266.0
3220,-319.82000732421875,0.0,0.0,7.8448381423950195,-319.82000732421875,-326.0,25.413532257080078,-372.0,-354.1499938964844,-349.0,-340.0,-326.0,-300.0,-284.0,-275.9000244140625,-266.0
3230,-319.82000732421875,0.0,0.0,7.757442951202393,-319.82000732421875,-326.0,25.413532257080078,-372.0,-354.1499938964844,-349.0,-340.0,-326.0,-300.0,-284.0,-275.9000244140625,-266.0
3240,-319.8599853515625,0.0,0.0,7.662912845611572,-319.8599853515625,-326.0,25.42007827758789,-372.0,-354.1499938964844,-349.0,-340.0,-326.0,-300.0,-284.0,-275.9000244140625,-266.0
3250,-319.8599853515625,0.0,0.0,7.592084884643555,-319.8599853515625,-326.0,25.42007827758789,-372.0,-354.1499938964844,-349.0,-340.0,-326.0,-300.0,-284.0,-275.9000244140625,-266.0
3260,-319.91998291015625,0.0,0.0,7.5128302574157715,-319.9200134277344,-326.0,25.414045333862305,-372.0,-354.1499938964844,-349.0,-340.0,-326.0,-300.0,-284.0,-275.9000244140625,-266.0
3270,-320.0,0.0,0.0,7.423925399780273,-320.0,-326.0,25.382671356201172,-372.0,-354.1499938964844,-349.0,-340.0,-326.0,-300.0,-284.0,-275.9000244140625,-266.0
3280,-320.0,0.0,0.0,7.345107078552246,-320.0,-326.0,25.382671356201172,-372.0,-354.1499938964844,-349.0,-340.0,-326.0,-300.0,-284.0,-275.9000244140625,-266.0
3290,-320.0,0.0,0.0,7.252628803253174,-320.0,-326.0,25.382671356201172,-372.0,-354.1499938964844,-349.0,-340.0,-326.0,-300.0,-284.0,-275.9000244140625,-266.0
3300,-320.03997802734375,0.0,0.0,7.159517765045166,-320.0400085449219,-326.0,25.414138793945312,-372.0,-354.1499938964844,-349.0,-340.0,-326.0,-300.0,-284.0,-275.9000244140625,-266.0
3310,-320.1000061035156,0.0,0.0,7.09010124206543,-320.1000061035156,-326.0,25.376169204711914,-372.0,-354.1499938964844,-349.0,-340.0,-326.0,-300.0,-284.0,-275.9000244140625,-266.0
3320,-320.17999267578125,0.0,0.0,7.011503219604492,-320.17999267578125,-326.0,25.4229736328125,-372.0,-354.1499938964844,-349.0,-340.0,-326.0,-300.0,-284.0,-275.9000244140625,-266.0
3330,-320.17999267578125,0.0,0.0,6.917160987854004,-320.17999267578125,-326.0,25.4229736328125,-372.0,-354.1499938964844,-349.0,-340.0,-326.0,-300.0,-284.0,-275.9000244140625,-266.0
3340,-320.17999267578125,0.0,0.0,6.842702388763428,-320.17999267578125,-326.0,25.4229736328125,-372.0,-354.1499938964844,-349.0,-340.0,-326.0,-300.0,-284.0,-275.9000244140625,-266.0
3350,-320.1999816894531,0.0,0.0,6.778965950012207,-320.20001220703125,-326.0,25.445627212524414,-372.0,-354.1499938964844,-349.1000061035156,-340.0,-326.0,-300.0,-284.0,-275.9000244140625,-266.0
3360,-320.29998779296875,0.0,0.0,6.694741249084473,-320.29998779296875,-326.0,25.360403060913086,-372.0,-354.1499938964844,-349.1000061035156,-340.0,-326.0,-300.0,-284.0,-275.9000244140625,-266.0
3370,-320.29998779296875,0.0,0.0,6.628457069396973,-320.29998779296875,-326.0,25.360403060913086,-372.0,-354.1499938964844,-349.1000061035156,-340.0,-326.0,-300.0,-284.0,-275.9000244140625,-266.0
3380,-320.32000732421875,0.0,0.0,6.565568923950195,-320.32000732421875,-326.0,25.37119483947754,-372.0,-354.1499938964844,-349.1000061035156,-340.0,-326.0,-300.0,-284.0,-275.9000244140625,-266.0
3390,-320.3399963378906,0.0,0.0,6.505938529968262,-320.3399963378906,-326.0,25.385910034179688,-372.0,-354.1499938964844,-349.1000061035156,-340.0,-326.0,-300.0,-284.0,-275.9000244140625,-266.0
3400,-320.3800048828125,0.0,0.0,6.446491718292236,-320.3800048828125,-326.0,25.38534164428711,-372.0,-354.1499938964844,-349.1000061035156,-340.0,-326.0,-300.0,-284.0,-275.9000244140625,-266.0
3410,-320.3800048828125,0.0,0.0,6.398091793060303,-320.3800048828125,-326.0,25.38534164428711,-372.0,-354.1499938964844,-349.1000061035156,-340.0,-326.0,-300.0,-284.0,-275.9000244140625,-266.0
3420,-320.3800048828125,0.0,0.0,6.330200672149658,-320.3800048828125,-326.0,25.38534164428711,-372.0,-354.1499938964844,-349.1000061035156,-340.0,-326.0,-300.0,-284.0,-275.9000244140625,-266.0
3430,-320.3999938964844,0.0,0.0,6.278975009918213,-320.3999938964844,-326.0,25.38739776611328,-372.0,-354.1499938964844,-349.1000061035156,-340.0,-326.0,-300.0,-284.0,-275.9000244140625,-266.0
3440,-320.3999938964844,0.0,0.0,6.181305408477783,-320.3999938964844,-326.0,25.38739776611328,-372.0,-354.1499938964844,-349.1000061035156,-340.0,-326.0,-300.0,-284.0,-275.9000244140625,-266.0
3450,-320.41998291015625,0.0,0.0,6.08287239074707,-320.4200134277344,-326.0,25.4012508392334,-372.0,-354.1499938964844,-349.1000061035156,-340.0,-326.0,-300.0,-284.0,-275.9000244140625,-266.0
3460,-320.41998291015625,0.0,0.0,6.039664268493652,-320.4200134277344,-326.0,25.4012508392334,-372.0,-354.1499938964844,-349.1000061035156,-340.0,-326.0,-300.0,-284.0,-275.9000244140625,-266.0
3470,-320.41998291015625,0.0,0.0,5.972190856933594,-320.4200134277344,-326.0,25.4012508392334,-372.0,-354.1499938964844,-349.1000061035156,-340.0,-326.0,-300.0,-284.0,-275.9000244140625,-266.0
3480,-320.41998291015625,0.0,0.0,5.884548664093018,-320.4200134277344,-326.0,25.4012508392334,-372.0,-354.1499938964844,-349.1000061035156,-340.0,-326.0,-300.0,-284.0,-275.9000244140625,-266.0
3490,-320.41998291015625,0.0,0.0,5.811262130737305,-320.4200134277344,-326.0,25.4012508392334,-372.0,-354.1499938964844,-349.1000061035156,-340.0,-326.0,-300.0,-284.0,-275.9000244140625,-266.0
3500,-320.41998291015625,0.0,0.0,5.72432279586792,-320.4200134277344,-326.0,25.4012508392334,-372.0,-354.1499938964844,-349.1000061035156,-340.0,-326.0,-300.0,-284.0,-275.9000244140625,-266.0
3510,-320.44000244140625,0.0,0.0,5.654292583465576,-320.44000244140625,-326.0,25.413509368896484,-372.0,-354.1499938964844,-349.1000061035156,-340.0,-326.0,-300.0,-284.0,-275.9000244140625,-266.0
3520,-320.44000244140625,0.0,0.0,5.570520877838135,-320.44000244140625,-326.0,25.413509368896484,-372.0,-354.1499938964844,-349.1000061035156,-340.0,-326.0,-300.0,-284.0,-275.9000244140625,-266.0
3530,-320.4599914550781,0.0,0.0,5.490428447723389,-320.4599914550781,-326.0,25.431249618530273,-372.0,-354.1499938964844,-349.1000061035156,-340.0,-326.0,-300.0,-284.0,-275.9000244140625,-266.0
3540,-320.4599914550781,0.0,0.0,5.433927059173584,-320.4599914550781,-326.0,25.431249618530273,-372.0,-354.1499938964844,-349.1000061035156,-340.0,-326.0,-300.0,-284.0,-275.9000244140625,-266.0
3550,-320.4599914550781,0.0,0.0,5.380412578582764,-320.4599914550781,-326.0,25.431249618530273,-372.0,-354.1499938964844,-349.1000061035156,-340.0,-326.0,-300.0,-284.0,-275.9000244140625,-266.0
3560,-320.5199890136719,0.0,0.0,5.331762790679932,-320.5199890136719,-326.0,25.477237701416016,-372.0,-354.1499938964844,-349.1000061035156,-340.0,-326.0,-300.0,-284.0,-275.9000244140625,-266.0
3570,-320.5199890136719,0.0,0.0,5.267945289611816,-320.5199890136719,-326.0,25.477237701416016,-372.0,-354.1499938964844,-349.1000061035156,-340.0,-326.0,-300.0,-284.0,-275.9000244140625,-266.0
3580,-320.53997802734375,0.0,0.0,5.190584659576416,-320.5400085449219,-326.0,25.492515563964844,-372.0,-354.1499938964844,-349.1000061035156,-340.0,-326.0,-300.0,-284.0,-275.9000244140625,-266.0
3590,-320.53997802734375,0.0,0.0,5.109150409698486,-320.5400085449219,-326.0,25.492515563964844,-372.0,-354.1499938964844,-349.1000061035156,-340.0,-326.0,-300.0,-284.0,-275.9000244140625,-266.0
3600,-320.55999755859375,0.0,0.0,5.020457744598389,-320.55999755859375,-326.0,25.464611053466797,-372.0,-354.1499938964844,-349.1000061035156,-340.0,-326.0,-300.0,-284.8999938964844,-275.9000244140625,-266.0
3610,-320.6399841308594,0.0,0.0,4.972470760345459,-320.6400146484375,-326.0,25.41240692138672,-372.0,-354.1499938964844,-349.1000061035156,-340.0,-326.0,-301.5,-284.8999938964844,-275.9000244140625,-266.0
3620,-320.6399841308594,0.0,0.0,4.905097961425781,-320.6400146484375,-326.0,25.41240692138672,-372.0,-354.1499938964844,-349.1000061035156,-340.0,-326.0,-301.5,-284.8999938964844,-275.9000244140625,-266.0
3630,-320.6399841308594,0.0,0.0,4.832709789276123,-320.6400146484375,-326.0,25.41240692138672,-372.0,-354.1499938964844,-349.1000061035156,-340.0,-326.0,-301.5,-284.8999938964844,-275.9000244140625,-266.0
3640,-320.6399841308594,0.0,0.0,4.785967826843262,-320.6400146484375,-326.0,25.41240692138672,-372.0,-354.1499938964844,-349.1000061035156,-340.0,-326.0,-301.5,-284.8999938964844,-275.9000244140625,-266.0
3650,-320.67999267578125,0.0,0.0,4.742528438568115,-320.67999267578125,-326.0,25.39876937866211,-372.0,-354.1499938964844,-349.1000061035156,-340.0,-326.0,-301.5,-284.8999938964844,-275.9000244140625,-266.0
3660,-320.6999816894531,0.0,0.0,4.6926188468933105,-320.70001220703125,-326.0,25.417905807495117,-372.0,-354.1499938964844,-349.1000061035156,-340.0,-326.0,-301.5,-284.8999938964844,-275.9000244140625,-266.0
3670,-320.7200012207031,0.0,0.0,4.630562782287598,-320.7200012207031,-326.0,25.4228572845459,-372.0,-354.1499938964844,-349.1000061035156,-340.0,-326.0,-301.5,-284.8999938964844,-275.9000244140625,-266.0
3680,-320.7200012207031,0.0,0.0,4.57542610168457,-320.7200012207031,-326.0,25.4228572845459,-372.0,-354.1499938964844,-349.1000061035156,-340.0,-326.0,-301.5,-284.8999938964844,-275.9000244140625,-266.0
3690,-320.7200012207031,0.0,0.0,4.52993106842041,-320.7200012207031,-326.0,25.4228572845459,-372.0,-354.1499938964844,-349.1000061035156,-340.0,-326.0,-301.5,-284.8999938964844,-275.9000244140625,-266.0
3700,-320.7200012207031,0.0,0.0,4.478607177734375,-320.7200012207031,-326.0,25.4228572845459,-372.0,-354.1499938964844,-349.1000061035156,-340.0,-326.0,-301.5,-284.8999938964844,-275.9000244140625,-266.0
3710,-320.7599792480469,0.0,0.0,4.395789623260498,-320.760009765625,-326.0,25.4279842376709,-372.0,-354.1499938964844,-349.1000061035156,-340.0,-326.0,-301.5,-284.8999938964844,-275.9000244140625,-266.0
3720,-320.7599792480469,0.0,0.0,4.365268230438232,-320.760009765625,-326.0,25.4279842376709,-372.0,-354.1499938964844,-349.1000061035156,-340.0,-326.0,-301.5,-284.8999938964844,-275.9000244140625,-266.0
3730,-320.7599792480469,0.0,0.0,4.324119567871094,-320.760009765625,-326.0,25.4279842376709,-372.0,-354.1499938964844,-349.1000061035156,-340.0,-326.0,-301.5,-284.8999938964844,-275.9000244140625,-266.0
3740,-320.7599792480469,0.0,0.0,4.241336822509766,-320.760009765625,-326.0,25.4279842376709,-372.0,-354.1499938964844,-349.1000061035156,-340.0,-326.0,-301.5,-284.8999938964844,-275.9000244140625,-266.0
3750,-320.79998779296875,0.0,0.0,4.177749156951904,-320.79998779296875,-326.0,25.46448516845703,-372.0,-354.1499938964844,-349.1000061035156,-340.0,-326.0,-301.5,-284.8999938964844,-275.9000244140625,-266.0
3760,-320.79998779296875,0.0,0.0,4.131252288818359,-320.79998779296875,-326.0,25.46448516845703,-372.0,-354.1499938964844,-349.1000061035156,-340.0,-326.0,-301.5,-284.8999938964844,-275.9000244140625,-266.0
3770,-320.82000732421875,0.0,0.0,4.037760257720947,-320.82000732421875,-326.0,25.45677947998047,-372.0,-354.1499938964844,-349.1000061035156,-340.0,-326.0,-301.5,-284.8999938964844,-275.9000244140625,-266.0
3780,-320.82000732421875,0.0,0.0,3.9589672088623047,-320.82000732421875,-326.0,25.45677947998047,-372.0,-354.1499938964844,-349.1000061035156,-340.0,-326.0,-301.5,-284.8999938964844,-275.9000244140625,-266.0
3790,-320.82000732421875,0.0,0.0,3.9282422065734863,-320.82000732421875,-326.0,25.45677947998047,-372.0,-354.1499938964844,-349.1000061035156,-340.0,-326.0,-301.5,-284.8999938964844,-275.9000244140625,-266.0
3800,-320.8399963378906,0.0,0.0,3.8899967670440674,-320.8399963378906,-326.0,25.452198028564453,-372.0,-354.1499938964844,-349.1000061035156,-340.0,-326.0,-301.5,-284.8999938964844,-275.9000244140625,-266.0
3810,-320.8399963378906,0.0,0.0,3.840729236602783,-320.8399963378906,-326.0,25.452198028564453,-372.0,-354.1499938964844,-349.1000061035156,-340.0,-326.0,-301.5,-284.8999938964844,-275.9000244140625,-266.0
3820,-320.8599853515625,0.0,0.0,3.7832140922546387,-320.8599853515625,-326.0,25.464099884033203,-372.0,-354.1499938964844,-349.1000061035156,-340.0,-326.0,-301.5,-284.8999938964844,-275.9000244140625,-266.0
3830,-320.8599853515625,0.0,0.0,3.763343334197998,-320.8599853515625,-326.0,25.464099884033203,-372.0,-354.1499938964844,-349.1000061035156,-340.0,-326.0,-301.5,-284.8999938964844,-275.9000244140625,-266.0
3840,-320.8599853515625,0.0,0.0,3.7331135272979736,-320.8599853515625,-326.0,25.464099884033203,-372.0,-354.1499938964844,-349.1000061035156,-340.0,-326.0,-301.5,-284.8999938964844,-275.9000244140625,-266.0
3850,-320.8599853515625,0.0,0.0,3.6775665283203125,-320.8599853515625,-326.0,25.464099884033203,-372.0,-354.1499938964844,-349.1000061035156,-340.0,-326.0,-301.5,-284.8999938964844,-275.9000244140625,-266.0
3860,-320.8800048828125,0.0,0.0,3.628481149673462,-320.8800048828125,-326.0,25.475980758666992,-372.0,-354.1499938964844,-349.1000061035156,-340.0,-326.0,-301.5,-284.8999938964844,-275.9000244140625,-266.0
3870,-320.8800048828125,0.0,0.0,3.6018285751342773,-320.8800048828125,-326.0,25.475980758666992,-372.0,-354.1499938964844,-349.1000061035156,-340.0,-326.0,-301.5,-284.8999938964844,-275.9000244140625,-266.0
3880,-320.8800048828125,0.0,0.0,3.562493324279785,-320.8800048828125,-326.0,25.475980758666992,-372.0,-354.1499938964844,-349.1000061035156,-340.0,-326.0,-301.5,-284.8999938964844,-275.9000244140625,-266.0
3890,-320.8800048828125,0.0,0.0,3.541787624359131,-320.8800048828125,-326.0,25.475980758666992,-372.0,-354.1499938964844,-349.1000061035156,-340.0,-326.0,-301.5,-284.8999938964844,-275.9000244140625,-266.0
3900,-320.8800048828125,0.0,0.0,3.50885009765625,-320.8800048828125,-326.0,25.475980758666992,-372.0,-354.1499938964844,-349.1000061035156,-340.0,-326.0,-301.5,-284.8999938964844,-275.9000244140625,-266.0
3910,-320.8800048828125,0.0,0.0,3.465017557144165,-320.8800048828125,-326.0,25.475980758666992,-372.0,-354.1499938964844,-349.1000061035156,-340.0,-326.0,-301.5,-284.8999938964844,-275.9000244140625,-266.0
3920,-320.8800048828125,0.0,0.0,3.401060104370117,-320.8800048828125,-326.0,25.475980758666992,-372.0,-354.1499938964844,-349.1000061035156,-340.0,-326.0,-301.5,-284.8999938964844,-275.9000244140625,-266.0
3930,-320.91998291015625,0.0,0.0,3.3655779361724854,-320.9200134277344,-326.0,25.440000534057617,-372.0,-354.1499938964844,-349.1000061035156,-340.0,-326.0,-301.5,-284.8999938964844,-275.9000244140625,-266.0
3940,-320.91998291015625,0.0,0.0,3.3105363845825195,-320.9200134277344,-326.0,25.440000534057617,-372.0,-354.1499938964844,-349.1000061035156,-340.0,-326.0,-301.5,-284.8999938964844,-275.9000244140625,-266.0
3950,-320.91998291015625,0.0,0.0,3.2600090503692627,-320.9200134277344,-326.0,25.440000534057617,-372.0,-354.1499938964844,-349.1000061035156,-340.0,-326.0,-301.5,-284.8999938964844,-275.9000244140625,-266.0
3960,-320.91998291015625,0.0,0.0,3.193352699279785,-320.9200134277344,-326.0,25.440000534057617,-372.0,-354.1499938964844,-349.1000061035156,-340.0,-326.0,-301.5,-284.8999938964844,-275.9000244140625,-266.0
3970,-320.9599914550781,0.0,0.0,3.17160701751709,-320.9599914550781,-326.0,25.422792434692383,-372.0,-354.1499938964844,-349.1000061035156,-340.0,-326.0,-301.5,-284.8999938964844,-275.9000244140625,-266.0
3980,-320.9599914550781,0.0,0.0,3.1074702739715576,-320.9599914550781,-326.0,25.422792434692383,-372.0,-354.1499938964844,-349.1000061035156,-340.0,-326.0,-301.5,-284.8999938964844,-275.9000244140625,-266.0
3990,-320.9599914550781,0.0,0.0,3.071781635284424,-320.9599914550781,-326.0,25.422792434692383,-372.0,-354.1499938964844,-349.1000061035156,-340.0,-326.0,-301.5,-284.8999938964844,-275.9000244140625,-266.0
4000,-320.9599914550781,0.0,0.0,3.054619073867798,-320.9599914550781,-326.0,25.422792434692383,-372.0,-354.1499938964844,-349.1000061035156,-340.0,-326.0,-301.5,-284.8999938964844,-275.9000244140625,-266.0
4010,-320.9599914550781,0.0,0.0,3.0158848762512207,-320.9599914550781,-326.0,25.422792434692383,-372.0,-354.1499938964844,-349.1000061035156,-340.0,-326.0,-301.5,-284.8999938964844,-275.9000244140625,-266.0
4020,-320.9599914550781,0.0,0.0,2.986889600753784,-320.9599914550781,-326.0,25.422792434692383,-372.0,-354.1499938964844,-349.1000061035156,-340.0,-326.0,-301.5,-284.8999938964844,-275.9000244140625,-266.0
4030,-320.9599914550781,0.0,0.0,2.945504665374756,-320.9599914550781,-326.0,25.422792434692383,-372.0,-354.1499938964844,-349.1000061035156,-340.0,-326.0,-301.5,-284.8999938964844,-275.9000244140625,-266.0
4040,-320.9599914550781,0.0,0.0,2.9294543266296387,-320.9599914550781,-326.0,25.422792434692383,-372.0,-354.1499938964844,-349.1000061035156,-340.0,-326.0,-301.5,-284.8999938964844,-275.9000244140625,-266.0
4050,-320.9599914550781,0.0,0.0,2.888967752456665,-320.9599914550781,-326.0,25.422792434692383,-372.0,-354.1499938964844,-349.1000061035156,-340.0,-326.0,-301.5,-284.8999938964844,-275.9000244140625,-266.0
4060,-320.9599914550781,0.0,0.0,2.867588520050049,-320.9599914550781,-326.0,25.422792434692383,-372.0,-354.1499938964844,-349.1000061035156,-340.0,-326.0,-301.5,-284.8999938964844,-275.9000244140625,-266.0
4070,-320.9599914550781,0.0,0.0,2.833291530609131,-320.9599914550781,-326.0,25.422792434692383,-372.0,-354.1499938964844,-349.1000061035156,-340.0,-326.0,-301.5,-284.8999938964844,-275.9000244140625,-266.0
4080,-320.9599914550781,0.0,0.0,2.814298629760742,-320.9599914550781,-326.0,25.422792434692383,-372.0,-354.1499938964844,-349.1000061035156,-340.0,-326.0,-301.5,-284.8999938964844,-275.9000244140625,-266.0
4090,-320.9599914550781,0.0,0.0,2.778792381286621,-320.9599914550781,-326.0,25.422792434692383,-372.0,-354.1499938964844,-349.1000061035156,-340.0,-326.0,-301.5,-284.8999938964844,-275.9000244140625,-266.0
4100,-320.9599914550781,0.0,0.0,2.7401034832000732,-320.9599914550781,-326.0,25.422792434692383,-372.0,-354.1499938964844,-349.1000061035156,-340.0,-326.0,-301.5,-284.8999938964844,-275.9000244140625,-266.0
4110,-320.9599914550781,0.0,0.0,2.696610927581787,-320.9599914550781,-326.0,25.422792434692383,-372.0,-354.1499938964844,-349.1000061035156,-340.0,-326.0,-301.5,-284.8999938964844,-275.9000244140625,-266.0
4120,-320.9599914550781,0.0,0.0,2.65822434425354,-320.9599914550781,-326.0,25.422792434692383,-372.0,-354.1499938964844,-349.1000061035156,-340.0,-326.0,-301.5,-284.8999938964844,-275.9000244140625,-266.0
4130,-320.9599914550781,0.0,0.0,2.642643928527832,-320.9599914550781,-326.0,25.422792434692383,-372.0,-354.1499938964844,-349.1000061035156,-340.0,-326.0,-301.5,-284.8999938964844,-275.9000244140625,-266.0
4140,-320.9599914550781,0.0,0.0,2.596061944961548,-320.9599914550781,-326.0,25.422792434692383,-372.0,-354.1499938964844,-349.1000061035156,-340.0,-326.0,-301.5,-284.8999938964844,-275.9000244140625,-266.0
4150,-320.9599914550781,0.0,0.0,2.534719228744507,-320.9599914550781,-326.0,25.422792434692383,-372.0,-354.1499938964844,-349.1000061035156,-340.0,-326.0,-301.5,-284.8999938964844,-275.9000244140625,-266.0
4160,-320.9599914550781,0.0,0.0,2.5020995140075684,-320.9599914550781,-326.0,25.422792434692383,-372.0,-354.1499938964844,-349.1000061035156,-340.0,-326.0,-301.5,-284.8999938964844,-275.9000244140625,-266.0
4170,-320.9599914550781,0.0,0.0,2.476623773574829,-320.9599914550781,-326.0,25.422792434692383,-372.0,-354.1499938964844,-349.1000061035156,-340.0,-326.0,-301.5,-284.8999938964844,-275.9000244140625,-266.0
4180,-320.9599914550781,0.0,0.0,2.4503073692321777,-320.9599914550781,-326.0,25.422792434692383,-372.0,-354.1499938964844,-349.1000061035156,-340.0,-326.0,-301.5,-284.8999938964844,-275.9000244140625,-266.0
4190,-320.9599914550781,0.0,0.0,2.4346559047698975,-320.9599914550781,-326.0,25.422792434692383,-372.0,-354.1499938964844,-349.1000061035156,-340.0,-326.0,-301.5,-284.8999938964844,-275.9000244140625,-266.0
4200,-320.9599914550781,0.0,0.0,2.389094114303589,-320.9599914550781,-326.0,25.422792434692383,-372.0,-354.1499938964844,-349.1000061035156,-340.0,-326.0,-301.5,-284.8999938964844,-275.9000244140625,-266.0
4210,-320.9599914550781,0.0,0.0,2.392362356185913,-320.9599914550781,-326.0,25.422792434692383,-372.0,-354.1499938964844,-349.1000061035156,-340.0,-326.0,-301.5,-284.8999938964844,-275.9000244140625,-266.0
4220,-320.9599914550781,0.0,0.0,2.3671488761901855,-320.9599914550781,-326.0,25.422792434692383,-372.0,-354.1499938964844,-349.1000061035156,-340.0,-326.0,-301.5,-284.8999938964844,-275.9000244140625,-266.0
4230,-320.9599914550781,0.0,0.0,2.351193428039551,-320.9599914550781,-326.0,25.422792434692383,-372.0,-354.1499938964844,-349.1000061035156,-340.0,-326.0,-301.5,-284.8999938964844,-275.9000244140625,-266.0
4240,-320.9599914550781,0.0,0.0,2.3231332302093506,-320.9599914550781,-326.0,25.422792434692383,-372.0,-354.1499938964844,-349.1000061035156,-340.0,-326.0,-301.5,-284.8999938964844,-275.9000244140625,-266.0
4250,-320.9599914550781,0.0,0.0,2.279805898666382,-320.9599914550781,-326.0,25.422792434692383,-372.0,-354.1499938964844,-349.1000061035156,-340.0,-326.0,-301.5,-284.8999938964844,-275.9000244140625,-266.0
4260,-320.9599914550781,0.0,0.0,2.2579703330993652,-320.9599914550781,-326.0,25.422792434692383,-372.0,-354.1499938964844,-349.1000061035156,-340.0,-326.0,-301.5,-284.8999938964844,-275.9000244140625,-266.0
4270,-320.9599914550781,0.0,0.0,2.254054069519043,-320.9599914550781,-326.0,25.422792434692383,-372.0,-354.1499938964844,-349.1000061035156,-340.0,-326.0,-301.5,-284.8999938964844,-275.9000244140625,-266.0
4280,-320.9599914550781,0.0,0.0,2.247443914413452,-320.9599914550781,-326.0,25.422792434692383,-372.0,-354.1499938964844,-349.1000061035156,-340.0,-326.0,-301.5,-284.8999938964844,-275.9000244140625,-266.0
4290,-320.9599914550781,0.0,0.0,2.212784767150879,-320.9599914550781,-326.0,25.422792434692383,-372.0,-354.1499938964844,-349.1000061035156,-340.0,-326.0,-301.5,-284.8999938964844,-275.9000244140625,-266.0
4300,-320.9599914550781,0.0,0.0,2.17765212059021,-320.9599914550781,-326.0,25.422792434692383,-372.0,-354.1499938964844,-349.1000061035156,-340.0,-326.0,-301.5,-284.8999938964844,-275.9000244140625,-266.0
4310,-320.9599914550781,0.0,0.0,2.1646523475646973,-320.9599914550781,-326.0,25.422792434692383,-372.0,-354.1499938964844,-349.1000061035156,-340.0,-326.0,-301.5,-284.8999938964844,-275.9000244140625,-266.0
4320,-320.9599914550781,0.0,0.0,2.149937152862549,-320.9599914550781,-326.0,25.422792434692383,-372.0,-354.1499938964844,-349.1000061035156,-340.0,-326.0,-301.5,-284.8999938964844,-275.9000244140625,-266.0
4330,-320.9599914550781,0.0,0.0,2.132221221923828,-320.9599914550781,-326.0,25.422792434692383,-372.0,-354.1499938964844,-349.1000061035156,-340.0,-326.0,-301.5,-284.8999938964844,-275.9000244140625,-266.0
4340,-320.9599914550781,0.0,0.0,2.1029210090637207,-320.9599914550781,-326.0,25.422792434692383,-372.0,-354.1499938964844,-349.1000061035156,-340.0,-326.0,-301.5,-284.8999938964844,-275.9000244140625,-266.0
4350,-320.9599914550781,0.0,0.0,2.073061227798462,-320.9599914550781,-326.0,25.422792434692383,-372.0,-354.1499938964844,-349.1000061035156,-340.0,-326.0,-301.5,-284.8999938964844,-275.9000244140625,-266.0
4360,-320.97998046875,0.0,0.0,2.0623793601989746,-320.9800109863281,-326.0,25.436187744140625,-372.0,-354.1499938964844,-349.1000061035156,-340.0,-326.0,-301.5,-284.8999938964844,-275.9000244140625,-266.0
4370,-320.97998046875,0.0,0.0,2.058551788330078,-320.9800109863281,-326.0,25.436187744140625,-372.0,-354.1499938964844,-349.1000061035156,-340.0,-326.0,-301.5,-284.8999938964844,-275.9000244140625,-266.0
4380,-320.97998046875,0.0,0.0,2.027411460876465,-320.9800109863281,-326.0,25.436187744140625,-372.0,-354.1499938964844,-349.1000061035156,-340.0,-326.0,-301.5,-284.8999938964844,-275.9000244140625,-266.0
4390,-320.97998046875,0.0,0.0,2.0139763355255127,-320.9800109863281,-326.0,25.436187744140625,-372.0,-354.1499938964844,-349.1000061035156,-340.0,-326.0,-301.5,-284.8999938964844,-275.9000244140625,-266.0
4400,-320.97998046875,0.0,0.0,1.9867740869522095,-320.9800109863281,-326.0,25.436187744140625,-372.0,-354.1499938964844,-349.1000061035156,-340.0,-326.0,-301.5,-284.8999938964844,-275.9000244140625,-266.0
4410,-320.97998046875,0.0,0.0,1.947809100151062,-320.9800109863281,-326.0,25.436187744140625,-372.0,-354.1499938964844,-349.1000061035156,-340.0,-326.0,-301.5,-284.8999938964844,-275.9000244140625,-266.0
4420,-321.0199890136719,0.0,0.0,1.9222052097320557,-321.0199890136719,-326.0,25.447193145751953,-372.0,-354.1499938964844,-349.1000061035156,-340.0,-326.0,-301.5,-284.8999938964844,-275.9000244140625,-266.0
4430,-321.0199890136719,0.0,0.0,1.8962960243225098,-321.0199890136719,-326.0,25.447193145751953,-372.0,-354.1499938964844,-349.1000061035156,-340.0,-326.0,-301.5,-284.8999938964844,-275.9000244140625,-266.0
4440,-321.0199890136719,0.0,0.0,1.8947522640228271,-321.0199890136719,-326.0,25.447193145751953,-372.0,-354.1499938964844,-349.1000061035156,-340.0,-326.0,-301.5,-284.8999938964844,-275.9000244140625,-266.0
4450,-321.03997802734375,0.0,0.0,1.8799946308135986,-321.0400085449219,-326.0,25.46209716796875,-372.0,-354.1499938964844,-349.1000061035156,-340.0,-326.0,-301.5,-284.8999938964844,-275.9000244140625,-266.0
4460,-321.03997802734375,0.0,0.0,1.8649358749389648,-321.0400085449219,-326.0,25.46209716796875,-372.0,-354.1499938964844,-349.1000061035156,-340.0,-326.0,-301.5,-284.8999938964844,-275.9000244140625,-266.0
4470,-321.03997802734375,0.0,0.0,1.8276901245117188,-321.0400085449219,-326.0,25.46209716796875,-372.0,-354.1499938964844,-349.1000061035156,-340.0,-326.0,-301.5,-284.8999938964844,-275.9000244140625,-266.0
4480,-321.03997802734375,0.0,0.0,1.8297514915466309,-321.0400085449219,-326.0,25.46209716796875,-372.0,-354.1499938964844,-349.1000061035156,-340.0,-326.0,-301.5,-284.8999938964844,-275.9000244140625,-266.0
4490,-321.03997802734375,0.0,0.0,1.8085793256759644,-321.0400085449219,-326.0,25.46209716796875,-372.0,-354.1499938964844,-349.1000061035156,-340.0,-326.0,-301.5,-284.8999938964844,-275.9000244140625,-266.0
4500,-321.03997802734375,0.0,0.0,1.779900074005127,-321.0400085449219,-326.0,25.46209716796875,-372.0,-354.1499938964844,-349.1000061035156,-340.0,-326.0,-301.5,-284.8999938964844,-275.9000244140625,-266.0
4510,-321.03997802734375,0.0,0.0,1.7581219673156738,-321.0400085449219,-326.0,25.46209716796875,-372.0,-354.1499938964844,-349.1000061035156,-340.0,-326.0,-301.5,-284.8999938964844,-275.9000244140625,-266.0
4520,-321.03997802734375,0.0,0.0,1.7434450387954712,-321.0400085449219,-326.0,25.46209716796875,-372.0,-354.1499938964844,-349.1000061035156,-340.0,-326.0,-301.5,-284.8999938964844,-275.9000244140625,-266.0
4530,-321.03997802734375,0.0,0.0,1.7296334505081177,-321.0400085449219,-326.0,25.46209716796875,-372.0,-354.1499938964844,-349.1000061035156,-340.0,-326.0,-301.5,-284.8999938964844,-275.9000244140625,-266.0
4540,-321.03997802734375,0.0,0.0,1.7210290431976318,-321.0400085449219,-326.0,25.46209716796875,-372.0,-354.1499938964844,-349.1000061035156,-340.0,-326.0,-301.5,-284.8999938964844,-275.9000244140625,-266.0
4550,-321.05999755859375,0.0,0.0,1.7201224565505981,-321.05999755859375,-326.0,25.455774307250977,-372.0,-354.1499938964844,-349.1000061035156,-340.0,-326.0,-301.5,-284.8999938964844,-275.9000244140625,-266.0
4560,-321.05999755859375,0.0,0.0,1.70554518699646,-321.05999755859375,-326.0,25.455774307250977,-372.0,-354.1499938964844,-349.1000061035156,-340.0,-326.0,-301.5,-284.8999938964844,-275.9000244140625,-266.0
4570,-321.0799865722656,0.0,0.0,1.6900577545166016,-321.0799865722656,-326.0,25.463573455810547,-372.0,-354.1499938964844,-349.1000061035156,-340.0,-326.0,-301.5,-284.8999938964844,-275.9000244140625,-266.0
4580,-321.0799865722656,0.0,0.0,1.6834670305252075,-321.0799865722656,-326.0,25.463573455810547,-372.0,-354.1499938964844,-349.1000061035156,-340.0,-326.0,-301.5,-284.8999938964844,-275.9000244140625,-266.0
4590,-321.0799865722656,0.0,0.0,1.6837760210037231,-321.0799865722656,-326.0,25.463573455810547,-372.0,-354.1499938964844,-349.1000061035156,-340.0,-326.0,-301.5,-284.8999938964844,-275.9000244140625,-266.0
4600,-321.0799865722656,0.0,0.0,1.676382064819336,-321.0799865722656,-326.0,25.463573455810547,-372.0,-354.1499938964844,-349.1000061035156,-340.0,-326.0,-301.5,-284.8999938964844,-275.9000244140625,-266.0
4610,-321.0799865722656,0.0,0.0,1.668709635734558,-321.0799865722656,-326.0,25.463573455810547,-372.0,-354.1499938964844,-349.1000061035156,-340.0,-326.0,-301.5,-284.8999938964844,-275.9000244140625,-266.0
4620,-321.0799865722656,0.0,0.0,1.6571444272994995,-321.0799865722656,-326.0,25.463573455810547,-372.0,-354.1499938964844,-349.1000061035156,-340.0,-326.0,-301.5,-284.8999938964844,-275.9000244140625,-266.0
4630,-321.0799865722656,0.0,0.0,1.6303361654281616,-321.0799865722656,-326.0,25.463573455810547,-372.0,-354.1499938964844,-349.1000061035156,-340.0,-326.0,-301.5,-284.8999938964844,-275.9000244140625,-266.0
4640,-321.0799865722656,0.0,0.0,1.5980736017227173,-321.0799865722656,-326.0,25.463573455810547,-372.0,-354.1499938964844,-349.1000061035156,-340.0,-326.0,-301.5,-284.8999938964844,-275.9000244140625,-266.0
4650,-321.0799865722656,0.0,0.0,1.5892175436019897,-321.0799865722656,-326.0,25.463573455810547,-372.0,-354.1499938964844,-349.1000061035156,-340.0,-326.0,-301.5,-284.8999938964844,-275.9000244140625,-266.0
4660,-321.0799865722656,0.0,0.0,1.5789611339569092,-321.0799865722656,-326.0,25.463573455810547,-372.0,-354.1499938964844,-349.1000061035156,-340.0,-326.0,-301.5,-284.8999938964844,-275.9000244140625,-266.0
4670,-321.0799865722656,0.0,0.0,1.581737995147705,-321.0799865722656,-326.0,25.463573455810547,-372.0,-354.1499938964844,-349.1000061035156,-340.0,-326.0,-301.5,-284.8999938964844,-275.9000244140625,-266.0
4680,-321.0799865722656,0.0,0.0,1.573656439781189,-321.0799865722656,-326.0,25.463573455810547,-372.0,-354.1499938964844,-349.1000061035156,-340.0,-326.0,-301.5,-284.8999938964844,-275.9000244140625,-266.0
4690,-321.0799865722656,0.0,0.0,1.5641735792160034,-321.0799865722656,-326.0,25.463573455810547,-372.0,-354.1499938964844,-349.1000061035156,-340.0,-326.0,-301.5,-284.8999938964844,-275.9000244140625,-266.0
4700,-321.0799865722656,0.0,0.0,1.5549709796905518,-321.0799865722656,-326.0,25.463573455810547,-372.0,-354.1499938964844,-349.1000061035156,-340.0,-326.0,-301.5,-284.8999938964844,-275.9000244140625,-266.0
4710,-321.0799865722656,0.0,0.0,1.5275388956069946,-321.0799865722656,-326.0,25.463573455810547,-372.0,-354.1499938964844,-349.1000061035156,-340.0,-326.0,-301.5,-284.8999938964844,-275.9000244140625,-266.0
4720,-321.0799865722656,0.0,0.0,1.5213021039962769,-321.0799865722656,-326.0,25.463573455810547,-372.0,-354.1499938964844,-349.1000061035156,-340.0,-326.0,-301.5,-284.8999938964844,-275.9000244140625,-266.0
4730,-321.1000061035156,0.0,0.0,1.5070449113845825,-321.1000061035156,-326.0,25.458789825439453,-372.0,-354.1499938964844,-349.1000061035156,-340.0,-326.0,-301.5,-284.8999938964844,-275.9000244140625,-266.0
4740,-321.1000061035156,0.0,0.0,1.4987130165100098,-321.1000061035156,-326.0,25.458789825439453,-372.0,-354.1499938964844,-349.1000061035156,-340.0,-326.0,-301.5,-284.8999938964844,-275.9000244140625,-266.0
4750,-321.1000061035156,0.0,0.0,1.4876083135604858,-321.1000061035156,-326.0,25.458789825439453,-372.0,-354.1499938964844,-349.1000061035156,-340.0,-326.0,-301.5,-284.8999938964844,-275.9000244140625,-266.0
4760,-321.1000061035156,0.0,0.0,1.471800446510315,-321.1000061035156,-326.0,25.458789825439453,-372.0,-354.1499938964844,-349.1000061035156,-340.0,-326.0,-301.5,-284.8999938964844,-275.9000244140625,-266.0
4770,-321.1000061035156,0.0,0.0,1.4549424648284912,-321.1000061035156,-326.0,25.458789825439453,-372.0,-354.1499938964844,-349.1000061035156,-340.0,-326.0,-301.5,-284.8999938964844,-275.9000244140625,-266.0
4780,-321.1000061035156,0.0,0.0,1.445038914680481,-321.1000061035156,-326.0,25.458789825439453,-372.0,-354.1499938964844,-349.1000061035156,-340.0,-326.0,-301.5,-284.8999938964844,-275.9000244140625,-266.0
4790,-321.1000061035156,0.0,0.0,1.4524413347244263,-321.1000061035156,-326.0,25.458789825439453,-372.0,-354.1499938964844,-349.1000061035156,-340.0,-326.0,-301.5,-284.8999938964844,-275.9000244140625,-266.0
4800,-321.1000061035156,0.0,0.0,1.4486404657363892,-321.1000061035156,-326.0,25.458789825439453,-372.0,-354.1499938964844,-349.1000061035156,-340.0,-326.0,-301.5,-284.8999938964844,-275.9000244140625,-266.0
4810,-321.1000061035156,0.0,0.0,1.4414571523666382,-321.1000061035156,-326.0,25.458789825439453,-372.0,-354.1499938964844,-349.1000061035156,-340.0,-326.0,-301.5,-284.8999938964844,-275.9000244140625,-266.0
4820,-321.1000061035156,0.0,0.0,1.4306180477142334,-321.1000061035156,-326.0,25.458789825439453,-372.0,-354.1499938964844,-349.1000061035156,-340.0,-326.0,-301.5,-284.8999938964844,-275.9000244140625,-266.0
4830,-321.1000061035156,0.0,0.0,1.4331721067428589,-321.1000061035156,-326.0,25.458789825439453,-372.0,-354.1499938964844,-349.1000061035156,-340.0,-326.0,-301.5,-284.8999938964844,-275.9000244140625,-266.0
4840,-321.1000061035156,0.0,0.0,1.4379342794418335,-321.1000061035156,-326.0,25.458789825439453,-372.0,-354.1499938964844,-349.1000061035156,-340.0,-326.0,-301.5,-284.8999938964844,-275.9000244140625,-266.0
4850,-321.1000061035156,0.0,0.0,1.4337847232818604,-321.1000061035156,-326.0,25.458789825439453,-372.0,-354.1499938964844,-349.1000061035156,-340.0,-326.0,-301.5,-284.8999938964844,-275.9000244140625,-266.0
4860,-321.1000061035156,0.0,0.0,1.4274120330810547,-321.1000061035156,-326.0,25.458789825439453,-372.0,-354.1499938964844,-349.1000061035156,-340.0,-326.0,-301.5,-284.8999938964844,-275.9000244140625,-266.0
4870,-321.1000061035156,0.0,0.0,1.41644287109375,-321.1000061035156,-326.0,25.458789825439453,-372.0,-354.1499938964844,-349.1000061035156,-340.0,-326.0,-301.5,-284.8999938964844,-275.9000244140625,-266.0
4880,-321.1000061035156,0.0,0.0,1.4116538763046265,-321.1000061035156,-326.0,25.458789825439453,-372.0,-354.1499938964844,-349.1000061035156,-340.0,-326.0,-301.5,-284.8999938964844,-275.9000244140625,-266.0
4890,-321.1000061035156,0.0,0.0,1.3944509029388428,-321.1000061035156,-326.0,25.458789825439453,-372.0,-354.1499938964844,-349.1000061035156,-340.0,-326.0,-301.5,-284.8999938964844,-275.9000244140625,-266.0
4900,-321.1000061035156,0.0,0.0,1.3913177251815796,-321.1000061035156,-326.0,25.458789825439453,-372.0,-354.1499938964844,-349.1000061035156,-340.0,-326.0,-301.5,-284.8999938964844,-275.9000244140625,-266.0
4910,-321.1199951171875,0.0,0.0,1.3735581636428833,-321.1199951171875,-326.0,25.4555606842041,-372.0,-354.1499938964844,-349.1000061035156,-340.0,-326.0,-301.5,-284.8999938964844,-275.9000244140625,-266.0
4920,-321.1199951171875,0.0,0.0,1.3780699968338013,-321.1199951171875,-326.0,25.4555606842041,-372.0,-354.1499938964844,-349.1000061035156,-340.0,-326.0,-301.5,-284.8999938964844,-275.9000244140625,-266.0
4930,-321.1199951171875,0.0,0.0,1.3797588348388672,-321.1199951171875,-326.0,25.4555606842041,-372.0,-354.1499938964844,-349.1000061035156,-340.0,-326.0,-301.5,-284.8999938964844,-275.9000244140625,-266.0
4940,-321.1199951171875,0.0,0.0,1.3733303546905518,-321.1199951171875,-326.0,25.4555606842041,-372.0,-354.1499938964844,-349.1000061035156,-340.0,-326.0,-301.5,-284.8999938964844,-275.9000244140625,-266.0
4950,-321.1199951171875,0.0,0.0,1.3585151433944702,-321.1199951171875,-326.0,25.4555606842041,-372.0,-354.1499938964844,-349.1000061035156,-340.0,-326.0,-301.5,-284.8999938964844,-275.9000244140625,-266.0
4960,-321.1199951171875,0.0,0.0,1.3507533073425293,-321.1199951171875,-326.0,25.4555606842041,-372.0,-354.1499938964844,-349.1000061035156,-340.0,-326.0,-301.5,-284.8999938964844,-275.9000244140625,-266.0
4970,-321.1399841308594,0.0,0.0,1.342499017715454,-321.1400146484375,-326.0,25.464885711669922,-372.0,-354.1499938964844,-349.1000061035156,-340.0,-326.0,-301.5,-284.8999938964844,-275.9000244140625,-266.0
4980,-321.1399841308594,0.0,0.0,1.3293113708496094,-321.1400146484375,-326.0,25.464885711669922,-372.0,-354.1499938964844,-349.1000061035156,-340.0,-326.0,-301.5,-284.8999938964844,-275.9000244140625,-266.0
4990,-321.1399841308594,0.0,0.0,1.3104544878005981,-321.1400146484375,-326.0,25.464885711669922,-372.0,-354.1499938964844,-349.1000061035156,-340.0,-326.0,-301.5,-284.8999938964844,-275.9000244140625,-266.0
5000,-321.1399841308594,0.0,0.0,1.302990436553955,-321.1400146484375,-326.0,25.464885711669922,-372.0,-354.1499938964844,-349.1000061035156,-340.0,-326.0,-301.5,-284.8999938964844,-275.9000244140625,-266.0
5010,-321.1399841308594,0.0,0.0,1.2863017320632935,-321.1400146484375,-326.0,25.464885711669922,-372.0,-354.1499938964844,-349.1000061035156,-340.0,-326.0,-301.5,-284.8999938964844,-275.9000244140625,-266.0
5020,-321.1399841308594,0.0,0.0,1.2905199527740479,-321.1400146484375,-326.0,25.464885711669922,-372.0,-354.1499938964844,-349.1000061035156,-340.0,-326.0,-301.5,-284.8999938964844,-275.9000244140625,-266.0
5030,-321.1399841308594,0.0,0.0,1.2804417610168457,-321.1400146484375,-326.0,25.464885711669922,-372.0,-354.1499938964844,-349.1000061035156,-340.0,-326.0,-301.5,-284.8999938964844,-275.9000244140625,-266.0
5040,-321.1399841308594,0.0,0.0,1.2713134288787842,-321.1400146484375,-326.0,25.464885711669922,-372.0,-354.1499938964844,-349.1000061035156,-340.0,-326.0,-301.5,-284.8999938964844,-275.9000244140625,-266.0
5050,-321.1399841308594,0.0,0.0,1.2634156942367554,-321.1400146484375,-326.0,25.464885711669922,-372.0,-354.1499938964844,-349.1000061035156,-340.0,-326.0,-301.5,-284.8999938964844,-275.9000244140625,-266.0
5060,-321.1399841308594,0.0,0.0,1.2451263666152954,-321.1400146484375,-326.0,25.464885711669922,-372.0,-354.1499938964844,-349.1000061035156,-340.0,-326.0,-301.5,-284.8999938964844,-275.9000244140625,-266.0
5070,-321.1399841308594,0.0,0.0,1.223920464515686,-321.1400146484375,-326.0,25.464885711669922,-372.0,-354.1499938964844,-349.1000061035156,-340.0,-326.0,-301.5,-284.8999938964844,-275.9000244140625,-266.0
5080,-321.1399841308594,0.0,0.0,1.2176804542541504,-321.1400146484375,-326.0,25.464885711669922,-372.0,-354.1499938964844,-349.1000061035156,-340.0,-326.0,-301.5,-284.8999938964844,-275.9000244140625,-266.0
5090,-321.1399841308594,0.0,0.0,1.2194515466690063,-321.1400146484375,-326.0,25.464885711669922,-372.0,-354.1499938964844,-349.1000061035156,-340.0,-326.0,-301.5,-284.8999938964844,-275.9000244140625,-266.0
5100,-321.1600036621094,0.0,0.0,1.2176679372787476,-321.1600036621094,-326.0,25.461626052856445,-372.0,-354.1499938964844,-349.1000061035156,-340.0,-326.0,-301.5,-284.8999938964844,-275.9000244140625,-266.0
5110,-321.1600036621094,0.0,0.0,1.2108856439590454,-321.1600036621094,-326.0,25.461626052856445,-372.0,-354.1499938964844,-349.1000061035156,-340.0,-326.0,-301.5,-284.8999938964844,-275.9000244140625,-266.0
5120,-321.1600036621094,0.0,0.0,1.1889073848724365,-321.1600036621094,-326.0,25.461626052856445,-372.0,-354.1499938964844,-349.1000061035156,-340.0,-326.0,-301.5,-284.8999938964844,-275.9000244140625,-266.0
5130,-321.17999267578125,0.0,0.0,1.1858748197555542,-321.17999267578125,-326.0,25.481908798217773,-372.0,-354.1499938964844,-349.1000061035156,-340.0,-326.0,-301.5,-284.8999938964844,-275.9000244140625,-266.0
5140,-321.17999267578125,0.0,0.0,1.1902201175689697,-321.17999267578125,-326.0,25.481908798217773,-372.0,-354.1499938964844,-349.1000061035156,-340.0,-326.0,-301.5,-284.8999938964844,-275.9000244140625,-266.0
5150,-321.17999267578125,0.0,0.0,1.184544324874878,-321.17999267578125,-326.0,25.481908798217773,-372.0,-354.1499938964844,-349.1000061035156,-340.0,-326.0,-301.5,-284.8999938964844,-275.9000244140625,-266.0
5160,-321.17999267578125,0.0,0.0,1.1820142269134521,-321.17999267578125,-326.0,25.481908798217773,-372.0,-354.1499938964844,-349.1000061035156,-340.0,-326.0,-301.5,-284.8999938964844,-275.9000244140625,-266.0
5170,-321.17999267578125,0.0,0.0,1.1814619302749634,-321.17999267578125,-326.0,25.481908798217773,-372.0,-354.1499938964844,-349.1000061035156,-340.0,-326.0,-301.5,-284.8999938964844,-275.9000244140625,-266.0
5180,-321.17999267578125,0.0,0.0,1.1700793504714966,-321.17999267578125,-326.0,25.481908798217773,-372.0,-354.1499938964844,-349.1000061035156,-340.0,-326.0,-301.5,-284.8999938964844,-275.9000244140625,-266.0
5190,-321.17999267578125,0.0,0.0,1.1709920167922974,-321.17999267578125,-326.0,25.481908798217773,-372.0,-354.1499938964844,-349.1000061035156,-340.0,-326.0,-301.5,-284.8999938964844,-275.9000244140625,-266.0
5200,-321.17999267578125,0.0,0.0,1.1679455041885376,-321.17999267578125,-326.0,25.481908798217773,-372.0,-354.1499938964844,-349.1000061035156,-340.0,-326.0,-301.5,-284.8999938964844,-275.9000244140625,-266.0
5210,-321.17999267578125,0.0,0.0,1.1662895679473877,-321.17999267578125,-326.0,25.481908798217773,-372.0,-354.1499938964844,-349.1000061035156,-340.0,-326.0,-301.5,-284.8999938964844,-275.9000244140625,-266.0
5220,-321.17999267578125,0.0,0.0,1.159376859664917,-321.17999267578125,-326.0,25.481908798217773,-372.0,-354.1499938964844,-349.1000061035156,-340.0,-326.0,-301.5,-284.8999938964844,-275.9000244140625,-266.0
5230,-321.17999267578125,0.0,0.0,1.1517515182495117,-321.17999267578125,-326.0,25.481908798217773,-372.0,-354.1499938964844,-349.1000061035156,-340.0,-326.0,-301.5,-284.8999938964844,-275.9000244140625,-266.0
5240,-321.17999267578125,0.0,0.0,1.1498982906341553,-321.17999267578125,-326.0,25.481908798217773,-372.0,-354.1499938964844,-349.1000061035156,-340.0,-326.0,-301.5,-284.8999938964844,-275.9000244140625,-266.0
5250,-321.17999267578125,0.0,0.0,1.144022822380066,-321.17999267578125,-326.0,25.481908798217773,-372.0,-354.1499938964844,-349.1000061035156,-340.0,-326.0,-301.5,-284.8999938964844,-275.9000244140625,-266.0
5260,-321.17999267578125,0.0,0.0,1.1309603452682495,-321.17999267578125,-326.0,25.481908798217773,-372.0,-354.1499938964844,-349.1000061035156,-340.0,-326.0,-301.5,-284.8999938964844,-275.9000244140625,-266.0
5270,-321.17999267578125,0.0,0.0,1.107551097869873,-321.17999267578125,-326.0,25.481908798217773,-372.0,-354.1499938964844,-349.1000061035156,-340.0,-326.0,-301.5,-284.8999938964844,-275.9000244140625,-266.0
5280,-321.17999267578125,0.0,0.0,1.0997806787490845,-321.17999267578125,-326.0,25.481908798217773,-372.0,-354.1499938964844,-349.1000061035156,-340.0,-326.0,-301.5,-284.8999938964844,-275.9000244140625,-266.0
5290,-321.17999267578125,0.0,0.0,1.097413182258606,-321.17999267578125,-326.0,25.481908798217773,-372.0,-354.1499938964844,-349.1000061035156,-340.0,-326.0,-301.5,-284.8999938964844,-275.9000244140625,-266.0
5300,-321.17999267578125,0.0,0.0,1.085544466972351,-321.17999267578125,-326.0,25.481908798217773,-372.0,-354.1499938964844,-349.1000061035156,-340.0,-326.0,-301.5,-284.8999938964844,-275.9000244140625,-266.0
5310,-321.17999267578125,0.0,0.0,1.0827581882476807,-321.17999267578125,-326.0,25.481908798217773,-372.0,-354.1499938964844,-349.1000061035156,-340.0,-326.0,-301.5,-284.8999938964844,-275.9000244140625,-266.0
5320,-321.17999267578125,0.0,0.0,1.0907968282699585,-321.17999267578125,-326.0,25.481908798217773,-372.0,-354.1499938964844,-349.1000061035156,-340.0,-326.0,-301.5,-284.8999938964844,-275.9000244140625,-266.0
5330,-321.17999267578125,0.0,0.0,1.0878100395202637,-321.17999267578125,-326.0,25.481908798217773,-372.0,-354.1499938964844,-349.1000061035156,-340.0,-326.0,-301.5,-284.8999938964844,-275.9000244140625,-266.0
5340,-321.17999267578125,0.0,0.0,1.0728983879089355,-321.17999267578125,-326.0,25.481908798217773,-372.0,-354.1499938964844,-349.1000061035156,-340.0,-326.0,-301.5,-284.8999938964844,-275.9000244140625,-266.0
5350,-321.17999267578125,0.0,0.0,1.0679328441619873,-321.17999267578125,-326.0,25.481908798217773,-372.0,-354.1499938964844,-349.1000061035156,-340.0,-326.0,-301.5,-284.8999938964844,-275.9000244140625,-266.0
5360,-321.17999267578125,0.0,0.0,1.0681400299072266,-321.17999267578125,-326.0,25.481908798217773,-372.0,-354.1499938964844,-349.1000061035156,-340.0,-326.0,-301.5,-284.8999938964844,-275.9000244140625,-266.0
5370,-321.17999267578125,0.0,0.0,1.059446096420288,-321.17999267578125,-326.0,25.481908798217773,-372.0,-354.1499938964844,-349.1000061035156,-340.0,-326.0,-301.5,-284.8999938964844,-275.9000244140625,-266.0
5380,-321.17999267578125,0.0,0.0,1.0501635074615479,-321.17999267578125,-326.0,25.481908798217773,-372.0,-354.1499938964844,-349.1000061035156,-340.0,-326.0,-301.5,-284.8999938964844,-275.9000244140625,-266.0
5390,-321.17999267578125,0.0,0.0,1.0428211688995361,-321.17999267578125,-326.0,25.481908798217773,-372.0,-354.1499938964844,-349.1000061035156,-340.0,-326.0,-301.5,-284.8999938964844,-275.9000244140625,-266.0
5400,-321.17999267578125,0.0,0.0,1.0352001190185547,-321.17999267578125,-326.0,25.481908798217773,-372.0,-354.1499938964844,-349.1000061035156,-340.0,-326.0,-301.5,-284.8999938964844,-275.9000244140625,-266.0
5410,-321.1999816894531,0.0,0.0,1.0208697319030762,-321.20001220703125,-326.0,25.49274444580078,-372.0,-354.1499938964844,-349.1000061035156,-340.0,-326.0,-301.5,-284.8999938964844,-275.9000244140625,-266.0
5420,-321.1999816894531,0.0,0.0,1.0150662660598755,-321.20001220703125,-326.0,25.49274444580078,-372.0,-354.1499938964844,-349.1000061035156,-340.0,-326.0,-301.5,-284.8999938964844,-275.9000244140625,-266.0
5430,-321.1999816894531,0.0,0.0,1.0106006860733032,-321.20001220703125,-326.0,25.49274444580078,-372.0,-354.1499938964844,-349.1000061035156,-340.0,-326.0,-301.5,-284.8999938964844,-275.9000244140625,-266.0
5440,-321.1999816894531,0.0,0.0,1.002127766609192,-321.20001220703125,-326.0,25.49274444580078,-372.0,-354.1499938964844,-349.1000061035156,-340.0,-326.0,-301.5,-284.8999938964844,-275.9000244140625,-266.0
5450,-321.1999816894531,0.0,0.0,1.0023049116134644,-321.20001220703125,-326.0,25.49274444580078,-372.0,-354.1499938964844,-349.1000061035156,-340.0,-326.0,-301.5,-284.8999938964844,-275.9000244140625,-266.0
5460,-321.1999816894531,0.0,0.0,0.9911741614341736,-321.20001220703125,-326.0,25.49274444580078,-372.0,-354.1499938964844,-349.1000061035156,-340.0,-326.0,-301.5,-284.8999938964844,-275.9000244140625,-266.0
5470,-321.1999816894531,0.0,0.0,0.9731872081756592,-321.20001220703125,-326.0,25.49274444580078,-372.0,-354.1499938964844,-349.1000061035156,-340.0,-326.0,-301.5,-284.8999938964844,-275.9000244140625,-266.0
5480,-321.1999816894531,0.0,0.0,0.9613814353942871,-321.20001220703125,-326.0,25.49274444580078,-372.0,-354.1499938964844,-349.1000061035156,-340.0,-326.0,-301.5,-284.8999938964844,-275.9000244140625,-266.0
5490,-321.1999816894531,0.0,0.0,0.9492002725601196,-321.20001220703125,-326.0,25.49274444580078,-372.0,-354.1499938964844,-349.1000061035156,-340.0,-326.0,-301.5,-284.8999938964844,-275.9000244140625,-266.0
5500,-321.1999816894531,0.0,0.0,0.9417733550071716,-321.20001220703125,-326.0,25.49274444580078,-372.0,-354.1499938964844,-349.1000061035156,-340.0,-326.0,-301.5,-284.8999938964844,-275.9000244140625,-266.0
5510,-321.1999816894531,0.0,0.0,0.9400153160095215,-321.20001220703125,-326.0,25.49274444580078,-372.0,-354.1499938964844,-349.1000061035156,-340.0,-326.0,-301.5,-284.8999938964844,-275.9000244140625,-266.0
5520,-321.1999816894531,0.0,0.0,0.9310826063156128,-321.20001220703125,-326.0,25.49274444580078,-372.0,-354.1499938964844,-349.1000061035156,-340.0,-326.0,-301.5,-284.8999938964844,-275.9000244140625,-266.0
5530,-321.1999816894531,0.0,0.0,0.925123393535614,-321.20001220703125,-326.0,25.49274444580078,-372.0,-354.1499938964844,-349.1000061035156,-340.0,-326.0,-301.5,-284.8999938964844,-275.9000244140625,-266.0
5540,-321.1999816894531,0.0,0.0,0.9317701458930969,-321.20001220703125,-326.0,25.49274444580078,-372.0,-354.1499938964844,-349.1000061035156,-340.0,-326.0,-301.5,-284.8999938964844,-275.9000244140625,-266.0
5550,-321.1999816894531,0.0,0.0,0.9254575371742249,-321.20001220703125,-326.0,25.49274444580078,-372.0,-354.1499938964844,-349.1000061035156,-340.0,-326.0,-301.5,-284.8999938964844,-275.9000244140625,-266.0
5560,-321.1999816894531,0.0,0.0,0.9206304550170898,-321.20001220703125,-326.0,25.49274444580078,-372.0,-354.1499938964844,-349.1000061035156,-340.0,-326.0,-301.5,-284.8999938964844,-275.9000244140625,-266.0
5570,-321.1999816894531,0.0,0.0,0.9162379503250122,-321.20001220703125,-326.0,25.49274444580078,-372.0,-354.1499938964844,-349.1000061035156,-340.0,-326.0,-301.5,-284.8999938964844,-275.9000244140625,-266.0
5580,-321.1999816894531,0.0,0.0,0.9064110517501831,-321.20001220703125,-326.0,25.49274444580078,-372.0,-354.1499938964844,-349.1000061035156,-340.0,-326.0,-301.5,-284.8999938964844,-275.9000244140625,-266.0
5590,-321.1999816894531,0.0,0.0,0.8918220400810242,-321.20001220703125,-326.0,25.49274444580078,-372.0,-354.1499938964844,-349.1000061035156,-340.0,-326.0,-301.5,-284.8999938964844,-275.9000244140625,-266.0
5600,-321.1999816894531,0.0,0.0,0.8901886343955994,-321.20001220703125,-326.0,25.49274444580078,-372.0,-354.1499938964844,-349.1000061035156,-340.0,-326.0,-301.5,-284.8999938964844,-275.9000244140625,-266.0
5610,-321.1999816894531,0.0,0.0,0.887519359588623,-321.20001220703125,-326.0,25.49274444580078,-372.0,-354.1499938964844,-349.1000061035156,-340.0,-326.0,-301.5,-284.8999938964844,-275.9000244140625,-266.0
5620,-321.1999816894531,0.0,0.0,0.886249840259552,-321.20001220703125,-326.0,25.49274444580078,-372.0,-354.1499938964844,-349.1000061035156,-340.0,-326.0,-301.5,-284.8999938964844,-275.9000244140625,-266.0
5630,-321.1999816894531,0.0,0.0,0.8929187059402466,-321.20001220703125,-326.0,25.49274444580078,-372.0,-354.1499938964844,-349.1000061035156,-340.0,-326.0,-301.5,-284.8999938964844,-275.9000244140625,-266.0
5640,-321.1999816894531,0.0,0.0,0.8946719169616699,-321.20001220703125,-326.0,25.49274444580078,-372.0,-354.1499938964844,-349.1000061035156,-340.0,-326.0,-301.5,-284.8999938964844,-275.9000244140625,-266.0
5650,-321.1999816894531,0.0,0.0,0.8889291286468506,-321.20001220703125,-326.0,25.49274444580078,-372.0,-354.1499938964844,-349.1000061035156,-340.0,-326.0,-301.5,-284.8999938964844,-275.9000244140625,-266.0
5660,-321.1999816894531,0.0,0.0,0.8762387037277222,-321.20001220703125,-326.0,25.49274444580078,-372.0,-354.1499938964844,-349.1000061035156,-340.0,-326.0,-301.5,-284.8999938964844,-275.9000244140625,-266.0
5670,-321.1999816894531,0.0,0.0,0.87496018409729,-321.20001220703125,-326.0,25.49274444580078,-372.0,-354.1499938964844,-349.1000061035156,-340.0,-326.0,-301.5,-284.8999938964844,-275.9000244140625,-266.0
5680,-321.2200012207031,0.0,0.0,0.8720252513885498,-321.2200012207031,-326.0,25.491010665893555,-372.0,-354.1499938964844,-349.1000061035156,-340.0,-326.0,-301.5,-284.8999938964844,-275.9000244140625,-266.0
5690,-321.2200012207031,0.0,0.0,0.8675370812416077,-321.2200012207031,-326.0,25.491010665893555,-372.0,-354.1499938964844,-349.1000061035156,-340.0,-326.0,-301.5,-284.8999938964844,-275.9000244140625,-266.0
5700,-321.2200012207031,0.0,0.0,0.8677064180374146,-321.2200012207031,-326.0,25.491010665893555,-372.0,-354.1499938964844,-349.1000061035156,-340.0,-326.0,-301.5,-284.8999938964844,-275.9000244140625,-266.0
5710,-321.2200012207031,0.0,0.0,0.8598240613937378,-321.2200012207031,-326.0,25.491010665893555,-372.0,-354.1499938964844,-349.1000061035156,-340.0,-326.0,-301.5,-284.8999938964844,-275.9000244140625,-266.0
5720,-321.2200012207031,0.0,0.0,0.863113522529602,-321.2200012207031,-326.0,25.491010665893555,-372.0,-354.1499938964844,-349.1000061035156,-340.0,-326.0,-301.5,-284.8999938964844,-275.9000244140625,-266.0
5730,-321.2200012207031,0.0,0.0,0.8490278720855713,-321.2200012207031,-326.0,25.491010665893555,-372.0,-354.1499938964844,-349.1000061035156,-340.0,-326.0,-301.5,-284.8999938964844,-275.9000244140625,-266.0
5740,-321.2200012207031,0.0,0.0,0.8415358066558838,-321.2200012207031,-326.0,25.491010665893555,-372.0,-354.1499938964844,-349.1000061035156,-340.0,-326.0,-301.5,-284.8999938964844,-275.9000244140625,-266.0
5750,-321.2200012207031,0.0,0.0,0.8328263163566589,-321.2200012207031,-326.0,25.491010665893555,-372.0,-354.1499938964844,-349.1000061035156,-340.0,-326.0,-301.5,-284.8999938964844,-275.9000244140625,-266.0
5760,-321.2200012207031,0.0,0.0,0.8364514112472534,-321.2200012207031,-326.0,25.491010665893555,-372.0,-354.1499938964844,-349.1000061035156,-340.0,-326.0,-301.5,-284.8999938964844,-275.9000244140625,-266.0
5770,-321.2200012207031,0.0,0.0,0.835639476776123,-321.2200012207031,-326.0,25.491010665893555,-372.0,-354.1499938964844,-349.1000061035156,-340.0,-326.0,-301.5,-284.8999938964844,-275.9000244140625,-266.0
5780,-321.2200012207031,0.0,0.0,0.8387427926063538,-321.2200012207031,-326.0,25.491010665893555,-372.0,-354.1499938964844,-349.1000061035156,-340.0,-326.0,-301.5,-284.8999938964844,-275.9000244140625,-266.0
5790,-321.2200012207031,0.0,0.0,0.8282690048217773,-321.2200012207031,-326.0,25.491010665893555,-372.0,-354.1499938964844,-349.1000061035156,-340.0,-326.0,-301.5,-284.8999938964844,-275.9000244140625,-266.0
5800,-321.2200012207031,0.0,0.0,0.823052704334259,-321.2200012207031,-326.0,25.491010665893555,-372.0,-354.1499938964844,-349.1000061035156,-340.0,-326.0,-301.5,-284.8999938964844,-275.9000244140625,-266.0
5810,-321.2200012207031,0.0,0.0,0.8133450746536255,-321.2200012207031,-326.0,25.491010665893555,-372.0,-354.1499938964844,-349.1000061035156,-340.0,-326.0,-301.5,-284.8999938964844,-275.9000244140625,-266.0
5820,-321.2200012207031,0.0,0.0,0.8107186555862427,-321.2200012207031,-326.0,25.491010665893555,-372.0,-354.1499938964844,-349.1000061035156,-340.0,-326.0,-301.5,-284.8999938964844,-275.9000244140625,-266.0
5830,-321.2200012207031,0.0,0.0,0.8068227767944336,-321.2200012207031,-326.0,25.491010665893555,-372.0,-354.1499938964844,-349.1000061035156,-340.0,-326.0,-301.5,-284.8999938964844,-275.9000244140625,-266.0
5840,-321.2200012207031,0.0,0.0,0.7989782691001892,-321.2200012207031,-326.0,25.491010665893555,-372.0,-354.1499938964844,-349.1000061035156,-340.0,-326.0,-301.5,-284.8999938964844,-275.9000244140625,-266.0
5850,-321.2200012207031,0.0,0.0,0.790386438369751,-321.2200012207031,-326.0,25.491010665893555,-372.0,-354.1499938964844,-349.1000061035156,-340.0,-326.0,-301.5,-284.8999938964844,-275.9000244140625,-266.0
5860,-321.2200012207031,0.0,0.0,0.7896996736526489,-321.2200012207031,-326.0,25.491010665893555,-372.0,-354.1499938964844,-349.1000061035156,-340.0,-326.0,-301.5,-284.8999938964844,-275.9000244140625,-266.0
5870,-321.2200012207031,0.0,0.0,0.7835389375686646,-321.2200012207031,-326.0,25.491010665893555,-372.0,-354.1499938964844,-349.1000061035156,-340.0,-326.0,-301.5,-284.8999938964844,-275.9000244140625,-266.0
5880,-321.239990234375,0.0,0.0,0.7718092203140259,-321.239990234375,-326.0,25.44842529296875,-372.0,-354.1499938964844,-349.1000061035156,-340.0,-326.0,-301.5,-284.8999938964844,-275.9000244140625,-267.9599914550781
5890,-321.239990234375,0.0,0.0,0.7620492577552795,-321.239990234375,-326.0,25.44842529296875,-372.0,-354.1499938964844,-349.1000061035156,-340.0,-326.0,-301.5,-284.8999938964844,-275.9000244140625,-267.9599914550781
5900,-321.239990234375,0.0,0.0,0.7570989727973938,-321.239990234375,-326.0,25.44842529296875,-372.0,-354.1499938964844,-349.1000061035156,-340.0,-326.0,-301.5,-284.8999938964844,-275.9000244140625,-267.9599914550781
5910,-321.239990234375,0.0,0.0,0.7490986585617065,-321.239990234375,-326.0,25.44842529296875,-372.0,-354.1499938964844,-349.1000061035156,-340.0,-326.0,-301.5,-284.8999938964844,-275.9000244140625,-267.9599914550781
5920,-321.239990234375,0.0,0.0,0.75187087059021,-321.239990234375,-326.0,25.44842529296875,-372.0,-354.1499938964844,-349.1000061035156,-340.0,-326.0,-301.5,-284.8999938964844,-275.9000244140625,-267.9599914550781
5930,-321.239990234375,0.0,0.0,0.7514944076538086,-321.239990234375,-326.0,25.44842529296875,-372.0,-354.1499938964844,-349.1000061035156,-340.0,-326.0,-301.5,-284.8999938964844,-275.9000244140625,-267.9599914550781
5940,-321.239990234375,0.0,0.0,0.7504748106002808,-321.239990234375,-326.0,25.44842529296875,-372.0,-354.1499938964844,-349.1000061035156,-340.0,-326.0,-301.5,-284.8999938964844,-275.9000244140625,-267.9599914550781
5950,-321.239990234375,0.0,0.0,0.7484272718429565,-321.239990234375,-326.0,25.44842529296875,-372.0,-354.1499938964844,-349.1000061035156,-340.0,-326.0,-301.5,-284.8999938964844,-275.9000244140625,-267.9599914550781
5960,-321.239990234375,0.0,0.0,0.7464521527290344,-321.239990234375,-326.0,25.44842529296875,-372.0,-354.1499938964844,-349.1000061035156,-340.0,-326.0,-301.5,-284.8999938964844,-275.9000244140625,-267.9599914550781
5970,-321.239990234375,0.0,0.0,0.7324472069740295,-321.239990234375,-326.0,25.44842529296875,-372.0,-354.1499938964844,-349.1000061035156,-340.0,-326.0,-301.5,-284.8999938964844,-275.9000244140625,-267.9599914550781
5980,-321.239990234375,0.0,0.0,0.7284102439880371,-321.239990234375,-326.0,25.44842529296875,-372.0,-354.1499938964844,-349.1000061035156,-340.0,-326.0,-301.5,-284.8999938964844,-275.9000244140625,-267.9599914550781
5990,-321.2599792480469,0.0,0.0,0.7262718081474304,-321.260009765625,-326.0,25.46080207824707,-372.0,-354.1499938964844,-349.1000061035156,-340.0,-326.0,-301.5,-284.8999938964844,-275.9000244140625,-267.9599914550781
6000,-321.29998779296875,0.0,0.0,0.7248632907867432,-321.29998779296875,-326.0,25.505882263183594,-372.0,-354.1499938964844,-350.0,-340.0,-326.0,-301.5,-284.8999938964844,-275.9000244140625,-267.9599914550781
6010,-321.29998779296875,0.0,0.0,0.7237533330917358,-321.29998779296875,-326.0,25.505882263183594,-372.0,-354.1499938964844,-350.0,-340.0,-326.0,-301.5,-284.8999938964844,-275.9000244140625,-267.9599914550781
6020,-321.29998779296875,0.0,0.0,0.7254490256309509,-321.29998779296875,-326.0,25.505882263183594,-372.0,-354.1499938964844,-350.0,-340.0,-326.0,-301.5,-284.8999938964844,-275.9000244140625,-267.9599914550781
6030,-321.29998779296875,0.0,0.0,0.7226781845092773,-321.29998779296875,-326.0,25.505882263183594,-372.0,-354.1499938964844,-350.0,-340.0,-326.0,-301.5,-284.8999938964844,-275.9000244140625,-267.9599914550781
6040,-321.29998779296875,0.0,0.0,0.7260041832923889,-321.29998779296875,-326.0,25.505882263183594,-372.0,-354.1499938964844,-350.0,-340.0,-326.0,-301.5,-284.8999938964844,-275.9000244140625,-267.9599914550781
6050,-321.29998779296875,0.0,0.0,0.7254905700683594,-321.29998779296875,-326.0,25.505882263183594,-372.0,-354.1499938964844,-350.0,-340.0,-326.0,-301.5,-284.8999938964844,-275.9000244140625,-267.9599914550781
6060,-321.29998779296875,0.0,0.0,0.7261227369308472,-321.29998779296875,-326.0,25.505882263183594,-372.0,-354.1499938964844,-350.0,-340.0,-326.0,-301.5,-284.8999938964844,-275.9000244140625,-267.9599914550781
6070,-321.29998779296875,0.0,0.0,0.7260421514511108,-321.29998779296875,-326.0,25.505882263183594,-372.0,-354.1499938964844,-350.0,-340.0,-326.0,-301.5,-284.8999938964844,-275.9000244140625,-267.9599914550781
6080,-321.29998779296875,0.0,0.0,0.7246635556221008,-321.29998779296875,-326.0,25.505882263183594,-372.0,-354.1499938964844,-350.0,-340.0,-326.0,-301.5,-284.8999938964844,-275.9000244140625,-267.9599914550781
6090,-321.29998779296875,0.0,0.0,0.7246302366256714,-321.29998779296875,-326.0,25.505882263183594,-372.0,-354.1499938964844,-350.0,-340.0,-326.0,-301.5,-284.8999938964844,-275.9000244140625,-267.9599914550781
6100,-321.29998779296875,0.0,0.0,0.7154702544212341,-321.29998779296875,-326.0,25.505882263183594,-372.0,-354.1499938964844,-350.0,-340.0,-326.0,-301.5,-284.8999938964844,-275.9000244140625,-267.9599914550781
6110,-321.29998779296875,0.0,0.0,0.7109931111335754,-321.29998779296875,-326.0,25.505882263183594,-372.0,-354.1499938964844,-350.0,-340.0,-326.0,-301.5,-284.8999938964844,-275.9000244140625,-267.9599914550781
6120,-321.29998779296875,0.0,0.0,0.7112123966217041,-321.29998779296875,-326.0,25.505882263183594,-372.0,-354.1499938964844,-350.0,-340.0,-326.0,-301.5,-284.8999938964844,-275.9000244140625,-267.9599914550781
6130,-321.29998779296875,0.0,0.0,0.7103523015975952,-321.29998779296875,-326.0,25.505882263183594,-372.0,-354.1499938964844,-350.0,-340.0,-326.0,-301.5,-284.8999938964844,-275.9000244140625,-267.9599914550781
6140,-321.29998779296875,0.0,0.0,0.7102832794189453,-321.29998779296875,-326.0,25.505882263183594,-372.0,-354.1499938964844,-350.0,-340.0,-326.0,-301.5,-284.8999938964844,-275.9000244140625,-267.9599914550781
6150,-321.29998779296875,0.0,0.0,0.708202064037323,-321.29998779296875,-326.0,25.505882263183594,-372.0,-354.1499938964844,-350.0,-340.0,-326.0,-301.5,-284.8999938964844,-275.9000244140625,-267.9599914550781
6160,-321.29998779296875,0.0,0.0,0.7068356275558472,-321.29998779296875,-326.0,25.505882263183594,-372.0,-354.1499938964844,-350.0,-340.0,-326.0,-301.5,-284.8999938964844,-275.9000244140625,-267.9599914550781
6170,-321.29998779296875,0.0,0.0,0.7061688303947449,-321.29998779296875,-326.0,25.505882263183594,-372.0,-354.1499938964844,-350.0,-340.0,-326.0,-301.5,-284.8999938964844,-275.9000244140625,-267.9599914550781
6180,-321.29998779296875,0.0,0.0,0.706737220287323,-321.29998779296875,-326.0,25.505882263183594,-372.0,-354.1499938964844,-350.0,-340.0,-326.0,-301.5,-284.8999938964844,-275.9000244140625,-267.9599914550781
6190,-321.29998779296875,0.0,0.0,0.686549186706543,-321.29998779296875,-326.0,25.505882263183594,-372.0,-354.1499938964844,-350.0,-340.0,-326.0,-301.5,-284.8999938964844,-275.9000244140625,-267.9599914550781
6200,-321.29998779296875,0.0,0.0,0.6912038922309875,-321.29998779296875,-326.0,25.505882263183594,-372.0,-354.1499938964844,-350.0,-340.0,-326.0,-301.5,-284.8999938964844,-275.9000244140625,-267.9599914550781
6210,-321.29998779296875,0.0,0.0,0.6897216439247131,-321.29998779296875,-326.0,25.505882263183594,-372.0,-354.1499938964844,-350.0,-340.0,-326.0,-301.5,-284.8999938964844,-275.9000244140625,-267.9599914550781
6220,-321.29998779296875,0.0,0.0,0.6898750066757202,-321.29998779296875,-326.0,25.505882263183594,-372.0,-354.1499938964844,-350.0,-340.0,-326.0,-301.5,-284.8999938964844,-275.9000244140625,-267.9599914550781
6230,-321.29998779296875,0.0,0.0,0.6859836578369141,-321.29998779296875,-326.0,25.505882263183594,-372.0,-354.1499938964844,-350.0,-340.0,-326.0,-301.5,-284.8999938964844,-275.9000244140625,-267.9599914550781
6240,-321.29998779296875,0.0,0.0,0.6821349859237671,-321.29998779296875,-326.0,25.505882263183594,-372.0,-354.1499938964844,-350.0,-340.0,-326.0,-301.5,-284.8999938964844,-275.9000244140625,-267.9599914550781
6250,-321.29998779296875,0.0,0.0,0.6843794584274292,-321.29998779296875,-326.0,25.505882263183594,-372.0,-354.1499938964844,-350.0,-340.0,-326.0,-301.5,-284.8999938964844,-275.9000244140625,-267.9599914550781
6260,-321.29998779296875,0.0,0.0,0.6748895645141602,-321.29998779296875,-326.0,25.505882263183594,-372.0,-354.1499938964844,-350.0,-340.0,-326.0,-301.5,-284.8999938964844,-275.9000244140625,-267.9599914550781
6270,-321.29998779296875,0.0,0.0,0.67610764503479,-321.29998779296875,-326.0,25.505882263183594,-372.0,-354.1499938964844,-350.0,-340.0,-326.0,-301.5,-284.8999938964844,-275.9000244140625,-267.9599914550781
6280,-321.29998779296875,0.0,0.0,0.6770014762878418,-321.29998779296875,-326.0,25.505882263183594,-372.0,-354.1499938964844,-350.0,-340.0,-326.0,-301.5,-284.8999938964844,-275.9000244140625,-267.9599914550781
6290,-321.29998779296875,0.0,0.0,0.683573305606842,-321.29998779296875,-326.0,25.505882263183594,-372.0,-354.1499938964844,-350.0,-340.0,-326.0,-301.5,-284.8999938964844,-275.9000244140625,-267.9599914550781
6300,-321.29998779296875,0.0,0.0,0.682231605052948,-321.29998779296875,-326.0,25.505882263183594,-372.0,-354.1499938964844,-350.0,-340.0,-326.0,-301.5,-284.8999938964844,-275.9000244140625,-267.9599914550781
6310,-321.29998779296875,0.0,0.0,0.673392653465271,-321.29998779296875,-326.0,25.505882263183594,-372.0,-354.1499938964844,-350.0,-340.0,-326.0,-301.5,-284.8999938964844,-275.9000244140625,-267.9599914550781
6320,-321.29998779296875,0.0,0.0,0.6678363680839539,-321.29998779296875,-326.0,25.505882263183594,-372.0,-354.1499938964844,-350.0,-340.0,-326.0,-301.5,-284.8999938964844,-275.9000244140625,-267.9599914550781
6330,-321.29998779296875,0.0,0.0,0.6723136901855469,-321.29998779296875,-326.0,25.505882263183594,-372.0,-354.1499938964844,-350.0,-340.0,-326.0,-301.5,-284.8999938964844,-275.9000244140625,-267.9599914550781
6340,-321.29998779296875,0.0,0.0,0.6731197834014893,-321.29998779296875,-326.0,25.505882263183594,-372.0,-354.1499938964844,-350.0,-340.0,-326.0,-301.5,-284.8999938964844,-275.9000244140625,-267.9599914550781
6350,-321.29998779296875,0.0,0.0,0.6733464598655701,-321.29998779296875,-326.0,25.505882263183594,-372.0,-354.1499938964844,-350.0,-340.0,-326.0,-301.5,-284.8999938964844,-275.9000244140625,-267.9599914550781
6360,-321.29998779296875,0.0,0.0,0.6595562100410461,-321.29998779296875,-326.0,25.505882263183594,-372.0,-354.1499938964844,-350.0,-340.0,-326.0,-301.5,-284.8999938964844,-275.9000244140625,-267.9599914550781
6370,-321.29998779296875,0.0,0.0,0.6528397798538208,-321.29998779296875,-326.0,25.505882263183594,-372.0,-354.1499938964844,-350.0,-340.0,-326.0,-301.5,-284.8999938964844,-275.9000244140625,-267.9599914550781
6380,-321.3599853515625,0.0,0.0,0.656653881072998,-321.3599853515625,-326.0,25.387208938598633,-372.0,-354.1499938964844,-350.0,-340.0,-326.0,-301.5,-284.8999938964844,-275.9000244140625,-267.9599914550781
6390,-321.3599853515625,0.0,0.0,0.6604489684104919,-321.3599853515625,-326.0,25.387208938598633,-372.0,-354.1499938964844,-350.0,-340.0,-326.0,-301.5,-284.8999938964844,-275.9000244140625,-267.9599914550781
6400,-321.3599853515625,0.0,0.0,0.6617448329925537,-321.3599853515625,-326.0,25.387208938598633,-372.0,-354.1499938964844,-350.0,-340.0,-326.0,-301.5,-284.8999938964844,-275.9000244140625,-267.9599914550781
6410,-321.3599853515625,0.0,0.0,0.658983588218689,-321.3599853515625,-326.0,25.387208938598633,-372.0,-354.1499938964844,-350.0,-340.0,-326.0,-301.5,-284.8999938964844,-275.9000244140625,-267.9599914550781
6420,-321.3599853515625,0.0,0.0,0.6618650555610657,-321.3599853515625,-326.0,25.387208938598633,-372.0,-354.1499938964844,-350.0,-340.0,-326.0,-301.5,-284.8999938964844,-275.9000244140625,-267.9599914550781
6430,-321.3599853515625,0.0,0.0,0.6639823913574219,-321.3599853515625,-326.0,25.387208938598633,-372.0,-354.1499938964844,-350.0,-340.0,-326.0,-301.5,-284.8999938964844,-275.9000244140625,-267.9599914550781
6440,-321.3599853515625,0.0,0.0,0.6598881483078003,-321.3599853515625,-326.0,25.387208938598633,-372.0,-354.1499938964844,-350.0,-340.0,-326.0,-301.5,-284.8999938964844,-275.9000244140625,-267.9599914550781
6450,-321.3599853515625,0.0,0.0,0.6507078409194946,-321.3599853515625,-326.0,25.387208938598633,-372.0,-354.1499938964844,-350.0,-340.0,-326.0,-301.5,-284.8999938964844,-275.9000244140625,-267.9599914550781
6460,-321.3599853515625,0.0,0.0,0.6434961557388306,-321.3599853515625,-326.0,25.387208938598633,-372.0,-354.1499938964844,-350.0,-340.0,-326.0,-301.5,-284.8999938964844,-275.9000244140625,-267.9599914550781
6470,-321.3800048828125,0.0,0.0,0.6389284133911133,-321.3800048828125,-326.0,25.401094436645508,-372.0,-354.1499938964844,-350.0,-340.0,-326.0,-301.5,-284.8999938964844,-275.9000244140625,-267.9599914550781
6480,-321.3800048828125,0.0,0.0,0.6394123435020447,-321.3800048828125,-326.0,25.401094436645508,-372.0,-354.1499938964844,-350.0,-340.0,-326.0,-301.5,-284.8999938964844,-275.9000244140625,-267.9599914550781
6490,-321.3800048828125,0.0,0.0,0.6363247036933899,-321.3800048828125,-326.0,25.401094436645508,-372.0,-354.1499938964844,-350.0,-340.0,-326.0,-301.5,-284.8999938964844,-275.9000244140625,-267.9599914550781
6500,-321.3800048828125,0.0,0.0,0.6438117027282715,-321.3800048828125,-326.0,25.401094436645508,-372.0,-354.1499938964844,-350.0,-340.0,-326.0,-301.5,-284.8999938964844,-275.9000244140625,-267.9599914550781
6510,-321.3800048828125,0.0,0.0,0.6408616304397583,-321.3800048828125,-326.0,25.401094436645508,-372.0,-354.1499938964844,-350.0,-340.0,-326.0,-301.5,-284.8999938964844,-275.9000244140625,-267.9599914550781
6520,-321.3800048828125,0.0,0.0,0.6385059356689453,-321.3800048828125,-326.0,25.401094436645508,-372.0,-354.1499938964844,-350.0,-340.0,-326.0,-301.5,-284.8999938964844,-275.9000244140625,-267.9599914550781
6530,-321.3800048828125,0.0,0.0,0.638326108455658,-321.3800048828125,-326.0,25.401094436645508,-372.0,-354.1499938964844,-350.0,-340.0,-326.0,-301.5,-284.8999938964844,-275.9000244140625,-267.9599914550781
6540,-321.3800048828125,0.0,0.0,0.634745717048645,-321.3800048828125,-326.0,25.401094436645508,-372.0,-354.1499938964844,-350.0,-340.0,-326.0,-301.5,-284.8999938964844,-275.9000244140625,-267.9599914550781
6550,-321.3800048828125,0.0,0.0,0.6302688717842102,-321.3800048828125,-326.0,25.401094436645508,-372.0,-354.1499938964844,-350.0,-340.0,-326.0,-301.5,-284.8999938964844,-275.9000244140625,-267.9599914550781
6560,-321.3800048828125,0.0,0.0,0.6320443749427795,-321.3800048828125,-326.0,25.401094436645508,-372.0,-354.1499938964844,-350.0,-340.0,-326.0,-301.5,-284.8999938964844,-275.9000244140625,-267.9599914550781
6570,-321.3800048828125,0.0,0.0,0.6230795383453369,-321.3800048828125,-326.0,25.401094436645508,-372.0,-354.1499938964844,-350.0,-340.0,-326.0,-301.5,-284.8999938964844,-275.9000244140625,-267.9599914550781
6580,-321.3800048828125,0.0,0.0,0.6172675490379333,-321.3800048828125,-326.0,25.401094436645508,-372.0,-354.1499938964844,-350.0,-340.0,-326.0,-301.5,-284.8999938964844,-275.9000244140625,-267.9599914550781
6590,-321.3800048828125,0.0,0.0,0.6153265833854675,-321.3800048828125,-326.0,25.401094436645508,-372.0,-354.1499938964844,-350.0,-340.0,-326.0,-301.5,-284.8999938964844,-275.9000244140625,-267.9599914550781
6600,-321.3800048828125,0.0,0.0,0.6161505579948425,-321.3800048828125,-326.0,25.401094436645508,-372.0,-354.1499938964844,-350.0,-340.0,-326.0,-301.5,-284.8999938964844,-275.9000244140625,-267.9599914550781
6610,-321.3800048828125,0.0,0.0,0.6161242723464966,-321.3800048828125,-326.0,25.401094436645508,-372.0,-354.1499938964844,-350.0,-340.0,-326.0,-301.5,-284.8999938964844,-275.9000244140625,-267.9599914550781
6620,-321.3800048828125,0.0,0.0,0.5993508100509644,-321.3800048828125,-326.0,25.401094436645508,-372.0,-354.1499938964844,-350.0,-340.0,-326.0,-301.5,-284.8999938964844,-275.9000244140625,-267.9599914550781
6630,-321.3800048828125,0.0,0.0,0.5971373319625854,-321.3800048828125,-326.0,25.401094436645508,-372.0,-354.1499938964844,-350.0,-340.0,-326.0,-301.5,-284.8999938964844,-275.9000244140625,-267.9599914550781
6640,-321.4599914550781,0.0,0.0,0.5930507779121399,-321.4599914550781,-326.0,25.263973236083984,-372.0,-354.1499938964844,-350.0,-340.0,-326.0,-301.5,-284.8999938964844,-277.9000244140625,-267.9599914550781
6650,-321.4599914550781,0.0,0.0,0.5977749824523926,-321.4599914550781,-326.0,25.263973236083984,-372.0,-354.1499938964844,-350.0,-340.0,-326.0,-301.5,-284.8999938964844,-277.9000244140625,-267.9599914550781
6660,-321.4599914550781,0.0,0.0,0.595541775226593,-321.4599914550781,-326.0,25.263973236083984,-372.0,-354.1499938964844,-350.0,-340.0,-326.0,-301.5,-284.8999938964844,-277.9000244140625,-267.9599914550781
6670,-321.4599914550781,0.0,0.0,0.5954421758651733,-321.4599914550781,-326.0,25.263973236083984,-372.0,-354.1499938964844,-350.0,-340.0,-326.0,-301.5,-284.8999938964844,-277.9000244140625,-267.9599914550781
6680,-321.4599914550781,0.0,0.0,0.5948994159698486,-321.4599914550781,-326.0,25.263973236083984,-372.0,-354.1499938964844,-350.0,-340.0,-326.0,-301.5,-284.8999938964844,-277.9000244140625,-267.9599914550781
6690,-321.47998046875,0.0,0.0,0.5883175730705261,-321.4800109863281,-326.0,25.279430389404297,-372.0,-354.1499938964844,-350.0,-340.0,-326.0,-301.5,-284.8999938964844,-277.9000244140625,-267.9599914550781
6700,-321.47998046875,0.0,0.0,0.5962338447570801,-321.4800109863281,-326.0,25.279430389404297,-372.0,-354.1499938964844,-350.0,-340.0,-326.0,-301.5,-284.8999938964844,-277.9000244140625,-267.9599914550781
6710,-321.47998046875,0.0,0.0,0.587274432182312,-321.4800109863281,-326.0,25.279430389404297,-372.0,-354.1499938964844,-350.0,-340.0,-326.0,-301.5,-284.8999938964844,-277.9000244140625,-267.9599914550781
6720,-321.47998046875,0.0,0.0,0.5876007080078125,-321.4800109863281,-326.0,25.279430389404297,-372.0,-354.1499938964844,-350.0,-340.0,-326.0,-301.5,-284.8999938964844,-277.9000244140625,-267.9599914550781
6730,-321.47998046875,0.0,0.0,0.5911040902137756,-321.4800109863281,-326.0,25.279430389404297,-372.0,-354.1499938964844,-350.0,-340.0,-326.0,-301.5,-284.8999938964844,-277.9000244140625,-267.9599914550781
6740,-321.47998046875,0.0,0.0,0.5916040539741516,-321.4800109863281,-326.0,25.279430389404297,-372.0,-354.1499938964844,-350.0,-340.0,-326.0,-301.5,-284.8999938964844,-277.9000244140625,-267.9599914550781
6750,-321.47998046875,0.0,0.0,0.5881651639938354,-321.4800109863281,-326.0,25.279430389404297,-372.0,-354.1499938964844,-350.0,-340.0,-326.0,-301.5,-284.8999938964844,-277.9000244140625,-267.9599914550781
6760,-321.47998046875,0.0,0.0,0.5898157358169556,-321.4800109863281,-326.0,25.279430389404297,-372.0,-354.1499938964844,-350.0,-340.0,-326.0,-301.5,-284.8999938964844,-277.9000244140625,-267.9599914550781
6770,-321.47998046875,0.0,0.0,0.588238537311554,-321.4800109863281,-326.0,25.279430389404297,-372.0,-354.1499938964844,-350.0,-340.0,-326.0,-301.5,-284.8999938964844,-277.9000244140625,-267.9599914550781
6780,-321.47998046875,0.0,0.0,0.585780143737793,-321.4800109863281,-326.0,25.279430389404297,-372.0,-354.1499938964844,-350.0,-340.0,-326.0,-301.5,-284.8999938964844,-277.9000244140625,-267.9599914550781
6790,-321.47998046875,0.0,0.0,0.5823168754577637,-321.4800109863281,-326.0,25.279430389404297,-372.0,-354.1499938964844,-350.0,-340.0,-326.0,-301.5,-284.8999938964844,-277.9000244140625,-267.9599914550781
6800,-321.47998046875,0.0,0.0,0.5779799818992615,-321.4800109863281,-326.0,25.279430389404297,-372.0,-354.1499938964844,-350.0,-340.0,-326.0,-301.5,-284.8999938964844,-277.9000244140625,-267.9599914550781
6810,-321.47998046875,0.0,0.0,0.5771554112434387,-321.4800109863281,-326.0,25.279430389404297,-372.0,-354.1499938964844,-350.0,-340.0,-326.0,-301.5,-284.8999938964844,-277.9000244140625,-267.9599914550781
6820,-321.47998046875,0.0,0.0,0.5643395185470581,-321.4800109863281,-326.0,25.279430389404297,-372.0,-354.1499938964844,-350.0,-340.0,-326.0,-301.5,-284.8999938964844,-277.9000244140625,-267.9599914550781
6830,-321.47998046875,0.0,0.0,0.5588787794113159,-321.4800109863281,-326.0,25.279430389404297,-372.0,-354.1499938964844,-350.0,-340.0,-326.0,-301.5,-284.8999938964844,-277.9000244140625,-267.9599914550781
6840,-321.47998046875,0.0,0.0,0.5511173605918884,-321.4800109863281,-326.0,25.279430389404297,-372.0,-354.1499938964844,-350.0,-340.0,-326.0,-301.5,-284.8999938964844,-277.9000244140625,-267.9599914550781
6850,-321.47998046875,0.0,0.0,0.5522928237915039,-321.4800109863281,-326.0,25.279430389404297,-372.0,-354.1499938964844,-350.0,-340.0,-326.0,-301.5,-284.8999938964844,-277.9000244140625,-267.9599914550781
6860,-321.47998046875,0.0,0.0,0.5534060001373291,-321.4800109863281,-326.0,25.279430389404297,-372.0,-354.1499938964844,-350.0,-340.0,-326.0,-301.5,-284.8999938964844,-277.9000244140625,-267.9599914550781
6870,-321.47998046875,0.0,0.0,0.5553578734397888,-321.4800109863281,-326.0,25.279430389404297,-372.0,-354.1499938964844,-350.0,-340.0,-326.0,-301.5,-284.8999938964844,-277.9000244140625,-267.9599914550781
6880,-321.47998046875,0.0,0.0,0.5559616088867188,-321.4800109863281,-326.0,25.279430389404297,-372.0,-354.1499938964844,-350.0,-340.0,-326.0,-301.5,-284.8999938964844,-277.9000244140625,-267.9599914550781
6890,-321.5,0.0,0.0,0.5451276302337646,-321.5,-326.0,25.295652389526367,-372.0,-354.1499938964844,-350.0,-340.0,-326.0,-301.5,-284.8999938964844,-277.9000244140625,-267.9599914550781
6900,-321.5,0.0,0.0,0.5492497086524963,-321.5,-326.0,25.295652389526367,-372.0,-354.1499938964844,-350.0,-340.0,-326.0,-301.5,-284.8999938964844,-277.9000244140625,-267.9599914550781
6910,-321.5,0.0,0.0,0.5514004230499268,-321.5,-326.0,25.295652389526367,-372.0,-354.1499938964844,-350.0,-340.0,-326.0,-301.5,-284.8999938964844,-277.9000244140625,-267.9599914550781
6920,-321.5,0.0,0.0,0.5531708598136902,-321.5,-326.0,25.295652389526367,-372.0,-354.1499938964844,-350.0,-340.0,-326.0,-301.5,-284.8999938964844,-277.9000244140625,-267.9599914550781
6930,-321.5,0.0,0.0,0.552757203578949,-321.5,-326.0,25.295652389526367,-372.0,-354.1499938964844,-350.0,-340.0,-326.0,-301.5,-284.8999938964844,-277.9000244140625,-267.9599914550781
6940,-321.5,0.0,0.0,0.5505555868148804,-321.5,-326.0,25.295652389526367,-372.0,-354.1499938964844,-350.0,-340.0,-326.0,-301.5,-284.8999938964844,-277.9000244140625,-267.9599914550781
6950,-321.5,0.0,0.0,0.5491522550582886,-321.5,-326.0,25.295652389526367,-372.0,-354.1499938964844,-350.0,-340.0,-326.0,-301.5,-284.8999938964844,-277.9000244140625,-267.9599914550781
6960,-321.5,0.0,0.0,0.5495664477348328,-321.5,-326.0,25.295652389526367,-372.0,-354.1499938964844,-350.0,-340.0,-326.0,-301.5,-284.8999938964844,-277.9000244140625,-267.9599914550781
6970,-321.5,0.0,0.0,0.5448597073554993,-321.5,-326.0,25.295652389526367,-372.0,-354.1499938964844,-350.0,-340.0,-326.0,-301.5,-284.8999938964844,-277.9000244140625,-267.9599914550781
6980,-321.5,0.0,0.0,0.5415237545967102,-321.5,-326.0,25.295652389526367,-372.0,-354.1499938964844,-350.0,-340.0,-326.0,-301.5,-284.8999938964844,-277.9000244140625,-267.9599914550781
6990,-321.5,0.0,0.0,0.5523388981819153,-321.5,-326.0,25.295652389526367,-372.0,-354.1499938964844,-350.0,-340.0,-326.0,-301.5,-284.8999938964844,-277.9000244140625,-267.9599914550781
7000,-321.5,0.0,0.0,0.5535600185394287,-321.5,-326.0,25.295652389526367,-372.0,-354.1499938964844,-350.0,-340.0,-326.0,-301.5,-284.8999938964844,-277.9000244140625,-267.9599914550781
7010,-321.5,0.0,0.0,0.5527118444442749,-321.5,-326.0,25.295652389526367,-372.0,-354.1499938964844,-350.0,-340.0,-326.0,-301.5,-284.8999938964844,-277.9000244140625,-267.9599914550781
7020,-321.5199890136719,0.0,0.0,0.5505492687225342,-321.5199890136719,-326.0,25.26518440246582,-372.0,-354.1499938964844,-350.0,-340.0,-326.0,-301.5,-284.8999938964844,-277.9000244140625,-267.9599914550781
7030,-321.5199890136719,0.0,0.0,0.5499256253242493,-321.5199890136719,-326.0,25.26518440246582,-372.0,-354.1499938964844,-350.0,-340.0,-326.0,-301.5,-284.8999938964844,-277.9000244140625,-267.9599914550781
7040,-321.5199890136719,0.0,0.0,0.5510168075561523,-321.5199890136719,-326.0,25.26518440246582,-372.0,-354.1499938964844,-350.0,-340.0,-326.0,-301.5,-284.8999938964844,-277.9000244140625,-267.9599914550781
7050,-321.5199890136719,0.0,0.0,0.5530934929847717,-321.5199890136719,-326.0,25.26518440246582,-372.0,-354.1499938964844,-350.0,-340.0,-326.0,-301.5,-284.8999938964844,-277.9000244140625,-267.9599914550781
7060,-321.5199890136719,0.0,0.0,0.5458264350891113,-321.5199890136719,-326.0,25.26518440246582,-372.0,-354.1499938964844,-350.0,-340.0,-326.0,-301.5,-284.8999938964844,-277.9000244140625,-267.9599914550781
7070,-321.5199890136719,0.0,0.0,0.5410780906677246,-321.5199890136719,-326.0,25.26518440246582,-372.0,-354.1499938964844,-350.0,-340.0,-326.0,-301.5,-284.8999938964844,-277.9000244140625,-267.9599914550781
7080,-321.5199890136719,0.0,0.0,0.5437412858009338,-321.5199890136719,-326.0,25.26518440246582,-372.0,-354.1499938964844,-350.0,-340.0,-326.0,-301.5,-284.8999938964844,-277.9000244140625,-267.9599914550781
7090,-321.5199890136719,0.0,0.0,0.5334516167640686,-321.5199890136719,-326.0,25.26518440246582,-372.0,-354.1499938964844,-350.0,-340.0,-326.0,-301.5,-284.8999938964844,-277.9000244140625,-267.9599914550781
7100,-321.5199890136719,0.0,0.0,0.5277706980705261,-321.5199890136719,-326.0,25.26518440246582,-372.0,-354.1499938964844,-350.0,-340.0,-326.0,-301.5,-284.8999938964844,-277.9000244140625,-267.9599914550781
7110,-321.5199890136719,0.0,0.0,0.5282711386680603,-321.5199890136719,-326.0,25.26518440246582,-372.0,-354.1499938964844,-350.0,-340.0,-326.0,-301.5,-284.8999938964844,-277.9000244140625,-267.9599914550781
7120,-321.5199890136719,0.0,0.0,0.5321394205093384,-321.5199890136719,-326.0,25.26518440246582,-372.0,-354.1499938964844,-350.0,-340.0,-326.0,-301.5,-284.8999938964844,-277.9000244140625,-267.9599914550781
7130,-321.5199890136719,0.0,0.0,0.5298088192939758,-321.5199890136719,-326.0,25.26518440246582,-372.0,-354.1499938964844,-350.0,-340.0,-326.0,-301.5,-284.8999938964844,-277.9000244140625,-267.9599914550781
7140,-321.5199890136719,0.0,0.0,0.529385507106781,-321.5199890136719,-326.0,25.26518440246582,-372.0,-354.1499938964844,-350.0,-340.0,-326.0,-301.5,-284.8999938964844,-277.9000244140625,-267.9599914550781
7150,-321.5199890136719,0.0,0.0,0.5251961350440979,-321.5199890136719,-326.0,25.26518440246582,-372.0,-354.1499938964844,-350.0,-340.0,-326.0,-301.5,-284.8999938964844,-277.9000244140625,-267.9599914550781
7160,-321.5199890136719,0.0,0.0,0.5215789079666138,-321.5199890136719,-326.0,25.26518440246582,-372.0,-354.1499938964844,-350.0,-340.0,-326.0,-301.5,-284.8999938964844,-277.9000244140625,-267.9599914550781
7170,-321.5199890136719,0.0,0.0,0.5136664509773254,-321.5199890136719,-326.0,25.26518440246582,-372.0,-354.1499938964844,-350.0,-340.0,-326.0,-301.5,-284.8999938964844,-277.9000244140625,-267.9599914550781
7180,-321.5199890136719,0.0,0.0,0.5109766125679016,-321.5199890136719,-326.0,25.26518440246582,-372.0,-354.1499938964844,-350.0,-340.0,-326.0,-301.5,-284.8999938964844,-277.9000244140625,-267.9599914550781
7190,-321.5199890136719,0.0,0.0,0.5127518177032471,-321.5199890136719,-326.0,25.26518440246582,-372.0,-354.1499938964844,-350.0,-340.0,-326.0,-301.5,-284.8999938964844,-277.9000244140625,-267.9599914550781
7200,-321.53997802734375,0.0,0.0,0.5111271142959595,-321.5400085449219,-326.0,25.290084838867188,-372.0,-354.1499938964844,-350.0,-340.0,-326.0,-301.5,-284.8999938964844,-277.9000244140625,-267.9599914550781
7210,-321.53997802734375,0.0,0.0,0.5131472945213318,-321.5400085449219,-326.0,25.290084838867188,-372.0,-354.1499938964844,-350.0,-340.0,-326.0,-301.5,-284.8999938964844,-277.9000244140625,-267.9599914550781
7220,-321.53997802734375,0.0,0.0,0.5122964978218079,-321.5400085449219,-326.0,25.290084838867188,-372.0,-354.1499938964844,-350.0,-340.0,-326.0,-301.5,-284.8999938964844,-277.9000244140625,-267.9599914550781
7230,-321.53997802734375,0.0,0.0,0.5145779848098755,-321.5400085449219,-326.0,25.290084838867188,-372.0,-354.1499938964844,-350.0,-340.0,-326.0,-301.5,-284.8999938964844,-277.9000244140625,-267.9599914550781
7240,-321.53997802734375,0.0,0.0,0.5081779360771179,-321.5400085449219,-326.0,25.290084838867188,-372.0,-354.1499938964844,-350.0,-340.0,-326.0,-301.5,-284.8999938964844,-277.9000244140625,-267.9599914550781
7250,-321.53997802734375,0.0,0.0,0.5096442103385925,-321.5400085449219,-326.0,25.290084838867188,-372.0,-354.1499938964844,-350.0,-340.0,-326.0,-301.5,-284.8999938964844,-277.9000244140625,-267.9599914550781
7260,-321.53997802734375,0.0,0.0,0.5159143805503845,-321.5400085449219,-326.0,25.290084838867188,-372.0,-354.1499938964844,-350.0,-340.0,-326.0,-301.5,-284.8999938964844,-277.9000244140625,-267.9599914550781
7270,-321.53997802734375,0.0,0.0,0.5117360353469849,-321.5400085449219,-326.0,25.290084838867188,-372.0,-354.1499938964844,-350.0,-340.0,-326.0,-301.5,-284.8999938964844,-277.9000244140625,-267.9599914550781
7280,-321.53997802734375,0.0,0.0,0.5144386291503906,-321.5400085449219,-326.0,25.290084838867188,-372.0,-354.1499938964844,-350.0,-340.0,-326.0,-301.5,-284.8999938964844,-277.9000244140625,-267.9599914550781
7290,-321.53997802734375,0.0,0.0,0.5122438669204712,-321.5400085449219,-326.0,25.290084838867188,-372.0,-354.1499938964844,-350.0,-340.0,-326.0,-301.5,-284.8999938964844,-277.9000244140625,-267.9599914550781
7300,-321.53997802734375,0.0,0.0,0.5092135667800903,-321.5400085449219,-326.0,25.290084838867188,-372.0,-354.1499938964844,-350.0,-340.0,-326.0,-301.5,-284.8999938964844,-277.9000244140625,-267.9599914550781
7310,-321.53997802734375,0.0,0.0,0.5121876001358032,-321.5400085449219,-326.0,25.290084838867188,-372.0,-354.1499938964844,-350.0,-340.0,-326.0,-301.5,-284.8999938964844,-277.9000244140625,-267.9599914550781
7320,-321.53997802734375,0.0,0.0,0.5156596302986145,-321.5400085449219,-326.0,25.290084838867188,-372.0,-354.1499938964844,-350.0,-340.0,-326.0,-301.5,-284.8999938964844,-277.9000244140625,-267.9599914550781
7330,-321.53997802734375,0.0,0.0,0.5159109234809875,-321.5400085449219,-326.0,25.290084838867188,-372.0,-354.1499938964844,-350.0,-340.0,-326.0,-301.5,-284.8999938964844,-277.9000244140625,-267.9599914550781
7340,-321.53997802734375,0.0,0.0,0.5159584879875183,-321.5400085449219,-326.0,25.290084838867188,-372.0,-354.1499938964844,-350.0,-340.0,-326.0,-301.5,-284.8999938964844,-277.9000244140625,-267.9599914550781
7350,-321.53997802734375,0.0,0.0,0.5130445957183838,-321.5400085449219,-326.0,25.290084838867188,-372.0,-354.1499938964844,-350.0,-340.0,-326.0,-301.5,-284.8999938964844,-277.9000244140625,-267.9599914550781
7360,-321.53997802734375,0.0,0.0,0.5091308951377869,-321.5400085449219,-326.0,25.290084838867188,-372.0,-354.1499938964844,-350.0,-340.0,-326.0,-301.5,-284.8999938964844,-277.9000244140625,-267.9599914550781
7370,-321.53997802734375,0.0,0.0,0.513890266418457,-321.5400085449219,-326.0,25.290084838867188,-372.0,-354.1499938964844,-350.0,-340.0,-326.0,-301.5,-284.8999938964844,-277.9000244140625,-267.9599914550781
7380,-321.53997802734375,0.0,0.0,0.5109203457832336,-321.5400085449219,-326.0,25.290084838867188,-372.0,-354.1499938964844,-350.0,-340.0,-326.0,-301.5,-284.8999938964844,-277.9000244140625,-267.9599914550781
7390,-321.53997802734375,0.0,0.0,0.5078786611557007,-321.5400085449219,-326.0,25.290084838867188,-372.0,-354.1499938964844,-350.0,-340.0,-326.0,-301.5,-284.8999938964844,-277.9000244140625,-267.9599914550781
7400,-321.53997802734375,0.0,0.0,0.5121307969093323,-321.5400085449219,-326.0,25.290084838867188,-372.0,-354.1499938964844,-350.0,-340.0,-326.0,-301.5,-284.8999938964844,-277.9000244140625,-267.9599914550781
7410,-321.53997802734375,0.0,0.0,0.5075381994247437,-321.5400085449219,-326.0,25.290084838867188,-372.0,-354.1499938964844,-350.0,-340.0,-326.0,-301.5,-284.8999938964844,-277.9000244140625,-267.9599914550781
7420,-321.53997802734375,0.0,0.0,0.5078025460243225,-321.5400085449219,-326.0,25.290084838867188,-372.0,-354.1499938964844,-350.0,-340.0,-326.0,-301.5,-284.8999938964844,-277.9000244140625,-267.9599914550781
7430,-321.53997802734375,0.0,0.0,0.5122268795967102,-321.5400085449219,-326.0,25.290084838867188,-372.0,-354.1499938964844,-350.0,-340.0,-326.0,-301.5,-284.8999938964844,-277.9000244140625,-267.9599914550781
7440,-321.53997802734375,0.0,0.0,0.5087400078773499,-321.5400085449219,-326.0,25.290084838867188,-372.0,-354.1499938964844,-350.0,-340.0,-326.0,-301.5,-284.8999938964844,-277.9000244140625,-267.9599914550781
7450,-321.53997802734375,0.0,0.0,0.5087574124336243,-321.5400085449219,-326.0,25.290084838867188,-372.0,-354.1499938964844,-350.0,-340.0,-326.0,-301.5,-284.8999938964844,-277.9000244140625,-267.9599914550781
7460,-321.53997802734375,0.0,0.0,0.5088827013969421,-321.5400085449219,-326.0,25.290084838867188,-372.0,-354.1499938964844,-350.0,-340.0,-326.0,-301.5,-284.8999938964844,-277.9000244140625,-267.9599914550781
7470,-321.53997802734375,0.0,0.0,0.5093450546264648,-321.5400085449219,-326.0,25.290084838867188,-372.0,-354.1499938964844,-350.0,-340.0,-326.0,-301.5,-284.8999938964844,-277.9000244140625,-267.9599914550781
7480,-321.53997802734375,0.0,0.0,0.49635976552963257,-321.5400085449219,-326.0,25.290084838867188,-372.0,-354.1499938964844,-350.0,-340.0,-326.0,-301.5,-284.8999938964844,-277.9000244140625,-267.9599914550781
7490,-321.53997802734375,0.0,0.0,0.4975365996360779,-321.5400085449219,-326.0,25.290084838867188,-372.0,-354.1499938964844,-350.0,-340.0,-326.0,-301.5,-284.8999938964844,-277.9000244140625,-267.9599914550781
7500,-321.53997802734375,0.0,0.0,0.49810782074928284,-321.5400085449219,-326.0,25.290084838867188,-372.0,-354.1499938964844,-350.0,-340.0,-326.0,-301.5,-284.8999938964844,-277.9000244140625,-267.9599914550781
7510,-321.53997802734375,0.0,0.0,0.4932374358177185,-321.5400085449219,-326.0,25.290084838867188,-372.0,-354.1499938964844,-350.0,-340.0,-326.0,-301.5,-284.8999938964844,-277.9000244140625,-267.9599914550781
7520,-321.53997802734375,0.0,0.0,0.49768638610839844,-321.5400085449219,-326.0,25.290084838867188,-372.0,-354.1499938964844,-350.0,-340.0,-326.0,-301.5,-284.8999938964844,-277.9000244140625,-267.9599914550781
7530,-321.53997802734375,0.0,0.0,0.49890944361686707,-321.5400085449219,-326.0,25.290084838867188,-372.0,-354.1499938964844,-350.0,-340.0,-326.0,-301.5,-284.8999938964844,-277.9000244140625,-267.9599914550781
7540,-321.53997802734375,0.0,0.0,0.4887011647224426,-321.5400085449219,-326.0,25.290084838867188,-372.0,-354.1499938964844,-350.0,-340.0,-326.0,-301.5,-284.8999938964844,-277.9000244140625,-267.9599914550781
7550,-321.53997802734375,0.0,0.0,0.48834002017974854,-321.5400085449219,-326.0,25.290084838867188,-372.0,-354.1499938964844,-350.0,-340.0,-326.0,-301.5,-284.8999938964844,-277.9000244140625,-267.9599914550781
7560,-321.53997802734375,0.0,0.0,0.48078349232673645,-321.5400085449219,-326.0,25.290084838867188,-372.0,-354.1499938964844,-350.0,-340.0,-326.0,-301.5,-284.8999938964844,-277.9000244140625,-267.9599914550781
7570,-321.53997802734375,0.0,0.0,0.4806250035762787,-321.5400085449219,-326.0,25.290084838867188,-372.0,-354.1499938964844,-350.0,-340.0,-326.0,-301.5,-284.8999938964844,-277.9000244140625,-267.9599914550781
7580,-321.53997802734375,0.0,0.0,0.48023131489753723,-321.5400085449219,-326.0,25.290084838867188,-372.0,-354.1499938964844,-350.0,-340.0,-326.0,-301.5,-284.8999938964844,-277.9000244140625,-267.9599914550781
7590,-321.53997802734375,0.0,0.0,0.4793720841407776,-321.5400085449219,-326.0,25.290084838867188,-372.0,-354.1499938964844,-350.0,-340.0,-326.0,-301.5,-284.8999938964844,-277.9000244140625,-267.9599914550781
7600,-321.53997802734375,0.0,0.0,0.4770869016647339,-321.5400085449219,-326.0,25.290084838867188,-372.0,-354.1499938964844,-350.0,-340.0,-326.0,-301.5,-284.8999938964844,-277.9000244140625,-267.9599914550781
7610,-321.53997802734375,0.0,0.0,0.48134803771972656,-321.5400085449219,-326.0,25.290084838867188,-372.0,-354.1499938964844,-350.0,-340.0,-326.0,-301.5,-284.8999938964844,-277.9000244140625,-267.9599914550781
7620,-321.53997802734375,0.0,0.0,0.48071184754371643,-321.5400085449219,-326.0,25.290084838867188,-372.0,-354.1499938964844,-350.0,-340.0,-326.0,-301.5,-284.8999938964844,-277.9000244140625,-267.9599914550781
7630,-321.53997802734375,0.0,0.0,0.4837213158607483,-321.5400085449219,-326.0,25.290084838867188,-372.0,-354.1499938964844,-350.0,-340.0,-326.0,-301.5,-284.8999938964844,-277.9000244140625,-267.9599914550781
7640,-321.53997802734375,0.0,0.0,0.48413902521133423,-321.5400085449219,-326.0,25.290084838867188,-372.0,-354.1499938964844,-350.0,-340.0,-326.0,-301.5,-284.8999938964844,-277.9000244140625,-267.9599914550781
7650,-321.53997802734375,0.0,0.0,0.4882752597332001,-321.5400085449219,-326.0,25.290084838867188,-372.0,-354.1499938964844,-350.0,-340.0,-326.0,-301.5,-284.8999938964844,-277.9000244140625,-267.9599914550781
7660,-321.53997802734375,0.0,0.0,0.48842117190361023,-321.5400085449219,-326.0,25.290084838867188,-372.0,-354.1499938964844,-350.0,-340.0,-326.0,-301.5,-284.8999938964844,-277.9000244140625,-267.9599914550781
7670,-321.53997802734375,0.0,0.0,0.4901699423789978,-321.5400085449219,-326.0,25.290084838867188,-372.0,-354.1499938964844,-350.0,-340.0,-326.0,-301.5,-284.8999938964844,-277.9000244140625,-267.9599914550781
7680,-321.53997802734375,0.0,0.0,0.49060729146003723,-321.5400085449219,-326.0,25.290084838867188,-372.0,-354.1499938964844,-350.0,-340.0,-326.0,-301.5,-284.8999938964844,-277.9000244140625,-267.9599914550781
7690,-321.53997802734375,0.0,0.0,0.4876887798309326,-321.5400085449219,-326.0,25.290084838867188,-372.0,-354.1499938964844,-350.0,-340.0,-326.0,-301.5,-284.8999938964844,-277.9000244140625,-267.9599914550781
7700,-321.53997802734375,0.0,0.0,0.4849371910095215,-321.5400085449219,-326.0,25.290084838867188,-372.0,-354.1499938964844,-350.0,-340.0,-326.0,-301.5,-284.8999938964844,-277.9000244140625,-267.9599914550781
7710,-321.53997802734375,0.0,0.0,0.4892650544643402,-321.5400085449219,-326.0,25.290084838867188,-372.0,-354.1499938964844,-350.0,-340.0,-326.0,-301.5,-284.8999938964844,-277.9000244140625,-267.9599914550781
7720,-321.53997802734375,0.0,0.0,0.4843292236328125,-321.5400085449219,-326.0,25.290084838867188,-372.0,-354.1499938964844,-350.0,-340.0,-326.0,-301.5,-284.8999938964844,-277.9000244140625,-267.9599914550781
7730,-321.53997802734375,0.0,0.0,0.4832012951374054,-321.5400085449219,-326.0,25.290084838867188,-372.0,-354.1499938964844,-350.0,-340.0,-326.0,-301.5,-284.8999938964844,-277.9000244140625,-267.9599914550781
7740,-321.53997802734375,0.0,0.0,0.4828373193740845,-321.5400085449219,-326.0,25.290084838867188,-372.0,-354.1499938964844,-350.0,-340.0,-326.0,-301.5,-284.8999938964844,-277.9000244140625,-267.9599914550781
7750,-321.53997802734375,0.0,0.0,0.4846615493297577,-321.5400085449219,-326.0,25.290084838867188,-372.0,-354.1499938964844,-350.0,-340.0,-326.0,-301.5,-284.8999938964844,-277.9000244140625,-267.9599914550781
7760,-321.53997802734375,0.0,0.0,0.4874982237815857,-321.5400085449219,-326.0,25.290084838867188,-372.0,-354.1499938964844,-350.0,-340.0,-326.0,-301.5,-284.8999938964844,-277.9000244140625,-267.9599914550781
7770,-321.53997802734375,0.0,0.0,0.4835807681083679,-321.5400085449219,-326.0,25.290084838867188,-372.0,-354.1499938964844,-350.0,-340.0,-326.0,-301.5,-284.8999938964844,-277.9000244140625,-267.9599914550781
7780,-321.53997802734375,0.0,0.0,0.4797900915145874,-321.5400085449219,-326.0,25.290084838867188,-372.0,-354.1499938964844,-350.0,-340.0,-326.0,-301.5,-284.8999938964844,-277.9000244140625,-267.9599914550781
7790,-321.53997802734375,0.0,0.0,0.4834955632686615,-321.5400085449219,-326.0,25.290084838867188,-372.0,-354.1499938964844,-350.0,-340.0,-326.0,-301.5,-284.8999938964844,-277.9000244140625,-267.9599914550781
7800,-321.53997802734375,0.0,0.0,0.4766298532485962,-321.5400085449219,-326.0,25.290084838867188,-372.0,-354.1499938964844,-350.0,-340.0,-326.0,-301.5,-284.8999938964844,-277.9000244140625,-267.9599914550781
7810,-321.53997802734375,0.0,0.0,0.47707656025886536,-321.5400085449219,-326.0,25.290084838867188,-372.0,-354.1499938964844,-350.0,-340.0,-326.0,-301.5,-284.8999938964844,-277.9000244140625,-267.9599914550781
7820,-321.53997802734375,0.0,0.0,0.4723531901836395,-321.5400085449219,-326.0,25.290084838867188,-372.0,-354.1499938964844,-350.0,-340.0,-326.0,-301.5,-284.8999938964844,-277.9000244140625,-267.9599914550781
7830,-321.53997802734375,0.0,0.0,0.4704851508140564,-321.5400085449219,-326.0,25.290084838867188,-372.0,-354.1499938964844,-350.0,-340.0,-326.0,-301.5,-284.8999938964844,-277.9000244140625,-267.9599914550781
7840,-321.53997802734375,0.0,0.0,0.4690505862236023,-321.5400085449219,-326.0,25.290084838867188,-372.0,-354.1499938964844,-350.0,-340.0,-326.0,-301.5,-284.8999938964844,-277.9000244140625,-267.9599914550781
7850,-321.53997802734375,0.0,0.0,0.4699269235134125,-321.5400085449219,-326.0,25.290084838867188,-372.0,-354.1499938964844,-350.0,-340.0,-326.0,-301.5,-284.8999938964844,-277.9000244140625,-267.9599914550781
7860,-321.53997802734375,0.0,0.0,0.4695431888103485,-321.5400085449219,-326.0,25.290084838867188,-372.0,-354.1499938964844,-350.0,-340.0,-326.0,-301.5,-284.8999938964844,-277.9000244140625,-267.9599914550781
7870,-321.53997802734375,0.0,0.0,0.4724062979221344,-321.5400085449219,-326.0,25.290084838867188,-372.0,-354.1499938964844,-350.0,-340.0,-326.0,-301.5,-284.8999938964844,-277.9000244140625,-267.9599914550781
7880,-321.53997802734375,0.0,0.0,0.4731067419052124,-321.5400085449219,-326.0,25.290084838867188,-372.0,-354.1499938964844,-350.0,-340.0,-326.0,-301.5,-284.8999938964844,-277.9000244140625,-267.9599914550781
7890,-321.53997802734375,0.0,0.0,0.4712136685848236,-321.5400085449219,-326.0,25.290084838867188,-372.0,-354.1499938964844,-350.0,-340.0,-326.0,-301.5,-284.8999938964844,-277.9000244140625,-267.9599914550781
7900,-321.53997802734375,0.0,0.0,0.4720795452594757,-321.5400085449219,-326.0,25.290084838867188,-372.0,-354.1499938964844,-350.0,-340.0,-326.0,-301.5,-284.8999938964844,-277.9000244140625,-267.9599914550781
7910,-321.53997802734375,0.0,0.0,0.47160470485687256,-321.5400085449219,-326.0,25.290084838867188,-372.0,-354.1499938964844,-350.0,-340.0,-326.0,-301.5,-284.8999938964844,-277.9000244140625,-267.9599914550781
7920,-321.53997802734375,0.0,0.0,0.47751882672309875,-321.5400085449219,-326.0,25.290084838867188,-372.0,-354.1499938964844,-350.0,-340.0,-326.0,-301.5,-284.8999938964844,-277.9000244140625,-267.9599914550781
7930,-321.53997802734375,0.0,0.0,0.4811513423919678,-321.5400085449219,-326.0,25.290084838867188,-372.0,-354.1499938964844,-350.0,-340.0,-326.0,-301.5,-284.8999938964844,-277.9000244140625,-267.9599914550781
7940,-321.53997802734375,0.0,0.0,0.47961172461509705,-321.5400085449219,-326.0,25.290084838867188,-372.0,-354.1499938964844,-350.0,-340.0,-326.0,-301.5,-284.8999938964844,-277.9000244140625,-267.9599914550781
7950,-321.53997802734375,0.0,0.0,0.4793868064880371,-321.5400085449219,-326.0,25.290084838867188,-372.0,-354.1499938964844,-350.0,-340.0,-326.0,-301.5,-284.8999938964844,-277.9000244140625,-267.9599914550781
7960,-321.53997802734375,0.0,0.0,0.48183295130729675,-321.5400085449219,-326.0,25.290084838867188,-372.0,-354.1499938964844,-350.0,-340.0,-326.0,-301.5,-284.8999938964844,-277.9000244140625,-267.9599914550781
7970,-321.53997802734375,0.0,0.0,0.48747339844703674,-321.5400085449219,-326.0,25.290084838867188,-372.0,-354.1499938964844,-350.0,-340.0,-326.0,-301.5,-284.8999938964844,-277.9000244140625,-267.9599914550781
7980,-321.53997802734375,0.0,0.0,0.4838665723800659,-321.5400085449219,-326.0,25.290084838867188,-372.0,-354.1499938964844,-350.0,-340.0,-326.0,-301.5,-284.8999938964844,-277.9000244140625,-267.9599914550781
7990,-321.53997802734375,0.0,0.0,0.4797028601169586,-321.5400085449219,-326.0,25.290084838867188,-372.0,-354.1499938964844,-350.0,-340.0,-326.0,-301.5,-284.8999938964844,-277.9000244140625,-267.9599914550781
8000,-321.53997802734375,0.0,0.0,0.48165470361709595,-321.5400085449219,-326.0,25.290084838867188,-372.0,-354.1499938964844,-350.0,-340.0,-326.0,-301.5,-284.8999938964844,-277.9000244140625,-267.9599914550781
8010,-321.53997802734375,0.0,0.0,0.4829815626144409,-321.5400085449219,-326.0,25.290084838867188,-372.0,-354.1499938964844,-350.0,-340.0,-326.0,-301.5,-284.8999938964844,-277.9000244140625,-267.9599914550781
8020,-321.53997802734375,0.0,0.0,0.48511168360710144,-321.5400085449219,-326.0,25.290084838867188,-372.0,-354.1499938964844,-350.0,-340.0,-326.0,-301.5,-284.8999938964844,-277.9000244140625,-267.9599914550781
8030,-321.53997802734375,0.0,0.0,0.485303670167923,-321.5400085449219,-326.0,25.290084838867188,-372.0,-354.1499938964844,-350.0,-340.0,-326.0,-301.5,-284.8999938964844,-277.9000244140625,-267.9599914550781
8040,-321.53997802734375,0.0,0.0,0.48365744948387146,-321.5400085449219,-326.0,25.290084838867188,-372.0,-354.1499938964844,-350.0,-340.0,-326.0,-301.5,-284.8999938964844,-277.9000244140625,-267.9599914550781
8050,-321.53997802734375,0.0,0.0,0.48044317960739136,-321.5400085449219,-326.0,25.290084838867188,-372.0,-354.1499938964844,-350.0,-340.0,-326.0,-301.5,-284.8999938964844,-277.9000244140625,-267.9599914550781
8060,-321.53997802734375,0.0,0.0,0.4820529818534851,-321.5400085449219,-326.0,25.290084838867188,-372.0,-354.1499938964844,-350.0,-340.0,-326.0,-301.5,-284.8999938964844,-277.9000244140625,-267.9599914550781
8070,-321.53997802734375,0.0,0.0,0.48365089297294617,-321.5400085449219,-326.0,25.290084838867188,-372.0,-354.1499938964844,-350.0,-340.0,-326.0,-301.5,-284.8999938964844,-277.9000244140625,-267.9599914550781
8080,-321.53997802734375,0.0,0.0,0.485625296831131,-321.5400085449219,-326.0,25.290084838867188,-372.0,-354.1499938964844,-350.0,-340.0,-326.0,-301.5,-284.8999938964844,-277.9000244140625,-267.9599914550781
8090,-321.53997802734375,0.0,0.0,0.48500606417655945,-321.5400085449219,-326.0,25.290084838867188,-372.0,-354.1499938964844,-350.0,-340.0,-326.0,-301.5,-284.8999938964844,-277.9000244140625,-267.9599914550781
8100,-321.53997802734375,0.0,0.0,0.48494651913642883,-321.5400085449219,-326.0,25.290084838867188,-372.0,-354.1499938964844,-350.0,-340.0,-326.0,-301.5,-284.8999938964844,-277.9000244140625,-267.9599914550781
8110,-321.53997802734375,0.0,0.0,0.4778645932674408,-321.5400085449219,-326.0,25.290084838867188,-372.0,-354.1499938964844,-350.0,-340.0,-326.0,-301.5,-284.8999938964844,-277.9000244140625,-267.9599914550781
8120,-321.53997802734375,0.0,0.0,0.47753021121025085,-321.5400085449219,-326.0,25.290084838867188,-372.0,-354.1499938964844,-350.0,-340.0,-326.0,-301.5,-284.8999938964844,-277.9000244140625,-267.9599914550781
8130,-321.53997802734375,0.0,0.0,0.4811844527721405,-321.5400085449219,-326.0,25.290084838867188,-372.0,-354.1499938964844,-350.0,-340.0,-326.0,-301.5,-284.8999938964844,-277.9000244140625,-267.9599914550781
8140,-321.53997802734375,0.0,0.0,0.4762674570083618,-321.5400085449219,-326.0,25.290084838867188,-372.0,-354.1499938964844,-350.0,-340.0,-326.0,-301.5,-284.8999938964844,-277.9000244140625,-267.9599914550781
8150,-321.53997802734375,0.0,0.0,0.474627286195755,-321.5400085449219,-326.0,25.290084838867188,-372.0,-354.1499938964844,-350.0,-340.0,-326.0,-301.5,-284.8999938964844,-277.9000244140625,-267.9599914550781
8160,-321.53997802734375,0.0,0.0,0.47802338004112244,-321.5400085449219,-326.0,25.290084838867188,-372.0,-354.1499938964844,-350.0,-340.0,-326.0,-301.5,-284.8999938964844,-277.9000244140625,-267.9599914550781
8170,-321.53997802734375,0.0,0.0,0.47838661074638367,-321.5400085449219,-326.0,25.290084838867188,-372.0,-354.1499938964844,-350.0,-340.0,-326.0,-301.5,-284.8999938964844,-277.9000244140625,-267.9599914550781
8180,-321.53997802734375,0.0,0.0,0.47882574796676636,-321.5400085449219,-326.0,25.290084838867188,-372.0,-354.1499938964844,-350.0,-340.0,-326.0,-301.5,-284.8999938964844,-277.9000244140625,-267.9599914550781
8190,-321.53997802734375,0.0,0.0,0.47766679525375366,-321.5400085449219,-326.0,25.290084838867188,-372.0,-354.1499938964844,-350.0,-340.0,-326.0,-301.5,-284.8999938964844,-277.9000244140625,-267.9599914550781
8200,-321.53997802734375,0.0,0.0,0.4776061177253723,-321.5400085449219,-326.0,25.290084838867188,-372.0,-354.1499938964844,-350.0,-340.0,-326.0,-301.5,-284.8999938964844,-277.9000244140625,-267.9599914550781
8210,-321.53997802734375,0.0,0.0,0.4773203134536743,-321.5400085449219,-326.0,25.290084838867188,-372.0,-354.1499938964844,-350.0,-340.0,-326.0,-301.5,-284.8999938964844,-277.9000244140625,-267.9599914550781
8220,-321.53997802734375,0.0,0.0,0.4779186248779297,-321.5400085449219,-326.0,25.290084838867188,-372.0,-354.1499938964844,-350.0,-340.0,-326.0,-301.5,-284.8999938964844,-277.9000244140625,-267.9599914550781
8230,-321.53997802734375,0.0,0.0,0.4771362245082855,-321.5400085449219,-326.0,25.290084838867188,-372.0,-354.1499938964844,-350.0,-340.0,-326.0,-301.5,-284.8999938964844,-277.9000244140625,-267.9599914550781
8240,-321.53997802734375,0.0,0.0,0.4745958745479584,-321.5400085449219,-326.0,25.290084838867188,-372.0,-354.1499938964844,-350.0,-340.0,-326.0,-301.5,-284.8999938964844,-277.9000244140625,-267.9599914550781
8250,-321.53997802734375,0.0,0.0,0.4715424180030823,-321.5400085449219,-326.0,25.290084838867188,-372.0,-354.1499938964844,-350.0,-340.0,-326.0,-301.5,-284.8999938964844,-277.9000244140625,-267.9599914550781
8260,-321.53997802734375,0.0,0.0,0.46780410408973694,-321.5400085449219,-326.0,25.290084838867188,-372.0,-354.1499938964844,-350.0,-340.0,-326.0,-301.5,-284.8999938964844,-277.9000244140625,-267.9599914550781
8270,-321.53997802734375,0.0,0.0,0.47195062041282654,-321.5400085449219,-326.0,25.290084838867188,-372.0,-354.1499938964844,-350.0,-340.0,-326.0,-301.5,-284.8999938964844,-277.9000244140625,-267.9599914550781
8280,-321.53997802734375,0.0,0.0,0.4698770046234131,-321.5400085449219,-326.0,25.290084838867188,-372.0,-354.1499938964844,-350.0,-340.0,-326.0,-301.5,-284.8999938964844,-277.9000244140625,-267.9599914550781
8290,-321.53997802734375,0.0,0.0,0.4702208638191223,-321.5400085449219,-326.0,25.290084838867188,-372.0,-354.1499938964844,-350.0,-340.0,-326.0,-301.5,-284.8999938964844,-277.9000244140625,-267.9599914550781
8300,-321.53997802734375,0.0,0.0,0.46954742074012756,-321.5400085449219,-326.0,25.290084838867188,-372.0,-354.1499938964844,-350.0,-340.0,-326.0,-301.5,-284.8999938964844,-277.9000244140625,-267.9599914550781
8310,-321.53997802734375,0.0,0.0,0.4636434316635132,-321.5400085449219,-326.0,25.290084838867188,-372.0,-354.1499938964844,-350.0,-340.0,-326.0,-301.5,-284.8999938964844,-277.9000244140625,-267.9599914550781
8320,-321.53997802734375,0.0,0.0,0.461105078458786,-321.5400085449219,-326.0,25.290084838867188,-372.0,-354.1499938964844,-350.0,-340.0,-326.0,-301.5,-284.8999938964844,-277.9000244140625,-267.9599914550781
8330,-321.53997802734375,0.0,0.0,0.44968485832214355,-321.5400085449219,-326.0,25.290084838867188,-372.0,-354.1499938964844,-350.0,-340.0,-326.0,-301.5,-284.8999938964844,-277.9000244140625,-267.9599914550781
8340,-321.53997802734375,0.0,0.0,0.4521186351776123,-321.5400085449219,-326.0,25.290084838867188,-372.0,-354.1499938964844,-350.0,-340.0,-326.0,-301.5,-284.8999938964844,-277.9000244140625,-267.9599914550781
8350,-321.53997802734375,0.0,0.0,0.45588919520378113,-321.5400085449219,-326.0,25.290084838867188,-372.0,-354.1499938964844,-350.0,-340.0,-326.0,-301.5,-284.8999938964844,-277.9000244140625,-267.9599914550781
8360,-321.53997802734375,0.0,0.0,0.45794522762298584,-321.5400085449219,-326.0,25.290084838867188,-372.0,-354.1499938964844,-350.0,-340.0,-326.0,-301.5,-284.8999938964844,-277.9000244140625,-267.9599914550781
8370,-321.53997802734375,0.0,0.0,0.4572560489177704,-321.5400085449219,-326.0,25.290084838867188,-372.0,-354.1499938964844,-350.0,-340.0,-326.0,-301.5,-284.8999938964844,-277.9000244140625,-267.9599914550781
8380,-321.53997802734375,0.0,0.0,0.4583519995212555,-321.5400085449219,-326.0,25.290084838867188,-372.0,-354.1499938964844,-350.0,-340.0,-326.0,-301.5,-284.8999938964844,-277.9000244140625,-267.9599914550781
8390,-321.5799865722656,0.0,0.0,0.4562704265117645,-321.5799865722656,-326.0,25.23377799987793,-372.0,-354.1499938964844,-350.0,-340.0,-326.0,-301.5,-285.8999938964844,-277.9000244140625,-267.9599914550781
8400,-321.5799865722656,0.0,0.0,0.4546681046485901,-321.5799865722656,-326.0,25.23377799987793,-372.0,-354.1499938964844,-350.0,-340.0,-326.0,-301.5,-285.8999938964844,-277.9000244140625,-267.9599914550781
8410,-321.5799865722656,0.0,0.0,0.452409952878952,-321.5799865722656,-326.0,25.23377799987793,-372.0,-354.1499938964844,-350.0,-340.0,-326.0,-301.5,-285.8999938964844,-277.9000244140625,-267.9599914550781
8420,-321.5799865722656,0.0,0.0,0.4492941200733185,-321.5799865722656,-326.0,25.23377799987793,-372.0,-354.1499938964844,-350.0,-340.0,-326.0,-301.5,-285.8999938964844,-277.9000244140625,-267.9599914550781
8430,-321.5799865722656,0.0,0.0,0.44645383954048157,-321.5799865722656,-326.0,25.23377799987793,-372.0,-354.1499938964844,-350.0,-340.0,-326.0,-301.5,-285.8999938964844,-277.9000244140625,-267.9599914550781
8440,-321.5799865722656,0.0,0.0,0.4472047984600067,-321.5799865722656,-326.0,25.23377799987793,-372.0,-354.1499938964844,-350.0,-340.0,-326.0,-301.5,-285.8999938964844,-277.9000244140625,-267.9599914550781
8450,-321.5799865722656,0.0,0.0,0.4445383846759796,-321.5799865722656,-326.0,25.23377799987793,-372.0,-354.1499938964844,-350.0,-340.0,-326.0,-301.5,-285.8999938964844,-277.9000244140625,-267.9599914550781
8460,-321.5799865722656,0.0,0.0,0.44670623540878296,-321.5799865722656,-326.0,25.23377799987793,-372.0,-354.1499938964844,-350.0,-340.0,-326.0,-301.5,-285.8999938964844,-277.9000244140625,-267.9599914550781
8470,-321.5799865722656,0.0,0.0,0.44708168506622314,-321.5799865722656,-326.0,25.23377799987793,-372.0,-354.1499938964844,-350.0,-340.0,-326.0,-301.5,-285.8999938964844,-277.9000244140625,-267.9599914550781
8480,-321.5799865722656,0.0,0.0,0.4461859166622162,-321.5799865722656,-326.0,25.23377799987793,-372.0,-354.1499938964844,-350.0,-340.0,-326.0,-301.5,-285.8999938964844,-277.9000244140625,-267.9599914550781
8490,-321.5799865722656,0.0,0.0,0.44045332074165344,-321.5799865722656,-326.0,25.23377799987793,-372.0,-354.1499938964844,-350.0,-340.0,-326.0,-301.5,-285.8999938964844,-277.9000244140625,-267.9599914550781
8500,-321.5799865722656,0.0,0.0,0.44226470589637756,-321.5799865722656,-326.0,25.23377799987793,-372.0,-354.1499938964844,-350.0,-340.0,-326.0,-301.5,-285.8999938964844,-277.9000244140625,-267.9599914550781
8510,-321.5799865722656,0.0,0.0,0.4464629590511322,-321.5799865722656,-326.0,25.23377799987793,-372.0,-354.1499938964844,-350.0,-340.0,-326.0,-301.5,-285.8999938964844,-277.9000244140625,-267.9599914550781
8520,-321.5799865722656,0.0,0.0,0.4388140141963959,-321.5799865722656,-326.0,25.23377799987793,-372.0,-354.1499938964844,-350.0,-340.0,-326.0,-301.5,-285.8999938964844,-277.9000244140625,-267.9599914550781
8530,-321.5799865722656,0.0,0.0,0.4390130639076233,-321.5799865722656,-326.0,25.23377799987793,-372.0,-354.1499938964844,-350.0,-340.0,-326.0,-301.5,-285.8999938964844,-277.9000244140625,-267.9599914550781
8540,-321.5799865722656,0.0,0.0,0.4359639883041382,-321.5799865722656,-326.0,25.23377799987793,-372.0,-354.1499938964844,-350.0,-340.0,-326.0,-301.5,-285.8999938964844,-277.9000244140625,-267.9599914550781
8550,-321.5799865722656,0.0,0.0,0.4377841055393219,-321.5799865722656,-326.0,25.23377799987793,-372.0,-354.1499938964844,-350.0,-340.0,-326.0,-301.5,-285.8999938964844,-277.9000244140625,-267.9599914550781
8560,-321.5799865722656,0.0,0.0,0.42902934551239014,-321.5799865722656,-326.0,25.23377799987793,-372.0,-354.1499938964844,-350.0,-340.0,-326.0,-301.5,-285.8999938964844,-277.9000244140625,-267.9599914550781
8570,-321.5799865722656,0.0,0.0,0.4302683174610138,-321.5799865722656,-326.0,25.23377799987793,-372.0,-354.1499938964844,-350.0,-340.0,-326.0,-301.5,-285.8999938964844,-277.9000244140625,-267.9599914550781
8580,-321.5799865722656,0.0,0.0,0.4197388291358948,-321.5799865722656,-326.0,25.23377799987793,-372.0,-354.1499938964844,-350.0,-340.0,-326.0,-301.5,-285.8999938964844,-277.9000244140625,-267.9599914550781
8590,-321.5799865722656,0.0,0.0,0.4197782278060913,-321.5799865722656,-326.0,25.23377799987793,-372.0,-354.1499938964844,-350.0,-340.0,-326.0,-301.5,-285.8999938964844,-277.9000244140625,-267.9599914550781
8600,-321.5799865722656,0.0,0.0,0.4123000204563141,-321.5799865722656,-326.0,25.23377799987793,-372.0,-354.1499938964844,-350.0,-340.0,-326.0,-301.5,-285.8999938964844,-277.9000244140625,-267.9599914550781
8610,-321.5799865722656,0.0,0.0,0.4120712876319885,-321.5799865722656,-326.0,25.23377799987793,-372.0,-354.1499938964844,-350.0,-340.0,-326.0,-301.5,-285.8999938964844,-277.9000244140625,-267.9599914550781
8620,-321.5799865722656,0.0,0.0,0.41124796867370605,-321.5799865722656,-326.0,25.23377799987793,-372.0,-354.1499938964844,-350.0,-340.0,-326.0,-301.5,-285.8999938964844,-277.9000244140625,-267.9599914550781
8630,-321.5799865722656,0.0,0.0,0.4117159843444824,-321.5799865722656,-326.0,25.23377799987793,-372.0,-354.1499938964844,-350.0,-340.0,-326.0,-301.5,-285.8999938964844,-277.9000244140625,-267.9599914550781
8640,-321.5799865722656,0.0,0.0,0.4139687120914459,-321.5799865722656,-326.0,25.23377799987793,-372.0,-354.1499938964844,-350.0,-340.0,-326.0,-301.5,-285.8999938964844,-277.9000244140625,-267.9599914550781
8650,-321.5799865722656,0.0,0.0,0.4126679003238678,-321.5799865722656,-326.0,25.23377799987793,-372.0,-354.1499938964844,-350.0,-340.0,-326.0,-301.5,-285.8999938964844,-277.9000244140625,-267.9599914550781
8660,-321.5799865722656,0.0,0.0,0.41354116797447205,-321.5799865722656,-326.0,25.23377799987793,-372.0,-354.1499938964844,-350.0,-340.0,-326.0,-301.5,-285.8999938964844,-277.9000244140625,-267.9599914550781
8670,-321.5799865722656,0.0,0.0,0.4133242070674896,-321.5799865722656,-326.0,25.23377799987793,-372.0,-354.1499938964844,-350.0,-340.0,-326.0,-301.5,-285.8999938964844,-277.9000244140625,-267.9599914550781
8680,-321.5799865722656,0.0,0.0,0.4100194573402405,-321.5799865722656,-326.0,25.23377799987793,-372.0,-354.1499938964844,-350.0,-340.0,-326.0,-301.5,-285.8999938964844,-277.9000244140625,-267.9599914550781
8690,-321.5799865722656,0.0,0.0,0.411487340927124,-321.5799865722656,-326.0,25.23377799987793,-372.0,-354.1499938964844,-350.0,-340.0,-326.0,-301.5,-285.8999938964844,-277.9000244140625,-267.9599914550781
8700,-321.5799865722656,0.0,0.0,0.41222667694091797,-321.5799865722656,-326.0,25.23377799987793,-372.0,-354.1499938964844,-350.0,-340.0,-326.0,-301.5,-285.8999938964844,-277.9000244140625,-267.9599914550781
8710,-321.5799865722656,0.0,0.0,0.41285720467567444,-321.5799865722656,-326.0,25.23377799987793,-372.0,-354.1499938964844,-350.0,-340.0,-326.0,-301.5,-285.8999938964844,-277.9000244140625,-267.9599914550781
8720,-321.5799865722656,0.0,0.0,0.4129455089569092,-321.5799865722656,-326.0,25.23377799987793,-372.0,-354.1499938964844,-350.0,-340.0,-326.0,-301.5,-285.8999938964844,-277.9000244140625,-267.9599914550781
8730,-321.5799865722656,0.0,0.0,0.40539106726646423,-321.5799865722656,-326.0,25.23377799987793,-372.0,-354.1499938964844,-350.0,-340.0,-326.0,-301.5,-285.8999938964844,-277.9000244140625,-267.9599914550781
8740,-321.5799865722656,0.0,0.0,0.4135957956314087,-321.5799865722656,-326.0,25.23377799987793,-372.0,-354.1499938964844,-350.0,-340.0,-326.0,-301.5,-285.8999938964844,-277.9000244140625,-267.9599914550781
8750,-321.5799865722656,0.0,0.0,0.4124716520309448,-321.5799865722656,-326.0,25.23377799987793,-372.0,-354.1499938964844,-350.0,-340.0,-326.0,-301.5,-285.8999938964844,-277.9000244140625,-267.9599914550781
8760,-321.5799865722656,0.0,0.0,0.4113808274269104,-321.5799865722656,-326.0,25.23377799987793,-372.0,-354.1499938964844,-350.0,-340.0,-326.0,-301.5,-285.8999938964844,-277.9000244140625,-267.9599914550781
8770,-321.5799865722656,0.0,0.0,0.4083433449268341,-321.5799865722656,-326.0,25.23377799987793,-372.0,-354.1499938964844,-350.0,-340.0,-326.0,-301.5,-285.8999938964844,-277.9000244140625,-267.9599914550781
8780,-321.5799865722656,0.0,0.0,0.4100017547607422,-321.5799865722656,-326.0,25.23377799987793,-372.0,-354.1499938964844,-350.0,-340.0,-326.0,-301.5,-285.8999938964844,-277.9000244140625,-267.9599914550781
8790,-321.5799865722656,0.0,0.0,0.4139801561832428,-321.5799865722656,-326.0,25.23377799987793,-372.0,-354.1499938964844,-350.0,-340.0,-326.0,-301.5,-285.8999938964844,-277.9000244140625,-267.9599914550781
8800,-321.5799865722656,0.0,0.0,0.4113873243331909,-321.5799865722656,-326.0,25.23377799987793,-372.0,-354.1499938964844,-350.0,-340.0,-326.0,-301.5,-285.8999938964844,-277.9000244140625,-267.9599914550781
8810,-321.5799865722656,0.0,0.0,0.415633887052536,-321.5799865722656,-326.0,25.23377799987793,-372.0,-354.1499938964844,-350.0,-340.0,-326.0,-301.5,-285.8999938964844,-277.9000244140625,-267.9599914550781
8820,-321.5799865722656,0.0,0.0,0.4127263128757477,-321.5799865722656,-326.0,25.23377799987793,-372.0,-354.1499938964844,-350.0,-340.0,-326.0,-301.5,-285.8999938964844,-277.9000244140625,-267.9599914550781
8830,-321.5799865722656,0.0,0.0,0.40600380301475525,-321.5799865722656,-326.0,25.23377799987793,-372.0,-354.1499938964844,-350.0,-340.0,-326.0,-301.5,-285.8999938964844,-277.9000244140625,-267.9599914550781
8840,-321.5799865722656,0.0,0.0,0.4055768847465515,-321.5799865722656,-326.0,25.23377799987793,-372.0,-354.1499938964844,-350.0,-340.0,-326.0,-301.5,-285.8999938964844,-277.9000244140625,-267.9599914550781
8850,-321.5799865722656,0.0,0.0,0.4075784981250763,-321.5799865722656,-326.0,25.23377799987793,-372.0,-354.1499938964844,-350.0,-340.0,-326.0,-301.5,-285.8999938964844,-277.9000244140625,-267.9599914550781
8860,-321.5799865722656,0.0,0.0,0.40204641222953796,-321.5799865722656,-326.0,25.23377799987793,-372.0,-354.1499938964844,-350.0,-340.0,-326.0,-301.5,-285.8999938964844,-277.9000244140625,-267.9599914550781
8870,-321.5799865722656,0.0,0.0,0.39850813150405884,-321.5799865722656,-326.0,25.23377799987793,-372.0,-354.1499938964844,-350.0,-340.0,-326.0,-301.5,-285.8999938964844,-277.9000244140625,-267.9599914550781
8880,-321.5799865722656,0.0,0.0,0.39834120869636536,-321.5799865722656,-326.0,25.23377799987793,-372.0,-354.1499938964844,-350.0,-340.0,-326.0,-301.5,-285.8999938964844,-277.9000244140625,-267.9599914550781
8890,-321.6000061035156,0.0,0.0,0.400947630405426,-321.6000061035156,-326.0,25.20793342590332,-372.0,-354.1499938964844,-350.0,-340.0,-326.0,-301.5,-285.8999938964844,-277.9000244140625,-267.9599914550781
8900,-321.6000061035156,0.0,0.0,0.4161490499973297,-321.6000061035156,-326.0,25.20793342590332,-372.0,-354.1499938964844,-350.0,-340.0,-326.0,-301.5,-285.8999938964844,-277.9000244140625,-267.9599914550781
8910,-321.6000061035156,0.0,0.0,0.4149569571018219,-321.6000061035156,-326.0,25.20793342590332,-372.0,-354.1499938964844,-350.0,-340.0,-326.0,-301.5,-285.8999938964844,-277.9000244140625,-267.9599914550781
8920,-321.6000061035156,0.0,0.0,0.41253387928009033,-321.6000061035156,-326.0,25.20793342590332,-372.0,-354.1499938964844,-350.0,-340.0,-326.0,-301.5,-285.8999938964844,-277.9000244140625,-267.9599914550781
8930,-321.6000061035156,0.0,0.0,0.40827804803848267,-321.6000061035156,-326.0,25.20793342590332,-372.0,-354.1499938964844,-350.0,-340.0,-326.0,-301.5,-285.8999938964844,-277.9000244140625,-267.9599914550781
8940,-321.6000061035156,0.0,0.0,0.41275736689567566,-321.6000061035156,-326.0,25.20793342590332,-372.0,-354.1499938964844,-350.0,-340.0,-326.0,-301.5,-285.8999938964844,-277.9000244140625,-267.9599914550781
8950,-321.6000061035156,0.0,0.0,0.40977001190185547,-321.6000061035156,-326.0,25.20793342590332,-372.0,-354.1499938964844,-350.0,-340.0,-326.0,-301.5,-285.8999938964844,-277.9000244140625,-267.9599914550781
8960,-321.6000061035156,0.0,0.0,0.40619245171546936,-321.6000061035156,-326.0,25.20793342590332,-372.0,-354.1499938964844,-350.0,-340.0,-326.0,-301.5,-285.8999938964844,-277.9000244140625,-267.9599914550781
8970,-321.6000061035156,0.0,0.0,0.41160109639167786,-321.6000061035156,-326.0,25.20793342590332,-372.0,-354.1499938964844,-350.0,-340.0,-326.0,-301.5,-285.8999938964844,-277.9000244140625,-267.9599914550781
8980,-321.6000061035156,0.0,0.0,0.40369829535484314,-321.6000061035156,-326.0,25.20793342590332,-372.0,-354.1499938964844,-350.0,-340.0,-326.0,-301.5,-285.8999938964844,-277.9000244140625,-267.9599914550781
8990,-321.6000061035156,0.0,0.0,0.40158769488334656,-321.6000061035156,-326.0,25.20793342590332,-372.0,-354.1499938964844,-350.0,-340.0,-326.0,-301.5,-285.8999938964844,-277.9000244140625,-267.9599914550781
9000,-321.6000061035156,0.0,0.0,0.39705756306648254,-321.6000061035156,-326.0,25.20793342590332,-372.0,-354.1499938964844,-350.0,-340.0,-326.0,-301.5,-285.8999938964844,-277.9000244140625,-267.9599914550781
9010,-321.6000061035156,0.0,0.0,0.392487108707428,-321.6000061035156,-326.0,25.20793342590332,-372.0,-354.1499938964844,-350.0,-340.0,-326.0,-301.5,-285.8999938964844,-277.9000244140625,-267.9599914550781
9020,-321.6000061035156,0.0,0.0,0.3936063349246979,-321.6000061035156,-326.0,25.20793342590332,-372.0,-354.1499938964844,-350.0,-340.0,-326.0,-301.5,-285.8999938964844,-277.9000244140625,-267.9599914550781
9030,-321.6000061035156,0.0,0.0,0.3989885151386261,-321.6000061035156,-326.0,25.20793342590332,-372.0,-354.1499938964844,-350.0,-340.0,-326.0,-301.5,-285.8999938964844,-277.9000244140625,-267.9599914550781
9040,-321.6000061035156,0.0,0.0,0.39747145771980286,-321.6000061035156,-326.0,25.20793342590332,-372.0,-354.1499938964844,-350.0,-340.0,-326.0,-301.5,-285.8999938964844,-277.9000244140625,-267.9599914550781
9050,-321.6000061035156,0.0,0.0,0.39704829454421997,-321.6000061035156,-326.0,25.20793342590332,-372.0,-354.1499938964844,-350.0,-340.0,-326.0,-301.5,-285.8999938964844,-277.9000244140625,-267.9599914550781
9060,-321.6000061035156,0.0,0.0,0.392578125,-321.6000061035156,-326.0,25.20793342590332,-372.0,-354.1499938964844,-350.0,-340.0,-326.0,-301.5,-285.8999938964844,-277.9000244140625,-267.9599914550781
9070,-321.6000061035156,0.0,0.0,0.39067161083221436,-321.6000061035156,-326.0,25.20793342590332,-372.0,-354.1499938964844,-350.0,-340.0,-326.0,-301.5,-285.8999938964844,-277.9000244140625,-267.9599914550781
9080,-321.6000061035156,0.0,0.0,0.39067962765693665,-321.6000061035156,-326.0,25.20793342590332,-372.0,-354.1499938964844,-350.0,-340.0,-326.0,-301.5,-285.8999938964844,-277.9000244140625,-267.9599914550781
9090,-321.6600036621094,0.0,0.0,0.38986700773239136,-321.6600036621094,-326.0,25.13969612121582,-372.0,-354.1499938964844,-350.0,-340.0,-326.0,-301.5,-285.8999938964844,-277.9000244140625,-267.9599914550781
9100,-321.6600036621094,0.0,0.0,0.39358001947402954,-321.6600036621094,-326.0,25.13969612121582,-372.0,-354.1499938964844,-350.0,-340.0,-326.0,-301.5,-285.8999938964844,-277.9000244140625,-267.9599914550781
9110,-321.6600036621094,0.0,0.0,0.3981131613254547,-321.6600036621094,-326.0,25.13969612121582,-372.0,-354.1499938964844,-350.0,-340.0,-326.0,-301.5,-285.8999938964844,-277.9000244140625,-267.9599914550781
9120,-321.6600036621094,0.0,0.0,0.3979472219944,-321.6600036621094,-326.0,25.13969612121582,-372.0,-354.1499938964844,-350.0,-340.0,-326.0,-301.5,-285.8999938964844,-277.9000244140625,-267.9599914550781
9130,-321.6600036621094,0.0,0.0,0.3921850919723511,-321.6600036621094,-326.0,25.13969612121582,-372.0,-354.1499938964844,-350.0,-340.0,-326.0,-301.5,-285.8999938964844,-277.9000244140625,-267.9599914550781
9140,-321.6600036621094,0.0,0.0,0.39038679003715515,-321.6600036621094,-326.0,25.13969612121582,-372.0,-354.1499938964844,-350.0,-340.0,-326.0,-301.5,-285.8999938964844,-277.9000244140625,-267.9599914550781
9150,-321.6600036621094,0.0,0.0,0.3891437351703644,-321.6600036621094,-326.0,25.13969612121582,-372.0,-354.1499938964844,-350.0,-340.0,-326.0,-301.5,-285.8999938964844,-277.9000244140625,-267.9599914550781
9160,-321.6600036621094,0.0,0.0,0.3897622525691986,-321.6600036621094,-326.0,25.13969612121582,-372.0,-354.1499938964844,-350.0,-340.0,-326.0,-301.5,-285.8999938964844,-277.9000244140625,-267.9599914550781
9170,-321.6600036621094,0.0,0.0,0.3881183862686157,-321.6600036621094,-326.0,25.13969612121582,-372.0,-354.1499938964844,-350.0,-340.0,-326.0,-301.5,-285.8999938964844,-277.9000244140625,-267.9599914550781
9180,-321.6600036621094,0.0,0.0,0.38594484329223633,-321.6600036621094,-326.0,25.13969612121582,-372.0,-354.1499938964844,-350.0,-340.0,-326.0,-301.5,-285.8999938964844,-277.9000244140625,-267.9599914550781
9190,-321.6600036621094,0.0,0.0,0.381582111120224,-321.6600036621094,-326.0,25.13969612121582,-372.0,-354.1499938964844,-350.0,-340.0,-326.0,-301.5,-285.8999938964844,-277.9000244140625,-267.9599914550781
9200,-321.6600036621094,0.0,0.0,0.38764435052871704,-321.6600036621094,-326.0,25.13969612121582,-372.0,-354.1499938964844,-350.0,-340.0,-326.0,-301.5,-285.8999938964844,-277.9000244140625,-267.9599914550781
9210,-321.6600036621094,0.0,0.0,0.3870704472064972,-321.6600036621094,-326.0,25.13969612121582,-372.0,-354.1499938964844,-350.0,-340.0,-326.0,-301.5,-285.8999938964844,-277.9000244140625,-267.9599914550781
9220,-321.6600036621094,0.0,0.0,0.3893926441669464,-321.6600036621094,-326.0,25.13969612121582,-372.0,-354.1499938964844,-350.0,-340.0,-326.0,-301.5,-285.8999938964844,-277.9000244140625,-267.9599914550781
9230,-321.6600036621094,0.0,0.0,0.3900710940361023,-321.6600036621094,-326.0,25.13969612121582,-372.0,-354.1499938964844,-350.0,-340.0,-326.0,-301.5,-285.8999938964844,-277.9000244140625,-267.9599914550781
9240,-321.6600036621094,0.0,0.0,0.3792024254798889,-321.6600036621094,-326.0,25.13969612121582,-372.0,-354.1499938964844,-350.0,-340.0,-326.0,-301.5,-285.8999938964844,-277.9000244140625,-267.9599914550781
9250,-321.6600036621094,0.0,0.0,0.374234676361084,-321.6600036621094,-326.0,25.13969612121582,-372.0,-354.1499938964844,-350.0,-340.0,-326.0,-301.5,-285.8999938964844,-277.9000244140625,-267.9599914550781
9260,-321.6600036621094,0.0,0.0,0.3666270673274994,-321.6600036621094,-326.0,25.13969612121582,-372.0,-354.1499938964844,-350.0,-340.0,-326.0,-301.5,-285.8999938964844,-277.9000244140625,-267.9599914550781
9270,-321.6600036621094,0.0,0.0,0.3646896779537201,-321.6600036621094,-326.0,25.13969612121582,-372.0,-354.1499938964844,-350.0,-340.0,-326.0,-301.5,-285.8999938964844,-277.9000244140625,-267.9599914550781
9280,-321.6600036621094,0.0,0.0,0.36595389246940613,-321.6600036621094,-326.0,25.13969612121582,-372.0,-354.1499938964844,-350.0,-340.0,-326.0,-301.5,-285.8999938964844,-277.9000244140625,-267.9599914550781
9290,-321.6600036621094,0.0,0.0,0.36913561820983887,-321.6600036621094,-326.0,25.13969612121582,-372.0,-354.1499938964844,-350.0,-340.0,-326.0,-301.5,-285.8999938964844,-277.9000244140625,-267.9599914550781
9300,-321.6600036621094,0.0,0.0,0.36784854531288147,-321.6600036621094,-326.0,25.13969612121582,-372.0,-354.1499938964844,-350.0,-340.0,-326.0,-301.5,-285.8999938964844,-277.9000244140625,-267.9599914550781
9310,-321.6600036621094,0.0,0.0,0.36657872796058655,-321.6600036621094,-326.0,25.13969612121582,-372.0,-354.1499938964844,-350.0,-340.0,-326.0,-301.5,-285.8999938964844,-277.9000244140625,-267.9599914550781
9320,-321.6600036621094,0.0,0.0,0.36535078287124634,-321.6600036621094,-326.0,25.13969612121582,-372.0,-354.1499938964844,-350.0,-340.0,-326.0,-301.5,-285.8999938964844,-277.9000244140625,-267.9599914550781
9330,-321.6600036621094,0.0,0.0,0.36668699979782104,-321.6600036621094,-326.0,25.13969612121582,-372.0,-354.1499938964844,-350.0,-340.0,-326.0,-301.5,-285.8999938964844,-277.9000244140625,-267.9599914550781
9340,-321.6600036621094,0.0,0.0,0.36857596039772034,-321.6600036621094,-326.0,25.13969612121582,-372.0,-354.1499938964844,-350.0,-340.0,-326.0,-301.5,-285.8999938964844,-277.9000244140625,-267.9599914550781
9350,-321.6600036621094,0.0,0.0,0.37129178643226624,-321.6600036621094,-326.0,25.13969612121582,-372.0,-354.1499938964844,-350.0,-340.0,-326.0,-301.5,-285.8999938964844,-277.9000244140625,-267.9599914550781
9360,-321.6600036621094,0.0,0.0,0.3751611113548279,-321.6600036621094,-326.0,25.13969612121582,-372.0,-354.1499938964844,-350.0,-340.0,-326.0,-301.5,-285.8999938964844,-277.9000244140625,-267.9599914550781
9370,-321.6600036621094,0.0,0.0,0.3759588301181793,-321.6600036621094,-326.0,25.13969612121582,-372.0,-354.1499938964844,-350.0,-340.0,-326.0,-301.5,-285.8999938964844,-277.9000244140625,-267.9599914550781
9380,-321.6600036621094,0.0,0.0,0.377967894077301,-321.6600036621094,-326.0,25.13969612121582,-372.0,-354.1499938964844,-350.0,-340.0,-326.0,-301.5,-285.8999938964844,-277.9000244140625,-267.9599914550781
9390,-321.6600036621094,0.0,0.0,0.38148197531700134,-321.6600036621094,-326.0,25.13969612121582,-372.0,-354.1499938964844,-350.0,-340.0,-326.0,-301.5,-285.8999938964844,-277.9000244140625,-267.9599914550781
9400,-321.6600036621094,0.0,0.0,0.39097410440444946,-321.6600036621094,-326.0,25.13969612121582,-372.0,-354.1499938964844,-350.0,-340.0,-326.0,-301.5,-285.8999938964844,-277.9000244140625,-267.9599914550781
9410,-321.6600036621094,0.0,0.0,0.39614439010620117,-321.6600036621094,-326.0,25.13969612121582,-372.0,-354.1499938964844,-350.0,-340.0,-326.0,-301.5,-285.8999938964844,-277.9000244140625,-267.9599914550781
9420,-321.6600036621094,0.0,0.0,0.39579343795776367,-321.6600036621094,-326.0,25.13969612121582,-372.0,-354.1499938964844,-350.0,-340.0,-326.0,-301.5,-285.8999938964844,-277.9000244140625,-267.9599914550781
9430,-321.6600036621094,0.0,0.0,0.4002610743045807,-321.6600036621094,-326.0,25.13969612121582,-372.0,-354.1499938964844,-350.0,-340.0,-326.0,-301.5,-285.8999938964844,-277.9000244140625,-267.9599914550781
9440,-321.6600036621094,0.0,0.0,0.4025019705295563,-321.6600036621094,-326.0,25.13969612121582,-372.0,-354.1499938964844,-350.0,-340.0,-326.0,-301.5,-285.8999938964844,-277.9000244140625,-267.9599914550781
9450,-321.6600036621094,0.0,0.0,0.39763137698173523,-321.6600036621094,-326.0,25.13969612121582,-372.0,-354.1499938964844,-350.0,-340.0,-326.0,-301.5,-285.8999938964844,-277.9000244140625,-267.9599914550781
9460,-321.6600036621094,0.0,0.0,0.40034255385398865,-321.6600036621094,-326.0,25.13969612121582,-372.0,-354.1499938964844,-350.0,-340.0,-326.0,-301.5,-285.8999938964844,-277.9000244140625,-267.9599914550781
9470,-321.6600036621094,0.0,0.0,0.39737045764923096,-321.6600036621094,-326.0,25.13969612121582,-372.0,-354.1499938964844,-350.0,-340.0,-326.0,-301.5,-285.8999938964844,-277.9000244140625,-267.9599914550781
9480,-321.6600036621094,0.0,0.0,0.39015913009643555,-321.6600036621094,-326.0,25.13969612121582,-372.0,-354.1499938964844,-350.0,-340.0,-326.0,-301.5,-285.8999938964844,-277.9000244140625,-267.9599914550781
9490,-321.6600036621094,0.0,0.0,0.3871999979019165,-321.6600036621094,-326.0,25.13969612121582,-372.0,-354.1499938964844,-350.0,-340.0,-326.0,-301.5,-285.8999938964844,-277.9000244140625,-267.9599914550781
9500,-321.6600036621094,0.0,0.0,0.3901769816875458,-321.6600036621094,-326.0,25.13969612121582,-372.0,-354.1499938964844,-350.0,-340.0,-326.0,-301.5,-285.8999938964844,-277.9000244140625,-267.9599914550781
9510,-321.67999267578125,0.0,0.0,0.3924053907394409,-321.67999267578125,-326.0,25.12006378173828,-372.0,-354.1499938964844,-350.0,-340.0,-326.0,-301.5,-285.8999938964844,-277.9000244140625,-267.9599914550781
9520,-321.67999267578125,0.0,0.0,0.39441293478012085,-321.67999267578125,-326.0,25.12006378173828,-372.0,-354.1499938964844,-350.0,-340.0,-326.0,-301.5,-285.8999938964844,-277.9000244140625,-267.9599914550781
9530,-321.67999267578125,0.0,0.0,0.39013540744781494,-321.67999267578125,-326.0,25.12006378173828,-372.0,-354.1499938964844,-350.0,-340.0,-326.0,-301.5,-285.8999938964844,-277.9000244140625,-267.9599914550781
9540,-321.67999267578125,0.0,0.0,0.38587868213653564,-321.67999267578125,-326.0,25.12006378173828,-372.0,-354.1499938964844,-350.0,-340.0,-326.0,-301.5,-285.8999938964844,-277.9000244140625,-267.9599914550781
9550,-321.67999267578125,0.0,0.0,0.3870754837989807,-321.67999267578125,-326.0,25.12006378173828,-372.0,-354.1499938964844,-350.0,-340.0,-326.0,-301.5,-285.8999938964844,-277.9000244140625,-267.9599914550781
9560,-321.67999267578125,0.0,0.0,0.3803062438964844,-321.67999267578125,-326.0,25.12006378173828,-372.0,-354.1499938964844,-350.0,-340.0,-326.0,-301.5,-285.8999938964844,-277.9000244140625,-267.9599914550781
9570,-321.67999267578125,0.0,0.0,0.38186439871788025,-321.67999267578125,-326.0,25.12006378173828,-372.0,-354.1499938964844,-350.0,-340.0,-326.0,-301.5,-285.8999938964844,-277.9000244140625,-267.9599914550781
9580,-321.67999267578125,0.0,0.0,0.3894224166870117,-321.67999267578125,-326.0,25.12006378173828,-372.0,-354.1499938964844,-350.0,-340.0,-326.0,-301.5,-285.8999938964844,-277.9000244140625,-267.9599914550781
9590,-321.67999267578125,0.0,0.0,0.38799089193344116,-321.67999267578125,-326.0,25.12006378173828,-372.0,-354.1499938964844,-350.0,-340.0,-326.0,-301.5,-285.8999938964844,-277.9000244140625,-267.9599914550781
9600,-321.67999267578125,0.0,0.0,0.3773673474788666,-321.67999267578125,-326.0,25.12006378173828,-372.0,-354.1499938964844,-350.0,-340.0,-326.0,-301.5,-285.8999938964844,-277.9000244140625,-267.9599914550781
9610,-321.67999267578125,0.0,0.0,0.37267807126045227,-321.67999267578125,-326.0,25.12006378173828,-372.0,-354.1499938964844,-350.0,-340.0,-326.0,-301.5,-285.8999938964844,-277.9000244140625,-267.9599914550781
9620,-321.67999267578125,0.0,0.0,0.3762836754322052,-321.67999267578125,-326.0,25.12006378173828,-372.0,-354.1499938964844,-350.0,-340.0,-326.0,-301.5,-285.8999938964844,-277.9000244140625,-267.9599914550781
9630,-321.67999267578125,0.0,0.0,0.3735027611255646,-321.67999267578125,-326.0,25.12006378173828,-372.0,-354.1499938964844,-350.0,-340.0,-326.0,-301.5,-285.8999938964844,-277.9000244140625,-267.9599914550781
9640,-321.67999267578125,0.0,0.0,0.3528652787208557,-321.67999267578125,-326.0,25.12006378173828,-372.0,-354.1499938964844,-350.0,-340.0,-326.0,-301.5,-285.8999938964844,-277.9000244140625,-267.9599914550781
9650,-321.67999267578125,0.0,0.0,0.355244517326355,-321.67999267578125,-326.0,25.12006378173828,-372.0,-354.1499938964844,-350.0,-340.0,-326.0,-301.5,-285.8999938964844,-277.9000244140625,-267.9599914550781
9660,-321.67999267578125,0.0,0.0,0.36151590943336487,-321.67999267578125,-326.0,25.12006378173828,-372.0,-354.1499938964844,-350.0,-340.0,-326.0,-301.5,-285.8999938964844,-277.9000244140625,-267.9599914550781
9670,-321.67999267578125,0.0,0.0,0.3601803183555603,-321.67999267578125,-326.0,25.12006378173828,-372.0,-354.1499938964844,-350.0,-340.0,-326.0,-301.5,-285.8999938964844,-277.9000244140625,-267.9599914550781
9680,-321.67999267578125,0.0,0.0,0.3611401617527008,-321.67999267578125,-326.0,25.12006378173828,-372.0,-354.1499938964844,-350.0,-340.0,-326.0,-301.5,-285.8999938964844,-277.9000244140625,-267.9599914550781
9690,-321.67999267578125,0.0,0.0,0.3426497280597687,-321.67999267578125,-326.0,25.12006378173828,-372.0,-354.1499938964844,-350.0,-340.0,-326.0,-301.5,-285.8999938964844,-277.9000244140625,-267.9599914550781
9700,-321.67999267578125,0.0,0.0,0.3471793532371521,-321.67999267578125,-326.0,25.12006378173828,-372.0,-354.1499938964844,-350.0,-340.0,-326.0,-301.5,-285.8999938964844,-277.9000244140625,-267.9599914550781
9710,-321.67999267578125,0.0,0.0,0.34538161754608154,-321.67999267578125,-326.0,25.12006378173828,-372.0,-354.1499938964844,-350.0,-340.0,-326.0,-301.5,-285.8999938964844,-277.9000244140625,-267.9599914550781
9720,-321.67999267578125,0.0,0.0,0.3531445264816284,-321.67999267578125,-326.0,25.12006378173828,-372.0,-354.1499938964844,-350.0,-340.0,-326.0,-301.5,-285.8999938964844,-277.9000244140625,-267.9599914550781
9730,-321.67999267578125,0.0,0.0,0.3236863613128662,-321.67999267578125,-326.0,25.12006378173828,-372.0,-354.1499938964844,-350.0,-340.0,-326.0,-301.5,-285.8999938964844,-277.9000244140625,-267.9599914550781
9740,-321.67999267578125,0.0,0.0,0.31343263387680054,-321.67999267578125,-326.0,25.12006378173828,-372.0,-354.1499938964844,-350.0,-340.0,-326.0,-301.5,-285.8999938964844,-277.9000244140625,-267.9599914550781
9750,-321.67999267578125,0.0,0.0,0.32535120844841003,-321.67999267578125,-326.0,25.12006378173828,-372.0,-354.1499938964844,-350.0,-340.0,-326.0,-301.5,-285.8999938964844,-277.9000244140625,-267.9599914550781
9760,-321.67999267578125,0.0,0.0,0.3183784484863281,-321.67999267578125,-326.0,25.12006378173828,-372.0,-354.1499938964844,-350.0,-340.0,-326.0,-301.5,-285.8999938964844,-277.9000244140625,-267.9599914550781
9770,-321.67999267578125,0.0,0.0,0.3106527328491211,-321.67999267578125,-326.0,25.12006378173828,-372.0,-354.1499938964844,-350.0,-340.0,-326.0,-301.5,-285.8999938964844,-277.9000244140625,-267.9599914550781
9780,-321.67999267578125,0.0,0.0,0.3129158616065979,-321.67999267578125,-326.0,25.12006378173828,-372.0,-354.1499938964844,-350.0,-340.0,-326.0,-301.5,-285.8999938964844,-277.9000244140625,-267.9599914550781
9790,-321.67999267578125,0.0,0.0,0.3173327147960663,-321.67999267578125,-326.0,25.12006378173828,-372.0,-354.1499938964844,-350.0,-340.0,-326.0,-301.5,-285.8999938964844,-277.9000244140625,-267.9599914550781
9800,-321.67999267578125,0.0,0.0,0.3171098530292511,-321.67999267578125,-326.0,25.12006378173828,-372.0,-354.1499938964844,-350.0,-340.0,-326.0,-301.5,-285.8999938964844,-277.9000244140625,-267.9599914550781
9810,-321.67999267578125,0.0,0.0,0.31918761134147644,-321.67999267578125,-326.0,25.12006378173828,-372.0,-354.1499938964844,-350.0,-340.0,-326.0,-301.5,-285.8999938964844,-277.9000244140625,-267.9599914550781
9820,-321.67999267578125,0.0,0.0,0.322386771440506,-321.67999267578125,-326.0,25.12006378173828,-372.0,-354.1499938964844,-350.0,-340.0,-326.0,-301.5,-285.8999938964844,-277.9000244140625,-267.9599914550781
9830,-321.67999267578125,0.0,0.0,0.3284512162208557,-321.67999267578125,-326.0,25.12006378173828,-372.0,-354.1499938964844,-350.0,-340.0,-326.0,-301.5,-285.8999938964844,-277.9000244140625,-267.9599914550781
9840,-321.67999267578125,0.0,0.0,0.3257441520690918,-321.67999267578125,-326.0,25.12006378173828,-372.0,-354.1499938964844,-350.0,-340.0,-326.0,-301.5,-285.8999938964844,-277.9000244140625,-267.9599914550781
9850,-321.67999267578125,0.0,0.0,0.3242713212966919,-321.67999267578125,-326.0,25.12006378173828,-372.0,-354.1499938964844,-350.0,-340.0,-326.0,-301.5,-285.8999938964844,-277.9000244140625,-267.9599914550781
9860,-321.67999267578125,0.0,0.0,0.3348633646965027,-321.67999267578125,-326.0,25.12006378173828,-372.0,-354.1499938964844,-350.0,-340.0,-326.0,-301.5,-285.8999938964844,-277.9000244140625,-267.9599914550781
9870,-321.67999267578125,0.0,0.0,0.33533328771591187,-321.67999267578125,-326.0,25.12006378173828,-372.0,-354.1499938964844,-350.0,-340.0,-326.0,-301.5,-285.8999938964844,-277.9000244140625,-267.9599914550781
9880,-321.67999267578125,0.0,0.0,0.3389624357223511,-321.67999267578125,-326.0,25.12006378173828,-372.0,-354.1499938964844,-350.0,-340.0,-326.0,-301.5,-285.8999938964844,-277.9000244140625,-267.9599914550781
9890,-321.67999267578125,0.0,0.0,0.33942869305610657,-321.67999267578125,-326.0,25.12006378173828,-372.0,-354.1499938964844,-350.0,-340.0,-326.0,-301.5,-285.8999938964844,-277.9000244140625,-267.9599914550781
9900,-321.67999267578125,0.0,0.0,0.34266287088394165,-321.67999267578125,-326.0,25.12006378173828,-372.0,-354.1499938964844,-350.0,-340.0,-326.0,-301.5,-285.8999938964844,-277.9000244140625,-267.9599914550781
9910,-321.67999267578125,0.0,0.0,0.34320178627967834,-321.67999267578125,-326.0,25.12006378173828,-372.0,-354.1499938964844,-350.0,-340.0,-326.0,-301.5,-285.8999938964844,-277.9000244140625,-267.9599914550781
9920,-321.67999267578125,0.0,0.0,0.33099037408828735,-321.67999267578125,-326.0,25.12006378173828,-372.0,-354.1499938964844,-350.0,-340.0,-326.0,-301.5,-285.8999938964844,-277.9000244140625,-267.9599914550781
9930,-321.67999267578125,0.0,0.0,0.3206579089164734,-321.67999267578125,-326.0,25.12006378173828,-372.0,-354.1499938964844,-350.0,-340.0,-326.0,-301.5,-285.8999938964844,-277.9000244140625,-267.9599914550781
9940,-321.67999267578125,0.0,0.0,0.3115698993206024,-321.67999267578125,-326.0,25.12006378173828,-372.0,-354.1499938964844,-350.0,-340.0,-326.0,-301.5,-285.8999938964844,-277.9000244140625,-267.9599914550781
9950,-321.67999267578125,0.0,0.0,0.28901687264442444,-321.67999267578125,-326.0,25.12006378173828,-372.0,-354.1499938964844,-350.0,-340.0,-326.0,-301.5,-285.8999938964844,-277.9000244140625,-267.9599914550781
9960,-321.67999267578125,0.0,0.0,0.28725704550743103,-321.67999267578125,-326.0,25.12006378173828,-372.0,-354.1499938964844,-350.0,-340.0,-326.0,-301.5,-285.8999938964844,-277.9000244140625,-267.9599914550781
9970,-321.67999267578125,0.0,0.0,0.2809514105319977,-321.67999267578125,-326.0,25.12006378173828,-372.0,-354.1499938964844,-350.0,-340.0,-326.0,-301.5,-285.8999938964844,-277.9000244140625,-267.9599914550781
9980,-321.67999267578125,0.0,0.0,0.28348246216773987,-321.67999267578125,-326.0,25.12006378173828,-372.0,-354.1499938964844,-350.0,-340.0,-326.0,-301.5,-285.8999938964844,-277.9000244140625,-267.9599914550781
9990,-321.67999267578125,0.0,0.0,0.2763364017009735,-321.67999267578125,-326.0,25.12006378173828,-372.0,-354.1499938964844,-350.0,-340.0,-326.0,-301.5,-285.8999938964844,-277.9000244140625,-267.9599914550781
10000,-321.67999267578125,0.0,0.0,0.28305739164352417,-321.67999267578125,-326.0,25.12006378173828,-372.0,-354.1499938964844,-350.0,-340.0,-326.0,-301.5,-285.8999938964844,-277.9000244140625,-267.9599914550781
