step,best_fitness,avg_hamming,avg_l1,avg_entropy,mean,median,std,2%,5%,10%,25%,50%,75%,90%,95%,98%
24,-113.72000122070312,63.78144073486328,5.409433364868164,88.13487243652344,-113.72000122070312,-113.0,30.4033145904541,-175.16000366210938,-170.0500030517578,-159.0,-132.0,-113.0,-92.75,-75.0,-66.80001831054688,-59.93998718261719
48,-132.05999755859375,63.64341354370117,6.443864345550537,87.83788045247395,-132.05999755859375,-129.0,25.600709915161133,-183.05999755859375,-175.0500030517578,-163.59999084472656,-151.25,-129.0,-116.0,-99.70000457763672,-90.90000915527344,-86.97999572753906
72,-138.86000061035156,63.51629638671875,7.2908430099487305,87.56043752034505,-138.86000061035156,-139.0,25.249563217163086,-186.0800018310547,-179.1999969482422,-173.1999969482422,-155.25,-139.0,-122.0,-103.0,-96.90000915527344,-90.93998718261719
96,-146.09999084472656,63.40773010253906,7.884027004241943,87.33241780598958,-146.10000610351562,-144.5,22.231285095214844,-186.0800018310547,-179.1999969482422,-175.10000610351562,-162.25,-144.5,-132.0,-119.9000015258789,-108.70002746582031,-96.91998291015625
120,-149.25999450683594,63.29167938232422,8.439997673034668,87.09372965494792,-149.25999450683594,-146.5,20.37578010559082,-186.0800018310547,-179.1999969482422,-175.10000610351562,-164.5,-146.5,-135.75,-126.80000305175781,-119.95000457763672,-101.0
144,-152.72000122070312,63.18852996826172,8.870515823364258,86.8887710571289,-152.72000122070312,-151.0,19.582685470581055,-190.0399932861328,-183.14999389648438,-179.0,-169.0,-151.0,-137.75,-129.0,-124.0,-119.97999572753906
168,-155.22000122070312,63.07964324951172,9.346063613891602,86.66393025716145,-155.22000122070312,-152.5,19.193531036376953,-192.13999938964844,-186.0,-179.10000610351562,-169.5,-152.5,-139.0,-132.89999389648438,-128.95001220703125,-124.0
192,-157.97999572753906,62.984676361083984,9.72370719909668,86.4694341023763,-157.97999572753906,-155.0,19.707855224609375,-207.05999755859375,-186.1999969482422,-183.0,-172.0,-155.0,-142.75,-135.0,-129.95001220703125,-126.93998718261719
216,-161.36000061035156,62.87293243408203,10.098432540893555,86.25943501790364,-161.36000061035156,-158.5,21.546934127807617,-217.10000610351562,-199.39999389648438,-186.0,-175.25,-158.5,-145.75,-136.89999389648438,-131.95001220703125,-127.97999572753906
240,-164.3000030517578,62.748321533203125,10.463672637939453,86.03270721435547,-164.3000030517578,-161.0,22.28519630432129,-222.0,-207.14999389648438,-190.5,-179.0,-161.0,-147.75,-138.89999389648438,-134.80001831054688,-127.97999572753906
264,-168.4199981689453,62.63468551635742,10.785746574401855,85.8251241048177,-168.4199981689453,-164.5,23.771066665649414,-229.05999755859375,-217.25,-199.0,-181.0,-164.5,-151.0,-140.8000030517578,-136.90000915527344,-129.9399871826172
288,-171.27999877929688,62.530517578125,11.089658737182617,85.62271881103516,-171.27999877929688,-169.0,22.30429458618164,-229.05999755859375,-217.25,-199.1999969482422,-183.0,-169.0,-156.0,-146.89999389648438,-139.0,-137.97999572753906
312,-173.0800018310547,62.42707443237305,11.386375427246094,85.42750549316406,-173.0800018310547,-169.5,22.63434600830078,-229.05999755859375,-222.0,-205.1999969482422,-183.0,-169.5,-157.0,-147.0,-141.95001220703125,-138.0
336,-174.1999969482422,62.311973571777344,11.670992851257324,85.21237182617188,-174.1999969482422,-170.5,22.239604949951172,-229.05999755859375,-222.0,-205.1999969482422,-183.75,-170.5,-157.75,-148.89999389648438,-145.0,-141.91998291015625
360,-175.94000244140625,62.20060348510742,11.92904281616211,85.00907389322917,-175.94000244140625,-172.5,22.077960968017578,-229.05999755859375,-222.0,-207.0,-186.25,-172.5,-158.75,-151.0,-146.95001220703125,-142.97999572753906
384,-176.51998901367188,62.07871627807617,12.19241714477539,84.79080454508464,-176.52000427246094,-173.0,21.486963272094727,-229.05999755859375,-222.0,-207.0,-186.25,-173.0,-159.0,-152.0,-148.90000915527344,-145.97999572753906
408,-177.44000244140625,61.97605514526367,12.441644668579102,84.59885915120442,-177.44000244140625,-175.0,21.20675277709961,-229.05999755859375,-222.0,-207.0,-187.25,-175.0,-159.0,-152.89999389648438,-150.90000915527344,-146.97999572753906
432,-179.4199981689453,61.82969284057617,12.707588195800781,84.34954325358073,-179.4199981689453,-177.0,21.829877853393555,-229.05999755859375,-222.3000030517578,-209.10000610351562,-188.75,-177.0,-163.5,-153.89999389648438,-151.0,-146.97999572753906
456,-181.83999633789062,61.71091842651367,12.965861320495605,84.13116709391277,-181.83999633789062,-179.0,21.85347557067871,-229.05999755859375,-223.25,-214.3000030517578,-192.25,-179.0,-167.75,-154.89999389648438,-151.95001220703125,-150.95999145507812
480,-184.01998901367188,61.59062194824219,13.207430839538574,83.91478220621745,-184.02000427246094,-181.0,21.625900268554688,-229.05999755859375,-228.0500030517578,-217.10000610351562,-199.0,-181.0,-169.0,-156.89999389648438,-153.90000915527344,-151.0
504,-185.22000122070312,61.44561004638672,13.460917472839355,83.67131805419922,-185.22000122070312,-181.0,21.2092342376709,-229.05999755859375,-228.0500030517578,-217.10000610351562,-199.5,-181.0,-170.75,-159.0,-153.95001220703125,-151.97999572753906
528,-186.72000122070312,61.306907653808594,13.694295883178711,83.43459828694661,-186.72000122070312,-183.0,21.18777084350586,-229.05999755859375,-228.0500030517578,-218.39999389648438,-202.25,-183.0,-171.0,-161.0,-154.95001220703125,-151.97999572753906
552,-189.39999389648438,61.137245178222656,13.893023490905762,83.17245992024739,-189.39999389648438,-186.0,20.80000114440918,-229.05999755859375,-228.0500030517578,-222.0,-204.25,-186.0,-175.0,-166.89999389648438,-158.75003051757812,-151.97999572753906
576,-191.63999938964844,60.96903991699219,14.106382369995117,82.9011739095052,-191.63999938964844,-187.5,21.865734100341797,-240.13999938964844,-229.0,-222.10000610351562,-205.0,-187.5,-177.0,-167.89999389648438,-160.6500244140625,-151.97999572753906
600,-193.47999572753906,60.796417236328125,14.334681510925293,82.6229985555013,-193.47999572753906,-190.0,22.86065673828125,-247.13999938964844,-229.14999389648438,-223.39999389648438,-205.5,-190.0,-179.0,-168.89999389648438,-161.95001220703125,-151.97999572753906
624,-194.739990234375,60.61199951171875,14.524158477783203,82.34341939290364,-194.74000549316406,-191.0,22.49294090270996,-247.13999938964844,-232.39999389648438,-227.10000610351562,-205.5,-191.0,-180.75,-170.0,-166.75003051757812,-153.9399871826172
648,-196.22000122070312,60.435699462890625,14.674952507019043,82.08101145426433,-196.22000122070312,-193.0,22.257394790649414,-247.13999938964844,-232.39999389648438,-227.10000610351562,-208.25,-193.0,-181.0,-170.89999389648438,-166.75003051757812,-153.9399871826172
672,-198.67999267578125,60.25376892089844,14.86811637878418,81.79673767089844,-198.67999267578125,-196.5,23.284706115722656,-249.10000610351562,-240.0,-229.0,-213.25,-196.5,-182.75,-170.89999389648438,-166.75003051757812,-153.9399871826172
696,-201.55999755859375,60.08233642578125,15.028167724609375,81.53431701660156,-201.55999755859375,-199.5,23.355649948120117,-254.1999969482422,-240.34999084472656,-229.0,-215.5,-199.5,-186.0,-175.89999389648438,-167.0,-153.9399871826172
720,-204.739990234375,59.9150390625,15.234525680541992,81.25462849934895,-204.74000549316406,-203.0,25.256532669067383,-264.1000061035156,-253.0,-240.0,-220.0,-203.0,-187.0,-175.89999389648438,-169.85000610351562,-153.9399871826172
744,-205.739990234375,59.73981857299805,15.418253898620605,80.97183736165364,-205.74000549316406,-205.0,24.90888214111328,-264.1000061035156,-253.0,-240.0,-220.25,-205.0,-188.0,-178.70001220703125,-169.85000610351562,-162.81996154785156
768,-207.63999938964844,59.54569625854492,15.618650436401367,80.66735331217448,-207.63999938964844,-206.0,24.954967498779297,-264.1000061035156,-253.0500030517578,-240.5,-222.0,-206.0,-190.0,-179.89999389648438,-170.0,-162.81996154785156
792,-209.79998779296875,59.32684326171875,15.783180236816406,80.34539286295573,-209.8000030517578,-208.5,25.9645938873291,-266.05999755859375,-258.04998779296875,-247.1999969482422,-223.5,-208.5,-191.0,-179.89999389648438,-170.0,-164.7799530029297
816,-213.36000061035156,59.11869430541992,15.939539909362793,80.03337860107422,-213.36000061035156,-211.0,26.96721076965332,-269.1600036621094,-259.25,-253.10000610351562,-228.25,-211.0,-192.75,-181.89999389648438,-174.80001831054688,-169.8999786376953
840,-214.97999572753906,58.89364242553711,16.1016845703125,79.69889068603516,-214.97999572753906,-213.5,26.883445739746094,-269.1600036621094,-259.25,-253.10000610351562,-232.0,-213.5,-193.75,-182.89999389648438,-175.0,-169.8999786376953
864,-219.22000122070312,58.67040252685547,16.248519897460938,79.37269846598308,-219.22000122070312,-217.0,26.492860794067383,-277.3399963378906,-264.1000061035156,-254.1999969482422,-234.0,-217.0,-201.75,-188.89999389648438,-182.95001220703125,-175.87997436523438
888,-220.1599884033203,58.4221305847168,16.406782150268555,79.00887552897136,-220.16000366210938,-218.0,26.74274253845215,-277.3399963378906,-266.04998779296875,-256.0,-238.0,-218.0,-201.75,-189.0,-184.85000610351562,-175.87997436523438
912,-222.0,58.189292907714844,16.56915283203125,78.6492691040039,-222.0,-218.5,26.463560104370117,-283.2200012207031,-266.1499938964844,-256.0,-238.25,-218.5,-204.5,-192.8000030517578,-186.75003051757812,-179.79995727539062
936,-225.1199951171875,57.95660400390625,16.723073959350586,78.30604298909505,-225.1199951171875,-221.5,26.97157096862793,-284.20001220703125,-277.04998779296875,-258.0,-240.5,-221.5,-205.0,-195.8000030517578,-189.95001220703125,-187.8399658203125
960,-226.36000061035156,57.705894470214844,16.86440658569336,77.93697865804036,-226.36000061035156,-222.0,27.722742080688477,-284.55999755859375,-277.04998779296875,-258.29998779296875,-243.0,-222.0,-205.75,-197.0,-189.95001220703125,-187.8399658203125
984,-230.39999389648438,57.436866760253906,17.012083053588867,77.54015096028645,-230.39999389648438,-225.0,27.753198623657227,-297.29998779296875,-278.0,-269.3999938964844,-247.0,-225.0,-210.0,-200.0,-193.85000610351562,-189.95999145507812
1008,-234.83999633789062,57.18389129638672,17.185100555419922,77.15469360351562,-234.83999633789062,-230.5,29.642107009887695,-301.55999755859375,-284.20001220703125,-274.29998779296875,-253.0,-230.5,-213.0,-202.0,-198.90000915527344,-189.95999145507812
1032,-237.13999938964844,56.89994812011719,17.308792114257812,76.75057220458984,-237.13999938964844,-232.0,30.054954528808594,-301.82000732421875,-288.29998779296875,-277.1000061035156,-253.0,-232.0,-217.0,-202.89999389648438,-199.95001220703125,-193.91998291015625
1056,-239.09999084472656,56.62397384643555,17.416683197021484,76.36063639322917,-239.10000610351562,-232.5,33.31411361694336,-342.0199890136719,-288.29998779296875,-278.0,-256.0,-232.5,-217.0,-204.8000030517578,-200.95001220703125,-193.91998291015625
1080,-241.36000061035156,56.359458923339844,17.555160522460938,75.96759796142578,-241.36000061035156,-233.0,34.234928131103516,-342.0199890136719,-298.45001220703125,-282.20001220703125,-258.0,-233.0,-217.0,-205.89999389648438,-201.95001220703125,-196.9399871826172
1104,-244.72000122070312,56.08332061767578,17.66815757751465,75.57056935628255,-244.72000122070312,-238.5,35.37345886230469,-342.5,-306.3500061035156,-284.1000061035156,-261.75,-238.5,-218.75,-207.89999389648438,-201.95001220703125,-196.9399871826172
1128,-249.5800018310547,55.82916259765625,17.80703353881836,75.18469746907552,-249.5800018310547,-244.5,36.31561279296875,-342.5,-317.20001220703125,-298.0,-270.0,-244.5,-222.0,-213.0,-202.95001220703125,-199.9399871826172
1152,-251.72000122070312,55.57191467285156,17.959814071655273,74.78782145182292,-251.72000122070312,-249.0,37.82329559326172,-367.3399963378906,-317.20001220703125,-298.3999938964844,-271.5,-249.0,-222.0,-213.0,-202.95001220703125,-199.9399871826172
1176,-254.55999755859375,55.276092529296875,18.06003189086914,74.37003326416016,-254.55999755859375,-249.0,39.48324203491211,-374.20001220703125,-321.79998779296875,-302.0,-273.25,-249.0,-223.0,-213.89999389648438,-202.95001220703125,-199.9399871826172
1200,-258.1600036621094,55.0098991394043,18.152515411376953,73.98450978597005,-258.1600036621094,-250.5,40.492645263671875,-384.0199890136719,-325.6000061035156,-303.5,-277.25,-250.5,-229.0,-214.89999389648438,-207.75003051757812,-201.95999145507812
1224,-262.9599914550781,54.6943473815918,18.217117309570312,73.55325317382812,-262.9599914550781,-255.5,41.123207092285156,-384.0199890136719,-355.1000061035156,-308.5,-282.25,-255.5,-233.0,-217.0,-212.90000915527344,-202.9399871826172
1248,-265.3800048828125,54.407066345214844,18.31885528564453,73.1292241414388,-265.3800048828125,-255.5,41.87523651123047,-385.0400085449219,-355.1000061035156,-317.3999938964844,-287.0,-255.5,-238.25,-219.8000030517578,-216.95001220703125,-202.9399871826172
1272,-269.6199951171875,54.12324142456055,18.420886993408203,72.7112325032552,-269.6199951171875,-264.0,42.412445068359375,-385.0400085449219,-356.1000061035156,-322.29998779296875,-293.75,-264.0,-240.5,-222.0,-217.0,-210.9399871826172
1296,-271.7200012207031,53.84025573730469,18.525413513183594,72.28805796305339,-271.7200012207031,-268.0,42.470245361328125,-385.0400085449219,-356.3999938964844,-325.1000061035156,-296.5,-268.0,-244.0,-222.0,-217.0,-210.9399871826172
1320,-275.5400085449219,53.57508850097656,18.647918701171875,71.86890665690105,-275.5400085449219,-270.0,44.8895149230957,-396.1400146484375,-356.4499816894531,-326.0,-300.25,-270.0,-245.75,-223.0,-217.0,-210.9399871826172
1344,-280.3599853515625,53.27167892456055,18.730850219726562,71.43226369222005,-280.3599853515625,-271.0,46.12190628051758,-396.1400146484375,-368.79998779296875,-339.20001220703125,-305.0,-271.0,-247.0,-229.0,-222.95001220703125,-215.8999786376953
1368,-285.5400085449219,53.00896453857422,18.811689376831055,71.03322092692058,-285.5400085449219,-277.5,46.091087341308594,-402.0199890136719,-369.04998779296875,-341.20001220703125,-315.5,-277.5,-249.75,-232.70001220703125,-223.95001220703125,-215.97999572753906
1392,-289.47998046875,52.723628997802734,18.902936935424805,70.59970601399739,-289.4800109863281,-279.0,46.79711151123047,-403.2200012207031,-389.3500061035156,-344.1999816894531,-319.0,-279.0,-255.0,-238.70001220703125,-226.85000610351562,-221.87997436523438
1416,-294.8999938964844,52.41404342651367,18.968429565429688,70.15185038248698,-294.8999938964844,-283.0,47.05475616455078,-412.0400085449219,-397.25,-355.20001220703125,-325.0,-283.0,-263.0,-241.0,-231.75003051757812,-222.97999572753906
1440,-297.8999938964844,52.121421813964844,19.05036735534668,69.71267191569011,-297.8999938964844,-287.5,46.578857421875,-412.0400085449219,-397.25,-358.0,-326.0,-287.5,-269.0,-248.8000030517578,-231.75003051757812,-222.97999572753906
1464,-300.7200012207031,51.855857849121094,19.14300537109375,69.30039978027344,-300.7200012207031,-292.0,47.1109504699707,-414.3600158691406,-403.29998779296875,-358.0,-326.0,-292.0,-271.0,-248.8000030517578,-231.75003051757812,-222.97999572753906
1488,-303.32000732421875,51.5435905456543,19.220836639404297,68.8408711751302,-303.32000732421875,-298.0,47.68372344970703,-431.20001220703125,-412.1000061035156,-358.0,-326.75,-298.0,-273.0,-249.0,-235.80001831054688,-222.97999572753906
1512,-306.67999267578125,51.242218017578125,19.278345108032227,68.39238739013672,-306.67999267578125,-302.0,46.23783874511719,-431.20001220703125,-412.1000061035156,-358.0,-329.75,-302.0,-278.5,-249.89999389648438,-238.95001220703125,-231.79995727539062
1536,-310.17999267578125,50.9580192565918,19.340038299560547,67.96375783284505,-310.17999267578125,-304.0,47.92502212524414,-431.20001220703125,-412.1000061035156,-369.1000061035156,-332.5,-304.0,-278.5,-249.89999389648438,-239.95001220703125,-235.91998291015625
1560,-313.94000244140625,50.650665283203125,19.414152145385742,67.50046284993489,-313.94000244140625,-306.0,48.792999267578125,-431.20001220703125,-412.1000061035156,-385.0,-337.75,-306.0,-281.75,-249.89999389648438,-241.90000915527344,-235.91998291015625
1584,-317.97998046875,50.354034423828125,19.467864990234375,67.06860097249348,-317.9800109863281,-308.0,50.691612243652344,-433.1600036621094,-415.1499938964844,-403.5,-345.5,-308.0,-282.75,-263.70001220703125,-244.85000610351562,-235.91998291015625
1608,-321.79998779296875,50.0806884765625,19.533437728881836,66.65024312337239,-321.79998779296875,-314.5,49.621368408203125,-441.0400085449219,-415.1499938964844,-403.5,-348.0,-314.5,-284.5,-268.0,-258.9000244140625,-241.91998291015625
1632,-324.82000732421875,49.79732894897461,19.590778350830078,66.22479502360027,-324.82000732421875,-317.0,50.160221099853516,-441.2200012207031,-415.1499938964844,-408.1000061035156,-350.25,-317.0,-287.0,-268.8999938964844,-258.9000244140625,-241.91998291015625
1656,-327.739990234375,49.524391174316406,19.636146545410156,65.81114451090495,-327.739990234375,-320.5,48.766510009765625,-441.2200012207031,-415.1499938964844,-408.1000061035156,-352.0,-320.5,-289.75,-270.79998779296875,-265.9000244140625,-256.94000244140625
1680,-329.7799987792969,49.21821212768555,19.691532135009766,65.35251363118489,-329.7799987792969,-325.5,48.42841720581055,-441.2200012207031,-415.1499938964844,-409.0,-355.0,-325.5,-291.0,-276.0,-266.95001220703125,-256.94000244140625
1704,-333.0199890136719,48.931697845458984,19.705610275268555,64.94032541910808,-333.0199890136719,-326.0,51.089717864990234,-452.1000061035156,-434.04998779296875,-409.1000061035156,-356.0,-326.0,-297.0,-276.8999938964844,-267.9000244140625,-256.94000244140625
1728,-337.8800048828125,48.636505126953125,19.763511657714844,64.49300130208333,-337.8800048828125,-329.5,51.40024948120117,-457.0,-452.0,-412.20001220703125,-364.5,-329.5,-301.0,-280.8999938964844,-271.8000183105469,-256.94000244140625
1752,-341.739990234375,48.345947265625,19.79096794128418,64.05316925048828,-341.739990234375,-331.0,51.840641021728516,-458.05999755859375,-452.0,-414.1000061035156,-371.0,-331.0,-303.75,-288.79998779296875,-272.0,-260.8599853515625
1776,-343.7599792480469,48.059478759765625,19.82195472717285,63.62754821777344,-343.760009765625,-331.5,52.07746505737305,-461.0400085449219,-452.1000061035156,-416.1999816894531,-372.0,-331.5,-304.75,-290.79998779296875,-279.8000183105469,-260.8599853515625
1800,-347.17999267578125,47.778411865234375,19.836566925048828,63.210182189941406,-347.17999267578125,-335.0,51.379058837890625,-461.0400085449219,-452.29998779296875,-427.20001220703125,-375.25,-335.0,-307.25,-291.8999938964844,-281.95001220703125,-261.97998046875
1824,-349.94000244140625,47.46253967285156,19.84667205810547,62.75489807128906,-349.94000244140625,-338.0,52.189239501953125,-463.29998779296875,-460.04998779296875,-429.20001220703125,-378.25,-338.0,-311.75,-292.0,-285.95001220703125,-280.61993408203125
1848,-353.7200012207031,47.16257858276367,19.873180389404297,62.31741841634115,-353.7200012207031,-341.5,51.558135986328125,-478.3800048828125,-460.1499938964844,-429.20001220703125,-380.75,-341.5,-313.75,-296.8999938964844,-290.9000244140625,-284.91998291015625
1872,-356.3199768066406,46.869171142578125,19.91177749633789,61.8659782409668,-356.32000732421875,-346.5,52.99412536621094,-491.1199951171875,-460.1499938964844,-434.29998779296875,-385.75,-346.5,-313.75,-296.8999938964844,-291.95001220703125,-284.91998291015625
1896,-359.2799987792969,46.5753288269043,19.93804168701172,61.427138010660805,-359.2799987792969,-348.5,53.71220779418945,-491.1199951171875,-478.0,-434.29998779296875,-388.25,-348.5,-320.75,-300.5,-292.95001220703125,-288.91998291015625
1920,-361.44000244140625,46.29828643798828,19.973703384399414,60.9930534362793,-361.44000244140625,-349.5,53.647422790527344,-491.1199951171875,-478.0,-434.29998779296875,-390.25,-349.5,-321.0,-300.5,-292.95001220703125,-288.91998291015625
1944,-365.94000244140625,46.02982711791992,20.006996154785156,60.56781005859375,-365.94000244140625,-356.5,53.36249923706055,-491.1199951171875,-478.1000061035156,-437.6000061035156,-394.25,-356.5,-329.75,-303.70001220703125,-292.95001220703125,-288.91998291015625
1968,-370.1000061035156,45.77204132080078,20.049110412597656,60.15310923258463,-370.1000061035156,-362.0,53.42349624633789,-491.1199951171875,-480.1499938964844,-437.6000061035156,-405.0,-362.0,-332.75,-303.70001220703125,-294.9000244140625,-290.89996337890625
1992,-373.739990234375,45.52180099487305,20.101390838623047,59.76413218180338,-373.739990234375,-364.0,53.78301239013672,-497.1199951171875,-480.1499938964844,-447.1000061035156,-408.0,-364.0,-337.0,-308.6000061035156,-295.95001220703125,-292.0
2016,-375.8599853515625,45.21495056152344,20.101661682128906,59.31177520751953,-375.8599853515625,-367.0,52.36239242553711,-497.1199951171875,-480.1499938964844,-447.1000061035156,-408.0,-367.0,-337.75,-309.8999938964844,-296.95001220703125,-294.9599914550781
2040,-378.8199768066406,44.9178581237793,20.122962951660156,58.85173797607422,-378.82000732421875,-368.5,51.76144790649414,-497.1199951171875,-480.1499938964844,-448.6000061035156,-411.75,-368.5,-340.5,-316.5,-300.8000183105469,-294.9599914550781
2064,-382.2200012207031,44.642356872558594,20.123180389404297,58.45408630371094,-382.2200012207031,-370.0,51.63633728027344,-502.0199890136719,-483.25,-449.79998779296875,-414.75,-370.0,-343.75,-322.79998779296875,-308.7500305175781,-295.97998046875
2088,-385.0,44.37272644042969,20.144664764404297,58.043654123942055,-385.0,-371.0,53.24283981323242,-502.0199890136719,-483.25,-463.20001220703125,-418.0,-371.0,-348.5,-322.79998779296875,-308.7500305175781,-295.97998046875
2112,-386.7799987792969,44.10765838623047,20.154407501220703,57.64162572224935,-386.7799987792969,-374.0,53.34296417236328,-502.0199890136719,-483.25,-465.5,-419.5,-374.0,-349.0,-322.79998779296875,-308.7500305175781,-300.89996337890625
2136,-388.7799987792969,43.84459686279297,20.17437171936035,57.231953938802086,-388.7799987792969,-376.0,53.996219635009766,-503.0400085449219,-488.45001220703125,-470.5,-424.75,-376.0,-352.5,-322.79998779296875,-308.95001220703125,-301.0
2160,-390.97998046875,43.606719970703125,20.218692779541016,56.83519490559896,-390.9800109863281,-378.5,53.391380310058594,-503.0400085449219,-488.45001220703125,-470.5,-424.75,-378.5,-353.0,-329.3000183105469,-312.8000183105469,-303.94000244140625
2184,-393.0,43.34736251831055,20.228071212768555,56.42869440714518,-393.0,-382.5,53.61082077026367,-503.0400085449219,-497.1499938964844,-475.79998779296875,-427.5,-382.5,-356.5,-332.8999938964844,-318.70001220703125,-307.91998291015625
2208,-395.3399963378906,43.0877799987793,20.25473976135254,56.008993784586586,-395.3399963378906,-383.0,53.677223205566406,-505.239990234375,-500.1000061035156,-483.29998779296875,-427.5,-383.0,-361.5,-336.6000061035156,-320.9000244140625,-308.97998046875
2232,-397.239990234375,42.82889938354492,20.267465591430664,55.60433578491211,-397.239990234375,-383.0,53.981685638427734,-505.239990234375,-501.04998779296875,-486.1000061035156,-430.5,-383.0,-362.75,-336.6000061035156,-320.9000244140625,-311.94000244140625
2256,-400.739990234375,42.596961975097656,20.29047393798828,55.22128677368164,-400.739990234375,-388.0,53.48282241821289,-514.0599975585938,-503.1000061035156,-487.1000061035156,-433.25,-388.0,-363.75,-338.0,-323.0,-318.7999572753906
2280,-404.03997802734375,42.31785202026367,20.26837921142578,54.808371225992836,-404.0400085449219,-392.0,52.22028732299805,-514.0599975585938,-505.0,-487.1000061035156,-433.5,-392.0,-367.0,-343.4000244140625,-330.60003662109375,-318.8799743652344
2304,-407.0,42.04759216308594,20.2615966796875,54.39635467529297,-407.0,-396.5,51.94073486328125,-517.1199951171875,-505.25,-487.29998779296875,-440.25,-396.5,-368.0,-344.0,-334.8000183105469,-320.9599914550781
2328,-410.03997802734375,41.76280975341797,20.245634078979492,53.97605641682943,-410.0400085449219,-402.5,51.699886322021484,-517.2000122070312,-505.25,-488.1000061035156,-442.75,-402.5,-369.75,-351.20001220703125,-336.9000244140625,-320.9599914550781
2352,-413.3199768066406,41.53599548339844,20.253528594970703,53.61019388834635,-413.32000732421875,-405.5,51.070709228515625,-517.2000122070312,-505.25,-493.5,-447.0,-405.5,-373.0,-354.70001220703125,-338.0,-336.7999572753906
2376,-416.739990234375,41.294376373291016,20.27265739440918,53.211343129475914,-416.739990234375,-405.5,50.12915802001953,-517.2000122070312,-505.25,-498.20001220703125,-448.0,-405.5,-378.5,-361.5,-343.70001220703125,-337.0
2400,-420.2799987792969,41.02832794189453,20.267751693725586,52.791481018066406,-420.2799987792969,-410.5,49.87185287475586,-520.1400146484375,-507.45001220703125,-500.1000061035156,-449.0,-410.5,-382.75,-362.4000244140625,-345.0,-339.0
2424,-420.739990234375,40.77305221557617,20.25417709350586,52.39142100016276,-420.739990234375,-414.5,49.984920501708984,-520.1400146484375,-507.45001220703125,-500.1000061035156,-450.0,-414.5,-382.75,-362.4000244140625,-345.95001220703125,-340.97998046875
2448,-423.41998291015625,40.47447204589844,20.223228454589844,51.95619201660156,-423.4200134277344,-414.5,50.694217681884766,-533.4400024414062,-512.2000122070312,-500.1000061035156,-453.75,-414.5,-386.5,-364.8999938964844,-348.8500061035156,-344.91998291015625
2472,-425.4599914550781,40.204219818115234,20.222078323364258,51.53582890828451,-425.4599914550781,-418.5,50.98341369628906,-533.4400024414062,-512.2000122070312,-501.29998779296875,-456.5,-418.5,-389.75,-364.8999938964844,-350.9000244140625,-345.97998046875
2496,-428.1399841308594,39.959678649902344,20.221799850463867,51.143263498942055,-428.1400146484375,-422.5,51.86887741088867,-535.4000244140625,-517.2000122070312,-504.20001220703125,-459.0,-422.5,-390.75,-364.8999938964844,-350.9000244140625,-345.97998046875
2520,-430.2599792480469,39.71739959716797,20.223148345947266,50.748942057291664,-430.260009765625,-423.5,51.1297607421875,-535.4000244140625,-521.25,-506.20001220703125,-461.0,-423.5,-393.75,-367.70001220703125,-351.8500061035156,-345.97998046875
2544,-432.91998291015625,39.46424865722656,20.194795608520508,50.359483083089195,-432.9200134277344,-427.0,51.8041877746582,-541.280029296875,-521.25,-508.29998779296875,-471.75,-427.0,-395.5,-367.70001220703125,-351.8500061035156,-345.97998046875
2568,-434.1199951171875,39.2646369934082,20.230051040649414,49.989359537760414,-434.1199951171875,-427.0,51.32197952270508,-541.280029296875,-521.25,-508.79998779296875,-473.25,-427.0,-396.0,-369.79998779296875,-357.95001220703125,-349.0
2592,-435.8800048828125,39.024314880371094,20.205631256103516,49.627000172932945,-435.8800048828125,-427.5,51.61652374267578,-544.219970703125,-521.5499877929688,-508.79998779296875,-476.25,-427.5,-401.0,-369.79998779296875,-357.95001220703125,-349.0
2616,-438.17999267578125,38.79644775390625,20.209543228149414,49.247842152913414,-438.17999267578125,-429.0,51.72279357910156,-544.219970703125,-524.7000122070312,-511.5,-481.75,-429.0,-401.0,-371.8999938964844,-363.7500305175781,-351.94000244140625
2640,-441.0999755859375,38.57257080078125,20.218463897705078,48.876397450764976,-441.1000061035156,-432.0,50.77036666870117,-551.0800170898438,-527.5499877929688,-516.0999755859375,-481.75,-432.0,-402.75,-381.0,-372.8500061035156,-358.8599853515625
2664,-442.29998779296875,38.355262756347656,20.215476989746094,48.51414235432943,-442.29998779296875,-433.5,50.524349212646484,-551.0800170898438,-535.1500244140625,-516.5,-481.75,-433.5,-403.75,-381.0,-372.8500061035156,-358.97998046875
2688,-443.79998779296875,38.13790512084961,20.206493377685547,48.153638203938804,-443.79998779296875,-437.0,50.45275115966797,-551.0800170898438,-535.1500244140625,-516.5,-481.75,-437.0,-403.75,-383.70001220703125,-375.70001220703125,-358.97998046875
2712,-446.1999816894531,37.9217414855957,20.20743179321289,47.77564493815104,-446.20001220703125,-441.5,50.79566955566406,-555.239990234375,-535.25,-516.5,-484.25,-441.5,-406.5,-383.79998779296875,-379.8000183105469,-358.97998046875
2736,-447.67999267578125,37.68514633178711,20.185001373291016,47.40181986490885,-447.67999267578125,-443.0,50.77378463745117,-555.239990234375,-535.25,-516.5,-485.5,-443.0,-406.75,-386.8999938964844,-379.8000183105469,-358.97998046875
2760,-450.05999755859375,37.452491760253906,20.157705307006836,47.03518549601237,-450.05999755859375,-443.5,50.64421844482422,-555.239990234375,-535.25,-521.2000122070312,-485.5,-443.5,-407.0,-386.8999938964844,-380.95001220703125,-364.8799743652344
2784,-452.03997802734375,37.23118591308594,20.14162254333496,46.676308949788414,-452.0400085449219,-444.0,49.76784896850586,-555.239990234375,-535.25,-522.0999755859375,-486.0,-444.0,-410.0,-392.4000244140625,-381.95001220703125,-377.73992919921875
2808,-454.1999816894531,37.01130676269531,20.120113372802734,46.32978185017904,-454.20001220703125,-447.5,49.52413558959961,-557.2000122070312,-538.0999755859375,-523.0,-486.0,-447.5,-418.25,-394.8999938964844,-383.9000244140625,-377.73992919921875
2832,-455.94000244140625,36.772518157958984,20.092721939086914,45.956040700276695,-455.94000244140625,-448.5,48.633697509765625,-557.2000122070312,-540.0499877929688,-523.0,-489.0,-448.5,-421.5,-395.8999938964844,-386.0,-377.77996826171875
2856,-457.3800048828125,36.57110595703125,20.086963653564453,45.61834971110026,-457.3800048828125,-449.5,48.913551330566406,-557.239990234375,-541.0499877929688,-523.0999755859375,-489.25,-449.5,-422.75,-395.8999938964844,-386.95001220703125,-380.7199401855469
2880,-459.47998046875,36.36707305908203,20.088457107543945,45.264696756998696,-459.4800109863281,-449.5,47.36717987060547,-557.239990234375,-542.3499755859375,-523.0999755859375,-491.75,-449.5,-424.5,-399.0,-395.0,-393.8599853515625
2904,-461.0199890136719,36.1842041015625,20.11082649230957,44.91641489664713,-461.0199890136719,-452.0,47.41897964477539,-563.1199951171875,-542.3499755859375,-523.0999755859375,-498.5,-452.0,-425.0,-399.0,-397.8500061035156,-393.8599853515625
2928,-462.6600036621094,35.977447509765625,20.10251235961914,44.572897593180336,-462.6600036621094,-452.0,46.39875411987305,-563.1199951171875,-542.3499755859375,-524.9000244140625,-498.5,-452.0,-429.75,-405.70001220703125,-398.95001220703125,-397.77996826171875
2952,-463.7799987792969,35.78103256225586,20.095874786376953,44.2294069925944,-463.7799987792969,-452.0,47.11763381958008,-563.1400146484375,-549.0499877929688,-527.5999755859375,-503.5,-452.0,-429.75,-405.70001220703125,-398.95001220703125,-397.77996826171875
2976,-466.3599853515625,35.59534454345703,20.093887329101562,43.904595692952476,-466.3599853515625,-455.5,47.60662078857422,-563.1400146484375,-556.0499877929688,-529.4000244140625,-505.25,-455.5,-429.75,-408.79998779296875,-401.8500061035156,-397.77996826171875
3000,-467.8599853515625,35.36650848388672,20.051742553710938,43.54821904500326,-467.8599853515625,-456.5,47.0504035949707,-563.1400146484375,-556.0499877929688,-533.0999755859375,-505.75,-456.5,-434.5,-413.6000061035156,-401.8500061035156,-397.77996826171875
3024,-469.6199951171875,35.16883850097656,20.01947021484375,43.226053873697914,-469.6199951171875,-463.0,47.43770217895508,-563.1400146484375,-556.0499877929688,-533.0999755859375,-506.0,-463.0,-435.0,-413.6000061035156,-401.8500061035156,-397.77996826171875
3048,-471.6999816894531,34.976444244384766,19.998783111572266,42.91810989379883,-471.70001220703125,-467.0,46.91172409057617,-563.1400146484375,-556.0499877929688,-537.2999877929688,-506.0,-467.0,-436.5,-417.8999938964844,-402.95001220703125,-397.77996826171875
3072,-474.2599792480469,34.79932403564453,19.996604919433594,42.60183842976888,-474.260009765625,-468.5,45.75251007080078,-568.0399780273438,-557.2000122070312,-538.2000122070312,-506.0,-468.5,-436.5,-419.0,-409.6500244140625,-398.97998046875
3096,-475.8599853515625,34.624244689941406,20.004934310913086,42.2859001159668,-475.8599853515625,-468.5,46.49494934082031,-570.0599975585938,-557.2999877929688,-538.2000122070312,-511.75,-468.5,-436.5,-419.0,-409.6500244140625,-398.97998046875
3120,-476.8999938964844,34.414695739746094,19.979183197021484,41.94308090209961,-476.8999938964844,-468.5,46.520423889160156,-570.0599975585938,-557.2999877929688,-540.2999877929688,-512.5,-468.5,-437.0,-419.0,-410.0,-401.94000244140625
3144,-477.6600036621094,34.23490524291992,19.967426300048828,41.6209831237793,-477.6600036621094,-468.5,46.65494918823242,-570.0599975585938,-557.2999877929688,-541.2000122070312,-512.5,-468.5,-437.0,-419.0,-410.0,-401.94000244140625
3168,-479.239990234375,34.05101013183594,19.948951721191406,41.305169423421226,-479.239990234375,-474.5,46.63584899902344,-572.02001953125,-560.3499755859375,-550.0999755859375,-513.25,-474.5,-438.5,-422.0,-410.0,-401.94000244140625
3192,-480.41998291015625,33.88700485229492,19.94658088684082,41.00096766153971,-480.4200134277344,-474.5,46.216270446777344,-572.02001953125,-564.1500244140625,-550.5,-513.25,-474.5,-442.0,-426.79998779296875,-413.8000183105469,-402.97998046875
3216,-482.5199890136719,33.72077560424805,19.958839416503906,40.67421849568685,-482.5199890136719,-481.0,45.654457092285156,-572.0599975585938,-564.1500244140625,-550.5,-518.25,-481.0,-443.0,-429.70001220703125,-421.8000183105469,-409.8399658203125
3240,-484.3799743652344,33.524200439453125,19.93012809753418,40.35831832885742,-484.3800048828125,-481.5,45.74817657470703,-572.0599975585938,-567.0499877929688,-550.5,-519.75,-481.5,-448.0,-429.70001220703125,-421.8000183105469,-409.8399658203125
3264,-485.239990234375,33.3443489074707,19.90957260131836,40.0418815612793,-485.239990234375,-481.5,45.51771545410156,-572.0999755859375,-567.0499877929688,-550.5,-519.75,-481.5,-448.5,-430.0,-421.9000244140625,-413.75994873046875
3288,-486.5,33.155616760253906,19.861923217773438,39.74105707804362,-486.5,-482.0,45.796836853027344,-577.0,-568.1500244140625,-550.7000122070312,-522.5,-482.0,-448.5,-431.79998779296875,-424.8500061035156,-413.75994873046875
3312,-487.67999267578125,32.97136306762695,19.841346740722656,39.41999053955078,-487.67999267578125,-482.5,45.71583557128906,-577.0,-571.0499877929688,-554.2999877929688,-523.0,-482.5,-450.5,-431.79998779296875,-424.8500061035156,-413.75994873046875
3336,-488.53997802734375,32.81291961669922,19.827804565429688,39.13973617553711,-488.5400085449219,-483.0,45.161800384521484,-577.0,-571.0499877929688,-554.2999877929688,-523.0,-483.0,-450.5,-432.8999938964844,-425.0,-419.8799743652344
3360,-489.41998291015625,32.66408920288086,19.828956604003906,38.849918365478516,-489.4200134277344,-483.0,44.473628997802734,-577.0,-571.0499877929688,-554.2999877929688,-526.0,-483.0,-456.0,-435.79998779296875,-426.95001220703125,-424.77996826171875
3384,-490.29998779296875,32.4976806640625,19.829397201538086,38.53960673014323,-490.29998779296875,-483.5,44.04804229736328,-577.0,-571.0499877929688,-554.2999877929688,-526.0,-483.5,-457.5,-436.70001220703125,-426.95001220703125,-424.7999572753906
3408,-492.2200012207031,32.295143127441406,19.78350257873535,38.219338734944664,-492.2200012207031,-485.5,44.51911544799805,-577.1199951171875,-572.0499877929688,-554.2999877929688,-527.25,-485.5,-459.75,-436.70001220703125,-429.8000183105469,-424.7999572753906
3432,-493.9599914550781,32.155113220214844,19.780231475830078,37.9512825012207,-493.9599914550781,-485.5,44.724918365478516,-583.0399780273438,-573.2000122070312,-557.0999755859375,-528.25,-485.5,-460.75,-437.0,-429.8000183105469,-424.7999572753906
3456,-494.8199768066406,31.990005493164062,19.754276275634766,37.66531753540039,-494.82000732421875,-485.5,44.105411529541016,-583.0399780273438,-573.2000122070312,-557.0999755859375,-528.25,-485.5,-462.0,-437.0,-430.95001220703125,-425.0
3480,-497.03997802734375,31.844205856323242,19.746213912963867,37.38104502360026,-497.0400085449219,-487.0,44.0567626953125,-583.0399780273438,-573.2000122070312,-565.2000122070312,-530.0,-487.0,-464.5,-442.0,-432.9000244140625,-425.0
3504,-498.6999816894531,31.70973777770996,19.757200241088867,37.09824879964193,-498.70001220703125,-492.5,44.17589569091797,-583.0399780273438,-575.0999755859375,-565.2000122070312,-534.25,-492.5,-465.0,-442.0,-432.9000244140625,-425.0
3528,-499.47998046875,31.55713653564453,19.75539779663086,36.78912226359049,-499.4800109863281,-492.5,44.06233215332031,-585.0,-577.0,-565.2000122070312,-534.25,-492.5,-465.0,-442.0,-433.95001220703125,-425.0
3552,-500.0,31.436004638671875,19.76442527770996,36.53359603881836,-500.0,-493.0,44.00408935546875,-585.02001953125,-577.0,-565.2000122070312,-535.5,-493.0,-465.0,-445.6000061035156,-433.95001220703125,-425.0
3576,-501.17999267578125,31.299787521362305,19.768606185913086,36.2637087504069,-501.17999267578125,-497.0,43.740230560302734,-586.0999755859375,-577.0,-565.2000122070312,-535.5,-497.0,-467.75,-449.6000061035156,-433.95001220703125,-425.0
3600,-501.67999267578125,31.12507438659668,19.727684020996094,35.97601064046224,-501.67999267578125,-497.0,44.03337097167969,-586.0999755859375,-577.25,-567.2999877929688,-535.5,-497.0,-467.75,-449.6000061035156,-434.9000244140625,-425.0
3624,-502.53997802734375,30.969329833984375,19.714279174804688,35.681688944498696,-502.5400085449219,-497.0,44.11925506591797,-586.0999755859375,-577.25,-567.2999877929688,-537.25,-497.0,-467.75,-450.8999938964844,-434.9000244140625,-425.0
3648,-503.6399841308594,30.821533203125,19.695907592773438,35.40709686279297,-503.6400146484375,-502.5,43.85100173950195,-586.0999755859375,-580.0999755859375,-567.7000122070312,-537.25,-502.5,-467.75,-452.0,-436.9000244140625,-429.89996337890625
3672,-504.7799987792969,30.661161422729492,19.676109313964844,35.119187672932945,-504.7799987792969,-502.5,43.4141845703125,-590.02001953125,-580.0999755859375,-567.7000122070312,-537.5,-502.5,-470.0,-452.0,-436.9000244140625,-429.89996337890625
3696,-506.3599853515625,30.530838012695312,19.663219451904297,34.85915756225586,-506.3599853515625,-505.5,42.581573486328125,-590.02001953125,-580.0999755859375,-567.7000122070312,-537.5,-505.5,-476.25,-454.70001220703125,-436.9000244140625,-429.97998046875
3720,-507.5199890136719,30.392393112182617,19.658615112304688,34.580370585123696,-507.5199890136719,-505.5,42.5159912109375,-590.02001953125,-580.0999755859375,-574.0999755859375,-541.25,-505.5,-476.25,-455.8999938964844,-441.7500305175781,-432.91998291015625
3744,-509.03997802734375,30.237951278686523,19.633010864257812,34.31059773763021,-509.0400085449219,-508.5,42.913848876953125,-590.1400146484375,-580.0999755859375,-574.0999755859375,-543.25,-508.5,-477.75,-455.8999938964844,-441.7500305175781,-432.91998291015625
3768,-509.97998046875,30.084991455078125,19.605470657348633,34.03913879394531,-509.9800109863281,-508.5,42.5793342590332,-590.1400146484375,-582.0499877929688,-574.0999755859375,-544.25,-508.5,-478.75,-455.8999938964844,-441.7500305175781,-433.0
3792,-510.739990234375,29.956233978271484,19.605318069458008,33.777505238850914,-510.739990234375,-509.5,42.416648864746094,-590.1400146484375,-582.0499877929688,-574.0999755859375,-546.0,-509.5,-479.0,-455.8999938964844,-449.6500244140625,-434.9599914550781
3816,-511.91998291015625,29.850820541381836,19.61511993408203,33.53799692789713,-511.9200134277344,-509.5,41.5652961730957,-590.1400146484375,-582.0499877929688,-574.0999755859375,-546.5,-509.5,-479.0,-459.0,-453.8500061035156,-434.9599914550781
3840,-512.5,29.696239471435547,19.576751708984375,33.277331034342446,-512.5,-510.5,41.70599365234375,-590.1400146484375,-582.0499877929688,-574.0999755859375,-546.75,-510.5,-479.0,-459.0,-453.8500061035156,-436.91998291015625
3864,-514.0199584960938,29.543487548828125,19.542579650878906,33.01424026489258,-514.02001953125,-510.5,40.702327728271484,-592.0999755859375,-582.0499877929688,-574.0999755859375,-546.75,-510.5,-480.75,-459.8999938964844,-454.8000183105469,-442.8799743652344
3888,-514.5999755859375,29.399490356445312,19.52300262451172,32.74164962768555,-514.5999755859375,-511.5,40.89352035522461,-592.1799926757812,-582.0499877929688,-574.0999755859375,-549.0,-511.5,-482.25,-459.8999938964844,-454.8000183105469,-442.8799743652344
3912,-515.760009765625,29.237836837768555,19.474445343017578,32.485321044921875,-515.760009765625,-512.5,41.054386138916016,-596.0999755859375,-582.0499877929688,-574.0999755859375,-549.0,-512.5,-483.0,-459.8999938964844,-454.8000183105469,-442.8799743652344
3936,-516.2799682617188,29.11934471130371,19.470218658447266,32.23683293660482,-516.280029296875,-512.5,41.05754089355469,-596.1799926757812,-582.0499877929688,-574.0999755859375,-549.0,-512.5,-484.5,-459.8999938964844,-454.8000183105469,-442.9599914550781
3960,-517.6199951171875,28.97390365600586,19.4383544921875,31.98351542154948,-517.6199951171875,-512.5,40.3055305480957,-596.1799926757812,-582.0499877929688,-575.2000122070312,-549.25,-512.5,-487.25,-464.79998779296875,-457.9000244140625,-444.9599914550781
3984,-518.1599731445312,28.836257934570312,19.409896850585938,31.73121706644694,-518.1599731445312,-512.5,40.29906463623047,-596.1799926757812,-582.0499877929688,-575.2000122070312,-549.75,-512.5,-489.75,-467.5,-457.9000244140625,-444.9599914550781
4008,-519.0199584960938,28.693212509155273,19.396169662475586,31.44757080078125,-519.02001953125,-514.0,39.90638732910156,-596.1799926757812,-583.0499877929688,-577.0,-549.75,-514.0,-490.75,-468.8999938964844,-458.95001220703125,-454.75994873046875
4032,-519.5800170898438,28.55743980407715,19.362918853759766,31.18890635172526,-519.5800170898438,-514.5,39.79376220703125,-596.1799926757812,-583.3499755859375,-577.0,-552.0,-514.5,-490.75,-468.8999938964844,-459.95001220703125,-454.9599914550781
4056,-520.5,28.41946029663086,19.334327697753906,30.93816566467285,-520.5,-515.0,40.141624450683594,-596.2999877929688,-590.25,-577.0,-552.0,-515.0,-491.0,-468.8999938964844,-459.95001220703125,-454.9599914550781
4080,-521.0399780273438,28.298612594604492,19.324996948242188,30.684791564941406,-521.0399780273438,-515.5,40.157169342041016,-596.2999877929688,-592.1500244140625,-577.0999755859375,-552.5,-515.5,-493.25,-468.8999938964844,-460.0,-454.9599914550781
4104,-522.0,28.201885223388672,19.32992935180664,30.459086736043293,-522.0,-517.0,39.89486312866211,-606.0999755859375,-592.1500244140625,-577.0999755859375,-552.5,-517.0,-495.75,-470.79998779296875,-460.0,-454.9599914550781
4128,-522.6199951171875,28.0828914642334,19.31825065612793,30.219717025756836,-522.6199951171875,-518.0,39.78361129760742,-606.0999755859375,-592.1500244140625,-578.0999755859375,-553.25,-518.0,-497.75,-470.79998779296875,-460.0,-454.9599914550781
4152,-523.3399658203125,27.9543514251709,19.303955078125,29.964378356933594,-523.3400268554688,-518.0,39.50904083251953,-606.0999755859375,-592.1500244140625,-578.0999755859375,-553.25,-518.0,-497.75,-472.8999938964844,-460.0,-454.9599914550781
4176,-523.7000122070312,27.829975128173828,19.2922420501709,29.717093149820965,-523.7000122070312,-518.0,39.617042541503906,-606.0999755859375,-592.1500244140625,-578.0999755859375,-553.25,-518.0,-497.75,-472.8999938964844,-460.0,-454.9599914550781
4200,-524.219970703125,27.696258544921875,19.271728515625,29.45724042256673,-524.219970703125,-520.5,39.49925994873047,-606.0999755859375,-592.1500244140625,-578.0999755859375,-554.25,-520.5,-498.75,-472.8999938964844,-460.0,-455.97998046875
4224,-524.47998046875,27.604162216186523,19.262409210205078,29.250755310058594,-524.47998046875,-520.5,39.44223403930664,-606.1400146484375,-592.1500244140625,-578.0999755859375,-554.25,-520.5,-498.75,-472.8999938964844,-460.0,-456.97998046875
4248,-525.2999877929688,27.47901153564453,19.241962432861328,29.008079528808594,-525.2999877929688,-520.5,39.436912536621094,-606.219970703125,-595.0499877929688,-578.0999755859375,-554.25,-520.5,-499.0,-472.8999938964844,-460.0,-458.9599914550781
4272,-525.5599975585938,27.36754608154297,19.221139907836914,28.785409291585285,-525.5599975585938,-521.0,39.43914794921875,-608.1799926757812,-595.0499877929688,-578.0999755859375,-555.0,-521.0,-499.0,-472.8999938964844,-460.0,-458.9599914550781
4296,-526.3399658203125,27.239837646484375,19.198638916015625,28.54051399230957,-526.3400268554688,-524.5,39.66817855834961,-614.0599975585938,-596.0499877929688,-578.0999755859375,-555.0,-524.5,-499.0,-472.8999938964844,-466.6500244140625,-458.9599914550781
4320,-527.239990234375,27.101367950439453,19.16299819946289,28.296493530273438,-527.239990234375,-524.5,39.905670166015625,-614.0599975585938,-596.0499877929688,-578.0999755859375,-557.25,-524.5,-499.0,-474.70001220703125,-466.6500244140625,-458.9599914550781
4344,-528.7799682617188,26.9852352142334,19.149940490722656,28.048437754313152,-528.780029296875,-524.5,39.7340087890625,-614.0599975585938,-601.0499877929688,-579.4000244140625,-558.25,-524.5,-499.0,-477.8999938964844,-470.95001220703125,-459.94000244140625
4368,-529.4199829101562,26.87470817565918,19.130027770996094,27.830459594726562,-529.4199829101562,-524.5,39.48649978637695,-614.0599975585938,-601.0499877929688,-579.7999877929688,-558.25,-524.5,-499.0,-477.8999938964844,-473.8000183105469,-459.94000244140625
4392,-530.4199829101562,26.75735092163086,19.1224365234375,27.581610997517902,-530.4199829101562,-524.5,38.78329086303711,-614.0599975585938,-601.0499877929688,-579.7999877929688,-558.25,-524.5,-499.75,-484.5,-474.7500305175781,-462.94000244140625
4416,-530.6799926757812,26.658491134643555,19.117963790893555,27.359862009684246,-530.6799926757812,-524.5,38.61317825317383,-614.0599975585938,-601.0499877929688,-579.7999877929688,-558.25,-524.5,-499.75,-484.5,-476.6500244140625,-462.94000244140625
4440,-531.8999633789062,26.539104461669922,19.09865379333496,27.124053955078125,-531.9000244140625,-529.5,38.75448226928711,-614.0599975585938,-602.0499877929688,-581.5999755859375,-558.25,-529.5,-503.75,-484.5,-476.6500244140625,-462.94000244140625
4464,-532.3200073242188,26.410024642944336,19.073486328125,26.88760821024577,-532.3200073242188,-529.5,38.89238739013672,-614.0599975585938,-603.0,-581.5999755859375,-559.0,-529.5,-503.75,-484.5,-476.6500244140625,-462.94000244140625
4488,-532.8999633789062,26.32387924194336,19.0654239654541,26.684778849283855,-532.9000244140625,-529.5,38.3101806640625,-614.0599975585938,-603.0499877929688,-581.5999755859375,-559.0,-529.5,-503.75,-485.0,-478.9000244140625,-465.94000244140625
4512,-533.4199829101562,26.22071647644043,19.048675537109375,26.46830876668294,-533.4199829101562,-530.5,38.30853271484375,-614.1400146484375,-604.0,-581.5999755859375,-559.0,-530.5,-505.75,-485.8999938964844,-478.9000244140625,-465.94000244140625
4536,-533.719970703125,26.127309799194336,19.04720687866211,26.24225362141927,-533.719970703125,-530.5,38.12874984741211,-614.1400146484375,-604.0,-581.5999755859375,-559.0,-530.5,-506.75,-486.8999938964844,-479.8500061035156,-465.94000244140625
4560,-534.6599731445312,25.99947166442871,19.021642684936523,25.995342254638672,-534.6599731445312,-531.0,37.59154510498047,-614.1400146484375,-604.0999755859375,-581.5999755859375,-559.0,-531.0,-507.5,-487.8999938964844,-483.8000183105469,-469.91998291015625
4584,-535.1199951171875,25.9016170501709,19.013484954833984,25.776425043741863,-535.1199951171875,-532.0,37.457515716552734,-614.1400146484375,-604.0999755859375,-583.4000244140625,-559.0,-532.0,-507.5,-488.0,-484.7500305175781,-469.91998291015625
4608,-535.6599731445312,25.77313232421875,18.981430053710938,25.53998374938965,-535.6599731445312,-533.0,37.31172180175781,-614.1400146484375,-604.0999755859375,-583.4000244140625,-559.0,-533.0,-508.25,-490.70001220703125,-484.7500305175781,-469.91998291015625
4632,-536.3999633789062,25.67955780029297,18.985309600830078,25.313392003377277,-536.4000244140625,-533.0,37.049156188964844,-614.1400146484375,-604.2999877929688,-583.4000244140625,-559.0,-533.0,-508.75,-491.6000061035156,-484.7500305175781,-475.8799743652344
4656,-537.260009765625,25.572772979736328,18.972938537597656,25.08252716064453,-537.260009765625,-533.0,36.69403839111328,-614.1400146484375,-604.4000244140625,-583.4000244140625,-559.75,-533.0,-509.75,-491.6000061035156,-485.0,-475.8799743652344
4680,-538.1799926757812,25.479106903076172,18.963991165161133,24.88214874267578,-538.1799926757812,-534.5,36.47529983520508,-614.1400146484375,-604.4000244140625,-587.0,-563.25,-534.5,-509.75,-494.70001220703125,-485.0,-479.91998291015625
4704,-538.5,25.39046287536621,18.967472076416016,24.664783477783203,-538.5,-536.0,36.47944641113281,-614.1400146484375,-604.4000244140625,-589.0,-563.25,-536.0,-510.75,-494.70001220703125,-485.0,-479.91998291015625
4728,-538.719970703125,25.300045013427734,18.960371017456055,24.457042058308918,-538.719970703125,-536.0,36.41265869140625,-614.1400146484375,-604.4000244140625,-589.0,-564.0,-536.0,-510.75,-494.8999938964844,-485.95001220703125,-479.91998291015625
4752,-539.219970703125,25.21426010131836,18.9559326171875,24.247722625732422,-539.219970703125,-536.5,36.15620803833008,-614.1400146484375,-606.2999877929688,-589.0,-564.0,-536.5,-511.75,-494.8999938964844,-486.95001220703125,-484.97998046875
4776,-539.7999877929688,25.125898361206055,18.95821762084961,24.03240903218587,-539.7999877929688,-537.0,35.961090087890625,-614.1400146484375,-608.2000122070312,-589.0,-564.0,-537.0,-511.75,-496.79998779296875,-486.95001220703125,-484.97998046875
4800,-540.2000122070312,25.02920150756836,18.93787384033203,23.831666946411133,-540.2000122070312,-538.5,35.93661117553711,-614.1400146484375,-610.0999755859375,-589.0,-564.0,-538.5,-511.75,-496.79998779296875,-486.95001220703125,-484.97998046875
4824,-540.5800170898438,24.96053123474121,18.940383911132812,23.631191889444988,-540.5800170898438,-538.5,35.56885528564453,-614.1400146484375,-610.0999755859375,-589.0,-564.0,-538.5,-512.75,-497.0,-486.95001220703125,-484.97998046875
4848,-541.2999877929688,24.884069442749023,18.944194793701172,23.43447494506836,-541.2999877929688,-538.5,34.818817138671875,-614.1400146484375,-610.0999755859375,-589.0,-564.25,-538.5,-513.0,-499.0,-486.95001220703125,-484.97998046875
4872,-541.5800170898438,24.79543685913086,18.930988311767578,23.230523427327473,-541.5800170898438,-538.5,34.7082633972168,-614.1400146484375,-610.0999755859375,-589.0,-564.25,-538.5,-513.0,-499.0,-491.70001220703125,-484.97998046875
4896,-542.0399780273438,24.712158203125,18.923809051513672,23.031490325927734,-542.0399780273438,-540.5,34.47489929199219,-614.219970703125,-610.0999755859375,-589.0,-564.25,-540.5,-513.0,-499.0,-493.95001220703125,-484.97998046875
4920,-542.5800170898438,24.638038635253906,18.91313362121582,22.84554163614909,-542.5800170898438,-541.5,34.24592590332031,-614.219970703125,-610.0999755859375,-589.0,-564.25,-541.5,-513.0,-499.8999938964844,-494.0,-484.97998046875
4944,-543.5199584960938,24.560577392578125,18.904218673706055,22.647727330525715,-543.52001953125,-543.0,34.067134857177734,-614.219970703125,-610.0999755859375,-589.0,-566.0,-543.0,-516.75,-501.79998779296875,-494.0,-484.97998046875
4968,-543.9400024414062,24.456024169921875,18.873262405395508,22.448096593221027,-543.9400024414062,-543.0,33.942840576171875,-614.219970703125,-610.0999755859375,-589.0,-566.0,-543.0,-519.5,-501.79998779296875,-494.0,-484.97998046875
4992,-544.3599853515625,24.386154174804688,18.876070022583008,22.25332514444987,-544.3599853515625,-543.5,33.84184265136719,-615.2000122070312,-610.0999755859375,-589.0,-566.0,-543.5,-519.5,-501.79998779296875,-494.0,-484.97998046875
5016,-544.8599853515625,24.296890258789062,18.86208152770996,22.056601842244465,-544.8599853515625,-545.0,34.089595794677734,-625.02001953125,-610.0999755859375,-589.0,-566.0,-545.0,-519.5,-504.6000061035156,-494.0,-484.97998046875
5040,-545.0599975585938,24.252904891967773,18.8863582611084,21.864216486612957,-545.0599975585938,-545.0,34.28171920776367,-625.02001953125,-612.0,-589.0,-566.0,-545.0,-519.5,-504.6000061035156,-494.0,-484.97998046875
5064,-545.5199584960938,24.167552947998047,18.8701171875,21.678017298380535,-545.52001953125,-546.5,34.334381103515625,-625.02001953125,-612.0,-589.0,-569.0,-546.5,-519.5,-504.6000061035156,-494.0,-484.97998046875
5088,-546.0,24.099546432495117,18.87520980834961,21.49012565612793,-546.0,-546.5,34.066993713378906,-625.02001953125,-612.0999755859375,-589.0,-569.25,-546.5,-519.5,-505.0,-496.95001220703125,-484.97998046875
5112,-546.5,24.031810760498047,18.86912727355957,21.31854756673177,-546.5,-548.5,34.30379104614258,-625.02001953125,-612.0999755859375,-591.2000122070312,-569.25,-548.5,-520.0,-505.0,-496.95001220703125,-484.97998046875
5136,-546.8999633789062,23.967670440673828,18.860660552978516,21.14910634358724,-546.9000244140625,-548.5,34.19108200073242,-625.02001953125,-612.0999755859375,-593.0,-569.25,-548.5,-520.0,-505.0,-496.95001220703125,-485.97998046875
5160,-547.5199584960938,23.899917602539062,18.861103057861328,20.97189712524414,-547.52001953125,-548.5,34.02190017700195,-625.02001953125,-612.0999755859375,-593.0,-569.5,-548.5,-520.0,-505.0,-496.95001220703125,-489.97998046875
5184,-547.7999877929688,23.827850341796875,18.852794647216797,20.80422019958496,-547.7999877929688,-548.5,33.9092903137207,-625.02001953125,-612.0999755859375,-593.0,-571.0,-548.5,-520.75,-505.0,-496.95001220703125,-489.97998046875
5208,-548.1799926757812,23.743419647216797,18.83147430419922,20.622249603271484,-548.1799926757812,-548.5,33.82613754272461,-625.02001953125,-612.0999755859375,-593.0,-571.0,-548.5,-520.75,-505.0,-496.95001220703125,-489.97998046875
5232,-548.3599853515625,23.654804229736328,18.81761932373047,20.41742451985677,-548.3599853515625,-548.5,33.80340576171875,-625.02001953125,-612.0999755859375,-593.0,-571.0,-548.5,-520.75,-505.0,-496.95001220703125,-489.97998046875
5256,-549.0599975585938,23.590606689453125,18.81147575378418,20.237843195597332,-549.0599975585938,-549.0,33.70513916015625,-625.02001953125,-612.0999755859375,-593.2999877929688,-571.0,-549.0,-520.75,-505.8999938964844,-499.8500061035156,-489.97998046875
5280,-549.219970703125,23.521055221557617,18.804096221923828,20.077110926310223,-549.219970703125,-549.0,33.60344696044922,-625.02001953125,-612.0999755859375,-593.2999877929688,-571.0,-549.0,-520.75,-508.70001220703125,-501.8500061035156,-489.97998046875
5304,-549.6599731445312,23.46048355102539,18.801403045654297,19.904865900675457,-549.6599731445312,-549.0,33.38689041137695,-625.02001953125,-612.0999755859375,-593.4000244140625,-572.0,-549.0,-520.75,-509.6000061035156,-501.8500061035156,-491.94000244140625
5328,-550.0599975585938,23.405479431152344,18.80312728881836,19.739395141601562,-550.0599975585938,-549.0,33.310001373291016,-625.02001953125,-612.0999755859375,-593.4000244140625,-572.0,-549.0,-523.25,-509.6000061035156,-501.8500061035156,-491.94000244140625
5352,-550.260009765625,23.322935104370117,18.786029815673828,19.551441828409832,-550.260009765625,-549.0,33.27179718017578,-626.02001953125,-612.0999755859375,-593.4000244140625,-572.0,-549.0,-524.75,-509.6000061035156,-501.95001220703125,-491.94000244140625
5376,-550.5,23.239065170288086,18.7541561126709,19.375813166300457,-550.5,-549.0,33.12808609008789,-626.02001953125,-612.0999755859375,-593.4000244140625,-572.25,-549.0,-524.75,-509.8999938964844,-503.95001220703125,-491.94000244140625
5400,-550.760009765625,23.14795684814453,18.716421127319336,19.204760869344074,-550.760009765625,-549.0,33.35839080810547,-626.02001953125,-612.0999755859375,-593.4000244140625,-572.25,-549.0,-524.75,-509.8999938964844,-503.95001220703125,-491.94000244140625
5424,-550.9599609375,23.086538314819336,18.707311630249023,19.033870061238606,-550.9600219726562,-549.0,33.1432991027832,-626.02001953125,-612.0999755859375,-593.4000244140625,-572.25,-549.0,-524.75,-510.79998779296875,-503.95001220703125,-492.97998046875
5448,-551.1599731445312,23.01423454284668,18.697114944458008,18.85623550415039,-551.1599731445312,-549.0,33.05895233154297,-626.02001953125,-614.0,-593.4000244140625,-572.25,-549.0,-525.0,-510.8999938964844,-503.95001220703125,-492.97998046875
5472,-551.3399658203125,22.93405532836914,18.670860290527344,18.68026288350423,-551.3400268554688,-550.5,32.93394088745117,-626.02001953125,-614.0,-593.4000244140625,-572.25,-550.5,-525.0,-512.7999877929688,-503.95001220703125,-492.97998046875
5496,-551.6799926757812,22.874515533447266,18.669376373291016,18.502527872721355,-551.6799926757812,-551.0,32.80819320678711,-626.02001953125,-614.0,-593.4000244140625,-572.25,-551.0,-526.0,-512.7999877929688,-504.95001220703125,-492.97998046875
5520,-552.2799682617188,22.81147003173828,18.656675338745117,18.336009979248047,-552.280029296875,-552.5,32.710880279541016,-626.02001953125,-614.0999755859375,-593.5999755859375,-572.25,-552.5,-526.0,-512.7999877929688,-507.8500061035156,-493.97998046875
5544,-552.719970703125,22.740646362304688,18.63984489440918,18.178054809570312,-552.719970703125,-554.0,32.70048522949219,-626.02001953125,-614.0999755859375,-593.5999755859375,-573.0,-554.0,-526.75,-512.9000244140625,-508.8000183105469,-493.97998046875
5568,-552.8800048828125,22.685298919677734,18.637454986572266,18.022902806599934,-552.8800048828125,-554.0,32.78697204589844,-626.02001953125,-614.25,-593.5999755859375,-573.0,-554.0,-527.0,-512.9000244140625,-508.8000183105469,-493.97998046875
5592,-553.2999877929688,22.61415672302246,18.620925903320312,17.854400634765625,-553.2999877929688,-554.0,32.97620391845703,-626.02001953125,-614.25,-593.5999755859375,-575.0,-554.0,-527.0,-512.9000244140625,-508.8000183105469,-495.94000244140625
5616,-553.7000122070312,22.548450469970703,18.61138153076172,17.702070236206055,-553.7000122070312,-556.0,32.755916595458984,-626.02001953125,-614.25,-593.5999755859375,-575.0,-556.0,-527.75,-512.9000244140625,-508.8000183105469,-495.94000244140625
5640,-553.739990234375,22.50442886352539,18.60333251953125,17.563444137573242,-553.739990234375,-556.0,32.8135986328125,-626.02001953125,-614.25,-594.0,-575.0,-556.0,-527.75,-512.9000244140625,-508.8000183105469,-495.94000244140625
5664,-553.9599609375,22.448028564453125,18.59369468688965,17.41200129191081,-553.9600219726562,-556.0,32.57358169555664,-626.02001953125,-614.25,-595.7999877929688,-575.0,-556.0,-527.75,-512.9000244140625,-509.0,-497.89996337890625
5688,-554.219970703125,22.381488800048828,18.596641540527344,17.22928237915039,-554.219970703125,-556.0,32.61029815673828,-626.02001953125,-614.25,-595.7999877929688,-575.0,-556.0,-528.75,-512.9000244140625,-509.0,-497.94000244140625
5712,-554.3399658203125,22.336410522460938,18.603641510009766,17.073522567749023,-554.3400268554688,-557.0,32.53620147705078,-626.02001953125,-614.25,-595.7999877929688,-575.0,-557.0,-528.75,-512.9000244140625,-509.0,-498.97998046875
5736,-554.6199951171875,22.29486846923828,18.60480499267578,16.9220027923584,-554.6199951171875,-557.0,32.270973205566406,-626.02001953125,-614.25,-595.7999877929688,-575.0,-557.0,-528.75,-514.7999877929688,-509.0,-498.97998046875
5760,-554.8399658203125,22.236738204956055,18.59844970703125,16.765249888102215,-554.8400268554688,-557.0,32.162933349609375,-626.02001953125,-614.25,-595.7999877929688,-575.0,-557.0,-529.75,-514.7999877929688,-509.0,-498.97998046875
5784,-555.1799926757812,22.18263816833496,18.59029769897461,16.614619572957356,-555.1799926757812,-557.0,31.999492645263672,-626.02001953125,-614.25,-595.7999877929688,-575.0,-557.0,-530.0,-515.0,-509.0,-498.97998046875
5808,-555.4199829101562,22.122390747070312,18.578224182128906,16.45829137166341,-555.4199829101562,-557.0,31.860063552856445,-626.02001953125,-614.25,-595.7999877929688,-575.0,-557.0,-530.0,-516.7999877929688,-509.0,-498.97998046875
5832,-555.5399780273438,22.09212303161621,18.585538864135742,16.33084487915039,-555.5399780273438,-557.0,31.804222106933594,-626.02001953125,-614.25,-595.7999877929688,-575.0,-557.0,-530.75,-516.7999877929688,-509.0,-498.97998046875
5856,-555.8200073242188,22.03606414794922,18.576190948486328,16.183902740478516,-555.8200073242188,-557.0,31.693653106689453,-626.02001953125,-614.25,-595.7999877929688,-575.25,-557.0,-530.75,-517.0,-509.0,-499.97998046875
5880,-555.8999633789062,22.01862335205078,18.603443145751953,16.04853280385335,-555.9000244140625,-558.0,31.671911239624023,-626.02001953125,-614.25,-595.7999877929688,-575.25,-558.0,-530.75,-517.0,-509.0,-499.97998046875
5904,-556.5,21.967193603515625,18.60406494140625,15.905827522277832,-556.5,-559.0,31.466650009155273,-626.02001953125,-614.25,-595.7999877929688,-575.5,-559.0,-533.75,-517.0,-509.0,-499.97998046875
5928,-556.8200073242188,21.90760040283203,18.5946044921875,15.74830691019694,-556.8200073242188,-559.5,31.380369186401367,-626.02001953125,-614.25,-595.7999877929688,-577.0,-559.5,-533.75,-517.0,-509.0,-499.97998046875
5952,-557.3200073242188,21.869590759277344,18.60076904296875,15.606151262919107,-557.3200073242188,-559.5,31.427656173706055,-627.0999755859375,-614.25,-595.7999877929688,-577.0,-559.5,-533.75,-517.0,-509.95001220703125,-503.89996337890625
5976,-557.3399658203125,21.83490753173828,18.61096954345703,15.463358243306478,-557.3400268554688,-559.5,31.42999267578125,-627.0999755859375,-614.25,-595.7999877929688,-577.0,-559.5,-533.75,-517.0,-509.95001220703125,-503.89996337890625
6000,-557.6199951171875,21.77577781677246,18.59463882446289,15.32448673248291,-557.6199951171875,-559.5,31.249570846557617,-627.0999755859375,-614.25,-595.7999877929688,-577.0,-559.5,-533.75,-517.0,-509.95001220703125,-503.89996337890625
6024,-557.8599853515625,21.744583129882812,18.60441017150879,15.199624061584473,-557.8599853515625,-560.0,31.26820182800293,-627.0999755859375,-614.25,-595.7999877929688,-577.0,-560.0,-533.75,-518.7999877929688,-509.95001220703125,-503.89996337890625
6048,-558.47998046875,21.69799041748047,18.60110092163086,15.06282869974772,-558.47998046875,-560.0,30.8624324798584,-627.0999755859375,-614.25,-595.7999877929688,-577.0,-560.0,-536.5,-520.7999877929688,-510.95001220703125,-503.89996337890625
6072,-558.9400024414062,21.638822555541992,18.580951690673828,14.930044809977213,-558.9400024414062,-560.0,30.55611801147461,-627.0999755859375,-614.25,-595.7999877929688,-577.0,-560.0,-537.75,-520.7999877929688,-510.95001220703125,-505.8599853515625
6096,-559.1199951171875,21.611984252929688,18.589420318603516,14.80360221862793,-559.1199951171875,-560.5,30.54743194580078,-627.0999755859375,-614.25,-595.7999877929688,-577.0,-560.5,-537.75,-520.7999877929688,-511.0,-505.8599853515625
6120,-559.6199951171875,21.565574645996094,18.5882568359375,14.667078653971354,-559.6199951171875,-560.5,30.715723037719727,-628.0800170898438,-614.25,-597.5999755859375,-577.0,-560.5,-537.75,-520.7999877929688,-511.0,-505.8599853515625
6144,-559.739990234375,21.548458099365234,18.604829788208008,14.553500493367514,-559.739990234375,-560.5,30.643310546875,-628.0800170898438,-614.4500122070312,-597.5999755859375,-577.0,-560.5,-537.75,-520.7999877929688,-511.0,-505.8599853515625
6168,-560.0,21.515655517578125,18.61586570739746,14.414135615030924,-560.0,-561.0,30.600000381469727,-628.0800170898438,-614.4500122070312,-597.5999755859375,-577.0,-561.0,-538.75,-521.7000122070312,-511.0,-505.8599853515625
6192,-560.1799926757812,21.48827362060547,18.627559661865234,14.284944216410318,-560.1799926757812,-561.0,30.722103118896484,-631.02001953125,-614.4500122070312,-601.2000122070312,-577.0,-561.0,-539.0,-521.7000122070312,-511.0,-505.8599853515625
6216,-560.3800048828125,21.43642807006836,18.61556625366211,14.147352536519369,-560.3800048828125,-561.0,30.551197052001953,-631.02001953125,-614.4500122070312,-601.2000122070312,-577.0,-561.0,-539.0,-521.7000122070312,-512.9000244140625,-509.77996826171875
6240,-560.5800170898438,21.402828216552734,18.61760902404785,14.030096371968588,-560.5800170898438,-561.0,30.4969425201416,-631.02001953125,-614.4500122070312,-601.2000122070312,-578.25,-561.0,-539.0,-522.0,-512.9000244140625,-509.77996826171875
6264,-560.760009765625,21.36805534362793,18.619136810302734,13.9006716410319,-560.760009765625,-561.0,30.404972076416016,-631.02001953125,-614.4500122070312,-601.2000122070312,-578.25,-561.0,-539.0,-522.0,-512.9000244140625,-509.77996826171875
6288,-560.8399658203125,21.341548919677734,18.62255096435547,13.785951296488443,-560.8400268554688,-561.0,30.419967651367188,-631.02001953125,-614.4500122070312,-601.2000122070312,-579.0,-561.0,-539.0,-522.0,-512.9000244140625,-509.77996826171875
6312,-561.0599975585938,21.299274444580078,18.612857818603516,13.664605776468912,-561.0599975585938,-561.0,30.626726150512695,-631.02001953125,-614.4500122070312,-603.0,-579.0,-561.0,-539.0,-522.0,-512.9000244140625,-509.77996826171875
6336,-561.219970703125,21.255413055419922,18.61544418334961,13.541712443033854,-561.219970703125,-561.0,30.532466888427734,-631.02001953125,-614.4500122070312,-603.0,-579.0,-561.0,-539.75,-522.0,-512.9500122070312,-509.77996826171875
6360,-561.3599853515625,21.207157135009766,18.60438346862793,13.395467122395834,-561.3599853515625,-561.0,30.582191467285156,-631.02001953125,-614.4500122070312,-603.0,-579.25,-561.0,-539.75,-522.0,-512.9500122070312,-509.77996826171875
6384,-561.5800170898438,21.15793228149414,18.592639923095703,13.28182315826416,-561.5800170898438,-561.0,30.50022315979004,-631.02001953125,-614.4500122070312,-603.0,-579.25,-561.0,-540.0,-522.0,-513.0,-509.77996826171875
6408,-561.6599731445312,21.07909393310547,18.544212341308594,13.140511194864908,-561.6599731445312,-561.0,30.367158889770508,-631.02001953125,-614.4500122070312,-603.0,-579.25,-561.0,-540.75,-522.0,-513.9500122070312,-509.77996826171875
6432,-562.0800170898438,21.03506088256836,18.531999588012695,13.015235900878906,-562.0800170898438,-561.0,30.444597244262695,-631.02001953125,-614.4500122070312,-603.0,-580.0,-561.0,-541.0,-522.9000244140625,-515.8500366210938,-509.77996826171875
6456,-562.5,21.00136947631836,18.530189514160156,12.904949188232422,-562.5,-561.0,30.544885635375977,-631.02001953125,-614.4500122070312,-603.0,-580.0,-561.0,-541.75,-522.9000244140625,-515.8500366210938,-509.77996826171875
6480,-562.7999877929688,20.934391021728516,18.502307891845703,12.772405306498209,-562.7999877929688,-563.5,30.579078674316406,-631.02001953125,-620.1500244140625,-603.0,-580.0,-563.5,-541.75,-522.9000244140625,-516.0,-509.77996826171875
6504,-563.1400146484375,20.88582992553711,18.481273651123047,12.660571734110514,-563.1400146484375,-563.5,30.585298538208008,-631.02001953125,-620.1500244140625,-603.0,-580.25,-563.5,-541.75,-523.7999877929688,-516.0,-509.77996826171875
6528,-563.219970703125,20.840110778808594,18.462167739868164,12.552645683288574,-563.219970703125,-563.5,30.5023193359375,-631.02001953125,-620.1500244140625,-603.0,-580.25,-563.5,-541.75,-523.7999877929688,-516.0,-512.719970703125
6552,-563.2999877929688,20.803607940673828,18.453327178955078,12.438298543294271,-563.2999877929688,-563.5,30.449138641357422,-631.02001953125,-620.1500244140625,-603.0,-580.25,-563.5,-541.75,-523.7999877929688,-516.0,-512.719970703125
6576,-563.3999633789062,20.767337799072266,18.44687271118164,12.327675819396973,-563.4000244140625,-563.5,30.49458885192871,-631.02001953125,-620.1500244140625,-603.4000244140625,-580.25,-563.5,-541.75,-523.7999877929688,-516.0,-512.719970703125
6600,-563.6400146484375,20.721057891845703,18.431257247924805,12.216107050577799,-563.6400146484375,-563.5,30.435346603393555,-632.0,-620.1500244140625,-603.4000244140625,-581.0,-563.5,-542.75,-523.7999877929688,-516.0,-512.719970703125
6624,-564.0999755859375,20.687984466552734,18.428546905517578,12.10581111907959,-564.0999755859375,-563.5,29.999832153320312,-632.0399780273438,-620.1500244140625,-603.4000244140625,-581.0,-563.5,-542.75,-523.9000244140625,-517.9500122070312,-515.9400024414062
6648,-564.2999877929688,20.661182403564453,18.42645263671875,12.01076602935791,-564.2999877929688,-563.5,29.980493545532227,-632.0399780273438,-620.1500244140625,-603.4000244140625,-581.0,-563.5,-542.75,-523.9000244140625,-517.9500122070312,-515.97998046875
6672,-564.4599609375,20.612804412841797,18.403400421142578,11.89371140797933,-564.4600219726562,-563.5,29.997806549072266,-634.0,-620.1500244140625,-603.4000244140625,-581.0,-563.5,-543.75,-523.9000244140625,-517.9500122070312,-515.97998046875
6696,-564.6400146484375,20.58615493774414,18.400508880615234,11.79396947224935,-564.6400146484375,-563.5,30.021831512451172,-634.0,-620.1500244140625,-603.4000244140625,-581.0,-563.5,-543.75,-523.9000244140625,-517.9500122070312,-515.97998046875
6720,-564.7799682617188,20.577119827270508,18.41140365600586,11.692529678344727,-564.780029296875,-563.5,29.98518943786621,-634.0,-620.1500244140625,-603.4000244140625,-581.0,-563.5,-543.75,-523.9000244140625,-517.9500122070312,-515.97998046875
6744,-565.0,20.554752349853516,18.413707733154297,11.5854279200236,-565.0,-563.5,29.96664810180664,-634.0,-620.1500244140625,-607.0,-581.0,-563.5,-543.75,-523.9000244140625,-518.9500122070312,-515.97998046875
6768,-565.2999877929688,20.531448364257812,18.41903305053711,11.48141066233317,-565.2999877929688,-563.5,29.987163543701172,-634.0,-620.1500244140625,-607.4000244140625,-582.25,-563.5,-543.75,-523.9000244140625,-518.9500122070312,-515.97998046875
6792,-565.5199584960938,20.514053344726562,18.42660140991211,11.377254168192545,-565.52001953125,-563.5,29.93408966064453,-634.0,-620.1500244140625,-607.4000244140625,-583.0,-563.5,-544.0,-523.9000244140625,-519.9500122070312,-515.97998046875
6816,-565.6400146484375,20.485349655151367,18.432558059692383,11.259757041931152,-565.6400146484375,-563.5,29.973159790039062,-634.0,-620.1500244140625,-607.4000244140625,-583.0,-563.5,-544.0,-524.0,-519.9500122070312,-515.97998046875
6840,-565.8599853515625,20.425296783447266,18.399288177490234,11.143676122029623,-565.8599853515625,-563.5,30.062942504882812,-634.0,-620.1500244140625,-607.4000244140625,-583.5,-563.5,-544.0,-524.0,-519.9500122070312,-515.97998046875
6864,-566.0399780273438,20.3928279876709,18.39462661743164,11.033788681030273,-566.0399780273438,-563.5,30.16949462890625,-634.0,-620.1500244140625,-607.4000244140625,-585.0,-563.5,-544.0,-524.0,-519.9500122070312,-515.97998046875
6888,-566.0999755859375,20.381332397460938,18.415210723876953,10.929628054300943,-566.0999755859375,-564.5,30.189899444580078,-634.0,-620.1500244140625,-607.4000244140625,-585.0,-564.5,-544.0,-524.0,-519.9500122070312,-515.97998046875
6912,-566.219970703125,20.367671966552734,18.426864624023438,10.83056354522705,-566.219970703125,-564.5,30.265352249145508,-634.0,-620.1500244140625,-611.0,-585.0,-564.5,-544.0,-524.0,-519.9500122070312,-515.97998046875
6936,-566.47998046875,20.347070693969727,18.43808364868164,10.71997038523356,-566.47998046875,-564.5,30.235898971557617,-634.0,-620.1500244140625,-611.0,-585.0,-564.5,-544.0,-525.7999877929688,-519.9500122070312,-515.97998046875
6960,-566.7000122070312,20.31798553466797,18.434860229492188,10.621371587117514,-566.7000122070312,-564.5,30.153440475463867,-634.0,-620.1500244140625,-611.0,-585.25,-564.5,-544.0,-525.7999877929688,-519.9500122070312,-515.97998046875
6984,-566.97998046875,20.297592163085938,18.442136764526367,10.52380402882894,-566.97998046875,-565.0,30.054611206054688,-634.0,-620.1500244140625,-611.0,-585.25,-565.0,-544.0,-527.7999877929688,-519.9500122070312,-515.97998046875
7008,-567.0,20.25891876220703,18.42945671081543,10.434216817220053,-567.0,-565.0,30.059940338134766,-634.0,-620.1500244140625,-611.0,-585.25,-565.0,-544.0,-527.7999877929688,-519.9500122070312,-515.97998046875
7032,-567.2799682617188,20.236286163330078,18.42523193359375,10.357181231180826,-567.280029296875,-565.0,29.95399284362793,-634.0,-620.1500244140625,-611.0,-585.25,-565.0,-544.0,-528.7000122070312,-519.9500122070312,-515.97998046875
7056,-567.5199584960938,20.2235107421875,18.430908203125,10.289205551147461,-567.52001953125,-565.0,29.88795280456543,-634.0,-620.1500244140625,-611.0,-586.0,-565.0,-544.75,-528.9000244140625,-521.8500366210938,-515.97998046875
7080,-567.760009765625,20.20345687866211,18.435733795166016,10.200383186340332,-567.760009765625,-565.0,29.736549377441406,-634.0,-620.1500244140625,-611.0,-586.0,-565.0,-544.75,-529.9000244140625,-522.800048828125,-515.97998046875
7104,-567.9400024414062,20.177082061767578,18.430198669433594,10.110702196756998,-567.9400024414062,-565.0,29.85291290283203,-634.0,-623.0,-611.0,-586.0,-565.0,-544.75,-529.9000244140625,-522.800048828125,-515.97998046875
7128,-568.0399780273438,20.164770126342773,18.433271408081055,10.029102643330893,-568.0399780273438,-565.0,29.79661750793457,-634.0,-623.0,-611.0,-586.0,-565.0,-544.75,-529.9000244140625,-522.800048828125,-515.97998046875
7152,-568.1400146484375,20.163524627685547,18.45201873779297,9.936860084533691,-568.1400146484375,-566.0,29.74593162536621,-634.0,-623.0,-611.0,-586.0,-566.0,-547.0,-529.9000244140625,-522.800048828125,-515.97998046875
7176,-568.3599853515625,20.150115966796875,18.45833396911621,9.846559524536133,-568.3599853515625,-566.0,29.774995803833008,-634.0,-623.0499877929688,-611.0,-586.25,-566.0,-547.0,-529.9000244140625,-523.75,-515.97998046875
7200,-568.5,20.119173049926758,18.455860137939453,9.750861485799154,-568.5,-568.0,29.723222732543945,-634.0,-623.0499877929688,-611.0,-586.25,-568.0,-547.5,-529.9000244140625,-523.75,-515.97998046875
7224,-568.6799926757812,20.096702575683594,18.456296920776367,9.670441309611002,-568.6799926757812,-569.0,29.857955932617188,-634.0,-623.0499877929688,-611.0,-586.25,-569.0,-547.5,-529.9000244140625,-523.75,-515.97998046875
7248,-568.719970703125,20.0726375579834,18.452299118041992,9.580176989237467,-568.719970703125,-569.0,29.848979949951172,-634.0,-623.0499877929688,-611.0,-586.25,-569.0,-547.5,-529.9000244140625,-523.75,-516.9599609375
7272,-568.8599853515625,20.053852081298828,18.449302673339844,9.497947374979654,-568.8599853515625,-569.0,29.842594146728516,-634.0,-623.0499877929688,-611.0,-587.0,-569.0,-547.5,-529.9000244140625,-523.75,-516.9599609375
7296,-569.0199584960938,20.02646255493164,18.444496154785156,9.410215059916178,-569.02001953125,-570.0,29.814085006713867,-634.0,-623.0499877929688,-611.0,-587.0,-570.0,-547.5,-529.9000244140625,-523.75,-516.9599609375
7320,-569.0599975585938,20.003271102905273,18.440250396728516,9.327467600504557,-569.0599975585938,-571.0,29.816713333129883,-634.0,-623.0499877929688,-611.0,-587.0,-571.0,-547.5,-529.9000244140625,-523.75,-516.9599609375
7344,-569.260009765625,20.005447387695312,18.458784103393555,9.241381327311197,-569.260009765625,-571.0,29.796180725097656,-634.0,-623.0499877929688,-611.0,-587.0,-571.0,-547.5,-530.9000244140625,-523.75,-516.9599609375
7368,-569.5999755859375,19.989322662353516,18.464248657226562,9.159219106038412,-569.5999755859375,-571.0,30.029985427856445,-634.0,-624.25,-611.0,-587.0,-571.0,-547.5,-530.9000244140625,-523.75,-516.9599609375
7392,-569.7999877929688,19.973346710205078,18.469730377197266,9.067073504130045,-569.7999877929688,-571.0,29.85833168029785,-634.0,-624.25,-611.0,-587.0,-571.0,-547.5,-531.7999877929688,-523.75,-516.9599609375
7416,-569.8599853515625,19.95394515991211,18.46938705444336,8.983416239420572,-569.8599853515625,-571.0,29.85130500793457,-634.0,-624.25,-611.0,-587.0,-571.0,-547.5,-531.7999877929688,-523.75,-516.9599609375
7440,-569.9199829101562,19.917373657226562,18.443130493164062,8.921831448872885,-569.9199829101562,-571.0,29.866931915283203,-634.0399780273438,-624.25,-611.0,-587.0,-571.0,-547.5,-531.7999877929688,-523.75,-516.9599609375
7464,-570.0800170898438,19.897594451904297,18.440608978271484,8.86768913269043,-570.0800170898438,-571.0,29.905744552612305,-634.0399780273438,-624.25,-611.0,-587.0,-571.0,-547.5,-531.7999877929688,-523.75,-516.9599609375
7488,-570.1799926757812,19.876731872558594,18.435420989990234,8.781153678894043,-570.1799926757812,-571.0,29.824277877807617,-634.0399780273438,-624.25,-611.0,-587.0,-571.0,-547.5,-531.7999877929688,-523.75,-516.9599609375
7512,-570.3800048828125,19.842954635620117,18.42040252685547,8.707961718241373,-570.3800048828125,-571.0,29.737106323242188,-634.0399780273438,-624.25,-611.0,-587.25,-571.0,-547.5,-531.7999877929688,-524.0,-516.9599609375
7536,-570.5199584960938,19.82379150390625,18.416677474975586,8.642452239990234,-570.52001953125,-571.0,29.63595199584961,-634.0399780273438,-624.25,-611.0,-587.25,-571.0,-550.75,-531.7999877929688,-524.0,-516.9599609375
7560,-570.760009765625,19.783370971679688,18.39564323425293,8.566194852193197,-570.760009765625,-571.0,29.594295501708984,-634.0399780273438,-624.25,-611.0999755859375,-587.25,-571.0,-550.75,-531.7999877929688,-524.0,-516.9599609375
7584,-570.7999877929688,19.77402114868164,18.401554107666016,8.48437213897705,-570.7999877929688,-571.0,29.63983726501465,-634.0399780273438,-625.2000122070312,-611.0999755859375,-587.25,-571.0,-550.75,-531.7999877929688,-524.0,-516.9599609375
7608,-570.97998046875,19.765029907226562,18.41212272644043,8.403542518615723,-570.97998046875,-571.0,29.63105583190918,-634.0399780273438,-625.2000122070312,-611.0999755859375,-587.25,-571.0,-550.75,-531.7999877929688,-524.0,-517.0
7632,-571.0,19.761533737182617,18.431812286376953,8.310526847839355,-571.0,-571.0,29.620262145996094,-634.0399780273438,-625.2000122070312,-611.0999755859375,-587.25,-571.0,-550.75,-531.7999877929688,-524.0,-517.0
7656,-571.0999755859375,19.738595962524414,18.430461883544922,8.224106470743815,-571.0999755859375,-571.5,29.58563804626465,-634.0399780273438,-625.2000122070312,-611.0999755859375,-587.25,-571.5,-550.75,-531.7999877929688,-524.0,-517.0
7680,-571.1799926757812,19.717729568481445,18.426918029785156,8.148732980092367,-571.1799926757812,-571.5,29.59539794921875,-634.0399780273438,-625.2000122070312,-611.0999755859375,-588.25,-571.5,-550.75,-531.7999877929688,-524.0,-517.0
7704,-571.5,19.71774673461914,18.4350643157959,8.09451675415039,-571.5,-572.0,29.70774269104004,-634.0399780273438,-625.2000122070312,-611.2000122070312,-588.25,-572.0,-550.75,-531.7999877929688,-524.0,-517.0
7728,-571.5800170898438,19.68233871459961,18.41855239868164,8.00373617808024,-571.5800170898438,-572.0,29.747331619262695,-634.0399780273438,-625.2000122070312,-611.2000122070312,-588.25,-572.0,-550.75,-531.7999877929688,-524.0,-517.0
7752,-571.7000122070312,19.671199798583984,18.42721939086914,7.9279937744140625,-571.7000122070312,-572.0,29.812580108642578,-634.0399780273438,-627.0999755859375,-611.2000122070312,-589.0,-572.0,-550.75,-531.7999877929688,-524.0,-517.0
7776,-571.8399658203125,19.668498992919922,18.438907623291016,7.855436325073242,-571.8400268554688,-572.0,29.800912857055664,-634.0399780273438,-627.0999755859375,-611.2000122070312,-589.0,-572.0,-551.75,-532.9000244140625,-524.0,-517.0
7800,-571.97998046875,19.63541603088379,18.42568588256836,7.7741085688273115,-571.97998046875,-573.5,29.758352279663086,-634.0399780273438,-627.0999755859375,-611.2000122070312,-589.0,-573.5,-552.75,-533.9000244140625,-524.0,-517.0
7824,-572.1400146484375,19.614521026611328,18.41678237915039,7.70935853322347,-572.1400146484375,-573.5,29.833209991455078,-634.0399780273438,-627.0999755859375,-611.2000122070312,-589.0,-573.5,-552.75,-533.9000244140625,-524.0,-517.0
7848,-572.1799926757812,19.60116195678711,18.413150787353516,7.636175155639648,-572.1799926757812,-573.5,29.830984115600586,-634.0399780273438,-627.0999755859375,-611.2000122070312,-589.0,-573.5,-552.75,-533.9000244140625,-524.0,-517.0
7872,-572.219970703125,19.611183166503906,18.437055587768555,7.57122818628947,-572.219970703125,-573.5,29.824010848999023,-634.0399780273438,-627.0999755859375,-611.2000122070312,-589.0,-573.5,-552.75,-533.9000244140625,-524.0,-517.0
7896,-572.5399780273438,19.59380531311035,18.434600830078125,7.509914080301921,-572.5399780273438,-574.5,29.726564407348633,-634.0399780273438,-627.0999755859375,-611.2000122070312,-589.25,-574.5,-553.75,-533.9000244140625,-524.0,-517.0
7920,-572.8200073242188,19.5838623046875,18.432952880859375,7.474844614664714,-572.8200073242188,-574.5,29.535869598388672,-634.0399780273438,-627.0999755859375,-611.2000122070312,-589.25,-574.5,-553.75,-533.9000244140625,-524.0,-520.9199829101562
7944,-572.9400024414062,19.5950927734375,18.452228546142578,7.3995005289713545,-572.9400024414062,-574.5,29.525522232055664,-634.0399780273438,-627.0999755859375,-611.2000122070312,-589.25,-574.5,-553.75,-534.9000244140625,-524.0,-520.9199829101562
7968,-572.9400024414062,19.60507583618164,18.473773956298828,7.338186740875244,-572.9400024414062,-574.5,29.525522232055664,-634.0399780273438,-627.0999755859375,-611.2000122070312,-589.25,-574.5,-553.75,-534.9000244140625,-524.0,-520.9199829101562
7992,-573.0199584960938,19.58029556274414,18.465377807617188,7.263588905334473,-573.02001953125,-574.5,29.583770751953125,-634.0399780273438,-628.0499877929688,-611.2000122070312,-589.25,-574.5,-553.75,-534.9000244140625,-524.0,-520.9199829101562
8016,-573.0399780273438,19.557836532592773,18.457815170288086,7.1895976066589355,-573.0399780273438,-574.5,29.56616973876953,-634.0399780273438,-628.0499877929688,-611.2000122070312,-589.25,-574.5,-553.75,-534.9000244140625,-524.0,-520.9199829101562
8040,-573.0999755859375,19.532907485961914,18.451793670654297,7.108626524607341,-573.0999755859375,-574.5,29.58090591430664,-634.0399780273438,-628.0499877929688,-611.2000122070312,-589.25,-574.5,-553.75,-534.9000244140625,-524.0,-520.9199829101562
8064,-573.2000122070312,19.51567840576172,18.445280075073242,7.055591583251953,-573.2000122070312,-575.0,29.52693748474121,-634.0399780273438,-628.0499877929688,-611.2000122070312,-589.25,-575.0,-553.75,-534.9000244140625,-524.0,-520.9199829101562
8088,-573.3599853515625,19.500648498535156,18.445188522338867,6.988116264343262,-573.3599853515625,-575.0,29.546409606933594,-634.0399780273438,-628.0499877929688,-613.0999755859375,-589.25,-575.0,-554.75,-534.9000244140625,-524.0,-520.9199829101562
8112,-573.4400024414062,19.490596771240234,18.45227813720703,6.915608565012614,-573.4400024414062,-575.0,29.550064086914062,-634.0399780273438,-628.0499877929688,-613.0999755859375,-589.25,-575.0,-554.75,-534.9000244140625,-524.0,-520.9199829101562
8136,-573.4599609375,19.487302780151367,18.458261489868164,6.869213740030925,-573.4600219726562,-575.0,29.55246925354004,-634.0399780273438,-628.0499877929688,-613.0999755859375,-589.25,-575.0,-554.75,-534.9000244140625,-524.0,-520.9199829101562
8160,-573.47998046875,19.458498001098633,18.4400577545166,6.807161013285319,-573.47998046875,-575.0,29.52642250061035,-634.0399780273438,-628.0499877929688,-613.0999755859375,-589.25,-575.0,-554.75,-535.9000244140625,-524.0,-520.9199829101562
8184,-573.5399780273438,19.465068817138672,18.454160690307617,6.7561354637146,-573.5399780273438,-575.0,29.431758880615234,-634.0399780273438,-628.0499877929688,-613.0999755859375,-589.25,-575.0,-554.75,-535.9000244140625,-527.800048828125,-520.9199829101562
8208,-573.5999755859375,19.45870590209961,18.460315704345703,6.701089382171631,-573.5999755859375,-575.0,29.412919998168945,-634.0399780273438,-628.0499877929688,-613.0999755859375,-589.25,-575.0,-554.75,-535.9000244140625,-527.800048828125,-520.9199829101562
8232,-573.739990234375,19.47280502319336,18.48359489440918,6.637608687082927,-573.739990234375,-575.0,29.487834930419922,-634.0599975585938,-628.0499877929688,-614.0999755859375,-589.25,-575.0,-554.75,-535.9000244140625,-527.800048828125,-521.0
8256,-573.739990234375,19.44580078125,18.47579574584961,6.563222885131836,-573.739990234375,-575.0,29.487834930419922,-634.0599975585938,-628.0499877929688,-614.0999755859375,-589.25,-575.0,-554.75,-535.9000244140625,-527.800048828125,-521.0
8280,-573.7799682617188,19.45781135559082,18.500999450683594,6.504737536112468,-573.780029296875,-575.0,29.465091705322266,-634.0599975585938,-628.0499877929688,-614.0999755859375,-589.25,-575.0,-555.75,-535.9000244140625,-527.800048828125,-521.0
8304,-573.8800048828125,19.454578399658203,18.509939193725586,6.4512144724528,-573.8800048828125,-575.0,29.48602294921875,-634.0599975585938,-628.0499877929688,-614.0999755859375,-589.25,-575.0,-555.75,-535.9000244140625,-527.800048828125,-521.0
8328,-573.9599609375,19.442289352416992,18.51119041442871,6.390515486399333,-573.9600219726562,-576.0,29.462493896484375,-634.0599975585938,-628.0499877929688,-614.0999755859375,-589.25,-576.0,-555.75,-535.9000244140625,-527.800048828125,-521.0
8352,-574.0599975585938,19.42560577392578,18.509170532226562,6.322851657867432,-574.0599975585938,-576.0,29.427139282226562,-634.0599975585938,-628.0499877929688,-614.0999755859375,-589.25,-576.0,-555.75,-535.9000244140625,-527.800048828125,-521.0
8376,-574.219970703125,19.413888931274414,18.508846282958984,6.259274005889893,-574.219970703125,-576.0,29.509178161621094,-635.0399780273438,-629.0999755859375,-614.0999755859375,-589.25,-576.0,-555.75,-535.9000244140625,-527.800048828125,-521.0
8400,-574.4400024414062,19.370887756347656,18.47453498840332,6.194602966308594,-574.4400024414062,-576.0,29.52501106262207,-635.0399780273438,-629.0999755859375,-614.2999877929688,-589.25,-576.0,-555.75,-535.9000244140625,-527.8500366210938,-521.0
8424,-574.5199584960938,19.3693904876709,18.488340377807617,6.140168348948161,-574.52001953125,-576.5,29.53251838684082,-635.0399780273438,-629.0999755859375,-614.2999877929688,-589.25,-576.5,-555.75,-535.9000244140625,-527.8500366210938,-521.0
8448,-574.6799926757812,19.344497680664062,18.47177505493164,6.086580117543538,-574.6799926757812,-576.5,29.47910499572754,-635.0399780273438,-629.0999755859375,-614.2999877929688,-590.25,-576.5,-555.75,-535.9000244140625,-527.9500122070312,-521.0
8472,-574.7799682617188,19.34295654296875,18.48190689086914,6.0290835698445635,-574.780029296875,-576.5,29.44268226623535,-635.0399780273438,-629.0999755859375,-614.2999877929688,-590.25,-576.5,-555.75,-535.9000244140625,-527.9500122070312,-521.0
8496,-574.8800048828125,19.340906143188477,18.48668098449707,5.974270025889079,-574.8800048828125,-576.5,29.351415634155273,-635.0399780273438,-629.0999755859375,-614.2999877929688,-590.25,-576.5,-555.75,-535.9000244140625,-528.9500122070312,-521.0
8520,-574.9199829101562,19.329715728759766,18.491619110107422,5.892258961995442,-574.9199829101562,-576.5,29.3167781829834,-635.0399780273438,-629.0999755859375,-614.2999877929688,-590.25,-576.5,-555.75,-536.9000244140625,-528.9500122070312,-521.0
8544,-575.0,19.318435668945312,18.493438720703125,5.833112080891927,-575.0,-576.5,29.367328643798828,-635.0399780273438,-629.0999755859375,-614.2999877929688,-591.0,-576.5,-555.75,-536.9000244140625,-528.9500122070312,-521.0
8568,-575.1400146484375,19.292884826660156,18.47889518737793,5.776901086171468,-575.1400146484375,-576.5,29.345874786376953,-635.0399780273438,-629.0999755859375,-614.2999877929688,-591.0,-576.5,-555.75,-536.9000244140625,-528.9500122070312,-521.0
8592,-575.1799926757812,19.288837432861328,18.488508224487305,5.739666779836019,-575.1799926757812,-576.5,29.31974983215332,-635.0399780273438,-629.0999755859375,-614.2999877929688,-591.0,-576.5,-555.75,-536.9000244140625,-528.9500122070312,-521.0
8616,-575.219970703125,19.279951095581055,18.49280548095703,5.682270526885986,-575.219970703125,-576.5,29.27851676940918,-635.0399780273438,-629.0999755859375,-614.2999877929688,-591.0,-576.5,-555.75,-536.9000244140625,-528.9500122070312,-521.0
8640,-575.2799682617188,19.265165328979492,18.48256492614746,5.64040994644165,-575.280029296875,-576.5,29.246564865112305,-635.0399780273438,-629.0999755859375,-614.2999877929688,-591.0,-576.5,-555.75,-536.9000244140625,-528.9500122070312,-521.0
8664,-575.3599853515625,19.261444091796875,18.482173919677734,5.608081181844075,-575.3599853515625,-576.5,29.230642318725586,-635.0399780273438,-629.0999755859375,-614.2999877929688,-591.0,-576.5,-555.75,-538.7000122070312,-528.9500122070312,-521.0
8688,-575.4400024414062,19.240829467773438,18.47064208984375,5.5633589426676435,-575.4400024414062,-576.5,29.196683883666992,-635.0399780273438,-629.0999755859375,-614.2999877929688,-591.0,-576.5,-555.75,-538.7000122070312,-528.9500122070312,-521.0
8712,-575.47998046875,19.248680114746094,18.488666534423828,5.513514677683513,-575.47998046875,-576.5,29.14875030517578,-635.0399780273438,-629.0999755859375,-614.2999877929688,-591.0,-576.5,-555.75,-538.9000244140625,-528.9500122070312,-521.0
8736,-575.5399780273438,19.246685028076172,18.500864028930664,5.452702363332112,-575.5399780273438,-577.0,29.111310958862305,-635.0399780273438,-629.0999755859375,-614.2999877929688,-591.0,-577.0,-555.75,-538.9000244140625,-528.9500122070312,-521.0
8760,-575.5999755859375,19.23996353149414,18.504955291748047,5.387361208597819,-575.5999755859375,-577.0,29.048236846923828,-635.0399780273438,-629.0999755859375,-614.2999877929688,-591.0,-577.0,-555.75,-539.0,-528.9500122070312,-521.0
8784,-575.5999755859375,19.21151351928711,18.48882293701172,5.330221335093181,-575.5999755859375,-577.0,29.048236846923828,-635.0399780273438,-629.0999755859375,-614.2999877929688,-591.0,-577.0,-555.75,-539.0,-528.9500122070312,-521.0
8808,-575.6599731445312,19.186559677124023,18.473529815673828,5.280333042144775,-575.6599731445312,-577.0,28.997316360473633,-635.0399780273438,-629.0999755859375,-614.2999877929688,-591.0,-577.0,-555.75,-539.0,-528.9500122070312,-521.0
8832,-575.739990234375,19.183406829833984,18.476722717285156,5.22610330581665,-575.739990234375,-577.0,28.995384216308594,-635.0399780273438,-629.0999755859375,-614.2999877929688,-591.0,-577.0,-555.75,-539.0,-528.9500122070312,-521.0
8856,-575.8399658203125,19.17584800720215,18.476085662841797,5.182190577189128,-575.8400268554688,-577.5,29.025753021240234,-635.0399780273438,-629.0999755859375,-614.2999877929688,-591.0,-577.5,-555.75,-539.0,-528.9500122070312,-521.0
8880,-575.9599609375,19.163108825683594,18.47310447692871,5.142163912455241,-575.9600219726562,-577.5,28.98272705078125,-635.0399780273438,-629.0999755859375,-614.2999877929688,-591.0,-577.5,-557.5,-539.0,-528.9500122070312,-521.0
8904,-576.0199584960938,19.150390625,18.46709632873535,5.097849051157634,-576.02001953125,-577.5,28.974462509155273,-635.0399780273438,-629.0999755859375,-614.2999877929688,-591.0,-577.5,-557.5,-539.0,-528.9500122070312,-521.0
8928,-576.0599975585938,19.117197036743164,18.443565368652344,5.042331218719482,-576.0599975585938,-577.5,28.990970611572266,-635.0399780273438,-629.0999755859375,-614.2999877929688,-591.0,-577.5,-557.5,-539.0,-528.9500122070312,-521.0
8952,-576.1199951171875,19.10099983215332,18.434043884277344,5.003512700398763,-576.1199951171875,-577.5,28.920330047607422,-635.0399780273438,-629.0999755859375,-614.2999877929688,-591.0,-577.5,-557.5,-539.0,-528.9500122070312,-521.0
8976,-576.1400146484375,19.086000442504883,18.42843246459961,4.949374198913574,-576.1400146484375,-577.5,28.906408309936523,-635.0399780273438,-629.0999755859375,-614.2999877929688,-591.0,-577.5,-557.75,-539.0,-528.9500122070312,-521.0
9000,-576.1599731445312,19.069936752319336,18.420337677001953,4.915052572886149,-576.1599731445312,-577.5,28.900768280029297,-635.0399780273438,-629.0999755859375,-614.2999877929688,-591.0,-577.5,-557.75,-539.0,-528.9500122070312,-521.0
9024,-576.1599731445312,19.054372787475586,18.408218383789062,4.871979395548503,-576.1599731445312,-577.5,28.900768280029297,-635.0399780273438,-629.0999755859375,-614.2999877929688,-591.0,-577.5,-557.75,-539.0,-528.9500122070312,-521.0
9048,-576.1799926757812,19.053083419799805,18.416099548339844,4.821033000946045,-576.1799926757812,-577.5,28.932466506958008,-635.0399780273438,-629.0999755859375,-614.2999877929688,-591.0,-577.5,-557.75,-539.0,-528.9500122070312,-521.0
9072,-576.3800048828125,19.0521240234375,18.420921325683594,4.784200509389241,-576.3800048828125,-577.5,29.106966018676758,-635.0399780273438,-629.0999755859375,-614.2999877929688,-591.0,-577.5,-557.75,-539.0,-528.9500122070312,-521.0
9096,-576.3800048828125,19.05434799194336,18.429885864257812,4.761650721232097,-576.3800048828125,-577.5,29.106966018676758,-635.0399780273438,-629.0999755859375,-614.2999877929688,-591.0,-577.5,-557.75,-539.0,-528.9500122070312,-521.0
9120,-576.4199829101562,19.029756546020508,18.413475036621094,4.711499373118083,-576.4199829101562,-577.5,29.168880462646484,-635.0399780273438,-630.0499877929688,-615.2000122070312,-591.0,-577.5,-557.75,-539.0,-528.9500122070312,-521.0
9144,-576.47998046875,19.01495361328125,18.407146453857422,4.671102523803711,-576.47998046875,-578.0,29.108240127563477,-635.0399780273438,-630.0499877929688,-615.2000122070312,-591.0,-578.0,-557.75,-539.0,-528.9500122070312,-521.0
9168,-576.5199584960938,18.989885330200195,18.389522552490234,4.642641385396321,-576.52001953125,-578.0,29.113737106323242,-635.0399780273438,-630.0499877929688,-615.2000122070312,-591.0,-578.0,-557.75,-539.0,-528.9500122070312,-521.0
9192,-576.5599975585938,18.97946548461914,18.38570785522461,4.608306090037028,-576.5599975585938,-578.0,29.096498489379883,-635.0399780273438,-630.0499877929688,-615.2000122070312,-591.0,-578.0,-557.75,-539.0,-528.9500122070312,-521.0
9216,-576.7000122070312,18.97300910949707,18.38361358642578,4.572625637054443,-576.7000122070312,-578.5,29.125761032104492,-635.0399780273438,-630.0499877929688,-617.0,-591.0,-578.5,-557.75,-539.0,-528.9500122070312,-521.0
9240,-576.739990234375,18.970136642456055,18.386457443237305,4.530175844828288,-576.739990234375,-578.5,29.18651008605957,-635.0399780273438,-630.0499877929688,-617.2000122070312,-591.0,-578.5,-557.75,-539.0,-528.9500122070312,-521.0
9264,-576.8200073242188,18.98925018310547,18.409149169921875,4.504281520843506,-576.8200073242188,-578.5,29.14596939086914,-635.0399780273438,-630.0499877929688,-617.2000122070312,-591.0,-578.5,-558.75,-539.0,-528.9500122070312,-521.0
9288,-576.8200073242188,18.963909149169922,18.392803192138672,4.447986125946045,-576.8200073242188,-578.5,29.14596939086914,-635.0399780273438,-630.0499877929688,-617.2000122070312,-591.0,-578.5,-558.75,-539.0,-528.9500122070312,-521.0
9312,-576.8800048828125,18.970794677734375,18.40773582458496,4.412528196970622,-576.8800048828125,-578.5,29.122251510620117,-635.0399780273438,-630.0499877929688,-617.2000122070312,-591.0,-578.5,-558.75,-539.0,-528.9500122070312,-521.0
9336,-576.8800048828125,18.955503463745117,18.396650314331055,4.371814409891765,-576.8800048828125,-578.5,29.122251510620117,-635.0399780273438,-630.0499877929688,-617.2000122070312,-591.0,-578.5,-558.75,-539.0,-528.9500122070312,-521.0
9360,-576.9599609375,18.943513870239258,18.39044952392578,4.331644852956136,-576.9600219726562,-578.5,29.09361457824707,-635.0399780273438,-630.0499877929688,-617.2000122070312,-591.0,-578.5,-558.75,-539.0,-528.9500122070312,-521.0
9384,-577.0199584960938,18.922073364257812,18.382383346557617,4.264597256978353,-577.02001953125,-578.5,29.06681251525879,-635.0399780273438,-630.0499877929688,-617.2000122070312,-591.25,-578.5,-558.75,-539.0,-529.9000244140625,-521.0
9408,-577.0199584960938,18.925317764282227,18.39785385131836,4.195940812428792,-577.02001953125,-578.5,29.06681251525879,-635.0399780273438,-630.0499877929688,-617.2000122070312,-591.25,-578.5,-558.75,-539.0,-529.9000244140625,-521.0
9432,-577.0599975585938,18.933900833129883,18.4113826751709,4.164525032043457,-577.0599975585938,-578.5,29.058500289916992,-635.0399780273438,-630.0499877929688,-617.2000122070312,-591.25,-578.5,-558.75,-539.0,-529.9000244140625,-521.0
9456,-577.1799926757812,18.931049346923828,18.41556167602539,4.120288213094075,-577.1799926757812,-578.5,29.027013778686523,-635.0399780273438,-630.0499877929688,-617.2000122070312,-591.25,-578.5,-558.75,-539.0,-529.9000244140625,-521.0
9480,-577.2000122070312,18.931650161743164,18.423940658569336,4.087108453114827,-577.2000122070312,-578.5,29.017925262451172,-635.0399780273438,-630.0499877929688,-617.2000122070312,-591.25,-578.5,-558.75,-539.0,-529.9000244140625,-521.0
9504,-577.239990234375,18.933765411376953,18.427724838256836,4.05057708422343,-577.239990234375,-578.5,29.02864646911621,-635.0399780273438,-630.0499877929688,-617.2000122070312,-591.25,-578.5,-558.75,-539.0,-529.9000244140625,-521.0
9528,-577.239990234375,18.922447204589844,18.419662475585938,4.0231179396311445,-577.239990234375,-578.5,29.02864646911621,-635.0399780273438,-630.0499877929688,-617.2000122070312,-591.25,-578.5,-558.75,-539.0,-529.9000244140625,-521.0
9552,-577.2799682617188,18.90543556213379,18.41852569580078,3.972100337346395,-577.280029296875,-578.5,29.01657485961914,-635.0399780273438,-630.0499877929688,-617.2000122070312,-591.25,-578.5,-558.75,-539.0,-529.9000244140625,-521.0
9576,-577.3200073242188,18.889001846313477,18.406570434570312,3.9296662012736,-577.3200073242188,-578.5,29.076753616333008,-635.0399780273438,-630.0499877929688,-617.5999755859375,-591.25,-578.5,-558.75,-539.0,-529.9000244140625,-521.0
9600,-577.3599853515625,18.883100509643555,18.401670455932617,3.904839118321737,-577.3599853515625,-578.5,29.120275497436523,-635.0399780273438,-630.0499877929688,-619.4000244140625,-591.25,-578.5,-558.75,-539.0,-529.9000244140625,-521.0
9624,-577.3599853515625,18.882843017578125,18.409313201904297,3.879744609196981,-577.3599853515625,-578.5,29.120275497436523,-635.0399780273438,-630.0499877929688,-619.4000244140625,-591.25,-578.5,-558.75,-539.0,-529.9000244140625,-521.0
9648,-577.3999633789062,18.88020896911621,18.414249420166016,3.833683888117472,-577.4000244140625,-579.5,29.147897720336914,-635.0399780273438,-630.0499877929688,-619.4000244140625,-591.25,-579.5,-558.75,-539.0,-529.9000244140625,-521.0
9672,-577.3999633789062,18.878334045410156,18.416921615600586,3.7978179454803467,-577.4000244140625,-579.5,29.147897720336914,-635.0399780273438,-630.0499877929688,-619.4000244140625,-591.25,-579.5,-558.75,-539.0,-529.9000244140625,-521.0
9696,-577.4199829101562,18.898014068603516,18.438934326171875,3.774395147959391,-577.4199829101562,-579.5,29.135950088500977,-635.0399780273438,-630.0499877929688,-619.4000244140625,-591.25,-579.5,-559.5,-539.0,-529.9000244140625,-521.0
9720,-577.4400024414062,18.891630172729492,18.437957763671875,3.729853391647339,-577.4400024414062,-579.5,29.105436325073242,-635.0399780273438,-630.0499877929688,-619.4000244140625,-591.25,-579.5,-559.5,-539.0,-529.9000244140625,-521.0
9744,-577.4400024414062,18.884944915771484,18.438926696777344,3.6939662297566733,-577.4400024414062,-579.5,29.105436325073242,-635.0399780273438,-630.0499877929688,-619.4000244140625,-591.25,-579.5,-559.5,-539.0,-529.9000244140625,-521.0
9768,-577.4599609375,18.891586303710938,18.45058822631836,3.6494898796081543,-577.4600219726562,-579.5,29.09894371032715,-635.0399780273438,-630.0499877929688,-619.4000244140625,-591.25,-579.5,-559.5,-539.0,-529.9000244140625,-521.0
9792,-577.5199584960938,18.87437629699707,18.43690299987793,3.6205170154571533,-577.52001953125,-579.5,29.124727249145508,-635.0399780273438,-630.0499877929688,-619.4000244140625,-592.25,-579.5,-559.5,-539.0,-529.9000244140625,-521.0
9816,-577.5599975585938,18.855411529541016,18.426828384399414,3.582066853841146,-577.5599975585938,-579.5,29.111618041992188,-635.0399780273438,-630.0499877929688,-619.4000244140625,-592.25,-579.5,-559.5,-539.0,-529.9000244140625,-521.0
9840,-577.5800170898438,18.87970733642578,18.45290184020996,3.5631933212280273,-577.5800170898438,-579.5,29.10641860961914,-635.0399780273438,-630.0499877929688,-619.4000244140625,-592.25,-579.5,-559.5,-539.0,-529.9000244140625,-521.0
9864,-577.6199951171875,18.873952865600586,18.452407836914062,3.5365355809529624,-577.6199951171875,-579.5,29.040929794311523,-635.0399780273438,-630.0499877929688,-619.4000244140625,-592.25,-579.5,-559.5,-539.0,-530.9500122070312,-521.0
9888,-577.7000122070312,18.872352600097656,18.456912994384766,3.507113536198934,-577.7000122070312,-580.0,29.045995712280273,-635.0399780273438,-630.0499877929688,-619.4000244140625,-592.25,-580.0,-559.5,-539.0,-530.9500122070312,-521.0
9912,-577.7000122070312,18.870046615600586,18.45844841003418,3.47888445854187,-577.7000122070312,-580.0,29.045995712280273,-635.0399780273438,-630.0499877929688,-619.4000244140625,-592.25,-580.0,-559.5,-539.0,-530.9500122070312,-521.0
9936,-577.739990234375,18.879512786865234,18.470359802246094,3.438756545384725,-577.739990234375,-580.0,29.040184020996094,-635.0399780273438,-630.0499877929688,-619.4000244140625,-592.25,-580.0,-559.5,-539.0,-530.9500122070312,-521.0
9960,-577.8200073242188,18.879295349121094,18.479299545288086,3.3883539835611978,-577.8200073242188,-580.0,28.9863338470459,-635.0399780273438,-630.0499877929688,-619.4000244140625,-592.25,-580.0,-560.0,-539.0,-530.9500122070312,-521.0
9984,-577.8200073242188,18.858991622924805,18.46556854248047,3.350212335586548,-577.8200073242188,-580.0,28.9863338470459,-635.0399780273438,-630.0499877929688,-619.4000244140625,-592.25,-580.0,-560.0,-539.0,-530.9500122070312,-521.0
