step,best_fitness,avg_hamming,avg_l1,avg_entropy,mean,median,std,2%,5%,10%,25%,50%,75%,90%,95%,98%
48,-0.5405111312866211,127.9520263671875,7.923557281494141,177.0127067565918,0.5405111312866211,0.5398244857788086,0.009531130082905293,0.5215346217155457,0.526471734046936,0.5288169980049133,0.5348964929580688,0.5398244857788086,0.5451112985610962,0.5511691570281982,0.5582670569419861,0.5632928609848022
96,-0.5447096228599548,127.9417953491211,8.072653770446777,176.98781204223633,0.5447096228599548,0.5438673496246338,0.00824321061372757,0.5308837890625,0.5327683687210083,0.5353230237960815,0.5384908318519592,0.5438673496246338,0.5494787693023682,0.5558107495307922,0.5595760345458984,0.5632928609848022
144,-0.5472416281700134,127.93340301513672,8.204963684082031,176.96598434448242,0.5472416877746582,0.5461339950561523,0.008040332235395908,0.5317754149436951,0.5348996520042419,0.5372790694236755,0.5416043400764465,0.5461339950561523,0.5537137389183044,0.5582507252693176,0.5596736669540405,0.5632928609848022
192,-0.548564076423645,127.9254150390625,8.322253227233887,176.9456787109375,0.5485640168190002,0.548586905002594,0.007733996957540512,0.5331964492797852,0.5368091464042664,0.5385577082633972,0.5429950952529907,0.548586905002594,0.5540635585784912,0.5587647557258606,0.5601170063018799,0.5632928609848022
240,-0.5498493313789368,127.91688537597656,8.431792259216309,176.92524337768555,0.549849271774292,0.5501337647438049,0.0072938790544867516,0.5349481701850891,0.5377386808395386,0.5406908392906189,0.544550359249115,0.5501337647438049,0.5550664663314819,0.5588235259056091,0.5601170063018799,0.5632928609848022
288,-0.5505578517913818,127.90670013427734,8.535324096679688,176.90402221679688,0.5505578517913818,0.5502318143844604,0.00693146837875247,0.5377541184425354,0.5404435992240906,0.5420697927474976,0.5452519059181213,0.5502318143844604,0.555779755115509,0.5595792531967163,0.5616299510002136,0.5635002255439758
336,-0.5511360764503479,127.89714813232422,8.641653060913086,176.88325881958008,0.5511360764503479,0.5502916574478149,0.007323457859456539,0.5397770404815674,0.5407205820083618,0.5424193739891052,0.545787513256073,0.5502916574478149,0.5561022758483887,0.5596947073936462,0.5620554089546204,0.5672399997711182
384,-0.5522845983505249,127.88731384277344,8.736230850219727,176.8627815246582,0.5522846579551697,0.5511787533760071,0.0070915622636675835,0.5410110950469971,0.5418839454650879,0.5432720184326172,0.5468496084213257,0.5511787533760071,0.5567158460617065,0.5617676377296448,0.5634748935699463,0.5672399997711182
432,-0.5536035299301147,127.87701416015625,8.842981338500977,176.84112167358398,0.55360347032547,0.5533955097198486,0.007525742519646883,0.5418670773506165,0.5433061718940735,0.5446652173995972,0.547757625579834,0.5533955097198486,0.558706521987915,0.5632335543632507,0.5664740800857544,0.5701906681060791
480,-0.5546310544013977,127.86639404296875,8.934192657470703,176.82050704956055,0.5546310544013977,0.5542019009590149,0.007978171110153198,0.542518675327301,0.543444037437439,0.5448681712150574,0.5489113330841064,0.5542019009590149,0.5588411688804626,0.5649438500404358,0.5676248669624329,0.5749850273132324
528,-0.5548028945922852,127.85578918457031,9.027584075927734,176.7998046875,0.5548029541969299,0.554302990436554,0.007893450558185577,0.542518675327301,0.544138491153717,0.5448995232582092,0.5491592288017273,0.554302990436554,0.5588411688804626,0.5649438500404358,0.5676248669624329,0.5749850273132324
576,-0.5554431080818176,127.84432983398438,9.111006736755371,176.7784423828125,0.5554430484771729,0.5547576546669006,0.007565564010292292,0.5437524318695068,0.544293999671936,0.5458735823631287,0.5502691268920898,0.5547576546669006,0.5591082572937012,0.56517493724823,0.5676248669624329,0.5749850273132324
624,-0.5561637282371521,127.83291625976562,9.195416450500488,176.75706100463867,0.5561636090278625,0.5553547143936157,0.007789028342813253,0.543869137763977,0.5446373820304871,0.5474015474319458,0.5507779717445374,0.5553547143936157,0.561310887336731,0.566204309463501,0.5735690593719482,0.5749850273132324
672,-0.5564926266670227,127.82198333740234,9.290525436401367,176.73531341552734,0.5564926266670227,0.5558346509933472,0.007647253107279539,0.543869137763977,0.5446373820304871,0.5478767156600952,0.5512148141860962,0.5558346509933472,0.561310887336731,0.566204309463501,0.5735690593719482,0.5749850273132324
720,-0.5568246841430664,127.80976867675781,9.374643325805664,176.71311569213867,0.5568246841430664,0.5560430884361267,0.0076561057940125465,0.543869137763977,0.5446373820304871,0.5478767156600952,0.5516161918640137,0.5560430884361267,0.5615524053573608,0.5664727091789246,0.5735690593719482,0.5749850273132324
768,-0.5574501752853394,127.79711151123047,9.457862854003906,176.69075393676758,0.5574501752853394,0.5565800666809082,0.007703464478254318,0.543869137763977,0.5448611378669739,0.54884934425354,0.5526022911071777,0.5565800666809082,0.5617719888687134,0.567261278629303,0.5735690593719482,0.5749850273132324
816,-0.5579671263694763,127.78330993652344,9.544750213623047,176.66667938232422,0.5579671263694763,0.5569020509719849,0.007803016342222691,0.5441469550132751,0.5461567640304565,0.54884934425354,0.5531322360038757,0.5569020509719849,0.5621470212936401,0.5677266120910645,0.5737716555595398,0.5757994055747986
864,-0.5583525896072388,127.77041625976562,9.64261245727539,176.64261627197266,0.5583527088165283,0.5573742389678955,0.0075371782295405865,0.5448787808418274,0.5474658608436584,0.5498407483100891,0.5534563064575195,0.5573742389678955,0.563265323638916,0.5677266120910645,0.5737716555595398,0.5757994055747986
912,-0.5588769912719727,127.7564697265625,9.729621887207031,176.61803436279297,0.5588770508766174,0.5577126741409302,0.007617726922035217,0.5448787808418274,0.5474658608436584,0.549882173538208,0.5541759729385376,0.5577126741409302,0.5641105771064758,0.5698307156562805,0.5737716555595398,0.5757994055747986
960,-0.5593949556350708,127.74134826660156,9.810559272766113,176.5935401916504,0.5593950152397156,0.5580905675888062,0.0076531399972736835,0.5448787808418274,0.5477808117866516,0.5501498579978943,0.5548046231269836,0.5580905675888062,0.5650783181190491,0.5699222683906555,0.5738435387611389,0.5757994055747986
1008,-0.5596896409988403,127.72734832763672,9.887121200561523,176.5699234008789,0.5596897006034851,0.5584074258804321,0.007749803829938173,0.5448787808418274,0.5477808117866516,0.5501498579978943,0.5548046231269836,0.5584074258804321,0.5650783181190491,0.570326030254364,0.5740393400192261,0.5757994055747986
1056,-0.5601015090942383,127.71312713623047,9.95958137512207,176.54652786254883,0.5601015090942383,0.5588104724884033,0.007472016848623753,0.5474486351013184,0.549065113067627,0.5510753393173218,0.5552189350128174,0.5588104724884033,0.5650783181190491,0.570326030254364,0.5740393400192261,0.5757994055747986
1104,-0.5602946877479553,127.69774627685547,10.041850090026855,176.5208396911621,0.5602946877479553,0.5588589906692505,0.007514284923672676,0.5476028919219971,0.549358606338501,0.5510753393173218,0.5552189350128174,0.5588589906692505,0.565230131149292,0.5718815326690674,0.5740393400192261,0.5757994055747986
1152,-0.5606629252433777,127.68357849121094,10.108516693115234,176.4980697631836,0.5606629848480225,0.5590629577636719,0.007240181788802147,0.5477924346923828,0.5495469570159912,0.5523398518562317,0.5558894872665405,0.5590629577636719,0.5654714107513428,0.5718815326690674,0.5740393400192261,0.5757994055747986
1200,-0.5610954761505127,127.66769409179688,10.183582305908203,176.47264099121094,0.5610954165458679,0.559424102306366,0.0074602882377803326,0.5477924346923828,0.5504549741744995,0.552833080291748,0.555970311164856,0.559424102306366,0.5656145811080933,0.573083221912384,0.5749460458755493,0.5774673819541931
1248,-0.5612159371376038,127.65103149414062,10.244476318359375,176.4481658935547,0.5612159371376038,0.559556782245636,0.007349441293627024,0.549102783203125,0.5504828691482544,0.5529585480690002,0.5560311675071716,0.559556782245636,0.5656145811080933,0.573083221912384,0.5749460458755493,0.5774673819541931
1296,-0.5614125728607178,127.63507080078125,10.310690879821777,176.42357635498047,0.5614125728607178,0.5596486330032349,0.007233633194118738,0.549102783203125,0.5510466694831848,0.5534467101097107,0.5566346645355225,0.5596486330032349,0.5656145811080933,0.573083221912384,0.5749460458755493,0.5774673819541931
1344,-0.5614890456199646,127.61791229248047,10.376256942749023,176.39776611328125,0.5614890456199646,0.5596486330032349,0.007157536223530769,0.5491146445274353,0.5515468716621399,0.5534467101097107,0.5570802688598633,0.5596486330032349,0.5656145811080933,0.573083221912384,0.5749460458755493,0.5774673819541931
1392,-0.5615439414978027,127.60147094726562,10.456664085388184,176.37075805664062,0.5615439414978027,0.5598318576812744,0.007139572408050299,0.5491146445274353,0.5515468716621399,0.5534467101097107,0.5572042465209961,0.5598318576812744,0.5656145811080933,0.573083221912384,0.5749460458755493,0.5774673819541931
1440,-0.5617532134056091,127.58338928222656,10.529780387878418,176.3428077697754,0.5617531538009644,0.5602031350135803,0.007134380750358105,0.5495304465293884,0.5515468716621399,0.5534474849700928,0.5573129653930664,0.5602031350135803,0.5658153891563416,0.573083221912384,0.5749460458755493,0.5774673819541931
1488,-0.5623428821563721,127.565185546875,10.60284423828125,176.3150405883789,0.5623428821563721,0.5604895353317261,0.007614116184413433,0.5498862862586975,0.5520896315574646,0.5535866618156433,0.5573536157608032,0.5604895353317261,0.5665997266769409,0.5737724304199219,0.5753901600837708,0.5776492953300476
1536,-0.5624479055404663,127.54620361328125,10.675262451171875,176.28676986694336,0.5624479055404663,0.5609002113342285,0.0075518968515098095,0.5498862862586975,0.5520896315574646,0.5546388030052185,0.5573536157608032,0.5609002113342285,0.5665997266769409,0.5737724304199219,0.5753901600837708,0.5776492953300476
1584,-0.5627830624580383,127.52706146240234,10.743593215942383,176.25854110717773,0.5627830028533936,0.561503529548645,0.007528406102210283,0.5510449409484863,0.552958071231842,0.5550949573516846,0.5574567914009094,0.561503529548645,0.5672833919525146,0.5737724304199219,0.5753901600837708,0.5776492953300476
1632,-0.5632694959640503,127.50536346435547,10.8099365234375,176.22747421264648,0.5632694959640503,0.5616971254348755,0.007511577568948269,0.551561713218689,0.5546669363975525,0.5554491281509399,0.55809485912323,0.5616971254348755,0.5672833919525146,0.5738067626953125,0.5758503675460815,0.5817528367042542
1680,-0.5633073449134827,127.4841537475586,10.882411003112793,176.19631576538086,0.5633073449134827,0.5618796348571777,0.00750653725117445,0.551561713218689,0.5546669363975525,0.5554491281509399,0.55809485912323,0.5618796348571777,0.5672833919525146,0.5738067626953125,0.5758503675460815,0.5817528367042542
1728,-0.5634727478027344,127.4647216796875,10.950114250183105,176.16737365722656,0.5634727478027344,0.5620044469833374,0.007450550328940153,0.551561713218689,0.5546669363975525,0.5554491281509399,0.5582884550094604,0.5620044469833374,0.5672833919525146,0.5738067626953125,0.5758503675460815,0.5817528367042542
1776,-0.5637712478637695,127.443603515625,11.00806713104248,176.1379051208496,0.5637712478637695,0.5620537400245667,0.007497603073716164,0.551561713218689,0.5546669363975525,0.5558779239654541,0.5586406588554382,0.5620537400245667,0.5674907565116882,0.5740864872932434,0.5774704217910767,0.5817528367042542
1824,-0.5640033483505249,127.42218017578125,11.074531555175781,176.10718154907227,0.5640034079551697,0.5627185106277466,0.00748514523729682,0.551561713218689,0.5546669363975525,0.5559377670288086,0.5588579177856445,0.5627185106277466,0.5688284635543823,0.5740864872932434,0.5774704217910767,0.5817528367042542
1872,-0.5643168687820435,127.40181732177734,11.135626792907715,176.07806396484375,0.5643168091773987,0.5633131861686707,0.00739735784009099,0.551561713218689,0.5546669363975525,0.5559377670288086,0.5594180822372437,0.5633131861686707,0.5688284635543823,0.5740864872932434,0.5774704217910767,0.5817528367042542
1920,-0.5645139813423157,127.38163757324219,11.209930419921875,176.04781341552734,0.5645139813423157,0.5634786486625671,0.007357852067798376,0.551561713218689,0.5551339983940125,0.5570229887962341,0.5595561861991882,0.5634786486625671,0.5694220066070557,0.5740864872932434,0.5774704217910767,0.5817528367042542
1968,-0.5647719502449036,127.36077117919922,11.267783164978027,176.01851654052734,0.5647719502449036,0.5642049312591553,0.007451248820871115,0.551561713218689,0.5551339983940125,0.5572032332420349,0.5595571994781494,0.5642049312591553,0.5696220993995667,0.5749577283859253,0.5775700807571411,0.5817528367042542
2016,-0.5648254752159119,127.33969116210938,11.33238410949707,175.98836517333984,0.5648255348205566,0.5642877221107483,0.007434970699250698,0.551561713218689,0.5551339983940125,0.5572032332420349,0.5595571994781494,0.5642877221107483,0.5696685314178467,0.5749577283859253,0.5775700807571411,0.5817528367042542
2064,-0.5650122165679932,127.31844329833984,11.393622398376465,175.95799255371094,0.5650122165679932,0.564423143863678,0.0073952022939920425,0.551561713218689,0.5551339983940125,0.5572032332420349,0.5596110820770264,0.564423143863678,0.5696730613708496,0.5749577283859253,0.5775700807571411,0.5817528367042542
2112,-0.5653928518295288,127.29681396484375,11.453987121582031,175.92787551879883,0.565392792224884,0.5645431280136108,0.0072918180376291275,0.5529922842979431,0.5554801225662231,0.5572032332420349,0.5601788759231567,0.5645431280136108,0.5698966383934021,0.575187623500824,0.5775700807571411,0.5817528367042542
2160,-0.5655952095985413,127.27369689941406,11.517687797546387,175.89560317993164,0.565595269203186,0.5646160840988159,0.007056499365717173,0.5546405911445618,0.5558647513389587,0.5572301149368286,0.5601788759231567,0.5646160840988159,0.5698966383934021,0.575187623500824,0.5775700807571411,0.5817528367042542
2208,-0.5657087564468384,127.25,11.579730033874512,175.8629379272461,0.5657088160514832,0.5646160840988159,0.007090722676366568,0.5546405911445618,0.5558647513389587,0.5572301149368286,0.5604929327964783,0.5646160840988159,0.5701758861541748,0.5753805041313171,0.5775700807571411,0.5817528367042542
2256,-0.5658304691314697,127.22652435302734,11.641319274902344,175.83034133911133,0.5658304691314697,0.5646160840988159,0.0071003553457558155,0.5546405911445618,0.5558647513389587,0.5572301149368286,0.5605762004852295,0.5646160840988159,0.5703922510147095,0.5753805041313171,0.5775700807571411,0.5817528367042542
2304,-0.56595379114151,127.2026596069336,11.702219009399414,175.79745864868164,0.5659538507461548,0.5646160840988159,0.006969383917748928,0.5553956627845764,0.5558784008026123,0.5575079321861267,0.5610904693603516,0.5646160840988159,0.5703922510147095,0.5753805041313171,0.5775700807571411,0.5817528367042542
2352,-0.5661492347717285,127.1784896850586,11.758170127868652,175.7647590637207,0.5661492943763733,0.5647766590118408,0.006940820254385471,0.5553956627845764,0.5558784008026123,0.5575079321861267,0.5612630844116211,0.5647766590118408,0.5704221725463867,0.5753805041313171,0.5775700807571411,0.5817528367042542
2400,-0.5662205219268799,127.15512084960938,11.816821098327637,175.73230743408203,0.5662205219268799,0.5647766590118408,0.00689121475443244,0.5553956627845764,0.5570791959762573,0.5581318140029907,0.5612630844116211,0.5647766590118408,0.5704221725463867,0.5753805041313171,0.5775700807571411,0.5817528367042542
2448,-0.5662845373153687,127.13093566894531,11.87524700164795,175.69933319091797,0.5662845373153687,0.5649175643920898,0.006883404217660427,0.5553956627845764,0.5570791959762573,0.5581318140029907,0.5612630844116211,0.5649175643920898,0.5704221725463867,0.5753805041313171,0.5775700807571411,0.5817528367042542
2496,-0.5664722919464111,127.10675048828125,11.931175231933594,175.66618728637695,0.5664722919464111,0.5651370286941528,0.0068650455214083195,0.5553956627845764,0.5570791959762573,0.5581702589988708,0.5612630844116211,0.5651370286941528,0.5708609819412231,0.5753805041313171,0.5775700807571411,0.5817528367042542
2544,-0.5667001008987427,127.07817077636719,11.991690635681152,175.6282501220703,0.5667001605033875,0.5653200149536133,0.00674252025783062,0.5553956627845764,0.5575187802314758,0.5585334300994873,0.5615296959877014,0.5653200149536133,0.5708609819412231,0.5753805041313171,0.5775700807571411,0.5817528367042542
2592,-0.5670691728591919,127.05319213867188,12.051525115966797,175.59376525878906,0.5670692324638367,0.5659289360046387,0.007233753800392151,0.5553956627845764,0.5575187802314758,0.5585334300994873,0.5615296959877014,0.5659289360046387,0.5719703435897827,0.5757994651794434,0.5777097344398499,0.5849021673202515
2640,-0.5671863555908203,127.0274887084961,12.115264892578125,175.55805587768555,0.5671864151954651,0.5659289360046387,0.007150526624172926,0.5553956627845764,0.5575187802314758,0.5588701963424683,0.5619370341300964,0.5659289360046387,0.5719703435897827,0.5757994651794434,0.5777097344398499,0.5849021673202515
2688,-0.567392110824585,126.9991455078125,12.167376518249512,175.5205421447754,0.5673921704292297,0.5666264891624451,0.0070905848406255245,0.5553956627845764,0.5575187802314758,0.5588701963424683,0.5626886487007141,0.5666264891624451,0.5719703435897827,0.5757994651794434,0.5777097344398499,0.5849021673202515
2736,-0.5674747824668884,126.97251892089844,12.222915649414062,175.48481369018555,0.5674748420715332,0.5668654441833496,0.007061060518026352,0.5553956627845764,0.5575187802314758,0.5594215393066406,0.5626886487007141,0.5668654441833496,0.5719703435897827,0.5757994651794434,0.5777097344398499,0.5849021673202515
2784,-0.5674863457679749,126.94340515136719,12.279300689697266,175.44703674316406,0.5674864053726196,0.5668654441833496,0.007065830286592245,0.5553956627845764,0.5575187802314758,0.5594215393066406,0.5626886487007141,0.5668654441833496,0.5719703435897827,0.5757994651794434,0.5777097344398499,0.5849021673202515
2832,-0.5676244497299194,126.91513061523438,12.338496208190918,175.40935897827148,0.5676243901252747,0.5669236779212952,0.007153341080993414,0.5553956627845764,0.5575187802314758,0.5594215393066406,0.5626886487007141,0.5669236779212952,0.5722582936286926,0.5762423872947693,0.5789750814437866,0.5849021673202515
2880,-0.5677998661994934,126.88578796386719,12.387225151062012,175.37181854248047,0.5677998065948486,0.5672832131385803,0.007090751547366381,0.5553956627845764,0.5575187802314758,0.5594215393066406,0.5628834366798401,0.5672832131385803,0.5722582936286926,0.5762423872947693,0.5789750814437866,0.5849021673202515
2928,-0.5677998661994934,126.85850524902344,12.438250541687012,175.3357925415039,0.5677998065948486,0.5672832131385803,0.007090751547366381,0.5553956627845764,0.5575187802314758,0.5594215393066406,0.5628834366798401,0.5672832131385803,0.5722582936286926,0.5762423872947693,0.5789750814437866,0.5849021673202515
2976,-0.5679200291633606,126.82710266113281,12.488097190856934,175.2960968017578,0.5679200291633606,0.5673686265945435,0.007138896733522415,0.5553956627845764,0.5575187802314758,0.5594215393066406,0.5628834366798401,0.5673686265945435,0.572493314743042,0.5767507553100586,0.5789750814437866,0.5849021673202515
3024,-0.5682628750801086,126.79546356201172,12.544474601745605,175.25514221191406,0.5682628750801086,0.5676158666610718,0.007474460173398256,0.5566235184669495,0.5579036474227905,0.5594678521156311,0.5628834366798401,0.5676158666610718,0.5730522871017456,0.5774727463722229,0.5793034434318542,0.5868843197822571
3072,-0.5683019161224365,126.7643051147461,12.596343994140625,175.2152976989746,0.5683019161224365,0.5676158666610718,0.007452352438122034,0.5566235184669495,0.5579036474227905,0.5594678521156311,0.5628834366798401,0.5676158666610718,0.5730522871017456,0.5774727463722229,0.5793034434318542,0.5868843197822571
3120,-0.5685810446739197,126.7331771850586,12.64954948425293,175.1747932434082,0.5685811042785645,0.5680903792381287,0.0073760999366641045,0.5566235184669495,0.5579036474227905,0.5600518584251404,0.5638500452041626,0.5680903792381287,0.5731157064437866,0.5774727463722229,0.5793034434318542,0.5868843197822571
3168,-0.56877201795578,126.70083618164062,12.70627212524414,175.1331024169922,0.56877201795578,0.568345844745636,0.007236613426357508,0.5566235184669495,0.5585141181945801,0.5602809190750122,0.564315915107727,0.568345844745636,0.5731157064437866,0.5774727463722229,0.5793034434318542,0.5868843197822571
3216,-0.5692211389541626,126.66726684570312,12.76001262664795,175.09012603759766,0.5692211389541626,0.5691801309585571,0.007023179437965155,0.5579087734222412,0.5593463182449341,0.5605484247207642,0.5643996000289917,0.5691801309585571,0.5732371807098389,0.5774727463722229,0.5793034434318542,0.5868843197822571
3264,-0.5693674087524414,126.63426971435547,12.821292877197266,175.04742813110352,0.5693673491477966,0.5695194602012634,0.0070251356810331345,0.5584800243377686,0.5593463182449341,0.5605484247207642,0.5644151568412781,0.5695194602012634,0.5736115574836731,0.5774727463722229,0.5793034434318542,0.5868843197822571
3312,-0.5694078207015991,126.60289001464844,12.875988006591797,175.0066680908203,0.5694077610969543,0.5695194602012634,0.006980692967772484,0.5585444569587708,0.5594732761383057,0.5605484247207642,0.5644151568412781,0.5695194602012634,0.5738261938095093,0.5774727463722229,0.5793034434318542,0.5868843197822571
3360,-0.5695151686668396,126.57220458984375,12.924104690551758,174.96732330322266,0.5695151686668396,0.5695194602012634,0.007014762610197067,0.5585444569587708,0.5594732761383057,0.5607460737228394,0.5644151568412781,0.5695194602012634,0.5740043520927429,0.5775421857833862,0.5793034434318542,0.5868843197822571
3408,-0.5696337223052979,126.53551483154297,12.977745056152344,174.9212989807129,0.5696336627006531,0.5695860981941223,0.006967645138502121,0.5585444569587708,0.5594732761383057,0.5609512329101562,0.5644612908363342,0.5695860981941223,0.5740043520927429,0.5775421857833862,0.5793034434318542,0.5868843197822571
3456,-0.5698351860046387,126.49923706054688,13.025947570800781,174.8766326904297,0.5698351860046387,0.5696776509284973,0.006958235055208206,0.5585444569587708,0.5594732761383057,0.5609512329101562,0.5645289421081543,0.5696776509284973,0.5740478038787842,0.5775733590126038,0.5793034434318542,0.5868843197822571
3504,-0.570054829120636,126.4631576538086,13.080805778503418,174.83032608032227,0.570054829120636,0.5697421431541443,0.006886640563607216,0.5585444569587708,0.5594732761383057,0.5611956715583801,0.5647245645523071,0.5697421431541443,0.5741426944732666,0.5775733590126038,0.5793034434318542,0.5868843197822571
3552,-0.5700723528862,126.42913818359375,13.137232780456543,174.78615951538086,0.5700723528862,0.5697421431541443,0.006866065785288811,0.5585444569587708,0.5594732761383057,0.5623936057090759,0.5647245645523071,0.5697421431541443,0.5741426944732666,0.5775733590126038,0.5793034434318542,0.5868843197822571
3600,-0.5703774690628052,126.38997650146484,13.185614585876465,174.73821640014648,0.57037752866745,0.5700157284736633,0.006796782370656729,0.5585444569587708,0.5597602725028992,0.5625900030136108,0.5650986433029175,0.5700157284736633,0.5745652914047241,0.5775733590126038,0.5793034434318542,0.5868843197822571
3648,-0.5704370737075806,126.35042572021484,13.243408203125,174.68868255615234,0.5704370737075806,0.5700157284736633,0.006732370238751173,0.5585444569587708,0.5597602725028992,0.5628968477249146,0.565193772315979,0.5700157284736633,0.5745652914047241,0.5775733590126038,0.5793034434318542,0.5868843197822571
3696,-0.5705710053443909,126.31356811523438,13.302116394042969,174.64141464233398,0.5705710053443909,0.5700157284736633,0.006783636752516031,0.5585444569587708,0.5604174733161926,0.5628968477249146,0.565193772315979,0.5700157284736633,0.5753233432769775,0.5777633786201477,0.5798032879829407,0.5868843197822571
3744,-0.5707639455795288,126.2774658203125,13.36432933807373,174.5940170288086,0.5707639455795288,0.5702341198921204,0.00669487938284874,0.5585444569587708,0.5611804127693176,0.5630590915679932,0.5654906034469604,0.5702341198921204,0.5753233432769775,0.5777633786201477,0.5798032879829407,0.5868843197822571
3792,-0.5709406733512878,126.2384262084961,13.413703918457031,174.5451316833496,0.5709406733512878,0.5702341198921204,0.006638944614678621,0.5585444569587708,0.5618962645530701,0.5641039609909058,0.565841555595398,0.5702341198921204,0.5753774642944336,0.57894366979599,0.5798032879829407,0.5868843197822571
3840,-0.5710220336914062,126.1982650756836,13.466411590576172,174.4952507019043,0.5710219740867615,0.5702341198921204,0.006527991499751806,0.5593529343605042,0.5625627636909485,0.5641039609909058,0.5659508109092712,0.5702341198921204,0.5753774642944336,0.57894366979599,0.5798032879829407,0.5868843197822571
3888,-0.5711109042167664,126.15779113769531,13.523062705993652,174.44416427612305,0.5711109042167664,0.5702341198921204,0.006618379149585962,0.5593529343605042,0.5625627636909485,0.5641039609909058,0.5659508109092712,0.5702341198921204,0.5754165649414062,0.5789723992347717,0.581132709980011,0.5868843197822571
3936,-0.5712506175041199,126.11927795410156,13.576312065124512,174.39539337158203,0.5712506175041199,0.5707895755767822,0.006638204678893089,0.5593529343605042,0.5625627636909485,0.5642275214195251,0.5659508109092712,0.5707895755767822,0.5757713317871094,0.5789723992347717,0.581132709980011,0.5868843197822571
3984,-0.5712921619415283,126.07747650146484,13.632880210876465,174.34278869628906,0.5712921619415283,0.5711871981620789,0.006645458750426769,0.5593529343605042,0.5625627636909485,0.5642275214195251,0.5659508109092712,0.5711871981620789,0.5757713317871094,0.5789723992347717,0.581132709980011,0.5868843197822571
4032,-0.5716311931610107,126.03471374511719,13.686576843261719,174.28872680664062,0.5716311931610107,0.5715038776397705,0.006766292732208967,0.5593600869178772,0.5625627636909485,0.5642275214195251,0.5663050413131714,0.5715038776397705,0.5760378837585449,0.5792052745819092,0.5817664861679077,0.5868843197822571
4080,-0.5717470645904541,125.99264526367188,13.738065719604492,174.23670196533203,0.5717470645904541,0.5716254711151123,0.006757416762411594,0.5593600869178772,0.5625627636909485,0.5642275214195251,0.5663050413131714,0.5716254711151123,0.5760378837585449,0.5792052745819092,0.5817664861679077,0.5868843197822571
4128,-0.5722634196281433,125.94713592529297,13.788932800292969,174.18092346191406,0.5722633600234985,0.5721302628517151,0.007120170164853334,0.5593600869178772,0.5625627636909485,0.5642275214195251,0.5664158463478088,0.5721302628517151,0.5762476921081543,0.5796629786491394,0.5848659873008728,0.5921750664710999
4176,-0.5723820924758911,125.89986419677734,13.844271659851074,174.1227149963379,0.5723820924758911,0.5723146200180054,0.007035836111754179,0.5607707500457764,0.5625627636909485,0.5643666982650757,0.5667549967765808,0.5723146200180054,0.5762476921081543,0.5796629786491394,0.5848659873008728,0.5921750664710999
4224,-0.5724049806594849,125.85861206054688,13.901500701904297,174.0700225830078,0.5724049806594849,0.5723146200180054,0.007015862502157688,0.5607707500457764,0.5625627636909485,0.5643666982650757,0.5668656826019287,0.5723146200180054,0.5762476921081543,0.5796629786491394,0.5848659873008728,0.5921750664710999
4272,-0.5725468993186951,125.81163024902344,13.960359573364258,174.01148986816406,0.5725468993186951,0.5726202726364136,0.0069956365041434765,0.5607707500457764,0.5625627636909485,0.5643881559371948,0.566877007484436,0.5726202726364136,0.5767750144004822,0.5796629786491394,0.5848659873008728,0.5921750664710999
4320,-0.5725939273834229,125.76314544677734,14.023615837097168,173.9501495361328,0.5725939273834229,0.5726202726364136,0.006974617950618267,0.5607707500457764,0.5625627636909485,0.5643881559371948,0.5672714114189148,0.5726202726364136,0.5767750144004822,0.5796629786491394,0.5848659873008728,0.5921750664710999
4368,-0.5727434158325195,125.71105194091797,14.083598136901855,173.8859100341797,0.5727434754371643,0.5728688836097717,0.007011614739894867,0.5607707500457764,0.5625627636909485,0.5644171237945557,0.5676539540290833,0.5728688836097717,0.5771195888519287,0.579802930355072,0.5848659873008728,0.5921750664710999
4416,-0.5729207396507263,125.66178894042969,14.139585494995117,173.82488250732422,0.5729207396507263,0.5729786157608032,0.006995293777436018,0.5607707500457764,0.5625627636909485,0.5644698739051819,0.5679839253425598,0.5729786157608032,0.5772815942764282,0.5798994898796082,0.5848659873008728,0.5921750664710999
4464,-0.573248028755188,125.61100769042969,14.199155807495117,173.76208877563477,0.573248028755188,0.5730814337730408,0.006876291241496801,0.5607707500457764,0.5625627636909485,0.5645396113395691,0.5687621831893921,0.5730814337730408,0.5774838924407959,0.5798994898796082,0.5848659873008728,0.5921750664710999
4512,-0.5733066201210022,125.55987548828125,14.252622604370117,173.70009231567383,0.5733066201210022,0.5733669996261597,0.0068366737104952335,0.5607707500457764,0.5625627636909485,0.5645396113395691,0.5688973665237427,0.5733669996261597,0.5774838924407959,0.5798994898796082,0.5848659873008728,0.5921750664710999
4560,-0.573491632938385,125.51237487792969,14.303472518920898,173.64185333251953,0.5734916925430298,0.5737661719322205,0.00684440927579999,0.5607707500457764,0.5630496144294739,0.5646699666976929,0.5688973665237427,0.5737661719322205,0.5775462985038757,0.5811620354652405,0.5848659873008728,0.5921750664710999
4608,-0.5737065076828003,125.45912170410156,14.356298446655273,173.57714462280273,0.5737065076828003,0.5738815665245056,0.0067307427525520325,0.5607707500457764,0.5630496144294739,0.5655828714370728,0.5690988898277283,0.5738815665245056,0.5775831937789917,0.5811620354652405,0.5848659873008728,0.5921750664710999
4656,-0.5737279057502747,125.40805053710938,14.418082237243652,173.51369094848633,0.5737279653549194,0.5738815665245056,0.006720294710248709,0.5607707500457764,0.5630496144294739,0.5655828714370728,0.5691758394241333,0.5738815665245056,0.5775831937789917,0.5811620354652405,0.5848659873008728,0.5921750664710999
4704,-0.5740212798118591,125.35630798339844,14.477747917175293,173.45026016235352,0.5740212798118591,0.5739990472793579,0.006541477516293526,0.5625329613685608,0.564707338809967,0.5663512349128723,0.5695626735687256,0.5739990472793579,0.5776946544647217,0.5817527770996094,0.5848659873008728,0.5921750664710999
4752,-0.5742390155792236,125.30256652832031,14.542490005493164,173.38304901123047,0.5742390155792236,0.574037492275238,0.006537833716720343,0.5630638599395752,0.5650346875190735,0.5663626194000244,0.5695626735687256,0.574037492275238,0.5780542492866516,0.5823718309402466,0.5849907994270325,0.5921750664710999
4800,-0.5743930339813232,125.24727630615234,14.610780715942383,173.31342697143555,0.5743930339813232,0.5742843151092529,0.006417648401111364,0.5644475221633911,0.5655543208122253,0.5664214491844177,0.5696988105773926,0.5742843151092529,0.5780542492866516,0.5823718309402466,0.5849907994270325,0.5921750664710999
4848,-0.5746501684188843,125.19151306152344,14.667251586914062,173.24534606933594,0.5746501684188843,0.5746113657951355,0.006349367555230856,0.56468665599823,0.5661572217941284,0.5667444467544556,0.5698798894882202,0.5746113657951355,0.5788931846618652,0.5823718309402466,0.5849907994270325,0.5921750664710999
4896,-0.5747436285018921,125.1346435546875,14.718753814697266,173.17749786376953,0.5747436285018921,0.5747405886650085,0.006283661816269159,0.56468665599823,0.5663723349571228,0.5668197870254517,0.5700666904449463,0.5747405886650085,0.5788931846618652,0.5823718309402466,0.5849907994270325,0.5921750664710999
4944,-0.5749050974845886,125.07784271240234,14.774208068847656,173.1088638305664,0.5749050974845886,0.5747894048690796,0.006228065583854914,0.56468665599823,0.5663723349571228,0.5668197870254517,0.5702793598175049,0.5747894048690796,0.5788931846618652,0.5823718309402466,0.5849907994270325,0.5921750664710999
4992,-0.5749339461326599,125.02099609375,14.833211898803711,173.0381088256836,0.5749339461326599,0.5747894048690796,0.006222836673259735,0.56468665599823,0.5663723349571228,0.5668197870254517,0.5702793598175049,0.5747894048690796,0.5788949728012085,0.5823718309402466,0.5849907994270325,0.5921750664710999
5040,-0.5750285983085632,124.96434020996094,14.893488883972168,172.9681510925293,0.575028657913208,0.5749905109405518,0.0061659859493374825,0.5655306577682495,0.5663729310035706,0.5668197870254517,0.5702793598175049,0.5749905109405518,0.5788949728012085,0.5823718309402466,0.5849907994270325,0.5921750664710999
5088,-0.575208842754364,124.90157318115234,14.948786735534668,172.89325714111328,0.575208842754364,0.5751160383224487,0.006099900230765343,0.5661251544952393,0.5663877129554749,0.5669159293174744,0.5712497234344482,0.5751160383224487,0.5788949728012085,0.5823718309402466,0.5849907994270325,0.5921750664710999
5136,-0.5754350423812866,124.84264373779297,14.999717712402344,172.82102966308594,0.5754350423812866,0.5752454996109009,0.006010465323925018,0.5661474466323853,0.5664232969284058,0.568114161491394,0.571536123752594,0.5752454996109009,0.5788949728012085,0.5828370451927185,0.5849907994270325,0.5921750664710999
5184,-0.5756372213363647,124.78109741210938,15.056661605834961,172.74657821655273,0.5756372213363647,0.575434684753418,0.005978813394904137,0.5661474466323853,0.5664232969284058,0.568114161491394,0.5719907879829407,0.575434684753418,0.578947126865387,0.5828370451927185,0.5849907994270325,0.5921750664710999
5232,-0.575755774974823,124.71681213378906,15.116816520690918,172.6678924560547,0.5757557153701782,0.5755819082260132,0.005968623794615269,0.5661474466323853,0.5664232969284058,0.568114161491394,0.5720452070236206,0.5755819082260132,0.5790722370147705,0.5828370451927185,0.5849907994270325,0.5921750664710999
5280,-0.5758145451545715,124.65425872802734,15.174413681030273,172.59209442138672,0.5758145451545715,0.5757773518562317,0.005953282583504915,0.5661474466323853,0.5664232969284058,0.568114161491394,0.5720722675323486,0.5757773518562317,0.5791435241699219,0.5828370451927185,0.5849907994270325,0.5921750664710999
5328,-0.5759899616241455,124.5893783569336,15.231487274169922,172.5131950378418,0.5759899616241455,0.5757773518562317,0.0060000005178153515,0.5661697387695312,0.5664232969284058,0.5683966279029846,0.5721016526222229,0.5757773518562317,0.5791435241699219,0.5831183195114136,0.5866209864616394,0.5921750664710999
5376,-0.5761653184890747,124.52471923828125,15.293559074401855,172.43375778198242,0.5761653184890747,0.5758888721466064,0.0059120384976267815,0.5661697387695312,0.5664232969284058,0.569445013999939,0.5727660059928894,0.5758888721466064,0.5791641473770142,0.5831183195114136,0.5866209864616394,0.5921750664710999
5424,-0.5762529373168945,124.45671081542969,15.35843563079834,172.35170364379883,0.5762529969215393,0.5760494470596313,0.0058820187114179134,0.5661697387695312,0.5664232969284058,0.5698783993721008,0.5727660059928894,0.5760494470596313,0.5791641473770142,0.5831183195114136,0.5866209864616394,0.5921750664710999
5472,-0.5766090154647827,124.38802337646484,15.425455093383789,172.26743698120117,0.5766090154647827,0.5764706134796143,0.005720468703657389,0.5663784146308899,0.5669209957122803,0.5699161887168884,0.5730056762695312,0.5764706134796143,0.5794092416763306,0.5832682251930237,0.5866209864616394,0.5921750664710999
5520,-0.5767245888710022,124.31800842285156,15.489217758178711,172.18273544311523,0.5767245888710022,0.5768786668777466,0.005687295459210873,0.5663784146308899,0.5669209957122803,0.5699161887168884,0.5730350017547607,0.5768786668777466,0.5794092416763306,0.5832682251930237,0.5866209864616394,0.5921750664710999
5568,-0.5768173933029175,124.2480697631836,15.557245254516602,172.09651947021484,0.5768173933029175,0.577153205871582,0.005709097720682621,0.5663784146308899,0.5669209957122803,0.5699161887168884,0.5730350017547607,0.577153205871582,0.5796852707862854,0.5832682251930237,0.5866209864616394,0.5921750664710999
5616,-0.5769167542457581,124.1734619140625,15.60995864868164,172.00816345214844,0.5769167542457581,0.5772620439529419,0.005642357748001814,0.5664243102073669,0.568562924861908,0.5700522065162659,0.5730350017547607,0.5772620439529419,0.5798079967498779,0.5832682251930237,0.5866209864616394,0.5921750664710999
5664,-0.5771040320396423,124.09759521484375,15.673088073730469,171.91630172729492,0.5771039724349976,0.5772620439529419,0.0056196111254394054,0.5668174028396606,0.56948322057724,0.5701125860214233,0.5730412006378174,0.5772620439529419,0.5804211497306824,0.5836111307144165,0.5866209864616394,0.5921750664710999
5712,-0.5773250460624695,124.021240234375,15.740316390991211,171.8238182067871,0.5773250460624695,0.5774325132369995,0.005497897043824196,0.5668174028396606,0.5695573687553406,0.5704486966133118,0.5737313628196716,0.5774325132369995,0.5804211497306824,0.5838842988014221,0.5866209864616394,0.5921750664710999
5760,-0.5773522853851318,123.94895935058594,15.808893203735352,171.73543548583984,0.5773523449897766,0.5774565935134888,0.005492722615599632,0.5668174028396606,0.5695573687553406,0.5704486966133118,0.5737313628196716,0.5774565935134888,0.5804211497306824,0.5838842988014221,0.5866209864616394,0.5921750664710999
5808,-0.5776903629302979,123.8753662109375,15.87436294555664,171.64516067504883,0.5776903033256531,0.5775996446609497,0.0056294044479727745,0.5668174028396606,0.5695573687553406,0.5710024237632751,0.5737684965133667,0.5775996446609497,0.5806193351745605,0.584927499294281,0.5870528221130371,0.5921750664710999
5856,-0.5781822204589844,123.79621887207031,15.953532218933105,171.54724502563477,0.5781822204589844,0.5776959657669067,0.005641269963234663,0.5686125755310059,0.5700418949127197,0.5717281699180603,0.5741726160049438,0.5776959657669067,0.5809527635574341,0.5859776735305786,0.5886214375495911,0.5921750664710999
5904,-0.5784046649932861,123.71785736083984,16.02362823486328,171.4515037536621,0.5784046649932861,0.5780782699584961,0.005608494393527508,0.5686125755310059,0.5700896382331848,0.5720531940460205,0.5743233561515808,0.5780782699584961,0.5813013315200806,0.5859776735305786,0.5886214375495911,0.5921750664710999
5952,-0.5785626173019409,123.6344223022461,16.083415985107422,171.35236358642578,0.5785626173019409,0.5783889293670654,0.005702461581677198,0.5686125755310059,0.5700896382331848,0.5720531940460205,0.5743233561515808,0.5783889293670654,0.5820528268814087,0.5866292119026184,0.5886214375495911,0.5921750664710999
6000,-0.5786102414131165,123.55181884765625,16.15108871459961,171.252685546875,0.5786102414131165,0.5783889293670654,0.0056399935856461525,0.5689272880554199,0.5700896382331848,0.5720531940460205,0.5746663808822632,0.5783889293670654,0.5820528268814087,0.5866292119026184,0.5886214375495911,0.5921750664710999
6048,-0.5787198543548584,123.46759033203125,16.21440887451172,171.15123748779297,0.5787198543548584,0.5784242749214172,0.005765699781477451,0.5689272880554199,0.5700896382331848,0.5720531940460205,0.5746663808822632,0.5784242749214172,0.5822039842605591,0.5867964029312134,0.589765727519989,0.5921750664710999
6096,-0.5788745880126953,123.37876892089844,16.280553817749023,171.04408264160156,0.5788746476173401,0.5787123441696167,0.0057902769185602665,0.5689272880554199,0.5700896382331848,0.5720531940460205,0.5748003125190735,0.5787123441696167,0.5822765827178955,0.5867964029312134,0.589765727519989,0.5921750664710999
6144,-0.5790042877197266,123.29788208007812,16.3430233001709,170.94627380371094,0.5790043473243713,0.578742504119873,0.005751274526119232,0.5689272880554199,0.5700896382331848,0.5720749497413635,0.5749148726463318,0.578742504119873,0.5822773575782776,0.5867964029312134,0.589765727519989,0.5921750664710999
6192,-0.5791688561439514,123.20738983154297,16.403602600097656,170.83819198608398,0.5791689157485962,0.578742504119873,0.005846151616424322,0.5689325928688049,0.5700896382331848,0.5720749497413635,0.5749813318252563,0.578742504119873,0.5824466943740845,0.5869894027709961,0.5907353162765503,0.592758059501648
6240,-0.5794743895530701,123.12432861328125,16.47064208984375,170.73662948608398,0.5794744491577148,0.5787938833236694,0.0061861868016421795,0.5689325928688049,0.5700896382331848,0.5720749497413635,0.5752766132354736,0.5787938833236694,0.582819938659668,0.5872326493263245,0.5911805033683777,0.5931597352027893
6288,-0.5795032382011414,123.03911590576172,16.531673431396484,170.6333770751953,0.5795032978057861,0.5787938833236694,0.006181581877171993,0.5689325928688049,0.5700896382331848,0.5720749497413635,0.5753757357597351,0.5787938833236694,0.582819938659668,0.5872326493263245,0.5911805033683777,0.5931597352027893
6336,-0.5795860290527344,122.95069885253906,16.590869903564453,170.52741622924805,0.5795860290527344,0.5788571834564209,0.0061531029641628265,0.5689325928688049,0.5700896382331848,0.5722691416740417,0.5753757357597351,0.5788571834564209,0.582819938659668,0.5872326493263245,0.5911805033683777,0.5931597352027893
6384,-0.5797616243362427,122.85542297363281,16.651512145996094,170.41332626342773,0.5797616839408875,0.5791580080986023,0.006163525395095348,0.5689325928688049,0.5700896382331848,0.5722691416740417,0.5754465460777283,0.5791580080986023,0.5829201936721802,0.5872326493263245,0.5911805033683777,0.5931597352027893
6432,-0.5799397826194763,122.76342010498047,16.730804443359375,170.30006790161133,0.5799397826194763,0.5793889164924622,0.006074774544686079,0.5689325928688049,0.5702958703041077,0.572847306728363,0.5756604671478271,0.5793889164924622,0.5831372737884521,0.5872326493263245,0.5911805033683777,0.5931597352027893
6480,-0.5800866484642029,122.66426086425781,16.802722930908203,170.1792335510254,0.5800867080688477,0.5795266628265381,0.006148457992821932,0.5689325928688049,0.5702958703041077,0.572847306728363,0.5756604671478271,0.5795266628265381,0.5832886695861816,0.5881633162498474,0.5911805033683777,0.5931597352027893
6528,-0.580146849155426,122.56944274902344,16.883071899414062,170.0632667541504,0.580146849155426,0.579692006111145,0.006107484456151724,0.5689325928688049,0.5702958703041077,0.5728541016578674,0.5757556557655334,0.579692006111145,0.5832886695861816,0.5881633162498474,0.5911805033683777,0.5931597352027893
6576,-0.5802496075630188,122.46663665771484,16.959327697753906,169.9385643005371,0.5802496075630188,0.579692006111145,0.006001594010740519,0.569546103477478,0.5718932747840881,0.5730152726173401,0.575859546661377,0.579692006111145,0.5832886695861816,0.5881633162498474,0.5911805033683777,0.5931597352027893
6624,-0.5803284049034119,122.36360931396484,17.025699615478516,169.81471252441406,0.5803284645080566,0.579692006111145,0.0060397544875741005,0.569546103477478,0.5718932747840881,0.5730152726173401,0.575859546661377,0.579692006111145,0.5838755369186401,0.5881633162498474,0.5911805033683777,0.5931597352027893
6672,-0.5806070566177368,122.25602722167969,17.087724685668945,169.68789291381836,0.5806070566177368,0.5801756381988525,0.00617795716971159,0.569546103477478,0.5718932747840881,0.5730152726173401,0.5761458873748779,0.5801756381988525,0.5848616361618042,0.5895308256149292,0.5911805033683777,0.5931597352027893
6720,-0.5809305310249329,122.15177917480469,17.16777801513672,169.55985641479492,0.5809305310249329,0.5801756381988525,0.006518528331071138,0.569546103477478,0.5718932747840881,0.5730152726173401,0.5769625306129456,0.5801756381988525,0.5848742723464966,0.5897661447525024,0.5921849608421326,0.5938540101051331
6768,-0.5812193751335144,122.04951477050781,17.242610931396484,169.43407440185547,0.5812193751335144,0.5804962515830994,0.006583206821233034,0.570162832736969,0.5719311237335205,0.5733879804611206,0.5771867632865906,0.5804962515830994,0.5849605202674866,0.5902690887451172,0.592769980430603,0.5974568724632263
6816,-0.581425130367279,121.93266296386719,17.31948471069336,169.29375839233398,0.581425130367279,0.5806353092193604,0.006666324567049742,0.570162832736969,0.5719311237335205,0.5733879804611206,0.5771867632865906,0.5806353092193604,0.5852550864219666,0.5907343029975891,0.592769980430603,0.5974568724632263
6864,-0.5817870497703552,121.83493041992188,17.39265251159668,169.17444610595703,0.5817870497703552,0.5808781385421753,0.006554684601724148,0.5703026056289673,0.5727805495262146,0.5742902755737305,0.577404797077179,0.5808781385421753,0.5856665968894958,0.590933620929718,0.592769980430603,0.5974568724632263
6912,-0.5819488167762756,121.72520446777344,17.47317886352539,169.03973770141602,0.5819488167762756,0.5809330940246582,0.0065737017430365086,0.5703026056289673,0.5727805495262146,0.5742902755737305,0.5775260329246521,0.5809330940246582,0.5860120058059692,0.590933620929718,0.592769980430603,0.5974568724632263
6960,-0.5824220180511475,121.60772705078125,17.546226501464844,168.8993263244629,0.5824220180511475,0.5813599228858948,0.006600884720683098,0.5719407796859741,0.5730240345001221,0.5743358135223389,0.5780020952224731,0.5813599228858948,0.5866174697875977,0.5911871790885925,0.592769980430603,0.5974568724632263
7008,-0.5831602215766907,121.4964828491211,17.635263442993164,168.76116561889648,0.5831602215766907,0.5822937488555908,0.006840905174612999,0.5728007555007935,0.5734375715255737,0.5751054286956787,0.5785038471221924,0.5822937488555908,0.5867921113967896,0.5921522974967957,0.5938729643821716,0.6005895137786865
7056,-0.5835225582122803,121.38795471191406,17.703542709350586,168.62928771972656,0.5835225582122803,0.5829116106033325,0.006848789285868406,0.5728007555007935,0.5734375715255737,0.5751054286956787,0.5786054134368896,0.5829116106033325,0.5872616767883301,0.5921863317489624,0.5938729643821716,0.6005895137786865
7104,-0.5839331150054932,121.27769470214844,17.784177780151367,168.49394607543945,0.5839330554008484,0.5840100049972534,0.006726621650159359,0.5730116367340088,0.5736309289932251,0.5752952694892883,0.5786803960800171,0.5840100049972534,0.5882300734519958,0.5921863317489624,0.5938729643821716,0.6005895137786865
7152,-0.5842713713645935,121.16807556152344,17.873897552490234,168.3565330505371,0.5842713713645935,0.5842701196670532,0.006837022490799427,0.5730116367340088,0.5736309289932251,0.5752952694892883,0.5786803960800171,0.5842701196670532,0.5890678763389587,0.5924946069717407,0.5951557159423828,0.6005895137786865
7200,-0.5844024419784546,121.04801940917969,17.94680404663086,168.21152114868164,0.5844024419784546,0.5846126079559326,0.006858675740659237,0.5730116367340088,0.5736309289932251,0.5753893852233887,0.5786803960800171,0.5846126079559326,0.5892055034637451,0.5927830934524536,0.5951557159423828,0.6005895137786865
7248,-0.5846253633499146,120.9353256225586,18.01554298400879,168.07411193847656,0.5846253633499146,0.5848846435546875,0.006883561611175537,0.5730116367340088,0.5736309289932251,0.5753893852233887,0.5787782073020935,0.5848846435546875,0.5895616412162781,0.5930649638175964,0.5951557159423828,0.6005895137786865
7296,-0.5847160816192627,120.81388854980469,18.10089683532715,167.92388534545898,0.5847161412239075,0.584934651851654,0.006889600306749344,0.5730116367340088,0.5736309289932251,0.5753893852233887,0.5795260071754456,0.584934651851654,0.5895616412162781,0.5930870771408081,0.5951557159423828,0.6005895137786865
7344,-0.5849440693855286,120.68577575683594,18.172832489013672,167.76801300048828,0.5849441289901733,0.5850448608398438,0.006991871632635593,0.5730116367340088,0.5736309289932251,0.5753893852233887,0.5798925757408142,0.5850448608398438,0.5902410745620728,0.5931917428970337,0.5968440771102905,0.6005895137786865
7392,-0.5851186513900757,120.56108093261719,18.259517669677734,167.61507415771484,0.5851187109947205,0.5851612091064453,0.007133391220122576,0.5730116367340088,0.5736309289932251,0.5753893852233887,0.5798925757408142,0.5851612091064453,0.5905753374099731,0.5935859084129333,0.5970046520233154,0.6005895137786865
7440,-0.5854684114456177,120.43425750732422,18.334903717041016,167.46014022827148,0.5854684114456177,0.5852973461151123,0.0070170140825212,0.573025107383728,0.5740739703178406,0.5758417248725891,0.5806286334991455,0.5852973461151123,0.5907213687896729,0.593628466129303,0.5970046520233154,0.6005895137786865
7488,-0.5860795974731445,120.30611419677734,18.396831512451172,167.30703735351562,0.5860796570777893,0.5863255858421326,0.006967583205550909,0.5736303925514221,0.5747981071472168,0.5769664645195007,0.5809664130210876,0.5863255858421326,0.5912215709686279,0.5937990546226501,0.5972875952720642,0.6005895137786865
7536,-0.5864552855491638,120.1686019897461,18.474111557006836,167.13887786865234,0.5864552855491638,0.5866220593452454,0.0068855881690979,0.5736409425735474,0.5747981071472168,0.5769664645195007,0.5816505551338196,0.5866220593452454,0.591606616973877,0.5937990546226501,0.5972875952720642,0.6005895137786865
7584,-0.5865776538848877,120.02733612060547,18.546852111816406,166.96960830688477,0.5865776538848877,0.5866800546646118,0.006846804637461901,0.5736409425735474,0.5747981071472168,0.5769664645195007,0.58172208070755,0.5866800546646118,0.591606616973877,0.5937990546226501,0.5972875952720642,0.6005895137786865
7632,-0.5867543816566467,119.88294982910156,18.629310607910156,166.79469299316406,0.5867544412612915,0.5867527723312378,0.006700799334794283,0.5740876197814941,0.5751652717590332,0.5772060751914978,0.5817728042602539,0.5867527723312378,0.591606616973877,0.5937990546226501,0.5972875952720642,0.6005895137786865
7680,-0.5868741273880005,119.74916076660156,18.701400756835938,166.6305046081543,0.5868741273880005,0.5867527723312378,0.006571282632648945,0.574347972869873,0.575301468372345,0.5776166915893555,0.5824437737464905,0.5867527723312378,0.591606616973877,0.5937990546226501,0.5972875952720642,0.6005895137786865
7728,-0.5870547294616699,119.61238098144531,18.786785125732422,166.4611701965332,0.5870547294616699,0.5871459245681763,0.006399680860340595,0.5751525163650513,0.5771530270576477,0.5779670476913452,0.5824437737464905,0.5871459245681763,0.5919626951217651,0.5937990546226501,0.5972875952720642,0.6005895137786865
7776,-0.5873335599899292,119.47191619873047,18.883617401123047,166.2870864868164,0.587333619594574,0.5876110792160034,0.006271987687796354,0.5752743482589722,0.5776388049125671,0.57798832654953,0.5828455686569214,0.5876110792160034,0.5920279026031494,0.5937990546226501,0.5972875952720642,0.6005895137786865
7824,-0.5874119400978088,119.32232666015625,18.954708099365234,166.1069564819336,0.5874119400978088,0.587632417678833,0.006295910105109215,0.5752743482589722,0.5776388049125671,0.57798832654953,0.5828455686569214,0.587632417678833,0.592059850692749,0.5937990546226501,0.5972875952720642,0.6005895137786865
7872,-0.5876002907752991,119.16290283203125,19.03705596923828,165.9137840270996,0.5876003503799438,0.587632417678833,0.006417066790163517,0.5758806467056274,0.5776693224906921,0.57798832654953,0.5828455686569214,0.587632417678833,0.592059850692749,0.5945907831192017,0.5974300503730774,0.6017805933952332
7920,-0.5876739621162415,119.00987243652344,19.1215877532959,165.72659301757812,0.5876739621162415,0.587632417678833,0.006447036284953356,0.5758806467056274,0.5776693224906921,0.57798832654953,0.5829771161079407,0.587632417678833,0.592059850692749,0.5952442288398743,0.5974300503730774,0.6017805933952332
7968,-0.5879716873168945,118.86053466796875,19.206565856933594,165.5406150817871,0.5879717469215393,0.5877648591995239,0.006308115087449551,0.5758806467056274,0.5778623819351196,0.5781141519546509,0.5839369297027588,0.5877648591995239,0.5921486616134644,0.5952442288398743,0.5974300503730774,0.6017805933952332
8016,-0.5881314277648926,118.70391082763672,19.293182373046875,165.34881210327148,0.5881314277648926,0.5881240963935852,0.006364218890666962,0.5758806467056274,0.5778623819351196,0.5781141519546509,0.5839369297027588,0.5881240963935852,0.5921565890312195,0.596749484539032,0.5974300503730774,0.6017805933952332
8064,-0.5883467793464661,118.5460205078125,19.37448501586914,165.15534591674805,0.5883467197418213,0.5888265371322632,0.006406838074326515,0.5758806467056274,0.5778623819351196,0.5781141519546509,0.5839369297027588,0.5888265371322632,0.5922058820724487,0.596749484539032,0.5974300503730774,0.6017805933952332
8112,-0.5885041952133179,118.37972259521484,19.446500778198242,164.95290756225586,0.5885041356086731,0.5893070697784424,0.006458428222686052,0.5758806467056274,0.5778623819351196,0.5781141519546509,0.5839369297027588,0.5893070697784424,0.5925042629241943,0.596749484539032,0.5974300503730774,0.6017805933952332
8160,-0.5889219641685486,118.21177673339844,19.5372314453125,164.74682998657227,0.5889220237731934,0.5897307395935059,0.006348338443785906,0.5765922665596008,0.5778623819351196,0.5789464712142944,0.5850198268890381,0.5897307395935059,0.5927624106407166,0.596749484539032,0.5974300503730774,0.6017805933952332
8208,-0.5890915393829346,118.0460433959961,19.635417938232422,164.54005432128906,0.5890915393829346,0.5897592902183533,0.006285026669502258,0.5765922665596008,0.5778623819351196,0.5803936719894409,0.5854966640472412,0.5897592902183533,0.5928866863250732,0.596749484539032,0.5974300503730774,0.6017805933952332
8256,-0.5892423391342163,117.86381530761719,19.725799560546875,164.3162612915039,0.5892423391342163,0.5901190638542175,0.006244181655347347,0.5765922665596008,0.5778623819351196,0.5803936719894409,0.5864379405975342,0.5901190638542175,0.5928866863250732,0.596749484539032,0.5974300503730774,0.6017805933952332
8304,-0.5896390080451965,117.6994857788086,19.815555572509766,164.1135711669922,0.5896390676498413,0.5905468463897705,0.0065061538480222225,0.5765922665596008,0.5778623819351196,0.5803936719894409,0.5865750312805176,0.5905468463897705,0.5935913324356079,0.5970140099525452,0.6000866293907166,0.6035399436950684
8352,-0.5900097489356995,117.52154541015625,19.91901206970215,163.89188385009766,0.5900098085403442,0.5909545421600342,0.006364159751683474,0.5765922665596008,0.5778623819351196,0.5809207558631897,0.5866260528564453,0.5909545421600342,0.5936197638511658,0.5972931981086731,0.6000866293907166,0.6035399436950684
8400,-0.5904317498207092,117.34004974365234,20.018367767333984,163.66681671142578,0.590431809425354,0.5910126566886902,0.00625301618129015,0.5765922665596008,0.5789627432823181,0.5825111865997314,0.5868834257125854,0.5910126566886902,0.5937738418579102,0.5975209474563599,0.6006028056144714,0.6035399436950684
8448,-0.5907822251319885,117.15389251708984,20.11697006225586,163.436767578125,0.5907822251319885,0.5910786390304565,0.006236406043171883,0.5774087309837341,0.5800709128379822,0.5829957723617554,0.5871482491493225,0.5910786390304565,0.5943377614021301,0.5984899401664734,0.6013256311416626,0.6038527488708496
8496,-0.5912271738052368,116.95654296875,20.20059585571289,163.19830703735352,0.5912271738052368,0.5914154052734375,0.0062081110663712025,0.5774087309837341,0.5800709128379822,0.583118736743927,0.5880696773529053,0.5914154052734375,0.5944896936416626,0.5996788144111633,0.6017562747001648,0.6038527488708496
8544,-0.5918906331062317,116.7748031616211,20.28388786315918,162.97540664672852,0.5918906927108765,0.59190833568573,0.006460811011493206,0.5774087309837341,0.5800709128379822,0.584151029586792,0.5884636640548706,0.59190833568573,0.5947626829147339,0.6002117395401001,0.6020504832267761,0.6040064692497253
8592,-0.5920015573501587,116.58443450927734,20.38010025024414,162.73901748657227,0.5920016169548035,0.59190833568573,0.006308987736701965,0.5774087309837341,0.5820161700248718,0.584788978099823,0.5885394215583801,0.59190833568573,0.5947626829147339,0.6002117395401001,0.6020504832267761,0.6040064692497253
8640,-0.5923364758491516,116.38285827636719,20.462785720825195,162.49456787109375,0.5923365950584412,0.5919859409332275,0.006660292856395245,0.5774087309837341,0.5820161700248718,0.584788978099823,0.588623046875,0.5919859409332275,0.5955950021743774,0.6013470888137817,0.6038563847541809,0.6060603260993958
8688,-0.59276282787323,116.17302703857422,20.562902450561523,162.23336791992188,0.5927629470825195,0.5921579599380493,0.006671183742582798,0.5779580473899841,0.5820161700248718,0.5854220390319824,0.5888860821723938,0.5921579599380493,0.5967445373535156,0.601739227771759,0.6040194630622864,0.6060603260993958
8736,-0.5929337739944458,115.9493408203125,20.6514949798584,161.9589500427246,0.5929338932037354,0.5922300815582275,0.006689954083412886,0.5779580473899841,0.5820161700248718,0.5854220390319824,0.5889902710914612,0.5922300815582275,0.596815288066864,0.6017676591873169,0.6040194630622864,0.6060603260993958
8784,-0.5933740735054016,115.73251342773438,20.76186180114746,161.6864471435547,0.5933741331100464,0.5926693677902222,0.006489545106887817,0.5791241526603699,0.5827725529670715,0.5866608619689941,0.5890808701515198,0.5926693677902222,0.5972013473510742,0.6017676591873169,0.6040194630622864,0.6060603260993958
8832,-0.5942137837409973,115.52938079833984,20.85333251953125,161.4333610534668,0.5942138433456421,0.5932589173316956,0.006898648105561733,0.5800103545188904,0.5827725529670715,0.5872319340705872,0.5900055170059204,0.5932589173316956,0.5983648300170898,0.6035630106925964,0.6060240864753723,0.6094135642051697
8880,-0.5943182110786438,115.3082275390625,20.963655471801758,161.15557098388672,0.5943182110786438,0.5934411287307739,0.006791082676500082,0.5800763964653015,0.5844610333442688,0.5872319340705872,0.5901713371276855,0.5934411287307739,0.5983648300170898,0.6035630106925964,0.6060240864753723,0.6094135642051697
8928,-0.594987690448761,115.09262084960938,21.081687927246094,160.8808479309082,0.5949876308441162,0.594038724899292,0.007257361896336079,0.5806490778923035,0.5844610333442688,0.5872319340705872,0.5902848839759827,0.594038724899292,0.599700927734375,0.6039924621582031,0.6066601276397705,0.6113582849502563
8976,-0.5953928232192993,114.86299133300781,21.191205978393555,160.59347915649414,0.5953928232192993,0.594474196434021,0.007162206340581179,0.582085132598877,0.5849196910858154,0.5874426364898682,0.5904756784439087,0.594474196434021,0.6000891923904419,0.6042541265487671,0.6066601276397705,0.6113582849502563
9024,-0.5956524014472961,114.63882446289062,21.286935806274414,160.3165397644043,0.5956524014472961,0.5946503281593323,0.007026576902717352,0.5827932953834534,0.5855298638343811,0.5874426364898682,0.5913381576538086,0.5946503281593323,0.6002707481384277,0.6042541265487671,0.6066601276397705,0.6113582849502563
9072,-0.5959808826446533,114.40767669677734,21.383657455444336,160.0292091369629,0.5959808826446533,0.5950618982315063,0.006903357338160276,0.5844993591308594,0.5866948366165161,0.5880932807922363,0.591733455657959,0.5950618982315063,0.6011635065078735,0.6042541265487671,0.6066601276397705,0.6113582849502563
9120,-0.5963152050971985,114.1639404296875,21.477108001708984,159.7301139831543,0.5963152050971985,0.5951866507530212,0.006978130433708429,0.5848827362060547,0.5867664813995361,0.5880932807922363,0.5919684171676636,0.5951866507530212,0.6013427376747131,0.605243444442749,0.6074517369270325,0.6113582849502563
9168,-0.5967720746994019,113.90275573730469,21.59069061279297,159.40299224853516,0.5967720150947571,0.5961261987686157,0.0068634855560958385,0.5848827362060547,0.5867664813995361,0.5884551405906677,0.5922598838806152,0.5961261987686157,0.6014833450317383,0.605243444442749,0.6074517369270325,0.6113582849502563
9216,-0.5972692966461182,113.65185546875,21.696380615234375,159.09014511108398,0.5972692370414734,0.5966231822967529,0.006994147319346666,0.5848827362060547,0.5867664813995361,0.5886257290840149,0.5926706790924072,0.5966231822967529,0.6015833616256714,0.6057374477386475,0.6084557771682739,0.6139137744903564
9264,-0.5975107550621033,113.38090515136719,21.81246566772461,158.75145721435547,0.5975107550621033,0.5968716144561768,0.00723656639456749,0.5848827362060547,0.5867664813995361,0.5886257290840149,0.5926706790924072,0.5968716144561768,0.6016916036605835,0.606055498123169,0.6094714999198914,0.6151800155639648
9312,-0.5978444814682007,113.12069702148438,21.908878326416016,158.4274559020996,0.5978444814682007,0.5975692272186279,0.00720932288095355,0.5848827362060547,0.5867664813995361,0.5890865325927734,0.5927314758300781,0.5975692272186279,0.601820707321167,0.606055498123169,0.6094714999198914,0.6151800155639648
9360,-0.5981324911117554,112.8419418334961,22.020648956298828,158.08070373535156,0.5981325507164001,0.5979446172714233,0.007231287192553282,0.5848827362060547,0.5869012475013733,0.5890865325927734,0.5928930640220642,0.5979446172714233,0.6023827791213989,0.6066991686820984,0.6094714999198914,0.6151800155639648
9408,-0.5988668203353882,112.57625579833984,22.140884399414062,157.7425193786621,0.598866879940033,0.5981646180152893,0.00749067822471261,0.584897518157959,0.5872618556022644,0.5898921489715576,0.593442440032959,0.5981646180152893,0.6035424470901489,0.6085041165351868,0.6114354133605957,0.6151800155639648
9456,-0.599338948726654,112.30860900878906,22.249645233154297,157.4060401916504,0.5993390083312988,0.599341630935669,0.0072188181802630424,0.5866930484771729,0.5876588821411133,0.5910233855247498,0.59395432472229,0.599341630935669,0.6039817333221436,0.6085041165351868,0.6114354133605957,0.6151800155639648
9504,-0.5997074842453003,112.05870819091797,22.364055633544922,157.08639526367188,0.5997075438499451,0.5996168851852417,0.007093524094671011,0.5872766375541687,0.5887224078178406,0.591533362865448,0.5949156284332275,0.5996168851852417,0.6041259765625,0.6094151735305786,0.6114354133605957,0.6151800155639648
9552,-0.600074291229248,111.77733612060547,22.485105514526367,156.7281150817871,0.600074291229248,0.5998619794845581,0.007177995517849922,0.5872766375541687,0.5887224078178406,0.5917335748672485,0.5950623750686646,0.5998619794845581,0.6046370267868042,0.6097904443740845,0.6131852865219116,0.6151800155639648
9600,-0.6003028154373169,111.4768295288086,22.587873458862305,156.35212326049805,0.6003028750419617,0.5999747514724731,0.007092921528965235,0.5872766375541687,0.5898842215538025,0.591741144657135,0.5955087542533875,0.5999747514724731,0.6049282550811768,0.6097904443740845,0.6131852865219116,0.6151800155639648
9648,-0.6009706258773804,111.15693664550781,22.72193717956543,155.9443702697754,0.6009706258773804,0.6008850932121277,0.007142380811274052,0.5872766375541687,0.5898842215538025,0.5920016169548035,0.5956947803497314,0.6008850932121277,0.6057183742523193,0.6099677681922913,0.6131852865219116,0.6151800155639648
9696,-0.6011781692504883,110.86871337890625,22.858226776123047,155.57306671142578,0.6011782288551331,0.6010921001434326,0.007082415744662285,0.5872766375541687,0.5898842215538025,0.592451274394989,0.5959829688072205,0.6010921001434326,0.6057183742523193,0.609978973865509,0.6138815879821777,0.6151800155639648
9744,-0.6016337275505066,110.56019592285156,22.961271286010742,155.1866340637207,0.6016337275505066,0.6014301776885986,0.007032133638858795,0.5887410044670105,0.5907291769981384,0.592451274394989,0.5960897207260132,0.6014301776885986,0.6068162322044373,0.6107968688011169,0.6138815879821777,0.6151800155639648
9792,-0.6023663282394409,110.23918151855469,23.062368392944336,154.7823715209961,0.6023663282394409,0.6016647815704346,0.006687400862574577,0.5907540321350098,0.5916901230812073,0.5931857228279114,0.5977351665496826,0.6016647815704346,0.6074609160423279,0.6114631295204163,0.6139594316482544,0.6151993274688721
9840,-0.6027442812919617,109.91163635253906,23.18185043334961,154.36718368530273,0.6027442812919617,0.6023911833763123,0.006587210111320019,0.5907540321350098,0.5916901230812073,0.5931857228279114,0.598455548286438,0.6023911833763123,0.6076637506484985,0.6114631295204163,0.6139594316482544,0.6151993274688721
9888,-0.6035337448120117,109.5647201538086,23.308868408203125,153.9239959716797,0.6035338044166565,0.6027126312255859,0.007398070767521858,0.5915071368217468,0.5917481184005737,0.5932149291038513,0.5986983776092529,0.6027126312255859,0.6082197427749634,0.6138847470283508,0.6182326078414917,0.6202638149261475
9936,-0.604695200920105,109.23046875,23.426219940185547,153.49847793579102,0.6046952605247498,0.604094922542572,0.007983390241861343,0.5915071368217468,0.5917481184005737,0.5932149291038513,0.5991962552070618,0.604094922542572,0.6098181009292603,0.6151724457740784,0.6193757653236389,0.6210345029830933
9984,-0.6055178046226501,108.89462280273438,23.529735565185547,153.07133102416992,0.6055178642272949,0.6048762202262878,0.008349516429007053,0.5915071368217468,0.5917481184005737,0.5957614779472351,0.5998777151107788,0.6048762202262878,0.6113569140434265,0.6152200102806091,0.620797336101532,0.6230180859565735
