step,best_fitness,avg_hamming,avg_l1,avg_entropy,mean,median,std,2%,5%,10%,25%,50%,75%,90%,95%,98%
40,-251.36000061035156,117.37358093261719,48.6513786315918,150.1178092956543,-251.36000061035156,-245.5,59.71508026123047,-387.6400146484375,-343.1000061035156,-309.3999938964844,-283.25,-245.5,-209.5,-187.0,-178.89999389648438,-170.89999389648438
80,-286.0,112.34004211425781,59.25007629394531,134.95611953735352,-286.0,-276.5,61.52089309692383,-431.79998779296875,-407.3999938964844,-350.0,-307.5,-276.5,-248.5,-221.0,-201.0,-198.9600067138672
120,-320.29998779296875,108.5481185913086,65.0196304321289,123.5339126586914,-320.29998779296875,-310.5,59.397056579589844,-452.3800048828125,-419.6000061035156,-395.29998779296875,-348.75,-310.5,-281.5,-255.0,-237.89999389648438,-220.9600067138672
160,-363.6600036621094,105.07317352294922,68.46077728271484,113.91755104064941,-363.6600036621094,-359.0,55.363746643066406,-492.6400146484375,-452.25,-423.5,-389.75,-359.0,-326.5,-301.0,-292.25,-274.79998779296875
200,-415.47998046875,102.27547454833984,70.60203552246094,105.96538925170898,-415.4800109863281,-413.0,62.6685676574707,-559.280029296875,-514.0499877929688,-506.1000061035156,-445.75,-413.0,-368.75,-339.0,-323.70001220703125,-313.8999938964844
240,-461.9599914550781,100.18736267089844,72.39479064941406,99.33810234069824,-461.9599914550781,-456.0,62.32061004638672,-593.739990234375,-559.4000244140625,-546.0999755859375,-506.0,-456.0,-423.75,-384.5,-368.70001220703125,-345.9800109863281
280,-504.3399963378906,98.0705795288086,73.4116439819336,93.42548942565918,-504.3399963378906,-496.5,60.53250503540039,-639.0,-612.5499877929688,-596.9000244140625,-544.5,-496.5,-459.75,-436.6000061035156,-414.70001220703125,-394.82000732421875
320,-541.8599853515625,96.3270263671875,74.21723937988281,88.25908851623535,-541.8599853515625,-541.0,65.35472869873047,-667.4600219726562,-651.2999877929688,-628.2000122070312,-583.5,-541.0,-495.5,-458.79998779296875,-433.0,-428.760009765625
360,-584.97998046875,94.78483581542969,74.91112518310547,83.52180099487305,-584.97998046875,-575.5,62.20722961425781,-707.1199951171875,-703.0499877929688,-668.4000244140625,-624.0,-575.5,-531.75,-506.79998779296875,-489.8500061035156,-478.9200134277344
400,-616.219970703125,93.38460540771484,75.29261016845703,79.41740989685059,-616.219970703125,-618.0,61.25529479980469,-741.260009765625,-721.4000244140625,-703.2000122070312,-654.75,-618.0,-573.0,-543.7000122070312,-506.8999938964844,-494.8999938964844
440,-644.739990234375,92.09624481201172,75.5427474975586,75.67188835144043,-644.739990234375,-636.0,66.68517303466797,-784.6400146484375,-757.6500244140625,-721.0,-683.5,-636.0,-597.75,-570.5999755859375,-562.5999755859375,-552.8800048828125
480,-676.6799926757812,90.838134765625,75.56015014648438,72.29543495178223,-676.6799926757812,-676.0,68.07405853271484,-823.8400268554688,-784.0999755859375,-748.5999755859375,-718.0,-676.0,-631.5,-584.7999877929688,-568.9000244140625,-563.8400268554688
520,-701.1400146484375,89.91838836669922,75.81961059570312,69.1700325012207,-701.1400146484375,-699.0,69.61466217041016,-846.3400268554688,-823.0499877929688,-787.7000122070312,-737.25,-699.0,-657.0,-609.9000244140625,-578.7000122070312,-568.9000244140625
560,-722.1399536132812,88.95875549316406,75.9041976928711,66.20172119140625,-722.1400146484375,-725.0,65.8331298828125,-846.3400268554688,-824.25,-800.0,-765.0,-725.0,-680.5,-639.0,-629.1500244140625,-597.8599853515625
600,-741.47998046875,88.17610931396484,75.97697448730469,63.72584629058838,-741.47998046875,-735.0,65.69831848144531,-877.7000122070312,-861.0,-812.2999877929688,-780.75,-735.0,-700.25,-658.2999877929688,-640.9500122070312,-618.8800048828125
640,-760.0799560546875,87.19654846191406,75.85762023925781,61.13611030578613,-760.0800170898438,-751.0,65.20439910888672,-879.6599731445312,-861.7999877929688,-845.0999755859375,-803.0,-751.0,-721.0,-680.5999755859375,-646.9000244140625,-634.9600219726562
680,-782.239990234375,86.42864227294922,75.79240417480469,58.86002540588379,-782.239990234375,-783.5,64.72281646728516,-911.3400268554688,-881.2999877929688,-857.2000122070312,-825.5,-783.5,-741.0,-697.5,-683.8499755859375,-644.97998046875
720,-795.3599853515625,85.6479721069336,75.66283416748047,56.663846015930176,-795.3599853515625,-797.5,66.34161376953125,-936.5,-887.2999877929688,-874.2999877929688,-838.5,-797.5,-754.25,-710.7999877929688,-696.7000122070312,-644.97998046875
760,-810.8599853515625,85.02674865722656,75.6751708984375,54.624067306518555,-810.8599853515625,-814.0,66.74159240722656,-948.260009765625,-916.5499877929688,-881.4000244140625,-853.5,-814.0,-761.0,-722.2000122070312,-702.75,-696.47998046875
800,-823.8399658203125,84.33526611328125,75.498779296875,52.77211284637451,-823.8400268554688,-828.0,67.98966217041016,-962.4199829101562,-916.5499877929688,-906.2000122070312,-863.5,-828.0,-773.0,-724.5999755859375,-708.9000244140625,-698.0
840,-834.47998046875,83.81874084472656,75.50316619873047,50.91491222381592,-834.47998046875,-837.0,66.75019836425781,-983.1400146484375,-929.0,-908.5,-875.0,-837.0,-796.0,-742.2000122070312,-711.8499755859375,-706.8200073242188
880,-845.8399658203125,83.11138153076172,75.2157974243164,49.25917148590088,-845.8400268554688,-846.5,64.6803970336914,-983.1400146484375,-931.7999877929688,-915.5,-891.25,-846.5,-806.5,-754.7999877929688,-731.0,-712.9199829101562
920,-857.9599609375,82.59188842773438,75.12060546875,47.70110893249512,-857.9600219726562,-863.0,62.658905029296875,-983.739990234375,-949.2000122070312,-926.0999755859375,-895.5,-863.0,-819.0,-779.0,-745.9500122070312,-720.9600219726562
960,-870.0599975585938,81.95779418945312,74.856201171875,46.16461181640625,-870.0599975585938,-874.5,62.11711883544922,-997.4600219726562,-960.1500244140625,-944.2000122070312,-903.5,-874.5,-830.75,-785.7999877929688,-764.9000244140625,-754.8200073242188
1000,-881.760009765625,81.32958984375,74.61164855957031,44.65893363952637,-881.760009765625,-891.0,60.91175842285156,-997.7000122070312,-965.4000244140625,-955.0,-919.0,-891.0,-841.5,-802.5,-778.9000244140625,-754.8200073242188
1040,-895.6199951171875,80.6348648071289,74.20780944824219,43.39224624633789,-895.6199951171875,-898.5,63.45042037963867,-1024.0999755859375,-987.3499755859375,-957.2999877929688,-937.25,-898.5,-855.0,-810.5999755859375,-797.75,-764.7999877929688
1080,-904.97998046875,80.17176818847656,74.0616683959961,42.0908842086792,-904.97998046875,-909.0,64.06793212890625,-1024.0999755859375,-991.1500244140625,-973.4000244140625,-951.75,-909.0,-864.5,-822.5999755859375,-810.0999755859375,-774.5999755859375
1120,-912.4400024414062,79.73162841796875,73.91810607910156,40.831260681152344,-912.4400024414062,-916.5,64.6153793334961,-1031.93994140625,-1011.7999877929688,-980.0999755859375,-955.25,-916.5,-875.75,-825.7000122070312,-810.5999755859375,-774.9199829101562
1160,-921.1199951171875,79.37169647216797,73.82098388671875,39.65359115600586,-921.1199951171875,-926.5,64.08966827392578,-1063.300048828125,-1011.7999877929688,-991.2999877929688,-960.5,-926.5,-879.75,-840.7999877929688,-818.3499755859375,-790.719970703125
1200,-931.4599609375,78.92263793945312,73.62566375732422,38.45556449890137,-931.4600219726562,-929.0,63.07209396362305,-1063.300048828125,-1031.0999755859375,-1004.7000122070312,-975.25,-929.0,-890.5,-851.2999877929688,-819.9500122070312,-802.7000122070312
1240,-940.0399780273438,78.4741439819336,73.42153930664062,37.33366394042969,-940.0399780273438,-936.0,63.257080078125,-1083.1400146484375,-1033.199951171875,-1017.7999877929688,-979.5,-936.0,-895.75,-851.7000122070312,-842.6500244140625,-820.7999877929688
1280,-946.6199951171875,78.0589828491211,73.20872497558594,36.35444927215576,-946.6199951171875,-944.5,62.382972717285156,-1083.1800537109375,-1034.0999755859375,-1025.0,-990.25,-944.5,-904.5,-864.5999755859375,-842.6500244140625,-820.9600219726562
1320,-953.5999755859375,77.54905700683594,72.89027404785156,35.457398414611816,-953.5999755859375,-950.5,62.6039924621582,-1099.199951171875,-1037.9000244140625,-1025.300048828125,-999.0,-950.5,-919.0,-875.5,-842.6500244140625,-832.7999877929688
1360,-960.699951171875,77.11385345458984,72.63609313964844,34.52039432525635,-960.7000122070312,-957.5,61.025978088378906,-1105.0799560546875,-1043.9000244140625,-1031.0999755859375,-1005.25,-957.5,-924.75,-884.5999755859375,-858.2000122070312,-832.8800048828125
1400,-967.8200073242188,76.67605590820312,72.38978576660156,33.58116340637207,-967.8200073242188,-964.5,60.25236892700195,-1111.1600341796875,-1059.199951171875,-1037.4000244140625,-1010.0,-964.5,-933.0,-891.7999877929688,-859.0,-846.9199829101562
1440,-974.47998046875,76.33002471923828,72.20123291015625,32.77242469787598,-974.47998046875,-976.0,60.08817672729492,-1113.3199462890625,-1064.0,-1041.199951171875,-1014.25,-976.0,-939.0,-892.7999877929688,-859.9500122070312,-852.8800048828125
1480,-980.7599487304688,75.9569091796875,72.01183319091797,31.886341094970703,-980.760009765625,-979.5,61.877960205078125,-1117.239990234375,-1075.3499755859375,-1045.0,-1022.75,-979.5,-940.5,-907.5999755859375,-864.75,-852.8800048828125
1520,-986.0199584960938,75.54959869384766,71.74491882324219,31.049884796142578,-986.02001953125,-982.0,61.47438049316406,-1129.0400390625,-1075.3499755859375,-1050.4000244140625,-1031.5,-982.0,-951.75,-908.5,-869.9500122070312,-864.6400146484375
1560,-994.2599487304688,75.11228942871094,71.46321105957031,30.20233678817749,-994.260009765625,-995.0,61.088401794433594,-1129.0799560546875,-1095.699951171875,-1065.0,-1034.25,-995.0,-959.0,-920.4000244140625,-883.2999877929688,-864.719970703125
1600,-1000.9199829101562,74.7973861694336,71.27510833740234,29.49714422225952,-1000.9199829101562,-996.5,61.503604888916016,-1141.219970703125,-1106.25,-1077.199951171875,-1037.75,-996.5,-962.5,-922.9000244140625,-899.25,-882.5999755859375
1640,-1005.5199584960938,74.52188873291016,71.12413024902344,28.736947059631348,-1005.52001953125,-1006.5,60.93135070800781,-1141.219970703125,-1106.3499755859375,-1087.0999755859375,-1043.0,-1006.5,-966.0,-924.7000122070312,-899.3499755859375,-883.97998046875
1680,-1010.8599853515625,74.19491577148438,70.9322738647461,27.903133869171143,-1010.8599853515625,-1009.5,62.27712631225586,-1152.02001953125,-1123.0999755859375,-1088.800048828125,-1045.25,-1009.5,-971.0,-930.9000244140625,-899.5499877929688,-883.97998046875
1720,-1016.0399780273438,73.91764831542969,70.76084899902344,27.264714241027832,-1016.0399780273438,-1014.0,61.44052505493164,-1152.02001953125,-1123.300048828125,-1092.0999755859375,-1051.25,-1014.0,-978.0,-936.7000122070312,-902.8499755859375,-889.9000244140625
1760,-1021.1399536132812,73.47320556640625,70.42235565185547,26.60454225540161,-1021.1400146484375,-1018.0,62.645355224609375,-1162.0999755859375,-1127.0999755859375,-1109.4000244140625,-1061.0,-1018.0,-981.0,-938.7999877929688,-912.5999755859375,-900.97998046875
1800,-1025.919921875,73.22222900390625,70.27452087402344,25.965805053710938,-1025.9200439453125,-1020.0,61.13700866699219,-1167.0400390625,-1133.4000244140625,-1109.4000244140625,-1063.5,-1020.0,-988.75,-954.7999877929688,-917.9500122070312,-912.780029296875
1840,-1029.699951171875,72.92017364501953,70.06389617919922,25.35938549041748,-1029.699951171875,-1023.5,61.52178192138672,-1173.06005859375,-1145.300048828125,-1109.800048828125,-1065.5,-1023.5,-990.5,-957.7000122070312,-924.7000122070312,-916.7000122070312
1880,-1034.3599853515625,72.6124038696289,69.86466217041016,24.770022869110107,-1034.3599853515625,-1035.0,61.692874908447266,-1177.02001953125,-1145.5,-1119.199951171875,-1072.25,-1035.0,-993.75,-958.9000244140625,-933.0,-917.7000122070312
1920,-1039.739990234375,72.31547546386719,69.66304016113281,24.17123031616211,-1039.739990234375,-1038.5,61.39309310913086,-1177.02001953125,-1155.199951171875,-1119.199951171875,-1079.25,-1038.5,-1000.5,-958.9000244140625,-954.2999877929688,-917.8400268554688
1960,-1044.4599609375,72.02397155761719,69.47378540039062,23.476649284362793,-1044.4599609375,-1045.0,60.93741226196289,-1177.02001953125,-1155.199951171875,-1123.800048828125,-1083.25,-1045.0,-1002.25,-968.4000244140625,-956.2000122070312,-932.780029296875
2000,-1049.02001953125,71.76213073730469,69.29376220703125,22.92489767074585,-1049.02001953125,-1046.5,61.19493103027344,-1178.1800537109375,-1157.0999755859375,-1130.5999755859375,-1087.75,-1046.5,-1007.0,-970.7999877929688,-956.3499755859375,-937.9000244140625
2040,-1052.199951171875,71.54330444335938,69.1566162109375,22.43449306488037,-1052.199951171875,-1049.5,61.81666564941406,-1182.1400146484375,-1161.5,-1130.5999755859375,-1090.0,-1049.5,-1009.0,-976.7999877929688,-956.3499755859375,-938.97998046875
2080,-1055.6199951171875,71.24551391601562,68.93914031982422,21.882535457611084,-1055.6199951171875,-1054.0,60.71799850463867,-1182.1400146484375,-1166.3499755859375,-1132.4000244140625,-1094.5,-1054.0,-1016.5,-982.2000122070312,-957.9500122070312,-940.97998046875
2120,-1059.419921875,70.97950744628906,68.7424545288086,21.360066413879395,-1059.4200439453125,-1055.0,60.413604736328125,-1185.199951171875,-1166.3499755859375,-1134.199951171875,-1098.25,-1055.0,-1021.0,-982.4000244140625,-957.9500122070312,-949.8200073242188
2160,-1063.1199951171875,70.79483032226562,68.6295166015625,20.91762065887451,-1063.1199951171875,-1057.5,60.66799545288086,-1189.199951171875,-1170.1500244140625,-1140.5,-1104.5,-1057.5,-1029.0,-984.7999877929688,-957.9500122070312,-949.8200073242188
2200,-1066.97998046875,70.53678894042969,68.4292984008789,20.43949794769287,-1066.97998046875,-1064.5,58.984230041503906,-1189.199951171875,-1170.3499755859375,-1144.0999755859375,-1106.5,-1064.5,-1031.75,-992.0,-971.9500122070312,-962.739990234375
2240,-1070.43994140625,70.29576110839844,68.25141143798828,19.993963718414307,-1070.43994140625,-1066.5,58.59817886352539,-1193.1199951171875,-1175.3499755859375,-1145.4000244140625,-1110.0,-1066.5,-1034.5,-995.0,-975.0,-968.6199951171875
2280,-1073.3800048828125,70.02320861816406,68.04390716552734,19.545881748199463,-1073.3800048828125,-1068.0,57.857025146484375,-1193.1199951171875,-1175.3499755859375,-1145.5999755859375,-1114.25,-1068.0,-1035.0,-1001.9000244140625,-978.7999877929688,-968.6199951171875
2320,-1076.4000244140625,69.75079345703125,67.83387756347656,19.11515235900879,-1076.4000244140625,-1074.5,58.47512435913086,-1193.1600341796875,-1175.3499755859375,-1147.5,-1119.0,-1074.5,-1036.5,-1002.9000244140625,-979.0,-968.8200073242188
2360,-1079.199951171875,69.52423095703125,67.65901947021484,18.6976318359375,-1079.199951171875,-1075.0,58.244140625,-1193.1600341796875,-1181.050048828125,-1152.0,-1120.0,-1075.0,-1039.0,-1004.7000122070312,-986.7000122070312,-974.9400024414062
2400,-1082.4599609375,69.23579406738281,67.43153381347656,18.28497838973999,-1082.4599609375,-1075.5,58.689083099365234,-1195.1199951171875,-1181.050048828125,-1160.0999755859375,-1123.75,-1075.5,-1043.0,-1004.7000122070312,-987.0,-974.9400024414062
2440,-1085.97998046875,69.07124328613281,67.31813049316406,17.87428855895996,-1085.97998046875,-1082.0,58.697696685791016,-1201.0400390625,-1181.3499755859375,-1161.300048828125,-1123.75,-1082.0,-1047.0,-1006.7999877929688,-995.75,-976.97998046875
2480,-1089.739990234375,68.85221862792969,67.15135955810547,17.46348285675049,-1089.739990234375,-1085.5,58.923274993896484,-1209.1600341796875,-1182.300048828125,-1175.300048828125,-1126.5,-1085.5,-1048.5,-1010.7999877929688,-995.8499755859375,-977.97998046875
2520,-1092.1199951171875,68.62409210205078,66.96994018554688,17.087512493133545,-1092.1199951171875,-1086.5,58.99801254272461,-1209.199951171875,-1186.0999755859375,-1175.5,-1128.0,-1086.5,-1050.5,-1015.9000244140625,-996.9500122070312,-977.97998046875
2560,-1095.3199462890625,68.39794158935547,66.80330657958984,16.692269802093506,-1095.3199462890625,-1088.5,60.043296813964844,-1209.280029296875,-1194.050048828125,-1181.0999755859375,-1131.5,-1088.5,-1057.0,-1018.5999755859375,-999.8499755859375,-977.97998046875
2600,-1098.5799560546875,68.12008666992188,66.57044982910156,16.393977165222168,-1098.5799560546875,-1092.0,60.216636657714844,-1217.199951171875,-1195.25,-1183.0999755859375,-1134.25,-1092.0,-1058.5,-1023.0,-1000.9500122070312,-990.97998046875
2640,-1100.8800048828125,67.84191131591797,66.33937072753906,16.087448596954346,-1100.8800048828125,-1092.0,60.36195373535156,-1223.0799560546875,-1203.0,-1184.4000244140625,-1139.0,-1092.0,-1061.75,-1025.699951171875,-1002.8499755859375,-990.97998046875
2680,-1103.1600341796875,67.6326904296875,66.17677307128906,15.724900007247925,-1103.1600341796875,-1094.0,60.96551513671875,-1225.0400390625,-1210.050048828125,-1192.0999755859375,-1139.0,-1094.0,-1063.25,-1025.699951171875,-1011.8499755859375,-998.8200073242188
2720,-1105.47998046875,67.36630249023438,65.95545959472656,15.328943967819214,-1105.47998046875,-1095.5,60.655662536621094,-1225.199951171875,-1210.050048828125,-1193.300048828125,-1139.5,-1095.5,-1068.5,-1025.699951171875,-1019.4500122070312,-998.8200073242188
2760,-1108.8399658203125,67.19136047363281,65.81428527832031,15.006249904632568,-1108.8399658203125,-1101.5,60.98978805541992,-1231.0799560546875,-1211.3499755859375,-1196.0,-1142.0,-1101.5,-1073.0,-1028.9000244140625,-1022.5,-998.8200073242188
2800,-1110.9599609375,66.96865844726562,65.63322448730469,14.630386114120483,-1110.9599609375,-1104.0,60.63347625732422,-1231.1199951171875,-1212.300048828125,-1199.0999755859375,-1143.25,-1104.0,-1075.0,-1031.0,-1023.0,-998.8200073242188
2840,-1113.2999267578125,66.80705261230469,65.5079345703125,14.314190149307251,-1113.300048828125,-1105.5,60.40174102783203,-1231.1199951171875,-1214.199951171875,-1203.0999755859375,-1144.5,-1105.5,-1076.5,-1032.9000244140625,-1024.9000244140625,-998.8200073242188
2880,-1116.1600341796875,66.642578125,65.37614440917969,14.039472341537476,-1116.1600341796875,-1110.0,60.878849029541016,-1233.1199951171875,-1218.0,-1206.0,-1148.25,-1110.0,-1077.0,-1042.800048828125,-1030.5999755859375,-998.8200073242188
2920,-1118.5999755859375,66.4404296875,65.21334075927734,13.70916485786438,-1118.5999755859375,-1112.0,61.2191162109375,-1235.3599853515625,-1218.0999755859375,-1214.0999755859375,-1155.25,-1112.0,-1078.5,-1042.800048828125,-1030.5999755859375,-1018.4199829101562
2960,-1120.7999267578125,66.28700256347656,65.09750366210938,13.414980411529541,-1120.800048828125,-1115.0,61.057186126708984,-1237.3199462890625,-1226.050048828125,-1214.0999755859375,-1156.25,-1115.0,-1080.0,-1042.800048828125,-1030.5999755859375,-1018.5
3000,-1123.5399169921875,66.150634765625,64.99107360839844,13.140788078308105,-1123.5400390625,-1117.0,61.38378143310547,-1237.3199462890625,-1230.0,-1214.199951171875,-1160.75,-1117.0,-1082.5,-1045.699951171875,-1033.6500244140625,-1018.5
3040,-1125.3399658203125,65.9923324584961,64.86753845214844,12.857051849365234,-1125.3399658203125,-1118.0,60.988067626953125,-1241.239990234375,-1230.0,-1216.0,-1163.0,-1118.0,-1083.0,-1047.5,-1036.800048828125,-1018.6599731445312
3080,-1127.199951171875,65.7765121459961,64.68138885498047,12.579335451126099,-1127.199951171875,-1120.0,60.56913375854492,-1241.239990234375,-1231.050048828125,-1216.5,-1163.0,-1120.0,-1086.75,-1049.0,-1041.550048828125,-1018.6599731445312
3120,-1129.199951171875,65.60430908203125,64.53768920898438,12.287433624267578,-1129.199951171875,-1120.0,60.83567810058594,-1241.239990234375,-1231.25,-1219.300048828125,-1163.0,-1120.0,-1088.5,-1049.0,-1041.550048828125,-1022.5800170898438
3160,-1131.5599365234375,65.41903686523438,64.37992858886719,12.017444610595703,-1131.56005859375,-1125.5,61.07820129394531,-1241.280029296875,-1236.050048828125,-1219.699951171875,-1166.25,-1125.5,-1089.0,-1052.5999755859375,-1042.5999755859375,-1022.5800170898438
3200,-1134.0599365234375,65.2456283569336,64.23528289794922,11.744147777557373,-1134.06005859375,-1128.0,61.58747100830078,-1243.239990234375,-1236.0999755859375,-1229.0999755859375,-1167.75,-1128.0,-1093.25,-1058.0,-1042.699951171875,-1022.5800170898438
3240,-1135.6199951171875,65.0784683227539,64.09457397460938,11.492355585098267,-1135.6199951171875,-1130.0,61.973182678222656,-1249.1600341796875,-1240.050048828125,-1229.0999755859375,-1172.25,-1130.0,-1093.75,-1058.199951171875,-1042.699951171875,-1026.5400390625
3280,-1137.4000244140625,64.90437316894531,63.950439453125,11.251390933990479,-1137.4000244140625,-1130.0,62.008872985839844,-1254.06005859375,-1241.050048828125,-1229.0999755859375,-1173.0,-1130.0,-1096.5,-1058.4000244140625,-1042.9000244140625,-1036.3399658203125
3320,-1139.6199951171875,64.74772644042969,63.82023239135742,11.005345582962036,-1139.6199951171875,-1132.0,61.33837127685547,-1254.06005859375,-1241.4000244140625,-1229.300048828125,-1175.5,-1132.0,-1097.0,-1061.4000244140625,-1044.9000244140625,-1036.52001953125
3360,-1141.3199462890625,64.64107513427734,63.74055099487305,10.79511046409607,-1141.3199462890625,-1133.0,61.89666748046875,-1257.06005859375,-1246.1500244140625,-1231.699951171875,-1182.25,-1133.0,-1098.75,-1063.800048828125,-1044.9000244140625,-1036.52001953125
3400,-1142.8399658203125,64.49922943115234,63.6258659362793,10.552170276641846,-1142.8399658203125,-1134.0,62.30276870727539,-1257.06005859375,-1253.050048828125,-1238.0999755859375,-1182.25,-1134.0,-1101.75,-1064.0,-1044.9000244140625,-1038.47998046875
3440,-1144.4599609375,64.32880401611328,63.47715377807617,10.31187915802002,-1144.4599609375,-1137.0,61.865081787109375,-1259.02001953125,-1253.050048828125,-1238.300048828125,-1187.0,-1137.0,-1103.75,-1068.699951171875,-1044.9000244140625,-1040.719970703125
3480,-1146.0999755859375,64.21239471435547,63.37831115722656,10.094086408615112,-1146.0999755859375,-1140.0,62.38372802734375,-1262.02001953125,-1256.1500244140625,-1241.199951171875,-1187.0,-1140.0,-1106.75,-1068.699951171875,-1044.9000244140625,-1040.719970703125
3520,-1147.52001953125,64.10910034179688,63.297359466552734,9.91352105140686,-1147.52001953125,-1142.0,62.473907470703125,-1262.02001953125,-1260.050048828125,-1241.199951171875,-1187.0,-1142.0,-1106.75,-1068.699951171875,-1044.9000244140625,-1040.719970703125
3560,-1148.6600341796875,63.9915885925293,63.20071029663086,9.706310033798218,-1148.6600341796875,-1142.0,62.42774963378906,-1263.0,-1261.0,-1243.4000244140625,-1187.0,-1142.0,-1107.75,-1068.800048828125,-1046.9000244140625,-1040.719970703125
3600,-1149.919921875,63.85494613647461,63.0806884765625,9.482838869094849,-1149.9200439453125,-1146.0,62.598506927490234,-1264.02001953125,-1262.050048828125,-1243.4000244140625,-1187.0,-1146.0,-1110.0,-1068.800048828125,-1049.0,-1040.760009765625
3640,-1151.52001953125,63.800575256347656,63.04360580444336,9.300106287002563,-1151.52001953125,-1147.0,62.445735931396484,-1265.06005859375,-1262.050048828125,-1247.0,-1187.75,-1147.0,-1110.0,-1069.9000244140625,-1054.699951171875,-1040.800048828125
3680,-1152.8399658203125,63.69202423095703,62.947242736816406,9.129647731781006,-1152.8399658203125,-1147.0,62.671478271484375,-1268.06005859375,-1262.1500244140625,-1247.800048828125,-1189.25,-1147.0,-1110.0,-1069.9000244140625,-1054.699951171875,-1040.8399658203125
3720,-1154.0799560546875,63.56077194213867,62.83069610595703,8.984146118164062,-1154.0799560546875,-1148.0,62.74275588989258,-1269.0799560546875,-1265.050048828125,-1248.0,-1189.25,-1148.0,-1111.5,-1075.4000244140625,-1054.699951171875,-1040.8399658203125
3760,-1155.8800048828125,63.48446273803711,62.76715087890625,8.832964897155762,-1155.8800048828125,-1151.0,62.342002868652344,-1275.0400390625,-1269.050048828125,-1249.800048828125,-1190.75,-1151.0,-1116.0,-1078.0999755859375,-1060.5999755859375,-1042.9599609375
3800,-1157.0799560546875,63.351009368896484,62.65167236328125,8.683701992034912,-1157.0799560546875,-1151.0,62.11033248901367,-1275.0400390625,-1270.050048828125,-1249.800048828125,-1195.25,-1151.0,-1116.0,-1078.0999755859375,-1060.699951171875,-1042.9599609375
3840,-1158.3599853515625,63.267723083496094,62.58720397949219,8.500171661376953,-1158.3599853515625,-1153.5,61.608524322509766,-1276.1800537109375,-1271.0999755859375,-1249.800048828125,-1195.25,-1153.5,-1117.75,-1079.0,-1064.5,-1044.9599609375
3880,-1159.0799560546875,63.15932846069336,62.496543884277344,8.365398645401001,-1159.0799560546875,-1154.5,61.62932586669922,-1276.1800537109375,-1271.0999755859375,-1249.800048828125,-1195.25,-1154.5,-1117.75,-1079.0,-1064.699951171875,-1044.9599609375
3920,-1160.3399658203125,63.02535629272461,62.37541961669922,8.217188358306885,-1160.3399658203125,-1154.5,62.09077835083008,-1276.1800537109375,-1271.0999755859375,-1254.300048828125,-1195.5,-1154.5,-1118.5,-1079.0,-1064.800048828125,-1044.9599609375
3960,-1161.6600341796875,62.8624382019043,62.23699188232422,8.018069863319397,-1161.6600341796875,-1156.0,62.84285354614258,-1285.0400390625,-1276.199951171875,-1259.199951171875,-1197.75,-1156.0,-1119.0,-1079.0,-1064.9000244140625,-1044.9599609375
4000,-1163.0999755859375,62.78678512573242,62.177459716796875,7.823527216911316,-1163.0999755859375,-1156.0,63.20703887939453,-1285.0400390625,-1278.0999755859375,-1261.0,-1202.25,-1156.0,-1120.5,-1082.5999755859375,-1064.9000244140625,-1048.8800048828125
4040,-1163.9000244140625,62.68681335449219,62.092220306396484,7.641071081161499,-1163.9000244140625,-1159.0,63.32274627685547,-1285.0400390625,-1280.0,-1261.199951171875,-1205.25,-1159.0,-1120.5,-1082.5999755859375,-1066.9000244140625,-1048.8800048828125
4080,-1164.8199462890625,62.59334945678711,62.01302719116211,7.523891925811768,-1164.8199462890625,-1162.0,63.227745056152344,-1287.0400390625,-1280.0,-1261.5999755859375,-1205.25,-1162.0,-1120.5,-1083.0,-1066.9000244140625,-1048.9599609375
4120,-1166.239990234375,62.55760955810547,61.99032211303711,7.37385880947113,-1166.239990234375,-1163.0,63.25031661987305,-1289.0400390625,-1280.0,-1261.5999755859375,-1205.75,-1163.0,-1120.5,-1084.800048828125,-1070.800048828125,-1050.9599609375
4160,-1167.6199951171875,62.49814987182617,61.9405632019043,7.236809968948364,-1167.6199951171875,-1166.0,63.45451736450195,-1295.0799560546875,-1280.199951171875,-1261.699951171875,-1205.75,-1166.0,-1120.5,-1084.800048828125,-1071.0,-1050.9599609375
4200,-1168.5599365234375,62.45747375488281,61.91268539428711,7.105617642402649,-1168.56005859375,-1167.0,63.16095733642578,-1295.0799560546875,-1280.199951171875,-1261.699951171875,-1211.0,-1167.0,-1121.0,-1084.800048828125,-1072.9000244140625,-1050.9599609375
4240,-1169.5799560546875,62.39371871948242,61.865684509277344,6.9772632122039795,-1169.5799560546875,-1168.0,62.7123908996582,-1295.0799560546875,-1280.4000244140625,-1261.699951171875,-1211.25,-1168.0,-1126.5,-1085.0,-1072.9000244140625,-1050.9599609375
4280,-1170.52001953125,62.32926940917969,61.81007385253906,6.855384945869446,-1170.52001953125,-1168.0,62.75436019897461,-1299.0,-1280.4000244140625,-1265.300048828125,-1211.25,-1168.0,-1126.5,-1086.800048828125,-1074.800048828125,-1052.9599609375
4320,-1171.47998046875,62.23443603515625,61.72595977783203,6.713994860649109,-1171.47998046875,-1168.0,62.898563385009766,-1299.0,-1280.4000244140625,-1265.300048828125,-1214.0,-1168.0,-1126.5,-1086.9000244140625,-1074.800048828125,-1056.8800048828125
4360,-1172.6400146484375,62.2083854675293,61.70652389526367,6.574864387512207,-1172.6400146484375,-1168.0,63.02293395996094,-1299.0799560546875,-1280.4000244140625,-1265.5,-1214.0,-1168.0,-1126.75,-1086.9000244140625,-1074.800048828125,-1056.8800048828125
4400,-1174.1199951171875,62.197608947753906,61.704132080078125,6.465117335319519,-1174.1199951171875,-1172.0,62.91554260253906,-1299.0799560546875,-1284.199951171875,-1265.800048828125,-1214.0,-1172.0,-1128.5,-1095.0999755859375,-1076.699951171875,-1056.8800048828125
4440,-1174.9599609375,62.11887741088867,61.637786865234375,6.3251718282699585,-1174.9599609375,-1173.0,62.889888763427734,-1299.0799560546875,-1284.199951171875,-1266.9000244140625,-1214.5,-1173.0,-1128.5,-1095.0999755859375,-1078.800048828125,-1056.8800048828125
4480,-1176.1400146484375,62.02618408203125,61.556617736816406,6.217867732048035,-1176.1400146484375,-1174.0,63.014923095703125,-1299.1600341796875,-1284.199951171875,-1267.800048828125,-1214.75,-1174.0,-1132.25,-1098.9000244140625,-1078.800048828125,-1056.8800048828125
4520,-1177.0,62.00146484375,61.542747497558594,6.080246567726135,-1177.0,-1175.0,62.852046966552734,-1299.1600341796875,-1286.0999755859375,-1267.800048828125,-1216.25,-1175.0,-1132.25,-1100.699951171875,-1080.699951171875,-1062.780029296875
4560,-1178.6400146484375,61.93381881713867,61.487022399902344,5.9484535455703735,-1178.6400146484375,-1179.0,62.6920280456543,-1299.1600341796875,-1286.0999755859375,-1275.199951171875,-1216.25,-1179.0,-1133.0,-1100.9000244140625,-1080.800048828125,-1062.780029296875
4600,-1179.43994140625,61.87812042236328,61.444820404052734,5.817301273345947,-1179.43994140625,-1179.0,62.006019592285156,-1299.1600341796875,-1286.0999755859375,-1275.199951171875,-1216.25,-1179.0,-1133.0,-1100.9000244140625,-1080.800048828125,-1074.6400146484375
4640,-1180.5599365234375,61.81755828857422,61.39447021484375,5.691150188446045,-1180.56005859375,-1179.0,61.98891830444336,-1301.1199951171875,-1288.199951171875,-1277.5999755859375,-1217.25,-1179.0,-1133.0,-1104.5,-1082.9000244140625,-1074.6800537109375
4680,-1181.47998046875,61.77799606323242,61.366912841796875,5.578764796257019,-1181.47998046875,-1179.0,61.464378356933594,-1301.1199951171875,-1288.199951171875,-1277.5999755859375,-1218.0,-1179.0,-1133.0,-1107.9000244140625,-1086.800048828125,-1074.719970703125
4720,-1182.5,61.69438171386719,61.29130172729492,5.493247985839844,-1182.5,-1179.0,61.794254302978516,-1301.1199951171875,-1288.199951171875,-1277.5999755859375,-1223.0,-1179.0,-1136.5,-1107.9000244140625,-1086.800048828125,-1074.719970703125
4760,-1183.02001953125,61.615020751953125,61.21818161010742,5.416454195976257,-1183.02001953125,-1180.0,61.64202880859375,-1301.1199951171875,-1288.199951171875,-1277.5999755859375,-1223.25,-1180.0,-1137.0,-1107.9000244140625,-1086.800048828125,-1074.719970703125
4800,-1183.760009765625,61.55757141113281,61.16654968261719,5.350532293319702,-1183.760009765625,-1182.5,61.48659896850586,-1301.1199951171875,-1288.4000244140625,-1277.5999755859375,-1224.0,-1182.5,-1138.5,-1110.5999755859375,-1088.9000244140625,-1074.719970703125
4840,-1184.5599365234375,61.510581970214844,61.13152313232422,5.226816773414612,-1184.56005859375,-1183.5,61.47151184082031,-1301.1600341796875,-1292.199951171875,-1277.5999755859375,-1226.5,-1183.5,-1140.0,-1113.300048828125,-1088.9000244140625,-1074.719970703125
4880,-1185.239990234375,61.44354248046875,61.07173156738281,5.10148549079895,-1185.239990234375,-1183.5,61.478797912597656,-1303.1199951171875,-1292.199951171875,-1279.4000244140625,-1226.5,-1183.5,-1140.0,-1113.300048828125,-1092.800048828125,-1074.719970703125
4920,-1185.719970703125,61.385650634765625,61.020957946777344,5.011392831802368,-1185.719970703125,-1183.5,61.61445999145508,-1303.1199951171875,-1292.199951171875,-1279.4000244140625,-1226.5,-1183.5,-1140.0,-1113.300048828125,-1094.699951171875,-1074.719970703125
4960,-1186.6199951171875,61.3603630065918,61.000450134277344,4.9351019859313965,-1186.6199951171875,-1185.5,61.48362350463867,-1303.1199951171875,-1292.199951171875,-1281.199951171875,-1228.0,-1185.5,-1140.0,-1113.9000244140625,-1094.800048828125,-1074.719970703125
5000,-1187.679931640625,61.313899993896484,60.96306610107422,4.84988009929657,-1187.6800537109375,-1187.5,61.415611267089844,-1303.1199951171875,-1296.0999755859375,-1283.0,-1228.5,-1187.5,-1140.5,-1113.9000244140625,-1097.0,-1076.8800048828125
5040,-1188.52001953125,61.24300765991211,60.89960479736328,4.743188381195068,-1188.52001953125,-1189.5,61.51186752319336,-1303.1600341796875,-1298.0,-1285.0999755859375,-1228.5,-1189.5,-1140.5,-1117.5,-1097.0,-1076.8800048828125
5080,-1189.0999755859375,61.207176208496094,60.868896484375,4.665808439254761,-1189.0999755859375,-1190.5,61.603328704833984,-1303.1600341796875,-1298.0,-1286.199951171875,-1228.5,-1190.5,-1140.5,-1117.5,-1097.0,-1076.8800048828125
5120,-1189.5799560546875,61.184898376464844,60.85276794433594,4.580684661865234,-1189.5799560546875,-1190.5,61.53668212890625,-1303.1600341796875,-1298.0,-1286.199951171875,-1230.0,-1190.5,-1140.5,-1117.5,-1097.0,-1076.9200439453125
5160,-1190.3800048828125,61.14092254638672,60.81610870361328,4.503883957862854,-1190.3800048828125,-1190.5,61.631446838378906,-1303.1600341796875,-1298.0999755859375,-1286.199951171875,-1231.25,-1190.5,-1145.5,-1117.5,-1097.0,-1076.9200439453125
5200,-1190.9000244140625,61.08897018432617,60.77032470703125,4.394737243652344,-1190.9000244140625,-1191.0,61.59845733642578,-1303.199951171875,-1298.0999755859375,-1286.199951171875,-1232.0,-1191.0,-1146.0,-1117.5,-1097.0,-1078.8800048828125
5240,-1191.5999755859375,61.08702850341797,60.77629852294922,4.296046614646912,-1191.5999755859375,-1191.0,61.86064910888672,-1303.280029296875,-1300.0,-1286.199951171875,-1234.75,-1191.0,-1147.0,-1117.5,-1097.0,-1078.8800048828125
5280,-1192.219970703125,61.08332443237305,60.7779655456543,4.223586797714233,-1192.219970703125,-1192.0,61.887733459472656,-1303.280029296875,-1300.0,-1286.199951171875,-1239.0,-1192.0,-1147.0,-1117.5,-1097.0,-1078.8800048828125
5320,-1192.8599853515625,61.068145751953125,60.76817321777344,4.1694910526275635,-1192.8599853515625,-1194.0,61.72843933105469,-1303.280029296875,-1302.050048828125,-1286.199951171875,-1239.0,-1194.0,-1147.0,-1119.300048828125,-1100.800048828125,-1078.9200439453125
5360,-1193.4599609375,61.05784225463867,60.7646484375,4.111914575099945,-1193.4599609375,-1194.0,61.64323806762695,-1303.280029296875,-1302.050048828125,-1286.199951171875,-1239.75,-1194.0,-1147.0,-1119.300048828125,-1100.800048828125,-1080.8800048828125
5400,-1193.97998046875,61.01331329345703,60.72320556640625,4.082863092422485,-1193.97998046875,-1194.0,61.44151306152344,-1304.260009765625,-1303.0,-1286.199951171875,-1239.75,-1194.0,-1150.0,-1119.300048828125,-1100.800048828125,-1080.8800048828125
5440,-1194.5799560546875,61.00660705566406,60.71903610229492,4.0368635058403015,-1194.5799560546875,-1194.0,61.40816879272461,-1304.260009765625,-1303.0,-1286.199951171875,-1239.75,-1194.0,-1152.5,-1119.300048828125,-1100.800048828125,-1080.8800048828125
5480,-1195.0999755859375,60.955501556396484,60.673187255859375,3.9593098163604736,-1195.0999755859375,-1194.0,61.04170608520508,-1306.219970703125,-1303.0,-1286.199951171875,-1239.75,-1194.0,-1152.5,-1121.0999755859375,-1104.800048828125,-1080.9599609375
5520,-1196.02001953125,60.95793914794922,60.68168640136719,3.8956941962242126,-1196.02001953125,-1196.5,60.95883560180664,-1306.219970703125,-1303.0,-1286.4000244140625,-1242.0,-1196.5,-1152.5,-1121.699951171875,-1104.800048828125,-1082.9200439453125
5560,-1196.4599609375,60.96746826171875,60.697959899902344,3.8412550687789917,-1196.4599609375,-1196.5,61.016788482666016,-1311.1199951171875,-1303.0999755859375,-1287.300048828125,-1242.0,-1196.5,-1152.5,-1121.9000244140625,-1104.800048828125,-1082.9200439453125
5600,-1196.97998046875,60.92470932006836,60.66161346435547,3.7839014530181885,-1196.97998046875,-1196.5,60.74980926513672,-1311.1199951171875,-1303.0999755859375,-1290.0,-1242.5,-1196.5,-1153.75,-1122.9000244140625,-1107.6500244140625,-1082.9200439453125
5640,-1197.5,60.89439010620117,60.63441467285156,3.725101888179779,-1197.5,-1196.5,60.88949203491211,-1312.0999755859375,-1303.0999755859375,-1290.5999755859375,-1243.0,-1196.5,-1154.5,-1122.9000244140625,-1107.6500244140625,-1084.8800048828125
5680,-1197.719970703125,60.86549377441406,60.61341094970703,3.6402264833450317,-1197.719970703125,-1196.5,60.75773239135742,-1312.0999755859375,-1305.0,-1290.5999755859375,-1244.5,-1196.5,-1154.5,-1126.5999755859375,-1107.6500244140625,-1086.8800048828125
5720,-1198.0999755859375,60.823394775390625,60.57708740234375,3.5787002444267273,-1198.0999755859375,-1197.5,60.82606506347656,-1316.02001953125,-1305.0999755859375,-1290.5999755859375,-1244.5,-1197.5,-1154.5,-1126.5999755859375,-1107.6500244140625,-1086.8800048828125
5760,-1198.679931640625,60.820289611816406,60.57643127441406,3.5044710636138916,-1198.6800537109375,-1197.5,60.71736145019531,-1317.0999755859375,-1306.050048828125,-1290.5999755859375,-1244.5,-1197.5,-1154.5,-1126.5999755859375,-1107.75,-1087.97998046875
5800,-1199.3399658203125,60.79710388183594,60.55760192871094,3.4471540451049805,-1199.3399658203125,-1197.5,60.90406036376953,-1317.0999755859375,-1306.050048828125,-1296.0,-1244.5,-1197.5,-1154.5,-1126.5999755859375,-1107.75,-1091.9000244140625
5840,-1200.0599365234375,60.76400375366211,60.52986145019531,3.40201735496521,-1200.06005859375,-1198.0,60.96930694580078,-1317.0999755859375,-1306.050048828125,-1298.0999755859375,-1244.5,-1198.0,-1154.5,-1126.5999755859375,-1107.75,-1091.9000244140625
5880,-1200.6400146484375,60.716705322265625,60.48796844482422,3.330438494682312,-1200.6400146484375,-1199.5,60.99680709838867,-1317.0999755859375,-1306.050048828125,-1298.0999755859375,-1246.0,-1199.5,-1155.0,-1126.800048828125,-1107.75,-1093.8599853515625
5920,-1201.0399169921875,60.702301025390625,60.476829528808594,3.3087704181671143,-1201.0400390625,-1199.5,60.982112884521484,-1317.0999755859375,-1306.050048828125,-1298.0999755859375,-1246.0,-1199.5,-1155.0,-1127.699951171875,-1107.75,-1093.8599853515625
5960,-1201.5999755859375,60.662139892578125,60.44099044799805,3.2730573415756226,-1201.5999755859375,-1200.0,60.84718704223633,-1317.0999755859375,-1306.1500244140625,-1298.0999755859375,-1246.0,-1200.0,-1157.25,-1127.699951171875,-1109.75,-1093.8599853515625
6000,-1202.2999267578125,60.6358757019043,60.41877365112305,3.2057709097862244,-1202.300048828125,-1201.0,60.7243766784668,-1317.0999755859375,-1307.0999755859375,-1298.0999755859375,-1246.5,-1201.0,-1157.25,-1127.699951171875,-1109.8499755859375,-1093.8599853515625
6040,-1202.699951171875,60.61347198486328,60.398860931396484,3.1475091576576233,-1202.699951171875,-1201.0,60.71614456176758,-1317.0999755859375,-1308.050048828125,-1299.0999755859375,-1246.5,-1201.0,-1157.25,-1127.699951171875,-1109.8499755859375,-1093.8599853515625
6080,-1203.0999755859375,60.59312438964844,60.384918212890625,3.080548107624054,-1203.0999755859375,-1201.0,60.7905387878418,-1317.1199951171875,-1308.050048828125,-1299.0999755859375,-1248.25,-1201.0,-1157.25,-1127.699951171875,-1110.949951171875,-1093.8599853515625
6120,-1203.52001953125,60.56279754638672,60.35796356201172,3.0436376333236694,-1203.52001953125,-1201.0,60.656654357910156,-1317.1199951171875,-1308.050048828125,-1299.0999755859375,-1248.25,-1201.0,-1157.25,-1127.699951171875,-1115.75,-1093.8599853515625
6160,-1204.0999755859375,60.56863021850586,60.36574935913086,2.996700346469879,-1204.0999755859375,-1201.0,60.40471649169922,-1317.1199951171875,-1308.050048828125,-1299.0999755859375,-1248.25,-1201.0,-1158.0,-1129.9000244140625,-1118.5999755859375,-1093.8599853515625
6200,-1204.52001953125,60.56993103027344,60.36994934082031,2.94904100894928,-1204.52001953125,-1201.0,60.814388275146484,-1317.1199951171875,-1308.1500244140625,-1299.300048828125,-1248.5,-1201.0,-1158.0,-1129.9000244140625,-1118.5999755859375,-1093.8599853515625
6240,-1204.8399658203125,60.53569030761719,60.338409423828125,2.907902717590332,-1204.8399658203125,-1201.0,60.904136657714844,-1317.1199951171875,-1310.050048828125,-1299.300048828125,-1250.0,-1201.0,-1158.0,-1129.9000244140625,-1120.5,-1093.8599853515625
6280,-1205.159912109375,60.54536437988281,60.34898376464844,2.8576947450637817,-1205.1600341796875,-1201.0,60.91432189941406,-1321.0400390625,-1310.050048828125,-1299.300048828125,-1250.0,-1201.0,-1158.0,-1129.9000244140625,-1120.5,-1093.9000244140625
6320,-1205.5,60.49085235595703,60.297889709472656,2.8186328411102295,-1205.5,-1201.0,60.68978500366211,-1321.0400390625,-1310.050048828125,-1299.300048828125,-1250.0,-1201.0,-1158.0,-1129.9000244140625,-1122.4000244140625,-1093.9000244140625
6360,-1205.780029296875,60.49803924560547,60.30950164794922,2.7563925981521606,-1205.780029296875,-1201.0,60.72932815551758,-1321.0400390625,-1310.1500244140625,-1299.300048828125,-1250.25,-1201.0,-1158.75,-1129.9000244140625,-1122.4000244140625,-1093.9000244140625
6400,-1206.179931640625,60.47755432128906,60.2935905456543,2.7434151768684387,-1206.1800537109375,-1202.0,60.567874908447266,-1321.0400390625,-1310.1500244140625,-1299.300048828125,-1250.25,-1202.0,-1158.75,-1129.9000244140625,-1122.4000244140625,-1093.9000244140625
6440,-1206.659912109375,60.492183685302734,60.309505462646484,2.7011483907699585,-1206.6600341796875,-1202.0,60.507389068603516,-1321.0400390625,-1310.1500244140625,-1300.4000244140625,-1251.5,-1202.0,-1158.75,-1132.699951171875,-1122.4000244140625,-1093.9000244140625
6480,-1207.260009765625,60.48713684082031,60.30912399291992,2.672235071659088,-1207.260009765625,-1204.0,60.67217254638672,-1321.0400390625,-1310.1500244140625,-1300.4000244140625,-1251.5,-1204.0,-1159.5,-1132.699951171875,-1122.4000244140625,-1093.9000244140625
6520,-1207.780029296875,60.45721435546875,60.281639099121094,2.625798523426056,-1207.780029296875,-1204.0,60.84580612182617,-1321.0400390625,-1310.1500244140625,-1300.4000244140625,-1251.5,-1204.0,-1159.5,-1132.699951171875,-1122.4000244140625,-1093.9000244140625
6560,-1208.199951171875,60.468170166015625,60.294593811035156,2.6355254650115967,-1208.199951171875,-1204.0,60.843570709228516,-1321.0400390625,-1310.1500244140625,-1300.4000244140625,-1253.25,-1204.0,-1159.5,-1132.699951171875,-1122.4000244140625,-1093.9000244140625
6600,-1208.5399169921875,60.45203399658203,60.2816162109375,2.5918754935264587,-1208.5400390625,-1204.0,60.914764404296875,-1321.0400390625,-1310.1500244140625,-1300.5,-1253.25,-1204.0,-1160.75,-1132.699951171875,-1122.4000244140625,-1093.9000244140625
6640,-1208.8599853515625,60.445186614990234,60.277122497558594,2.5485368371009827,-1208.8599853515625,-1204.0,61.038352966308594,-1321.0400390625,-1310.1500244140625,-1300.5999755859375,-1253.25,-1204.0,-1160.75,-1132.699951171875,-1122.4000244140625,-1093.9000244140625
6680,-1209.43994140625,60.47956848144531,60.316192626953125,2.509346127510071,-1209.43994140625,-1204.5,61.11878967285156,-1321.0400390625,-1313.0999755859375,-1306.0,-1253.25,-1204.5,-1160.75,-1132.800048828125,-1122.4000244140625,-1093.9000244140625
6720,-1209.699951171875,60.477020263671875,60.3171501159668,2.481478750705719,-1209.699951171875,-1204.5,61.08330154418945,-1321.0400390625,-1313.0999755859375,-1306.0,-1253.25,-1204.5,-1160.75,-1133.9000244140625,-1122.4000244140625,-1093.9000244140625
6760,-1209.97998046875,60.494163513183594,60.33689880371094,2.453587770462036,-1209.97998046875,-1204.5,61.16322326660156,-1321.0400390625,-1314.050048828125,-1306.0,-1254.25,-1204.5,-1161.0,-1133.9000244140625,-1122.4000244140625,-1093.9000244140625
6800,-1210.5399169921875,60.46258544921875,60.30706024169922,2.3950509428977966,-1210.5400390625,-1208.5,61.171958923339844,-1321.0400390625,-1314.050048828125,-1306.0,-1257.0,-1208.5,-1161.75,-1135.699951171875,-1122.4000244140625,-1093.9000244140625
6840,-1210.9599609375,60.44582748413086,60.2927360534668,2.346631705760956,-1210.9599609375,-1209.5,61.27330780029297,-1321.0799560546875,-1314.050048828125,-1306.0,-1257.0,-1209.5,-1161.75,-1135.699951171875,-1122.4000244140625,-1093.9000244140625
6880,-1211.2999267578125,60.44193649291992,60.29273223876953,2.325664460659027,-1211.300048828125,-1209.5,61.33489990234375,-1321.0799560546875,-1314.25,-1306.0,-1257.0,-1209.5,-1161.75,-1138.4000244140625,-1122.4000244140625,-1093.9000244140625
6920,-1211.780029296875,60.4422607421875,60.29644012451172,2.285294830799103,-1211.780029296875,-1210.5,61.3613166809082,-1321.0799560546875,-1314.25,-1306.0,-1257.0,-1210.5,-1161.75,-1138.4000244140625,-1124.300048828125,-1093.9000244140625
6960,-1212.159912109375,60.44398498535156,60.301513671875,2.248462200164795,-1212.1600341796875,-1212.0,61.268218994140625,-1321.0799560546875,-1314.25,-1306.0,-1257.0,-1212.0,-1161.75,-1138.4000244140625,-1124.699951171875,-1097.8199462890625
7000,-1212.5599365234375,60.46122741699219,60.31983947753906,2.207046151161194,-1212.56005859375,-1212.0,61.09621047973633,-1321.0799560546875,-1314.25,-1306.0999755859375,-1257.0,-1212.0,-1161.75,-1138.4000244140625,-1124.699951171875,-1101.739990234375
7040,-1212.9599609375,60.45026397705078,60.311439514160156,2.1877102851867676,-1212.9599609375,-1212.0,60.961448669433594,-1321.0799560546875,-1314.25,-1306.0999755859375,-1257.0,-1212.0,-1162.75,-1138.4000244140625,-1124.699951171875,-1101.739990234375
7080,-1213.239990234375,60.48069763183594,60.34272384643555,2.1463260650634766,-1213.239990234375,-1212.0,60.76546859741211,-1321.0799560546875,-1314.25,-1306.0999755859375,-1257.0,-1212.0,-1164.5,-1138.4000244140625,-1124.699951171875,-1101.739990234375
7120,-1213.3800048828125,60.480003356933594,60.34304428100586,2.135793089866638,-1213.3800048828125,-1212.0,60.81937026977539,-1321.0799560546875,-1314.25,-1306.0999755859375,-1257.0,-1212.0,-1165.0,-1138.4000244140625,-1124.699951171875,-1101.739990234375
7160,-1213.659912109375,60.48186492919922,60.34708786010742,2.1198601126670837,-1213.6600341796875,-1212.0,60.71856689453125,-1321.0799560546875,-1314.25,-1307.0999755859375,-1257.0,-1212.0,-1165.0,-1138.4000244140625,-1130.4000244140625,-1103.739990234375
7200,-1213.8199462890625,60.439571380615234,60.30876922607422,2.073973834514618,-1213.8199462890625,-1212.0,60.57579803466797,-1321.0799560546875,-1314.25,-1307.0999755859375,-1257.0,-1212.0,-1165.0,-1138.4000244140625,-1130.4000244140625,-1103.780029296875
7240,-1214.5,60.453651428222656,60.3267936706543,2.033957004547119,-1214.5,-1212.0,61.16216278076172,-1325.260009765625,-1319.0999755859375,-1308.199951171875,-1257.0,-1212.0,-1168.0,-1138.4000244140625,-1130.4000244140625,-1103.780029296875
7280,-1214.719970703125,60.424217224121094,60.298004150390625,2.0261199474334717,-1214.719970703125,-1212.0,61.342166900634766,-1325.260009765625,-1319.0999755859375,-1310.0999755859375,-1257.5,-1212.0,-1168.0,-1138.4000244140625,-1130.4000244140625,-1103.780029296875
7320,-1215.159912109375,60.42140197753906,60.29754638671875,1.9980768859386444,-1215.1600341796875,-1212.0,61.50507354736328,-1325.260009765625,-1321.0,-1310.0999755859375,-1257.5,-1212.0,-1168.0,-1138.4000244140625,-1130.4000244140625,-1103.780029296875
7360,-1215.419921875,60.4116325378418,60.289405822753906,2.0009230971336365,-1215.4200439453125,-1215.5,61.457984924316406,-1325.260009765625,-1321.0,-1310.0999755859375,-1257.5,-1215.5,-1168.0,-1138.5999755859375,-1130.4000244140625,-1103.780029296875
7400,-1215.6400146484375,60.410858154296875,60.28974914550781,1.9237627983093262,-1215.6400146484375,-1215.5,61.44111251831055,-1325.260009765625,-1321.0999755859375,-1310.0999755859375,-1257.5,-1215.5,-1168.0,-1138.5999755859375,-1130.4000244140625,-1103.780029296875
7440,-1215.8599853515625,60.42914581298828,60.309478759765625,1.9255560040473938,-1215.8599853515625,-1215.5,61.40684509277344,-1325.260009765625,-1321.0999755859375,-1310.0999755859375,-1260.25,-1215.5,-1168.0,-1138.5999755859375,-1130.4000244140625,-1105.739990234375
7480,-1216.0799560546875,60.41374969482422,60.29658508300781,1.880799651145935,-1216.0799560546875,-1216.5,61.07875061035156,-1325.260009765625,-1321.0999755859375,-1310.0999755859375,-1260.25,-1216.5,-1168.0,-1138.5999755859375,-1130.4000244140625,-1110.9000244140625
7520,-1216.5999755859375,60.449241638183594,60.332603454589844,1.8414528965950012,-1216.5999755859375,-1216.5,61.42621612548828,-1328.199951171875,-1323.050048828125,-1310.0999755859375,-1261.5,-1216.5,-1168.0,-1138.5999755859375,-1130.4000244140625,-1110.9000244140625
7560,-1216.699951171875,60.44476318359375,60.33184814453125,1.8238677382469177,-1216.699951171875,-1216.5,61.34174728393555,-1328.199951171875,-1323.050048828125,-1310.0999755859375,-1261.5,-1216.5,-1168.0,-1138.5999755859375,-1130.4000244140625,-1110.97998046875
7600,-1217.179931640625,60.421627044677734,60.30935287475586,1.8113028407096863,-1217.1800537109375,-1217.0,61.37546157836914,-1328.199951171875,-1323.050048828125,-1310.0999755859375,-1261.5,-1217.0,-1168.0,-1138.5999755859375,-1130.4000244140625,-1110.97998046875
7640,-1217.3800048828125,60.431396484375,60.32282257080078,1.7739696502685547,-1217.3800048828125,-1217.0,61.432533264160156,-1328.199951171875,-1323.050048828125,-1310.0999755859375,-1261.5,-1217.0,-1169.5,-1138.5999755859375,-1130.4000244140625,-1111.97998046875
7680,-1217.5,60.439476013183594,60.33153533935547,1.7525932788848877,-1217.5,-1217.0,61.46194076538086,-1328.199951171875,-1323.050048828125,-1310.0999755859375,-1261.5,-1217.0,-1169.75,-1138.5999755859375,-1130.4000244140625,-1111.97998046875
7720,-1217.8399658203125,60.44317626953125,60.33795166015625,1.6997624635696411,-1217.8399658203125,-1217.0,61.44163513183594,-1328.199951171875,-1323.050048828125,-1311.0,-1261.5,-1217.0,-1169.75,-1138.5999755859375,-1130.4000244140625,-1111.97998046875
7760,-1218.280029296875,60.443599700927734,60.338348388671875,1.6963313817977905,-1218.280029296875,-1217.0,61.71078872680664,-1328.199951171875,-1323.050048828125,-1311.0,-1263.25,-1217.0,-1169.75,-1138.5999755859375,-1130.4000244140625,-1111.97998046875
7800,-1218.419921875,60.44086837768555,60.33823776245117,1.6831374168395996,-1218.4200439453125,-1217.0,61.74531173706055,-1328.199951171875,-1324.050048828125,-1311.0,-1263.25,-1217.0,-1169.75,-1138.5999755859375,-1130.4000244140625,-1111.97998046875
7840,-1218.8599853515625,60.44422912597656,60.34382629394531,1.644933819770813,-1218.8599853515625,-1217.0,61.70996856689453,-1328.199951171875,-1324.050048828125,-1311.0,-1263.25,-1217.0,-1169.75,-1142.5999755859375,-1132.300048828125,-1114.9200439453125
7880,-1218.97998046875,60.47652816772461,60.376564025878906,1.6394234597682953,-1218.97998046875,-1217.0,61.61833953857422,-1328.199951171875,-1324.050048828125,-1311.0,-1263.25,-1217.0,-1170.0,-1142.5999755859375,-1132.300048828125,-1114.9200439453125
7920,-1219.2999267578125,60.50159454345703,60.403343200683594,1.6478119790554047,-1219.300048828125,-1218.0,61.37336349487305,-1328.199951171875,-1324.050048828125,-1311.0,-1263.25,-1218.0,-1170.0,-1142.5999755859375,-1132.300048828125,-1114.9200439453125
7960,-1219.5999755859375,60.467994689941406,60.372825622558594,1.5930323004722595,-1219.5999755859375,-1218.0,61.21160125732422,-1328.199951171875,-1324.050048828125,-1311.0,-1263.25,-1218.0,-1170.0,-1142.5999755859375,-1132.300048828125,-1114.9200439453125
8000,-1219.919921875,60.47068786621094,60.37700653076172,1.5776885151863098,-1219.9200439453125,-1218.0,61.18769073486328,-1328.199951171875,-1324.050048828125,-1311.5999755859375,-1263.25,-1218.0,-1170.0,-1142.5999755859375,-1132.300048828125,-1114.9200439453125
8040,-1220.719970703125,60.45282745361328,60.36161422729492,1.5476519465446472,-1220.719970703125,-1218.0,61.35097122192383,-1328.199951171875,-1325.0,-1311.5999755859375,-1263.25,-1218.0,-1171.0,-1142.5999755859375,-1132.300048828125,-1114.9200439453125
8080,-1220.8199462890625,60.4719352722168,60.38230514526367,1.5169577598571777,-1220.8199462890625,-1218.0,61.430511474609375,-1328.199951171875,-1325.0,-1311.5999755859375,-1263.25,-1218.0,-1171.0,-1142.5999755859375,-1132.300048828125,-1114.9200439453125
8120,-1221.0799560546875,60.51074981689453,60.42148971557617,1.4808792471885681,-1221.0799560546875,-1218.0,61.340145111083984,-1328.199951171875,-1325.0,-1311.5999755859375,-1263.25,-1218.0,-1171.0,-1142.5999755859375,-1132.300048828125,-1114.9200439453125
8160,-1221.3599853515625,60.5472412109375,60.458282470703125,1.45146444439888,-1221.3599853515625,-1218.0,61.4212532043457,-1328.280029296875,-1325.0,-1311.5999755859375,-1264.75,-1218.0,-1171.0,-1142.5999755859375,-1132.300048828125,-1114.9200439453125
8200,-1221.5399169921875,60.53172302246094,60.44508361816406,1.436851143836975,-1221.5400390625,-1218.0,61.40105056762695,-1328.280029296875,-1325.0,-1311.800048828125,-1264.75,-1218.0,-1171.0,-1142.800048828125,-1132.300048828125,-1114.9200439453125
8240,-1221.6400146484375,60.52557373046875,60.439300537109375,1.4385136663913727,-1221.6400146484375,-1218.0,61.321533203125,-1328.280029296875,-1325.0,-1311.800048828125,-1264.75,-1218.0,-1171.0,-1142.800048828125,-1132.300048828125,-1114.9200439453125
8280,-1221.780029296875,60.538047790527344,60.453392028808594,1.4186346232891083,-1221.780029296875,-1218.0,61.43917465209961,-1328.280029296875,-1325.0,-1314.5,-1266.25,-1218.0,-1171.0,-1142.800048828125,-1132.300048828125,-1114.9200439453125
8320,-1222.02001953125,60.55933380126953,60.476348876953125,1.4172635674476624,-1222.02001953125,-1218.0,61.49097442626953,-1328.280029296875,-1325.0,-1314.5,-1266.25,-1218.0,-1171.0,-1142.800048828125,-1132.300048828125,-1114.9200439453125
8360,-1222.47998046875,60.55311584472656,60.46979904174805,1.414114534854889,-1222.47998046875,-1218.0,61.13484573364258,-1328.280029296875,-1325.0,-1314.5,-1266.25,-1218.0,-1172.5,-1142.800048828125,-1132.449951171875,-1114.9200439453125
8400,-1222.8800048828125,60.58319854736328,60.49816131591797,1.4148860573768616,-1222.8800048828125,-1219.0,61.46873474121094,-1331.3800048828125,-1325.0999755859375,-1314.5,-1268.25,-1219.0,-1172.5,-1142.800048828125,-1132.449951171875,-1114.9200439453125
8440,-1223.0,60.574462890625,60.4929313659668,1.3670290410518646,-1223.0,-1220.0,61.51926803588867,-1331.3800048828125,-1325.0999755859375,-1314.5,-1268.25,-1220.0,-1172.5,-1142.800048828125,-1132.449951171875,-1114.9200439453125
8480,-1223.179931640625,60.55493927001953,60.47748565673828,1.32954540848732,-1223.1800537109375,-1220.0,61.719261169433594,-1334.3199462890625,-1327.050048828125,-1314.5,-1268.5,-1220.0,-1172.5,-1142.800048828125,-1132.449951171875,-1114.9200439453125
8520,-1223.3199462890625,60.55672836303711,60.4810905456543,1.3064724206924438,-1223.3199462890625,-1220.0,61.711891174316406,-1334.3199462890625,-1327.050048828125,-1314.699951171875,-1268.5,-1220.0,-1172.5,-1142.800048828125,-1132.449951171875,-1114.9200439453125
8560,-1223.5,60.54475402832031,60.468299865722656,1.3045377433300018,-1223.5,-1220.0,61.735321044921875,-1334.3199462890625,-1327.050048828125,-1314.699951171875,-1273.0,-1220.0,-1172.5,-1142.800048828125,-1132.449951171875,-1114.9200439453125
8600,-1223.6400146484375,60.54833984375,60.4727897644043,1.2879143357276917,-1223.6400146484375,-1220.0,61.75443649291992,-1334.3199462890625,-1327.050048828125,-1314.699951171875,-1273.25,-1220.0,-1172.5,-1142.800048828125,-1132.449951171875,-1114.9200439453125
8640,-1223.8199462890625,60.54059600830078,60.46849822998047,1.237746000289917,-1223.8199462890625,-1220.0,61.64079284667969,-1334.3199462890625,-1327.050048828125,-1314.699951171875,-1273.25,-1220.0,-1172.5,-1142.800048828125,-1132.449951171875,-1114.9200439453125
8680,-1223.8399658203125,60.531063079833984,60.46025085449219,1.2327943742275238,-1223.8399658203125,-1220.0,61.6434440612793,-1334.3199462890625,-1327.050048828125,-1314.699951171875,-1273.25,-1220.0,-1172.5,-1142.800048828125,-1132.449951171875,-1114.9200439453125
8720,-1224.199951171875,60.50849533081055,60.437713623046875,1.2294062674045563,-1224.199951171875,-1220.0,61.90912628173828,-1334.3599853515625,-1327.050048828125,-1314.699951171875,-1274.25,-1220.0,-1172.5,-1142.800048828125,-1132.449951171875,-1114.9200439453125
8760,-1224.47998046875,60.4967041015625,60.42573165893555,1.232079267501831,-1224.47998046875,-1220.0,62.12656021118164,-1334.3599853515625,-1328.050048828125,-1314.699951171875,-1274.25,-1220.0,-1172.5,-1142.800048828125,-1132.449951171875,-1114.9200439453125
8800,-1224.699951171875,60.49074935913086,60.421897888183594,1.1930180788040161,-1224.699951171875,-1220.0,62.05199432373047,-1334.3599853515625,-1328.050048828125,-1314.699951171875,-1274.25,-1220.0,-1172.5,-1152.0,-1132.449951171875,-1116.8800048828125
8840,-1224.7999267578125,60.46600341796875,60.3986930847168,1.1808254420757294,-1224.800048828125,-1220.0,62.036922454833984,-1334.3599853515625,-1328.050048828125,-1314.699951171875,-1274.25,-1220.0,-1172.5,-1152.0,-1132.449951171875,-1116.8800048828125
8880,-1224.9599609375,60.452484130859375,60.38532257080078,1.1555347442626953,-1224.9599609375,-1220.0,62.043357849121094,-1337.300048828125,-1328.050048828125,-1314.699951171875,-1274.25,-1220.0,-1172.5,-1152.0,-1132.449951171875,-1116.8800048828125
8920,-1225.2999267578125,60.44245147705078,60.37786102294922,1.1230371594429016,-1225.300048828125,-1220.0,62.12962341308594,-1337.300048828125,-1328.050048828125,-1314.699951171875,-1274.25,-1220.0,-1172.5,-1152.0,-1132.449951171875,-1116.9200439453125
8960,-1225.43994140625,60.426979064941406,60.36382293701172,1.0843550562858582,-1225.43994140625,-1220.0,62.075653076171875,-1337.300048828125,-1328.050048828125,-1314.699951171875,-1275.0,-1220.0,-1172.5,-1152.0,-1132.449951171875,-1117.0
9000,-1225.6400146484375,60.42466735839844,60.361541748046875,1.069644182920456,-1225.6400146484375,-1220.0,62.17145919799805,-1337.300048828125,-1328.050048828125,-1314.699951171875,-1275.25,-1220.0,-1172.5,-1152.0,-1132.449951171875,-1117.0
9040,-1225.699951171875,60.420570373535156,60.357513427734375,1.0719505548477173,-1225.699951171875,-1220.0,62.18979263305664,-1337.300048828125,-1328.050048828125,-1314.699951171875,-1275.25,-1220.0,-1173.0,-1152.0,-1132.449951171875,-1117.0
9080,-1225.8599853515625,60.416439056396484,60.35455322265625,1.0515794157981873,-1225.8599853515625,-1220.0,62.169124603271484,-1337.300048828125,-1328.050048828125,-1314.699951171875,-1275.25,-1220.0,-1174.5,-1152.0,-1132.449951171875,-1117.0
9120,-1226.260009765625,60.40424346923828,60.34397888183594,1.0391021966934204,-1226.260009765625,-1221.0,62.003807067871094,-1337.300048828125,-1328.050048828125,-1314.699951171875,-1275.25,-1221.0,-1174.5,-1152.199951171875,-1132.449951171875,-1117.0
9160,-1226.47998046875,60.41352462768555,60.35282516479492,1.0394208133220673,-1226.47998046875,-1221.0,61.87559509277344,-1337.300048828125,-1328.050048828125,-1314.699951171875,-1275.25,-1221.0,-1174.5,-1152.199951171875,-1132.449951171875,-1118.9599609375
9200,-1226.6199951171875,60.40914535522461,60.349937438964844,1.0332071334123611,-1226.6199951171875,-1221.0,61.78669357299805,-1337.300048828125,-1328.050048828125,-1314.699951171875,-1275.25,-1221.0,-1174.5,-1152.199951171875,-1132.449951171875,-1119.0
9240,-1226.93994140625,60.36729431152344,60.30979919433594,1.0245748162269592,-1226.93994140625,-1222.0,61.94623565673828,-1337.300048828125,-1328.050048828125,-1314.699951171875,-1276.5,-1222.0,-1174.5,-1152.199951171875,-1132.449951171875,-1119.0
9280,-1226.97998046875,60.38982391357422,60.333518981933594,0.993783637881279,-1226.97998046875,-1222.0,61.938514709472656,-1337.300048828125,-1328.050048828125,-1314.699951171875,-1276.5,-1222.0,-1174.5,-1152.199951171875,-1132.449951171875,-1119.0
9320,-1227.159912109375,60.37868881225586,60.32334899902344,0.9677902907133102,-1227.1600341796875,-1222.0,61.99221420288086,-1337.300048828125,-1328.050048828125,-1314.699951171875,-1276.5,-1222.0,-1174.5,-1152.199951171875,-1132.449951171875,-1119.0
9360,-1227.3199462890625,60.40178680419922,60.347747802734375,0.9398372024297714,-1227.3199462890625,-1222.0,61.95028305053711,-1337.300048828125,-1328.050048828125,-1314.699951171875,-1276.5,-1222.0,-1174.5,-1152.199951171875,-1132.449951171875,-1119.0
9400,-1227.419921875,60.3896484375,60.3360595703125,0.9258450418710709,-1227.4200439453125,-1222.0,62.058387756347656,-1337.300048828125,-1328.050048828125,-1314.699951171875,-1276.5,-1222.0,-1174.5,-1152.199951171875,-1132.449951171875,-1119.0
9440,-1227.419921875,60.37603759765625,60.32042694091797,0.939895898103714,-1227.4200439453125,-1222.0,62.058387756347656,-1337.300048828125,-1328.050048828125,-1314.699951171875,-1276.5,-1222.0,-1174.5,-1152.199951171875,-1132.449951171875,-1119.0
9480,-1227.4599609375,60.37611389160156,60.321014404296875,0.924706757068634,-1227.4599609375,-1222.0,62.11157989501953,-1337.300048828125,-1328.050048828125,-1314.699951171875,-1276.5,-1222.0,-1174.5,-1152.199951171875,-1132.449951171875,-1119.0
9520,-1227.5399169921875,60.3519401550293,60.29888916015625,0.9076987951993942,-1227.5400390625,-1222.0,62.10256576538086,-1337.300048828125,-1328.050048828125,-1314.699951171875,-1276.5,-1222.0,-1174.5,-1152.199951171875,-1132.449951171875,-1120.9599609375
9560,-1228.0,60.33625793457031,60.284278869628906,0.903742715716362,-1228.0,-1222.0,62.59025573730469,-1338.3199462890625,-1328.25,-1314.699951171875,-1276.5,-1222.0,-1174.5,-1152.199951171875,-1132.449951171875,-1120.9599609375
9600,-1228.1400146484375,60.30068588256836,60.2496337890625,0.8887135684490204,-1228.1400146484375,-1222.0,62.516563415527344,-1338.3199462890625,-1328.25,-1314.699951171875,-1277.25,-1222.0,-1174.5,-1153.0,-1132.449951171875,-1120.9599609375
9640,-1228.219970703125,60.33199691772461,60.282264709472656,0.8707759082317352,-1228.219970703125,-1222.0,62.47504806518555,-1338.3199462890625,-1328.25,-1314.699951171875,-1277.25,-1222.0,-1174.5,-1153.0,-1132.449951171875,-1120.9599609375
9680,-1228.280029296875,60.32122039794922,60.270362854003906,0.8717743754386902,-1228.280029296875,-1222.0,62.51033020019531,-1338.3199462890625,-1328.25,-1314.699951171875,-1277.25,-1222.0,-1174.5,-1153.0,-1132.449951171875,-1120.9599609375
9720,-1228.3199462890625,60.250587463378906,60.20038986206055,0.8568802177906036,-1228.3199462890625,-1222.0,62.54148864746094,-1338.3199462890625,-1328.25,-1314.699951171875,-1278.0,-1222.0,-1174.5,-1153.0,-1132.449951171875,-1120.9599609375
9760,-1228.3599853515625,60.224273681640625,60.1757926940918,0.8483735918998718,-1228.3599853515625,-1222.0,62.55917739868164,-1338.3199462890625,-1328.25,-1314.699951171875,-1278.0,-1222.0,-1174.5,-1153.0,-1132.449951171875,-1120.9599609375
9800,-1228.43994140625,60.231319427490234,60.18212890625,0.8421336114406586,-1228.43994140625,-1222.0,62.54267501831055,-1338.3199462890625,-1328.25,-1314.699951171875,-1278.0,-1222.0,-1174.5,-1153.0,-1132.5,-1120.9599609375
9840,-1228.47998046875,60.18603515625,60.13812255859375,0.8207257986068726,-1228.47998046875,-1222.0,62.53982162475586,-1338.3199462890625,-1328.25,-1314.699951171875,-1278.0,-1222.0,-1174.5,-1153.0,-1132.5,-1120.9599609375
9880,-1228.679931640625,60.16238021850586,60.115692138671875,0.8269474357366562,-1228.6800537109375,-1222.0,62.79838943481445,-1343.260009765625,-1328.25,-1316.5,-1278.0,-1222.0,-1174.5,-1153.0,-1132.5,-1120.9599609375
9920,-1228.8199462890625,60.14194869995117,60.09648895263672,0.8104484379291534,-1228.8199462890625,-1222.0,62.86579513549805,-1347.1800537109375,-1328.25,-1316.5,-1278.0,-1222.0,-1174.5,-1153.0,-1132.5,-1120.9599609375
9960,-1228.8599853515625,60.09205627441406,60.047607421875,0.8151328712701797,-1228.8599853515625,-1222.0,62.85443878173828,-1347.1800537109375,-1328.25,-1316.5,-1278.0,-1222.0,-1174.5,-1153.0,-1132.5,-1120.9599609375
10000,-1228.9000244140625,60.07322692871094,60.02752685546875,0.8175644278526306,-1228.9000244140625,-1222.0,62.84560012817383,-1347.1800537109375,-1328.25,-1316.5,-1278.0,-1222.0,-1174.5,-1153.0,-1132.5,-1120.9599609375
