step,best_fitness,avg_hamming,avg_l1,avg_entropy,mean,median,std,2%,5%,10%,25%,50%,75%,90%,95%,98%
30,-0.536740243434906,127.61373138427734,10.750999450683594,176.34882100423178,0.536740243434906,0.5367231965065002,0.00895595084875822,0.5203548073768616,0.5212453603744507,0.5238816738128662,0.5300263166427612,0.5367231965065002,0.5423796772956848,0.5478281378746033,0.5516539812088013,0.5530515909194946
60,-0.5423663258552551,127.52693939208984,11.408988952636719,176.17127482096353,0.5423663854598999,0.5422792434692383,0.008357193320989609,0.528439462184906,0.5292249321937561,0.5312107801437378,0.5364742279052734,0.5422792434692383,0.5479577779769897,0.5530245900154114,0.5569779276847839,0.5587796568870544
90,-0.54483562707901,127.450927734375,11.975475311279297,176.01139322916666,0.54483562707901,0.5452804565429688,0.007570221554487944,0.5291435718536377,0.5321242213249207,0.5334211587905884,0.5402626991271973,0.5452804565429688,0.5499106645584106,0.5541368722915649,0.5570510029792786,0.5587796568870544
120,-0.5469284057617188,127.37651062011719,12.417619705200195,175.8685048421224,0.5469284653663635,0.5466432571411133,0.00714121013879776,0.5299999713897705,0.5331942439079285,0.5372771620750427,0.5435843467712402,0.5466432571411133,0.5509048700332642,0.5556400418281555,0.5575007200241089,0.5629194974899292
150,-0.5491120219230652,127.31639862060547,12.839162826538086,175.73949686686197,0.5491120219230652,0.5489698648452759,0.007170718628913164,0.5355420112609863,0.537315309047699,0.5416427254676819,0.5451474189758301,0.5489698648452759,0.5527770519256592,0.5569815039634705,0.5607954263687134,0.5631950497627258
180,-0.5499911904335022,127.25755310058594,13.228612899780273,175.61429341634116,0.549991250038147,0.5497944951057434,0.007283241953700781,0.5377926826477051,0.5388440489768982,0.5425374507904053,0.5455239415168762,0.5497944951057434,0.5539710521697998,0.5570943355560303,0.5624510645866394,0.5637016892433167
210,-0.5506520867347717,127.19615173339844,13.600786209106445,175.4884033203125,0.550652027130127,0.5498032569885254,0.00772859575226903,0.5378105640411377,0.5408845543861389,0.542895495891571,0.5459142923355103,0.5498032569885254,0.5545600056648254,0.5590028166770935,0.563596785068512,0.570967435836792
240,-0.5510699152946472,127.12687683105469,13.97468376159668,175.35443115234375,0.5510699152946472,0.5499134063720703,0.007621454540640116,0.5378105640411377,0.5408948659896851,0.5431514978408813,0.5463789105415344,0.5499134063720703,0.5547793507575989,0.5595483779907227,0.563596785068512,0.570967435836792
270,-0.5515875220298767,127.063720703125,14.324378967285156,175.22914123535156,0.5515875816345215,0.550402045249939,0.007621623110026121,0.5378295183181763,0.5409801006317139,0.5436034202575684,0.5471178293228149,0.550402045249939,0.5548733472824097,0.5617557168006897,0.5650180578231812,0.570967435836792
300,-0.5530688166618347,127.0103988647461,14.654425621032715,175.11505635579428,0.5530689358711243,0.5521731972694397,0.008571934886276722,0.5397953391075134,0.5413607358932495,0.5446316003799438,0.5476522445678711,0.5521731972694397,0.5560750961303711,0.5633404850959778,0.5694220662117004,0.5810278654098511
330,-0.5534926056861877,126.95233154296875,14.93943977355957,175.0022176106771,0.5534926056861877,0.5521731972694397,0.008473217487335205,0.5415144562721252,0.5435041785240173,0.5451990962028503,0.5479074120521545,0.5521731972694397,0.5561187863349915,0.5636420249938965,0.5704790949821472,0.5810278654098511
360,-0.5541282296180725,126.90284729003906,15.230733871459961,174.89657084147134,0.5541282892227173,0.5525121688842773,0.008123686537146568,0.5420821905136108,0.5448571443557739,0.546209990978241,0.5486929416656494,0.5525121688842773,0.5565143823623657,0.5636420249938965,0.5704790949821472,0.5810278654098511
390,-0.5541858673095703,126.85321044921875,15.52175521850586,174.7891387939453,0.5541858673095703,0.5528414249420166,0.00809568352997303,0.5420821905136108,0.5448571443557739,0.546209990978241,0.5487934947013855,0.5528414249420166,0.5565143823623657,0.5636420249938965,0.5704790949821472,0.5810278654098511
420,-0.5544973015785217,126.79472351074219,15.775542259216309,174.67970275878906,0.5544973015785217,0.5531286001205444,0.00788499042391777,0.5444740056991577,0.54555344581604,0.5466797351837158,0.5496320724487305,0.5531286001205444,0.5567350387573242,0.5636420249938965,0.5704790949821472,0.5810278654098511
450,-0.5550846457481384,126.745361328125,16.030048370361328,174.5773722330729,0.5550847053527832,0.5535830855369568,0.008243279531598091,0.5444740056991577,0.5457066893577576,0.5470134019851685,0.5501288771629333,0.5535830855369568,0.5570520758628845,0.5650108456611633,0.5710006356239319,0.5816606283187866
480,-0.5552245378494263,126.70240783691406,16.249862670898438,174.48714192708334,0.5552245378494263,0.5535830855369568,0.008307697251439095,0.544654130935669,0.5458886623382568,0.5470134019851685,0.5501288771629333,0.5535830855369568,0.557132363319397,0.5666095614433289,0.5710006356239319,0.5816606283187866
510,-0.5554288625717163,126.64784240722656,16.509544372558594,174.3768310546875,0.5554288625717163,0.5537592172622681,0.008199544623494148,0.544654130935669,0.5458886623382568,0.5470737218856812,0.5505466461181641,0.5537592172622681,0.557132363319397,0.5666095614433289,0.5710006356239319,0.5816606283187866
540,-0.5560843348503113,126.59989929199219,16.7618350982666,174.2741495768229,0.5560843348503113,0.5543228387832642,0.00816044956445694,0.5455509424209595,0.5469860434532166,0.5481414794921875,0.5508596897125244,0.5543228387832642,0.5580920577049255,0.5674695372581482,0.5720921158790588,0.5816606283187866
570,-0.5565556883811951,126.54193115234375,16.99384880065918,174.16362508138022,0.5565556883811951,0.5547206401824951,0.007976183667778969,0.5470587015151978,0.5477117300033569,0.5486367344856262,0.5513651371002197,0.5547206401824951,0.5586971044540405,0.5674695372581482,0.5720921158790588,0.5816606283187866
600,-0.5569230318069458,126.49609375,17.20948028564453,174.06646728515625,0.5569230318069458,0.5549265146255493,0.008036162704229355,0.5470587015151978,0.5477117300033569,0.5486367344856262,0.5515047311782837,0.5549265146255493,0.5601469278335571,0.5674695372581482,0.5720921158790588,0.5816606283187866
630,-0.5571578145027161,126.44572448730469,17.456192016601562,173.96414184570312,0.5571578145027161,0.5551127195358276,0.008085232228040695,0.5470587015151978,0.5477117300033569,0.5488429069519043,0.5515835285186768,0.5551127195358276,0.5606815814971924,0.5684148073196411,0.5720921158790588,0.5816606283187866
660,-0.5574820041656494,126.39742279052734,17.67510414123535,173.86698404947916,0.5574820041656494,0.5561834573745728,0.00792793370783329,0.5474227070808411,0.5481520891189575,0.5492658019065857,0.5520282983779907,0.5561834573745728,0.5606815814971924,0.5684148073196411,0.5720921158790588,0.5816606283187866
690,-0.5578126311302185,126.3459701538086,17.86178970336914,173.76911417643228,0.5578126907348633,0.5563457012176514,0.007994289509952068,0.547719419002533,0.5484116673469543,0.549650251865387,0.5522650480270386,0.5563457012176514,0.5618280172348022,0.5690181255340576,0.5729255676269531,0.5816606283187866
720,-0.5579031109809875,126.29176330566406,18.046775817871094,173.66962687174478,0.5579031705856323,0.5565613508224487,0.00799979455769062,0.547719419002533,0.5484116673469543,0.549650251865387,0.5522650480270386,0.5565613508224487,0.562308132648468,0.5690181255340576,0.5729255676269531,0.5816606283187866
750,-0.5582116842269897,126.24723815917969,18.251970291137695,173.57708231608072,0.5582116842269897,0.5570122599601746,0.007825028151273727,0.547719419002533,0.5484116673469543,0.550366997718811,0.5528500080108643,0.5570122599601746,0.562308132648468,0.5690181255340576,0.5729255676269531,0.5816606283187866
780,-0.5585162043571472,126.20183563232422,18.470321655273438,173.4805704752604,0.5585163235664368,0.5570893287658691,0.007632091641426086,0.5479454398155212,0.5490623116493225,0.5508559346199036,0.5530885457992554,0.5570893287658691,0.562308132648468,0.5690181255340576,0.5729255676269531,0.5816606283187866
810,-0.5586105585098267,126.1473617553711,18.637784957885742,173.38213094075522,0.5586106181144714,0.5571911931037903,0.007614289876073599,0.5479454398155212,0.5490999817848206,0.5508559346199036,0.553212583065033,0.5571911931037903,0.5624815225601196,0.5690181255340576,0.5729255676269531,0.5816606283187866
840,-0.5590396523475647,126.10064697265625,18.84768295288086,173.28390502929688,0.5590396523475647,0.5574190616607666,0.007420220412313938,0.5484153032302856,0.5503979325294495,0.551586925983429,0.5540153980255127,0.5574190616607666,0.5626958608627319,0.5690181255340576,0.5729255676269531,0.5816606283187866
870,-0.5590881109237671,126.05363464355469,19.037616729736328,173.18893432617188,0.5590881109237671,0.5575178861618042,0.007399270310997963,0.5484153032302856,0.5503979325294495,0.551586925983429,0.5543738007545471,0.5575178861618042,0.5626958608627319,0.5690181255340576,0.5729255676269531,0.5816606283187866
900,-0.5591573119163513,126.00260925292969,19.21454620361328,173.09239196777344,0.5591573119163513,0.5576171278953552,0.0074099828489124775,0.5484153032302856,0.5503979325294495,0.551586925983429,0.5543738007545471,0.5576171278953552,0.562850832939148,0.5690181255340576,0.5729255676269531,0.5816606283187866
930,-0.5592494010925293,125.95790100097656,19.39737892150879,173.0037078857422,0.5592494010925293,0.5576171278953552,0.0073529742658138275,0.5484153032302856,0.5503979325294495,0.5520391464233398,0.5545694231987,0.5576171278953552,0.562850832939148,0.5690181255340576,0.5729255676269531,0.5816606283187866
960,-0.5594766736030579,125.91812133789062,19.57166290283203,172.91677856445312,0.5594766736030579,0.5580190420150757,0.007341310381889343,0.5484153032302856,0.5503979325294495,0.5520391464233398,0.5547211766242981,0.5580190420150757,0.5628800392150879,0.5690181255340576,0.5729255676269531,0.5816606283187866
990,-0.5596752762794495,125.87289428710938,19.75108528137207,172.82774353027344,0.5596752762794495,0.5582660436630249,0.00726041616871953,0.5484153032302856,0.5508385300636292,0.5522221922874451,0.55482417345047,0.5582660436630249,0.5629825592041016,0.5690181255340576,0.5729255676269531,0.5816606283187866
1020,-0.5601636171340942,125.83248901367188,19.935522079467773,172.74103291829428,0.5601637363433838,0.5583322048187256,0.007077218033373356,0.5508710145950317,0.5521107912063599,0.5528301000595093,0.5550673007965088,0.5583322048187256,0.5632209777832031,0.5694531798362732,0.5729255676269531,0.5816606283187866
1050,-0.5604166984558105,125.77275085449219,20.121793746948242,172.63288370768228,0.5604166984558105,0.5584270358085632,0.007106413133442402,0.5508710145950317,0.5521107912063599,0.5528301000595093,0.5551241636276245,0.5584270358085632,0.563576340675354,0.5700176954269409,0.5729255676269531,0.5816606283187866
1080,-0.5604649186134338,125.73185729980469,20.266260147094727,172.55406188964844,0.5604649782180786,0.5585787296295166,0.007084634155035019,0.5508710145950317,0.5521107912063599,0.5528301000595093,0.5553313493728638,0.5585787296295166,0.563576340675354,0.5700176954269409,0.5729255676269531,0.5816606283187866
1110,-0.5605968832969666,125.68529510498047,20.43109130859375,172.46143595377603,0.5605970025062561,0.5588852167129517,0.007090318016707897,0.5508710145950317,0.5521107912063599,0.5528301000595093,0.5553313493728638,0.5588852167129517,0.5639867186546326,0.5700176954269409,0.5729255676269531,0.5816606283187866
1140,-0.5608564019203186,125.6312484741211,20.597187042236328,172.36219278971353,0.5608564615249634,0.5592018365859985,0.007344382815063,0.5508710145950317,0.5521107912063599,0.5528301000595093,0.5554547309875488,0.5592018365859985,0.5640588998794556,0.5705035924911499,0.5746822357177734,0.5816606283187866
1170,-0.5610938668251038,125.57981872558594,20.743032455444336,172.26624043782553,0.5610939264297485,0.5597838163375854,0.007274985313415527,0.5508710145950317,0.5521740913391113,0.552997887134552,0.5564191937446594,0.5597838163375854,0.5645068287849426,0.5705035924911499,0.5746822357177734,0.5816606283187866
1200,-0.5611177682876587,125.5377197265625,20.88623809814453,172.18488057454428,0.5611177682876587,0.5599660277366638,0.007273013237863779,0.5508710145950317,0.5521740913391113,0.552997887134552,0.5564191937446594,0.5599660277366638,0.5645068287849426,0.5705035924911499,0.5746822357177734,0.5816606283187866
1230,-0.5612363815307617,125.49444580078125,21.039363861083984,172.0956268310547,0.5612364411354065,0.5599660277366638,0.0072883558459579945,0.5508710145950317,0.5521740913391113,0.552997887134552,0.5564608573913574,0.5599660277366638,0.5647578239440918,0.5705035924911499,0.5746822357177734,0.5816606283187866
1260,-0.5613144636154175,125.44322204589844,21.165058135986328,172.00757344563803,0.5613144636154175,0.5599660277366638,0.007269033696502447,0.5508710145950317,0.5521740913391113,0.552997887134552,0.5569426417350769,0.5599660277366638,0.5647578239440918,0.5705035924911499,0.5746822357177734,0.5816606283187866
1290,-0.561403214931488,125.40180969238281,21.314428329467773,171.92282104492188,0.5614032745361328,0.5600467324256897,0.007188239600509405,0.5518555641174316,0.5522316098213196,0.5535041689872742,0.5569426417350769,0.5600467324256897,0.5647578239440918,0.5705035924911499,0.5746822357177734,0.5816606283187866
1320,-0.561403214931488,125.34861755371094,21.447059631347656,171.82887268066406,0.5614032745361328,0.5600467324256897,0.007188239600509405,0.5518555641174316,0.5522316098213196,0.5535041689872742,0.5569426417350769,0.5600467324256897,0.5647578239440918,0.5705035924911499,0.5746822357177734,0.5816606283187866
1350,-0.5614965558052063,125.30754089355469,21.606626510620117,171.74142456054688,0.5614965558052063,0.560214102268219,0.007178403902798891,0.5518555641174316,0.5522316098213196,0.5535041689872742,0.5569426417350769,0.560214102268219,0.5648454427719116,0.5705035924911499,0.5746822357177734,0.5816606283187866
1380,-0.561652421951294,125.27142333984375,21.763792037963867,171.6617177327474,0.561652421951294,0.5604893565177917,0.007216945290565491,0.5518555641174316,0.5522732138633728,0.5537671446800232,0.5569426417350769,0.5604893565177917,0.5648837685585022,0.5710464715957642,0.5746822357177734,0.5816606283187866
1410,-0.561652421951294,125.2205810546875,21.905155181884766,171.56840006510416,0.561652421951294,0.5604893565177917,0.007216945290565491,0.5518555641174316,0.5522732138633728,0.5537671446800232,0.5569426417350769,0.5604893565177917,0.5648837685585022,0.5710464715957642,0.5746822357177734,0.5816606283187866
1440,-0.5617374181747437,125.17121887207031,22.055326461791992,171.47620646158853,0.5617374181747437,0.5607274770736694,0.0071788690984249115,0.5518555641174316,0.5522732138633728,0.5537671446800232,0.557030200958252,0.5607274770736694,0.5648837685585022,0.5710464715957642,0.5746822357177734,0.5816606283187866
1470,-0.5617374181747437,125.12492370605469,22.18160629272461,171.38905334472656,0.5617374181747437,0.5607274770736694,0.0071788690984249115,0.5518555641174316,0.5522732138633728,0.5537671446800232,0.557030200958252,0.5607274770736694,0.5648837685585022,0.5710464715957642,0.5746822357177734,0.5816606283187866
1500,-0.5619398355484009,125.07839965820312,22.314456939697266,171.30200703938803,0.5619399547576904,0.5609742403030396,0.007210415322333574,0.5518555641174316,0.5527685284614563,0.5540603995323181,0.5571058392524719,0.5609742403030396,0.5648854374885559,0.5719667673110962,0.5746822357177734,0.5816606283187866
1530,-0.5621435046195984,125.0316390991211,22.452795028686523,171.21365356445312,0.5621435642242432,0.5613375902175903,0.00728064589202404,0.5518555641174316,0.5527685284614563,0.5540603995323181,0.5571058392524719,0.5613375902175903,0.565029501914978,0.5719667673110962,0.5746822357177734,0.5816606283187866
1560,-0.562278687953949,124.98081970214844,22.603679656982422,171.1150105794271,0.562278687953949,0.5615824460983276,0.0072886645793914795,0.5518555641174316,0.5527685284614563,0.5540603995323181,0.5571933388710022,0.5615824460983276,0.5652821063995361,0.5719667673110962,0.5746822357177734,0.5816606283187866
1590,-0.5626145601272583,124.92794036865234,22.74020004272461,171.01920572916666,0.5626146197319031,0.5616896748542786,0.00712950574234128,0.55223149061203,0.5530056357383728,0.5545088052749634,0.5572519898414612,0.5616896748542786,0.5663313865661621,0.5719667673110962,0.5746822357177734,0.5816606283187866
1620,-0.5627633333206177,124.88296508789062,22.86859703063965,170.93673197428384,0.5627633929252625,0.5618152022361755,0.007063170429319143,0.55223149061203,0.5530056357383728,0.5545722246170044,0.5573881268501282,0.5618152022361755,0.5663313865661621,0.5719667673110962,0.5746822357177734,0.5816606283187866
1650,-0.5629872679710388,124.83932495117188,23.009817123413086,170.8499755859375,0.5629873871803284,0.5620183348655701,0.006970040034502745,0.5527853965759277,0.5530847311019897,0.5549734234809875,0.5576181411743164,0.5620183348655701,0.5666276812553406,0.5719667673110962,0.5746822357177734,0.5816606283187866
1680,-0.5629872679710388,124.79849243164062,23.15508270263672,170.76417541503906,0.5629873871803284,0.5620183348655701,0.006970040034502745,0.5527853965759277,0.5530847311019897,0.5549734234809875,0.5576181411743164,0.5620183348655701,0.5666276812553406,0.5719667673110962,0.5746822357177734,0.5816606283187866
1710,-0.563029408454895,124.75079345703125,23.306005477905273,170.66981506347656,0.5630294680595398,0.5620183348655701,0.006986635271459818,0.5527853965759277,0.5530847311019897,0.5549734234809875,0.5576181411743164,0.5620183348655701,0.5670449137687683,0.5719667673110962,0.5746822357177734,0.5816606283187866
1740,-0.5632842779159546,124.71190643310547,23.439605712890625,170.58733113606772,0.5632842779159546,0.5623285174369812,0.00723089138045907,0.5527853965759277,0.5530847311019897,0.5549734234809875,0.5577540397644043,0.5623285174369812,0.5676071643829346,0.5721319913864136,0.5807795524597168,0.5819960832595825
1770,-0.5634024143218994,124.66158294677734,23.57448959350586,170.4960479736328,0.5634024739265442,0.5625993609428406,0.007186663802713156,0.5527853965759277,0.5530847311019897,0.5554267168045044,0.5580480098724365,0.5625993609428406,0.5676071643829346,0.5721319913864136,0.5807795524597168,0.5819960832595825
1800,-0.563610315322876,124.61808776855469,23.682201385498047,170.41573588053384,0.563610315322876,0.5626835823059082,0.0072209592908620834,0.5527853965759277,0.5530847311019897,0.5554267168045044,0.5582488179206848,0.5626835823059082,0.5683234930038452,0.5721713304519653,0.5807795524597168,0.5819960832595825
1830,-0.5636624693870544,124.57600402832031,23.809513092041016,170.33086140950522,0.5636624693870544,0.5626835823059082,0.007213884498924017,0.5527853965759277,0.5539370179176331,0.5554267168045044,0.5582488179206848,0.5626835823059082,0.5683234930038452,0.5721713304519653,0.5807795524597168,0.5819960832595825
1860,-0.5638331770896912,124.52568054199219,23.934600830078125,170.2365926106771,0.5638331770896912,0.5627948641777039,0.0073266117833554745,0.5527853965759277,0.5539370179176331,0.5554267168045044,0.5582488179206848,0.5627948641777039,0.5685093402862549,0.5728709697723389,0.5807795524597168,0.5819960832595825
1890,-0.5639374256134033,124.4730453491211,24.029022216796875,170.14594014485678,0.5639374256134033,0.5627948641777039,0.0072232638485729694,0.5529977679252625,0.5540849566459656,0.5561550855636597,0.5584572553634644,0.5627948641777039,0.5685093402862549,0.5728709697723389,0.5807795524597168,0.5819960832595825
1920,-0.5639697313308716,124.4189682006836,24.147396087646484,170.05221048990884,0.5639697909355164,0.5627948641777039,0.007198946084827185,0.5529977679252625,0.5540849566459656,0.5561550855636597,0.5584969520568848,0.5627948641777039,0.5685093402862549,0.5728709697723389,0.5807795524597168,0.5819960832595825
1950,-0.5640758275985718,124.35558319091797,24.26498031616211,169.94598388671875,0.5640758275985718,0.5628913640975952,0.007220511324703693,0.5529977679252625,0.5540849566459656,0.5563003420829773,0.5584969520568848,0.5628913640975952,0.5685093402862549,0.5729458332061768,0.5807795524597168,0.5819960832595825
1980,-0.5642189383506775,124.30357360839844,24.408681869506836,169.84740702311197,0.5642189979553223,0.5628913640975952,0.0071279127150774,0.5529977679252625,0.5554049611091614,0.5563337206840515,0.5586187243461609,0.5628913640975952,0.5685093402862549,0.5729458332061768,0.5807795524597168,0.5819960832595825
2010,-0.564297616481781,124.2362060546875,24.547027587890625,169.73216756184897,0.564297616481781,0.5630511045455933,0.007083180360496044,0.5529977679252625,0.5554049611091614,0.556776225566864,0.5587027072906494,0.5630511045455933,0.5685093402862549,0.5729458332061768,0.5807795524597168,0.5819960832595825
2040,-0.5645322799682617,124.16749572753906,24.63117027282715,169.6261189778646,0.5645322799682617,0.5637667179107666,0.007127782795578241,0.5529977679252625,0.5554049611091614,0.556776225566864,0.5587027072906494,0.5637667179107666,0.5690141916275024,0.5738638639450073,0.5807795524597168,0.5819960832595825
2070,-0.5646434426307678,124.11625671386719,24.776153564453125,169.52508036295572,0.5646434426307678,0.5639499425888062,0.007072114385664463,0.5529977679252625,0.5555211901664734,0.5568967461585999,0.5588606595993042,0.5639499425888062,0.5690141916275024,0.5738638639450073,0.5807795524597168,0.5819960832595825
2100,-0.5646434426307678,124.06688690185547,24.882400512695312,169.4359385172526,0.5646434426307678,0.5639499425888062,0.007072114385664463,0.5529977679252625,0.5555211901664734,0.5568967461585999,0.5588606595993042,0.5639499425888062,0.5690141916275024,0.5738638639450073,0.5807795524597168,0.5819960832595825
2130,-0.5647115111351013,124.00028991699219,24.998321533203125,169.32845052083334,0.5647115111351013,0.5640203356742859,0.007073576096445322,0.5529977679252625,0.5555562376976013,0.5568967461585999,0.5588606595993042,0.5640203356742859,0.5691232085227966,0.5738638639450073,0.5807795524597168,0.5819960832595825
2160,-0.5647225975990295,123.9515380859375,25.118511199951172,169.23643493652344,0.5647225379943848,0.5640203356742859,0.0070589096285402775,0.5529977679252625,0.5558825135231018,0.5568967461585999,0.5588606595993042,0.5640203356742859,0.5691232085227966,0.5738638639450073,0.5807795524597168,0.5819960832595825
2190,-0.5648263692855835,123.88507080078125,25.246376037597656,169.12836710611978,0.5648263692855835,0.5640744566917419,0.007072092033922672,0.5529977679252625,0.5558825135231018,0.5568967461585999,0.5588606595993042,0.5640744566917419,0.569206953048706,0.5738638639450073,0.5807795524597168,0.5819960832595825
2220,-0.564858615398407,123.83168029785156,25.356369018554688,169.03355916341147,0.564858615398407,0.5640744566917419,0.007024927530437708,0.554995596408844,0.5559893250465393,0.5568967461585999,0.5588606595993042,0.5640744566917419,0.569206953048706,0.5738638639450073,0.5807795524597168,0.5819960832595825
2250,-0.5649170279502869,123.78794860839844,25.480987548828125,168.94534301757812,0.5649170875549316,0.5640744566917419,0.007053148467093706,0.554995596408844,0.5559893250465393,0.5568967461585999,0.5588606595993042,0.5640744566917419,0.5693579912185669,0.5738638639450073,0.5807795524597168,0.5819960832595825
2280,-0.5649703741073608,123.7230224609375,25.610761642456055,168.82959493001303,0.5649703741073608,0.5640744566917419,0.007044721394777298,0.5550230741500854,0.5559893250465393,0.5568967461585999,0.5588606595993042,0.5640744566917419,0.5694419145584106,0.5738638639450073,0.5807795524597168,0.5819960832595825
2310,-0.565098762512207,123.6665267944336,25.733516693115234,168.7270965576172,0.565098762512207,0.5642722845077515,0.007082351483404636,0.5550230741500854,0.5559893250465393,0.5568967461585999,0.5588606595993042,0.5642722845077515,0.5698591470718384,0.5738638639450073,0.5807795524597168,0.5819960832595825
2340,-0.5652005076408386,123.6058578491211,25.864070892333984,168.62031046549478,0.5652004480361938,0.564413845539093,0.007022037636488676,0.5550230741500854,0.5559893250465393,0.5568967461585999,0.5593717098236084,0.564413845539093,0.5698591470718384,0.5738638639450073,0.5807795524597168,0.5819960832595825
2370,-0.5652368664741516,123.5379638671875,25.97397232055664,168.51036071777344,0.5652368664741516,0.564413845539093,0.006993393879383802,0.5550230741500854,0.5559893250465393,0.5568967461585999,0.5595391988754272,0.564413845539093,0.5698591470718384,0.5738638639450073,0.5807795524597168,0.5819960832595825
2400,-0.5652987957000732,123.4820556640625,26.096410751342773,168.41141255696616,0.5652987957000732,0.5645365715026855,0.006998102646321058,0.5550230741500854,0.5559893250465393,0.5568967461585999,0.5595391988754272,0.5645365715026855,0.5698591470718384,0.5738638639450073,0.5807795524597168,0.5819960832595825
2430,-0.5653136968612671,123.42598724365234,26.187313079833984,168.31929524739584,0.5653136372566223,0.5647416114807129,0.006997829303145409,0.5550230741500854,0.5559893250465393,0.5568967461585999,0.5595391988754272,0.5647416114807129,0.5698591470718384,0.5738638639450073,0.5807795524597168,0.5819960832595825
2460,-0.5653136968612671,123.35813903808594,26.319149017333984,168.2045135498047,0.5653136372566223,0.5647416114807129,0.006997829303145409,0.5550230741500854,0.5559893250465393,0.5568967461585999,0.5595391988754272,0.5647416114807129,0.5698591470718384,0.5738638639450073,0.5807795524597168,0.5819960832595825
2490,-0.5653530955314636,123.28929138183594,26.432241439819336,168.09111531575522,0.5653530359268188,0.5647416114807129,0.006959513295441866,0.5550230741500854,0.5559893250465393,0.5572657585144043,0.5598353147506714,0.5647416114807129,0.5698591470718384,0.5738638639450073,0.5807795524597168,0.5819960832595825
2520,-0.5653530955314636,123.22247314453125,26.529891967773438,167.98192342122397,0.5653530359268188,0.5647416114807129,0.006959513295441866,0.5550230741500854,0.5559893250465393,0.5572657585144043,0.5598353147506714,0.5647416114807129,0.5698591470718384,0.5738638639450073,0.5807795524597168,0.5819960832595825
2550,-0.5653622150421143,123.1572494506836,26.67177963256836,167.86552937825522,0.5653621554374695,0.5647416114807129,0.0069466824643313885,0.5555567145347595,0.5559923052787781,0.5572657585144043,0.5598353147506714,0.5647416114807129,0.5698591470718384,0.5738638639450073,0.5807795524597168,0.5819960832595825
2580,-0.5654841661453247,123.08382415771484,26.793264389038086,167.7439931233724,0.5654841661453247,0.5649113655090332,0.006886263377964497,0.5555567145347595,0.5562059879302979,0.5573456287384033,0.5600906014442444,0.5649113655090332,0.5698591470718384,0.5738638639450073,0.5807795524597168,0.5819960832595825
2610,-0.565586507320404,123.0228500366211,26.93669891357422,167.62679036458334,0.5655864477157593,0.5649113655090332,0.006834610365331173,0.5559104084968567,0.5563304424285889,0.5575433373451233,0.5602328777313232,0.5649113655090332,0.5699860453605652,0.5738638639450073,0.5807795524597168,0.5819960832595825
2640,-0.565672755241394,122.967529296875,27.072240829467773,167.51805623372397,0.5656726956367493,0.5649113655090332,0.00676562637090683,0.5559104084968567,0.5563304424285889,0.5577490925788879,0.5604569315910339,0.5649113655090332,0.5699860453605652,0.5738638639450073,0.5807795524597168,0.5819960832595825
2670,-0.5657434463500977,122.90570068359375,27.18836212158203,167.4103800455729,0.5657434463500977,0.5649803280830383,0.006791361607611179,0.5559104084968567,0.5563304424285889,0.5577490925788879,0.5604569315910339,0.5649803280830383,0.570097029209137,0.5738638639450073,0.5807795524597168,0.5819960832595825
2700,-0.5657803416252136,122.8389892578125,27.289470672607422,167.3004404703776,0.5657804012298584,0.5649803280830383,0.006762715522199869,0.5559104084968567,0.5563304424285889,0.5577490925788879,0.5607372522354126,0.5649803280830383,0.570097029209137,0.5738638639450073,0.5807795524597168,0.5819960832595825
2730,-0.5658110976219177,122.76980590820312,27.404491424560547,167.18451436360678,0.565811038017273,0.5649803280830383,0.0067242649383842945,0.5559139251708984,0.5563304424285889,0.5577490925788879,0.5607372522354126,0.5649803280830383,0.570097029209137,0.5738638639450073,0.5807795524597168,0.5819960832595825
2760,-0.565847635269165,122.69822692871094,27.519512176513672,167.06543477376303,0.565847635269165,0.5649803280830383,0.006752293556928635,0.5559139251708984,0.5563304424285889,0.5577490925788879,0.5607372522354126,0.5649803280830383,0.5703222155570984,0.5738638639450073,0.5807795524597168,0.5819960832595825
2790,-0.5659351348876953,122.64244842529297,27.62873077392578,166.9594930013021,0.5659351348876953,0.5650266408920288,0.006708302069455385,0.5559139251708984,0.5563304424285889,0.5577490925788879,0.5608208179473877,0.5650266408920288,0.5703222155570984,0.5738638639450073,0.5807795524597168,0.5819960832595825
2820,-0.5659351348876953,122.5654525756836,27.746999740600586,166.83307902018228,0.5659351348876953,0.5650266408920288,0.006708302069455385,0.5559139251708984,0.5563304424285889,0.5577490925788879,0.5608208179473877,0.5650266408920288,0.5703222155570984,0.5738638639450073,0.5807795524597168,0.5819960832595825
2850,-0.5659351348876953,122.50395965576172,27.88441276550293,166.72606404622397,0.5659351348876953,0.5650266408920288,0.006708302069455385,0.5559139251708984,0.5563304424285889,0.5577490925788879,0.5608208179473877,0.5650266408920288,0.5703222155570984,0.5738638639450073,0.5807795524597168,0.5819960832595825
2880,-0.5659558176994324,122.44731140136719,28.004858016967773,166.62033081054688,0.5659557580947876,0.5650266408920288,0.006681840866804123,0.5559139251708984,0.5567947030067444,0.5582380294799805,0.5608208179473877,0.5650266408920288,0.5703222155570984,0.5738638639450073,0.5807795524597168,0.5819960832595825
2910,-0.5660737752914429,122.37434387207031,28.126903533935547,166.49305216471353,0.5660737752914429,0.5653113722801208,0.00668442714959383,0.5559139251708984,0.5567947030067444,0.5582380294799805,0.5613492727279663,0.5653113722801208,0.570456862449646,0.5738638639450073,0.5807795524597168,0.5819960832595825
2940,-0.5661246180534363,122.30845642089844,28.256643295288086,166.37173970540366,0.5661246180534363,0.5653113722801208,0.006647514645010233,0.5559139251708984,0.5567947030067444,0.5582380294799805,0.5615444779396057,0.5653113722801208,0.570456862449646,0.5738638639450073,0.5807795524597168,0.5819960832595825
2970,-0.5662167072296143,122.23895263671875,28.368017196655273,166.25139872233072,0.5662167072296143,0.565730094909668,0.006607173476368189,0.5559139251708984,0.5567947030067444,0.5583095550537109,0.5615444779396057,0.565730094909668,0.570456862449646,0.5738638639450073,0.5807795524597168,0.5819960832595825
3000,-0.5663137435913086,122.16633605957031,28.465124130249023,166.13257344563803,0.5663137435913086,0.565730094909668,0.006723566446453333,0.5559139251708984,0.5567947030067444,0.5583095550537109,0.5615444779396057,0.565730094909668,0.5705841779708862,0.5743876695632935,0.5807795524597168,0.5819960832595825
3030,-0.5663822293281555,122.09344482421875,28.57185173034668,166.0138142903646,0.5663821697235107,0.565730094909668,0.006681365426629782,0.5559139251708984,0.5567947030067444,0.5583095550537109,0.5616486668586731,0.565730094909668,0.5705841779708862,0.5743876695632935,0.5807795524597168,0.5819960832595825
3060,-0.5664581060409546,122.0155029296875,28.68282127380371,165.88668314615884,0.5664580464363098,0.5659167766571045,0.006699916906654835,0.5559139251708984,0.5567947030067444,0.5583095550537109,0.5616486668586731,0.5659167766571045,0.5710071325302124,0.5743876695632935,0.5807795524597168,0.5819960832595825
3090,-0.5665072798728943,121.94732666015625,28.815338134765625,165.7616984049479,0.5665072202682495,0.5659167766571045,0.0066404384560883045,0.5559499263763428,0.5572818517684937,0.5583509206771851,0.5616486668586731,0.5659167766571045,0.5710071325302124,0.5743876695632935,0.5807795524597168,0.5819960832595825
3120,-0.5666404366493225,121.86174011230469,28.913223266601562,165.62263997395834,0.5666404366493225,0.5659167766571045,0.006866092327982187,0.5559499263763428,0.5572818517684937,0.5583509206771851,0.5616486668586731,0.5659167766571045,0.5710071325302124,0.5748351216316223,0.5810470581054688,0.5827317833900452
3150,-0.5666913986206055,121.7833251953125,29.03316307067871,165.4921671549479,0.5666913986206055,0.5659167766571045,0.006880438886582851,0.5559499263763428,0.5572818517684937,0.5583509206771851,0.5616486668586731,0.5659167766571045,0.5711598992347717,0.5748351216316223,0.5810470581054688,0.5827317833900452
3180,-0.5666913986206055,121.69979858398438,29.147872924804688,165.3553670247396,0.5666913986206055,0.5659167766571045,0.006880438886582851,0.5559499263763428,0.5572818517684937,0.5583509206771851,0.5616486668586731,0.5659167766571045,0.5711598992347717,0.5748351216316223,0.5810470581054688,0.5827317833900452
3210,-0.5668655037879944,121.63067626953125,29.285856246948242,165.22508748372397,0.5668654441833496,0.5662787556648254,0.006763095501810312,0.5559499263763428,0.5572818517684937,0.5587819814682007,0.5619049668312073,0.5662787556648254,0.5711598992347717,0.5748351216316223,0.5810470581054688,0.5827317833900452
3240,-0.5669125914573669,121.54214477539062,29.381872177124023,165.08790588378906,0.5669125914573669,0.5664077997207642,0.006744951009750366,0.5559499263763428,0.5572818517684937,0.5587819814682007,0.5622197985649109,0.5664077997207642,0.5711598992347717,0.5748351216316223,0.5810470581054688,0.5827317833900452
3270,-0.5669776797294617,121.45272827148438,29.503799438476562,164.94535319010416,0.5669776797294617,0.5664513111114502,0.006717948243021965,0.5559499263763428,0.5572818517684937,0.5587819814682007,0.5622197985649109,0.5664513111114502,0.5711598992347717,0.5748351216316223,0.5810470581054688,0.5827317833900452
3300,-0.5671682953834534,121.38238525390625,29.63894271850586,164.81541442871094,0.5671682953834534,0.5665987730026245,0.006551490630954504,0.5562126636505127,0.558263897895813,0.5592439770698547,0.5626287460327148,0.5665987730026245,0.5711598992347717,0.5748351216316223,0.5810470581054688,0.5827317833900452
3330,-0.5672239661216736,121.31011962890625,29.754377365112305,164.68548583984375,0.5672240257263184,0.5666915774345398,0.006568183656781912,0.5562126636505127,0.558263897895813,0.5592439770698547,0.5626287460327148,0.5666915774345398,0.5711967945098877,0.5748351216316223,0.5810470581054688,0.5827317833900452
3360,-0.5673875212669373,121.23487854003906,29.88629913330078,164.54803975423178,0.5673875212669373,0.5668108463287354,0.006455453112721443,0.5568129420280457,0.5583975315093994,0.5593876242637634,0.562882661819458,0.5668108463287354,0.5711967945098877,0.5748351216316223,0.5810470581054688,0.5827317833900452
3390,-0.5674998164176941,121.1566162109375,29.965267181396484,164.42762756347656,0.5674998760223389,0.5668108463287354,0.0063398005440831184,0.5582700967788696,0.5585926175117493,0.5598663687705994,0.5631129741668701,0.5668108463287354,0.5711967945098877,0.5748351216316223,0.5810470581054688,0.5827317833900452
3420,-0.5675113797187805,121.06430053710938,30.089046478271484,164.27630615234375,0.5675113797187805,0.5668108463287354,0.0063246991485357285,0.558358371257782,0.5588026642799377,0.5598663687705994,0.5631129741668701,0.5668108463287354,0.5711967945098877,0.5748351216316223,0.5810470581054688,0.5827317833900452
3450,-0.5675113797187805,120.9630126953125,30.214580535888672,164.11622619628906,0.5675113797187805,0.5668108463287354,0.0063246991485357285,0.558358371257782,0.5588026642799377,0.5598663687705994,0.5631129741668701,0.5668108463287354,0.5711967945098877,0.5748351216316223,0.5810470581054688,0.5827317833900452
3480,-0.567546010017395,120.89776611328125,30.3507137298584,163.99376424153647,0.567546010017395,0.5668108463287354,0.0062985485419631,0.558358371257782,0.5588026642799377,0.5598663687705994,0.5632935762405396,0.5668108463287354,0.5711967945098877,0.5748351216316223,0.5810470581054688,0.5827317833900452
3510,-0.567546010017395,120.80284118652344,30.472366333007812,163.83546447753906,0.567546010017395,0.5668108463287354,0.0062985485419631,0.558358371257782,0.5588026642799377,0.5598663687705994,0.5632935762405396,0.5668108463287354,0.5711967945098877,0.5748351216316223,0.5810470581054688,0.5827317833900452
3540,-0.5677592158317566,120.70918273925781,30.599166870117188,163.67792256673178,0.5677592158317566,0.5669453144073486,0.006404398940503597,0.558358371257782,0.5588026642799377,0.5603784918785095,0.5632935762405396,0.5669453144073486,0.571236252784729,0.5768128633499146,0.5816659331321716,0.5827317833900452
3570,-0.5677743554115295,120.6229476928711,30.718162536621094,163.53046671549478,0.5677743554115295,0.5669453144073486,0.0063970210030674934,0.558358371257782,0.5588026642799377,0.5603784918785095,0.5632935762405396,0.5669453144073486,0.571236252784729,0.5768128633499146,0.5816659331321716,0.5827317833900452
3600,-0.567938506603241,120.50677490234375,30.83251953125,163.34839375813803,0.5679384469985962,0.5669453144073486,0.006317641120404005,0.5585936307907104,0.5593002438545227,0.5608404874801636,0.5634427666664124,0.5669453144073486,0.571236252784729,0.5772867798805237,0.5816659331321716,0.5827317833900452
3630,-0.5680671334266663,120.41316986083984,30.960979461669922,163.18954467773438,0.5680671334266663,0.5670362114906311,0.006217545364052057,0.5585936307907104,0.5598870515823364,0.5608404874801636,0.5636066198348999,0.5670362114906311,0.571236252784729,0.5772867798805237,0.5816659331321716,0.5827317833900452
3660,-0.568098247051239,120.32098388671875,31.05617332458496,163.0440928141276,0.568098247051239,0.5670362114906311,0.006185544189065695,0.5585936307907104,0.5598870515823364,0.5614357590675354,0.5636066198348999,0.5670362114906311,0.571236252784729,0.5772867798805237,0.5816659331321716,0.5827317833900452
3690,-0.568098247051239,120.21157836914062,31.18239974975586,162.86920166015625,0.568098247051239,0.5670362114906311,0.006185544189065695,0.5585936307907104,0.5598870515823364,0.5614357590675354,0.5636066198348999,0.5670362114906311,0.571236252784729,0.5772867798805237,0.5816659331321716,0.5827317833900452
3720,-0.568098247051239,120.11918640136719,31.30768585205078,162.71676635742188,0.568098247051239,0.5670362114906311,0.006185544189065695,0.5585936307907104,0.5598870515823364,0.5614357590675354,0.5636066198348999,0.5670362114906311,0.571236252784729,0.5772867798805237,0.5816659331321716,0.5827317833900452
3750,-0.5682878494262695,120.02354431152344,31.40790367126465,162.56739298502603,0.5682877898216248,0.567217230796814,0.006255779415369034,0.5585936307907104,0.5598870515823364,0.5614357590675354,0.5637609362602234,0.567217230796814,0.5714733600616455,0.5778968930244446,0.5816659331321716,0.5827317833900452
3780,-0.5685108304023743,119.91314697265625,31.524587631225586,162.3855997721354,0.5685107707977295,0.5673960447311401,0.006331304553896189,0.5585936307907104,0.5598870515823364,0.5615215301513672,0.5638158321380615,0.5673960447311401,0.5717106461524963,0.5792703628540039,0.5816659331321716,0.5827317833900452
3810,-0.5686371326446533,119.8260726928711,31.672786712646484,162.22561645507812,0.5686371326446533,0.5674507021903992,0.006285971496254206,0.5585936307907104,0.5598870515823364,0.5616628527641296,0.5641027688980103,0.5674507021903992,0.5717700719833374,0.5792703628540039,0.5816659331321716,0.5827317833900452
3840,-0.5686491131782532,119.7198486328125,31.776378631591797,162.0514678955078,0.5686491131782532,0.5674507021903992,0.006276381202042103,0.5585936307907104,0.5598870515823364,0.5616628527641296,0.5641027688980103,0.5674507021903992,0.5717700719833374,0.5792703628540039,0.5816659331321716,0.5827317833900452
3870,-0.5690669417381287,119.63572692871094,31.898067474365234,161.89827982584634,0.5690669417381287,0.5682064294815063,0.006405221298336983,0.5590264797210693,0.5603436231613159,0.5618091225624084,0.5641590356826782,0.5682064294815063,0.5719810128211975,0.5807073712348938,0.5818960666656494,0.5827317833900452
3900,-0.5691460967063904,119.55131530761719,32.01611328125,161.75257873535156,0.5691460967063904,0.5683329105377197,0.006363990250974894,0.5590264797210693,0.5603436231613159,0.5622848868370056,0.5646725296974182,0.5683329105377197,0.5719810128211975,0.5807073712348938,0.5818960666656494,0.5827317833900452
3930,-0.5691460967063904,119.4555892944336,32.13291549682617,161.58428955078125,0.5691460967063904,0.5683329105377197,0.006363990250974894,0.5590264797210693,0.5603436231613159,0.5622848868370056,0.5646725296974182,0.5683329105377197,0.5719810128211975,0.5807073712348938,0.5818960666656494,0.5827317833900452
3960,-0.5692291259765625,119.34172821044922,32.23823547363281,161.4090576171875,0.5692291259765625,0.5683329105377197,0.006374133285135031,0.5590264797210693,0.5604913830757141,0.5627933740615845,0.5646795034408569,0.5683329105377197,0.5719810128211975,0.5807073712348938,0.5818960666656494,0.5827317833900452
3990,-0.5692864656448364,119.25274658203125,32.367279052734375,161.2506357828776,0.5692864656448364,0.5683329105377197,0.006303640082478523,0.5592867136001587,0.5608582496643066,0.5628660917282104,0.564714789390564,0.5683329105377197,0.5719810128211975,0.5807073712348938,0.5818960666656494,0.5827317833900452
4020,-0.5693003535270691,119.13726806640625,32.50068664550781,161.06448872884116,0.5693003535270691,0.5683329105377197,0.006293108221143484,0.5592867136001587,0.5608582496643066,0.5628660917282104,0.5649457573890686,0.5683329105377197,0.5719810128211975,0.5807073712348938,0.5818960666656494,0.5827317833900452
4050,-0.5694376826286316,119.03072357177734,32.615638732910156,160.89178466796875,0.5694376826286316,0.568666934967041,0.006324438378214836,0.5592867136001587,0.5608582496643066,0.5628660917282104,0.5650496482849121,0.568666934967041,0.5720545053482056,0.5807073712348938,0.5818960666656494,0.5827317833900452
4080,-0.5695313215255737,118.9530029296875,32.73217010498047,160.74951680501303,0.5695313215255737,0.5690404772758484,0.0062842643819749355,0.5592867136001587,0.5608582496643066,0.5630062818527222,0.5651385188102722,0.5690404772758484,0.5720545053482056,0.5807073712348938,0.5818960666656494,0.5827317833900452
4110,-0.5695313215255737,118.85555267333984,32.84404754638672,160.58663431803384,0.5695313215255737,0.5690404772758484,0.0062842643819749355,0.5592867136001587,0.5608582496643066,0.5630062818527222,0.5651385188102722,0.5690404772758484,0.5720545053482056,0.5807073712348938,0.5818960666656494,0.5827317833900452
4140,-0.5696501135826111,118.75337982177734,32.96867370605469,160.41757202148438,0.5696501135826111,0.5692203640937805,0.0063209920190274715,0.5592867136001587,0.5608582496643066,0.5630062818527222,0.5651385188102722,0.5692203640937805,0.5720700621604919,0.5807073712348938,0.5818960666656494,0.5827317833900452
4170,-0.5696890950202942,118.6588134765625,33.082244873046875,160.26067606608072,0.5696890950202942,0.5692203640937805,0.0063431840389966965,0.5592867136001587,0.5608582496643066,0.5630062818527222,0.5651385188102722,0.5692203640937805,0.572126567363739,0.5807073712348938,0.5818960666656494,0.5827317833900452
4200,-0.569782018661499,118.55143737792969,33.195186614990234,160.08447265625,0.569782018661499,0.5694454908370972,0.006356080062687397,0.5592867136001587,0.5608582496643066,0.5630062818527222,0.5651385188102722,0.5694454908370972,0.5723689794540405,0.5807073712348938,0.5818960666656494,0.5827317833900452
4230,-0.5699485540390015,118.44639587402344,33.329017639160156,159.9077911376953,0.5699485540390015,0.569678008556366,0.006261702161282301,0.5592867136001587,0.5614491701126099,0.5630767941474915,0.565290093421936,0.569678008556366,0.5723689794540405,0.5807073712348938,0.5818960666656494,0.5827317833900452
4260,-0.5699931383132935,118.34007263183594,33.44765853881836,159.72506713867188,0.5699931979179382,0.569678008556366,0.006232367362827063,0.5592867136001587,0.5614491701126099,0.5631776452064514,0.5653650760650635,0.569678008556366,0.5723689794540405,0.5807073712348938,0.5818960666656494,0.5827317833900452
4290,-0.5700356364250183,118.25190734863281,33.55200958251953,159.56949361165366,0.5700356364250183,0.569678008556366,0.006212684325873852,0.5592867136001587,0.5614491701126099,0.5632519125938416,0.5653958320617676,0.569678008556366,0.5728280544281006,0.5807073712348938,0.5818960666656494,0.5827317833900452
4320,-0.5700576305389404,118.17851257324219,33.688148498535156,159.41962178548178,0.5700576305389404,0.569678008556366,0.006186255253851414,0.5592867136001587,0.5616231560707092,0.5633217692375183,0.5653958320617676,0.569678008556366,0.5728280544281006,0.5807073712348938,0.5818960666656494,0.5827317833900452
4350,-0.5700576305389404,118.05911254882812,33.81230163574219,159.22725931803384,0.5700576305389404,0.569678008556366,0.006186255253851414,0.5592867136001587,0.5616231560707092,0.5633217692375183,0.5653958320617676,0.569678008556366,0.5728280544281006,0.5807073712348938,0.5818960666656494,0.5827317833900452
4380,-0.5701417326927185,117.94087219238281,33.95287322998047,159.02247111002603,0.5701417326927185,0.5698410272598267,0.006171340122818947,0.5592867136001587,0.5616231560707092,0.5633217692375183,0.5654846429824829,0.5698410272598267,0.5728280544281006,0.5807073712348938,0.5818960666656494,0.5827317833900452
4410,-0.570182204246521,117.83660888671875,34.06220626831055,158.8548787434896,0.570182204246521,0.5698410272598267,0.006113039795309305,0.5599007606506348,0.5629545450210571,0.5633386969566345,0.5654846429824829,0.5698410272598267,0.5728280544281006,0.5807073712348938,0.5818960666656494,0.5827317833900452
4440,-0.5702250599861145,117.71675872802734,34.185367584228516,158.65899658203125,0.5702250599861145,0.5698410272598267,0.006026627030223608,0.5601046681404114,0.5629545450210571,0.5633386969566345,0.5654846429824829,0.5698410272598267,0.5728280544281006,0.5807073712348938,0.5818960666656494,0.5827317833900452
4470,-0.5702634453773499,117.61318969726562,34.293670654296875,158.4838612874349,0.5702634453773499,0.5698410272598267,0.005967151839286089,0.5605132579803467,0.5630142092704773,0.5633386969566345,0.5654846429824829,0.5698410272598267,0.5728280544281006,0.5807073712348938,0.5818960666656494,0.5827317833900452
4500,-0.5702951550483704,117.49064636230469,34.438941955566406,158.2778116861979,0.5702951550483704,0.5698410272598267,0.005938222631812096,0.5605132579803467,0.5630142092704773,0.5634667277336121,0.5655958652496338,0.5698410272598267,0.5728280544281006,0.5807073712348938,0.5818960666656494,0.5827317833900452
4530,-0.5705220699310303,117.35444641113281,34.534507751464844,158.06753540039062,0.5705220103263855,0.569948136806488,0.006105585489422083,0.5605132579803467,0.5630142092704773,0.5634667277336121,0.5658385753631592,0.569948136806488,0.5732104778289795,0.5807919502258301,0.5820176601409912,0.5836949944496155
4560,-0.5706425905227661,117.23057556152344,34.65065002441406,157.8607432047526,0.5706425309181213,0.569948136806488,0.006034646183252335,0.5616579651832581,0.5630798935890198,0.5636758804321289,0.5659200549125671,0.569948136806488,0.5733778476715088,0.5807919502258301,0.5820176601409912,0.5836949944496155
4590,-0.5706633925437927,117.0975341796875,34.771766662597656,157.64630126953125,0.5706633925437927,0.5700491666793823,0.006030282471328974,0.5616579651832581,0.5630798935890198,0.5636758804321289,0.5659200549125671,0.5700491666793823,0.5733778476715088,0.5807919502258301,0.5820176601409912,0.5836949944496155
4620,-0.5708087682723999,116.980224609375,34.89409637451172,157.447998046875,0.5708087682723999,0.57010418176651,0.005995628423988819,0.5616579651832581,0.5630798935890198,0.5637883543968201,0.5663866996765137,0.57010418176651,0.5739468336105347,0.5807919502258301,0.5820176601409912,0.5836949944496155
4650,-0.5708087682723999,116.8579330444336,34.99891662597656,157.24812825520834,0.5708087682723999,0.57010418176651,0.005995628423988819,0.5616579651832581,0.5630798935890198,0.5637883543968201,0.5663866996765137,0.57010418176651,0.5739468336105347,0.5807919502258301,0.5820176601409912,0.5836949944496155
4680,-0.5708661675453186,116.723388671875,35.11479949951172,157.03488159179688,0.5708662271499634,0.57010418176651,0.0060405489057302475,0.5616579651832581,0.5630798935890198,0.5637883543968201,0.5663866996765137,0.57010418176651,0.5745037794113159,0.5807919502258301,0.5820176601409912,0.5836949944496155
4710,-0.5709564089775085,116.58687591552734,35.21958923339844,156.8204345703125,0.5709564089775085,0.57010418176651,0.006052922457456589,0.5616579651832581,0.5633164644241333,0.5638130903244019,0.5663866996765137,0.57010418176651,0.5749623775482178,0.5807919502258301,0.5820176601409912,0.5836949944496155
4740,-0.5709564089775085,116.447265625,35.357582092285156,156.58678690592447,0.5709564089775085,0.57010418176651,0.006052922457456589,0.5616579651832581,0.5633164644241333,0.5638130903244019,0.5663866996765137,0.57010418176651,0.5749623775482178,0.5807919502258301,0.5820176601409912,0.5836949944496155
4770,-0.5709564089775085,116.30516815185547,35.48504638671875,156.36415100097656,0.5709564089775085,0.57010418176651,0.006052922457456589,0.5616579651832581,0.5633164644241333,0.5638130903244019,0.5663866996765137,0.57010418176651,0.5749623775482178,0.5807919502258301,0.5820176601409912,0.5836949944496155
4800,-0.5709688067436218,116.18514251708984,35.621543884277344,156.15298461914062,0.5709688067436218,0.57010418176651,0.006041635759174824,0.5616579651832581,0.5633164644241333,0.5638130903244019,0.5663866996765137,0.57010418176651,0.5749623775482178,0.5807919502258301,0.5820176601409912,0.5836949944496155
4830,-0.5710492730140686,116.05025482177734,35.727630615234375,155.93561299641928,0.5710492730140686,0.57010418176651,0.005977118853479624,0.5616579651832581,0.5633164644241333,0.5641422867774963,0.5665229558944702,0.57010418176651,0.5749623775482178,0.5807919502258301,0.5820176601409912,0.5836949944496155
4860,-0.5710684061050415,115.91380310058594,35.85969161987305,155.71106465657553,0.5710684061050415,0.57010418176651,0.005963675677776337,0.5616579651832581,0.5633164644241333,0.5641422867774963,0.5666206479072571,0.57010418176651,0.5749623775482178,0.5807919502258301,0.5820176601409912,0.5836949944496155
4890,-0.571202278137207,115.75596618652344,35.953060150146484,155.47933451334634,0.5712023377418518,0.5702561736106873,0.005988910794258118,0.5616579651832581,0.5633164644241333,0.5641422867774963,0.5666206479072571,0.5702561736106873,0.5751023292541504,0.5807919502258301,0.5820176601409912,0.5836949944496155
4920,-0.5712472200393677,115.6073226928711,36.093727111816406,155.24187723795572,0.5712472796440125,0.5702561736106873,0.005954780150204897,0.5616579651832581,0.5633164644241333,0.5643143653869629,0.5666678547859192,0.5702561736106873,0.5751023292541504,0.5807919502258301,0.5820176601409912,0.5836949944496155
4950,-0.5712472200393677,115.4741439819336,36.198516845703125,155.02376810709634,0.5712472796440125,0.5702561736106873,0.005954780150204897,0.5616579651832581,0.5633164644241333,0.5643143653869629,0.5666678547859192,0.5702561736106873,0.5751023292541504,0.5807919502258301,0.5820176601409912,0.5836949944496155
4980,-0.5712978839874268,115.34089660644531,36.29989242553711,154.80914306640625,0.5712978839874268,0.5704002380371094,0.005952456500381231,0.5616579651832581,0.5633164644241333,0.5643143653869629,0.5666678547859192,0.5704002380371094,0.5751023292541504,0.5807919502258301,0.5820176601409912,0.5836949944496155
5010,-0.5713328719139099,115.21470642089844,36.43892288208008,154.5909220377604,0.5713328719139099,0.5704418420791626,0.005925977602601051,0.5616579651832581,0.5633392930030823,0.5646021962165833,0.5666678547859192,0.5704418420791626,0.5751023292541504,0.5807919502258301,0.5820176601409912,0.5836949944496155
5040,-0.5717043876647949,115.05867767333984,36.56161117553711,154.3499552408854,0.5717043876647949,0.5709517598152161,0.005983971059322357,0.5616579651832581,0.5633392930030823,0.5646021962165833,0.5669423341751099,0.5709517598152161,0.5757110118865967,0.5807919502258301,0.5820176601409912,0.5836949944496155
5070,-0.5717213749885559,114.88585662841797,36.67206573486328,154.0900624593099,0.5717213749885559,0.5709517598152161,0.005962551571428776,0.5616579651832581,0.5634737610816956,0.5648770332336426,0.5669423341751099,0.5709517598152161,0.5757110118865967,0.5807919502258301,0.5820176601409912,0.5836949944496155
5100,-0.5718294978141785,114.73409271240234,36.763824462890625,153.85128275553384,0.5718295574188232,0.5710754990577698,0.005865029059350491,0.5632834434509277,0.5639591217041016,0.5649725794792175,0.567049503326416,0.5710754990577698,0.5757110118865967,0.5807919502258301,0.5820176601409912,0.5836949944496155
5130,-0.5719490051269531,114.5694808959961,36.89551544189453,153.59270222981772,0.5719489455223083,0.5712008476257324,0.005784561391919851,0.563288152217865,0.5641522407531738,0.5650144815444946,0.5671799778938293,0.5712008476257324,0.5757110118865967,0.5807919502258301,0.5820176601409912,0.5836949944496155
5160,-0.572091281414032,114.44988250732422,37.00750732421875,153.3822275797526,0.572091281414032,0.5714043378829956,0.005742277950048447,0.563288152217865,0.5641522407531738,0.5650703310966492,0.5673334002494812,0.5714043378829956,0.5759198665618896,0.5807919502258301,0.5820176601409912,0.5836949944496155
5190,-0.5721108913421631,114.26713562011719,37.10822677612305,153.10743713378906,0.5721108913421631,0.5714043378829956,0.0057219164445996284,0.563288152217865,0.5641522407531738,0.5650703310966492,0.5673334002494812,0.5714043378829956,0.5759198665618896,0.5807919502258301,0.5820176601409912,0.5836949944496155
5220,-0.5721673965454102,114.14485168457031,37.237449645996094,152.8921915690104,0.5721673965454102,0.5715484023094177,0.005702706519514322,0.563288152217865,0.5641522407531738,0.5650703310966492,0.5675678849220276,0.5715484023094177,0.5759198665618896,0.5807919502258301,0.5820176601409912,0.5836949944496155
5250,-0.5724151730537415,113.99788665771484,37.31991195678711,152.66661071777344,0.5724151730537415,0.571829080581665,0.005582259502261877,0.5638322830200195,0.5643227696418762,0.5656865239143372,0.5681918859481812,0.571829080581665,0.5759198665618896,0.5807919502258301,0.5820176601409912,0.5836949944496155
5280,-0.5726568102836609,113.82392883300781,37.430049896240234,152.39761352539062,0.5726568102836609,0.5719521641731262,0.005436829756945372,0.5638322830200195,0.5643227696418762,0.5659219026565552,0.5689476728439331,0.5719521641731262,0.5759198665618896,0.5807919502258301,0.5820176601409912,0.5836949944496155
5310,-0.5727165341377258,113.65645599365234,37.566802978515625,152.12398783365884,0.5727165341377258,0.5719521641731262,0.005390454083681107,0.5638322830200195,0.5643227696418762,0.5662325620651245,0.5690470337867737,0.5719521641731262,0.5759198665618896,0.5807919502258301,0.5820176601409912,0.5836949944496155
5340,-0.5728186368942261,113.49492645263672,37.68114471435547,151.86112467447916,0.5728185772895813,0.5720093250274658,0.005262392107397318,0.5641582608222961,0.5650206208229065,0.5662325620651245,0.5690913200378418,0.5720093250274658,0.5759198665618896,0.5807919502258301,0.5820176601409912,0.5836949944496155
5370,-0.5731382369995117,113.32298278808594,37.83795166015625,151.56857299804688,0.5731382966041565,0.5723188519477844,0.005100410897284746,0.5643278360366821,0.5658484697341919,0.5666642189025879,0.5697541236877441,0.5723188519477844,0.5761685371398926,0.5807919502258301,0.5820176601409912,0.5836949944496155
5400,-0.573212206363678,113.16998291015625,37.954429626464844,151.3223876953125,0.5732121467590332,0.5723188519477844,0.005039282608777285,0.5648927688598633,0.5659080743789673,0.5668531656265259,0.5698503255844116,0.5723188519477844,0.576478123664856,0.5807919502258301,0.5820176601409912,0.5836949944496155
5430,-0.573212206363678,112.99189758300781,38.03822326660156,151.0577392578125,0.5732121467590332,0.5723188519477844,0.005039282608777285,0.5648927688598633,0.5659080743789673,0.5668531656265259,0.5698503255844116,0.5723188519477844,0.576478123664856,0.5807919502258301,0.5820176601409912,0.5836949944496155
5460,-0.573212206363678,112.8355712890625,38.1864013671875,150.78337605794272,0.5732121467590332,0.5723188519477844,0.005039282608777285,0.5648927688598633,0.5659080743789673,0.5668531656265259,0.5698503255844116,0.5723188519477844,0.576478123664856,0.5807919502258301,0.5820176601409912,0.5836949944496155
5490,-0.5732653737068176,112.66091918945312,38.30375671386719,150.49731953938803,0.5732653141021729,0.5724587440490723,0.005024769809097052,0.5648927688598633,0.5659080743789673,0.5668531656265259,0.5698503255844116,0.5724587440490723,0.576478123664856,0.5807919502258301,0.5820176601409912,0.5836949944496155
5520,-0.5734415054321289,112.476318359375,38.42550277709961,150.1951700846354,0.5734414458274841,0.5726883411407471,0.00493819173425436,0.5648927688598633,0.5659080743789673,0.5669959187507629,0.5703480839729309,0.5726883411407471,0.5765408873558044,0.5807919502258301,0.5820176601409912,0.5836949944496155
5550,-0.5735242962837219,112.2970199584961,38.52113342285156,149.92129516601562,0.5735242962837219,0.5727115869522095,0.0049858917482197285,0.5648927688598633,0.5659080743789673,0.5669959187507629,0.5703480839729309,0.5727115869522095,0.5770841836929321,0.5807919502258301,0.5820176601409912,0.5836949944496155
5580,-0.573559582233429,112.05802917480469,38.61518859863281,149.5755360921224,0.573559582233429,0.5727115869522095,0.00501328706741333,0.5648927688598633,0.5659080743789673,0.5669959187507629,0.5703480839729309,0.5727115869522095,0.5771231651306152,0.5807919502258301,0.5820176601409912,0.5836949944496155
5610,-0.5736563801765442,111.90631103515625,38.75105285644531,149.29938252766928,0.5736563801765442,0.5730588436126709,0.004966667853295803,0.5648927688598633,0.5659080743789673,0.5669959187507629,0.570414662361145,0.5730588436126709,0.5771231651306152,0.5807919502258301,0.5820176601409912,0.5836949944496155
5640,-0.573798418045044,111.71676635742188,38.875545501708984,148.9867909749349,0.573798418045044,0.5731478929519653,0.005080740433186293,0.5648936629295349,0.5659080743789673,0.5669959187507629,0.570414662361145,0.5731478929519653,0.5772993564605713,0.5810627341270447,0.5827053785324097,0.5846801400184631
5670,-0.5740154981613159,111.53661346435547,39.025062561035156,148.6760711669922,0.5740154385566711,0.5732184648513794,0.004988608416169882,0.5650243163108826,0.5659226179122925,0.5671209096908569,0.5705307722091675,0.5732184648513794,0.5775233507156372,0.5810627341270447,0.5827053785324097,0.5846801400184631
5700,-0.5740964412689209,111.34673309326172,39.16658401489258,148.3638661702474,0.5740964412689209,0.5735213756561279,0.005012986715883017,0.5650243163108826,0.5659226179122925,0.5671209096908569,0.5707299113273621,0.5735213756561279,0.5775233507156372,0.5814470052719116,0.5827053785324097,0.5846801400184631
5730,-0.5741626620292664,111.15020751953125,39.3064079284668,148.03760782877603,0.5741626620292664,0.574100136756897,0.005001445300877094,0.5650243163108826,0.5659226179122925,0.5671209096908569,0.5708822011947632,0.574100136756897,0.5775233507156372,0.5814470052719116,0.5827053785324097,0.5846801400184631
5760,-0.5744962096214294,110.94588470458984,39.45677185058594,147.7077178955078,0.5744962096214294,0.5742493867874146,0.0051382193341851234,0.5650243163108826,0.5662497282028198,0.5686637163162231,0.571134090423584,0.5742493867874146,0.577814519405365,0.5815078616142273,0.5827606320381165,0.5849472880363464
5790,-0.5747070908546448,110.74380493164062,39.56909942626953,147.38981119791666,0.5747071504592896,0.5743167996406555,0.005103103816509247,0.5659226775169373,0.5669154524803162,0.5688580274581909,0.571134090423584,0.5743167996406555,0.5783699750900269,0.5816777944564819,0.5834964513778687,0.5849472880363464
5820,-0.5747070908546448,110.55391693115234,39.674537658691406,147.0883026123047,0.5747071504592896,0.5743167996406555,0.005103103816509247,0.5659226775169373,0.5669154524803162,0.5688580274581909,0.571134090423584,0.5743167996406555,0.5783699750900269,0.5816777944564819,0.5834964513778687,0.5849472880363464
5850,-0.5747070908546448,110.36397552490234,39.836265563964844,146.7577921549479,0.5747071504592896,0.5743167996406555,0.005103103816509247,0.5659226775169373,0.5669154524803162,0.5688580274581909,0.571134090423584,0.5743167996406555,0.5783699750900269,0.5816777944564819,0.5834964513778687,0.5849472880363464
5880,-0.5747905373573303,110.1363525390625,39.97227096557617,146.40487670898438,0.5747905969619751,0.5744662284851074,0.0051463693380355835,0.5659226775169373,0.5669154524803162,0.5688580274581909,0.571134090423584,0.5744662284851074,0.57847660779953,0.5816777944564819,0.5834964513778687,0.5849472880363464
5910,-0.5748619437217712,109.93788146972656,40.0994758605957,146.07435607910156,0.5748619437217712,0.5744662284851074,0.005085972137749195,0.5659226775169373,0.5670435428619385,0.5689705014228821,0.5712673664093018,0.5744662284851074,0.57847660779953,0.5816777944564819,0.5834964513778687,0.5849472880363464
5940,-0.5750671029090881,109.69120788574219,40.18492126464844,145.7054189046224,0.5750671029090881,0.5745644569396973,0.005061381496489048,0.5659226775169373,0.5671241283416748,0.5689705014228821,0.5714164972305298,0.5745644569396973,0.5790296792984009,0.5816777944564819,0.5834964513778687,0.5849472880363464
5970,-0.5752798914909363,109.46826171875,40.31385803222656,145.3463592529297,0.5752798914909363,0.5746214985847473,0.005012450739741325,0.5659226775169373,0.5675199627876282,0.5690600275993347,0.5716705322265625,0.5746214985847473,0.5791307687759399,0.5816777944564819,0.5834964513778687,0.5849472880363464
6000,-0.5754261016845703,109.27830505371094,40.45323944091797,145.02680460611978,0.5754261612892151,0.5748623609542847,0.004930827300995588,0.5659226775169373,0.568726122379303,0.5690957903862,0.5718750357627869,0.5748623609542847,0.5791307687759399,0.5816777944564819,0.5834964513778687,0.5849472880363464
6030,-0.5755758285522461,109.09809875488281,40.62352752685547,144.6979726155599,0.5755758881568909,0.5749954581260681,0.0049863713793456554,0.5671032667160034,0.568739652633667,0.5690957903862,0.5718750357627869,0.5749954581260681,0.5792101621627808,0.5819005966186523,0.5837249755859375,0.5850636959075928
6060,-0.575649619102478,108.88639831542969,40.761962890625,144.34825642903647,0.575649619102478,0.575072705745697,0.004954074509441853,0.5671032667160034,0.568739652633667,0.5690957903862,0.5719426870346069,0.575072705745697,0.5792101621627808,0.5819005966186523,0.5837249755859375,0.5850636959075928
6090,-0.5760218501091003,108.68763732910156,40.95767593383789,143.97093709309897,0.5760219097137451,0.5753037929534912,0.004891158547252417,0.5671032667160034,0.5690585374832153,0.5702609419822693,0.5721791982650757,0.5753037929534912,0.579482913017273,0.5827057957649231,0.5841305255889893,0.5850636959075928
6120,-0.5762277245521545,108.45880126953125,41.11457824707031,143.57645161946616,0.5762277245521545,0.5757697224617004,0.004923021886497736,0.5675082802772522,0.5690585374832153,0.5702609419822693,0.5721791982650757,0.5757697224617004,0.5797808170318604,0.582733690738678,0.5841305255889893,0.5850636959075928
6150,-0.5765329003334045,108.2550048828125,41.229530334472656,143.24203491210938,0.5765329599380493,0.5761193037033081,0.005181681364774704,0.5675082802772522,0.5690585374832153,0.5703620910644531,0.5723690986633301,0.5761193037033081,0.5801804065704346,0.5835058093070984,0.5849502086639404,0.5871434211730957
6180,-0.5766699314117432,108.01778411865234,41.36157989501953,142.85328165690103,0.5766699314117432,0.576346755027771,0.005254222545772791,0.5675082802772522,0.5690585374832153,0.5703620910644531,0.5723690986633301,0.576346755027771,0.5802600979804993,0.5837053060531616,0.5850940346717834,0.5871434211730957
6210,-0.5768251419067383,107.76492309570312,41.50165939331055,142.44628397623697,0.5768252015113831,0.576665997505188,0.005214886274188757,0.5675082802772522,0.5690585374832153,0.5704581141471863,0.5725829005241394,0.576665997505188,0.5803999900817871,0.5837053060531616,0.5850940346717834,0.5871434211730957
6240,-0.5769084095954895,107.53752136230469,41.64253234863281,142.06885274251303,0.5769084095954895,0.5769779682159424,0.005189135670661926,0.5675082802772522,0.5690585374832153,0.5704581141471863,0.5728317499160767,0.5769779682159424,0.5803999900817871,0.5837053060531616,0.5850940346717834,0.5871434211730957
6270,-0.577204167842865,107.30450439453125,41.76203536987305,141.69202168782553,0.5772042274475098,0.577161967754364,0.005026911851018667,0.5675082802772522,0.5690973401069641,0.5711693167686462,0.5739461183547974,0.577161967754364,0.5804901123046875,0.5837053060531616,0.5850940346717834,0.5871434211730957
6300,-0.5774773955345154,107.05775451660156,41.91020202636719,141.26661682128906,0.5774774551391602,0.5773258805274963,0.005245028994977474,0.5675082802772522,0.5690973401069641,0.5714312195777893,0.5742407441139221,0.5773258805274963,0.5805747509002686,0.5841591358184814,0.5862575769424438,0.5900599956512451
6330,-0.5775654911994934,106.82161712646484,42.03147888183594,140.86929321289062,0.5775654911994934,0.577423632144928,0.0052385516464710236,0.5675082802772522,0.5690973401069641,0.571617066860199,0.5742407441139221,0.577423632144928,0.5805747509002686,0.5841591358184814,0.5871021747589111,0.5900599956512451
6360,-0.5777972936630249,106.53802490234375,42.098426818847656,140.43978881835938,0.5777973532676697,0.5775566101074219,0.005244255997240543,0.5675281286239624,0.5690973401069641,0.571617066860199,0.5743608474731445,0.5775566101074219,0.5807173252105713,0.5847017765045166,0.5871126055717468,0.5900599956512451
6390,-0.5779521465301514,106.2962646484375,42.22467041015625,140.03309122721353,0.5779521465301514,0.5779983997344971,0.005184401758015156,0.5675281286239624,0.5703993439674377,0.5716776847839355,0.5744474530220032,0.5779983997344971,0.5808291435241699,0.5847017765045166,0.5871126055717468,0.5900599956512451
6420,-0.5781534910202026,106.05519104003906,42.37133026123047,139.61934407552084,0.5781534910202026,0.5784637928009033,0.005052430555224419,0.5690255761146545,0.5709337592124939,0.5719164609909058,0.5747599005699158,0.5784637928009033,0.5809022784233093,0.5847017765045166,0.5871126055717468,0.5900599956512451
6450,-0.5785821080207825,105.7824935913086,42.503807067871094,139.18379720052084,0.5785821676254272,0.5787627696990967,0.005671118386089802,0.5690255761146545,0.5709337592124939,0.5719164609909058,0.5747599005699158,0.5787627696990967,0.5811142921447754,0.5855870842933655,0.589245080947876,0.5905649065971375
6480,-0.5787147283554077,105.53550720214844,42.59814453125,138.80074055989584,0.5787147879600525,0.5789361000061035,0.005711015313863754,0.5690255761146545,0.5709337592124939,0.5719164609909058,0.5747599005699158,0.5789361000061035,0.581476092338562,0.5855870842933655,0.589245080947876,0.5905649065971375
6510,-0.579136312007904,105.25997161865234,42.73439025878906,138.3448740641276,0.5791363716125488,0.579056978225708,0.006266595795750618,0.5690255761146545,0.5709337592124939,0.5719164609909058,0.5747599005699158,0.579056978225708,0.5819140672683716,0.5871410965919495,0.5905678272247314,0.5941301584243774
6540,-0.5793501734733582,104.92628479003906,42.792877197265625,137.84217325846353,0.5793501734733582,0.5791616439819336,0.006433315109461546,0.5690255761146545,0.5709337592124939,0.5719164609909058,0.5747599005699158,0.5791616439819336,0.5821851491928101,0.5878089070320129,0.5906912088394165,0.5941301584243774
6570,-0.5795614719390869,104.67919921875,42.97419738769531,137.39922587076822,0.5795614719390869,0.5792316794395447,0.006604480091482401,0.5690255761146545,0.5709337592124939,0.5719164609909058,0.5748472213745117,0.5792316794395447,0.5821851491928101,0.5892874598503113,0.5913376808166504,0.5969402194023132
6600,-0.5798975825309753,104.40524291992188,43.12345886230469,136.92046610514322,0.5798975229263306,0.5792316794395447,0.007393242791295052,0.5690255761146545,0.5709337592124939,0.5719164609909058,0.5748472213745117,0.5792316794395447,0.5823174715042114,0.5900845527648926,0.591381311416626,0.5970156788825989
6630,-0.5804833769798279,104.12738037109375,43.26847457885742,136.45655314127603,0.5804833769798279,0.5795889496803284,0.007824630476534367,0.5690982341766357,0.5711809992790222,0.571945309638977,0.5750129818916321,0.5795889496803284,0.5828090906143188,0.5907216668128967,0.5942157506942749,0.6007078886032104
6660,-0.5805578231811523,103.84712982177734,43.44057846069336,135.96190388997397,0.5805578231811523,0.5795889496803284,0.007971527054905891,0.5690982341766357,0.5711809992790222,0.571945309638977,0.5750129818916321,0.5795889496803284,0.5828090906143188,0.5907216668128967,0.5969337224960327,0.6007078886032104
6690,-0.5809217691421509,103.56207275390625,43.54718017578125,135.50799051920572,0.5809217691421509,0.5798116326332092,0.008108088746666908,0.5690982341766357,0.5711809992790222,0.571945309638977,0.5750782489776611,0.5798116326332092,0.5846800804138184,0.5912746787071228,0.5969337224960327,0.6007078886032104
6720,-0.5809776186943054,103.3382568359375,43.72460174560547,135.0753631591797,0.5809776186943054,0.5799403190612793,0.00808539055287838,0.5690982341766357,0.5711809992790222,0.571945309638977,0.575218677520752,0.5799403190612793,0.5846800804138184,0.5912746787071228,0.5969337224960327,0.6007078886032104
6750,-0.5812082290649414,103.03704071044922,43.849544525146484,134.5732421875,0.5812082886695862,0.5800925493240356,0.007990344427525997,0.570440411567688,0.5714445114135742,0.5719462633132935,0.5753238201141357,0.5800925493240356,0.5847584009170532,0.5912746787071228,0.5969337224960327,0.6007078886032104
6780,-0.5820626616477966,102.75558471679688,43.956871032714844,134.09662882486978,0.5820626020431519,0.5808672308921814,0.008802385069429874,0.570440411567688,0.5716712474822998,0.5720499753952026,0.5753636360168457,0.5808672308921814,0.5856793522834778,0.592767596244812,0.5971987843513489,0.6016271710395813
6810,-0.5820626616477966,102.47130584716797,44.152503967285156,133.57703653971353,0.5820626020431519,0.5808672308921814,0.008802385069429874,0.570440411567688,0.5716712474822998,0.5720499753952026,0.5753636360168457,0.5808672308921814,0.5856793522834778,0.592767596244812,0.5971987843513489,0.6016271710395813
6840,-0.5824388861656189,102.16175842285156,44.27653121948242,133.05899556477866,0.5824388861656189,0.5809424519538879,0.008849936537444592,0.5709484219551086,0.5717917084693909,0.5740604996681213,0.5760190486907959,0.5809424519538879,0.5856793522834778,0.5941807627677917,0.5998733639717102,0.6036134362220764
6870,-0.5826337337493896,101.81584167480469,44.40442657470703,132.50432840983072,0.5826337337493896,0.5811943411827087,0.008821261115372181,0.5709484219551086,0.5717917084693909,0.5740604996681213,0.5763828754425049,0.5811943411827087,0.586094319820404,0.5941807627677917,0.5998733639717102,0.6036134362220764
6900,-0.582820475101471,101.5208969116211,44.534400939941406,131.9925994873047,0.582820475101471,0.5811943411827087,0.00873082596808672,0.5714379549026489,0.5719230771064758,0.5743145942687988,0.5766923427581787,0.5811943411827087,0.5864611864089966,0.5941807627677917,0.5998733639717102,0.6036134362220764
6930,-0.5831851363182068,101.18614959716797,44.64313888549805,131.43592325846353,0.5831851363182068,0.5813778638839722,0.00894725602120161,0.5714379549026489,0.5719321370124817,0.5743670463562012,0.5769898891448975,0.5813778638839722,0.5873119831085205,0.5962942838668823,0.5999065041542053,0.6041374802589417
6960,-0.5838769674301147,100.9204330444336,44.78872299194336,130.95112101236978,0.5838769674301147,0.581510066986084,0.009465292096138,0.5714379549026489,0.5728784799575806,0.5747464299201965,0.5770902633666992,0.581510066986084,0.5880460739135742,0.5970618724822998,0.6033912301063538,0.6083956360816956
6990,-0.5841913223266602,100.57481384277344,44.884056091308594,130.39590454101562,0.5841913223266602,0.581510066986084,0.00973719172179699,0.5714379549026489,0.5728784799575806,0.5747464299201965,0.5770902633666992,0.581510066986084,0.5887796878814697,0.5972363948822021,0.6039302349090576,0.6083956360816956
7020,-0.5842645764350891,100.2195053100586,45.0066032409668,129.80377197265625,0.5842645764350891,0.581510066986084,0.009674680419266224,0.5714379549026489,0.5730198621749878,0.5750343203544617,0.5772026777267456,0.581510066986084,0.5887796878814697,0.5972363948822021,0.6039302349090576,0.6083956360816956
7050,-0.5846561789512634,99.88448333740234,45.11437225341797,129.24287923177084,0.5846562385559082,0.5817313194274902,0.010142180137336254,0.5714379549026489,0.5741180181503296,0.5750343203544617,0.5772026777267456,0.5817313194274902,0.5889745950698853,0.5987966060638428,0.6040155291557312,0.6148598790168762
7080,-0.5848603844642639,99.53707122802734,45.23798370361328,128.649658203125,0.5848604440689087,0.5818696022033691,0.010122653096914291,0.5714379549026489,0.5741180181503296,0.5750343203544617,0.5773690938949585,0.5818696022033691,0.589567244052887,0.5987966060638428,0.6040155291557312,0.6148598790168762
7110,-0.5852245688438416,99.15849304199219,45.377288818359375,128.00965881347656,0.5852246284484863,0.5824466347694397,0.009998592548072338,0.5714379549026489,0.5741180181503296,0.5750815272331238,0.5780606269836426,0.5824466347694397,0.5905749797821045,0.5987966060638428,0.6040155291557312,0.6148598790168762
7140,-0.585637629032135,98.77693939208984,45.509071350097656,127.3696797688802,0.5856376886367798,0.5824466347694397,0.010402125306427479,0.5714379549026489,0.5741180181503296,0.5750815272331238,0.5780606269836426,0.5824466347694397,0.591281533241272,0.5999829173088074,0.6059682965278625,0.6148598790168762
7170,-0.5859769582748413,98.4382553100586,45.63459014892578,126.78063710530598,0.5859769582748413,0.583378255367279,0.01055228803306818,0.5714379549026489,0.5741180181503296,0.5750815272331238,0.5780606269836426,0.583378255367279,0.5914345979690552,0.5999829173088074,0.6059682965278625,0.6160724759101868
7200,-0.5862050652503967,98.04387664794922,45.74169158935547,126.13262939453125,0.5862051248550415,0.583740234375,0.01056712120771408,0.5716779828071594,0.5741879343986511,0.5753178596496582,0.5780606269836426,0.583740234375,0.5914345979690552,0.5999829173088074,0.6083360910415649,0.6160724759101868
7230,-0.5866217017173767,97.6434326171875,45.8529052734375,125.46748352050781,0.5866217613220215,0.5841817855834961,0.01111514214426279,0.5717738270759583,0.5741879343986511,0.5753675699234009,0.5782967209815979,0.5841817855834961,0.5915403366088867,0.5999829173088074,0.60845947265625,0.6194655299186707
7260,-0.5870030522346497,97.20069885253906,45.954833984375,124.75772603352864,0.5870031118392944,0.5845686793327332,0.011100396513938904,0.5717738270759583,0.5741879343986511,0.5753675699234009,0.5790561437606812,0.5845686793327332,0.5922350883483887,0.5999829173088074,0.60845947265625,0.6194655299186707
7290,-0.5872756242752075,96.83018493652344,46.07352828979492,124.12206776936848,0.5872756838798523,0.5845906734466553,0.010938332416117191,0.5729993581771851,0.57436203956604,0.5753685235977173,0.5798171758651733,0.5845906734466553,0.5922350883483887,0.5999829173088074,0.60845947265625,0.6194655299186707
7320,-0.5879360437393188,96.4411849975586,46.183265686035156,123.44999694824219,0.5879360437393188,0.5846617221832275,0.01170645747333765,0.5741525888442993,0.5747672319412231,0.5759857296943665,0.5798171758651733,0.5846617221832275,0.5933835506439209,0.6015138030052185,0.612407922744751,0.6206520795822144
7350,-0.5886149406433105,96.05046844482422,46.320770263671875,122.74712371826172,0.5886149406433105,0.5851397514343262,0.01236783992499113,0.5741883516311646,0.5752178430557251,0.5770136117935181,0.5802448391914368,0.5851397514343262,0.5943936109542847,0.6031692624092102,0.612407922744751,0.6231874227523804
7380,-0.5889435410499573,95.676025390625,46.472923278808594,122.05478922526042,0.588943600654602,0.5858842134475708,0.012475557625293732,0.5743675231933594,0.5753222703933716,0.5770206451416016,0.5802448391914368,0.5858842134475708,0.5952739119529724,0.6046566963195801,0.612407922744751,0.6231874227523804
7410,-0.5896565318107605,95.26693725585938,46.61499786376953,121.33824666341145,0.5896565318107605,0.5867906808853149,0.012835528701543808,0.5743675231933594,0.5753222703933716,0.5770206451416016,0.5806748270988464,0.5867906808853149,0.5963687896728516,0.6050798892974854,0.612407922744751,0.6315044164657593
7440,-0.5901015400886536,94.82884216308594,46.768672943115234,120.55265045166016,0.5901015996932983,0.5873194932937622,0.013048611581325531,0.5743675231933594,0.5753222703933716,0.5772443413734436,0.5806748270988464,0.5873194932937622,0.5970422625541687,0.6063485741615295,0.612407922744751,0.6315044164657593
7470,-0.5903255939483643,94.33265686035156,46.86384582519531,119.75128682454427,0.5903255939483643,0.5876274108886719,0.013160450384020805,0.5743675231933594,0.5753222703933716,0.5773971676826477,0.5806748270988464,0.5876274108886719,0.597064197063446,0.6063485741615295,0.612407922744751,0.6315280199050903
7500,-0.5905194282531738,93.95552062988281,46.936851501464844,119.0978775024414,0.5905194282531738,0.5876938700675964,0.013231240212917328,0.5743675231933594,0.5753222703933716,0.5773971676826477,0.580817699432373,0.5876938700675964,0.5970839262008667,0.6083278059959412,0.612407922744751,0.6315280199050903
7530,-0.5920295715332031,93.48956298828125,47.078468322753906,118.2957534790039,0.5920295119285583,0.589322566986084,0.01543414406478405,0.5743675231933594,0.5753222703933716,0.5774587392807007,0.5813184976577759,0.589322566986084,0.598339319229126,0.6088814735412598,0.6178104281425476,0.6348562836647034
7560,-0.5926105380058289,93.06414031982422,47.18999481201172,117.54693094889323,0.5926105380058289,0.5901123285293579,0.015343903563916683,0.574779748916626,0.5753690600395203,0.577653169631958,0.5813184976577759,0.5901123285293579,0.5986471772193909,0.6088814735412598,0.6178104281425476,0.6354870200157166
7590,-0.5929810404777527,92.656494140625,47.31243133544922,116.78648376464844,0.5929811000823975,0.590488076210022,0.015591533854603767,0.574779748916626,0.5753690600395203,0.577653169631958,0.5813184976577759,0.590488076210022,0.5989957451820374,0.6110244393348694,0.6178104281425476,0.6382312774658203
7620,-0.5936732888221741,92.12823486328125,47.37925720214844,115.91148376464844,0.5936733484268188,0.5906442403793335,0.01571936160326004,0.574779748916626,0.5754485726356506,0.5776649117469788,0.5818546414375305,0.5906442403793335,0.5992907285690308,0.6110244393348694,0.6214210987091064,0.6382312774658203
7650,-0.5940272212028503,91.59700775146484,47.51420593261719,115.00240834554036,0.5940272808074951,0.5906442403793335,0.01571454107761383,0.574779748916626,0.577080249786377,0.5778511166572571,0.5833691358566284,0.5906442403793335,0.5992907285690308,0.6110244393348694,0.6214210987091064,0.6407244205474854
7680,-0.5947728753089905,91.12752532958984,47.63758850097656,114.15122985839844,0.5947728753089905,0.5915473699569702,0.016429146751761436,0.5749402046203613,0.577080249786377,0.5789536833763123,0.5837478637695312,0.5915473699569702,0.600307285785675,0.611575722694397,0.6221170425415039,0.6435721516609192
7710,-0.5951318144798279,90.63665771484375,47.77268981933594,113.25509643554688,0.5951318144798279,0.5919615030288696,0.01647374778985977,0.5749402046203613,0.577080249786377,0.5789536833763123,0.5838785171508789,0.5919615030288696,0.6018096804618835,0.61374831199646,0.6221170425415039,0.6435721516609192
7740,-0.5958481431007385,90.17876434326172,47.89768600463867,112.41977437337239,0.5958481431007385,0.5921506285667419,0.017288319766521454,0.5749402046203613,0.577080249786377,0.5789536833763123,0.5838785171508789,0.5921506285667419,0.6027041673660278,0.6140581965446472,0.6221170425415039,0.6523122191429138
7770,-0.5962827205657959,89.66510009765625,47.999595642089844,111.51884206136067,0.5962827801704407,0.5928491353988647,0.017279138788580894,0.5752344727516174,0.577080249786377,0.5789536833763123,0.5840972661972046,0.5928491353988647,0.6029227375984192,0.6150636076927185,0.6224308609962463,0.6523122191429138
7800,-0.5971734523773193,89.18818664550781,48.12510299682617,110.64690399169922,0.5971735119819641,0.5936287045478821,0.01734643429517746,0.5768201947212219,0.5775750875473022,0.580066978931427,0.5847330093383789,0.5936287045478821,0.6029425859451294,0.6162348985671997,0.6299037933349609,0.6523122191429138
7830,-0.5977668166160583,88.677978515625,48.23713302612305,109.71841176350911,0.5977668166160583,0.5941175222396851,0.017675645649433136,0.5770874619483948,0.5776695609092712,0.5803785920143127,0.5853585004806519,0.5941175222396851,0.604659914970398,0.6173877716064453,0.6299037933349609,0.6566407680511475
7860,-0.5981858968734741,88.13998413085938,48.328392028808594,108.77328491210938,0.5981858372688293,0.5946483612060547,0.01749764382839203,0.5775711536407471,0.5790697932243347,0.5809739828109741,0.5859974026679993,0.5946483612060547,0.6052237749099731,0.6173877716064453,0.6299037933349609,0.6573116779327393
7890,-0.5987452268600464,87.68435668945312,48.50730895996094,107.84241231282552,0.5987452864646912,0.5951344966888428,0.017636192962527275,0.5775711536407471,0.5790697932243347,0.5809739828109741,0.58634352684021,0.5951344966888428,0.6060892343521118,0.6212040781974792,0.6299037933349609,0.6573116779327393
7920,-0.6007219552993774,87.20166015625,48.67955780029297,106.8835678100586,0.6007219552993774,0.5971490144729614,0.01840408518910408,0.5789139270782471,0.579556941986084,0.5822119116783142,0.5867601633071899,0.5971490144729614,0.6102522611618042,0.6231193542480469,0.6317123770713806,0.6573116779327393
7950,-0.602285623550415,86.66909790039062,48.79291915893555,105.9091084798177,0.6022855639457703,0.5977736711502075,0.019568605348467827,0.5795691013336182,0.580600380897522,0.5822945833206177,0.5868972539901733,0.5977736711502075,0.6119053363800049,0.6255173683166504,0.6430511474609375,0.6619836688041687
7980,-0.6031453013420105,86.1286849975586,48.90836715698242,104.88406372070312,0.6031453013420105,0.5984805226325989,0.020157087594270706,0.5800967812538147,0.5806149840354919,0.5824897289276123,0.5868972539901733,0.5984805226325989,0.6136061549186707,0.6280689835548401,0.6458981037139893,0.6619836688041687
8010,-0.6045733690261841,85.56520080566406,48.983238220214844,103.88832600911458,0.6045733094215393,0.6003741025924683,0.020161494612693787,0.5801346898078918,0.5811640024185181,0.583003580570221,0.5880834460258484,0.6003741025924683,0.6150387525558472,0.6300857067108154,0.6458981037139893,0.6656275987625122
8040,-0.6054322123527527,85.08953857421875,49.138362884521484,102.9177958170573,0.6054322123527527,0.6018358469009399,0.020630575716495514,0.5805473327636719,0.5811640024185181,0.5830585956573486,0.5898769497871399,0.6018358469009399,0.6153342723846436,0.6310935020446777,0.6490280628204346,0.6671655178070068
8070,-0.6064761281013489,84.57172393798828,49.24595642089844,101.90430196126302,0.6064761281013489,0.6018358469009399,0.02064230665564537,0.5805473327636719,0.5824854373931885,0.5836083292961121,0.5927347540855408,0.6018358469009399,0.6154069900512695,0.6330451369285583,0.6490280628204346,0.6672123074531555
8100,-0.6069720983505249,84.06328582763672,49.34005355834961,100.91549428304036,0.6069720983505249,0.6018358469009399,0.02034674398601055,0.5818879008293152,0.583315908908844,0.5860746502876282,0.5929285287857056,0.6018358469009399,0.6160721778869629,0.6330451369285583,0.6490280628204346,0.668462336063385
8130,-0.607948362827301,83.52897644042969,49.457725524902344,99.86233266194661,0.607948362827301,0.6035971641540527,0.02032826654613018,0.5818879008293152,0.5836227536201477,0.5869119167327881,0.5935168266296387,0.6035971641540527,0.6177107691764832,0.6330451369285583,0.6490280628204346,0.668462336063385
8160,-0.6089076995849609,82.98211669921875,49.59765625,98.78769429524739,0.6089077591896057,0.6043993830680847,0.0205512847751379,0.5818879008293152,0.5855357050895691,0.5871032476425171,0.5957034230232239,0.6043993830680847,0.6181433796882629,0.6330451369285583,0.6490280628204346,0.6731117367744446
8190,-0.6100548505783081,82.4366683959961,49.66343688964844,97.77080790201823,0.6100548505783081,0.6054759621620178,0.02026693895459175,0.5826887488365173,0.5868573784828186,0.588697075843811,0.596977949142456,0.6054759621620178,0.6183822751045227,0.6351056098937988,0.6490280628204346,0.6731117367744446
8220,-0.6108666062355042,81.85969543457031,49.71495819091797,96.65641021728516,0.6108666062355042,0.6064838171005249,0.020273661240935326,0.583602249622345,0.5868573784828186,0.588697075843811,0.597808837890625,0.6064838171005249,0.6183822751045227,0.6362662315368652,0.6490280628204346,0.6731117367744446
8250,-0.612524688243866,81.21063995361328,49.72978973388672,95.49798329671223,0.612524688243866,0.6073066592216492,0.021242186427116394,0.5855953097343445,0.5873057842254639,0.5893787741661072,0.5983040928840637,0.6073066592216492,0.6228611469268799,0.6375024318695068,0.6490280628204346,0.6797471642494202
8280,-0.6134450435638428,80.58723449707031,49.76988983154297,94.36200205485027,0.6134450435638428,0.6073066592216492,0.021621331572532654,0.5871193408966064,0.5887506008148193,0.5916199684143066,0.5987226963043213,0.6073066592216492,0.6228611469268799,0.6389724612236023,0.6492384076118469,0.6800021529197693
8310,-0.6145318746566772,80.04171752929688,49.896812438964844,93.19535573323567,0.6145318746566772,0.608241081237793,0.021506642922759056,0.5885962843894958,0.5894253253936768,0.593366801738739,0.5995381474494934,0.608241081237793,0.6243362426757812,0.6419032216072083,0.650418758392334,0.6800021529197693
8340,-0.6159583330154419,79.54887390136719,50.03111267089844,92.08189392089844,0.6159582734107971,0.608512818813324,0.02229667268693447,0.5888720750808716,0.5914571285247803,0.5953080654144287,0.6010767221450806,0.608512818813324,0.6243362426757812,0.644650399684906,0.6526331901550293,0.6876634359359741
8370,-0.6168633699417114,78.93959045410156,50.00811004638672,90.94386291503906,0.6168634295463562,0.6099433302879333,0.022443760186433792,0.5888720750808716,0.5937668085098267,0.5963308811187744,0.6013664603233337,0.6099433302879333,0.6243362426757812,0.6466554403305054,0.6526331901550293,0.6877158284187317
8400,-0.6181371808052063,78.33451843261719,50.1004638671875,89.7132797241211,0.6181371808052063,0.6102409362792969,0.022992154583334923,0.5888720750808716,0.5937668085098267,0.5972179770469666,0.6026604771614075,0.6102409362792969,0.6273640394210815,0.6494931578636169,0.6595414280891418,0.6895316243171692
8430,-0.6198621392250061,77.74894714355469,50.15595626831055,88.5255126953125,0.6198621988296509,0.6140072345733643,0.02329818159341812,0.5912099480628967,0.5970041751861572,0.597366452217102,0.6032593250274658,0.6140072345733643,0.6285797953605652,0.6496099233627319,0.6724267601966858,0.689858615398407
8460,-0.6210539937019348,77.15679931640625,50.235984802246094,87.29239145914714,0.6210539937019348,0.6153256297111511,0.02377502992749214,0.5953022837638855,0.5972670316696167,0.5988214612007141,0.6038810610771179,0.6153256297111511,0.6288724541664124,0.652988851070404,0.6724267601966858,0.6922328472137451
8490,-0.6223482489585876,76.63140869140625,50.39675521850586,86.07499186197917,0.6223482489585876,0.6160432696342468,0.0241311676800251,0.5970554947853088,0.5973383188247681,0.5992065668106079,0.6053272485733032,0.6160432696342468,0.629899263381958,0.6567226648330688,0.6730122566223145,0.6943441033363342
8520,-0.6230520606040955,76.02082824707031,50.44692611694336,84.82535807291667,0.6230520606040955,0.6160432696342468,0.024560116231441498,0.5970554947853088,0.5973383188247681,0.6005656719207764,0.6053693294525146,0.6160432696342468,0.6306043863296509,0.6587984561920166,0.6744365096092224,0.6943441033363342
8550,-0.623828113079071,75.51765441894531,50.58031463623047,83.67378997802734,0.623828113079071,0.6165865659713745,0.025183165445923805,0.5970554947853088,0.5973383188247681,0.6010259389877319,0.6061276197433472,0.6165865659713745,0.6326525211334229,0.6592079997062683,0.6744365096092224,0.6979984641075134
8580,-0.6252208352088928,74.89946746826172,50.64262390136719,82.43316904703777,0.6252208948135376,0.6172206401824951,0.025304874405264854,0.5970554947853088,0.5984154343605042,0.601701021194458,0.6075431108474731,0.6172206401824951,0.634506344795227,0.6592079997062683,0.6774312853813171,0.7016894221305847
8610,-0.6261003613471985,74.28653717041016,50.68772506713867,81.1343994140625,0.6261003613471985,0.6177774667739868,0.02555946446955204,0.5970554947853088,0.5984154343605042,0.601701021194458,0.6075431108474731,0.6177774667739868,0.634506344795227,0.6618292331695557,0.6804627180099487,0.7016894221305847
8640,-0.627497673034668,73.66377258300781,50.70624923706055,79.86445617675781,0.6274977326393127,0.6213198900222778,0.025833632797002792,0.5970554947853088,0.5987946391105652,0.6018816828727722,0.6075431108474731,0.6213198900222778,0.6361292600631714,0.6621075868606567,0.6804627180099487,0.7034586071968079
8670,-0.62871915102005,73.09593200683594,50.82485580444336,78.5453364054362,0.62871915102005,0.6225482225418091,0.02618645876646042,0.5970554947853088,0.5987946391105652,0.6020652651786804,0.6081202030181885,0.6225482225418091,0.6372251510620117,0.6654041409492493,0.6844878196716309,0.7034586071968079
8700,-0.6302605867385864,72.51643371582031,50.95641326904297,77.16166432698567,0.6302606463432312,0.623187243938446,0.02616141550242901,0.5970554947853088,0.5987946391105652,0.6036536693572998,0.612757682800293,0.623187243938446,0.6372251510620117,0.6689376831054688,0.6844878196716309,0.7034586071968079
8730,-0.6318766474723816,71.8133773803711,50.928558349609375,75.73933919270833,0.6318767070770264,0.6272608041763306,0.026306793093681335,0.5970554947853088,0.6006196737289429,0.6045148968696594,0.6140956878662109,0.6272608041763306,0.6381270885467529,0.6755022406578064,0.686683714389801,0.7053099870681763
8760,-0.6340517401695251,71.32252502441406,51.094444274902344,74.4270757039388,0.6340517997741699,0.6280524134635925,0.02697128616273403,0.5973365902900696,0.6033623814582825,0.6059687733650208,0.6143959760665894,0.6280524134635925,0.6414620876312256,0.6760939359664917,0.6890600919723511,0.7090936303138733
8790,-0.6356522440910339,70.64469146728516,51.08955383300781,72.95195007324219,0.6356521844863892,0.6306357383728027,0.027407294139266014,0.6006449460983276,0.6033974885940552,0.6067378520965576,0.6163251399993896,0.6306357383728027,0.6440505385398865,0.6784253716468811,0.6984519362449646,0.7090936303138733
8820,-0.6370019912719727,70.12306213378906,51.209320068359375,71.54358673095703,0.6370020508766174,0.6321301460266113,0.027112185955047607,0.6006449460983276,0.6033974885940552,0.6117984652519226,0.6179666519165039,0.6321301460266113,0.6440505385398865,0.6784253716468811,0.6984519362449646,0.7112363576889038
8850,-0.6386796832084656,69.731689453125,51.36480712890625,70.35177103678386,0.6386796832084656,0.6327022910118103,0.026596050709486008,0.6027490496635437,0.6058284640312195,0.6121301054954529,0.6224148273468018,0.6327022910118103,0.6444865465164185,0.6784253716468811,0.6984519362449646,0.7115164995193481
8880,-0.6397457122802734,69.16387176513672,51.40815353393555,68.97461191813152,0.639745831489563,0.6327534914016724,0.026512546464800835,0.6037185788154602,0.6105248928070068,0.6135210394859314,0.6228775978088379,0.6327534914016724,0.6462812423706055,0.6784253716468811,0.6984975934028625,0.713205099105835
8910,-0.6407171487808228,68.53368377685547,51.40156173706055,67.53207143147786,0.6407171487808228,0.6332259178161621,0.026574617251753807,0.6053423285484314,0.6107890605926514,0.6143359541893005,0.6239533424377441,0.6332259178161621,0.6492234468460083,0.68048095703125,0.6986048817634583,0.714343786239624
8940,-0.6428442001342773,67.9549560546875,51.409271240234375,66.16510518391927,0.6428443193435669,0.6356064081192017,0.026525530964136124,0.6093419194221497,0.6120682954788208,0.6143359541893005,0.6269242763519287,0.6356064081192017,0.6504901051521301,0.6811981797218323,0.7000402212142944,0.7176284790039062
8970,-0.6451600790023804,67.43482208251953,51.510520935058594,64.76144409179688,0.6451601386070251,0.6366134285926819,0.026393774896860123,0.6120197176933289,0.6133989691734314,0.6150799989700317,0.6292072534561157,0.6366134285926819,0.6543697118759155,0.6874911189079285,0.7026425004005432,0.7176336646080017
9000,-0.6467582583427429,66.84741973876953,51.50762176513672,63.29434585571289,0.6467582583427429,0.6406461596488953,0.02653161995112896,0.6120197176933289,0.6141476631164551,0.6164583563804626,0.629849374294281,0.6406461596488953,0.6585909724235535,0.6874911189079285,0.7077605724334717,0.7176336646080017
9030,-0.6488088965415955,66.26112365722656,51.564788818359375,61.749314626057945,0.6488088369369507,0.6412976980209351,0.027091840282082558,0.6140564680099487,0.6147211790084839,0.6189334392547607,0.6303780674934387,0.6412976980209351,0.6613205671310425,0.6955347061157227,0.7077605724334717,0.7176753282546997
9060,-0.6501454710960388,65.61876678466797,51.52831268310547,60.210801442464195,0.6501454710960388,0.6418522596359253,0.026561502367258072,0.6144037246704102,0.619287371635437,0.6216734051704407,0.6330929398536682,0.6418522596359253,0.6633455753326416,0.6955347061157227,0.7077605724334717,0.7177682518959045
9090,-0.6516559720039368,65.10913848876953,51.54546356201172,58.88000996907552,0.651655912399292,0.6450545787811279,0.026943957433104515,0.6188246607780457,0.6194292902946472,0.6216734051704407,0.6330929398536682,0.6450545787811279,0.6647852063179016,0.6958493590354919,0.7077853679656982,0.722083568572998
9120,-0.6531792283058167,64.55860900878906,51.53362274169922,57.407919565836586,0.6531792283058167,0.6464740037918091,0.02712690830230713,0.6188246607780457,0.6213271617889404,0.6241067051887512,0.6348726749420166,0.6464740037918091,0.6647852063179016,0.701898455619812,0.7091448307037354,0.7228236794471741
9150,-0.6550025939941406,63.99857711791992,51.5526123046875,55.88140106201172,0.6550025939941406,0.6485710144042969,0.026435036212205887,0.6193422079086304,0.624008297920227,0.6278154850006104,0.6363858580589294,0.6485710144042969,0.6654962301254272,0.701898455619812,0.709221363067627,0.7228236794471741
9180,-0.6565955281257629,63.42936325073242,51.55352020263672,54.313584645589195,0.6565954685211182,0.6505124568939209,0.026378778740763664,0.6193422079086304,0.6241231560707092,0.6295451521873474,0.6388801336288452,0.6505124568939209,0.6672078967094421,0.701898455619812,0.7155739665031433,0.7228236794471741
9210,-0.6579363942146301,62.80303192138672,51.4681396484375,52.71263631184896,0.6579363346099854,0.6533382534980774,0.026142744347453117,0.6212363839149475,0.6247223615646362,0.6296742558479309,0.6400604248046875,0.6533382534980774,0.6673769950866699,0.701898455619812,0.7158443331718445,0.7228518724441528
9240,-0.6591219902038574,62.41663360595703,51.613487243652344,51.2482655843099,0.659122109413147,0.6549434065818787,0.026267247274518013,0.6236211657524109,0.6267210841178894,0.6296742558479309,0.6405210494995117,0.6549434065818787,0.6692221164703369,0.7021930813789368,0.715873122215271,0.7228518724441528
9270,-0.6606740951538086,62.04227828979492,51.751129150390625,49.76510365804037,0.6606741547584534,0.6564139127731323,0.026162391528487206,0.6236211657524109,0.6267210841178894,0.6297176480293274,0.6412234306335449,0.6564139127731323,0.6701841950416565,0.7021930813789368,0.7159993648529053,0.7263458967208862
9300,-0.662116527557373,61.6096305847168,51.8514404296875,48.22312545776367,0.6621166467666626,0.6583635807037354,0.02589453011751175,0.6263113021850586,0.6292314529418945,0.6303536891937256,0.643385648727417,0.6583635807037354,0.6736419796943665,0.7021930813789368,0.7177199721336365,0.7263588309288025
9330,-0.663640022277832,61.130611419677734,51.9030876159668,46.658931732177734,0.6636400818824768,0.6594619154930115,0.025725198909640312,0.6263113021850586,0.6294118165969849,0.637941837310791,0.6443854570388794,0.6594619154930115,0.6757968664169312,0.7058544158935547,0.7177199721336365,0.7263588309288025
9360,-0.665230929851532,60.68939208984375,51.98571014404297,45.055581410725914,0.665230929851532,0.6616777777671814,0.025941217318177223,0.6263113021850586,0.6294898390769958,0.6391091346740723,0.6478212475776672,0.6616777777671814,0.6779371500015259,0.7080916166305542,0.7178260684013367,0.7264221906661987
9390,-0.6677348017692566,60.290367126464844,52.112823486328125,43.41688537597656,0.6677347421646118,0.6648825407028198,0.02543153613805771,0.6278570890426636,0.6297985315322876,0.6406156420707703,0.6495375037193298,0.6648825407028198,0.6810571551322937,0.7083863615989685,0.7189651727676392,0.72646564245224
9420,-0.669593334197998,59.7840690612793,52.07793426513672,41.896141052246094,0.669593334197998,0.665880560874939,0.024826260283589363,0.6294048428535461,0.6369209885597229,0.6422432661056519,0.6507281064987183,0.665880560874939,0.6834535002708435,0.7083863615989685,0.71916264295578,0.72646564245224
9450,-0.6708177328109741,59.46930694580078,52.179588317871094,40.407413482666016,0.6708176136016846,0.6662614345550537,0.0246034637093544,0.6294048428535461,0.6384446024894714,0.6422432661056519,0.654700517654419,0.6662614345550537,0.6844492554664612,0.7095699310302734,0.71916264295578,0.72646564245224
9480,-0.6723014712333679,59.127708435058594,52.2701530456543,38.8291982014974,0.6723015308380127,0.6675693988800049,0.024425508454442024,0.6327856183052063,0.6388769745826721,0.6429727673530579,0.657046377658844,0.6675693988800049,0.6844492554664612,0.7128435373306274,0.7219432592391968,0.7264789938926697
9510,-0.6733700633049011,58.69910430908203,52.3203239440918,37.32585652669271,0.6733701229095459,0.6690138578414917,0.024561811238527298,0.6327856183052063,0.6403065919876099,0.6448949575424194,0.65778648853302,0.6690138578414917,0.6873282194137573,0.7128435373306274,0.7235830426216125,0.7299518585205078
9540,-0.6746262311935425,58.331764221191406,52.4076042175293,35.667615254720054,0.6746262907981873,0.6704202890396118,0.02428469806909561,0.6330713033676147,0.6414880156517029,0.6483599543571472,0.65778648853302,0.6704202890396118,0.687483549118042,0.7130690813064575,0.7245367169380188,0.7299716472625732
9570,-0.676429271697998,57.89984893798828,52.3980827331543,34.08573659261068,0.676429271697998,0.6716352701187134,0.023846501484513283,0.6397312879562378,0.6423004269599915,0.6494665145874023,0.6600733399391174,0.6716352701187134,0.687483549118042,0.7136766910552979,0.7245367169380188,0.7303088307380676
9600,-0.6775599718093872,57.424583435058594,52.304222106933594,32.43362299601237,0.6775599718093872,0.6727362871170044,0.023930421099066734,0.6397312879562378,0.6439460515975952,0.650532066822052,0.6601530313491821,0.6727362871170044,0.6886922121047974,0.7136766910552979,0.7248984575271606,0.7318258285522461
9630,-0.678758978843689,57.125244140625,52.363853454589844,30.80648930867513,0.6787590980529785,0.6737552881240845,0.023520536720752716,0.6397852301597595,0.6463106870651245,0.6513783931732178,0.6643365621566772,0.6737552881240845,0.6914539933204651,0.7142923474311829,0.7248984575271606,0.7318258285522461
9660,-0.679753303527832,56.91897201538086,52.58527755737305,29.122641881306965,0.6797534227371216,0.6755820512771606,0.02308390848338604,0.6428809762001038,0.6472536325454712,0.6539825797080994,0.6648021936416626,0.6755820512771606,0.6926463842391968,0.7142923474311829,0.7248984575271606,0.7318258285522461
9690,-0.681376039981842,56.56794738769531,52.61065673828125,27.583053588867188,0.6813760995864868,0.6775058507919312,0.02254771627485752,0.6428809762001038,0.649410605430603,0.6570319533348083,0.6654160022735596,0.6775058507919312,0.6956150531768799,0.7144519090652466,0.7248984575271606,0.7318521738052368
9720,-0.6828181147575378,56.38572311401367,52.7691764831543,26.044078826904297,0.6828182339668274,0.6782853603363037,0.02212698385119438,0.6428809762001038,0.6516479849815369,0.6576820611953735,0.667544960975647,0.6782853603363037,0.6963809728622437,0.7151227593421936,0.7248984575271606,0.7327151298522949
9750,-0.6837557554244995,56.215084075927734,52.92460632324219,24.58071009318034,0.6837558150291443,0.6793528199195862,0.02150118350982666,0.6493985652923584,0.6530065536499023,0.660723090171814,0.6700350642204285,0.6793528199195862,0.6970049142837524,0.7158464789390564,0.7248984575271606,0.7327151298522949
9780,-0.6845565438270569,55.86167907714844,52.907310485839844,22.926384607950848,0.6845566630363464,0.6795378923416138,0.021646592766046524,0.6497469544410706,0.6530065536499023,0.6612986326217651,0.6704933643341064,0.6795378923416138,0.6982308030128479,0.7165192365646362,0.7248984575271606,0.7328248620033264
9810,-0.6857531070709229,55.575439453125,52.96392059326172,21.28609275817871,0.6857531666755676,0.682274580001831,0.021291054785251617,0.6521079540252686,0.6556431651115417,0.6612986326217651,0.6709933280944824,0.682274580001831,0.698711633682251,0.7165192365646362,0.7248984575271606,0.7328306436538696
9840,-0.6864569187164307,55.76850128173828,53.4527587890625,19.800145467122395,0.6864568591117859,0.682306170463562,0.021155565977096558,0.6521079540252686,0.657356858253479,0.662904679775238,0.6712037324905396,0.682306170463562,0.7014201283454895,0.7166967988014221,0.7248984575271606,0.7331882119178772
9870,-0.6870513558387756,55.8040771484375,53.79767608642578,18.2185796101888,0.6870514750480652,0.6827907562255859,0.020947707816958427,0.6548495292663574,0.657356858253479,0.6634379625320435,0.6714890599250793,0.6827907562255859,0.7014201283454895,0.716838002204895,0.7248984575271606,0.733214795589447
9900,-0.6874955892562866,55.9116325378418,54.12467575073242,16.700133005777996,0.6874956488609314,0.6827907562255859,0.02092711068689823,0.6549137830734253,0.6578919887542725,0.6634379625320435,0.6714890599250793,0.6827907562255859,0.7014201283454895,0.7180793285369873,0.7248984575271606,0.733214795589447
9930,-0.6882160305976868,55.95436096191406,54.40827560424805,15.276339530944824,0.6882160305976868,0.6848949193954468,0.02057468518614769,0.6563524603843689,0.6578919887542725,0.6644096970558167,0.6733947396278381,0.6848949193954468,0.7014201283454895,0.7180793285369873,0.7248984575271606,0.7333204746246338
9960,-0.6886184811592102,56.04857635498047,54.70677947998047,13.903864860534668,0.6886184215545654,0.6857976317405701,0.020535089075565338,0.6563524603843689,0.6601857542991638,0.6644096970558167,0.6739203333854675,0.6857976317405701,0.7014201283454895,0.7182043194770813,0.7248984575271606,0.7333414554595947
9990,-0.6887310743331909,56.27750778198242,55.15391540527344,12.539355278015137,0.6887310147285461,0.6857976317405701,0.020629355683922768,0.6563524603843689,0.6601857542991638,0.6644096970558167,0.6740795373916626,0.6857976317405701,0.7014201283454895,0.7182043194770813,0.726582407951355,0.735389232635498
