step,best_fitness,avg_hamming,avg_l1,avg_entropy,mean,median,std,2%,5%,10%,25%,50%,75%,90%,95%,98%
45,-508.239990234375,127.81278991699219,9.047628402709961,176.7516886393229,-508.239990234375,-502.5,104.64579010009766,-754.2999877929688,-700.3499755859375,-650.0999755859375,-567.25,-502.5,-433.0,-376.8999938964844,-357.8500061035156,-322.5198974609375
90,-570.8200073242188,127.65987396240234,10.36151123046875,176.43923950195312,-570.8200073242188,-558.0,93.74309539794922,-769.97998046875,-745.4000244140625,-700.7000122070312,-640.25,-558.0,-507.75,-458.3000183105469,-439.9000244140625,-417.61993408203125
135,-610.5999755859375,127.52998352050781,11.358660697937012,176.17259216308594,-610.5999755859375,-602.0,102.97300720214844,-818.3200073242188,-759.4000244140625,-745.5,-662.5,-602.0,-541.0,-502.8999938964844,-469.70001220703125,-445.699951171875
180,-636.8999633789062,127.41845703125,12.150527000427246,175.94166056315103,-636.9000244140625,-621.5,107.41280364990234,-924.4199829101562,-818.7999877929688,-753.0999755859375,-677.25,-621.5,-565.75,-530.7000122070312,-502.95001220703125,-491.699951171875
225,-660.7999877929688,127.30450439453125,12.8473539352417,175.71715799967447,-660.7999877929688,-649.0,101.54683685302734,-924.4199829101562,-829.25,-759.5,-700.0,-649.0,-595.75,-548.9000244140625,-533.8500366210938,-503.75994873046875
270,-670.9599609375,127.18673706054688,13.448371887207031,175.49803670247397,-670.9600219726562,-655.0,101.10765075683594,-924.4199829101562,-829.25,-793.2000122070312,-724.75,-655.0,-608.0,-566.5,-539.0,-503.75994873046875
315,-678.9199829101562,127.08537292480469,14.101348876953125,175.27883911132812,-678.9199829101562,-662.0,96.449951171875,-924.4199829101562,-829.25,-793.2000122070312,-727.75,-662.0,-619.0,-574.5999755859375,-560.800048828125,-549.9199829101562
360,-692.8599853515625,126.96109008789062,14.695738792419434,175.0419464111328,-692.8599853515625,-671.5,97.06832885742188,-924.4199829101562,-835.2999877929688,-818.5,-745.75,-671.5,-634.0,-592.6000366210938,-574.75,-560.8199462890625
405,-704.5199584960938,126.8441390991211,15.216055870056152,174.8222198486328,-704.52001953125,-679.0,103.73741149902344,-994.280029296875,-884.0499877929688,-829.0999755859375,-753.25,-679.0,-638.0,-595.9000244140625,-577.9000244140625,-566.699951171875
450,-713.8999633789062,126.74227142333984,15.677401542663574,174.6248524983724,-713.9000244140625,-699.0,103.21835327148438,-994.280029296875,-884.0499877929688,-829.2000122070312,-764.0,-699.0,-642.5,-604.5999755859375,-579.800048828125,-566.699951171875
495,-719.7799682617188,126.63462829589844,16.107154846191406,174.42748514811197,-719.780029296875,-703.5,104.37486267089844,-994.280029296875,-923.25,-834.2000122070312,-781.5,-703.5,-643.0,-608.0,-579.800048828125,-569.9400024414062
540,-729.2000122070312,126.52578735351562,16.539104461669922,174.22306315104166,-729.2000122070312,-717.0,103.99519348144531,-994.280029296875,-923.25,-834.2000122070312,-792.25,-717.0,-644.0,-610.7000122070312,-592.4000244140625,-569.9400024414062
585,-739.2000122070312,126.41961669921875,16.950359344482422,174.02556864420572,-739.2000122070312,-733.5,106.93175506591797,-1009.7200317382812,-929.0,-837.5999755859375,-795.5,-733.5,-655.75,-624.4000244140625,-604.5000610351562,-580.7799682617188
630,-746.1799926757812,126.31956481933594,17.391204833984375,173.82598368326822,-746.1799926757812,-736.5,104.39755249023438,-1009.7200317382812,-934.7000122070312,-852.7999877929688,-797.0,-736.5,-666.75,-630.0,-610.8500366210938,-594.7799682617188
675,-755.3200073242188,126.2123031616211,17.815324783325195,173.61812845865884,-755.3200073242188,-742.0,104.30081176757812,-1009.7200317382812,-935.6500244140625,-884.3999633789062,-803.25,-742.0,-675.5,-638.5999755859375,-627.550048828125,-604.7999267578125
720,-762.6199951171875,126.11637878417969,18.211986541748047,173.4259490966797,-762.6199951171875,-744.5,105.87887573242188,-1009.7200317382812,-935.6500244140625,-907.7000122070312,-820.75,-744.5,-695.25,-638.5999755859375,-627.550048828125,-604.7999267578125
765,-764.97998046875,126.00407409667969,18.606008529663086,173.21282450358072,-764.97998046875,-744.5,104.68238067626953,-1009.7200317382812,-935.6500244140625,-907.7000122070312,-820.75,-744.5,-697.75,-642.5999755859375,-629.8500366210938,-607.7399291992188
810,-772.3200073242188,125.8913803100586,18.98049545288086,173.00599161783853,-772.3200073242188,-752.0,101.95223999023438,-1009.7200317382812,-935.6500244140625,-907.7000122070312,-829.5,-752.0,-716.0,-654.7999877929688,-629.8500366210938,-607.7399291992188
855,-782.0999755859375,125.7743148803711,19.311094284057617,172.80068969726562,-782.0999755859375,-760.0,102.93390655517578,-1009.7200317382812,-949.3999633789062,-928.5999755859375,-834.5,-760.0,-721.25,-662.5999755859375,-631.9000244140625,-618.7799682617188
900,-788.260009765625,125.6575927734375,19.64522361755371,172.58997090657553,-788.260009765625,-769.0,101.29763793945312,-1009.7200317382812,-949.3999633789062,-930.4000244140625,-842.25,-769.0,-724.75,-672.1000366210938,-638.550048828125,-618.7799682617188
945,-795.8200073242188,125.53059387207031,19.952144622802734,172.37752787272134,-795.8200073242188,-781.0,96.49003601074219,-1009.7200317382812,-949.3999633789062,-930.4000244140625,-844.0,-781.0,-733.75,-696.5,-663.9500122070312,-638.5999145507812
990,-799.4199829101562,125.39928436279297,20.29071044921875,172.1470743815104,-799.4199829101562,-786.0,93.71458435058594,-1009.7200317382812,-949.3999633789062,-930.4000244140625,-844.0,-786.0,-736.5,-696.5,-674.4500732421875,-654.7599487304688
1035,-804.719970703125,125.25990295410156,20.624448776245117,171.9101765950521,-804.719970703125,-790.0,91.13485717773438,-1009.7200317382812,-949.3999633789062,-930.4000244140625,-848.5,-790.0,-743.0,-712.300048828125,-688.300048828125,-662.9199829101562
1080,-809.260009765625,125.13472747802734,20.91810417175293,171.69573465983072,-809.260009765625,-794.0,90.84630584716797,-1009.7200317382812,-949.3999633789062,-930.4000244140625,-856.5,-794.0,-746.5,-715.7999877929688,-688.300048828125,-662.9199829101562
1125,-811.3200073242188,124.99343872070312,21.239246368408203,171.46145629882812,-811.3200073242188,-795.5,90.12134552001953,-1009.7200317382812,-949.3999633789062,-930.4000244140625,-858.5,-795.5,-747.75,-719.5999755859375,-690.9000244140625,-663.97998046875
1170,-813.3599853515625,124.85028076171875,21.506635665893555,171.23392232259116,-813.3599853515625,-796.5,89.4294662475586,-1009.7200317382812,-949.3999633789062,-930.4000244140625,-862.0,-796.5,-750.25,-723.5999755859375,-691.8500366210938,-663.97998046875
1215,-816.2999877929688,124.69224548339844,21.830772399902344,170.97382100423178,-816.2999877929688,-800.5,88.02198028564453,-1009.7200317382812,-949.3999633789062,-930.4000244140625,-862.0,-800.5,-751.75,-723.5999755859375,-700.550048828125,-674.7799682617188
1260,-821.2999877929688,124.53752899169922,22.094701766967773,170.73102315266928,-821.2999877929688,-808.5,86.55951690673828,-1009.7200317382812,-949.3999633789062,-930.4000244140625,-870.0,-808.5,-757.75,-726.7999877929688,-703.8500366210938,-674.7799682617188
1305,-831.8999633789062,124.36688232421875,22.361995697021484,170.47100830078125,-831.9000244140625,-819.0,94.02993774414062,-1095.199951171875,-976.9000244140625,-934.0999755859375,-883.25,-819.0,-769.5,-734.2999877929688,-715.4000244140625,-688.4998779296875
1350,-835.4599609375,124.18624877929688,22.657665252685547,170.18772888183594,-835.4600219726562,-827.5,92.62477111816406,-1095.199951171875,-976.9000244140625,-934.0999755859375,-887.0,-827.5,-779.5,-739.5,-715.4000244140625,-688.4998779296875
1395,-839.719970703125,124.00726318359375,22.93245506286621,169.91327921549478,-839.719970703125,-828.5,92.64082336425781,-1095.199951171875,-976.9000244140625,-935.0,-890.75,-828.5,-785.0,-741.7999877929688,-724.550048828125,-688.4998779296875
1440,-846.2999877929688,123.82408142089844,23.197296142578125,169.6358896891276,-846.2999877929688,-834.5,93.58284759521484,-1095.199951171875,-976.9000244140625,-935.9000244140625,-900.25,-834.5,-787.75,-741.7999877929688,-724.550048828125,-688.4998779296875
1485,-849.5,123.642578125,23.463796615600586,169.35855611165366,-849.5,-835.0,92.05145263671875,-1095.199951171875,-976.9000244140625,-935.9000244140625,-904.0,-835.0,-790.0,-757.7999877929688,-724.550048828125,-688.4998779296875
1530,-856.3399658203125,123.46675872802734,23.758644104003906,169.0721181233724,-856.3400268554688,-844.0,92.57193756103516,-1095.199951171875,-994.7000122070312,-950.0,-911.25,-844.0,-792.25,-758.0,-734.5000610351562,-703.699951171875
1575,-859.8599853515625,123.2607650756836,24.026622772216797,168.75525919596353,-859.8599853515625,-847.0,90.03521728515625,-1095.199951171875,-994.7000122070312,-950.0,-911.25,-847.0,-793.0,-767.4000244140625,-739.75,-715.7599487304688
1620,-876.2799682617188,123.057373046875,24.312522888183594,168.43783569335938,-876.280029296875,-868.5,97.57520294189453,-1095.199951171875,-1039.4000244140625,-1008.0999755859375,-930.25,-868.5,-806.75,-771.7999877929688,-739.75,-715.7599487304688
1665,-883.97998046875,122.84605407714844,24.584257125854492,168.12041219075522,-883.97998046875,-881.0,96.2735595703125,-1095.199951171875,-1039.4000244140625,-1009.2999877929688,-935.0,-881.0,-814.0,-784.7000122070312,-760.9000854492188,-715.7599487304688
1710,-895.5799560546875,122.60980224609375,24.84975242614746,167.77064005533853,-895.5800170898438,-886.5,99.95870971679688,-1154.0400390625,-1082.0,-1025.300048828125,-941.25,-886.5,-823.5,-787.9000244140625,-769.6000366210938,-715.7599487304688
1755,-900.47998046875,122.38219451904297,25.09981346130371,167.43527221679688,-900.47998046875,-886.5,103.25624084472656,-1156.0799560546875,-1095.300048828125,-1039.800048828125,-942.25,-886.5,-824.0,-788.0,-781.4000244140625,-739.5198974609375
1800,-910.5599975585938,122.14348602294922,25.36164093017578,167.0771738688151,-910.5599975585938,-898.0,106.02738952636719,-1156.0799560546875,-1118.0999755859375,-1059.5,-972.5,-898.0,-828.75,-790.0,-781.4000244140625,-739.5198974609375
1845,-919.1199951171875,121.91212463378906,25.57943344116211,166.73735555013022,-919.1199951171875,-906.5,106.34315490722656,-1156.0799560546875,-1118.0999755859375,-1082.199951171875,-982.0,-906.5,-846.0,-797.5,-784.8500366210938,-739.5198974609375
1890,-932.47998046875,121.65339660644531,25.86586570739746,166.34730529785156,-932.47998046875,-930.5,107.43672943115234,-1160.260009765625,-1121.699951171875,-1092.199951171875,-998.25,-930.5,-856.0,-801.7999877929688,-787.9500122070312,-739.5198974609375
1935,-944.2599487304688,121.37828063964844,26.129104614257812,165.94400024414062,-944.260009765625,-934.0,106.69287872314453,-1173.43994140625,-1154.0999755859375,-1106.4000244140625,-1007.25,-934.0,-871.0,-813.4000244140625,-792.75,-739.9199829101562
1980,-951.6399536132812,121.11076354980469,26.351058959960938,165.56243896484375,-951.6400146484375,-939.0,108.09288024902344,-1173.43994140625,-1154.0999755859375,-1110.4000244140625,-1014.5,-939.0,-874.0,-815.2000122070312,-792.75,-757.639892578125
2025,-964.1799926757812,120.85263061523438,26.562816619873047,165.19726053873697,-964.1799926757812,-948.5,116.88270568847656,-1196.1199951171875,-1156.199951171875,-1118.199951171875,-1027.25,-948.5,-882.25,-816.9000244140625,-799.9500122070312,-787.5599365234375
2070,-972.7599487304688,120.56219482421875,26.83660888671875,164.77247619628906,-972.760009765625,-957.0,117.29954528808594,-1196.1199951171875,-1160.6500244140625,-1130.5,-1040.25,-957.0,-887.0,-828.1000366210938,-801.9000244140625,-792.8999633789062
2115,-984.2999877929688,120.24462127685547,27.069320678710938,164.32738240559897,-984.2999877929688,-964.0,118.55965423583984,-1231.4000244140625,-1173.199951171875,-1146.800048828125,-1057.5,-964.0,-905.0,-845.5999755859375,-815.3500366210938,-792.8999633789062
2160,-992.4199829101562,119.90625,27.34149169921875,163.84312438964844,-992.4199829101562,-971.5,116.78999328613281,-1231.4000244140625,-1173.5999755859375,-1150.4000244140625,-1067.5,-971.5,-911.75,-869.5999755859375,-834.0501098632812,-792.8999633789062
2205,-1003.5599975585938,119.59239196777344,27.55459213256836,163.3991495768229,-1003.5599975585938,-978.5,123.09008026123047,-1261.06005859375,-1204.4000244140625,-1164.9000244140625,-1092.5,-978.5,-915.75,-869.5999755859375,-839.9500122070312,-815.659912109375
2250,-1015.4400024414062,119.25680541992188,27.775997161865234,162.92309061686197,-1015.4400024414062,-991.5,129.028076171875,-1326.719970703125,-1246.25,-1188.699951171875,-1095.0,-991.5,-925.25,-869.5999755859375,-839.9500122070312,-815.659912109375
2295,-1033.6600341796875,118.93705749511719,28.0039119720459,162.46027119954428,-1033.6600341796875,-1010.5,135.58230590820312,-1362.1600341796875,-1262.3499755859375,-1237.699951171875,-1102.25,-1010.5,-938.5,-873.7000122070312,-839.9500122070312,-815.9599609375
2340,-1041.5999755859375,118.59896087646484,28.22506332397461,161.97395833333334,-1041.5999755859375,-1022.0,135.41580200195312,-1362.1600341796875,-1284.199951171875,-1244.199951171875,-1106.25,-1022.0,-947.0,-881.2000122070312,-845.7000122070312,-815.9599609375
2385,-1056.8199462890625,118.2519760131836,28.472637176513672,161.46838887532553,-1056.8199462890625,-1033.5,144.52989196777344,-1371.47998046875,-1349.5999755859375,-1247.300048828125,-1140.25,-1033.5,-958.75,-890.5999755859375,-859.9500122070312,-818.9400024414062
2430,-1069.1600341796875,117.8951644897461,28.68355369567871,160.95702616373697,-1069.1600341796875,-1043.5,147.69744873046875,-1392.06005859375,-1361.050048828125,-1283.4000244140625,-1146.5,-1043.5,-960.0,-894.5999755859375,-864.8500366210938,-818.9400024414062
2475,-1081.8199462890625,117.5444564819336,28.916250228881836,160.44266764322916,-1081.8199462890625,-1073.5,153.62477111816406,-1393.4400634765625,-1361.050048828125,-1319.699951171875,-1154.0,-1073.5,-962.25,-911.9000244140625,-865.800048828125,-818.9400024414062
2520,-1092.260009765625,117.1946029663086,29.138153076171875,159.93803914388022,-1092.260009765625,-1092.0,153.01455688476562,-1393.4400634765625,-1361.050048828125,-1319.699951171875,-1167.5,-1092.0,-987.5,-922.800048828125,-865.800048828125,-818.9400024414062
2565,-1101.239990234375,116.81185150146484,29.335294723510742,159.39664713541666,-1101.239990234375,-1094.0,155.53977966308594,-1393.4400634765625,-1362.4000244140625,-1349.5,-1194.5,-1094.0,-987.5,-922.800048828125,-893.85009765625,-831.7399291992188
2610,-1114.5799560546875,116.42488861083984,29.53286361694336,158.8503875732422,-1114.5799560546875,-1099.5,155.94789123535156,-1448.3199462890625,-1378.6500244140625,-1349.5,-1207.25,-1099.5,-992.25,-927.7000122070312,-894.800048828125,-861.39990234375
2655,-1123.199951171875,116.02481079101562,29.718542098999023,158.29561360677084,-1123.199951171875,-1103.5,153.55950927734375,-1448.3199462890625,-1392.1500244140625,-1354.4000244140625,-1217.5,-1103.5,-1020.0,-933.1000366210938,-894.800048828125,-871.7999267578125
2700,-1141.0399169921875,115.59573364257812,29.903656005859375,157.69861348470053,-1141.0400390625,-1108.5,160.22946166992188,-1513.5400390625,-1425.8499755859375,-1364.5999755859375,-1232.25,-1108.5,-1032.5,-949.5,-910.2000732421875,-883.5599365234375
2745,-1149.5999755859375,115.18717956542969,30.134994506835938,157.10755920410156,-1149.5999755859375,-1110.5,162.20050048828125,-1538.0400390625,-1449.4000244140625,-1370.5,-1236.25,-1110.5,-1032.5,-970.5,-929.0501098632812,-890.8999633789062
2790,-1171.0399169921875,114.78215789794922,30.335460662841797,156.5227813720703,-1171.0400390625,-1149.5,162.2386932373047,-1571.6600341796875,-1451.0999755859375,-1370.5,-1267.75,-1149.5,-1057.25,-980.0,-944.2500610351562,-894.8199462890625
2835,-1186.679931640625,114.38408660888672,30.55049705505371,155.94420369466147,-1186.6800537109375,-1170.5,157.64053344726562,-1571.6600341796875,-1451.0999755859375,-1376.9000244140625,-1278.25,-1170.5,-1066.0,-1005.0,-965.2500610351562,-929.2998657226562
2880,-1200.52001953125,113.97856903076172,30.738075256347656,155.35179138183594,-1200.52001953125,-1181.5,158.46517944335938,-1571.6600341796875,-1529.550048828125,-1405.5,-1282.25,-1181.5,-1096.75,-1021.5999755859375,-965.2500610351562,-929.2998657226562
2925,-1218.760009765625,113.59857177734375,30.967914581298828,154.77871704101562,-1218.760009765625,-1211.0,159.75714111328125,-1573.6199951171875,-1545.050048828125,-1440.699951171875,-1308.5,-1211.0,-1100.0,-1026.699951171875,-1017.800048828125,-964.5797119140625
2970,-1231.5799560546875,113.17532348632812,31.1752986907959,154.15569559733072,-1231.5799560546875,-1217.5,164.4274444580078,-1604.8599853515625,-1547.25,-1465.7999267578125,-1328.0,-1217.5,-1106.75,-1027.9000244140625,-1017.800048828125,-964.5797119140625
3015,-1251.43994140625,112.75712585449219,31.37198257446289,153.5392049153646,-1251.43994140625,-1234.5,158.91383361816406,-1604.9599609375,-1547.25,-1501.199951171875,-1335.5,-1234.5,-1143.75,-1067.0999755859375,-1023.75,-995.39990234375
3060,-1265.5399169921875,112.32293701171875,31.55084228515625,152.90312703450522,-1265.5400390625,-1244.0,165.02964782714844,-1619.739990234375,-1547.25,-1512.300048828125,-1370.25,-1244.0,-1144.75,-1067.0999755859375,-1041.0001220703125,-1016.9597778320312
3105,-1275.0999755859375,111.9104232788086,31.756633758544922,152.2841339111328,-1275.0999755859375,-1250.5,165.09266662597656,-1619.739990234375,-1572.0999755859375,-1515.9000244140625,-1372.0,-1250.5,-1150.25,-1077.0,-1041.0001220703125,-1017.4798583984375
3150,-1289.6400146484375,111.5127182006836,31.92007064819336,151.69329325358072,-1289.6400146484375,-1256.0,164.88453674316406,-1619.739990234375,-1572.0999755859375,-1524.300048828125,-1392.5,-1256.0,-1167.75,-1092.4000244140625,-1058.4500732421875,-1017.4798583984375
3195,-1304.8800048828125,111.1099853515625,32.096397399902344,151.09152221679688,-1304.8800048828125,-1284.0,170.3422088623047,-1670.5400390625,-1593.449951171875,-1528.300048828125,-1422.5,-1284.0,-1180.0,-1100.5999755859375,-1067.550048828125,-1040.999755859375
3240,-1325.0799560546875,110.68770599365234,32.273921966552734,150.46893819173178,-1325.0799560546875,-1315.0,169.97938537597656,-1698.1600341796875,-1593.449951171875,-1540.5999755859375,-1458.75,-1315.0,-1213.75,-1106.4000244140625,-1070.8499755859375,-1046.8797607421875
3285,-1331.739990234375,110.27372741699219,32.45699691772461,149.84339396158853,-1331.739990234375,-1318.5,168.1320037841797,-1698.1600341796875,-1593.449951171875,-1541.5,-1459.0,-1318.5,-1219.25,-1109.699951171875,-1077.7000732421875,-1048.8397216796875
3330,-1346.6400146484375,109.87321472167969,32.633941650390625,149.23266092936197,-1346.6400146484375,-1338.0,172.08984375,-1698.1600341796875,-1593.449951171875,-1557.0999755859375,-1492.75,-1338.0,-1220.75,-1113.5999755859375,-1077.7000732421875,-1049.1998291015625
3375,-1357.52001953125,109.44365692138672,32.77832794189453,148.6007537841797,-1357.52001953125,-1356.0,176.3931121826172,-1698.1600341796875,-1604.5999755859375,-1572.5,-1510.0,-1356.0,-1222.5,-1113.5999755859375,-1077.7000732421875,-1049.1998291015625
3420,-1373.4599609375,108.98409271240234,32.962677001953125,147.91246541341147,-1373.4599609375,-1369.5,175.80429077148438,-1755.1400146484375,-1604.5999755859375,-1572.5,-1520.25,-1369.5,-1242.5,-1132.5,-1085.7000732421875,-1071.739990234375
3465,-1387.6199951171875,108.56856536865234,33.133880615234375,147.28552754720053,-1387.6199951171875,-1400.0,178.42527770996094,-1762.43994140625,-1625.4000244140625,-1596.5999755859375,-1531.0,-1400.0,-1242.5,-1149.699951171875,-1106.7000732421875,-1071.739990234375
3510,-1398.919921875,108.16386413574219,33.295040130615234,146.66488647460938,-1398.9200439453125,-1406.0,171.40850830078125,-1762.43994140625,-1625.4000244140625,-1604.800048828125,-1534.5,-1406.0,-1248.75,-1177.0,-1132.949951171875,-1107.0
3555,-1413.2999267578125,107.74343872070312,33.4370231628418,146.0327351888021,-1413.300048828125,-1417.0,171.73965454101562,-1762.43994140625,-1706.8499755859375,-1617.300048828125,-1539.5,-1417.0,-1272.75,-1189.5,-1149.8499755859375,-1112.8800048828125
3600,-1423.8399658203125,107.3089599609375,33.59249496459961,145.37855021158853,-1423.8399658203125,-1422.5,174.02198791503906,-1762.43994140625,-1706.8499755859375,-1620.300048828125,-1554.0,-1422.5,-1282.0,-1189.800048828125,-1159.35009765625,-1112.8800048828125
3645,-1439.0399169921875,106.86861419677734,33.74470138549805,144.7093963623047,-1439.0400390625,-1453.5,176.2998504638672,-1784.199951171875,-1717.300048828125,-1672.0999755859375,-1559.75,-1453.5,-1294.0,-1229.9000244140625,-1176.4501953125,-1112.8800048828125
3690,-1451.1199951171875,106.45758056640625,33.95079803466797,144.06092325846353,-1451.1199951171875,-1457.5,175.68150329589844,-1784.199951171875,-1728.699951171875,-1691.5,-1573.75,-1457.5,-1311.5,-1236.0,-1182.150146484375,-1112.8800048828125
3735,-1459.719970703125,106.05455017089844,34.157249450683594,143.40243530273438,-1459.719970703125,-1458.0,172.53231811523438,-1784.199951171875,-1728.699951171875,-1696.199951171875,-1580.5,-1458.0,-1317.75,-1253.4000244140625,-1215.800048828125,-1132.599853515625
3780,-1471.3599853515625,105.6305160522461,34.32908630371094,142.73273213704428,-1471.3599853515625,-1476.0,170.7982177734375,-1784.199951171875,-1728.699951171875,-1696.199951171875,-1595.0,-1476.0,-1330.0,-1267.699951171875,-1233.1500244140625,-1134.5599365234375
3825,-1481.8800048828125,105.19297790527344,34.512046813964844,142.05259704589844,-1481.8800048828125,-1488.0,167.03648376464844,-1784.199951171875,-1742.550048828125,-1700.5,-1610.75,-1488.0,-1333.25,-1280.9000244140625,-1245.5,-1158.5198974609375
3870,-1496.0599365234375,104.75341796875,34.669410705566406,141.37660217285156,-1496.06005859375,-1500.0,170.80760192871094,-1786.199951171875,-1765.199951171875,-1716.300048828125,-1619.25,-1500.0,-1354.0,-1291.0,-1264.050048828125,-1158.5198974609375
3915,-1507.219970703125,104.33208465576172,34.84308624267578,140.70415242513022,-1507.219970703125,-1507.5,175.7458038330078,-1865.239990234375,-1784.0999755859375,-1721.2999267578125,-1640.75,-1507.5,-1360.25,-1294.699951171875,-1265.949951171875,-1158.639892578125
3960,-1523.5999755859375,103.9436264038086,34.966163635253906,140.09285481770834,-1523.5999755859375,-1510.5,174.806640625,-1865.239990234375,-1797.199951171875,-1766.300048828125,-1658.0,-1510.5,-1388.25,-1309.199951171875,-1280.2000732421875,-1209.959716796875
4005,-1535.739990234375,103.51338195800781,35.122894287109375,139.41753641764322,-1535.739990234375,-1526.0,180.8380889892578,-1865.239990234375,-1836.0999755859375,-1784.199951171875,-1682.5,-1526.0,-1392.75,-1309.199951171875,-1280.2000732421875,-1209.959716796875
4050,-1547.3800048828125,103.08038330078125,35.25944519042969,138.74869283040366,-1547.3800048828125,-1544.0,180.3292999267578,-1865.239990234375,-1836.0999755859375,-1785.5,-1707.5,-1544.0,-1411.25,-1311.800048828125,-1281.4500732421875,-1244.2596435546875
4095,-1556.3599853515625,102.65196228027344,35.39802551269531,138.08452351888022,-1556.3599853515625,-1554.0,177.89366149902344,-1877.1800537109375,-1839.0999755859375,-1785.5,-1713.0,-1554.0,-1419.5,-1311.800048828125,-1281.4500732421875,-1245.8199462890625
4140,-1564.219970703125,102.23258972167969,35.54499053955078,137.4177042643229,-1564.219970703125,-1556.0,180.8889923095703,-1895.219970703125,-1839.0999755859375,-1796.300048828125,-1716.0,-1556.0,-1428.75,-1316.5,-1281.4500732421875,-1245.8199462890625
4185,-1573.239990234375,101.82470703125,35.721168518066406,136.7449951171875,-1573.239990234375,-1568.0,180.49171447753906,-1895.219970703125,-1839.0999755859375,-1800.199951171875,-1721.25,-1568.0,-1433.25,-1319.699951171875,-1281.550048828125,-1245.8199462890625
4230,-1583.43994140625,101.39030456542969,35.905052185058594,136.05052185058594,-1583.43994140625,-1591.0,180.08688354492188,-1895.8199462890625,-1839.0999755859375,-1816.199951171875,-1723.5,-1591.0,-1438.5,-1333.4000244140625,-1281.550048828125,-1245.8199462890625
4275,-1601.0399169921875,101.0025863647461,36.062007904052734,135.41134134928384,-1601.0400390625,-1624.0,177.1068572998047,-1896.4200439453125,-1860.1500244140625,-1818.199951171875,-1732.75,-1624.0,-1468.25,-1359.2000732421875,-1301.6500244140625,-1258.739990234375
4320,-1611.3800048828125,100.58330535888672,36.239585876464844,134.7314656575521,-1611.3800048828125,-1634.5,174.74134826660156,-1897.820068359375,-1860.1500244140625,-1820.0,-1736.25,-1634.5,-1472.75,-1404.10009765625,-1313.4000244140625,-1290.099853515625
4365,-1620.5399169921875,100.20428466796875,36.38737487792969,134.08955891927084,-1620.5400390625,-1639.5,176.96775817871094,-1897.820068359375,-1863.949951171875,-1828.0999755859375,-1753.25,-1639.5,-1482.75,-1410.5999755859375,-1313.4000244140625,-1290.099853515625
4410,-1630.5399169921875,99.79945373535156,36.55916976928711,133.41900634765625,-1630.5400390625,-1649.5,176.5785675048828,-1902.719970703125,-1883.5999755859375,-1850.4000244140625,-1765.25,-1649.5,-1488.75,-1410.5999755859375,-1316.8499755859375,-1294.919921875
4455,-1638.5,99.35038757324219,36.70915222167969,132.69696044921875,-1638.5,-1650.5,177.7271728515625,-1964.4599609375,-1900.1500244140625,-1861.5999755859375,-1767.5,-1650.5,-1488.75,-1411.5,-1340.35009765625,-1298.919921875
4500,-1647.3599853515625,98.92814636230469,36.812557220458984,132.02914428710938,-1647.3599853515625,-1653.5,182.96018981933594,-2013.4599609375,-1904.949951171875,-1876.699951171875,-1781.25,-1653.5,-1488.75,-1411.5,-1347.6500244140625,-1298.919921875
4545,-1659.739990234375,98.5016098022461,36.94781494140625,131.33585611979166,-1659.739990234375,-1668.0,179.4354705810547,-2013.4599609375,-1942.0,-1897.300048828125,-1782.25,-1668.0,-1516.75,-1415.0999755859375,-1365.10009765625,-1328.5198974609375
4590,-1668.7999267578125,98.07499694824219,37.09746170043945,130.62712605794272,-1668.800048828125,-1684.5,179.9442138671875,-2013.4599609375,-1942.0,-1900.300048828125,-1805.25,-1684.5,-1524.0,-1416.9000244140625,-1365.10009765625,-1328.5198974609375
4635,-1679.93994140625,97.63421630859375,37.219268798828125,129.92682902018228,-1679.93994140625,-1698.5,182.54379272460938,-2013.4599609375,-1950.6500244140625,-1903.0999755859375,-1813.5,-1698.5,-1541.5,-1430.5,-1376.5001220703125,-1340.760009765625
4680,-1685.1400146484375,97.19390869140625,37.33202362060547,129.2288564046224,-1685.1400146484375,-1698.5,183.01864624023438,-2021.300048828125,-1951.800048828125,-1903.0999755859375,-1818.5,-1698.5,-1546.5,-1430.5,-1376.9500732421875,-1344.719970703125
4725,-1694.5599365234375,96.78868103027344,37.49443054199219,128.5403849283854,-1694.56005859375,-1703.0,181.89944458007812,-2062.239990234375,-2015.300048828125,-1903.0999755859375,-1822.25,-1703.0,-1556.25,-1443.199951171875,-1395.949951171875,-1344.739990234375
4770,-1701.4599609375,96.42401123046875,37.606903076171875,127.91565195719402,-1701.4599609375,-1717.0,180.6957244873047,-2062.239990234375,-2015.300048828125,-1905.5999755859375,-1829.25,-1717.0,-1556.25,-1456.5999755859375,-1402.6500244140625,-1359.760009765625
4815,-1706.6400146484375,95.99178314208984,37.73762130737305,127.21069081624348,-1706.6400146484375,-1718.5,184.48487854003906,-2062.239990234375,-2017.199951171875,-1924.800048828125,-1832.0,-1718.5,-1556.25,-1470.10009765625,-1402.6500244140625,-1359.760009765625
4860,-1717.5799560546875,95.5741195678711,37.85697555541992,126.52104949951172,-1717.5799560546875,-1735.0,183.5836181640625,-2062.239990234375,-2021.75,-1932.199951171875,-1839.5,-1735.0,-1579.5,-1473.0,-1428.4000244140625,-1359.760009765625
4905,-1728.43994140625,95.12999725341797,37.9570426940918,125.8144048055013,-1728.43994140625,-1736.5,184.02403259277344,-2074.080078125,-2037.5999755859375,-1990.699951171875,-1846.5,-1736.5,-1595.75,-1473.0,-1435.6500244140625,-1416.1397705078125
4950,-1738.760009765625,94.70516204833984,38.083683013916016,125.10107167561848,-1738.760009765625,-1746.0,183.6915283203125,-2078.639892578125,-2041.4000244140625,-1990.699951171875,-1853.25,-1746.0,-1597.75,-1482.0999755859375,-1467.050048828125,-1416.1397705078125
4995,-1743.8399658203125,94.19580078125,38.16413497924805,124.32537078857422,-1743.8399658203125,-1752.5,186.26329040527344,-2078.639892578125,-2050.25,-1990.699951171875,-1872.0,-1752.5,-1597.75,-1483.0,-1467.050048828125,-1416.1397705078125
5040,-1753.97998046875,93.74261474609375,38.260780334472656,123.59718068440755,-1753.97998046875,-1767.5,185.7370147705078,-2083.5400390625,-2050.25,-1993.4000244140625,-1884.25,-1767.5,-1597.75,-1488.5,-1467.050048828125,-1416.1397705078125
5085,-1764.199951171875,93.29942321777344,38.374786376953125,122.87351735432942,-1764.199951171875,-1785.0,184.52674865722656,-2087.4599609375,-2050.25,-1997.0999755859375,-1909.0,-1785.0,-1631.25,-1507.9000244140625,-1467.050048828125,-1416.659912109375
5130,-1774.0599365234375,92.86019134521484,38.46021270751953,122.14385223388672,-1774.06005859375,-1790.0,185.04248046875,-2087.4599609375,-2074.199951171875,-2002.2999267578125,-1912.75,-1790.0,-1631.25,-1520.800048828125,-1472.9000244140625,-1416.659912109375
5175,-1780.7799072265625,92.3877182006836,38.518943786621094,121.41173553466797,-1780.780029296875,-1794.0,182.31082153320312,-2105.10009765625,-2078.050048828125,-2002.2999267578125,-1912.75,-1794.0,-1638.5,-1547.0,-1472.9000244140625,-1416.659912109375
5220,-1790.3599853515625,91.95806121826172,38.644554138183594,120.68800099690755,-1790.3599853515625,-1794.0,180.8780517578125,-2110.860107421875,-2079.14990234375,-2042.5999755859375,-1924.25,-1794.0,-1659.5,-1552.699951171875,-1508.150146484375,-1466.979736328125
5265,-1796.0799560546875,91.50542449951172,38.726402282714844,119.95119984944661,-1796.0799560546875,-1799.0,181.05288696289062,-2140.260009765625,-2082.89990234375,-2042.5999755859375,-1926.25,-1799.0,-1669.0,-1552.699951171875,-1508.85009765625,-1467.1597900390625
5310,-1809.9599609375,91.05135345458984,38.82188034057617,119.20203908284505,-1809.9599609375,-1812.0,179.66490173339844,-2141.860107421875,-2087.64990234375,-2057.5,-1932.5,-1812.0,-1693.0,-1553.9000244140625,-1521.4000244140625,-1481.7799072265625
5355,-1818.6199951171875,90.60426330566406,38.93611145019531,118.45436096191406,-1818.6199951171875,-1817.5,182.29090881347656,-2157.5400390625,-2110.39990234375,-2083.10009765625,-1941.25,-1817.5,-1712.0,-1556.699951171875,-1547.4000244140625,-1481.97998046875
5400,-1827.679931640625,90.1379623413086,38.98760986328125,117.71620686848958,-1827.6800537109375,-1821.0,182.09881591796875,-2157.739990234375,-2118.550048828125,-2083.699951171875,-1947.5,-1821.0,-1712.0,-1571.199951171875,-1547.4000244140625,-1481.97998046875
5445,-1834.9599609375,89.67485809326172,39.058631896972656,116.9663594563802,-1834.9599609375,-1821.0,180.3892364501953,-2157.739990234375,-2118.550048828125,-2083.699951171875,-1957.25,-1821.0,-1718.75,-1571.199951171875,-1547.4000244140625,-1481.97998046875
5490,-1844.7799072265625,89.21661376953125,39.14875030517578,116.21665445963542,-1844.780029296875,-1847.0,178.5990753173828,-2158.02001953125,-2129.39990234375,-2083.800048828125,-1988.5,-1847.0,-1719.0,-1604.800048828125,-1549.550048828125,-1486.9000244140625
5535,-1856.0399169921875,88.78044128417969,39.264957427978516,115.46907297770183,-1856.0400390625,-1868.5,175.397705078125,-2165.860107421875,-2129.39990234375,-2100.89990234375,-1988.5,-1868.5,-1731.75,-1651.4000244140625,-1571.7000732421875,-1540.9000244140625
5580,-1869.0799560546875,88.33172607421875,39.308204650878906,114.75676727294922,-1869.0799560546875,-1874.0,178.82974243164062,-2232.5,-2150.050048828125,-2122.60009765625,-2003.75,-1874.0,-1740.5,-1654.9000244140625,-1571.7000732421875,-1540.9000244140625
5625,-1878.7799072265625,87.87518310546875,39.34937286376953,114.03416188557942,-1878.780029296875,-1882.5,184.260986328125,-2249.159912109375,-2178.800048828125,-2142.300048828125,-2003.75,-1882.5,-1740.5,-1654.9000244140625,-1571.7000732421875,-1540.9000244140625
5670,-1885.5799560546875,87.40483093261719,39.46025466918945,113.24514261881511,-1885.5799560546875,-1884.5,183.64492797851562,-2249.159912109375,-2185.449951171875,-2142.300048828125,-2003.75,-1884.5,-1740.5,-1654.9000244140625,-1589.9000244140625,-1540.9000244140625
5715,-1891.6400146484375,86.9786376953125,39.51673126220703,112.54709879557292,-1891.6400146484375,-1888.5,182.0694122314453,-2249.159912109375,-2227.25,-2142.800048828125,-2013.5,-1888.5,-1760.5,-1656.800048828125,-1597.60009765625,-1540.9000244140625
5760,-1902.0799560546875,86.54161071777344,39.640106201171875,111.7991434733073,-1902.0799560546875,-1888.5,181.34706115722656,-2264.739990234375,-2227.949951171875,-2150.800048828125,-2028.5,-1888.5,-1771.75,-1668.199951171875,-1627.2501220703125,-1588.9197998046875
5805,-1908.179931640625,86.0824203491211,39.71735763549805,111.04477437337239,-1908.1800537109375,-1901.5,182.74925231933594,-2264.739990234375,-2227.949951171875,-2162.300048828125,-2031.5,-1901.5,-1771.75,-1668.199951171875,-1627.2501220703125,-1597.8399658203125
5850,-1914.3399658203125,85.63656616210938,39.788063049316406,110.28210194905598,-1914.3399658203125,-1908.0,184.51394653320312,-2265.340087890625,-2228.89990234375,-2166.300048828125,-2031.5,-1908.0,-1783.25,-1668.199951171875,-1627.2501220703125,-1603.719970703125
5895,-1922.3800048828125,85.15912628173828,39.837398529052734,109.52772013346355,-1922.3800048828125,-1916.0,187.67176818847656,-2290.820068359375,-2249.75,-2192.60009765625,-2053.5,-1916.0,-1783.25,-1671.699951171875,-1628.0,-1603.719970703125
5940,-1929.5198974609375,84.68379974365234,39.863677978515625,108.78825378417969,-1929.52001953125,-1919.5,188.3780517578125,-2290.93994140625,-2249.75,-2216.199951171875,-2064.5,-1919.5,-1786.75,-1704.10009765625,-1633.7000732421875,-1603.719970703125
5985,-1936.97998046875,84.22683715820312,39.90083694458008,108.04591369628906,-1936.97998046875,-1922.5,190.6541290283203,-2290.93994140625,-2249.75,-2217.10009765625,-2066.75,-1922.5,-1797.5,-1704.10009765625,-1637.800048828125,-1603.719970703125
6030,-1944.6400146484375,83.81253051757812,40.03196716308594,107.2871602376302,-1944.6400146484375,-1936.5,188.28189086914062,-2292.89990234375,-2249.75,-2217.10009765625,-2069.25,-1936.5,-1801.0,-1706.9000244140625,-1649.60009765625,-1612.5399169921875
6075,-1950.4599609375,83.3036117553711,40.009910583496094,106.51430257161458,-1950.4599609375,-1936.5,189.2106475830078,-2292.89990234375,-2250.949951171875,-2217.10009765625,-2075.0,-1936.5,-1812.5,-1706.9000244140625,-1653.9000244140625,-1612.93994140625
6120,-1957.5599365234375,82.81624603271484,40.07654571533203,105.71839141845703,-1957.56005859375,-1938.5,192.35874938964844,-2326.219970703125,-2275.64990234375,-2217.199951171875,-2093.0,-1938.5,-1812.5,-1708.0,-1663.6500244140625,-1612.93994140625
6165,-1961.8800048828125,82.31986999511719,40.10624694824219,104.90624491373698,-1961.8800048828125,-1952.0,193.97573852539062,-2326.219970703125,-2282.300048828125,-2255.0,-2102.75,-1952.0,-1815.5,-1709.800048828125,-1663.6500244140625,-1612.93994140625
6210,-1970.0799560546875,81.87933349609375,40.149566650390625,104.14821879069011,-1970.0799560546875,-1962.0,193.97596740722656,-2337.0,-2289.800048828125,-2256.0,-2102.75,-1962.0,-1823.75,-1709.800048828125,-1663.8499755859375,-1653.119873046875
6255,-1976.699951171875,81.44525146484375,40.232032775878906,103.3690694173177,-1976.699951171875,-1968.5,190.09532165527344,-2344.06005859375,-2289.800048828125,-2259.60009765625,-2102.75,-1968.5,-1823.75,-1729.800048828125,-1663.8499755859375,-1653.7799072265625
6300,-1984.97998046875,80.9751968383789,40.28172302246094,102.58143870035808,-1984.97998046875,-1981.0,189.98379516601562,-2358.739990234375,-2290.449951171875,-2265.5,-2102.75,-1981.0,-1831.5,-1741.0,-1696.150146484375,-1653.7799072265625
6345,-1993.719970703125,80.51876068115234,40.34617614746094,101.8093490600586,-1993.719970703125,-1990.0,190.16445922851562,-2358.739990234375,-2312.300048828125,-2265.5,-2112.5,-1990.0,-1831.5,-1764.2000732421875,-1705.3001708984375,-1656.93994140625
6390,-2002.0399169921875,80.04605102539062,40.36560821533203,101.03277842203777,-2002.0400390625,-1996.5,190.8147735595703,-2395.800048828125,-2312.300048828125,-2274.10009765625,-2124.5,-1996.5,-1850.5,-1768.7000732421875,-1705.3001708984375,-1660.919921875
6435,-2009.0799560546875,79.6163558959961,40.416236877441406,100.28218078613281,-2009.0799560546875,-2007.5,193.2344512939453,-2435.419921875,-2312.300048828125,-2275.10009765625,-2133.25,-2007.5,-1855.75,-1769.60009765625,-1708.400146484375,-1660.919921875
6480,-2016.0799560546875,79.18154907226562,40.47150802612305,99.53494517008464,-2016.0799560546875,-2017.5,194.47569274902344,-2435.419921875,-2337.89990234375,-2278.39990234375,-2134.0,-2017.5,-1872.75,-1773.800048828125,-1708.85009765625,-1676.679931640625
6525,-2020.8399658203125,78.74592590332031,40.52637481689453,98.77666727701823,-2020.8399658203125,-2020.0,193.7879638671875,-2435.419921875,-2337.89990234375,-2278.39990234375,-2134.0,-2020.0,-1875.25,-1773.800048828125,-1726.900146484375,-1677.97998046875
6570,-2029.3399658203125,78.29722595214844,40.55651092529297,97.98416392008464,-2029.3399658203125,-2024.5,195.35231018066406,-2456.0400390625,-2337.89990234375,-2288.300048828125,-2182.25,-2024.5,-1875.25,-1773.800048828125,-1732.8499755859375,-1686.7999267578125
6615,-2038.5999755859375,77.8569564819336,40.590660095214844,97.23478698730469,-2038.5999755859375,-2030.5,192.6366424560547,-2456.0400390625,-2358.199951171875,-2292.60009765625,-2186.25,-2030.5,-1894.25,-1787.199951171875,-1748.0,-1728.019775390625
6660,-2044.719970703125,77.41358184814453,40.61637878417969,96.4514668782552,-2044.719970703125,-2032.5,191.14602661132812,-2457.10009765625,-2358.300048828125,-2294.800048828125,-2186.25,-2032.5,-1895.0,-1791.699951171875,-1771.2501220703125,-1747.659912109375
6705,-2051.300048828125,76.9749755859375,40.63063049316406,95.71218363444011,-2051.300048828125,-2050.5,189.7079620361328,-2457.10009765625,-2358.300048828125,-2301.10009765625,-2190.25,-2050.5,-1897.0,-1795.5999755859375,-1771.2501220703125,-1747.659912109375
6750,-2059.099853515625,76.54655456542969,40.6551399230957,94.96935526529948,-2059.10009765625,-2059.5,190.81350708007812,-2457.10009765625,-2358.300048828125,-2325.0,-2200.75,-2059.5,-1919.25,-1797.800048828125,-1771.2501220703125,-1747.659912109375
6795,-2065.06005859375,76.14232635498047,40.704830169677734,94.2332255045573,-2065.06005859375,-2059.5,192.25482177734375,-2465.02001953125,-2371.800048828125,-2338.0,-2203.5,-2059.5,-1932.5,-1797.800048828125,-1771.2501220703125,-1747.659912109375
6840,-2070.83984375,75.69395446777344,40.7337646484375,93.43804168701172,-2070.840087890625,-2062.0,192.84796142578125,-2465.10009765625,-2399.35009765625,-2338.39990234375,-2207.5,-2062.0,-1932.5,-1807.9000244140625,-1787.949951171875,-1756.4798583984375
6885,-2077.02001953125,75.23926544189453,40.74165344238281,92.66941324869792,-2077.02001953125,-2062.0,193.04290771484375,-2470.340087890625,-2402.60009765625,-2338.39990234375,-2223.75,-2062.0,-1932.5,-1815.300048828125,-1791.75,-1771.699951171875
6930,-2084.33984375,74.722412109375,40.719970703125,91.80747731526692,-2084.340087890625,-2065.0,192.892822265625,-2470.419921875,-2402.60009765625,-2344.10009765625,-2229.25,-2065.0,-1937.25,-1822.9000244140625,-1798.0,-1771.699951171875
6975,-2088.099853515625,74.24007415771484,40.71975326538086,91.00609842936198,-2088.10009765625,-2068.0,192.19143676757812,-2470.419921875,-2403.5,-2362.5,-2229.25,-2068.0,-1938.0,-1827.699951171875,-1808.4500732421875,-1772.679931640625
7020,-2095.85986328125,73.80805969238281,40.77906799316406,90.21655527750652,-2095.860107421875,-2084.0,195.53541564941406,-2470.419921875,-2403.5,-2371.199951171875,-2230.75,-2084.0,-1938.0,-1828.9000244140625,-1811.8499755859375,-1779.8599853515625
7065,-2103.699951171875,73.38900756835938,40.802162170410156,89.46770985921223,-2103.699951171875,-2090.5,196.83645629882812,-2497.5,-2403.5,-2371.199951171875,-2244.25,-2090.5,-1938.0,-1843.7000732421875,-1811.8499755859375,-1794.699951171875
7110,-2116.33984375,72.96488952636719,40.862892150878906,88.6760991414388,-2116.340087890625,-2111.0,197.06021118164062,-2507.300048828125,-2473.5,-2386.699951171875,-2254.25,-2111.0,-1951.75,-1845.9000244140625,-1815.6500244140625,-1794.699951171875
7155,-2122.159912109375,72.49771881103516,40.850181579589844,87.89855702718098,-2122.159912109375,-2113.0,198.04498291015625,-2517.10009765625,-2473.699951171875,-2393.10009765625,-2255.25,-2113.0,-1959.75,-1858.5,-1821.35009765625,-1794.699951171875
7200,-2128.280029296875,72.13101959228516,40.948768615722656,87.1770757039388,-2128.280029296875,-2121.0,198.81890869140625,-2528.06005859375,-2473.699951171875,-2395.0,-2260.75,-2121.0,-1963.0,-1872.5999755859375,-1821.35009765625,-1794.699951171875
7245,-2138.699951171875,71.73970794677734,40.98644256591797,86.44312540690105,-2138.699951171875,-2135.5,196.4711456298828,-2531.06005859375,-2473.699951171875,-2395.0,-2266.0,-2135.5,-1979.75,-1878.5,-1827.7000732421875,-1794.699951171875
7290,-2145.579833984375,71.32035827636719,40.9907341003418,85.70030212402344,-2145.580078125,-2147.5,196.50726318359375,-2531.419921875,-2473.800048828125,-2397.699951171875,-2271.5,-2147.5,-1997.0,-1883.5,-1827.7000732421875,-1794.699951171875
7335,-2150.5400390625,70.90603637695312,41.0130729675293,84.95496114095052,-2150.5400390625,-2147.5,197.5535125732422,-2531.419921875,-2473.800048828125,-2411.39990234375,-2280.75,-2147.5,-1997.0,-1901.9000244140625,-1827.800048828125,-1794.8599853515625
7380,-2153.43994140625,70.453125,40.96641159057617,84.1842041015625,-2153.43994140625,-2159.5,197.42767333984375,-2531.419921875,-2489.800048828125,-2411.39990234375,-2280.75,-2159.5,-1997.0,-1901.9000244140625,-1835.60009765625,-1794.8599853515625
7425,-2159.280029296875,70.04324340820312,41.0101432800293,83.40785725911458,-2159.280029296875,-2161.0,195.2760009765625,-2535.340087890625,-2497.699951171875,-2411.39990234375,-2280.75,-2161.0,-2011.5,-1908.4000244140625,-1844.550048828125,-1794.8599853515625
7470,-2166.89990234375,69.64421844482422,41.06818389892578,82.61654663085938,-2166.89990234375,-2174.5,194.76959228515625,-2552.06005859375,-2498.800048828125,-2422.199951171875,-2307.25,-2174.5,-2011.5,-1916.300048828125,-1858.800048828125,-1794.8599853515625
7515,-2172.919921875,69.22163391113281,41.06880187988281,81.83671569824219,-2172.919921875,-2178.5,196.66171264648438,-2555.340087890625,-2520.0,-2437.89990234375,-2307.25,-2178.5,-2011.5,-1916.800048828125,-1858.800048828125,-1794.8599853515625
7560,-2180.280029296875,68.83088684082031,41.10426712036133,81.08854166666667,-2180.280029296875,-2189.5,198.8558349609375,-2571.02001953125,-2521.0,-2456.60009765625,-2316.25,-2189.5,-2024.75,-1916.800048828125,-1859.35009765625,-1794.8599853515625
7605,-2185.4599609375,68.35746765136719,41.09981918334961,80.22840881347656,-2185.4599609375,-2189.5,197.45680236816406,-2571.260009765625,-2521.199951171875,-2456.60009765625,-2317.0,-2189.5,-2030.25,-1935.300048828125,-1884.6500244140625,-1794.8599853515625
7650,-2192.97998046875,67.92208862304688,41.112083435058594,79.38979848225911,-2192.97998046875,-2196.5,197.82032775878906,-2587.260009765625,-2521.39990234375,-2463.39990234375,-2324.5,-2196.5,-2048.25,-1935.300048828125,-1884.6500244140625,-1837.1397705078125
7695,-2197.199951171875,67.5483627319336,41.110321044921875,78.70280456542969,-2197.199951171875,-2196.5,197.744384765625,-2587.260009765625,-2523.300048828125,-2465.699951171875,-2333.75,-2196.5,-2048.25,-1945.199951171875,-1909.5,-1837.1397705078125
7740,-2203.35986328125,67.1265869140625,41.079742431640625,77.93785858154297,-2203.360107421875,-2203.0,197.955322265625,-2587.260009765625,-2536.60009765625,-2477.39990234375,-2339.75,-2203.0,-2048.25,-1950.800048828125,-1909.5,-1843.019775390625
7785,-2208.699951171875,66.67820739746094,41.054359436035156,77.14620208740234,-2208.699951171875,-2208.0,196.025390625,-2591.179931640625,-2559.60009765625,-2477.39990234375,-2339.75,-2208.0,-2057.75,-1964.5999755859375,-1918.050048828125,-1843.39990234375
7830,-2214.0,66.28950500488281,41.09242630004883,76.36117808024089,-2214.0,-2211.0,195.7004852294922,-2603.159912109375,-2560.550048828125,-2477.39990234375,-2340.25,-2211.0,-2063.0,-1966.4000244140625,-1918.050048828125,-1843.93994140625
7875,-2220.5,65.89862823486328,41.088409423828125,75.62274678548177,-2220.5,-2213.0,196.1099395751953,-2603.159912109375,-2573.39990234375,-2477.39990234375,-2358.5,-2213.0,-2063.0,-1968.9000244140625,-1923.75,-1859.679931640625
7920,-2224.85986328125,65.52468872070312,41.12087631225586,74.86825052897136,-2224.860107421875,-2219.0,197.39662170410156,-2603.159912109375,-2573.39990234375,-2484.300048828125,-2360.5,-2219.0,-2067.0,-1968.9000244140625,-1923.75,-1859.679931640625
7965,-2228.5400390625,65.1226806640625,41.170074462890625,74.07800547281902,-2228.5400390625,-2219.0,198.56138610839844,-2611.199951171875,-2581.60009765625,-2503.199951171875,-2370.75,-2219.0,-2067.0,-1968.9000244140625,-1923.75,-1859.760009765625
8010,-2236.39990234375,64.70051574707031,41.13154602050781,73.3157958984375,-2236.39990234375,-2236.0,197.84983825683594,-2611.199951171875,-2581.60009765625,-2514.60009765625,-2380.25,-2236.0,-2081.75,-1982.4000244140625,-1923.75,-1859.760009765625
8055,-2240.280029296875,64.2893295288086,41.13309860229492,72.52795664469402,-2240.280029296875,-2237.5,198.3538360595703,-2611.199951171875,-2605.050048828125,-2514.60009765625,-2380.25,-2237.5,-2081.75,-1987.5999755859375,-1923.75,-1859.760009765625
8100,-2245.39990234375,63.92866516113281,41.152549743652344,71.78737894694011,-2245.39990234375,-2246.0,199.02513122558594,-2623.3798828125,-2606.050048828125,-2514.60009765625,-2388.25,-2246.0,-2090.25,-1987.5999755859375,-1923.75,-1859.760009765625
8145,-2250.599853515625,63.59230041503906,41.197715759277344,71.06807200113933,-2250.60009765625,-2255.5,199.46719360351562,-2623.3798828125,-2607.25,-2520.60009765625,-2402.75,-2255.5,-2098.75,-1987.5999755859375,-1938.2501220703125,-1859.760009765625
8190,-2256.739990234375,63.185970306396484,41.18136215209961,70.3011703491211,-2256.739990234375,-2258.5,196.3389129638672,-2623.3798828125,-2607.25,-2520.800048828125,-2412.75,-2258.5,-2105.5,-1987.800048828125,-1938.5,-1923.5198974609375
8235,-2261.06005859375,62.81733703613281,41.21942901611328,69.50602722167969,-2261.06005859375,-2260.0,198.14903259277344,-2637.10009765625,-2612.35009765625,-2534.800048828125,-2412.75,-2260.0,-2105.5,-2000.4000244140625,-1938.5,-1923.5198974609375
8280,-2262.97998046875,62.41374206542969,41.16968536376953,68.76360321044922,-2262.97998046875,-2260.0,197.9587860107422,-2637.10009765625,-2612.550048828125,-2534.800048828125,-2412.75,-2260.0,-2105.5,-2004.4000244140625,-1938.5,-1923.5198974609375
8325,-2267.199951171875,62.001644134521484,41.139896392822266,67.97657267252605,-2267.199951171875,-2260.0,197.2213897705078,-2642.260009765625,-2620.14990234375,-2534.800048828125,-2417.0,-2260.0,-2105.5,-2009.5999755859375,-1961.75,-1924.0
8370,-2271.699951171875,61.550697326660156,41.07319259643555,67.16697438557942,-2271.699951171875,-2263.5,196.15757751464844,-2642.5400390625,-2623.050048828125,-2534.800048828125,-2417.0,-2263.5,-2108.0,-2027.0,-1965.550048828125,-1937.719970703125
8415,-2276.639892578125,61.256893157958984,41.170188903808594,66.44854482014973,-2276.639892578125,-2269.5,195.70721435546875,-2643.719970703125,-2623.64990234375,-2538.39990234375,-2417.25,-2269.5,-2112.25,-2045.9000244140625,-1965.550048828125,-1937.719970703125
8460,-2282.679931640625,60.865447998046875,41.13233184814453,65.69039154052734,-2282.679931640625,-2280.0,196.40086364746094,-2645.679931640625,-2636.300048828125,-2543.60009765625,-2424.0,-2280.0,-2115.25,-2047.300048828125,-1965.550048828125,-1938.699951171875
8505,-2288.699951171875,60.54160690307617,41.1432991027832,64.96796162923177,-2288.699951171875,-2286.5,195.59393310546875,-2645.679931640625,-2636.300048828125,-2558.199951171875,-2424.0,-2286.5,-2126.75,-2047.300048828125,-1966.949951171875,-1938.699951171875
8550,-2292.800048828125,60.17444610595703,41.106475830078125,64.24523035685222,-2292.800048828125,-2291.5,195.39466857910156,-2677.0400390625,-2640.10009765625,-2560.0,-2424.75,-2291.5,-2129.25,-2047.300048828125,-1981.5,-1938.699951171875
8595,-2297.56005859375,59.81814193725586,41.134403228759766,63.46498489379883,-2297.56005859375,-2298.5,195.01980590820312,-2677.239990234375,-2640.10009765625,-2560.0,-2432.25,-2298.5,-2137.5,-2047.300048828125,-1994.35009765625,-1938.699951171875
8640,-2300.780029296875,59.50239562988281,41.15483856201172,62.741040547688804,-2300.780029296875,-2298.5,193.45706176757812,-2677.239990234375,-2640.10009765625,-2569.0,-2434.25,-2298.5,-2144.0,-2047.300048828125,-1999.75,-1938.699951171875
8685,-2307.780029296875,59.15118408203125,41.1258544921875,62.01756286621094,-2307.780029296875,-2308.0,192.76512145996094,-2711.0,-2643.35009765625,-2578.10009765625,-2439.5,-2308.0,-2155.25,-2067.900146484375,-2019.0001220703125,-1938.699951171875
8730,-2311.119873046875,58.771392822265625,41.1082878112793,61.225467681884766,-2311.1201171875,-2308.0,192.34132385253906,-2711.0,-2647.14990234375,-2578.10009765625,-2440.5,-2308.0,-2157.5,-2069.699951171875,-2019.0001220703125,-1938.699951171875
8775,-2315.9599609375,58.39385986328125,41.06450653076172,60.454535166422524,-2315.9599609375,-2309.0,192.97137451171875,-2711.0,-2650.10009765625,-2580.300048828125,-2449.75,-2309.0,-2164.75,-2084.89990234375,-2030.400146484375,-1938.699951171875
8820,-2319.179931640625,58.03113555908203,41.02573776245117,59.71958796183268,-2319.179931640625,-2318.0,191.57716369628906,-2711.0,-2650.14990234375,-2580.300048828125,-2449.75,-2318.0,-2166.25,-2084.89990234375,-2030.800048828125,-1986.1397705078125
8865,-2325.33984375,57.710853576660156,41.054237365722656,58.98106892903646,-2325.340087890625,-2335.0,192.0028076171875,-2711.1201171875,-2650.14990234375,-2589.300048828125,-2452.0,-2335.0,-2174.5,-2084.89990234375,-2031.050048828125,-1986.1397705078125
8910,-2330.760009765625,57.38616943359375,41.030418395996094,58.28602854410807,-2330.760009765625,-2341.5,191.19107055664062,-2711.1201171875,-2653.050048828125,-2592.300048828125,-2458.75,-2341.5,-2186.5,-2084.89990234375,-2031.050048828125,-1986.1397705078125
8955,-2336.599853515625,57.04713439941406,41.04975128173828,57.480603535970054,-2336.60009765625,-2344.5,189.96327209472656,-2711.1201171875,-2653.050048828125,-2595.300048828125,-2472.5,-2344.5,-2190.75,-2111.89990234375,-2031.050048828125,-1991.9000244140625
9000,-2340.93994140625,56.71147155761719,40.992183685302734,56.82090632120768,-2340.93994140625,-2349.0,188.7648162841797,-2711.1201171875,-2653.35009765625,-2600.5,-2472.5,-2349.0,-2195.5,-2117.5,-2031.4500732421875,-1991.9000244140625
9045,-2344.85986328125,56.41210174560547,41.00696563720703,56.116031646728516,-2344.860107421875,-2350.0,187.06924438476562,-2711.1201171875,-2653.35009765625,-2600.5,-2474.75,-2350.0,-2203.75,-2117.5,-2031.800048828125,-1991.9000244140625
9090,-2349.820068359375,56.08915328979492,40.96597671508789,55.41751352945963,-2349.820068359375,-2350.0,184.5675048828125,-2711.1201171875,-2660.199951171875,-2600.5,-2484.25,-2350.0,-2207.75,-2124.699951171875,-2047.2000732421875,-1991.9000244140625
9135,-2352.56005859375,55.75132751464844,40.94935607910156,54.686720530192055,-2352.56005859375,-2356.5,185.9472198486328,-2717.360107421875,-2660.199951171875,-2623.0,-2484.25,-2356.5,-2207.75,-2124.699951171875,-2047.9000244140625,-1991.9000244140625
9180,-2356.780029296875,55.479347229003906,40.98081970214844,53.9886589050293,-2356.780029296875,-2356.5,182.9091339111328,-2717.360107421875,-2660.199951171875,-2625.10009765625,-2484.25,-2356.5,-2207.75,-2131.39990234375,-2087.900146484375,-2020.419921875
9225,-2359.47998046875,55.14116668701172,40.923912048339844,53.31692123413086,-2359.47998046875,-2356.5,182.56651306152344,-2717.360107421875,-2660.199951171875,-2625.10009765625,-2494.0,-2356.5,-2209.25,-2131.39990234375,-2090.0,-2020.4998779296875
9270,-2366.820068359375,54.837615966796875,40.930965423583984,52.63415273030599,-2366.820068359375,-2356.5,177.5247802734375,-2717.360107421875,-2660.39990234375,-2625.10009765625,-2494.0,-2356.5,-2227.25,-2149.800048828125,-2101.400146484375,-2033.8199462890625
9315,-2371.179931640625,54.53828048706055,40.87709045410156,51.977622985839844,-2371.179931640625,-2357.0,177.0978546142578,-2717.360107421875,-2661.5,-2625.300048828125,-2501.5,-2357.0,-2228.75,-2164.199951171875,-2107.10009765625,-2033.93994140625
9360,-2373.919921875,54.213958740234375,40.84330368041992,51.28341166178385,-2373.919921875,-2357.0,177.66021728515625,-2725.47998046875,-2661.5,-2625.300048828125,-2508.5,-2357.0,-2237.75,-2164.199951171875,-2107.10009765625,-2041.8399658203125
9405,-2376.97998046875,53.89546203613281,40.82046127319336,50.557509104410805,-2376.97998046875,-2364.5,177.82125854492188,-2725.47998046875,-2663.14990234375,-2625.300048828125,-2508.5,-2364.5,-2239.75,-2164.199951171875,-2107.10009765625,-2041.8399658203125
9450,-2380.599853515625,53.58624267578125,40.787567138671875,49.88696543375651,-2380.60009765625,-2374.5,176.3822021484375,-2725.47998046875,-2663.14990234375,-2625.300048828125,-2517.25,-2374.5,-2239.75,-2164.199951171875,-2117.699951171875,-2062.579833984375
9495,-2385.06005859375,53.26715087890625,40.70687484741211,49.24988301595052,-2385.06005859375,-2381.0,175.8140869140625,-2725.47998046875,-2663.25,-2625.300048828125,-2517.25,-2381.0,-2243.5,-2164.199951171875,-2125.60009765625,-2062.579833984375
9540,-2388.0400390625,52.945823669433594,40.65095520019531,48.551867167154946,-2388.0400390625,-2381.0,175.1059112548828,-2733.320068359375,-2665.14990234375,-2625.699951171875,-2520.25,-2381.0,-2247.75,-2172.300048828125,-2125.60009765625,-2062.579833984375
9585,-2389.5400390625,52.654754638671875,40.605865478515625,47.90301259358724,-2389.5400390625,-2386.0,174.66810607910156,-2733.320068359375,-2665.14990234375,-2625.699951171875,-2521.25,-2386.0,-2249.25,-2174.699951171875,-2125.699951171875,-2062.579833984375
9630,-2393.739990234375,52.34116744995117,40.569419860839844,47.21436436971029,-2393.739990234375,-2389.0,173.69619750976562,-2737.239990234375,-2666.300048828125,-2625.699951171875,-2523.25,-2389.0,-2260.75,-2175.89990234375,-2125.699951171875,-2062.579833984375
9675,-2398.699951171875,52.020713806152344,40.54620361328125,46.47726821899414,-2398.699951171875,-2389.0,172.68592834472656,-2737.239990234375,-2667.25,-2628.10009765625,-2527.75,-2389.0,-2272.0,-2175.89990234375,-2125.699951171875,-2062.579833984375
9720,-2402.239990234375,51.71784973144531,40.50593185424805,45.79831186930338,-2402.239990234375,-2390.5,171.99029541015625,-2743.1201171875,-2667.25,-2635.5,-2533.5,-2390.5,-2272.0,-2189.5,-2125.699951171875,-2062.579833984375
9765,-2407.739990234375,51.466949462890625,40.512977600097656,45.18003845214844,-2407.739990234375,-2407.0,169.99827575683594,-2743.159912109375,-2667.550048828125,-2635.699951171875,-2544.5,-2407.0,-2272.0,-2203.60009765625,-2125.949951171875,-2116.479736328125
9810,-2409.679931640625,51.19205856323242,40.50475311279297,44.49152628580729,-2409.679931640625,-2407.0,169.48101806640625,-2743.159912109375,-2667.550048828125,-2636.300048828125,-2544.5,-2407.0,-2283.75,-2203.60009765625,-2135.699951171875,-2118.439697265625
9855,-2414.239990234375,50.86682891845703,40.41413879394531,43.85222625732422,-2414.239990234375,-2407.5,167.01719665527344,-2743.159912109375,-2667.550048828125,-2642.699951171875,-2544.5,-2407.5,-2285.75,-2209.5,-2168.449951171875,-2123.69970703125
9900,-2416.800048828125,50.617576599121094,40.411842346191406,43.21737925211588,-2416.800048828125,-2408.5,165.39566040039062,-2743.239990234375,-2667.550048828125,-2642.699951171875,-2544.5,-2408.5,-2285.75,-2217.199951171875,-2174.150146484375,-2124.4599609375
9945,-2419.47998046875,50.34452438354492,40.33939743041992,42.60828653971354,-2419.47998046875,-2413.0,165.99774169921875,-2744.300048828125,-2670.39990234375,-2642.699951171875,-2547.75,-2413.0,-2286.0,-2217.199951171875,-2189.35009765625,-2128.3798828125
9990,-2420.35986328125,50.09060287475586,40.304718017578125,41.979174296061196,-2420.360107421875,-2421.0,165.9641876220703,-2751.159912109375,-2672.300048828125,-2642.699951171875,-2547.75,-2421.0,-2286.0,-2217.199951171875,-2189.35009765625,-2128.3798828125
