step,best_fitness,avg_hamming,avg_l1,avg_entropy,mean,median,std,2%,5%,10%,25%,50%,75%,90%,95%,98%
40,-122.29999542236328,31.980663299560547,2.0684118270874023,44.23641872406006,-122.30000305175781,-121.0,24.702022552490234,-178.0800018310547,-170.0,-154.0,-137.25,-121.0,-104.0,-94.50000762939453,-84.0,-82.93998718261719
80,-137.52000427246094,31.966100692749023,2.2674620151519775,44.200151443481445,-137.52000427246094,-136.5,22.873775482177734,-182.16000366210938,-176.0,-165.10000610351562,-155.0,-136.5,-121.75,-107.80000305175781,-98.0,-95.95999145507812
120,-145.8000030517578,31.952421188354492,2.4321274757385254,44.167301177978516,-145.8000030517578,-142.0,24.261079788208008,-204.1999969482422,-187.14999389648438,-176.0,-160.0,-142.0,-130.0,-115.80000305175781,-107.80001831054688,-98.97999572753906
160,-151.9199981689453,31.940135955810547,2.580230712890625,44.13587951660156,-151.9199981689453,-151.5,22.252946853637695,-204.1999969482422,-187.14999389648438,-178.39999389648438,-163.25,-151.5,-137.75,-127.60000610351562,-117.80001831054688,-111.87997436523438
200,-155.95999145507812,31.92904281616211,2.6991801261901855,44.10877799987793,-155.9600067138672,-155.0,20.98185920715332,-204.1999969482422,-198.0500030517578,-182.3000030517578,-166.0,-155.0,-141.75,-132.0,-128.0,-121.8399658203125
240,-159.13999938964844,31.91817283630371,2.8196349143981934,44.0805549621582,-159.13999938964844,-156.0,20.910770416259766,-204.1999969482422,-198.0500030517578,-185.10000610351562,-170.25,-156.0,-142.0,-133.89999389648438,-129.90000915527344,-123.8399658203125
280,-160.51998901367188,31.906225204467773,2.932817220687866,44.05219745635986,-160.52000427246094,-157.5,20.15464210510254,-204.1999969482422,-198.0500030517578,-185.10000610351562,-172.0,-157.5,-145.75,-135.8000030517578,-132.0,-127.91998291015625
320,-164.1199951171875,31.89496421813965,3.044576644897461,44.02416133880615,-164.1199951171875,-162.0,23.09341049194336,-225.05999755859375,-204.5,-188.1999969482422,-178.5,-162.0,-147.5,-137.89999389648438,-132.0,-129.95999145507812
360,-166.5399932861328,31.882675170898438,3.1541976928710938,43.99495983123779,-166.5399932861328,-163.5,22.714496612548828,-228.0800018310547,-211.14999389648438,-192.59999084472656,-180.5,-163.5,-150.75,-140.0,-135.90000915527344,-132.97999572753906
400,-168.39999389648438,31.871456146240234,3.2653441429138184,43.96630382537842,-168.39999389648438,-166.0,21.833003997802734,-228.0800018310547,-211.14999389648438,-192.59999084472656,-182.0,-166.0,-154.0,-141.89999389648438,-138.0,-133.97999572753906
440,-170.6999969482422,31.8610897064209,3.36116099357605,43.9399471282959,-170.6999969482422,-167.5,22.16641616821289,-228.0800018310547,-216.39999389648438,-199.39999389648438,-182.0,-167.5,-156.0,-142.0,-140.0,-139.95999145507812
480,-171.66000366210938,31.846923828125,3.4487597942352295,43.91009044647217,-171.66000366210938,-168.0,21.67589569091797,-228.0800018310547,-216.39999389648438,-199.39999389648438,-182.0,-168.0,-156.0,-147.70001220703125,-140.0,-140.0
520,-172.45999145507812,31.832111358642578,3.540029525756836,43.8778657913208,-172.4600067138672,-168.0,21.210102081298828,-228.0800018310547,-216.39999389648438,-199.39999389648438,-182.0,-168.0,-156.0,-150.0,-142.0,-140.0
560,-174.13999938964844,31.817739486694336,3.6306772232055664,43.84690189361572,-174.13999938964844,-170.0,20.735004425048828,-228.0800018310547,-216.39999389648438,-199.39999389648438,-185.0,-170.0,-159.75,-152.0,-147.7000274658203,-141.95999145507812
600,-175.44000244140625,31.801437377929688,3.7143664360046387,43.814887046813965,-175.44000244140625,-172.0,20.976329803466797,-228.0800018310547,-216.39999389648438,-204.0,-186.25,-172.0,-160.75,-152.0,-147.7000274658203,-141.95999145507812
640,-177.01998901367188,31.787109375,3.7976455688476562,43.78433895111084,-177.02000427246094,-176.5,20.63297462463379,-228.0800018310547,-216.39999389648438,-204.1999969482422,-187.25,-176.5,-162.0,-153.89999389648438,-147.7000274658203,-141.95999145507812
680,-178.86000061035156,31.772857666015625,3.8796048164367676,43.75502109527588,-178.86000061035156,-178.5,21.444355010986328,-232.0800018310547,-224.0500030517578,-206.39999389648438,-188.0,-178.5,-164.0,-154.0,-147.7000274658203,-141.95999145507812
720,-179.9199981689453,31.753311157226562,3.9508395195007324,43.72118663787842,-179.9199981689453,-179.0,20.68027114868164,-232.0800018310547,-224.0500030517578,-206.39999389648438,-188.25,-179.0,-166.0,-156.0,-152.0,-142.0
760,-180.75999450683594,31.734189987182617,4.020359516143799,43.68752861022949,-180.75999450683594,-180.0,20.671293258666992,-232.0800018310547,-224.0500030517578,-206.39999389648438,-190.0,-180.0,-166.0,-156.0,-152.0,-142.0
800,-182.33999633789062,31.71630859375,4.08896541595459,43.654616355895996,-182.33999633789062,-182.0,20.02509307861328,-232.0800018310547,-224.0500030517578,-206.39999389648438,-190.25,-182.0,-170.0,-158.8000030517578,-153.90000915527344,-147.87997436523438
840,-182.59999084472656,31.69757080078125,4.17415714263916,43.61863708496094,-182.60000610351562,-182.0,19.74639320373535,-232.0800018310547,-224.0500030517578,-206.39999389648438,-191.25,-182.0,-170.0,-159.89999389648438,-153.90000915527344,-151.91998291015625
880,-183.77999877929688,31.673803329467773,4.251228332519531,43.577025413513184,-183.77999877929688,-182.0,19.64768409729004,-232.0800018310547,-224.0500030517578,-210.10000610351562,-192.0,-182.0,-170.0,-160.0,-153.90000915527344,-151.91998291015625
920,-184.95999145507812,31.652259826660156,4.331351280212402,43.53643035888672,-184.9600067138672,-182.5,19.783790588378906,-232.0800018310547,-224.0500030517578,-211.3000030517578,-193.75,-182.5,-170.0,-160.89999389648438,-156.85000610351562,-151.91998291015625
960,-185.5,31.624120712280273,4.40330171585083,43.49028015136719,-185.5,-182.5,19.2860050201416,-232.0800018310547,-224.0500030517578,-211.3000030517578,-193.75,-182.5,-172.0,-162.0,-157.95001220703125,-153.87997436523438
1000,-186.6599884033203,31.596477508544922,4.481307029724121,43.44441318511963,-186.66000366210938,-184.0,19.11659812927246,-232.0800018310547,-224.0500030517578,-214.1999969482422,-198.0,-184.0,-173.5,-165.8000030517578,-159.95001220703125,-154.0
1040,-187.51998901367188,31.569087982177734,4.561354637145996,43.39781951904297,-187.52000427246094,-184.0,19.040212631225586,-232.0800018310547,-224.0500030517578,-216.10000610351562,-198.5,-184.0,-175.5,-166.0,-161.90000915527344,-154.0
1080,-189.1599884033203,31.538829803466797,4.637850284576416,43.34762191772461,-189.16000366210938,-186.0,18.480649948120117,-232.0800018310547,-224.0500030517578,-217.0,-200.5,-186.0,-178.75,-167.8000030517578,-164.95001220703125,-154.0
1120,-190.3199920654297,31.50564193725586,4.718527793884277,43.2922477722168,-190.32000732421875,-187.5,18.90654754638672,-236.0399932861328,-225.14999389648438,-217.3000030517578,-202.25,-187.5,-178.75,-169.8000030517578,-165.95001220703125,-161.8399658203125
1160,-192.5,31.46768569946289,4.806581497192383,43.231669425964355,-192.5,-190.0,18.555591583251953,-236.0399932861328,-226.10000610351562,-220.0,-204.0,-190.0,-180.0,-170.0,-166.0,-164.97999572753906
1200,-194.1599884033203,31.434505462646484,4.880945205688477,43.17786693572998,-194.16000366210938,-191.5,19.42612648010254,-238.0800018310547,-230.10000610351562,-221.3000030517578,-206.0,-191.5,-180.75,-170.0,-166.0,-164.97999572753906
1240,-195.09999084472656,31.39081382751465,4.95307731628418,43.11271572113037,-195.10000610351562,-192.0,19.20598793029785,-238.0800018310547,-230.10000610351562,-221.3000030517578,-206.0,-192.0,-181.75,-170.0,-167.90000915527344,-164.97999572753906
1280,-196.55999755859375,31.349853515625,5.030119895935059,43.04756450653076,-196.55999755859375,-192.5,19.760730743408203,-238.0800018310547,-232.0500030517578,-226.1999969482422,-208.5,-192.5,-182.0,-173.60000610351562,-167.90000915527344,-164.97999572753906
1320,-198.239990234375,31.306699752807617,5.095954418182373,42.982054710388184,-198.24000549316406,-193.0,21.876527786254883,-242.0399932861328,-236.0500030517578,-228.1999969482422,-210.0,-193.0,-182.0,-174.0,-169.90000915527344,-165.95999145507812
1360,-198.8199920654297,31.25617027282715,5.171038627624512,42.90711212158203,-198.82000732421875,-193.5,21.294309616088867,-242.0399932861328,-236.0500030517578,-228.1999969482422,-210.0,-193.5,-182.0,-176.0,-170.0,-167.95999145507812
1400,-199.1599884033203,31.205907821655273,5.253268241882324,42.83095359802246,-199.16000366210938,-193.5,21.481489181518555,-242.0399932861328,-236.0500030517578,-228.1999969482422,-211.25,-193.5,-182.0,-176.0,-170.0,-167.95999145507812
1440,-200.0800018310547,31.152645111083984,5.318807125091553,42.752872467041016,-200.0800018310547,-195.0,22.010761260986328,-244.32000732421875,-237.0500030517578,-230.1999969482422,-212.5,-195.0,-183.75,-176.89999389648438,-170.0,-169.91998291015625
1480,-201.33999633789062,31.101303100585938,5.392388343811035,42.67467212677002,-201.33999633789062,-196.5,22.31690788269043,-244.32000732421875,-238.0500030517578,-232.10000610351562,-217.25,-196.5,-184.0,-177.89999389648438,-173.80001831054688,-169.91998291015625
1520,-201.5399932861328,31.04226303100586,5.466216087341309,42.58713150024414,-201.5399932861328,-197.0,22.357738494873047,-244.32000732421875,-238.0500030517578,-232.10000610351562,-217.25,-197.0,-184.0,-177.89999389648438,-173.80001831054688,-169.91998291015625
1560,-202.17999267578125,30.98702049255371,5.545406341552734,42.50264072418213,-202.17999267578125,-197.5,21.98653221130371,-244.32000732421875,-238.0500030517578,-232.10000610351562,-217.25,-197.5,-186.0,-178.89999389648438,-174.0,-169.91998291015625
1600,-203.0800018310547,30.926544189453125,5.617425918579102,42.41212558746338,-203.0800018310547,-200.0,21.75577163696289,-244.32000732421875,-238.0500030517578,-232.10000610351562,-217.25,-200.0,-187.75,-178.89999389648438,-174.0,-169.91998291015625
1640,-204.44000244140625,30.85914421081543,5.684463024139404,42.31408500671387,-204.44000244140625,-201.0,21.377708435058594,-244.32000732421875,-239.14999389648438,-232.10000610351562,-218.25,-201.0,-188.0,-180.0,-176.95001220703125,-173.91998291015625
1680,-206.22000122070312,30.789249420166016,5.767604827880859,42.21258354187012,-206.22000122070312,-204.0,21.40634536743164,-244.32000732421875,-239.14999389648438,-232.10000610351562,-222.0,-204.0,-188.0,-181.8000030517578,-177.95001220703125,-174.0
1720,-207.75999450683594,30.713539123535156,5.839829444885254,42.103851318359375,-207.75999450683594,-206.0,21.31249237060547,-244.32000732421875,-242.0,-233.3000030517578,-222.0,-206.0,-190.0,-181.89999389648438,-178.0,-174.0
1760,-209.739990234375,30.63077163696289,5.920010566711426,41.982577323913574,-209.74000549316406,-209.0,22.295568466186523,-254.1199951171875,-244.1999969482422,-239.10000610351562,-224.0,-209.0,-191.75,-182.0,-178.0,-176.9399871826172
1800,-210.86000061035156,30.54877471923828,5.984696388244629,41.86691951751709,-210.86000061035156,-210.0,21.96771240234375,-254.1199951171875,-244.1999969482422,-240.1999969482422,-224.25,-210.0,-192.0,-183.0,-181.90000915527344,-178.0
1840,-212.37998962402344,30.475482940673828,6.051616668701172,41.75905418395996,-212.3800048828125,-211.5,21.54473304748535,-254.1199951171875,-248.0,-242.0,-226.0,-211.5,-195.5,-185.8000030517578,-182.0,-178.0
1880,-214.25999450683594,30.3939266204834,6.114931106567383,41.64187812805176,-214.25999450683594,-214.0,21.85983657836914,-256.0799865722656,-252.0,-242.1999969482422,-228.0,-214.0,-198.5,-186.0,-182.95001220703125,-181.95999145507812
1920,-217.44000244140625,30.30946159362793,6.185211181640625,41.517855644226074,-217.44000244140625,-216.0,23.387311935424805,-270.3399963378906,-256.20001220703125,-248.0,-230.5,-216.0,-201.75,-188.0,-183.90000915527344,-181.95999145507812
1960,-218.01998901367188,30.213069915771484,6.248180389404297,41.382798194885254,-218.02000427246094,-216.5,23.206026077270508,-270.3399963378906,-256.20001220703125,-250.0,-230.5,-216.5,-201.75,-190.0,-185.90000915527344,-182.0
2000,-219.5399932861328,30.124801635742188,6.315743923187256,41.25222587585449,-219.5399932861328,-218.0,23.901220321655273,-270.3399963378906,-260.1499938964844,-250.1999969482422,-236.25,-218.0,-202.0,-190.0,-185.90000915527344,-182.0
2040,-220.83999633789062,30.031658172607422,6.374730110168457,41.11846733093262,-220.83999633789062,-218.0,23.798622131347656,-270.3399963378906,-260.1499938964844,-252.0,-240.25,-218.0,-204.0,-191.8000030517578,-186.0,-182.0
2080,-221.51998901367188,29.931188583374023,6.437023162841797,40.97679042816162,-221.52000427246094,-219.5,23.55864143371582,-270.3399963378906,-260.1499938964844,-252.0,-240.25,-219.5,-204.0,-193.60000610351562,-186.0,-182.0
2120,-222.39999389648438,29.828861236572266,6.507110595703125,40.82870674133301,-222.39999389648438,-220.0,23.73689079284668,-270.3399963378906,-260.1499938964844,-252.1999969482422,-241.25,-220.0,-205.5,-193.60000610351562,-186.0,-182.0
2160,-224.0399932861328,29.711828231811523,6.566991329193115,40.66350078582764,-224.0399932861328,-222.0,24.169368743896484,-276.2200012207031,-263.3500061035156,-254.0,-242.0,-222.0,-208.0,-193.60000610351562,-186.0,-182.0
2200,-225.9199981689453,29.601970672607422,6.633340835571289,40.50596618652344,-225.9199981689453,-223.0,24.3637752532959,-276.2200012207031,-270.1000061035156,-254.10000610351562,-242.5,-223.0,-208.75,-193.60000610351562,-186.0,-182.0
2240,-228.79998779296875,29.497844696044922,6.6926093101501465,40.3559684753418,-228.8000030517578,-228.0,23.85875129699707,-276.2200012207031,-270.1000061035156,-258.20001220703125,-244.0,-228.0,-213.75,-199.8000030517578,-188.0,-182.0
2280,-229.5,29.385250091552734,6.755574703216553,40.1912202835083,-229.5,-228.5,23.456981658935547,-276.2200012207031,-270.1000061035156,-258.20001220703125,-244.0,-228.5,-214.0,-200.89999389648438,-188.0,-182.0
2320,-230.44000244140625,29.26722526550293,6.812345027923584,40.02321529388428,-230.44000244140625,-229.5,24.49747657775879,-287.0400085449219,-272.1000061035156,-260.29998779296875,-244.0,-229.5,-214.75,-200.89999389648438,-188.0,-182.0
2360,-231.89999389648438,29.14550018310547,6.872506618499756,39.848541259765625,-231.89999389648438,-230.0,24.11617660522461,-287.0400085449219,-272.1000061035156,-262.1000061035156,-244.5,-230.0,-216.0,-202.0,-188.0,-182.0
2400,-233.67999267578125,29.02843475341797,6.9381103515625,39.678497314453125,-233.67999267578125,-231.5,24.036170959472656,-287.0400085449219,-272.1000061035156,-263.29998779296875,-250.25,-231.5,-218.0,-203.8000030517578,-188.0,-182.0
2440,-235.29998779296875,28.908971786499023,7.001433372497559,39.502732276916504,-235.3000030517578,-236.0,24.48979377746582,-289.260009765625,-274.20001220703125,-265.1000061035156,-251.25,-236.0,-219.75,-205.8000030517578,-199.40005493164062,-186.0
2480,-236.17999267578125,28.780147552490234,7.061541557312012,39.31645584106445,-236.17999267578125,-236.5,24.43701171875,-289.260009765625,-278.1000061035156,-266.20001220703125,-251.25,-236.5,-220.0,-205.8000030517578,-199.90000915527344,-186.0
2520,-237.05999755859375,28.66900634765625,7.13190221786499,39.141794204711914,-237.05999755859375,-238.5,24.494007110595703,-289.260009765625,-278.1000061035156,-268.1000061035156,-252.0,-238.5,-221.5,-205.8000030517578,-199.90000915527344,-186.0
2560,-239.239990234375,28.54611587524414,7.192841529846191,38.95346164703369,-239.24000549316406,-239.5,24.306838989257812,-289.260009765625,-280.0,-269.29998779296875,-254.0,-239.5,-222.0,-206.0,-199.90000915527344,-188.0
2600,-240.5,28.425342559814453,7.258061408996582,38.770432472229004,-240.5,-241.5,24.13772964477539,-290.239990234375,-280.3500061035156,-269.29998779296875,-254.25,-241.5,-224.0,-212.0,-199.90000915527344,-188.0
2640,-241.4399871826172,28.295326232910156,7.325242519378662,38.573655128479004,-241.44000244140625,-242.0,24.106563568115234,-290.239990234375,-280.3500061035156,-269.29998779296875,-256.25,-242.0,-224.0,-215.8000030517578,-200.95001220703125,-188.0
2680,-242.86000061035156,28.170225143432617,7.3873820304870605,38.380682945251465,-242.86000061035156,-242.0,24.87690544128418,-298.0799865722656,-289.04998779296875,-272.79998779296875,-258.25,-242.0,-224.0,-215.8000030517578,-203.85000610351562,-193.87997436523438
2720,-245.25999450683594,28.040390014648438,7.451959133148193,38.18422317504883,-245.25999450683594,-245.0,24.997047424316406,-298.0799865722656,-289.04998779296875,-280.0,-260.5,-245.0,-228.0,-216.0,-205.90000915527344,-193.87997436523438
2760,-246.47999572753906,27.910140991210938,7.5033698081970215,37.98988056182861,-246.47999572753906,-247.0,24.74933624267578,-298.0799865722656,-289.04998779296875,-280.0,-260.5,-247.0,-229.5,-216.0,-207.80001831054688,-193.87997436523438
2800,-247.55999755859375,27.780269622802734,7.567570686340332,37.78588581085205,-247.55999755859375,-248.0,24.7807674407959,-298.0799865722656,-289.04998779296875,-280.0,-262.0,-248.0,-231.5,-218.8000030517578,-207.80001831054688,-193.87997436523438
2840,-248.79998779296875,27.645610809326172,7.623237609863281,37.579912185668945,-248.8000030517578,-249.5,24.862018585205078,-298.0799865722656,-289.04998779296875,-282.0,-266.0,-249.5,-231.5,-219.89999389648438,-211.80001831054688,-193.87997436523438
2880,-250.1199951171875,27.506912231445312,7.665643215179443,37.375433921813965,-250.1199951171875,-250.0,25.590341567993164,-302.0400085449219,-293.1499938964844,-282.1000061035156,-267.25,-250.0,-233.5,-219.89999389648438,-211.80001831054688,-193.87997436523438
2920,-250.89999389648438,27.364643096923828,7.7201995849609375,37.163750648498535,-250.89999389648438,-250.5,25.37774658203125,-302.0400085449219,-293.1499938964844,-283.1000061035156,-268.25,-250.5,-235.5,-220.0,-211.80001831054688,-195.95999145507812
2960,-252.6199951171875,27.22521209716797,7.784256935119629,36.94649028778076,-252.6199951171875,-252.0,24.60356903076172,-302.0400085449219,-293.1499938964844,-284.3999938964844,-269.25,-252.0,-236.0,-222.0,-216.0,-197.95999145507812
3000,-253.67999267578125,27.092071533203125,7.851468563079834,36.73563098907471,-253.67999267578125,-254.0,24.154865264892578,-302.0400085449219,-293.1499938964844,-284.3999938964844,-270.0,-254.0,-237.5,-222.0,-217.90000915527344,-197.95999145507812
3040,-255.3199920654297,26.951614379882812,7.886768341064453,36.52244758605957,-255.32000732421875,-254.0,24.80841827392578,-302.1600036621094,-296.1000061035156,-286.20001220703125,-270.25,-254.0,-238.0,-222.0,-217.90000915527344,-198.0
3080,-256.5,26.814550399780273,7.925102233886719,36.31375503540039,-256.5,-256.5,25.42341423034668,-310.20001220703125,-298.04998779296875,-288.1000061035156,-271.25,-256.5,-239.75,-222.0,-217.90000915527344,-198.0
3120,-257.6399841308594,26.678356170654297,7.979601860046387,36.10132122039795,-257.6400146484375,-259.0,25.12270736694336,-310.20001220703125,-298.1499938964844,-289.0,-274.0,-259.0,-240.75,-227.60000610351562,-217.90000915527344,-211.71994018554688
3160,-258.55999755859375,26.533885955810547,8.041629791259766,35.873555183410645,-258.55999755859375,-259.5,24.539077758789062,-310.20001220703125,-298.20001220703125,-289.0,-274.0,-259.5,-241.75,-227.8000030517578,-221.95001220703125,-213.95999145507812
3200,-259.6199951171875,26.391414642333984,8.071992874145508,35.66041088104248,-259.6199951171875,-260.0,25.26134490966797,-310.20001220703125,-302.25,-290.0,-274.0,-260.0,-241.75,-227.89999389648438,-222.0,-213.95999145507812
3240,-260.8800048828125,26.24557113647461,8.131422996520996,35.43180751800537,-260.8800048828125,-260.5,25.406803131103516,-320.1400146484375,-302.29998779296875,-290.0,-275.0,-260.5,-242.0,-229.8000030517578,-223.90000915527344,-215.91998291015625
3280,-262.47998046875,26.10611343383789,8.183998107910156,35.20956230163574,-262.4800109863281,-262.5,25.37497901916504,-320.1400146484375,-302.29998779296875,-291.1000061035156,-278.5,-262.5,-243.5,-230.0,-225.90000915527344,-221.79995727539062
3320,-264.67999267578125,25.950292587280273,8.233027458190918,34.97194862365723,-264.67999267578125,-266.0,24.9947509765625,-320.1400146484375,-302.29998779296875,-294.0,-282.0,-266.0,-246.0,-233.8000030517578,-227.95001220703125,-221.79995727539062
3360,-265.2599792480469,25.804555892944336,8.29472541809082,34.73395252227783,-265.260009765625,-266.5,24.79621696472168,-320.1400146484375,-302.29998779296875,-294.0,-282.0,-266.5,-247.0,-233.8000030517578,-227.95001220703125,-221.79995727539062
3400,-266.94000244140625,25.646862030029297,8.331727981567383,34.49251651763916,-266.94000244140625,-267.5,25.421966552734375,-320.1400146484375,-308.0,-299.29998779296875,-284.0,-267.5,-250.0,-234.89999389648438,-228.0,-221.79995727539062
3440,-267.47998046875,25.482433319091797,8.358428001403809,34.24907875061035,-267.4800109863281,-267.5,25.64389991760254,-320.1400146484375,-308.0,-299.29998779296875,-284.0,-267.5,-250.75,-234.89999389648438,-228.0,-221.79995727539062
3480,-268.6999816894531,25.32423210144043,8.411669731140137,34.00058174133301,-268.70001220703125,-267.5,26.02748680114746,-320.1400146484375,-312.1000061035156,-302.0,-286.0,-267.5,-251.5,-235.89999389648438,-228.0,-221.79995727539062
3520,-270.3599853515625,25.170883178710938,8.456174850463867,33.75442886352539,-270.3599853515625,-270.0,25.309886932373047,-324.05999755859375,-313.04998779296875,-302.0,-286.0,-270.0,-253.75,-238.0,-231.80001831054688,-223.95999145507812
3560,-272.2200012207031,25.015636444091797,8.50266170501709,33.5124626159668,-272.2200012207031,-274.0,25.712867736816406,-324.05999755859375,-314.1000061035156,-302.1000061035156,-289.25,-274.0,-254.75,-238.0,-231.80001831054688,-223.95999145507812
3600,-273.5799865722656,24.852771759033203,8.559889793395996,33.24869155883789,-273.5799865722656,-275.0,26.399688720703125,-327.0199890136719,-316.29998779296875,-308.0,-292.0,-275.0,-255.75,-239.8000030517578,-231.80001831054688,-223.95999145507812
3640,-274.9599914550781,24.712692260742188,8.608728408813477,33.01568126678467,-274.9599914550781,-276.5,26.82234764099121,-328.2799987792969,-322.0,-308.0,-292.0,-276.5,-256.0,-241.60000610351562,-231.80001831054688,-223.95999145507812
3680,-276.7200012207031,24.572477340698242,8.656092643737793,32.78105545043945,-276.7200012207031,-277.5,26.452251434326172,-328.2799987792969,-322.0,-308.0,-295.0,-277.5,-256.75,-242.0,-235.95001220703125,-225.95999145507812
3720,-277.8599853515625,24.41849136352539,8.682477951049805,32.54197120666504,-277.8599853515625,-279.0,25.652687072753906,-328.2799987792969,-322.20001220703125,-308.0,-298.0,-279.0,-259.25,-244.0,-240.0,-231.87997436523438
3760,-279.6199951171875,24.2806396484375,8.72751235961914,32.31468868255615,-279.6199951171875,-280.0,24.878416061401367,-328.2799987792969,-322.20001220703125,-308.0,-299.0,-280.0,-263.5,-245.8000030517578,-240.0,-234.9399871826172
3800,-280.5199890136719,24.134185791015625,8.756723403930664,32.07255458831787,-280.5199890136719,-282.0,25.152528762817383,-328.2799987792969,-322.20001220703125,-308.3999938964844,-299.25,-282.0,-263.5,-245.8000030517578,-240.0,-234.9399871826172
3840,-281.82000732421875,23.984825134277344,8.809309005737305,31.821269512176514,-281.82000732421875,-282.0,24.763837814331055,-331.2200012207031,-322.20001220703125,-308.3999938964844,-300.0,-282.0,-264.75,-247.8000030517578,-240.0,-236.8999786376953
3880,-282.7599792480469,23.837955474853516,8.842241287231445,31.587014198303223,-282.760009765625,-282.0,24.353694915771484,-331.2200012207031,-324.1000061035156,-308.3999938964844,-300.0,-282.0,-266.0,-249.8000030517578,-243.80001831054688,-236.8999786376953
3920,-284.05999755859375,23.684795379638672,8.874242782592773,31.3389253616333,-284.05999755859375,-284.0,24.275014877319336,-331.2200012207031,-324.1000061035156,-310.20001220703125,-300.0,-284.0,-266.0,-250.0,-245.90000915527344,-239.8399658203125
3960,-284.97998046875,23.547157287597656,8.916584014892578,31.107254028320312,-284.9800109863281,-284.0,24.489990234375,-337.1000061035156,-326.1000061035156,-312.20001220703125,-300.5,-284.0,-269.5,-250.0,-245.90000915527344,-239.8399658203125
4000,-285.8800048828125,23.39362144470215,8.953092575073242,30.86188316345215,-285.8800048828125,-285.5,24.87218475341797,-337.1000061035156,-328.1000061035156,-314.20001220703125,-302.0,-285.5,-269.5,-250.0,-245.90000915527344,-239.8399658203125
4040,-286.6999816894531,23.2393856048584,8.991264343261719,30.605571269989014,-286.70001220703125,-288.0,24.994199752807617,-337.1000061035156,-328.1000061035156,-316.29998779296875,-303.25,-288.0,-269.5,-250.0,-246.95001220703125,-243.75994873046875
4080,-287.6600036621094,23.08881378173828,9.017786026000977,30.363978385925293,-287.6600036621094,-288.5,24.919960021972656,-342.0,-330.20001220703125,-316.29998779296875,-304.0,-288.5,-271.5,-253.60000610351562,-246.95001220703125,-244.0
4120,-288.2599792480469,22.947067260742188,9.038504600524902,30.13062810897827,-288.260009765625,-289.5,24.797021865844727,-342.0,-330.20001220703125,-319.0,-304.0,-289.5,-271.5,-255.8000030517578,-247.95001220703125,-244.0
4160,-289.29998779296875,22.79317283630371,9.084054946899414,29.86983060836792,-289.29998779296875,-291.5,24.869056701660156,-342.0,-330.20001220703125,-319.1000061035156,-306.5,-291.5,-271.5,-256.0,-247.95001220703125,-244.0
4200,-290.67999267578125,22.649137496948242,9.124004364013672,29.622589111328125,-290.67999267578125,-293.5,24.388883590698242,-342.0,-332.1000061035156,-319.1000061035156,-308.0,-293.5,-272.0,-259.6000061035156,-249.90000915527344,-244.0
4240,-291.1999816894531,22.494029998779297,9.15926742553711,29.360887050628662,-291.20001220703125,-293.5,24.670631408691406,-342.0,-334.1000061035156,-320.0,-310.0,-293.5,-272.75,-259.6000061035156,-249.90000915527344,-244.0
4280,-291.91998291015625,22.355083465576172,9.21796703338623,29.102683067321777,-291.9200134277344,-294.5,24.33173942565918,-342.0,-334.1000061035156,-320.0,-310.0,-294.5,-274.0,-259.6000061035156,-249.90000915527344,-246.9399871826172
4320,-292.17999267578125,22.217247009277344,9.241596221923828,28.86788034439087,-292.17999267578125,-294.5,24.468910217285156,-342.0,-334.1000061035156,-322.0,-310.0,-294.5,-274.0,-259.6000061035156,-249.90000915527344,-246.9399871826172
4360,-293.2799987792969,22.06399154663086,9.272899627685547,28.6183180809021,-293.2799987792969,-295.0,24.495746612548828,-343.1000061035156,-334.1000061035156,-322.3999938964844,-310.25,-295.0,-275.5,-260.0,-253.85000610351562,-247.91998291015625
4400,-294.5799865722656,21.92128562927246,9.320539474487305,28.366273403167725,-294.5799865722656,-297.0,24.665433883666992,-348.1400146484375,-334.1000061035156,-326.20001220703125,-311.25,-297.0,-275.5,-263.70001220703125,-254.0,-247.95999145507812
4440,-295.5799865722656,21.782577514648438,9.359915733337402,28.120147705078125,-295.5799865722656,-298.0,25.00847053527832,-354.0199890136719,-334.1000061035156,-328.0,-312.5,-298.0,-276.0,-263.70001220703125,-254.0,-247.95999145507812
4480,-296.29998779296875,21.640853881835938,9.373476028442383,27.88136577606201,-296.29998779296875,-299.0,24.731964111328125,-354.0199890136719,-334.20001220703125,-328.0,-314.0,-299.0,-276.0,-265.79998779296875,-255.90000915527344,-247.95999145507812
4520,-297.3999938964844,21.48616600036621,9.401515007019043,27.614683628082275,-297.3999938964844,-300.0,24.321184158325195,-354.0199890136719,-334.20001220703125,-328.0,-314.0,-300.0,-279.5,-267.79998779296875,-255.90000915527344,-248.0
4560,-297.9599914550781,21.3137264251709,9.40382194519043,27.345849990844727,-297.9599914550781,-300.0,24.087308883666992,-354.0199890136719,-334.20001220703125,-328.0,-314.0,-300.0,-281.5,-267.79998779296875,-255.90000915527344,-249.95999145507812
4600,-298.739990234375,21.17001724243164,9.447083473205566,27.085845947265625,-298.739990234375,-300.0,24.318971633911133,-355.05999755859375,-334.20001220703125,-328.1000061035156,-316.0,-300.0,-282.0,-268.0,-257.8000183105469,-250.0
4640,-299.4599914550781,21.02942657470703,9.49184513092041,26.82560157775879,-299.4599914550781,-300.0,24.203893661499023,-355.05999755859375,-336.1000061035156,-329.1000061035156,-316.0,-300.0,-284.0,-269.79998779296875,-257.8000183105469,-250.0
4680,-299.8599853515625,20.881267547607422,9.509506225585938,26.57434844970703,-299.8599853515625,-301.0,24.128416061401367,-355.05999755859375,-336.1000061035156,-329.1000061035156,-316.5,-301.0,-284.0,-270.0,-257.8000183105469,-250.0
4720,-301.0,20.736787796020508,9.52621841430664,26.326406002044678,-301.0,-302.0,24.477745056152344,-355.05999755859375,-338.25,-331.1000061035156,-318.0,-302.0,-284.0,-271.79998779296875,-258.0,-250.0
4760,-301.6199951171875,20.595176696777344,9.536201477050781,26.089602947235107,-301.6199951171875,-302.5,24.3050537109375,-355.05999755859375,-340.1499938964844,-331.1000061035156,-318.0,-302.5,-284.0,-272.0,-261.8000183105469,-253.91998291015625
4800,-301.9599914550781,20.452194213867188,9.549846649169922,25.849528789520264,-301.9599914550781,-303.0,24.380287170410156,-355.05999755859375,-342.04998779296875,-331.1000061035156,-318.0,-303.0,-284.0,-272.0,-261.8000183105469,-253.91998291015625
4840,-302.5,20.298891067504883,9.566194534301758,25.58738613128662,-302.5,-303.5,24.415363311767578,-355.05999755859375,-342.04998779296875,-332.0,-318.0,-303.5,-284.0,-272.0,-261.8000183105469,-253.91998291015625
4880,-303.4599914550781,20.160633087158203,9.595663070678711,25.33500909805298,-303.4599914550781,-304.5,24.169160842895508,-355.05999755859375,-342.04998779296875,-332.0,-318.0,-304.5,-285.75,-272.8999938964844,-261.8000183105469,-253.91998291015625
4920,-304.2799987792969,20.004802703857422,9.610671043395996,25.073922157287598,-304.2799987792969,-306.5,24.57318878173828,-355.260009765625,-343.04998779296875,-332.20001220703125,-318.25,-306.5,-285.75,-273.8999938964844,-261.8000183105469,-253.91998291015625
4960,-305.1199951171875,19.8503475189209,9.635763168334961,24.809210300445557,-305.1199951171875,-307.0,24.20713996887207,-355.260009765625,-344.1499938964844,-332.20001220703125,-319.0,-307.0,-285.75,-276.70001220703125,-269.60003662109375,-253.91998291015625
5000,-306.0,19.704055786132812,9.650457382202148,24.553947925567627,-306.0,-307.5,24.108919143676758,-355.260009765625,-346.04998779296875,-332.3999938964844,-320.5,-307.5,-286.0,-277.8999938964844,-271.50006103515625,-253.91998291015625
5040,-306.7799987792969,19.56252670288086,9.675304412841797,24.297232627868652,-306.7799987792969,-309.0,23.80150604248047,-355.260009765625,-346.04998779296875,-334.20001220703125,-321.25,-309.0,-286.0,-278.0,-271.8000183105469,-259.8799743652344
5080,-307.3999938964844,19.403488159179688,9.683248519897461,24.038694381713867,-307.3999938964844,-311.0,23.76299476623535,-355.260009765625,-346.1000061035156,-334.20001220703125,-321.25,-311.0,-286.0,-278.0,-271.8000183105469,-261.9599914550781
5120,-307.9599914550781,19.26020622253418,9.686348915100098,23.80037546157837,-307.9599914550781,-312.0,23.99246597290039,-355.260009765625,-348.20001220703125,-336.20001220703125,-322.0,-312.0,-286.0,-278.0,-271.8000183105469,-261.9599914550781
5160,-308.6399841308594,19.124719619750977,9.69288158416748,23.558576583862305,-308.6400146484375,-312.0,23.941394805908203,-355.260009765625,-348.20001220703125,-336.20001220703125,-322.0,-312.0,-288.0,-278.0,-271.8000183105469,-261.9599914550781
5200,-309.1000061035156,18.982486724853516,9.710916519165039,23.303214073181152,-309.1000061035156,-312.0,23.988121032714844,-355.260009765625,-348.20001220703125,-338.29998779296875,-322.0,-312.0,-289.5,-278.0,-271.8000183105469,-261.9599914550781
5240,-309.41998291015625,18.83447265625,9.697628021240234,23.060636520385742,-309.4200134277344,-313.0,23.86343765258789,-355.260009765625,-348.20001220703125,-338.29998779296875,-324.0,-313.0,-291.5,-278.0,-271.8000183105469,-262.0
5280,-310.1600036621094,18.68702507019043,9.702625274658203,22.796592712402344,-310.1600036621094,-313.0,23.739721298217773,-355.260009765625,-350.1000061035156,-338.29998779296875,-324.5,-313.0,-292.0,-278.0,-271.8000183105469,-262.0
5320,-310.7599792480469,18.553930282592773,9.705707550048828,22.56769847869873,-310.760009765625,-313.0,23.745786666870117,-355.260009765625,-350.1000061035156,-338.3999938964844,-324.5,-313.0,-292.75,-278.8999938964844,-275.60003662109375,-263.9599914550781
5360,-311.3999938964844,18.414592742919922,9.708292961120605,22.329290866851807,-311.3999938964844,-314.0,23.91234016418457,-356.239990234375,-350.25,-338.3999938964844,-326.25,-314.0,-292.75,-279.8999938964844,-275.60003662109375,-263.9599914550781
5400,-312.05999755859375,18.272624969482422,9.700927734375,22.08163547515869,-312.05999755859375,-314.0,23.89720344543457,-356.239990234375,-350.25,-342.1000061035156,-327.25,-314.0,-292.75,-281.79998779296875,-275.60003662109375,-263.9599914550781
5440,-312.2200012207031,18.128650665283203,9.675249099731445,21.85283613204956,-312.2200012207031,-314.0,23.84683609008789,-357.2200012207031,-350.25,-342.1000061035156,-327.25,-314.0,-295.0,-281.79998779296875,-275.60003662109375,-264.0
5480,-312.4599914550781,17.994251251220703,9.689719200134277,21.60310983657837,-312.4599914550781,-314.0,23.793874740600586,-357.2200012207031,-350.25,-342.1000061035156,-328.0,-314.0,-295.0,-281.79998779296875,-275.60003662109375,-264.0
5520,-312.6999816894531,17.84850311279297,9.686179161071777,21.34970474243164,-312.70001220703125,-314.0,23.6793155670166,-357.2200012207031,-350.25,-342.1000061035156,-328.0,-314.0,-296.0,-281.79998779296875,-275.70001220703125,-264.0
5560,-313.05999755859375,17.72781753540039,9.7001371383667,21.118894577026367,-313.05999755859375,-314.0,23.567699432373047,-357.2200012207031,-350.25,-342.1000061035156,-328.0,-314.0,-296.0,-283.79998779296875,-275.9000244140625,-264.0
5600,-313.44000244140625,17.585956573486328,9.706153869628906,20.864998817443848,-313.44000244140625,-315.0,23.55008316040039,-357.2200012207031,-350.25,-342.1000061035156,-329.0,-315.0,-296.0,-284.0,-275.9000244140625,-264.0
5640,-313.8800048828125,17.461864471435547,9.719688415527344,20.62568426132202,-313.8800048828125,-316.0,23.44153594970703,-357.2200012207031,-350.29998779296875,-342.1000061035156,-329.0,-316.0,-298.0,-284.0,-275.9000244140625,-265.9599914550781
5680,-314.4599914550781,17.33917236328125,9.7351713180542,20.3798885345459,-314.4599914550781,-317.0,23.66153907775879,-357.2200012207031,-350.29998779296875,-346.1000061035156,-330.0,-317.0,-298.0,-284.0,-275.9000244140625,-265.9599914550781
5720,-314.8999938964844,17.218122482299805,9.74119758605957,20.152055263519287,-314.8999938964844,-318.0,23.475730895996094,-357.2200012207031,-350.29998779296875,-346.1000061035156,-331.25,-318.0,-298.0,-284.8999938964844,-277.9000244140625,-266.0
5760,-315.2200012207031,17.0897274017334,9.751299858093262,19.911704540252686,-315.2200012207031,-318.0,23.45360565185547,-357.260009765625,-350.29998779296875,-346.1000061035156,-332.0,-318.0,-298.0,-285.8999938964844,-277.9000244140625,-266.0
5800,-315.67999267578125,16.960336685180664,9.770999908447266,19.656474590301514,-315.67999267578125,-318.0,23.345613479614258,-357.260009765625,-350.29998779296875,-346.1000061035156,-332.25,-318.0,-298.0,-285.8999938964844,-277.9000244140625,-266.0
5840,-316.17999267578125,16.839834213256836,9.789957046508789,19.420117378234863,-316.17999267578125,-318.0,23.33168601989746,-357.260009765625,-350.29998779296875,-346.1000061035156,-332.25,-318.0,-299.5,-285.8999938964844,-277.9000244140625,-266.0
5880,-316.2599792480469,16.72486114501953,9.78968620300293,19.197482109069824,-316.260009765625,-318.0,23.39257049560547,-357.260009765625,-350.29998779296875,-346.1000061035156,-333.0,-318.0,-299.5,-285.8999938964844,-277.9000244140625,-266.0
5920,-316.55999755859375,16.619705200195312,9.8101806640625,18.977734088897705,-316.55999755859375,-318.0,23.383893966674805,-357.260009765625,-350.29998779296875,-347.1000061035156,-333.25,-318.0,-299.5,-285.8999938964844,-277.9000244140625,-266.0
5960,-317.05999755859375,16.503389358520508,9.825553894042969,18.743776321411133,-317.05999755859375,-320.0,23.554115295410156,-358.239990234375,-350.3500061035156,-347.1000061035156,-334.0,-320.0,-299.5,-285.8999938964844,-277.9000244140625,-266.0
6000,-317.5199890136719,16.383129119873047,9.847089767456055,18.492363452911377,-317.5199890136719,-320.0,23.373695373535156,-360.20001220703125,-350.3500061035156,-348.1000061035156,-334.0,-320.0,-300.75,-286.0,-283.60003662109375,-266.0
6040,-317.8800048828125,16.280597686767578,9.869322776794434,18.26380205154419,-317.8800048828125,-320.0,23.339786529541016,-360.20001220703125,-350.3500061035156,-348.1000061035156,-334.5,-320.0,-301.75,-286.0,-283.60003662109375,-266.0
6080,-318.1600036621094,16.157886505126953,9.87221908569336,18.02189016342163,-318.1600036621094,-321.0,23.482213973999023,-360.20001220703125,-355.1000061035156,-348.1000061035156,-335.25,-321.0,-301.75,-286.0,-283.60003662109375,-266.0
6120,-318.2599792480469,16.04312515258789,9.881152153015137,17.77693271636963,-318.260009765625,-321.0,23.430160522460938,-360.20001220703125,-355.1000061035156,-348.1000061035156,-335.25,-321.0,-301.75,-286.0,-283.60003662109375,-266.0
6160,-318.739990234375,15.935893058776855,9.888449668884277,17.563372135162354,-318.739990234375,-322.0,23.45490264892578,-361.17999267578125,-355.1000061035156,-348.1000061035156,-335.25,-322.0,-303.5,-286.0,-283.60003662109375,-266.0
6200,-319.0,15.826726913452148,9.894679069519043,17.34360122680664,-319.0,-322.0,23.415380477905273,-361.17999267578125,-355.1000061035156,-348.1000061035156,-336.0,-322.0,-303.5,-286.0,-283.60003662109375,-266.0
6240,-319.29998779296875,15.727703094482422,9.887922286987305,17.142256259918213,-319.29998779296875,-322.0,23.389528274536133,-361.17999267578125,-355.1000061035156,-348.1000061035156,-336.25,-322.0,-304.0,-286.0,-283.60003662109375,-266.0
6280,-319.7799987792969,15.611970901489258,9.860762596130371,16.937559604644775,-319.7799987792969,-322.0,23.22394561767578,-361.2200012207031,-355.1000061035156,-349.1000061035156,-336.25,-322.0,-305.5,-286.0,-283.60003662109375,-266.0
6320,-320.0799865722656,15.516761779785156,9.880558013916016,16.72178602218628,-320.0799865722656,-322.0,23.118684768676758,-361.2200012207031,-356.04998779296875,-350.0,-336.25,-322.0,-305.5,-287.79998779296875,-283.60003662109375,-267.9599914550781
6360,-320.32000732421875,15.407081604003906,9.88044261932373,16.493065357208252,-320.32000732421875,-324.0,23.022979736328125,-361.2200012207031,-356.04998779296875,-350.0,-336.25,-324.0,-305.5,-287.79998779296875,-283.60003662109375,-271.8799743652344
6400,-320.4599914550781,15.288442611694336,9.869905471801758,16.269140005111694,-320.4599914550781,-324.0,22.98931121826172,-361.2200012207031,-356.04998779296875,-350.0,-336.25,-324.0,-305.5,-289.6000061035156,-283.60003662109375,-271.8799743652344
6440,-320.67999267578125,15.198634147644043,9.878084182739258,16.057705402374268,-320.67999267578125,-324.0,23.20985984802246,-370.0400085449219,-356.04998779296875,-350.0,-337.25,-324.0,-305.5,-289.6000061035156,-283.60003662109375,-271.8799743652344
6480,-321.0199890136719,15.101160049438477,9.88723373413086,15.837891101837158,-321.0199890136719,-324.0,23.174978256225586,-370.0400085449219,-356.04998779296875,-350.0,-338.0,-324.0,-305.5,-290.0,-283.60003662109375,-271.8799743652344
6520,-321.47998046875,15.004371643066406,9.872346878051758,15.63876748085022,-321.4800109863281,-324.0,23.214855194091797,-370.0400085449219,-356.04998779296875,-350.0,-338.25,-324.0,-306.0,-290.0,-283.60003662109375,-271.8799743652344
6560,-321.6999816894531,14.909316062927246,9.879775047302246,15.424299955368042,-321.70001220703125,-324.0,23.139360427856445,-370.0400085449219,-356.04998779296875,-350.0,-338.25,-324.0,-306.0,-290.0,-283.60003662109375,-271.8799743652344
6600,-321.9599914550781,14.798243522644043,9.864706993103027,15.208695888519287,-321.9599914550781,-324.5,23.191343307495117,-370.0400085449219,-356.04998779296875,-350.0,-338.25,-324.5,-306.0,-290.0,-283.60003662109375,-271.8799743652344
6640,-322.1199951171875,14.732566833496094,9.897860527038574,15.015227556228638,-322.1199951171875,-325.5,23.07001304626465,-370.0400085449219,-356.04998779296875,-350.0,-338.25,-325.5,-306.0,-290.0,-283.9000244140625,-271.8799743652344
6680,-322.4599914550781,14.649877548217773,9.90060043334961,14.822887659072876,-322.4599914550781,-325.5,22.893413543701172,-370.0400085449219,-357.0,-350.0,-338.5,-325.5,-306.75,-290.0,-283.9000244140625,-275.7999572753906
6720,-322.6999816894531,14.54545783996582,9.894545555114746,14.618252515792847,-322.70001220703125,-326.0,22.833091735839844,-370.0400085449219,-357.0,-350.0,-338.5,-326.0,-307.75,-290.0,-283.9000244140625,-275.7999572753906
6760,-323.0199890136719,14.448710441589355,9.899496078491211,14.40448522567749,-323.0199890136719,-326.0,22.847309112548828,-370.0400085449219,-357.20001220703125,-350.0,-338.5,-326.0,-308.0,-290.0,-283.9000244140625,-275.7999572753906
6800,-323.1199951171875,14.355319023132324,9.902453422546387,14.203961849212646,-323.1199951171875,-326.0,22.856632232666016,-370.0400085449219,-357.20001220703125,-350.0,-338.5,-326.0,-308.0,-290.0,-283.9000244140625,-275.7999572753906
6840,-323.2599792480469,14.271833419799805,9.899147033691406,14.029423475265503,-323.260009765625,-326.0,22.886945724487305,-370.0400085449219,-357.20001220703125,-350.0,-338.5,-326.0,-309.5,-290.0,-283.9000244140625,-275.7999572753906
6880,-323.47998046875,14.191854476928711,9.905264854431152,13.847261428833008,-323.4800109863281,-326.0,22.787927627563477,-370.0400085449219,-357.20001220703125,-350.0,-338.5,-326.0,-309.5,-290.0,-283.9000244140625,-275.7999572753906
6920,-323.67999267578125,14.112813949584961,9.926434516906738,13.642650127410889,-323.67999267578125,-326.0,22.664897918701172,-372.0,-358.1499938964844,-350.0,-338.5,-326.0,-309.5,-290.0,-283.9000244140625,-275.8399658203125
6960,-323.9599914550781,14.029966354370117,9.93843936920166,13.440629720687866,-323.9599914550781,-326.0,22.668886184692383,-372.0,-361.0,-350.0,-338.5,-326.0,-310.0,-290.0,-283.9000244140625,-275.8399658203125
7000,-324.03997802734375,13.948822021484375,9.924705505371094,13.272629022598267,-324.0400085449219,-326.0,22.64858627319336,-372.0,-361.0,-350.0,-339.25,-326.0,-311.5,-291.79998779296875,-283.9000244140625,-275.8399658203125
7040,-324.1600036621094,13.89477825164795,9.946568489074707,13.10252594947815,-324.1600036621094,-326.0,22.568437576293945,-372.0,-361.0,-350.0,-340.0,-326.0,-312.0,-291.79998779296875,-283.9000244140625,-275.8399658203125
7080,-324.2200012207031,13.839941024780273,9.964407920837402,12.941125631332397,-324.2200012207031,-326.5,22.585649490356445,-372.0,-361.0,-350.0,-340.0,-326.5,-312.0,-291.79998779296875,-283.9000244140625,-275.8399658203125
7120,-324.3399963378906,13.74143123626709,9.956928253173828,12.742542266845703,-324.3399963378906,-326.5,22.560239791870117,-372.0,-361.0,-350.0,-340.0,-326.5,-312.0,-291.79998779296875,-283.9000244140625,-275.8399658203125
7160,-324.5799865722656,13.634988784790039,9.933012962341309,12.539289712905884,-324.5799865722656,-326.5,22.51629638671875,-372.0,-361.0,-350.0,-340.0,-326.5,-312.0,-291.79998779296875,-283.9000244140625,-275.8399658203125
7200,-324.7599792480469,13.565961837768555,9.935469627380371,12.365610122680664,-324.760009765625,-326.5,22.435293197631836,-372.0,-361.0,-350.0,-340.0,-326.5,-312.0,-291.79998779296875,-283.9000244140625,-275.8399658203125
7240,-324.9599914550781,13.466856002807617,9.91116714477539,12.172944068908691,-324.9599914550781,-326.5,22.329317092895508,-372.0,-361.0,-350.0,-340.0,-326.5,-312.0,-291.79998779296875,-283.9000244140625,-277.7999572753906
7280,-325.1199951171875,13.419086456298828,9.927389144897461,12.005055665969849,-325.1199951171875,-326.5,22.233882904052734,-372.0,-361.0,-350.0,-340.0,-326.5,-312.0,-291.79998779296875,-283.9000244140625,-277.7999572753906
7320,-325.1999816894531,13.339293479919434,9.920948028564453,11.82249903678894,-325.20001220703125,-327.5,22.11967658996582,-372.0,-361.0,-350.0,-340.0,-327.5,-312.0,-291.79998779296875,-284.95001220703125,-279.75994873046875
7360,-325.3399963378906,13.274335861206055,9.927911758422852,11.66550898551941,-325.3399963378906,-327.5,22.151395797729492,-372.0,-361.0,-350.0,-340.0,-327.5,-313.5,-291.79998779296875,-284.95001220703125,-279.75994873046875
7400,-325.6000061035156,13.197578430175781,9.924430847167969,11.4955894947052,-325.6000061035156,-327.5,22.225210189819336,-372.0,-361.0,-350.0,-340.25,-327.5,-314.0,-291.79998779296875,-284.95001220703125,-279.75994873046875
7440,-325.6999816894531,13.139013290405273,9.926250457763672,11.337707281112671,-325.70001220703125,-327.5,22.27801513671875,-372.0,-361.0,-350.0,-340.25,-327.5,-314.0,-291.79998779296875,-284.95001220703125,-279.75994873046875
7480,-325.6999816894531,13.105033874511719,9.956609725952148,11.19458556175232,-325.70001220703125,-327.5,22.27801513671875,-372.0,-361.0,-350.0,-340.25,-327.5,-314.0,-291.79998779296875,-284.95001220703125,-279.75994873046875
7520,-325.7799987792969,13.044772148132324,9.961443901062012,11.029454231262207,-325.7799987792969,-328.0,22.27895164489746,-372.0,-361.0,-350.0,-340.25,-328.0,-314.0,-291.79998779296875,-284.95001220703125,-279.75994873046875
7560,-325.8800048828125,12.968330383300781,9.944884300231934,10.869096279144287,-325.8800048828125,-328.0,22.273427963256836,-372.0,-361.0,-350.0,-340.25,-328.0,-314.0,-291.79998779296875,-284.95001220703125,-279.75994873046875
7600,-326.1199951171875,12.903509140014648,9.955331802368164,10.694252967834473,-326.1199951171875,-329.0,22.205982208251953,-372.0,-361.0,-350.0,-341.0,-329.0,-314.0,-291.79998779296875,-284.95001220703125,-281.7199401855469
7640,-326.1999816894531,12.821674346923828,9.949787139892578,10.500405550003052,-326.20001220703125,-330.0,22.236005783081055,-372.0,-361.0,-350.0,-341.0,-330.0,-314.0,-291.79998779296875,-284.95001220703125,-281.7199401855469
7680,-326.41998291015625,12.768942832946777,9.960638999938965,10.349749326705933,-326.4200134277344,-330.0,22.101213455200195,-372.0,-361.0,-350.0,-341.0,-330.0,-314.0,-291.79998779296875,-284.95001220703125,-281.75994873046875
7720,-326.47998046875,12.718215942382812,9.968414306640625,10.19599723815918,-326.4800109863281,-330.0,22.06648063659668,-372.0,-361.0,-350.0,-341.0,-330.0,-314.0,-291.79998779296875,-284.95001220703125,-281.75994873046875
7760,-326.53997802734375,12.647298812866211,9.966878890991211,10.021337747573853,-326.5400085449219,-331.0,22.08411979675293,-372.0,-361.0,-350.0,-341.0,-331.0,-314.0,-291.79998779296875,-284.95001220703125,-281.75994873046875
7800,-326.6000061035156,12.596633911132812,9.972029685974121,9.870365381240845,-326.6000061035156,-331.0,22.05810546875,-372.0,-361.0,-350.0,-341.0,-331.0,-314.0,-291.79998779296875,-284.95001220703125,-281.75994873046875
7840,-326.6999816894531,12.530874252319336,9.966849327087402,9.714767456054688,-326.70001220703125,-331.0,22.02339744567871,-372.0,-361.0,-350.0,-341.0,-331.0,-315.5,-291.79998779296875,-284.95001220703125,-281.75994873046875
7880,-326.739990234375,12.483808517456055,9.985285758972168,9.545971393585205,-326.739990234375,-331.0,22.043874740600586,-372.0,-361.0,-350.0,-341.0,-331.0,-315.5,-291.79998779296875,-284.95001220703125,-281.75994873046875
7920,-326.94000244140625,12.424423217773438,9.983316421508789,9.40469765663147,-326.94000244140625,-331.0,22.01264190673828,-372.0,-361.0,-350.0,-341.0,-331.0,-315.5,-291.79998779296875,-284.95001220703125,-283.7199401855469
7960,-326.94000244140625,12.363410949707031,9.979411125183105,9.258334875106812,-326.94000244140625,-331.0,22.01264190673828,-372.0,-361.0,-350.0,-341.0,-331.0,-315.5,-291.79998779296875,-284.95001220703125,-283.7199401855469
8000,-327.05999755859375,12.316610336303711,9.98417854309082,9.112918376922607,-327.05999755859375,-331.0,22.005373001098633,-372.0,-361.0,-350.0,-341.0,-331.0,-315.5,-291.79998779296875,-284.95001220703125,-283.7199401855469
8040,-327.0799865722656,12.277029037475586,9.989988327026367,8.973735809326172,-327.0799865722656,-331.0,21.994400024414062,-372.0,-361.0,-350.0,-341.0,-331.0,-316.0,-291.79998779296875,-284.95001220703125,-283.7199401855469
8080,-327.1600036621094,12.230545043945312,9.98629379272461,8.835935354232788,-327.1600036621094,-332.0,22.012144088745117,-372.0,-361.0,-350.0,-341.0,-332.0,-316.0,-291.79998779296875,-284.95001220703125,-283.7199401855469
8120,-327.2799987792969,12.174758911132812,9.974310874938965,8.689960956573486,-327.2799987792969,-333.0,22.016393661499023,-372.0,-361.0,-350.0,-341.0,-333.0,-316.0,-291.79998779296875,-284.95001220703125,-283.7199401855469
8160,-327.47998046875,12.123281478881836,9.977420806884766,8.554354667663574,-327.4800109863281,-333.0,21.953805923461914,-372.0,-361.0,-350.0,-341.0,-333.0,-316.0,-291.79998779296875,-287.8500061035156,-283.7199401855469
8200,-327.55999755859375,12.077055931091309,9.975092887878418,8.429773330688477,-327.55999755859375,-333.0,21.985593795776367,-372.0,-361.0,-350.0,-341.0,-333.0,-316.0,-291.79998779296875,-287.8500061035156,-283.7199401855469
8240,-327.6000061035156,12.050684928894043,9.998015403747559,8.288297891616821,-327.6000061035156,-333.0,21.995454788208008,-372.0,-361.0,-350.0,-341.0,-333.0,-316.0,-291.79998779296875,-287.8500061035156,-283.7199401855469
8280,-327.67999267578125,12.011340141296387,10.002370834350586,8.156264305114746,-327.67999267578125,-334.0,22.011306762695312,-372.0,-361.0,-350.0,-341.0,-334.0,-316.0,-291.79998779296875,-287.8500061035156,-283.7199401855469
8320,-327.739990234375,11.971475601196289,10.009361267089844,8.006860256195068,-327.739990234375,-334.0,22.03116798400879,-372.0,-361.0,-350.0,-341.0,-334.0,-316.0,-291.79998779296875,-287.8500061035156,-283.7199401855469
8360,-327.8399963378906,11.940703392028809,10.013833045959473,7.879733443260193,-327.8399963378906,-334.0,22.07655906677246,-372.0,-361.0,-350.0,-341.0,-334.0,-316.0,-291.79998779296875,-287.8500061035156,-283.7199401855469
8400,-327.8599853515625,11.898202896118164,10.010302543640137,7.763803124427795,-327.8599853515625,-334.0,22.081222534179688,-372.0,-361.0,-350.0,-341.0,-334.0,-316.0,-291.79998779296875,-287.8500061035156,-283.7199401855469
8440,-327.8999938964844,11.828754425048828,9.98595905303955,7.648717641830444,-327.8999938964844,-334.0,22.05243682861328,-372.0,-361.0,-350.0,-341.0,-334.0,-316.0,-291.79998779296875,-287.8500061035156,-283.7199401855469
8480,-327.9599914550781,11.777422904968262,9.980280876159668,7.526517987251282,-327.9599914550781,-334.0,22.079818725585938,-372.0,-361.0,-350.0,-341.0,-334.0,-316.0,-291.79998779296875,-287.8500061035156,-283.7199401855469
8520,-328.0,11.74244213104248,9.982535362243652,7.401396870613098,-328.0,-334.0,22.10158348083496,-372.0,-361.0,-350.0,-341.25,-334.0,-316.0,-291.79998779296875,-287.8500061035156,-283.7199401855469
8560,-328.1399841308594,11.706121444702148,9.986570358276367,7.276435613632202,-328.1400146484375,-334.0,21.90936851501465,-372.0,-361.0,-350.0,-341.25,-334.0,-316.0,-295.6000061035156,-287.8500061035156,-283.7199401855469
8600,-328.239990234375,11.674127578735352,9.986370086669922,7.181273818016052,-328.239990234375,-334.0,21.958650588989258,-372.0,-361.04998779296875,-350.0,-341.25,-334.0,-316.0,-295.6000061035156,-287.8500061035156,-283.7199401855469
8640,-328.3399963378906,11.66984748840332,10.005207061767578,7.089293956756592,-328.3399963378906,-334.0,21.968259811401367,-372.0,-361.04998779296875,-350.0,-342.0,-334.0,-316.0,-295.6000061035156,-287.8500061035156,-283.7199401855469
8680,-328.3999938964844,11.623117446899414,9.994348526000977,6.97386908531189,-328.3999938964844,-334.0,22.068077087402344,-372.0,-361.3500061035156,-350.0,-342.0,-334.0,-316.0,-295.6000061035156,-287.8500061035156,-283.7199401855469
8720,-328.4599914550781,11.569459915161133,9.971026420593262,6.874401688575745,-328.4599914550781,-334.0,22.086837768554688,-372.0,-361.3500061035156,-350.0,-342.0,-334.0,-316.0,-295.6000061035156,-287.8500061035156,-283.7199401855469
8760,-328.5,11.577406883239746,10.011263847351074,6.7884215116500854,-328.5,-334.0,22.082345962524414,-372.0,-361.3500061035156,-350.0,-342.0,-334.0,-316.75,-295.6000061035156,-287.8500061035156,-283.7199401855469
8800,-328.5199890136719,11.54665756225586,10.009286880493164,6.6941986083984375,-328.5199890136719,-334.0,22.070106506347656,-372.0,-361.3500061035156,-350.0,-342.0,-334.0,-316.75,-295.6000061035156,-287.8500061035156,-283.7199401855469
8840,-328.55999755859375,11.515284538269043,10.014570236206055,6.592444658279419,-328.55999755859375,-334.0,22.091772079467773,-372.0,-361.3500061035156,-350.0,-342.0,-334.0,-316.75,-295.6000061035156,-287.8500061035156,-283.7199401855469
8880,-328.5799865722656,11.46594524383545,10.002760887145996,6.478361368179321,-328.5799865722656,-334.0,22.066797256469727,-372.0,-361.3500061035156,-350.0,-342.0,-334.0,-316.75,-295.6000061035156,-287.8500061035156,-283.7199401855469
8920,-328.6999816894531,11.450053215026855,10.009801864624023,6.382068037986755,-328.70001220703125,-334.0,22.058786392211914,-372.0,-361.3500061035156,-350.0,-342.0,-334.0,-317.5,-297.4000244140625,-287.8500061035156,-283.7199401855469
8960,-328.739990234375,11.399778366088867,9.993303298950195,6.295380353927612,-328.739990234375,-334.0,22.042964935302734,-372.0,-361.3500061035156,-350.0,-342.0,-334.0,-317.5,-297.4000244140625,-287.8500061035156,-283.7199401855469
9000,-328.82000732421875,11.363815307617188,9.992156028747559,6.194454193115234,-328.82000732421875,-334.0,22.062808990478516,-372.0,-361.3500061035156,-350.0,-342.0,-334.0,-317.5,-297.4000244140625,-287.8500061035156,-283.7199401855469
9040,-328.8599853515625,11.31352424621582,9.974896430969238,6.075220704078674,-328.8599853515625,-334.0,22.065820693969727,-372.0,-361.3500061035156,-350.0,-342.0,-334.0,-317.5,-297.4000244140625,-287.8500061035156,-283.7199401855469
9080,-328.8999938964844,11.281447410583496,9.978836059570312,5.959696173667908,-328.8999938964844,-334.0,22.06060028076172,-372.0,-361.3500061035156,-350.0,-342.0,-334.0,-317.5,-297.4000244140625,-287.8500061035156,-283.7199401855469
9120,-328.8999938964844,11.251419067382812,9.979474067687988,5.869500279426575,-328.8999938964844,-334.0,22.06060028076172,-372.0,-361.3500061035156,-350.0,-342.0,-334.0,-317.5,-297.4000244140625,-287.8500061035156,-283.7199401855469
9160,-328.91998291015625,11.208788871765137,9.960819244384766,5.786548614501953,-328.9200134277344,-334.0,22.053424835205078,-372.0,-361.3500061035156,-350.0,-342.0,-334.0,-317.5,-297.4000244140625,-287.8500061035156,-283.7199401855469
9200,-328.94000244140625,11.214906692504883,9.982413291931152,5.724145412445068,-328.94000244140625,-334.0,22.063461303710938,-372.0,-361.3500061035156,-350.0,-342.0,-334.0,-317.5,-297.4000244140625,-287.8500061035156,-283.7199401855469
9240,-329.05999755859375,11.177618026733398,9.972511291503906,5.636876225471497,-329.05999755859375,-334.0,22.0616512298584,-372.0,-361.3500061035156,-350.0,-342.0,-334.0,-318.0,-297.4000244140625,-287.8500061035156,-283.7199401855469
9280,-329.1199951171875,11.137849807739258,9.953311920166016,5.558602571487427,-329.1199951171875,-334.0,22.07046890258789,-372.0,-361.3500061035156,-350.0,-342.0,-334.0,-318.0,-297.4000244140625,-287.8500061035156,-283.7199401855469
9320,-329.1199951171875,11.140676498413086,9.984851837158203,5.469135403633118,-329.1199951171875,-334.0,22.07046890258789,-372.0,-361.3500061035156,-350.0,-342.0,-334.0,-318.0,-297.4000244140625,-287.8500061035156,-283.7199401855469
9360,-329.1600036621094,11.102916717529297,9.971586227416992,5.390496134757996,-329.1600036621094,-334.0,22.10643196105957,-372.0,-361.3500061035156,-350.1000061035156,-342.0,-334.0,-318.0,-297.4000244140625,-287.8500061035156,-283.7199401855469
9400,-329.1999816894531,11.083593368530273,9.970090866088867,5.3173112869262695,-329.20001220703125,-334.0,22.122386932373047,-372.0,-361.3500061035156,-350.1000061035156,-342.0,-334.0,-318.0,-297.4000244140625,-287.8500061035156,-283.7199401855469
9440,-329.2799987792969,11.059749603271484,9.981993675231934,5.240806937217712,-329.2799987792969,-334.0,22.137786865234375,-372.0,-361.3500061035156,-350.1000061035156,-342.0,-334.0,-318.0,-297.4000244140625,-287.8500061035156,-283.7199401855469
9480,-329.2799987792969,11.047011375427246,9.981328010559082,5.166122555732727,-329.2799987792969,-334.0,22.137786865234375,-372.0,-361.3500061035156,-350.1000061035156,-342.0,-334.0,-318.0,-297.4000244140625,-287.8500061035156,-283.7199401855469
9520,-329.2799987792969,11.01075267791748,9.96288776397705,5.089252352714539,-329.2799987792969,-334.0,22.137786865234375,-372.0,-361.3500061035156,-350.1000061035156,-342.0,-334.0,-318.0,-297.4000244140625,-287.8500061035156,-283.7199401855469
9560,-329.2799987792969,11.011316299438477,9.985042572021484,5.016359448432922,-329.2799987792969,-334.0,22.137786865234375,-372.0,-361.3500061035156,-350.1000061035156,-342.0,-334.0,-318.0,-297.4000244140625,-287.8500061035156,-283.7199401855469
9600,-329.3999938964844,10.98901653289795,9.975265502929688,4.957682371139526,-329.3999938964844,-334.0,22.131425857543945,-372.0,-361.3500061035156,-350.29998779296875,-342.0,-334.0,-318.0,-297.4000244140625,-287.8500061035156,-283.7199401855469
9640,-329.4599914550781,10.959983825683594,9.967249870300293,4.875413775444031,-329.4599914550781,-334.0,22.121219635009766,-372.0,-361.3500061035156,-350.29998779296875,-342.0,-334.0,-318.0,-297.4000244140625,-287.8500061035156,-283.7199401855469
9680,-329.53997802734375,10.933612823486328,9.95704460144043,4.810979247093201,-329.5400085449219,-334.0,22.094985961914062,-372.0,-361.3500061035156,-350.29998779296875,-342.0,-334.0,-318.0,-297.4000244140625,-287.8500061035156,-283.7199401855469
9720,-329.53997802734375,10.91694164276123,9.959583282470703,4.761354088783264,-329.5400085449219,-334.0,22.094985961914062,-372.0,-361.3500061035156,-350.29998779296875,-342.0,-334.0,-318.0,-297.4000244140625,-287.8500061035156,-283.7199401855469
9760,-329.53997802734375,10.89624309539795,9.958807945251465,4.689376473426819,-329.5400085449219,-334.0,22.094985961914062,-372.0,-361.3500061035156,-350.29998779296875,-342.0,-334.0,-318.0,-297.4000244140625,-287.8500061035156,-283.7199401855469
9800,-329.53997802734375,10.893515586853027,9.976551055908203,4.6182005405426025,-329.5400085449219,-334.0,22.094985961914062,-372.0,-361.3500061035156,-350.29998779296875,-342.0,-334.0,-318.0,-297.4000244140625,-287.8500061035156,-283.7199401855469
9840,-329.55999755859375,10.86598014831543,9.972468376159668,4.538008213043213,-329.55999755859375,-334.0,22.096298217773438,-372.0,-361.3500061035156,-350.29998779296875,-342.0,-334.0,-318.0,-297.4000244140625,-287.8500061035156,-283.7199401855469
9880,-329.6000061035156,10.855491638183594,9.972696304321289,4.480103254318237,-329.6000061035156,-334.0,22.083477020263672,-372.0,-361.3500061035156,-350.29998779296875,-342.25,-334.0,-318.0,-297.4000244140625,-287.8500061035156,-283.7199401855469
9920,-329.6199951171875,10.874841690063477,9.997458457946777,4.439821243286133,-329.6199951171875,-334.0,22.097412109375,-372.0,-361.3500061035156,-350.29998779296875,-342.25,-334.0,-318.0,-297.4000244140625,-287.8500061035156,-283.7199401855469
9960,-329.6199951171875,10.85068416595459,9.988239288330078,4.364283800125122,-329.6199951171875,-334.0,22.097412109375,-372.0,-361.3500061035156,-350.29998779296875,-342.25,-334.0,-318.0,-297.4000244140625,-287.8500061035156,-283.7199401855469
10000,-329.6399841308594,10.822017669677734,9.973485946655273,4.310459136962891,-329.6400146484375,-334.0,22.09140968322754,-372.0,-361.3500061035156,-350.29998779296875,-342.25,-334.0,-318.0,-297.4000244140625,-287.8500061035156,-283.7199401855469
