step,best_fitness,avg_hamming,avg_l1,avg_entropy,mean,median,std,2%,5%,10%,25%,50%,75%,90%,95%,98%
54,-0.5778456926345825,31.909826278686523,2.4300589561462402,44.12572479248047,0.5778456330299377,0.5745859146118164,0.021450307220220566,0.5446785688400269,0.550190269947052,0.5533307194709778,0.5627954602241516,0.5745859146118164,0.5901384353637695,0.6027913689613342,0.6168498992919922,0.6297445893287659
108,-0.5893531441688538,31.774612426757812,2.9081220626831055,43.92563501993815,0.5893531441688538,0.5868303775787354,0.018988698720932007,0.5573281645774841,0.5629181861877441,0.5699578523635864,0.5755037069320679,0.5868303775787354,0.6011598110198975,0.6101566553115845,0.6292959451675415,0.6307910680770874
162,-0.597133994102478,31.586681365966797,3.2853145599365234,43.67381032307943,0.597133994102478,0.5951107144355774,0.019532283768057823,0.566473662853241,0.5689895749092102,0.5743786096572876,0.5810939073562622,0.5951107144355774,0.6058604121208191,0.6282400488853455,0.6308765411376953,0.635277271270752
216,-0.6012014746665955,31.363590240478516,3.5933921337127686,43.38964335123698,0.6012015342712402,0.5993896722793579,0.0208127424120903,0.5664882063865662,0.5701612234115601,0.5777765512466431,0.5868715047836304,0.5993896722793579,0.6120492219924927,0.6314795613288879,0.6350427269935608,0.6511985659599304
270,-0.6074538230895996,31.107311248779297,3.8593993186950684,43.07221476236979,0.6074538230895996,0.6042637825012207,0.01994163542985916,0.5738456845283508,0.5775508284568787,0.5810898542404175,0.5951476097106934,0.6042637825012207,0.6161394119262695,0.6351302862167358,0.6418060064315796,0.6579967141151428
324,-0.6127490401268005,30.796810150146484,4.11905574798584,42.693529764811196,0.6127490401268005,0.6087981462478638,0.01949598640203476,0.577668309211731,0.5810575485229492,0.5925769805908203,0.6009336709976196,0.6087981462478638,0.6237179040908813,0.6404659152030945,0.6501661539077759,0.6579967141151428
378,-0.6181577444076538,30.476245880126953,4.334689617156982,42.30525588989258,0.6181577444076538,0.6125815510749817,0.02038164809346199,0.5808693170547485,0.5926660895347595,0.598051130771637,0.6034185886383057,0.6125815510749817,0.6328710913658142,0.6507628560066223,0.6572157144546509,0.6591531038284302
432,-0.6223279237747192,30.12798309326172,4.515964508056641,41.889869689941406,0.622327983379364,0.6180236339569092,0.019673552364110947,0.5969921946525574,0.5981146097183228,0.6010469794273376,0.6070348620414734,0.6180236339569092,0.6341942548751831,0.654137372970581,0.6584726572036743,0.659676730632782
486,-0.6263819932937622,29.755462646484375,4.665046691894531,41.45140838623047,0.6263819932937622,0.6240325570106506,0.019718194380402565,0.597851037979126,0.5999988317489624,0.6027300357818604,0.6110602021217346,0.6240325570106506,0.6369262337684631,0.6580221056938171,0.6626147031784058,0.6688154935836792
540,-0.6315027475357056,29.37282943725586,4.836530685424805,40.991973876953125,0.6315027475357056,0.6308160424232483,0.019437942653894424,0.5990971922874451,0.6014983057975769,0.6070275902748108,0.6169183850288391,0.6308160424232483,0.6458339691162109,0.6588506102561951,0.6678380966186523,0.6688184142112732
594,-0.6351672410964966,28.971355438232422,4.950076103210449,40.51701990763346,0.6351673007011414,0.6335834860801697,0.019971493631601334,0.6009706854820251,0.6042699217796326,0.6105333566665649,0.6203510761260986,0.6335834860801697,0.6509171724319458,0.6635700464248657,0.6688311100006104,0.6711922883987427
648,-0.6385716199874878,28.553890228271484,5.056869029998779,40.023965199788414,0.6385716795921326,0.6368498802185059,0.019905490800738335,0.6025460362434387,0.60532146692276,0.6138200163841248,0.624053955078125,0.6368498802185059,0.6549280881881714,0.667716920375824,0.6711887121200562,0.6802384257316589
702,-0.6434498429298401,28.117340087890625,5.151739120483398,39.50636545817057,0.6434497833251953,0.6415773034095764,0.01953435130417347,0.6066538691520691,0.6109280586242676,0.6196029782295227,0.630185067653656,0.6415773034095764,0.6581844687461853,0.6686362624168396,0.6727439165115356,0.6830772161483765
756,-0.6464980244636536,27.69624137878418,5.228332996368408,39.00293858846029,0.6464980244636536,0.6429658532142639,0.020816700533032417,0.610342800617218,0.6123744249343872,0.6210421323776245,0.6328002214431763,0.6429658532142639,0.6601245403289795,0.6741111874580383,0.6873002052307129,0.6921223998069763
810,-0.6497225761413574,27.276927947998047,5.295422554016113,38.500378926595054,0.6497225165367126,0.6468842029571533,0.021719802170991898,0.6109958291053772,0.6125565767288208,0.6247537732124329,0.635578989982605,0.6468842029571533,0.6642016172409058,0.6787682175636292,0.6892138123512268,0.694970428943634
864,-0.6541483402252197,26.831329345703125,5.34880256652832,37.966723124186196,0.6541483402252197,0.650684654712677,0.023531967774033546,0.6109958291053772,0.6185612082481384,0.6272281408309937,0.6384458541870117,0.650684654712677,0.6688114404678345,0.6814057230949402,0.6943922638893127,0.7018936276435852
918,-0.6580976843833923,26.38936996459961,5.415351867675781,37.430670420328774,0.6580977439880371,0.655070424079895,0.023085640743374825,0.6123529076576233,0.6188331246376038,0.6308342814445496,0.6440776586532593,0.655070424079895,0.672053337097168,0.689115047454834,0.6968122124671936,0.7075402140617371
972,-0.6608566045761108,25.957149505615234,5.4529008865356445,36.90900166829427,0.6608565449714661,0.6573626399040222,0.023281820118427277,0.6125621795654297,0.6286312937736511,0.6354106664657593,0.6481644511222839,0.6573626399040222,0.6725795269012451,0.689115047454834,0.6972314715385437,0.7087755799293518
1026,-0.6641172170639038,25.51690673828125,5.48321533203125,36.37622833251953,0.6641172766685486,0.6622368097305298,0.024358512833714485,0.6187986135482788,0.6304982304573059,0.6355358362197876,0.6488731503486633,0.6622368097305298,0.6758268475532532,0.6953532695770264,0.7073926329612732,0.7302908897399902
1080,-0.6678418517112732,25.063621520996094,5.506752014160156,35.829575856526695,0.6678418517112732,0.6652082204818726,0.024836866185069084,0.628874659538269,0.633065402507782,0.6403230428695679,0.6513245701789856,0.6652082204818726,0.6795845627784729,0.7001609206199646,0.7097071409225464,0.7366956472396851
1134,-0.672228217124939,24.62142562866211,5.521437644958496,35.29208628336588,0.6722280979156494,0.6692606210708618,0.025962335988879204,0.6289117336273193,0.63442462682724,0.6419259309768677,0.6556832194328308,0.6692606210708618,0.687908411026001,0.7078394889831543,0.7285367846488953,0.7382184863090515
1188,-0.6742303371429443,24.17084312438965,5.540733337402344,34.73509724934896,0.6742303371429443,0.6710271239280701,0.026217598468065262,0.6325553059577942,0.6349931955337524,0.644113302230835,0.656950831413269,0.6710271239280701,0.688918948173523,0.7078394889831543,0.7285367846488953,0.7393708229064941
1242,-0.6779178380966187,23.73248863220215,5.5456647872924805,34.189248402913414,0.6779177188873291,0.6747127771377563,0.026950819417834282,0.6325553059577942,0.6377884149551392,0.644113302230835,0.659961998462677,0.6747127771377563,0.6944708824157715,0.7127269506454468,0.7285367846488953,0.7403396368026733
1296,-0.6809232831001282,23.290273666381836,5.556052207946777,33.63528060913086,0.6809232234954834,0.6772060394287109,0.027010202407836914,0.6325860619544983,0.6403824090957642,0.6443279385566711,0.6664943695068359,0.6772060394287109,0.6974692344665527,0.7136110663414001,0.7351835370063782,0.7403396368026733
1350,-0.6836480498313904,22.852977752685547,5.54449987411499,33.09319941202799,0.6836479902267456,0.6781970262527466,0.02718939818441868,0.6334143877029419,0.6432904601097107,0.6524389982223511,0.666912853717804,0.6781970262527466,0.7016510963439941,0.7216538190841675,0.7393994331359863,0.7434790134429932
1404,-0.6863622069358826,22.426692962646484,5.5671539306640625,32.54756546020508,0.6863622069358826,0.6833750605583191,0.027448052540421486,0.6363692283630371,0.6432904601097107,0.654088020324707,0.669270932674408,0.6833750605583191,0.7031404972076416,0.7217254042625427,0.742064356803894,0.7465587854385376
1458,-0.6895520091056824,21.994613647460938,5.556298732757568,32.00234603881836,0.6895520091056824,0.6855400800704956,0.029125824570655823,0.6363692283630371,0.6440556049346924,0.654371976852417,0.6705033779144287,0.6855400800704956,0.7044698596000671,0.7355746626853943,0.753981351852417,0.7567040920257568
1512,-0.6909803152084351,21.583663940429688,5.5519843101501465,31.474533716837566,0.6909803152084351,0.6871873140335083,0.02922804094851017,0.6385971307754517,0.6440556049346924,0.6561513543128967,0.6723059415817261,0.6871873140335083,0.7066051959991455,0.7355746626853943,0.753981351852417,0.7567040920257568
1566,-0.6934838891029358,21.177425384521484,5.5304718017578125,30.953773498535156,0.6934838891029358,0.6904715895652771,0.0294266976416111,0.6402550339698792,0.6518832445144653,0.6595548987388611,0.6725574135780334,0.6904715895652771,0.7101477384567261,0.7356647849082947,0.7567301988601685,0.7578767538070679
1620,-0.6951630115509033,20.76746940612793,5.5144758224487305,30.42555109659831,0.6951630115509033,0.6914764046669006,0.02973223477602005,0.6403557658195496,0.6518832445144653,0.6595548987388611,0.6749909520149231,0.6914764046669006,0.7110800743103027,0.7377966046333313,0.7575714588165283,0.7595269083976746
1674,-0.6975945830345154,20.365339279174805,5.5098066329956055,29.895612716674805,0.6975945830345154,0.6943166255950928,0.031109899282455444,0.6443172693252563,0.6518832445144653,0.6601125001907349,0.6765543818473816,0.6943166255950928,0.7124577760696411,0.7377966046333313,0.7580552101135254,0.7674380540847778
1728,-0.6997817158699036,19.965709686279297,5.484348297119141,29.37738100687663,0.6997817158699036,0.6976161003112793,0.0314345546066761,0.6490378975868225,0.6536926031112671,0.6642751097679138,0.6785502433776855,0.6976161003112793,0.7131605744361877,0.7377966046333313,0.7673327922821045,0.77567458152771
1782,-0.7017115354537964,19.582805633544922,5.462924480438232,28.870461146036785,0.7017116546630859,0.6990073919296265,0.031208336353302002,0.6494445204734802,0.6586928367614746,0.6668823957443237,0.6785502433776855,0.6990073919296265,0.7164729237556458,0.7402852773666382,0.7673327922821045,0.77567458152771
1836,-0.7039051651954651,19.214609146118164,5.429264068603516,28.389415740966797,0.7039052844047546,0.700820803642273,0.03176878020167351,0.6519748568534851,0.6601125001907349,0.6677547097206116,0.6797617673873901,0.700820803642273,0.7230430245399475,0.7455458641052246,0.7673327922821045,0.7757189869880676
1890,-0.7053341269493103,18.846729278564453,5.402530670166016,27.89979616800944,0.7053342461585999,0.7047123908996582,0.03133726119995117,0.6537795066833496,0.6625978946685791,0.6686427593231201,0.681634783744812,0.7047123908996582,0.7230430245399475,0.7455458641052246,0.7696813941001892,0.7757189869880676
1944,-0.707743227481842,18.474403381347656,5.365771770477295,27.405207951863606,0.7077432870864868,0.7057526111602783,0.03160027414560318,0.6547049880027771,0.6644735336303711,0.6710126996040344,0.686518669128418,0.7057526111602783,0.7243086099624634,0.7479202151298523,0.7715886235237122,0.7808390259742737
1998,-0.7089354395866394,18.124366760253906,5.337100028991699,26.934926350911457,0.708935558795929,0.7067423462867737,0.03180799260735512,0.6547049880027771,0.6670222282409668,0.6717374324798584,0.6874849796295166,0.7067423462867737,0.725829541683197,0.7479202151298523,0.7715886235237122,0.7895321846008301
2052,-0.7106207013130188,17.781213760375977,5.316051483154297,26.467471440633137,0.7106208205223083,0.7074607014656067,0.031827833503484726,0.658867597579956,0.667149007320404,0.6723278760910034,0.6886813044548035,0.7074607014656067,0.7261932492256165,0.7479202151298523,0.7805160284042358,0.7895321846008301
2106,-0.7124388217926025,17.43612289428711,5.285737991333008,26.000694274902344,0.7124388813972473,0.7088980674743652,0.03202921897172928,0.6635413765907288,0.667149007320404,0.6728390455245972,0.6888885498046875,0.7088980674743652,0.7261932492256165,0.7484639286994934,0.781482994556427,0.791499137878418
2160,-0.7146556973457336,17.111988067626953,5.2604079246521,25.555728276570637,0.7146557569503784,0.7145505547523499,0.03245019540190697,0.6635413765907288,0.667149007320404,0.6743513345718384,0.6913164854049683,0.7145505547523499,0.73008131980896,0.7522597908973694,0.7829713225364685,0.7963250875473022
2214,-0.7159675359725952,16.78816795349121,5.239536285400391,25.098163604736328,0.7159676551818848,0.715539276599884,0.03227609023451805,0.6635413765907288,0.6710533499717712,0.6748321056365967,0.6922932267189026,0.715539276599884,0.7301793694496155,0.7522597908973694,0.7864298820495605,0.7992129325866699
2268,-0.7169800996780396,16.46332550048828,5.216069221496582,24.649506251017254,0.7169801592826843,0.7161073684692383,0.03244485333561897,0.6635413765907288,0.67206871509552,0.6748321056365967,0.6922932267189026,0.7161073684692383,0.7323901653289795,0.7528059482574463,0.7864298820495605,0.7992129325866699
2322,-0.7182933688163757,16.153038024902344,5.184725761413574,24.206936518351238,0.7182933688163757,0.7170538306236267,0.03293336555361748,0.6635645031929016,0.67206871509552,0.6748321056365967,0.6944407224655151,0.7170538306236267,0.7339262366294861,0.7587313055992126,0.789775013923645,0.7992129325866699
2376,-0.7199445962905884,15.8502836227417,5.16963005065918,23.76965077718099,0.7199445962905884,0.7205303907394409,0.0333748497068882,0.6635645031929016,0.67206871509552,0.6773099303245544,0.6951109170913696,0.7205303907394409,0.734812319278717,0.7595987319946289,0.7914920449256897,0.7992129325866699
2430,-0.7209024429321289,15.555574417114258,5.137899398803711,23.3574956258138,0.7209025621414185,0.7225378751754761,0.03305403143167496,0.6668351888656616,0.67206871509552,0.6791141033172607,0.6955411434173584,0.7225378751754761,0.734812319278717,0.7596665620803833,0.7917896509170532,0.7992931604385376
2484,-0.7216165065765381,15.259364128112793,5.094987869262695,22.94321632385254,0.7216165065765381,0.7230267524719238,0.03316570073366165,0.6668351888656616,0.67206871509552,0.6798540949821472,0.696824312210083,0.7230267524719238,0.7365621328353882,0.7596665620803833,0.7917896509170532,0.8036380410194397
2538,-0.7229382395744324,14.962545394897461,5.060827732086182,22.515726725260418,0.7229381799697876,0.7237479090690613,0.03344219550490379,0.6668351888656616,0.67206871509552,0.6798540949821472,0.7004725337028503,0.7237479090690613,0.7375748753547668,0.7596665620803833,0.7950846552848816,0.8036714792251587
2592,-0.7239604592323303,14.673246383666992,5.03125,22.097227096557617,0.7239605188369751,0.7243043780326843,0.03345039114356041,0.6690481305122375,0.6723222732543945,0.6798540949821472,0.7033713459968567,0.7243043780326843,0.7392878532409668,0.7650743722915649,0.7951569557189941,0.806738555431366
2646,-0.7249525189399719,14.392146110534668,4.995786190032959,21.692070643107098,0.7249525189399719,0.7259718775749207,0.03338336572051048,0.6690481305122375,0.6723222732543945,0.6809443831443787,0.7042932510375977,0.7259718775749207,0.7405250072479248,0.7650743722915649,0.7951569557189941,0.806738555431366
2700,-0.7259690165519714,14.124021530151367,4.970376968383789,21.295366287231445,0.7259689569473267,0.7270945906639099,0.033556628972291946,0.6690481305122375,0.6723222732543945,0.6813758015632629,0.7056007385253906,0.7270945906639099,0.7425210475921631,0.7655774354934692,0.7962505221366882,0.806738555431366
2754,-0.7272796630859375,13.846717834472656,4.934102535247803,20.887184143066406,0.7272794842720032,0.7278997898101807,0.03328780457377434,0.6711710095405579,0.6727055907249451,0.6819932460784912,0.7070626020431519,0.7278997898101807,0.7425210475921631,0.7655774354934692,0.7962505221366882,0.8078961968421936
2808,-0.7283892631530762,13.58503532409668,4.906772613525391,20.502461751302082,0.7283893823623657,0.7284620404243469,0.03283419832587242,0.6712042689323425,0.6754076480865479,0.6866671442985535,0.7070626020431519,0.7284620404243469,0.7425210475921631,0.7655774354934692,0.7979857325553894,0.8104566931724548
2862,-0.728790819644928,13.334070205688477,4.869182586669922,20.126942316691082,0.728790819644928,0.7298961877822876,0.03327836096286774,0.6712042689323425,0.6754076480865479,0.6866671442985535,0.7070626020431519,0.7298961877822876,0.7426860332489014,0.7655774354934692,0.8028728365898132,0.8104566931724548
2916,-0.7298310399055481,13.064543724060059,4.835456848144531,19.72283871968587,0.7298309803009033,0.7298961877822876,0.03291793540120125,0.6712042689323425,0.6807023882865906,0.689475953578949,0.7070626020431519,0.7298961877822876,0.7451120018959045,0.7655774354934692,0.8028728365898132,0.8104566931724548
2970,-0.7306547164916992,12.826964378356934,4.808259963989258,19.361090977986652,0.7306546568870544,0.73128342628479,0.032513465732336044,0.6712080240249634,0.6843672394752502,0.6899887323379517,0.7082489728927612,0.73128342628479,0.7455085515975952,0.7655774354934692,0.8028728365898132,0.8104566931724548
3024,-0.7311934232711792,12.58362102508545,4.769441604614258,18.997841517130535,0.731193482875824,0.7314115762710571,0.03245816007256508,0.6712488532066345,0.6843672394752502,0.6931993961334229,0.7098318338394165,0.7314115762710571,0.7467373609542847,0.7659958600997925,0.8028728365898132,0.8104566931724548
3078,-0.7320824265480042,12.348608016967773,4.7461137771606445,18.63323911031087,0.7320824265480042,0.7315105199813843,0.03245648369193077,0.6782060861587524,0.6843825578689575,0.6931993961334229,0.7121486067771912,0.7315105199813843,0.7467373609542847,0.7713025808334351,0.8028728365898132,0.8104566931724548
3132,-0.7326331734657288,12.112391471862793,4.718804359436035,18.27276039123535,0.7326332330703735,0.7315105199813843,0.032224904745817184,0.6782547235488892,0.6867222785949707,0.6940754055976868,0.7121486067771912,0.7315105199813843,0.7467373609542847,0.7713284492492676,0.8028728365898132,0.8104566931724548
3186,-0.7331072092056274,11.895145416259766,4.698405742645264,17.927784601847332,0.7331072092056274,0.7315105199813843,0.03213755786418915,0.678267776966095,0.6867222785949707,0.6940754055976868,0.7133159041404724,0.7315105199813843,0.7467373609542847,0.7714743614196777,0.8028728365898132,0.8104566931724548
3240,-0.7336636185646057,11.699600219726562,4.680308818817139,17.606526056925457,0.7336637377738953,0.7315844297409058,0.03201105445623398,0.6791464686393738,0.6867222785949707,0.6940754055976868,0.7133159041404724,0.7315844297409058,0.7472810745239258,0.7720041871070862,0.8028728365898132,0.8108776807785034
3294,-0.7341058850288391,11.483543395996094,4.668808937072754,17.258989334106445,0.7341058850288391,0.7326536178588867,0.03213347867131233,0.6791464686393738,0.6867661476135254,0.6940754055976868,0.713336706161499,0.7326536178588867,0.7482097148895264,0.7720041871070862,0.8044419884681702,0.8108776807785034
3348,-0.7345088124275208,11.2695951461792,4.634366989135742,16.92425537109375,0.7345088720321655,0.7336897850036621,0.032112233340740204,0.6802992820739746,0.6867661476135254,0.6940754055976868,0.7140026688575745,0.7336897850036621,0.748409628868103,0.7720041871070862,0.8044419884681702,0.8108776807785034
3402,-0.7351701855659485,11.063224792480469,4.613692283630371,16.591676712036133,0.7351701855659485,0.734367311000824,0.032009150832891464,0.6802992820739746,0.686911940574646,0.6945717334747314,0.7147681713104248,0.734367311000824,0.7492638826370239,0.7720041871070862,0.8044419884681702,0.8108776807785034
3456,-0.7355644702911377,10.866138458251953,4.601415634155273,16.26361846923828,0.7355644702911377,0.734367311000824,0.03171548619866371,0.6844105124473572,0.686911940574646,0.6958116292953491,0.715350329875946,0.734367311000824,0.7492638826370239,0.7720041871070862,0.8044419884681702,0.8109671473503113
3510,-0.7360815405845642,10.67386245727539,4.581706523895264,15.945640246073404,0.7360814809799194,0.7358070611953735,0.031674452126026154,0.6844105124473572,0.686911940574646,0.6958116292953491,0.715350329875946,0.7358070611953735,0.7492967247962952,0.7720041871070862,0.8044419884681702,0.8109671473503113
3564,-0.7365414500236511,10.478113174438477,4.553839683532715,15.627167065938314,0.7365415096282959,0.7358070611953735,0.03146557882428169,0.6844105124473572,0.686911940574646,0.7009046673774719,0.715350329875946,0.7358070611953735,0.7493070363998413,0.7720041871070862,0.8044419884681702,0.8109671473503113
3618,-0.7370136380195618,10.287252426147461,4.528754234313965,15.314952532450357,0.7370136380195618,0.7363104820251465,0.03138769790530205,0.6844247579574585,0.686911940574646,0.7009046673774719,0.715350329875946,0.7363104820251465,0.7509279251098633,0.7720041871070862,0.8044419884681702,0.8118547797203064
3672,-0.7371200323104858,10.089130401611328,4.496387481689453,15.001370429992676,0.7371199727058411,0.7364327311515808,0.0313885435461998,0.6844247579574585,0.686911940574646,0.7009046673774719,0.715350329875946,0.7364327311515808,0.7509279251098633,0.7720041871070862,0.8044763803482056,0.8118547797203064
3726,-0.7376284599304199,9.89532470703125,4.46075963973999,14.691530545552572,0.7376285791397095,0.7364327311515808,0.031196217983961105,0.6844247579574585,0.686911940574646,0.703027606010437,0.7165176272392273,0.7364327311515808,0.7509279251098633,0.772785484790802,0.8044763803482056,0.8118547797203064
3780,-0.737838625907898,9.70170783996582,4.433243274688721,14.375116666158041,0.7378387451171875,0.7365387678146362,0.031117139384150505,0.6844247579574585,0.686911940574646,0.703027606010437,0.7172436714172363,0.7365387678146362,0.7513474225997925,0.772785484790802,0.8044763803482056,0.8118547797203064
3834,-0.7382262945175171,9.527037620544434,4.406691551208496,14.07581901550293,0.7382264137268066,0.7365387678146362,0.030941832810640335,0.6844247579574585,0.686911940574646,0.7033130526542664,0.7199562788009644,0.7365387678146362,0.7517918348312378,0.772785484790802,0.8044763803482056,0.8118547797203064
3888,-0.7386682033538818,9.350889205932617,4.390103340148926,13.780687967936197,0.7386682033538818,0.7370185852050781,0.0309889018535614,0.6844247579574585,0.686911940574646,0.7033130526542664,0.7199562788009644,0.7370185852050781,0.7517918348312378,0.773262619972229,0.8044763803482056,0.8118547797203064
3942,-0.7388778328895569,9.17892074584961,4.357190132141113,13.495336214701334,0.7388777732849121,0.7374643087387085,0.030988678336143494,0.6844247579574585,0.686911940574646,0.7033130526542664,0.7199562788009644,0.7374643087387085,0.752839982509613,0.773262619972229,0.8044763803482056,0.8118547797203064
3996,-0.7391161918640137,9.007133483886719,4.324500560760498,13.216910362243652,0.7391161322593689,0.7376927733421326,0.030969977378845215,0.6844247579574585,0.686911940574646,0.7033130526542664,0.7199562788009644,0.7376927733421326,0.7541887760162354,0.773262619972229,0.8044763803482056,0.8118547797203064
4050,-0.7392227053642273,8.85404109954834,4.307314872741699,12.943557103474935,0.7392227053642273,0.7376927733421326,0.030939674004912376,0.6844247579574585,0.686911940574646,0.7033130526542664,0.7199562788009644,0.7376927733421326,0.7541887760162354,0.773262619972229,0.8044763803482056,0.8118547797203064
4104,-0.7395763993263245,8.703771591186523,4.289361953735352,12.680700302124023,0.7395763397216797,0.7379707098007202,0.03065054677426815,0.686498761177063,0.6878561973571777,0.7033519148826599,0.7199562788009644,0.7379707098007202,0.7541887760162354,0.773262619972229,0.8044763803482056,0.8118547797203064
4158,-0.7398413419723511,8.547297477722168,4.262331485748291,12.41714096069336,0.7398414015769958,0.7382158041000366,0.030517518520355225,0.6867208480834961,0.6911137700080872,0.7033519148826599,0.7199562788009644,0.7382158041000366,0.7542288303375244,0.773262619972229,0.8044763803482056,0.8118547797203064
4212,-0.7400796413421631,8.379734992980957,4.2322611808776855,12.12875493367513,0.7400795817375183,0.7382158041000366,0.030358972027897835,0.686772882938385,0.6944302320480347,0.7041274309158325,0.7199562788009644,0.7382158041000366,0.75518798828125,0.773262619972229,0.8044763803482056,0.8118547797203064
4266,-0.7402516007423401,8.222965240478516,4.204751968383789,11.853046417236328,0.7402516007423401,0.738284170627594,0.030299512669444084,0.686772882938385,0.6944302320480347,0.7041274309158325,0.7201725244522095,0.738284170627594,0.75518798828125,0.773262619972229,0.8044763803482056,0.8118547797203064
4320,-0.7405034303665161,8.079559326171875,4.17379093170166,11.599337259928385,0.7405034899711609,0.7390230894088745,0.030222488567233086,0.6869143843650818,0.694484293460846,0.7041274309158325,0.7201725244522095,0.7390230894088745,0.75518798828125,0.773262619972229,0.8044763803482056,0.8118547797203064
4374,-0.7406882047653198,7.9388017654418945,4.154571533203125,11.34731356302897,0.740688145160675,0.7390230894088745,0.03008192777633667,0.6869143843650818,0.6963611245155334,0.7041274309158325,0.7203000783920288,0.7390230894088745,0.75518798828125,0.773262619972229,0.8044763803482056,0.8118547797203064
4428,-0.7408878803253174,7.802852153778076,4.139184474945068,11.096722284952799,0.7408878207206726,0.7390230894088745,0.02990649826824665,0.6889462471008301,0.6964136362075806,0.7048285603523254,0.7203000783920288,0.7390230894088745,0.75518798828125,0.773262619972229,0.8044763803482056,0.8118547797203064
4482,-0.7410513162612915,7.675137996673584,4.130757808685303,10.846725145975748,0.7410513162612915,0.7390230894088745,0.02992103062570095,0.6889462471008301,0.6964136362075806,0.705436110496521,0.7203000783920288,0.7390230894088745,0.7567111849784851,0.7736530303955078,0.8044763803482056,0.8118547797203064
4536,-0.7412174940109253,7.535682201385498,4.1030120849609375,10.602905909220377,0.7412174940109253,0.7390230894088745,0.029756974428892136,0.6902382969856262,0.6964136362075806,0.7066811919212341,0.7203000783920288,0.7390230894088745,0.7568455338478088,0.7736530303955078,0.8044763803482056,0.8118547797203064
4590,-0.7414049506187439,7.418385982513428,4.0843000411987305,10.375114440917969,0.7414048910140991,0.7390230894088745,0.029603349044919014,0.6902382969856262,0.6965466141700745,0.7066811919212341,0.7203000783920288,0.7390230894088745,0.7568455338478088,0.7736530303955078,0.8044763803482056,0.8118547797203064
4644,-0.741482675075531,7.291996955871582,4.053504467010498,10.142537752787272,0.7414826154708862,0.7390230894088745,0.02961067669093609,0.6902382969856262,0.6965466141700745,0.7066811919212341,0.7203000783920288,0.7390230894088745,0.7568455338478088,0.7736530303955078,0.8044763803482056,0.8118547797203064
4698,-0.7415757775306702,7.179355144500732,4.04378604888916,9.921415328979492,0.7415757179260254,0.7390230894088745,0.02956146001815796,0.6902382969856262,0.6965610384941101,0.7066811919212341,0.7203000783920288,0.7390230894088745,0.7580173015594482,0.7737435698509216,0.8044763803482056,0.8118547797203064
4752,-0.7416172623634338,7.059924125671387,4.032958507537842,9.692315737406412,0.7416172027587891,0.7395080924034119,0.029558571055531502,0.6902382969856262,0.6965610384941101,0.7066811919212341,0.7203000783920288,0.7395080924034119,0.7580173015594482,0.7737435698509216,0.8044763803482056,0.8118547797203064
4806,-0.7416771650314331,6.936985015869141,4.004886627197266,9.465627670288086,0.7416771650314331,0.7395080924034119,0.029510844498872757,0.6902382969856262,0.6965610384941101,0.7067700028419495,0.7213965654373169,0.7395080924034119,0.7580173015594482,0.7737435698509216,0.8044763803482056,0.8118547797203064
4860,-0.7417550683021545,6.827163219451904,3.988870143890381,9.248955726623535,0.7417550086975098,0.7395080924034119,0.02950287237763405,0.6902382969856262,0.6965610384941101,0.7067700028419495,0.7213965654373169,0.7395080924034119,0.7580187320709229,0.7737435698509216,0.8044763803482056,0.8118547797203064
4914,-0.7418761253356934,6.71981954574585,3.9691996574401855,9.037891387939453,0.7418760061264038,0.7395080924034119,0.029335621744394302,0.6936443448066711,0.6977479457855225,0.7067700028419495,0.7213965654373169,0.7395080924034119,0.7580187320709229,0.7737435698509216,0.8044763803482056,0.8118547797203064
4968,-0.7419845461845398,6.605463027954102,3.9509847164154053,8.825831731160482,0.741984486579895,0.7395080924034119,0.02929697185754776,0.6936444044113159,0.6977479457855225,0.7080696821212769,0.7213965654373169,0.7395080924034119,0.7580187320709229,0.7737435698509216,0.8044763803482056,0.8118547797203064
5022,-0.7422184348106384,6.4945831298828125,3.9303231239318848,8.608513832092285,0.7422183156013489,0.7400827407836914,0.02908163145184517,0.6957573294639587,0.6987728476524353,0.708375096321106,0.7213965654373169,0.7400827407836914,0.7580187320709229,0.7737435698509216,0.8044763803482056,0.8118547797203064
5076,-0.7423228025436401,6.385067939758301,3.900991916656494,8.40533415476481,0.7423227429389954,0.7400827407836914,0.029006341472268105,0.6957689523696899,0.699624240398407,0.7084039449691772,0.7213965654373169,0.7400827407836914,0.7580187320709229,0.7737435698509216,0.8044763803482056,0.8118547797203064
5130,-0.742387056350708,6.277976036071777,3.8787899017333984,8.206184069315592,0.7423869967460632,0.7400827407836914,0.028973961248993874,0.6957689523696899,0.699624240398407,0.7084039449691772,0.7213965654373169,0.7400827407836914,0.7580187320709229,0.7737435698509216,0.8044763803482056,0.8118547797203064
5184,-0.7425004243850708,6.174047470092773,3.8646533489227295,7.996054808298747,0.742500364780426,0.7405151128768921,0.028859194368124008,0.6967303156852722,0.7009671926498413,0.7084405422210693,0.7213965654373169,0.7405151128768921,0.7580187320709229,0.7737435698509216,0.8044763803482056,0.8118547797203064
5238,-0.7425994873046875,6.085160732269287,3.8456625938415527,7.8170186678568525,0.7425994277000427,0.7405151128768921,0.028773710131645203,0.6967303156852722,0.7024734020233154,0.7085075378417969,0.7213965654373169,0.7405151128768921,0.7580187320709229,0.7737435698509216,0.8044763803482056,0.8118547797203064
5292,-0.7426409721374512,5.9817609786987305,3.8125510215759277,7.628854115804036,0.7426409125328064,0.7408133745193481,0.02875843085348606,0.6967303156852722,0.7024734020233154,0.7085075378417969,0.7213965654373169,0.7408133745193481,0.7580187320709229,0.7737435698509216,0.8044763803482056,0.8118547797203064
5346,-0.7427783012390137,5.889544486999512,3.7964351177215576,7.440097332000732,0.7427783012390137,0.7408133745193481,0.028643961995840073,0.6967417597770691,0.702623724937439,0.7088223099708557,0.7213965654373169,0.7408133745193481,0.7580187320709229,0.7737435698509216,0.8044763803482056,0.8118547797203064
5400,-0.7428377866744995,5.800594329833984,3.774308919906616,7.2598450978597,0.7428377270698547,0.7408133745193481,0.028649788349866867,0.6967417597770691,0.702623724937439,0.7098920345306396,0.7213965654373169,0.7408133745193481,0.7580187320709229,0.7737435698509216,0.8044763803482056,0.8118547797203064
5454,-0.7428820729255676,5.7011566162109375,3.7444186210632324,7.07622750600179,0.7428820729255676,0.7408133745193481,0.028618432581424713,0.6967417597770691,0.7026494741439819,0.7098920345306396,0.7213965654373169,0.7408133745193481,0.7580187320709229,0.7737435698509216,0.8044763803482056,0.8118547797203064
5508,-0.7429304122924805,5.620711326599121,3.7310311794281006,6.913774331410726,0.7429304718971252,0.7408133745193481,0.028594087809324265,0.6967417597770691,0.7026494741439819,0.7098920345306396,0.7213965654373169,0.7408133745193481,0.7580187320709229,0.7737435698509216,0.8044763803482056,0.8118547797203064
5562,-0.7429916858673096,5.5364532470703125,3.710984230041504,6.744197050730388,0.7429918050765991,0.7408133745193481,0.028561485931277275,0.6967417597770691,0.7026494741439819,0.7112665176391602,0.7213965654373169,0.7408133745193481,0.7580187320709229,0.7737435698509216,0.8044763803482056,0.8118547797203064
5616,-0.7430156469345093,5.464168071746826,3.69523286819458,6.588021914164226,0.7430155873298645,0.7408133745193481,0.028541209176182747,0.6967417597770691,0.7033926248550415,0.7112665176391602,0.7213965654373169,0.7408133745193481,0.7580187320709229,0.7737435698509216,0.8044763803482056,0.8118547797203064
5670,-0.7430411577224731,5.396440029144287,3.6873321533203125,6.430972417195638,0.7430411577224731,0.7408133745193481,0.028547445312142372,0.6967417597770691,0.7033926248550415,0.7112665176391602,0.7213965654373169,0.7408133745193481,0.7580187320709229,0.7737435698509216,0.8044763803482056,0.8118547797203064
5724,-0.7431342005729675,5.32561731338501,3.670321226119995,6.276551882425944,0.7431341409683228,0.7408133745193481,0.028513086959719658,0.6967417597770691,0.7033926248550415,0.7112665176391602,0.7213965654373169,0.7408133745193481,0.7580187320709229,0.7737435698509216,0.8044763803482056,0.8118547797203064
5778,-0.7431426644325256,5.251903057098389,3.6510558128356934,6.128067811330159,0.7431426048278809,0.7408133745193481,0.02850412204861641,0.6967417597770691,0.7035797238349915,0.7112665176391602,0.7213965654373169,0.7408133745193481,0.7580187320709229,0.7737435698509216,0.8044763803482056,0.8118547797203064
5832,-0.7431745529174805,5.188974380493164,3.642441749572754,5.978894551595052,0.7431746125221252,0.7408133745193481,0.02849666215479374,0.6967417597770691,0.7035797238349915,0.7112665176391602,0.7213965654373169,0.7408133745193481,0.7580187320709229,0.7737435698509216,0.8044763803482056,0.8118547797203064
5886,-0.7432121634483337,5.126851558685303,3.630673408508301,5.837535699208577,0.7432122230529785,0.7408133745193481,0.028452059254050255,0.6967417597770691,0.7039812207221985,0.7112772464752197,0.7213965654373169,0.7408133745193481,0.7580187320709229,0.7737435698509216,0.8044763803482056,0.8118547797203064
5940,-0.7432350516319275,5.06584358215332,3.618168354034424,5.693652470906575,0.7432351112365723,0.7408133745193481,0.028439227491617203,0.6967417597770691,0.7040681838989258,0.7112772464752197,0.7213965654373169,0.7408133745193481,0.7580187320709229,0.7737435698509216,0.8044763803482056,0.8118547797203064
5994,-0.743285059928894,5.003617286682129,3.605445384979248,5.553941090901692,0.7432850003242493,0.7408133745193481,0.02836780622601509,0.6988447904586792,0.704264760017395,0.7112772464752197,0.7213965654373169,0.7408133745193481,0.7580187320709229,0.7737435698509216,0.8044763803482056,0.8118547797203064
6048,-0.743296205997467,4.938714504241943,3.5952651500701904,5.405097007751465,0.7432961463928223,0.7408133745193481,0.028352681547403336,0.6988447904586792,0.7042712569236755,0.7112772464752197,0.7213965654373169,0.7408133745193481,0.7580187320709229,0.7737435698509216,0.8044763803482056,0.8118547797203064
6102,-0.7434291839599609,4.876576900482178,3.579899311065674,5.261844952901204,0.7434291839599609,0.7408133745193481,0.02833421900868416,0.6988447904586792,0.7048730850219727,0.7112772464752197,0.7220240831375122,0.7408133745193481,0.7580187320709229,0.7783373594284058,0.8044763803482056,0.8118547797203064
6156,-0.7434510588645935,4.825549125671387,3.576356887817383,5.125784873962402,0.7434509992599487,0.7408133745193481,0.028331175446510315,0.6988447904586792,0.7048730850219727,0.7112772464752197,0.7220240831375122,0.7408133745193481,0.7580187320709229,0.7783373594284058,0.8044763803482056,0.8118547797203064
6210,-0.7434684634208679,4.774653434753418,3.5652027130126953,4.9986311594645185,0.7434684038162231,0.7408133745193481,0.028313759714365005,0.6988447904586792,0.7048730850219727,0.7112772464752197,0.7220240831375122,0.7408133745193481,0.7580187320709229,0.7783373594284058,0.8044763803482056,0.8118547797203064
6264,-0.7435136437416077,4.720000267028809,3.552231788635254,4.8705925941467285,0.7435135841369629,0.7408133745193481,0.028261784464120865,0.7010071873664856,0.7048730850219727,0.7112772464752197,0.7220240831375122,0.7408133745193481,0.7580187320709229,0.7783373594284058,0.8044763803482056,0.8118547797203064
6318,-0.7435161471366882,4.671319484710693,3.540889263153076,4.752579847971599,0.7435160875320435,0.7408133745193481,0.028261542320251465,0.7010071873664856,0.7048730850219727,0.7112772464752197,0.7220240831375122,0.7408133745193481,0.7580187320709229,0.7783373594284058,0.8044763803482056,0.8118547797203064
6372,-0.7435539364814758,4.634753227233887,3.5394046306610107,4.636661370595296,0.743553876876831,0.7408133745193481,0.02820729650557041,0.7024173140525818,0.7048730850219727,0.7112772464752197,0.7220240831375122,0.7408133745193481,0.7580187320709229,0.7783373594284058,0.8044763803482056,0.8118547797203064
6426,-0.7435553073883057,4.593389511108398,3.5321478843688965,4.524581750233968,0.7435552477836609,0.7408133745193481,0.02820534259080887,0.7025493383407593,0.7048730850219727,0.7112772464752197,0.7220240831375122,0.7408133745193481,0.7580187320709229,0.7783373594284058,0.8044763803482056,0.8118547797203064
6480,-0.7436234354972839,4.548207759857178,3.5196139812469482,4.412309805552165,0.7436234354972839,0.7408133745193481,0.028138183057308197,0.7025506496429443,0.7056221961975098,0.7114707231521606,0.7220240831375122,0.7408133745193481,0.7580187320709229,0.7783373594284058,0.8044763803482056,0.8118547797203064
6534,-0.7436480522155762,4.5059404373168945,3.5089564323425293,4.303793271382649,0.7436481714248657,0.7408133745193481,0.02811565436422825,0.7025506496429443,0.7056221961975098,0.7114707231521606,0.7220240831375122,0.7408133745193481,0.7580187320709229,0.7783373594284058,0.8044763803482056,0.8118547797203064
6588,-0.7436848282814026,4.466397285461426,3.50396728515625,4.193620363871257,0.7436847686767578,0.7408133745193481,0.028105810284614563,0.7025739550590515,0.7056221961975098,0.7114707231521606,0.7220240831375122,0.7408133745193481,0.7580187320709229,0.7783373594284058,0.8044763803482056,0.8118547797203064
6642,-0.7436971664428711,4.419004917144775,3.4901206493377686,4.082781632741292,0.7436971068382263,0.7408133745193481,0.028088783845305443,0.7025739550590515,0.7056596875190735,0.7114707231521606,0.7220240831375122,0.7408133745193481,0.7580187320709229,0.7783373594284058,0.8044763803482056,0.8118547797203064
6696,-0.7437084317207336,4.378409385681152,3.481217861175537,3.9758716424306235,0.7437084317207336,0.7408133745193481,0.02808009646832943,0.7025739550590515,0.7056596875190735,0.7114707231521606,0.7220240831375122,0.7408133745193481,0.7580187320709229,0.7783373594284058,0.8044763803482056,0.8118547797203064
6750,-0.7437695264816284,4.339858055114746,3.4708402156829834,3.8706515630086265,0.7437695264816284,0.7408133745193481,0.02802394889295101,0.7025739550590515,0.706646740436554,0.7114707231521606,0.7220240831375122,0.7408133745193481,0.7580187320709229,0.7783373594284058,0.8044763803482056,0.8118547797203064
6804,-0.7438300848007202,4.301722526550293,3.4620370864868164,3.772623062133789,0.7438300848007202,0.7408133745193481,0.02799125388264656,0.7025874853134155,0.706646740436554,0.7114707231521606,0.7220240831375122,0.7408133745193481,0.7580187320709229,0.7783373594284058,0.8044763803482056,0.8118547797203064
6858,-0.743884265422821,4.261716842651367,3.448965072631836,3.678135871887207,0.7438842058181763,0.7408133745193481,0.027917515486478806,0.7048282027244568,0.7071667313575745,0.7114707231521606,0.7220240831375122,0.7408133745193481,0.7580187320709229,0.7783373594284058,0.8044763803482056,0.8118547797203064
6912,-0.7439505457878113,4.223667144775391,3.4376707077026367,3.579524517059326,0.743950605392456,0.7408133745193481,0.02787327766418457,0.7048282027244568,0.7071667313575745,0.7114707231521606,0.7220240831375122,0.7408133745193481,0.7580187320709229,0.7783373594284058,0.8044763803482056,0.8118547797203064
6966,-0.7439712285995483,4.187034606933594,3.4273221492767334,3.489746650060018,0.7439711689949036,0.7408133745193481,0.027846047654747963,0.704864501953125,0.7071667313575745,0.7114707231521606,0.7220240831375122,0.7408133745193481,0.7580187320709229,0.7783373594284058,0.8044763803482056,0.8118547797203064
7020,-0.7439978122711182,4.148360252380371,3.4138569831848145,3.397470553716024,0.7439978718757629,0.7408133745193481,0.027820074930787086,0.704864501953125,0.7071667313575745,0.7114707231521606,0.7220240831375122,0.7408133745193481,0.7580187320709229,0.7783373594284058,0.8044763803482056,0.8118547797203064
7074,-0.7440102696418762,4.113105773925781,3.3992936611175537,3.3112247784932456,0.7440102100372314,0.7408133745193481,0.02780715748667717,0.704864501953125,0.7071667313575745,0.7114707231521606,0.7220240831375122,0.7408133745193481,0.7580187320709229,0.7783373594284058,0.8044763803482056,0.8118547797203064
7128,-0.7440220713615417,4.08209753036499,3.3889682292938232,3.230012814203898,0.7440220713615417,0.7408133745193481,0.027803195640444756,0.704864501953125,0.7071667313575745,0.7114707231521606,0.7220240831375122,0.7408133745193481,0.7580187320709229,0.7783373594284058,0.8044763803482056,0.8118547797203064
7182,-0.7440387606620789,4.048829078674316,3.375967025756836,3.1466410160064697,0.7440387606620789,0.7408133745193481,0.027787743136286736,0.704864501953125,0.7071667313575745,0.7114707231521606,0.7220240831375122,0.7408133745193481,0.7580187320709229,0.7783373594284058,0.8044763803482056,0.8118547797203064
7236,-0.7440562844276428,4.0096940994262695,3.3602702617645264,3.0628573099772134,0.7440563440322876,0.7408133745193481,0.027778275310993195,0.704864501953125,0.7071667313575745,0.7114707231521606,0.7220240831375122,0.7408133745193481,0.7580187320709229,0.7783373594284058,0.8044763803482056,0.8118547797203064
7290,-0.7440794706344604,3.9662342071533203,3.338066816329956,2.9782400925954184,0.7440795302391052,0.7408133745193481,0.02776500955224037,0.704864501953125,0.7071667313575745,0.7114707231521606,0.7233263850212097,0.7408133745193481,0.7580187320709229,0.7783373594284058,0.8044763803482056,0.8118547797203064
7344,-0.7440794706344604,3.930607557296753,3.3235738277435303,2.8976503213246665,0.7440795302391052,0.7408133745193481,0.02776500955224037,0.704864501953125,0.7071667313575745,0.7114707231521606,0.7233263850212097,0.7408133745193481,0.7580187320709229,0.7783373594284058,0.8044763803482056,0.8118547797203064
7398,-0.7440934777259827,3.901461362838745,3.313685417175293,2.825197696685791,0.7440934777259827,0.7408133745193481,0.027747981250286102,0.704864501953125,0.7071667313575745,0.7115085124969482,0.7233263850212097,0.7408133745193481,0.7580187320709229,0.7783373594284058,0.8044763803482056,0.8118547797203064
7452,-0.7440934777259827,3.8748741149902344,3.3060660362243652,2.756697654724121,0.7440934777259827,0.7408133745193481,0.027747981250286102,0.704864501953125,0.7071667313575745,0.7115085124969482,0.7233263850212097,0.7408133745193481,0.7580187320709229,0.7783373594284058,0.8044763803482056,0.8118547797203064
7506,-0.7441023588180542,3.8495101928710938,3.299420118331909,2.680751323699951,0.744102418422699,0.7408133745193481,0.027746785432100296,0.704864501953125,0.7071667313575745,0.7115085124969482,0.7233263850212097,0.7408133745193481,0.7580187320709229,0.7783373594284058,0.8044763803482056,0.8118547797203064
7560,-0.7441036701202393,3.8228821754455566,3.289931058883667,2.6126049359639487,0.7441036701202393,0.7408133745193481,0.027744999155402184,0.704864501953125,0.7071667313575745,0.7115085124969482,0.7233263850212097,0.7408133745193481,0.7580187320709229,0.7783373594284058,0.8044763803482056,0.8118547797203064
7614,-0.7441521883010864,3.797835350036621,3.2797508239746094,2.546215613683065,0.7441522479057312,0.7412105798721313,0.027739182114601135,0.704864501953125,0.7071667313575745,0.7115085124969482,0.7233263850212097,0.7412105798721313,0.7580187320709229,0.7783373594284058,0.8044763803482056,0.8118547797203064
7668,-0.74416583776474,3.7724263668060303,3.270386219024658,2.479063034057617,0.7441658973693848,0.7412105798721313,0.027719447389245033,0.7048917412757874,0.7071667313575745,0.7115085124969482,0.7233263850212097,0.7412105798721313,0.7580187320709229,0.7783373594284058,0.8044763803482056,0.8118547797203064
7722,-0.7441993355751038,3.7514429092407227,3.262685775756836,2.4226479530334473,0.7441993951797485,0.7412105798721313,0.02767525240778923,0.7053743600845337,0.7074304223060608,0.7115085124969482,0.7233263850212097,0.7412105798721313,0.7580187320709229,0.7783373594284058,0.8044763803482056,0.8118547797203064
7776,-0.7441993355751038,3.730281352996826,3.2534666061401367,2.3688747882843018,0.7441993951797485,0.7412105798721313,0.02767525240778923,0.7053743600845337,0.7074304223060608,0.7115085124969482,0.7233263850212097,0.7412105798721313,0.7580187320709229,0.7783373594284058,0.8044763803482056,0.8118547797203064
7830,-0.7441993355751038,3.705349922180176,3.241262435913086,2.304901679356893,0.7441993951797485,0.7412105798721313,0.02767525240778923,0.7053743600845337,0.7074304223060608,0.7115085124969482,0.7233263850212097,0.7412105798721313,0.7580187320709229,0.7783373594284058,0.8044763803482056,0.8118547797203064
7884,-0.7441993355751038,3.681408405303955,3.233109474182129,2.2358887990315757,0.7441993951797485,0.7412105798721313,0.02767525240778923,0.7053743600845337,0.7074304223060608,0.7115085124969482,0.7233263850212097,0.7412105798721313,0.7580187320709229,0.7783373594284058,0.8044763803482056,0.8118547797203064
7938,-0.7441993355751038,3.6590499877929688,3.2257747650146484,2.173074801762899,0.7441993951797485,0.7412105798721313,0.02767525240778923,0.7053743600845337,0.7074304223060608,0.7115085124969482,0.7233263850212097,0.7412105798721313,0.7580187320709229,0.7783373594284058,0.8044763803482056,0.8118547797203064
7992,-0.7442167401313782,3.6403512954711914,3.220820903778076,2.115590731302897,0.7442167401313782,0.7412105798721313,0.02765156701207161,0.7053743600845337,0.7074401378631592,0.7115085124969482,0.7233263850212097,0.7412105798721313,0.7580187320709229,0.7783373594284058,0.8044763803482056,0.8118547797203064
8046,-0.7442300319671631,3.622055768966675,3.2137279510498047,2.0631958643595376,0.7442299723625183,0.7412105798721313,0.027635956183075905,0.7053743600845337,0.7074401378631592,0.712187647819519,0.7233263850212097,0.7412105798721313,0.7580187320709229,0.7783373594284058,0.8044763803482056,0.8118547797203064
8100,-0.7442715167999268,3.607412338256836,3.21174693107605,2.0118759870529175,0.7442715167999268,0.7412105798721313,0.027635471895337105,0.7053743600845337,0.7084572911262512,0.712187647819519,0.7233263850212097,0.7412105798721313,0.7580187320709229,0.7783373594284058,0.8044763803482056,0.8118547797203064
8154,-0.7442715167999268,3.584240674972534,3.1990203857421875,1.9599666992823284,0.7442715167999268,0.7412105798721313,0.027635471895337105,0.7053743600845337,0.7084572911262512,0.712187647819519,0.7233263850212097,0.7412105798721313,0.7580187320709229,0.7783373594284058,0.8044763803482056,0.8118547797203064
8208,-0.7442715167999268,3.5691585540771484,3.1943747997283936,1.907719890276591,0.7442715167999268,0.7412105798721313,0.027635471895337105,0.7053743600845337,0.7084572911262512,0.712187647819519,0.7233263850212097,0.7412105798721313,0.7580187320709229,0.7783373594284058,0.8044763803482056,0.8118547797203064
8262,-0.7442715167999268,3.5518510341644287,3.1876840591430664,1.85972793896993,0.7442715167999268,0.7412105798721313,0.027635471895337105,0.7053743600845337,0.7084572911262512,0.712187647819519,0.7233263850212097,0.7412105798721313,0.7580187320709229,0.7783373594284058,0.8044763803482056,0.8118547797203064
8316,-0.7442825436592102,3.5383195877075195,3.185289144515991,1.8085325956344604,0.7442825436592102,0.7412105798721313,0.02763051725924015,0.7053743600845337,0.7084572911262512,0.712187647819519,0.7233263850212097,0.7412105798721313,0.7580187320709229,0.7783373594284058,0.8044763803482056,0.8118547797203064
8370,-0.7442825436592102,3.5259060859680176,3.181978225708008,1.758085568745931,0.7442825436592102,0.7412105798721313,0.02763051725924015,0.7053743600845337,0.7084572911262512,0.712187647819519,0.7233263850212097,0.7412105798721313,0.7580187320709229,0.7783373594284058,0.8044763803482056,0.8118547797203064
8424,-0.744301974773407,3.5087993144989014,3.175567626953125,1.7109421094258626,0.7443019151687622,0.7412105798721313,0.027606060728430748,0.7053775191307068,0.7085070013999939,0.712187647819519,0.7233263850212097,0.7412105798721313,0.7580187320709229,0.7783373594284058,0.8044763803482056,0.8118547797203064
8478,-0.7443051934242249,3.4954543113708496,3.171081304550171,1.668501893679301,0.7443051338195801,0.7412105798721313,0.027607673779129982,0.7053775191307068,0.7085070013999939,0.712187647819519,0.7233263850212097,0.7412105798721313,0.7580187320709229,0.7783373594284058,0.8044763803482056,0.8118547797203064
8532,-0.7443051934242249,3.4816462993621826,3.1679282188415527,1.6261663436889648,0.7443051338195801,0.7412105798721313,0.027607673779129982,0.7053775191307068,0.7085070013999939,0.712187647819519,0.7233263850212097,0.7412105798721313,0.7580187320709229,0.7783373594284058,0.8044763803482056,0.8118547797203064
8586,-0.7443257570266724,3.4666967391967773,3.162236213684082,1.587689717610677,0.7443256974220276,0.7412105798721313,0.02760060504078865,0.7053775191307068,0.7085070013999939,0.712187647819519,0.7233263850212097,0.7412105798721313,0.7580187320709229,0.7783373594284058,0.8044763803482056,0.8118547797203064
8640,-0.7443257570266724,3.4424712657928467,3.146796941757202,1.5433392922083538,0.7443256974220276,0.7412105798721313,0.02760060504078865,0.7053775191307068,0.7085070013999939,0.712187647819519,0.7233263850212097,0.7412105798721313,0.7580187320709229,0.7783373594284058,0.8044763803482056,0.8118547797203064
8694,-0.7443568110466003,3.4305553436279297,3.1443305015563965,1.5017544031143188,0.7443568706512451,0.7415647506713867,0.02759568952023983,0.7053775191307068,0.7085070013999939,0.712187647819519,0.7233263850212097,0.7415647506713867,0.7580187320709229,0.7783373594284058,0.8044763803482056,0.8118547797203064
8748,-0.7443955540657043,3.4198155403137207,3.141946792602539,1.4602197806040447,0.7443956136703491,0.7415647506713867,0.027549372985959053,0.7053775191307068,0.7085070013999939,0.712252140045166,0.7233263850212097,0.7415647506713867,0.7580187320709229,0.7783373594284058,0.8044763803482056,0.8118547797203064
8802,-0.7443976998329163,3.408069372177124,3.1380228996276855,1.4188685019810994,0.744397759437561,0.7415647506713867,0.02755047008395195,0.7053775191307068,0.7085070013999939,0.712252140045166,0.7233263850212097,0.7415647506713867,0.7580187320709229,0.7783373594284058,0.8044763803482056,0.8118547797203064
8856,-0.7444096207618713,3.397508144378662,3.1353042125701904,1.3776726722717285,0.7444096207618713,0.7419590950012207,0.02754948101937771,0.7053775191307068,0.7085070013999939,0.712252140045166,0.7233263850212097,0.7419590950012207,0.7580187320709229,0.7783373594284058,0.8044763803482056,0.8118547797203064
8910,-0.7444096207618713,3.390348196029663,3.1359755992889404,1.3388972679773967,0.7444096207618713,0.7419590950012207,0.02754948101937771,0.7053775191307068,0.7085070013999939,0.712252140045166,0.7233263850212097,0.7419590950012207,0.7580187320709229,0.7783373594284058,0.8044763803482056,0.8118547797203064
8964,-0.7444096207618713,3.379495620727539,3.133324384689331,1.302018642425537,0.7444096207618713,0.7419590950012207,0.02754948101937771,0.7053775191307068,0.7085070013999939,0.712252140045166,0.7233263850212097,0.7419590950012207,0.7580187320709229,0.7783373594284058,0.8044763803482056,0.8118547797203064
9018,-0.7444413304328918,3.364086627960205,3.1249797344207764,1.266523043314616,0.7444413900375366,0.7419590950012207,0.027508646249771118,0.7053775191307068,0.7095091342926025,0.712252140045166,0.7233263850212097,0.7419590950012207,0.7580187320709229,0.7783373594284058,0.8044763803482056,0.8118547797203064
9072,-0.7444413304328918,3.3525900840759277,3.12025785446167,1.2327502965927124,0.7444413900375366,0.7419590950012207,0.027508646249771118,0.7053775191307068,0.7095091342926025,0.712252140045166,0.7233263850212097,0.7419590950012207,0.7580187320709229,0.7783373594284058,0.8044763803482056,0.8118547797203064
9126,-0.7444413304328918,3.3435704708099365,3.117891788482666,1.2010811567306519,0.7444413900375366,0.7419590950012207,0.027508646249771118,0.7053775191307068,0.7095091342926025,0.712252140045166,0.7233263850212097,0.7419590950012207,0.7580187320709229,0.7783373594284058,0.8044763803482056,0.8118547797203064
9180,-0.7444413304328918,3.330345869064331,3.111226797103882,1.1644728581110637,0.7444413900375366,0.7419590950012207,0.027508646249771118,0.7053775191307068,0.7095091342926025,0.712252140045166,0.7233263850212097,0.7419590950012207,0.7580187320709229,0.7783373594284058,0.8044763803482056,0.8118547797203064
9234,-0.7444413304328918,3.3200745582580566,3.1075191497802734,1.1309117476145427,0.7444413900375366,0.7419590950012207,0.027508646249771118,0.7053775191307068,0.7095091342926025,0.712252140045166,0.7233263850212097,0.7419590950012207,0.7580187320709229,0.7783373594284058,0.8044763803482056,0.8118547797203064
9288,-0.7444413304328918,3.311933994293213,3.1054306030273438,1.1005159219106038,0.7444413900375366,0.7419590950012207,0.027508646249771118,0.7053775191307068,0.7095091342926025,0.712252140045166,0.7233263850212097,0.7419590950012207,0.7580187320709229,0.7783373594284058,0.8044763803482056,0.8118547797203064
9342,-0.7444413304328918,3.3078064918518066,3.1077709197998047,1.0651638905207317,0.7444413900375366,0.7419590950012207,0.027508646249771118,0.7053775191307068,0.7095091342926025,0.712252140045166,0.7233263850212097,0.7419590950012207,0.7580187320709229,0.7783373594284058,0.8044763803482056,0.8118547797203064
9396,-0.7444413304328918,3.298952579498291,3.104642391204834,1.0362714131673176,0.7444413900375366,0.7419590950012207,0.027508646249771118,0.7053775191307068,0.7095091342926025,0.712252140045166,0.7233263850212097,0.7419590950012207,0.7580187320709229,0.7783373594284058,0.8044763803482056,0.8118547797203064
9450,-0.7444413304328918,3.2893178462982178,3.101010322570801,1.0073463519414265,0.7444413900375366,0.7419590950012207,0.027508646249771118,0.7053775191307068,0.7095091342926025,0.712252140045166,0.7233263850212097,0.7419590950012207,0.7580187320709229,0.7783373594284058,0.8044763803482056,0.8118547797203064
9504,-0.7444677352905273,3.2829670906066895,3.1009204387664795,0.9794154564539591,0.7444676756858826,0.7419590950012207,0.027523411437869072,0.7053775191307068,0.7095091342926025,0.712252140045166,0.7233263850212097,0.7419590950012207,0.7580187320709229,0.7783373594284058,0.8044763803482056,0.8118547797203064
9558,-0.7444818019866943,3.275981903076172,3.1002109050750732,0.9525297085444132,0.7444818019866943,0.7419590950012207,0.027519356459379196,0.7053775191307068,0.7095091342926025,0.712252140045166,0.7233263850212097,0.7419590950012207,0.7580187320709229,0.7783373594284058,0.8044763803482056,0.8118547797203064
9612,-0.7444818019866943,3.2685036659240723,3.098026990890503,0.9284151991208395,0.7444818019866943,0.7419590950012207,0.027519356459379196,0.7053775191307068,0.7095091342926025,0.712252140045166,0.7233263850212097,0.7419590950012207,0.7580187320709229,0.7783373594284058,0.8044763803482056,0.8118547797203064
9666,-0.744492769241333,3.2598416805267334,3.0949065685272217,0.8987091581026713,0.744492769241333,0.7419590950012207,0.02751670405268669,0.7053775191307068,0.7095091342926025,0.712252140045166,0.7233263850212097,0.7419590950012207,0.7580187320709229,0.7783373594284058,0.8044763803482056,0.8118547797203064
9720,-0.744492769241333,3.2531328201293945,3.0933990478515625,0.8752220869064331,0.744492769241333,0.7419590950012207,0.02751670405268669,0.7053775191307068,0.7095091342926025,0.712252140045166,0.7233263850212097,0.7419590950012207,0.7580187320709229,0.7783373594284058,0.8044763803482056,0.8118547797203064
9774,-0.7445017099380493,3.2461352348327637,3.0916643142700195,0.850403626759847,0.7445016503334045,0.7419590950012207,0.027513407170772552,0.7053775191307068,0.7095091342926025,0.712252140045166,0.7233263850212097,0.7419590950012207,0.7580187320709229,0.7783373594284058,0.8044763803482056,0.8118547797203064
9828,-0.7445017099380493,3.240617513656616,3.0915751457214355,0.8247432112693787,0.7445016503334045,0.7419590950012207,0.027513407170772552,0.7053775191307068,0.7095091342926025,0.712252140045166,0.7233263850212097,0.7419590950012207,0.7580187320709229,0.7783373594284058,0.8044763803482056,0.8118547797203064
9882,-0.7445017099380493,3.237751007080078,3.0942885875701904,0.8019598523775736,0.7445016503334045,0.7419590950012207,0.027513407170772552,0.7053775191307068,0.7095091342926025,0.712252140045166,0.7233263850212097,0.7419590950012207,0.7580187320709229,0.7783373594284058,0.8044763803482056,0.8118547797203064
9936,-0.7445017099380493,3.2358999252319336,3.097372055053711,0.7796497941017151,0.7445016503334045,0.7419590950012207,0.027513407170772552,0.7053775191307068,0.7095091342926025,0.712252140045166,0.7233263850212097,0.7419590950012207,0.7580187320709229,0.7783373594284058,0.8044763803482056,0.8118547797203064
9990,-0.7445106506347656,3.2320821285247803,3.098505973815918,0.7557578484217325,0.7445105910301208,0.7419590950012207,0.02751297317445278,0.7053775191307068,0.7095091342926025,0.712252140045166,0.7233263850212097,0.7419590950012207,0.7580187320709229,0.7783373594284058,0.8044763803482056,0.8118547797203064
