step,best_fitness,avg_hamming,avg_l1,avg_entropy,mean,median,std,2%,5%,10%,25%,50%,75%,90%,95%,98%
8,-351.8999938964844,0.0,0.0,155.8905792236328,-351.8999938964844,-333.5,147.9783477783203,-701.5399780273438,-573.3999633789062,-510.5,-435.5,-333.5,-254.25,-182.60000610351562,-149.60003662109375,-106.95977783203125
16,-419.7599792480469,0.0,0.0,145.62200927734375,-419.760009765625,-412.5,150.67626953125,-740.739990234375,-684.0,-597.2999877929688,-510.0,-412.5,-309.5,-235.6000213623047,-178.7000274658203,-153.31985473632812
24,-466.67999267578125,0.0,0.0,139.25694274902344,-466.67999267578125,-474.0,142.64170837402344,-740.739990234375,-698.0999755859375,-626.0999755859375,-554.5,-474.0,-372.0,-261.79998779296875,-244.85009765625,-205.27984619140625
32,-517.5399780273438,0.0,0.0,134.5472869873047,-517.5399780273438,-511.0,158.75486755371094,-969.280029296875,-777.6500244140625,-705.5999755859375,-573.75,-511.0,-422.0,-352.79998779296875,-291.9501953125,-239.65992736816406
40,-581.6199951171875,0.0,0.0,130.2064666748047,-581.6199951171875,-565.0,154.185791015625,-969.280029296875,-800.5499877929688,-741.7999877929688,-684.25,-565.0,-491.0,-409.79998779296875,-357.6500244140625,-298.89996337890625
48,-623.5599975585938,0.0,0.0,126.17945098876953,-623.5599975585938,-612.0,153.8177032470703,-983.5,-888.449951171875,-792.5,-707.0,-612.0,-519.5,-439.8999938964844,-428.95001220703125,-406.8597412109375
56,-657.0399780273438,0.0,0.0,122.80845642089844,-657.0399780273438,-644.0,154.4564666748047,-1010.2200317382812,-969.7000122070312,-833.3999633789062,-738.0,-644.0,-550.0,-509.5,-488.0000915527344,-437.7999572753906
64,-697.6599731445312,0.0,0.0,118.61876678466797,-697.6599731445312,-695.5,154.34832763671875,-1010.2200317382812,-970.6500244140625,-882.2999877929688,-791.75,-695.5,-595.75,-520.7000122070312,-507.10009765625,-487.61993408203125
72,-753.7799682617188,0.0,0.0,115.03182220458984,-753.780029296875,-755.0,167.1909942626953,-1022.9600219726562,-1008.0499877929688,-969.0999755859375,-868.0,-755.0,-657.0,-535.2999877929688,-514.9500122070312,-487.61993408203125
80,-787.3599853515625,0.0,0.0,111.71107482910156,-787.3599853515625,-808.0,167.83798217773438,-1074.52001953125,-1010.5999755859375,-985.3999633789062,-900.25,-808.0,-660.0,-562.9000244140625,-537.5000610351562,-522.2998657226562
88,-840.0599975585938,0.0,0.0,108.48551177978516,-840.0599975585938,-842.5,187.1468963623047,-1232.0799560546875,-1144.1500244140625,-1070.4000244140625,-969.0,-842.5,-710.25,-615.2000122070312,-561.8500366210938,-527.8999633789062
96,-893.5399780273438,0.0,0.0,105.6327133178711,-893.5399780273438,-887.5,189.6879119873047,-1232.0799560546875,-1181.5,-1134.0999755859375,-1020.5,-887.5,-768.75,-687.5,-629.85009765625,-572.31982421875
104,-923.9199829101562,0.0,0.0,102.57626342773438,-923.9199829101562,-956.0,189.32151794433594,-1234.0400390625,-1212.5999755859375,-1165.0,-1027.0,-956.0,-812.25,-693.5,-670.0001831054688,-603.6796875
112,-957.5999755859375,0.0,0.0,99.85176849365234,-957.5999755859375,-972.0,196.35386657714844,-1262.02001953125,-1232.0999755859375,-1198.300048828125,-1096.75,-972.0,-842.5,-695.0,-672.9500122070312,-607.9400024414062
120,-993.8800048828125,0.0,0.0,97.25337982177734,-993.8800048828125,-1013.0,194.6239013671875,-1302.1400146484375,-1262.050048828125,-1231.0999755859375,-1130.75,-1013.0,-881.75,-731.7000122070312,-693.75,-646.7399291992188
128,-1027.679931640625,0.0,0.0,94.5794448852539,-1027.6800537109375,-1030.0,186.0979766845703,-1309.3800048828125,-1264.6500244140625,-1252.800048828125,-1164.25,-1030.0,-921.75,-801.7999877929688,-731.9500122070312,-646.7399291992188
136,-1080.919921875,0.0,0.0,91.8807373046875,-1080.9200439453125,-1096.0,190.10931396484375,-1396.1600341796875,-1332.3499755859375,-1298.4000244140625,-1182.0,-1096.0,-981.0,-850.5999755859375,-809.2500610351562,-697.69970703125
144,-1118.5999755859375,0.0,0.0,89.5704116821289,-1118.5999755859375,-1123.5,188.59332275390625,-1451.9599609375,-1393.050048828125,-1328.4000244140625,-1232.5,-1123.5,-1017.25,-925.800048828125,-864.4002685546875,-770.0997924804688
152,-1140.3399658203125,0.0,0.0,87.22412109375,-1140.3399658203125,-1139.5,187.4365234375,-1597.02001953125,-1394.5,-1346.4000244140625,-1243.25,-1139.5,-1048.0,-960.300048828125,-905.300048828125,-793.6196899414062
160,-1176.47998046875,0.0,0.0,85.2270278930664,-1176.47998046875,-1178.5,175.57371520996094,-1597.02001953125,-1396.75,-1350.0999755859375,-1263.5,-1178.5,-1096.75,-1006.9000244140625,-960.5501098632812,-794.8599853515625
168,-1205.0599365234375,0.0,0.0,83.18545532226562,-1205.06005859375,-1208.5,178.32485961914062,-1597.02001953125,-1466.0999755859375,-1390.199951171875,-1295.5,-1208.5,-1117.5,-1044.199951171875,-968.6500244140625,-794.8599853515625
176,-1234.5999755859375,0.0,0.0,81.25239562988281,-1234.5999755859375,-1223.0,186.27130126953125,-1615.219970703125,-1523.3499755859375,-1463.0999755859375,-1334.75,-1223.0,-1150.0,-1062.0,-991.8001098632812,-810.5399169921875
184,-1266.260009765625,0.0,0.0,79.30435180664062,-1266.260009765625,-1274.5,190.46221923828125,-1615.219970703125,-1540.0999755859375,-1506.0,-1381.75,-1274.5,-1176.0,-1065.699951171875,-1028.750244140625,-845.8197631835938
192,-1289.199951171875,0.0,0.0,77.50052642822266,-1289.199951171875,-1306.5,188.7391815185547,-1615.3599853515625,-1540.0999755859375,-1506.0,-1393.75,-1306.5,-1204.75,-1066.9000244140625,-1030.550048828125,-914.41943359375
200,-1308.239990234375,0.0,0.0,75.74933624267578,-1308.239990234375,-1322.5,182.50692749023438,-1615.3599853515625,-1544.5,-1518.4000244140625,-1400.5,-1322.5,-1217.25,-1123.9000244140625,-1065.35009765625,-989.2991943359375
208,-1325.5,0.0,0.0,74.18245697021484,-1325.5,-1332.0,187.792724609375,-1661.06005859375,-1612.1500244140625,-1526.800048828125,-1439.25,-1332.0,-1232.25,-1130.4000244140625,-1066.949951171875,-989.459228515625
216,-1351.7999267578125,0.0,0.0,72.40058898925781,-1351.800048828125,-1353.0,191.7643280029297,-1672.0,-1630.300048828125,-1549.0999755859375,-1472.25,-1353.0,-1258.25,-1154.699951171875,-1120.2001953125,-990.3794555664062
224,-1383.0399169921875,0.0,0.0,70.82575225830078,-1383.0400390625,-1399.5,190.06494140625,-1689.3800048828125,-1630.300048828125,-1565.5999755859375,-1509.5,-1399.5,-1293.75,-1187.800048828125,-1129.35009765625,-1021.7393188476562
232,-1407.0399169921875,0.0,0.0,69.20057678222656,-1407.0400390625,-1410.5,186.27989196777344,-1708.0799560546875,-1672.0999755859375,-1624.5999755859375,-1524.0,-1410.5,-1315.5,-1225.699951171875,-1129.4501953125,-1065.1396484375
240,-1427.0599365234375,0.0,0.0,67.69628143310547,-1427.06005859375,-1437.0,187.2826690673828,-1716.02001953125,-1686.9000244140625,-1628.199951171875,-1535.25,-1437.0,-1333.0,-1253.5,-1174.7001953125,-1065.1396484375
248,-1454.1199951171875,0.0,0.0,66.34266662597656,-1454.1199951171875,-1481.0,187.0209197998047,-1766.0400390625,-1715.699951171875,-1637.5999755859375,-1557.75,-1481.0,-1371.0,-1290.9000244140625,-1196.900146484375,-1072.9796142578125
256,-1474.7799072265625,0.0,0.0,64.94039154052734,-1474.780029296875,-1489.5,187.343505859375,-1771.0999755859375,-1743.199951171875,-1671.300048828125,-1569.0,-1489.5,-1384.75,-1312.7000732421875,-1235.400146484375,-1072.9796142578125
264,-1489.8199462890625,0.0,0.0,63.62795639038086,-1489.8199462890625,-1498.5,188.75743103027344,-1776.219970703125,-1768.1500244140625,-1688.699951171875,-1582.75,-1498.5,-1410.5,-1323.0999755859375,-1253.4501953125,-1097.6197509765625
272,-1511.02001953125,0.0,0.0,62.337284088134766,-1511.02001953125,-1533.5,191.4361572265625,-1805.9599609375,-1776.550048828125,-1717.9000244140625,-1602.75,-1533.5,-1432.75,-1329.4000244140625,-1270.2501220703125,-1154.45947265625
280,-1533.3599853515625,0.0,0.0,61.05086135864258,-1533.3599853515625,-1561.0,178.66793823242188,-1853.6600341796875,-1794.699951171875,-1732.300048828125,-1617.75,-1561.0,-1448.25,-1374.60009765625,-1303.3001708984375,-1195.6192626953125
288,-1553.9000244140625,0.0,0.0,59.829559326171875,-1553.9000244140625,-1567.5,180.28207397460938,-1893.0999755859375,-1841.6500244140625,-1732.300048828125,-1630.25,-1567.5,-1478.75,-1400.60009765625,-1303.3001708984375,-1221.09912109375
296,-1568.159912109375,0.0,0.0,58.64731216430664,-1568.1600341796875,-1579.0,180.1405487060547,-1898.4599609375,-1855.5999755859375,-1745.4000244140625,-1642.75,-1579.0,-1508.25,-1413.800048828125,-1323.250244140625,-1221.21923828125
304,-1581.5399169921875,0.0,0.0,57.25681686401367,-1581.5400390625,-1595.5,178.91111755371094,-1910.219970703125,-1893.25,-1745.4000244140625,-1663.0,-1595.5,-1519.5,-1415.800048828125,-1368.55029296875,-1222.3394775390625
312,-1599.219970703125,0.0,0.0,56.4404296875,-1599.219970703125,-1617.5,182.01380920410156,-1914.1400146484375,-1893.25,-1796.699951171875,-1686.5,-1617.5,-1531.5,-1430.5,-1368.55029296875,-1222.3394775390625
320,-1612.179931640625,0.0,0.0,55.1675910949707,-1612.1800537109375,-1631.0,185.04217529296875,-1920.0400390625,-1894.199951171875,-1813.9000244140625,-1687.0,-1631.0,-1533.0,-1432.0,-1378.350341796875,-1261.539306640625
328,-1631.0999755859375,0.0,0.0,53.972557067871094,-1631.0999755859375,-1645.5,185.00958251953125,-1920.0400390625,-1898.800048828125,-1833.2999267578125,-1721.25,-1645.5,-1550.75,-1454.800048828125,-1381.2501220703125,-1299.13916015625
336,-1642.5,0.0,0.0,53.15724182128906,-1642.5,-1664.0,181.43612670898438,-1920.0400390625,-1898.800048828125,-1855.5,-1724.0,-1664.0,-1569.5,-1491.5999755859375,-1381.550048828125,-1299.2591552734375
344,-1656.5999755859375,0.0,0.0,52.07668685913086,-1656.5999755859375,-1668.5,181.84730529785156,-1923.8800048828125,-1899.0999755859375,-1874.5,-1734.5,-1668.5,-1575.25,-1506.4000244140625,-1430.0501708984375,-1300.179443359375
352,-1670.260009765625,0.0,0.0,51.05236053466797,-1670.260009765625,-1686.0,180.79141235351562,-1955.239990234375,-1920.0,-1874.800048828125,-1763.0,-1686.0,-1583.5,-1516.300048828125,-1434.9500732421875,-1377.59912109375
360,-1681.47998046875,0.0,0.0,50.03990936279297,-1681.47998046875,-1697.0,183.6179962158203,-1955.239990234375,-1922.199951171875,-1890.199951171875,-1781.75,-1697.0,-1598.25,-1532.300048828125,-1435.0001220703125,-1407.9788818359375
368,-1695.7999267578125,0.0,0.0,49.15601348876953,-1695.800048828125,-1703.0,176.26016235351562,-1970.9200439453125,-1928.25,-1890.199951171875,-1790.5,-1703.0,-1612.75,-1546.800048828125,-1435.60009765625,-1407.9788818359375
376,-1706.5999755859375,0.0,0.0,48.151756286621094,-1706.5999755859375,-1714.5,176.14891052246094,-1996.4000244140625,-1934.3499755859375,-1890.199951171875,-1811.0,-1714.5,-1624.25,-1567.5999755859375,-1435.6500244140625,-1409.93896484375
384,-1716.93994140625,0.0,0.0,47.07970428466797,-1716.93994140625,-1718.5,177.21533203125,-2016.3800048828125,-1941.0,-1901.199951171875,-1820.25,-1718.5,-1632.25,-1582.0,-1462.2501220703125,-1409.93896484375
392,-1727.659912109375,0.0,0.0,46.20391082763672,-1727.6600341796875,-1726.0,173.41928100585938,-2025.199951171875,-1980.8499755859375,-1903.9000244140625,-1829.0,-1726.0,-1648.5,-1592.800048828125,-1470.6500244140625,-1423.919189453125
400,-1737.89990234375,0.0,0.0,45.32485580444336,-1737.9000244140625,-1733.5,172.83526611328125,-2025.199951171875,-2003.6500244140625,-1913.0999755859375,-1841.25,-1733.5,-1660.0,-1614.300048828125,-1470.6500244140625,-1424.899169921875
408,-1752.89990234375,0.0,0.0,44.50775146484375,-1752.9000244140625,-1756.5,173.89569091796875,-2025.5999755859375,-2003.6500244140625,-1940.300048828125,-1844.25,-1756.5,-1668.75,-1614.300048828125,-1514.60009765625,-1434.6990966796875
416,-1763.6199951171875,0.0,0.0,43.52336883544922,-1763.6199951171875,-1764.0,172.6957244873047,-2025.6199951171875,-2003.75,-1950.300048828125,-1872.5,-1764.0,-1676.5,-1626.300048828125,-1551.1002197265625,-1436.139404296875
424,-1770.8599853515625,0.0,0.0,42.784969329833984,-1770.8599853515625,-1769.5,172.02947998046875,-2030.52001953125,-2003.75,-1964.0999755859375,-1875.0,-1769.5,-1684.0,-1635.5,-1559.6500244140625,-1436.139404296875
432,-1779.6400146484375,0.0,0.0,42.080406188964844,-1779.6400146484375,-1773.5,173.39501953125,-2056.3798828125,-2031.0,-1966.4000244140625,-1879.5,-1773.5,-1695.5,-1651.300048828125,-1559.6500244140625,-1436.139404296875
440,-1787.7799072265625,0.0,0.0,41.34908676147461,-1787.780029296875,-1788.5,174.1215362548828,-2075.139892578125,-2031.800048828125,-1966.4000244140625,-1900.75,-1788.5,-1717.75,-1652.2000732421875,-1559.6500244140625,-1440.059326171875
448,-1797.8199462890625,0.0,0.0,40.61406326293945,-1797.8199462890625,-1794.0,174.69003295898438,-2082.10009765625,-2051.75,-1980.4000244140625,-1915.75,-1794.0,-1721.75,-1660.300048828125,-1559.75,-1494.9390869140625
456,-1803.7999267578125,0.0,0.0,39.97516632080078,-1803.800048828125,-1798.5,178.64971923828125,-2087.239990234375,-2051.75,-2025.0,-1916.5,-1798.5,-1723.25,-1660.300048828125,-1559.75,-1494.9390869140625
464,-1811.919921875,0.0,0.0,39.3104248046875,-1811.9200439453125,-1801.0,175.87255859375,-2087.239990234375,-2051.75,-2025.0,-1918.25,-1801.0,-1729.5,-1678.0999755859375,-1580.9000244140625,-1519.43896484375
472,-1818.3199462890625,0.0,0.0,38.74570846557617,-1818.3199462890625,-1811.5,174.8901824951172,-2087.239990234375,-2074.35009765625,-2032.800048828125,-1919.25,-1811.5,-1749.25,-1680.0,-1588.60009765625,-1555.47900390625
480,-1829.0599365234375,0.0,0.0,37.84657287597656,-1829.06005859375,-1823.5,174.5094757080078,-2105.06005859375,-2081.199951171875,-2040.800048828125,-1922.25,-1823.5,-1755.0,-1684.5,-1604.5,-1555.47900390625
488,-1837.919921875,0.0,0.0,37.19407653808594,-1837.9200439453125,-1828.0,175.79861450195312,-2105.06005859375,-2085.10009765625,-2055.5,-1928.75,-1828.0,-1756.5,-1690.5,-1604.5,-1580.958984375
496,-1843.199951171875,0.0,0.0,36.461429595947266,-1843.199951171875,-1830.5,174.46971130371094,-2105.580078125,-2085.10009765625,-2060.39990234375,-1931.25,-1830.5,-1765.0,-1690.9000244140625,-1633.550048828125,-1583.158935546875
504,-1853.0999755859375,0.0,0.0,35.71611404418945,-1853.0999755859375,-1834.0,176.6376953125,-2106.1201171875,-2093.25,-2072.199951171875,-1948.25,-1834.0,-1780.0,-1690.9000244140625,-1646.85009765625,-1583.279052734375
512,-1863.679931640625,0.0,0.0,35.153587341308594,-1863.6800537109375,-1854.5,178.40274047851562,-2160.02001953125,-2110.75,-2074.699951171875,-1962.5,-1854.5,-1780.0,-1710.199951171875,-1669.85009765625,-1599.93896484375
520,-1869.5599365234375,0.0,0.0,34.48173522949219,-1869.56005859375,-1860.0,179.58187866210938,-2160.02001953125,-2125.10009765625,-2085.60009765625,-1964.25,-1860.0,-1785.75,-1710.199951171875,-1683.150146484375,-1603.85888671875
528,-1879.659912109375,0.0,0.0,33.91691207885742,-1879.6600341796875,-1865.0,179.76364135742188,-2160.380126953125,-2146.449951171875,-2100.39990234375,-1987.0,-1865.0,-1791.0,-1725.0,-1683.35009765625,-1603.85888671875
536,-1886.659912109375,0.0,0.0,33.35398483276367,-1886.6600341796875,-1874.5,179.366455078125,-2160.699951171875,-2146.449951171875,-2100.39990234375,-1994.75,-1874.5,-1801.75,-1725.0,-1683.35009765625,-1605.2591552734375
544,-1893.0599365234375,0.0,0.0,32.85520935058594,-1893.06005859375,-1881.0,176.84727478027344,-2175.39990234375,-2146.449951171875,-2100.39990234375,-2001.25,-1881.0,-1813.75,-1736.699951171875,-1695.2501220703125,-1643.47900390625
552,-1899.3199462890625,0.0,0.0,32.24970626831055,-1899.3199462890625,-1881.5,177.06851196289062,-2175.639892578125,-2146.449951171875,-2101.199951171875,-2009.75,-1881.5,-1814.0,-1739.699951171875,-1696.9000244140625,-1643.47900390625
560,-1907.5599365234375,0.0,0.0,31.750185012817383,-1907.56005859375,-1890.5,175.04904174804688,-2187.39990234375,-2155.199951171875,-2114.0,-2013.5,-1890.5,-1817.5,-1740.5999755859375,-1696.9000244140625,-1643.47900390625
568,-1913.699951171875,0.0,0.0,31.33430290222168,-1913.699951171875,-1898.0,175.7042694091797,-2222.679931640625,-2159.25,-2114.60009765625,-2016.0,-1898.0,-1824.0,-1744.199951171875,-1702.7000732421875,-1643.47900390625
576,-1919.3800048828125,0.0,0.0,30.79530143737793,-1919.3800048828125,-1900.0,174.09449768066406,-2222.679931640625,-2174.85009765625,-2116.39990234375,-2022.5,-1900.0,-1826.25,-1763.5,-1702.75,-1689.538818359375
584,-1925.5999755859375,0.0,0.0,30.2799015045166,-1925.5999755859375,-1913.5,173.45765686035156,-2222.679931640625,-2191.89990234375,-2116.39990234375,-2025.25,-1913.5,-1841.5,-1776.60009765625,-1702.75,-1689.538818359375
592,-1931.7799072265625,0.0,0.0,29.757614135742188,-1931.780029296875,-1914.5,173.71974182128906,-2222.840087890625,-2191.89990234375,-2118.199951171875,-2034.25,-1914.5,-1845.75,-1781.800048828125,-1702.75,-1689.538818359375
600,-1937.179931640625,0.0,0.0,29.332584381103516,-1937.1800537109375,-1924.0,174.2178192138672,-2243.360107421875,-2209.199951171875,-2118.39990234375,-2037.25,-1924.0,-1847.0,-1787.4000244140625,-1734.8499755859375,-1691.498779296875
608,-1944.0,0.0,0.0,28.798898696899414,-1944.0,-1935.0,173.1744842529297,-2243.360107421875,-2213.449951171875,-2129.199951171875,-2041.25,-1935.0,-1861.5,-1811.0999755859375,-1734.9000244140625,-1692.478759765625
616,-1948.699951171875,0.0,0.0,28.273927688598633,-1948.699951171875,-1944.5,172.48707580566406,-2243.360107421875,-2222.050048828125,-2132.800048828125,-2041.25,-1944.5,-1862.0,-1813.800048828125,-1734.9000244140625,-1693.879150390625
624,-1953.2799072265625,0.0,0.0,27.826032638549805,-1953.280029296875,-1949.5,172.16539001464844,-2243.360107421875,-2222.050048828125,-2133.39990234375,-2044.25,-1949.5,-1869.5,-1814.9000244140625,-1734.9000244140625,-1693.879150390625
632,-1960.219970703125,0.0,0.0,27.323387145996094,-1960.219970703125,-1958.0,171.0780792236328,-2264.919921875,-2222.64990234375,-2135.60009765625,-2052.5,-1958.0,-1877.75,-1814.9000244140625,-1758.9000244140625,-1693.879150390625
640,-1967.5198974609375,0.0,0.0,26.749357223510742,-1967.52001953125,-1961.5,173.26641845703125,-2277.820068359375,-2238.60009765625,-2139.5,-2062.75,-1961.5,-1878.0,-1824.9000244140625,-1758.9000244140625,-1693.879150390625
648,-1972.0,0.0,0.0,26.420047760009766,-1972.0,-1972.5,172.37783813476562,-2277.820068359375,-2238.60009765625,-2139.5,-2067.75,-1972.5,-1878.75,-1824.9000244140625,-1784.8499755859375,-1693.879150390625
656,-1979.3599853515625,0.0,0.0,25.94473648071289,-1979.3599853515625,-1980.5,171.87876892089844,-2315.06005859375,-2250.699951171875,-2175.300048828125,-2074.5,-1980.5,-1891.5,-1843.699951171875,-1788.6500244140625,-1693.879150390625
664,-1985.5399169921875,0.0,0.0,25.466571807861328,-1985.5400390625,-1985.0,171.39915466308594,-2329.10009765625,-2250.699951171875,-2201.89990234375,-2077.0,-1985.0,-1904.75,-1845.800048828125,-1788.6500244140625,-1693.879150390625
672,-1991.2999267578125,0.0,0.0,25.113597869873047,-1991.300048828125,-1987.5,171.9320526123047,-2329.10009765625,-2250.699951171875,-2201.89990234375,-2088.5,-1987.5,-1911.5,-1845.800048828125,-1788.6500244140625,-1693.879150390625
680,-1996.7799072265625,0.0,0.0,24.76906394958496,-1996.780029296875,-1999.5,169.4615936279297,-2329.10009765625,-2250.949951171875,-2203.699951171875,-2089.5,-1999.5,-1917.0,-1847.9000244140625,-1794.60009765625,-1693.879150390625
688,-2000.0599365234375,0.0,0.0,24.436777114868164,-2000.06005859375,-2003.0,170.0042266845703,-2329.10009765625,-2254.75,-2203.699951171875,-2092.0,-2003.0,-1918.75,-1852.699951171875,-1794.60009765625,-1693.879150390625
696,-2005.7999267578125,0.0,0.0,24.2254638671875,-2005.800048828125,-2008.0,167.92105102539062,-2329.10009765625,-2254.75,-2203.699951171875,-2096.5,-2008.0,-1922.0,-1853.9000244140625,-1830.2501220703125,-1701.7191162109375
704,-2011.260009765625,0.0,0.0,23.8262882232666,-2011.260009765625,-2010.5,167.97409057617188,-2334.5,-2256.39990234375,-2203.699951171875,-2099.0,-2010.5,-1926.75,-1877.5999755859375,-1835.9500732421875,-1701.7191162109375
712,-2017.0198974609375,0.0,0.0,23.41252326965332,-2017.02001953125,-2011.0,168.0009307861328,-2334.5,-2256.39990234375,-2203.699951171875,-2106.0,-2011.0,-1931.25,-1881.800048828125,-1835.9500732421875,-1727.198974609375
720,-2019.5799560546875,0.0,0.0,22.942829132080078,-2019.5799560546875,-2011.0,166.55157470703125,-2334.5,-2256.39990234375,-2204.699951171875,-2107.0,-2011.0,-1932.0,-1882.0,-1850.2001953125,-1727.198974609375
728,-2025.739990234375,0.0,0.0,22.5367431640625,-2025.739990234375,-2018.0,160.3209686279297,-2334.5,-2256.39990234375,-2204.699951171875,-2116.25,-2018.0,-1935.0,-1883.800048828125,-1862.000244140625,-1744.8388671875
736,-2030.159912109375,0.0,0.0,22.19969940185547,-2030.1600341796875,-2020.5,159.8497314453125,-2348.219970703125,-2273.5,-2210.10009765625,-2116.25,-2020.5,-1944.0,-1891.5999755859375,-1862.9501953125,-1748.7589111328125
744,-2033.919921875,0.0,0.0,21.893400192260742,-2033.9200439453125,-2026.0,160.3754119873047,-2348.219970703125,-2276.5,-2210.10009765625,-2124.5,-2026.0,-1944.0,-1895.5999755859375,-1862.9501953125,-1764.4388427734375
752,-2037.8199462890625,0.0,0.0,21.58226203918457,-2037.8199462890625,-2031.5,159.48606872558594,-2352.139892578125,-2276.5,-2219.10009765625,-2125.5,-2031.5,-1947.75,-1903.199951171875,-1862.9501953125,-1764.4388427734375
760,-2040.739990234375,0.0,0.0,21.18129539489746,-2040.739990234375,-2036.0,159.9263916015625,-2352.139892578125,-2283.14990234375,-2229.10009765625,-2130.0,-2036.0,-1949.5,-1903.199951171875,-1862.9501953125,-1776.19873046875
768,-2045.47998046875,0.0,0.0,20.9512882232666,-2045.47998046875,-2038.5,160.86953735351562,-2352.4599609375,-2283.14990234375,-2231.89990234375,-2130.5,-2038.5,-1955.0,-1903.199951171875,-1870.2000732421875,-1776.19873046875
776,-2048.579833984375,0.0,0.0,20.57815170288086,-2048.580078125,-2043.0,161.63597106933594,-2352.739990234375,-2294.89990234375,-2243.300048828125,-2130.5,-2043.0,-1959.0,-1904.0,-1870.2000732421875,-1776.27880859375
784,-2054.56005859375,0.0,0.0,20.24104118347168,-2054.56005859375,-2049.5,163.24337768554688,-2392.5,-2294.89990234375,-2243.89990234375,-2137.0,-2049.5,-1967.0,-1912.0999755859375,-1872.4000244140625,-1782.15869140625
792,-2058.219970703125,0.0,0.0,19.955751419067383,-2058.219970703125,-2049.5,162.2172393798828,-2392.5,-2327.199951171875,-2243.89990234375,-2146.0,-2049.5,-1975.0,-1913.0,-1884.4000244140625,-1786.27880859375
800,-2060.93994140625,0.0,0.0,19.600627899169922,-2060.93994140625,-2053.0,162.95654296875,-2392.5,-2332.14990234375,-2251.10009765625,-2147.25,-2053.0,-1975.0,-1913.0,-1889.75,-1788.23876953125
808,-2064.159912109375,0.0,0.0,19.25827407836914,-2064.159912109375,-2056.5,162.2269287109375,-2392.5,-2332.14990234375,-2252.39990234375,-2147.25,-2056.5,-1977.5,-1917.5,-1895.4500732421875,-1788.31884765625
816,-2069.8798828125,0.0,0.0,18.98164939880371,-2069.8798828125,-2059.0,161.73257446289062,-2392.5,-2341.64990234375,-2252.39990234375,-2148.5,-2059.0,-1986.0,-1927.9000244140625,-1910.650146484375,-1800.0787353515625
824,-2074.33984375,0.0,0.0,18.71915054321289,-2074.340087890625,-2061.5,163.27633666992188,-2408.419921875,-2354.300048828125,-2274.39990234375,-2148.5,-2061.5,-1989.0,-1931.699951171875,-1911.75,-1800.0787353515625
832,-2078.300048828125,0.0,0.0,18.48807144165039,-2078.300048828125,-2063.0,162.9026336669922,-2408.659912109375,-2354.300048828125,-2274.39990234375,-2148.5,-2063.0,-1996.0,-1931.699951171875,-1911.75,-1805.958740234375
840,-2080.8798828125,0.0,0.0,18.231048583984375,-2080.8798828125,-2068.0,163.8638153076172,-2408.659912109375,-2357.300048828125,-2275.800048828125,-2154.5,-2068.0,-1997.5,-1935.300048828125,-1912.949951171875,-1805.958740234375
848,-2083.639892578125,0.0,0.0,17.93523406982422,-2083.639892578125,-2068.0,162.9987335205078,-2408.659912109375,-2357.300048828125,-2275.800048828125,-2154.5,-2068.0,-2001.75,-1935.300048828125,-1912.949951171875,-1817.918701171875
856,-2085.39990234375,0.0,0.0,17.624149322509766,-2085.39990234375,-2070.5,162.71311950683594,-2408.659912109375,-2357.300048828125,-2275.800048828125,-2158.5,-2070.5,-2002.0,-1935.300048828125,-1914.9000244140625,-1817.958740234375
864,-2088.780029296875,0.0,0.0,17.43916130065918,-2088.780029296875,-2070.5,162.35760498046875,-2426.300048828125,-2357.300048828125,-2277.60009765625,-2163.5,-2070.5,-2002.0,-1935.4000244140625,-1914.9000244140625,-1818.7188720703125
872,-2091.159912109375,0.0,0.0,17.223365783691406,-2091.159912109375,-2082.5,163.00680541992188,-2426.300048828125,-2363.0,-2281.39990234375,-2168.0,-2082.5,-2005.75,-1935.4000244140625,-1914.9000244140625,-1824.598876953125
880,-2094.820068359375,0.0,0.0,16.964982986450195,-2094.820068359375,-2092.0,162.94332885742188,-2426.300048828125,-2363.35009765625,-2292.199951171875,-2168.0,-2092.0,-2006.75,-1947.7000732421875,-1920.60009765625,-1824.598876953125
888,-2097.02001953125,0.0,0.0,16.750200271606445,-2097.02001953125,-2092.0,163.6433868408203,-2443.4599609375,-2369.14990234375,-2292.199951171875,-2168.25,-2092.0,-2016.75,-1947.7000732421875,-1920.60009765625,-1830.478759765625
896,-2100.179931640625,0.0,0.0,16.56025505065918,-2100.179931640625,-2094.0,165.9143524169922,-2459.139892578125,-2373.449951171875,-2292.199951171875,-2173.25,-2094.0,-2019.75,-1947.7000732421875,-1924.800048828125,-1830.478759765625
904,-2103.3798828125,0.0,0.0,16.36848258972168,-2103.3798828125,-2103.5,165.7855682373047,-2459.139892578125,-2373.85009765625,-2295.0,-2173.25,-2103.5,-2020.75,-1947.7000732421875,-1926.9000244140625,-1830.478759765625
912,-2106.699951171875,0.0,0.0,16.15886878967285,-2106.699951171875,-2105.5,165.00808715820312,-2459.139892578125,-2374.25,-2295.800048828125,-2182.5,-2105.5,-2031.0,-1962.5,-1930.949951171875,-1830.478759765625
920,-2109.4599609375,0.0,0.0,15.953197479248047,-2109.4599609375,-2106.5,165.72213745117188,-2459.139892578125,-2382.800048828125,-2298.5,-2183.5,-2106.5,-2034.75,-1962.9000244140625,-1931.9000244140625,-1830.478759765625
928,-2112.639892578125,0.0,0.0,15.67236328125,-2112.639892578125,-2114.5,166.16880798339844,-2459.139892578125,-2382.800048828125,-2298.5,-2192.5,-2114.5,-2037.75,-1962.9000244140625,-1931.9000244140625,-1830.478759765625
936,-2116.219970703125,0.0,0.0,15.484203338623047,-2116.219970703125,-2120.5,166.6328582763672,-2459.4599609375,-2398.050048828125,-2301.199951171875,-2192.5,-2120.5,-2039.5,-1963.800048828125,-1935.7000732421875,-1834.3988037109375
944,-2118.97998046875,0.0,0.0,15.309328079223633,-2118.97998046875,-2122.5,167.2589569091797,-2467.300048828125,-2399.25,-2301.199951171875,-2192.5,-2122.5,-2043.75,-1963.800048828125,-1937.60009765625,-1834.3988037109375
952,-2122.35986328125,0.0,0.0,15.11663818359375,-2122.360107421875,-2128.5,168.43951416015625,-2467.5400390625,-2405.449951171875,-2312.60009765625,-2193.5,-2128.5,-2045.75,-1964.800048828125,-1946.550048828125,-1834.3988037109375
960,-2125.219970703125,0.0,0.0,14.97932243347168,-2125.219970703125,-2131.5,168.1549072265625,-2477.340087890625,-2405.449951171875,-2312.60009765625,-2197.5,-2131.5,-2045.75,-1970.800048828125,-1946.550048828125,-1834.3988037109375
968,-2127.419921875,0.0,0.0,14.720650672912598,-2127.419921875,-2136.0,168.46835327148438,-2477.340087890625,-2405.64990234375,-2312.60009765625,-2200.5,-2136.0,-2047.75,-1970.800048828125,-1950.8499755859375,-1834.3988037109375
976,-2130.3798828125,0.0,0.0,14.46828842163086,-2130.3798828125,-2136.0,167.57510375976562,-2477.340087890625,-2405.64990234375,-2319.199951171875,-2208.0,-2136.0,-2056.5,-1980.0,-1953.9000244140625,-1859.878662109375
984,-2133.33984375,0.0,0.0,14.2765474319458,-2133.340087890625,-2136.0,168.2794189453125,-2477.699951171875,-2405.64990234375,-2330.0,-2212.5,-2136.0,-2060.25,-1981.9000244140625,-1956.8499755859375,-1859.878662109375
992,-2136.219970703125,0.0,0.0,14.159097671508789,-2136.219970703125,-2142.5,168.7997283935547,-2478.219970703125,-2405.949951171875,-2330.0,-2212.5,-2142.5,-2060.25,-1983.800048828125,-1964.60009765625,-1859.878662109375
1000,-2139.099853515625,0.0,0.0,13.927928924560547,-2139.10009765625,-2143.5,169.64125061035156,-2478.380126953125,-2407.85009765625,-2331.5,-2218.25,-2143.5,-2061.0,-1988.800048828125,-1964.60009765625,-1859.878662109375
1008,-2141.260009765625,0.0,0.0,13.785273551940918,-2141.260009765625,-2143.5,169.3292999267578,-2478.380126953125,-2407.85009765625,-2331.5,-2218.25,-2143.5,-2061.75,-1996.199951171875,-1969.75,-1859.878662109375
1016,-2143.699951171875,0.0,0.0,13.588319778442383,-2143.699951171875,-2144.5,169.25018310546875,-2478.380126953125,-2407.85009765625,-2331.800048828125,-2225.5,-2144.5,-2065.0,-1999.699951171875,-1976.4000244140625,-1859.878662109375
1024,-2146.699951171875,0.0,0.0,13.350259780883789,-2146.699951171875,-2146.0,168.21578979492188,-2484.300048828125,-2415.449951171875,-2331.800048828125,-2225.5,-2146.0,-2069.75,-1999.699951171875,-1984.60009765625,-1897.238525390625
1032,-2149.02001953125,0.0,0.0,13.21805477142334,-2149.02001953125,-2146.0,167.7542266845703,-2484.4599609375,-2415.449951171875,-2333.60009765625,-2225.5,-2146.0,-2074.5,-2004.699951171875,-1984.60009765625,-1897.358642578125
1040,-2152.820068359375,0.0,0.0,13.055509567260742,-2152.820068359375,-2147.0,166.7347869873047,-2484.4599609375,-2439.199951171875,-2334.0,-2236.5,-2147.0,-2078.0,-2005.9000244140625,-1984.60009765625,-1898.0787353515625
1048,-2154.43994140625,0.0,0.0,12.836523056030273,-2154.43994140625,-2150.0,167.69808959960938,-2494.260009765625,-2439.199951171875,-2334.300048828125,-2236.5,-2150.0,-2078.75,-2006.9000244140625,-1984.60009765625,-1898.0787353515625
1056,-2156.85986328125,0.0,0.0,12.638710975646973,-2156.860107421875,-2154.0,167.9912567138672,-2506.02001953125,-2439.199951171875,-2337.89990234375,-2239.75,-2154.0,-2078.75,-2008.699951171875,-1986.9000244140625,-1898.0787353515625
1064,-2160.199951171875,0.0,0.0,12.45364761352539,-2160.199951171875,-2159.5,166.6441650390625,-2510.139892578125,-2439.199951171875,-2337.89990234375,-2245.25,-2159.5,-2078.75,-2010.0,-1992.60009765625,-1898.9989013671875
1072,-2162.219970703125,0.0,0.0,12.315740585327148,-2162.219970703125,-2161.5,166.62985229492188,-2510.139892578125,-2439.199951171875,-2337.89990234375,-2245.25,-2161.5,-2087.75,-2015.9000244140625,-1996.5,-1898.9989013671875
1080,-2164.06005859375,0.0,0.0,12.220881462097168,-2164.06005859375,-2161.5,166.62327575683594,-2516.02001953125,-2439.199951171875,-2339.699951171875,-2245.75,-2161.5,-2092.0,-2017.9000244140625,-1998.9000244140625,-1898.9989013671875
1088,-2165.83984375,0.0,0.0,12.063851356506348,-2165.840087890625,-2161.5,166.9299774169922,-2516.02001953125,-2439.199951171875,-2348.699951171875,-2245.75,-2161.5,-2092.0,-2018.0,-1998.9000244140625,-1898.9989013671875
1096,-2169.079833984375,0.0,0.0,11.908305168151855,-2169.080078125,-2162.0,167.48501586914062,-2516.02001953125,-2439.199951171875,-2358.10009765625,-2249.0,-2162.0,-2092.75,-2023.800048828125,-2002.800048828125,-1898.9989013671875
1104,-2170.320068359375,0.0,0.0,11.829350471496582,-2170.320068359375,-2162.5,167.2888946533203,-2519.93994140625,-2439.199951171875,-2365.300048828125,-2249.0,-2162.5,-2093.75,-2026.699951171875,-2016.10009765625,-1898.9989013671875
1112,-2172.9599609375,0.0,0.0,11.730978965759277,-2172.9599609375,-2169.5,167.4889678955078,-2520.06005859375,-2439.199951171875,-2366.10009765625,-2252.5,-2169.5,-2096.75,-2026.699951171875,-2016.10009765625,-1898.9989013671875
1120,-2175.419921875,0.0,0.0,11.595678329467773,-2175.419921875,-2173.5,166.65322875976562,-2522.02001953125,-2446.050048828125,-2368.800048828125,-2256.25,-2173.5,-2098.0,-2026.699951171875,-2016.60009765625,-1899.9591064453125
1128,-2178.5400390625,0.0,0.0,11.458745002746582,-2178.5400390625,-2173.5,167.37451171875,-2535.739990234375,-2446.050048828125,-2376.199951171875,-2260.5,-2173.5,-2098.0,-2037.699951171875,-2016.60009765625,-1899.9591064453125
1136,-2180.300048828125,0.0,0.0,11.286896705627441,-2180.300048828125,-2173.5,167.61285400390625,-2535.739990234375,-2450.75,-2376.199951171875,-2262.0,-2173.5,-2098.75,-2043.0999755859375,-2016.60009765625,-1899.9591064453125
1144,-2182.119873046875,0.0,0.0,11.044699668884277,-2182.1201171875,-2175.0,167.47735595703125,-2535.739990234375,-2450.75,-2378.39990234375,-2262.0,-2175.0,-2101.25,-2043.5999755859375,-2016.60009765625,-1899.9591064453125
1152,-2183.9599609375,0.0,0.0,10.91782283782959,-2183.9599609375,-2182.5,166.9139862060547,-2535.739990234375,-2450.75,-2378.39990234375,-2265.0,-2182.5,-2106.5,-2043.5999755859375,-2016.7000732421875,-1899.9591064453125
1160,-2186.699951171875,0.0,0.0,10.757216453552246,-2186.699951171875,-2183.5,167.35098266601562,-2535.739990234375,-2450.75,-2378.39990234375,-2265.0,-2183.5,-2106.5,-2045.800048828125,-2024.60009765625,-1899.9591064453125
1168,-2189.079833984375,0.0,0.0,10.62381649017334,-2189.080078125,-2185.0,165.00070190429688,-2535.739990234375,-2450.75,-2382.5,-2267.25,-2185.0,-2107.75,-2045.800048828125,-2026.5,-1900.439208984375
1176,-2190.199951171875,0.0,0.0,10.502032279968262,-2190.199951171875,-2187.5,165.016357421875,-2535.780029296875,-2450.75,-2382.5,-2268.5,-2187.5,-2107.75,-2045.800048828125,-2026.5,-1900.559326171875
1184,-2192.43994140625,0.0,0.0,10.433439254760742,-2192.43994140625,-2187.5,162.36380004882812,-2535.780029296875,-2450.75,-2382.5,-2268.5,-2187.5,-2113.5,-2045.800048828125,-2026.5,-1901.9595947265625
1192,-2194.659912109375,0.0,0.0,10.252211570739746,-2194.659912109375,-2187.5,160.98895263671875,-2535.780029296875,-2450.75,-2384.89990234375,-2272.5,-2187.5,-2113.5,-2047.800048828125,-2028.9000244140625,-1902.319580078125
1200,-2197.02001953125,0.0,0.0,10.102791786193848,-2197.02001953125,-2189.0,160.7716522216797,-2535.780029296875,-2450.75,-2393.10009765625,-2272.5,-2189.0,-2114.0,-2058.60009765625,-2028.9000244140625,-1902.319580078125
1208,-2198.699951171875,0.0,0.0,10.026259422302246,-2198.699951171875,-2189.5,159.8904266357422,-2535.89990234375,-2450.75,-2393.10009765625,-2272.5,-2189.5,-2114.0,-2061.800048828125,-2028.9000244140625,-1902.6796875
1216,-2200.119873046875,0.0,0.0,9.917013168334961,-2200.1201171875,-2190.5,159.96995544433594,-2535.89990234375,-2450.75,-2393.10009765625,-2274.0,-2190.5,-2115.5,-2061.800048828125,-2028.9000244140625,-1902.6796875
1224,-2201.719970703125,0.0,0.0,9.7684907913208,-2201.719970703125,-2190.5,159.5894775390625,-2535.89990234375,-2450.75,-2393.10009765625,-2278.5,-2190.5,-2115.5,-2061.800048828125,-2036.60009765625,-1902.8797607421875
1232,-2203.52001953125,0.0,0.0,9.678139686584473,-2203.52001953125,-2194.0,159.1500244140625,-2535.89990234375,-2450.75,-2393.5,-2280.5,-2194.0,-2117.75,-2066.300048828125,-2036.60009765625,-1902.8797607421875
1240,-2205.4599609375,0.0,0.0,9.536358833312988,-2205.4599609375,-2194.0,160.0087127685547,-2535.89990234375,-2469.75,-2393.5,-2282.25,-2194.0,-2121.0,-2066.300048828125,-2040.4000244140625,-1902.959716796875
1248,-2207.179931640625,0.0,0.0,9.468907356262207,-2207.179931640625,-2200.0,159.60504150390625,-2535.89990234375,-2469.75,-2395.300048828125,-2285.25,-2200.0,-2125.75,-2071.5,-2040.800048828125,-1902.959716796875
1256,-2208.83984375,0.0,0.0,9.376388549804688,-2208.840087890625,-2200.0,159.97079467773438,-2535.89990234375,-2469.75,-2399.10009765625,-2286.5,-2200.0,-2126.75,-2075.60009765625,-2040.800048828125,-1902.959716796875
1264,-2211.579833984375,0.0,0.0,9.245792388916016,-2211.580078125,-2201.0,160.01856994628906,-2537.860107421875,-2469.75,-2400.89990234375,-2287.5,-2201.0,-2126.75,-2078.699951171875,-2040.9000244140625,-1902.959716796875
1272,-2213.02001953125,0.0,0.0,9.129316329956055,-2213.02001953125,-2204.5,159.8389129638672,-2537.860107421875,-2469.75,-2404.5,-2294.5,-2204.5,-2129.0,-2078.699951171875,-2042.9000244140625,-1902.959716796875
1280,-2215.35986328125,0.0,0.0,9.064570426940918,-2215.360107421875,-2206.0,160.46229553222656,-2559.419921875,-2469.75,-2404.5,-2294.5,-2206.0,-2129.0,-2083.5,-2042.9000244140625,-1902.959716796875
1288,-2217.4599609375,0.0,0.0,8.936058044433594,-2217.4599609375,-2208.5,159.81484985351562,-2561.3798828125,-2469.75,-2409.5,-2302.25,-2208.5,-2132.0,-2083.5,-2048.699951171875,-1902.959716796875
1296,-2218.719970703125,0.0,0.0,8.83951473236084,-2218.719970703125,-2208.5,160.436279296875,-2571.179931640625,-2469.75,-2414.199951171875,-2302.25,-2208.5,-2133.25,-2083.5,-2048.699951171875,-1902.959716796875
1304,-2221.35986328125,0.0,0.0,8.74398136138916,-2221.360107421875,-2210.5,160.01222229003906,-2571.179931640625,-2469.75,-2416.0,-2302.25,-2210.5,-2137.75,-2083.89990234375,-2048.699951171875,-1916.6796875
1312,-2222.5,0.0,0.0,8.594772338867188,-2222.5,-2212.5,159.7963409423828,-2571.179931640625,-2469.85009765625,-2416.0,-2303.25,-2212.5,-2137.75,-2083.89990234375,-2048.699951171875,-1916.6796875
1320,-2224.179931640625,0.0,0.0,8.54630184173584,-2224.179931640625,-2217.0,160.29737854003906,-2571.340087890625,-2469.85009765625,-2416.89990234375,-2303.25,-2217.0,-2140.0,-2083.89990234375,-2048.699951171875,-1916.6796875
1328,-2225.33984375,0.0,0.0,8.467390060424805,-2225.340087890625,-2218.5,159.01585388183594,-2571.340087890625,-2469.85009765625,-2416.89990234375,-2303.25,-2218.5,-2140.0,-2086.699951171875,-2048.699951171875,-1916.6796875
1336,-2226.300048828125,0.0,0.0,8.361568450927734,-2226.300048828125,-2218.5,158.81834411621094,-2571.340087890625,-2470.14990234375,-2418.699951171875,-2304.25,-2218.5,-2140.0,-2088.5,-2048.699951171875,-1916.6796875
1344,-2227.199951171875,0.0,0.0,8.279321670532227,-2227.199951171875,-2219.5,158.7069091796875,-2577.219970703125,-2470.14990234375,-2418.699951171875,-2304.25,-2219.5,-2145.75,-2088.5,-2048.699951171875,-1918.6396484375
1352,-2229.639892578125,0.0,0.0,8.162221908569336,-2229.639892578125,-2220.0,159.03619384765625,-2577.340087890625,-2481.550048828125,-2420.5,-2304.25,-2220.0,-2146.75,-2094.699951171875,-2058.2001953125,-1918.6396484375
1360,-2231.02001953125,0.0,0.0,8.114771842956543,-2231.02001953125,-2220.5,157.27110290527344,-2577.340087890625,-2481.64990234375,-2420.5,-2304.25,-2220.5,-2147.75,-2094.699951171875,-2058.2001953125,-1930.399658203125
1368,-2232.599853515625,0.0,0.0,7.9904985427856445,-2232.60009765625,-2222.0,158.13638305664062,-2577.780029296875,-2481.64990234375,-2422.300048828125,-2312.0,-2222.0,-2148.75,-2094.699951171875,-2058.2001953125,-1930.399658203125
1376,-2233.5400390625,0.0,0.0,7.907869815826416,-2233.5400390625,-2223.5,157.69789123535156,-2577.780029296875,-2481.64990234375,-2425.10009765625,-2312.0,-2223.5,-2148.75,-2097.39990234375,-2058.2001953125,-1930.399658203125
1384,-2234.33984375,0.0,0.0,7.847269535064697,-2234.340087890625,-2223.5,157.7765655517578,-2577.780029296875,-2481.64990234375,-2426.199951171875,-2312.0,-2223.5,-2148.75,-2097.39990234375,-2058.2001953125,-1930.399658203125
1392,-2235.599853515625,0.0,0.0,7.693996906280518,-2235.60009765625,-2230.5,157.98355102539062,-2577.780029296875,-2481.949951171875,-2428.800048828125,-2312.0,-2230.5,-2151.0,-2097.39990234375,-2058.2001953125,-1930.399658203125
1400,-2237.179931640625,0.0,0.0,7.613375186920166,-2237.179931640625,-2230.5,156.8663330078125,-2577.780029296875,-2481.949951171875,-2438.0,-2313.5,-2230.5,-2151.0,-2099.800048828125,-2058.2001953125,-1930.7197265625
1408,-2238.659912109375,0.0,0.0,7.520071983337402,-2238.659912109375,-2233.0,157.5530548095703,-2577.780029296875,-2481.949951171875,-2438.199951171875,-2317.5,-2233.0,-2151.0,-2099.800048828125,-2058.2001953125,-1936.5997314453125
1416,-2240.820068359375,0.0,0.0,7.458798885345459,-2240.820068359375,-2234.5,157.4672393798828,-2577.780029296875,-2481.949951171875,-2438.199951171875,-2320.0,-2234.5,-2152.75,-2101.800048828125,-2063.900146484375,-1948.359619140625
1424,-2241.8798828125,0.0,0.0,7.424685955047607,-2241.8798828125,-2234.5,157.31314086914062,-2577.780029296875,-2481.949951171875,-2440.0,-2320.0,-2234.5,-2152.75,-2101.800048828125,-2063.900146484375,-1954.2396240234375
1432,-2242.919921875,0.0,0.0,7.402873516082764,-2242.919921875,-2234.5,157.1709747314453,-2577.780029296875,-2482.050048828125,-2440.0,-2323.0,-2234.5,-2152.75,-2105.60009765625,-2065.800048828125,-1954.2396240234375
1440,-2244.739990234375,0.0,0.0,7.304587364196777,-2244.739990234375,-2237.0,157.3513641357422,-2577.780029296875,-2482.14990234375,-2440.199951171875,-2323.0,-2237.0,-2155.25,-2105.800048828125,-2065.800048828125,-1954.2396240234375
1448,-2246.33984375,0.0,0.0,7.22268533706665,-2246.340087890625,-2238.5,156.929931640625,-2579.739990234375,-2482.14990234375,-2440.199951171875,-2323.0,-2238.5,-2155.25,-2107.60009765625,-2067.7001953125,-1954.2396240234375
1456,-2248.300048828125,0.0,0.0,7.086970806121826,-2248.300048828125,-2238.5,157.0931854248047,-2579.739990234375,-2482.14990234375,-2440.60009765625,-2327.25,-2238.5,-2162.0,-2108.0,-2067.900146484375,-1954.2396240234375
1464,-2249.47998046875,0.0,0.0,7.046679973602295,-2249.47998046875,-2240.5,156.3954315185547,-2579.820068359375,-2482.14990234375,-2440.60009765625,-2328.25,-2240.5,-2162.0,-2111.60009765625,-2069.800048828125,-1954.2396240234375
1472,-2250.83984375,0.0,0.0,6.955773830413818,-2250.840087890625,-2244.0,154.80612182617188,-2580.0,-2482.14990234375,-2440.60009765625,-2328.25,-2244.0,-2162.0,-2111.60009765625,-2070.0,-1962.07958984375
1480,-2252.679931640625,0.0,0.0,6.894421100616455,-2252.679931640625,-2244.5,155.23806762695312,-2580.0,-2483.199951171875,-2453.10009765625,-2328.25,-2244.5,-2165.0,-2118.800048828125,-2070.10009765625,-1962.07958984375
1488,-2254.699951171875,0.0,0.0,6.787316799163818,-2254.699951171875,-2244.5,155.6123046875,-2580.0,-2483.199951171875,-2453.10009765625,-2331.25,-2244.5,-2165.25,-2118.800048828125,-2070.800048828125,-1962.07958984375
1496,-2256.099853515625,0.0,0.0,6.713388442993164,-2256.10009765625,-2244.5,155.76132202148438,-2589.800048828125,-2483.199951171875,-2454.5,-2335.75,-2244.5,-2165.75,-2118.800048828125,-2070.800048828125,-1983.6395263671875
1504,-2256.93994140625,0.0,0.0,6.633939266204834,-2256.93994140625,-2248.0,155.34616088867188,-2589.800048828125,-2483.199951171875,-2454.5,-2335.75,-2248.0,-2165.75,-2118.800048828125,-2070.800048828125,-1983.6395263671875
1512,-2258.679931640625,0.0,0.0,6.530909061431885,-2258.679931640625,-2248.0,155.8257293701172,-2589.800048828125,-2499.35009765625,-2458.10009765625,-2339.25,-2248.0,-2172.5,-2118.800048828125,-2070.800048828125,-1983.6395263671875
1520,-2259.820068359375,0.0,0.0,6.461010456085205,-2259.820068359375,-2248.0,155.42330932617188,-2589.800048828125,-2499.35009765625,-2458.10009765625,-2339.75,-2248.0,-2178.25,-2124.199951171875,-2070.89990234375,-1983.6395263671875
1528,-2261.219970703125,0.0,0.0,6.43004846572876,-2261.219970703125,-2250.5,155.46070861816406,-2589.800048828125,-2499.550048828125,-2458.10009765625,-2339.75,-2250.5,-2178.25,-2124.199951171875,-2070.89990234375,-1983.6395263671875
1536,-2261.639892578125,0.0,0.0,6.410528182983398,-2261.639892578125,-2250.5,155.49954223632812,-2589.800048828125,-2503.35009765625,-2458.10009765625,-2339.75,-2250.5,-2178.25,-2124.199951171875,-2070.89990234375,-1983.6395263671875
1544,-2262.419921875,0.0,0.0,6.363973140716553,-2262.419921875,-2250.5,155.74395751953125,-2589.800048828125,-2503.35009765625,-2458.10009765625,-2339.75,-2250.5,-2178.25,-2127.800048828125,-2070.89990234375,-1983.6395263671875
1552,-2263.139892578125,0.0,0.0,6.321611404418945,-2263.139892578125,-2251.5,155.6837158203125,-2589.800048828125,-2503.35009765625,-2458.10009765625,-2341.25,-2251.5,-2178.25,-2127.800048828125,-2070.89990234375,-1983.719482421875
1560,-2263.97998046875,0.0,0.0,6.2555365562438965,-2263.97998046875,-2253.0,155.71511840820312,-2589.800048828125,-2503.35009765625,-2458.10009765625,-2341.25,-2253.0,-2178.75,-2127.800048828125,-2078.60009765625,-1983.719482421875
1568,-2264.919921875,0.0,0.0,6.164076328277588,-2264.919921875,-2253.5,156.48460388183594,-2589.89990234375,-2503.35009765625,-2458.10009765625,-2341.75,-2253.5,-2178.75,-2127.800048828125,-2078.60009765625,-1983.719482421875
1576,-2266.4599609375,0.0,0.0,6.066329002380371,-2266.4599609375,-2254.0,156.7245635986328,-2599.699951171875,-2503.35009765625,-2464.39990234375,-2341.75,-2254.0,-2179.75,-2129.60009765625,-2078.60009765625,-1983.719482421875
1584,-2267.35986328125,0.0,0.0,6.016905307769775,-2267.360107421875,-2254.0,156.62295532226562,-2599.699951171875,-2503.35009765625,-2468.300048828125,-2341.75,-2254.0,-2179.75,-2130.800048828125,-2080.89990234375,-1983.719482421875
1592,-2267.85986328125,0.0,0.0,5.935313701629639,-2267.860107421875,-2255.0,156.78207397460938,-2599.699951171875,-2503.35009765625,-2468.300048828125,-2343.75,-2255.0,-2179.75,-2130.800048828125,-2080.89990234375,-1983.719482421875
1600,-2269.02001953125,0.0,0.0,5.887045860290527,-2269.02001953125,-2255.0,156.26693725585938,-2599.699951171875,-2503.35009765625,-2470.10009765625,-2343.75,-2255.0,-2179.75,-2130.800048828125,-2080.89990234375,-1983.8795166015625
1608,-2269.919921875,0.0,0.0,5.848912239074707,-2269.919921875,-2255.0,155.41090393066406,-2599.699951171875,-2510.25,-2470.10009765625,-2343.75,-2255.0,-2179.75,-2130.800048828125,-2088.60009765625,-1983.8795166015625
1616,-2271.02001953125,0.0,0.0,5.785220623016357,-2271.02001953125,-2255.0,155.2747344970703,-2599.699951171875,-2515.300048828125,-2470.10009765625,-2343.75,-2255.0,-2179.75,-2130.800048828125,-2088.60009765625,-1983.8795166015625
1624,-2273.06005859375,0.0,0.0,5.745031833648682,-2273.06005859375,-2256.5,155.10989379882812,-2600.080078125,-2515.300048828125,-2470.10009765625,-2343.75,-2256.5,-2181.25,-2130.800048828125,-2098.5,-1993.839599609375
1632,-2273.820068359375,0.0,0.0,5.699624538421631,-2273.820068359375,-2257.5,155.5289306640625,-2600.080078125,-2515.300048828125,-2471.10009765625,-2343.75,-2257.5,-2181.25,-2130.800048828125,-2098.800048828125,-1993.839599609375
1640,-2275.06005859375,0.0,0.0,5.663238525390625,-2275.06005859375,-2257.5,154.3870391845703,-2600.080078125,-2515.300048828125,-2471.10009765625,-2343.75,-2257.5,-2181.25,-2136.199951171875,-2098.800048828125,-1999.719482421875
1648,-2275.619873046875,0.0,0.0,5.609036922454834,-2275.6201171875,-2257.5,154.29159545898438,-2600.080078125,-2515.300048828125,-2471.10009765625,-2354.25,-2257.5,-2181.25,-2136.199951171875,-2098.800048828125,-1999.719482421875
1656,-2276.219970703125,0.0,0.0,5.56922721862793,-2276.219970703125,-2258.5,154.65855407714844,-2600.10009765625,-2515.300048828125,-2472.10009765625,-2354.25,-2258.5,-2181.25,-2136.199951171875,-2098.800048828125,-1999.719482421875
1664,-2277.320068359375,0.0,0.0,5.51699686050415,-2277.320068359375,-2258.5,154.8078155517578,-2600.10009765625,-2515.300048828125,-2472.10009765625,-2354.25,-2258.5,-2181.25,-2136.199951171875,-2104.699951171875,-1999.719482421875
1672,-2278.239990234375,0.0,0.0,5.450962543487549,-2278.239990234375,-2258.5,154.66990661621094,-2600.10009765625,-2515.300048828125,-2472.10009765625,-2354.25,-2258.5,-2181.25,-2138.199951171875,-2104.699951171875,-1999.719482421875
1680,-2279.320068359375,0.0,0.0,5.409334659576416,-2279.320068359375,-2259.5,154.6748046875,-2600.10009765625,-2516.85009765625,-2472.10009765625,-2354.25,-2259.5,-2181.25,-2138.39990234375,-2104.699951171875,-1999.719482421875
1688,-2279.9599609375,0.0,0.0,5.319360256195068,-2279.9599609375,-2259.5,154.26885986328125,-2600.10009765625,-2516.85009765625,-2472.300048828125,-2354.25,-2259.5,-2182.0,-2138.39990234375,-2104.699951171875,-1999.719482421875
1696,-2280.280029296875,0.0,0.0,5.292446136474609,-2280.280029296875,-2259.5,154.259521484375,-2605.97998046875,-2516.85009765625,-2472.300048828125,-2354.25,-2259.5,-2182.0,-2138.60009765625,-2104.699951171875,-1999.719482421875
1704,-2281.85986328125,0.0,0.0,5.274943828582764,-2281.860107421875,-2259.5,153.38494873046875,-2606.219970703125,-2516.85009765625,-2474.199951171875,-2354.25,-2259.5,-2182.0,-2138.60009765625,-2104.699951171875,-2029.199462890625
1712,-2283.159912109375,0.0,0.0,5.265870094299316,-2283.159912109375,-2260.0,153.38714599609375,-2606.219970703125,-2519.699951171875,-2474.199951171875,-2354.25,-2260.0,-2182.75,-2138.60009765625,-2104.699951171875,-2029.199462890625
1720,-2284.3798828125,0.0,0.0,5.2184014320373535,-2284.3798828125,-2265.5,153.69039916992188,-2606.219970703125,-2531.10009765625,-2474.199951171875,-2354.25,-2265.5,-2189.75,-2138.60009765625,-2104.699951171875,-2029.199462890625
1728,-2284.820068359375,0.0,0.0,5.206264495849609,-2284.820068359375,-2265.5,153.55027770996094,-2608.179931640625,-2531.10009765625,-2474.199951171875,-2354.25,-2265.5,-2189.75,-2139.199951171875,-2105.0,-2029.2794189453125
1736,-2285.93994140625,0.0,0.0,5.150914669036865,-2285.93994140625,-2265.5,153.87799072265625,-2614.179931640625,-2533.0,-2474.199951171875,-2354.25,-2265.5,-2190.0,-2139.199951171875,-2105.0,-2029.2794189453125
1744,-2286.780029296875,0.0,0.0,5.085548400878906,-2286.780029296875,-2265.5,154.2238311767578,-2625.93994140625,-2533.60009765625,-2474.199951171875,-2354.25,-2265.5,-2192.0,-2139.199951171875,-2112.60009765625,-2029.2794189453125
1752,-2287.780029296875,0.0,0.0,5.029379367828369,-2287.780029296875,-2265.5,154.98861694335938,-2625.93994140625,-2539.300048828125,-2474.199951171875,-2356.25,-2265.5,-2192.0,-2139.199951171875,-2116.400146484375,-2029.2794189453125
1760,-2288.739990234375,0.0,0.0,4.928810119628906,-2288.739990234375,-2265.5,155.03797912597656,-2625.93994140625,-2539.300048828125,-2489.5,-2356.25,-2265.5,-2193.5,-2141.800048828125,-2116.400146484375,-2029.2794189453125
1768,-2290.02001953125,0.0,0.0,4.850616455078125,-2290.02001953125,-2267.0,155.03379821777344,-2625.93994140625,-2539.300048828125,-2496.0,-2361.0,-2267.0,-2196.25,-2141.800048828125,-2124.0,-2029.2794189453125
1776,-2291.239990234375,0.0,0.0,4.8130903244018555,-2291.239990234375,-2267.0,154.96934509277344,-2626.06005859375,-2539.300048828125,-2496.0,-2364.5,-2267.0,-2198.5,-2141.89990234375,-2124.400146484375,-2033.199462890625
1784,-2292.219970703125,0.0,0.0,4.756826877593994,-2292.219970703125,-2268.0,154.89697265625,-2626.06005859375,-2539.300048828125,-2496.0,-2364.5,-2268.0,-2198.75,-2151.0,-2124.400146484375,-2033.199462890625
1792,-2293.0,0.0,0.0,4.77028226852417,-2293.0,-2268.0,155.0001220703125,-2626.06005859375,-2545.10009765625,-2496.199951171875,-2364.5,-2268.0,-2198.75,-2152.800048828125,-2124.400146484375,-2033.199462890625
1800,-2293.760009765625,0.0,0.0,4.735820293426514,-2293.760009765625,-2268.0,154.7974853515625,-2626.06005859375,-2545.10009765625,-2496.199951171875,-2365.25,-2268.0,-2198.75,-2153.199951171875,-2124.400146484375,-2033.199462890625
1808,-2294.639892578125,0.0,0.0,4.684277057647705,-2294.639892578125,-2270.5,155.15872192382812,-2626.06005859375,-2545.5,-2496.199951171875,-2365.25,-2270.5,-2198.75,-2153.199951171875,-2124.699951171875,-2035.159423828125
1816,-2295.47998046875,0.0,0.0,4.648748397827148,-2295.47998046875,-2270.5,155.35214233398438,-2626.06005859375,-2547.39990234375,-2496.199951171875,-2365.25,-2270.5,-2201.0,-2153.199951171875,-2124.699951171875,-2035.159423828125
1824,-2296.159912109375,0.0,0.0,4.624161243438721,-2296.159912109375,-2270.5,155.41781616210938,-2626.06005859375,-2547.39990234375,-2496.199951171875,-2366.0,-2270.5,-2204.75,-2153.199951171875,-2131.650146484375,-2035.159423828125
1832,-2296.760009765625,0.0,0.0,4.5484747886657715,-2296.760009765625,-2270.5,155.39981079101562,-2628.10009765625,-2547.39990234375,-2496.199951171875,-2367.5,-2270.5,-2204.75,-2153.199951171875,-2131.650146484375,-2035.159423828125
1840,-2298.579833984375,0.0,0.0,4.534574031829834,-2298.580078125,-2270.5,155.6648406982422,-2628.10009765625,-2555.0,-2496.199951171875,-2367.5,-2270.5,-2207.75,-2153.199951171875,-2133.550048828125,-2046.9193115234375
1848,-2299.579833984375,0.0,0.0,4.478777885437012,-2299.580078125,-2273.0,155.40457153320312,-2628.10009765625,-2555.0,-2496.199951171875,-2367.5,-2273.0,-2208.75,-2153.199951171875,-2133.650146484375,-2048.87939453125
1856,-2300.52001953125,0.0,0.0,4.388332366943359,-2300.52001953125,-2273.0,155.070068359375,-2628.10009765625,-2555.0,-2496.199951171875,-2368.5,-2273.0,-2208.75,-2163.0,-2133.650146484375,-2048.87939453125
1864,-2301.320068359375,0.0,0.0,4.336244583129883,-2301.320068359375,-2276.5,155.30555725097656,-2628.10009765625,-2555.0,-2497.0,-2369.0,-2276.5,-2208.75,-2163.0,-2133.650146484375,-2048.87939453125
1872,-2301.89990234375,0.0,0.0,4.309360980987549,-2301.89990234375,-2276.5,155.3577423095703,-2628.10009765625,-2555.0,-2497.0,-2369.0,-2276.5,-2209.75,-2163.0,-2133.650146484375,-2048.87939453125
1880,-2302.52001953125,0.0,0.0,4.279497146606445,-2302.52001953125,-2280.5,155.13003540039062,-2628.10009765625,-2555.0,-2497.0,-2375.0,-2280.5,-2212.5,-2163.0,-2134.949951171875,-2048.87939453125
1888,-2303.079833984375,0.0,0.0,4.249009132385254,-2303.080078125,-2281.5,155.2110595703125,-2628.10009765625,-2555.0,-2497.0,-2375.0,-2281.5,-2212.5,-2163.39990234375,-2134.949951171875,-2048.87939453125
1896,-2303.599853515625,0.0,0.0,4.265292644500732,-2303.60009765625,-2281.5,155.04864501953125,-2628.10009765625,-2555.0,-2497.0,-2375.0,-2281.5,-2212.5,-2163.39990234375,-2134.949951171875,-2048.95947265625
1904,-2304.919921875,0.0,0.0,4.275405406951904,-2304.919921875,-2285.5,155.5283660888672,-2628.10009765625,-2556.10009765625,-2504.199951171875,-2375.0,-2285.5,-2212.5,-2163.39990234375,-2134.949951171875,-2048.999267578125
1912,-2305.639892578125,0.0,0.0,4.219443321228027,-2305.639892578125,-2286.5,155.0816192626953,-2628.10009765625,-2556.10009765625,-2504.199951171875,-2375.0,-2286.5,-2212.5,-2163.39990234375,-2140.75,-2048.999267578125
1920,-2306.320068359375,0.0,0.0,4.157468318939209,-2306.320068359375,-2286.5,155.00250244140625,-2628.10009765625,-2556.10009765625,-2504.199951171875,-2376.0,-2286.5,-2212.5,-2163.39990234375,-2140.75,-2048.999267578125
1928,-2307.239990234375,0.0,0.0,4.095435619354248,-2307.239990234375,-2289.0,154.74322509765625,-2628.10009765625,-2556.10009765625,-2504.199951171875,-2379.5,-2289.0,-2212.5,-2163.800048828125,-2143.60009765625,-2048.999267578125
1936,-2307.820068359375,0.0,0.0,4.064472198486328,-2307.820068359375,-2290.0,153.95494079589844,-2628.10009765625,-2556.10009765625,-2504.199951171875,-2379.5,-2290.0,-2212.5,-2165.60009765625,-2143.60009765625,-2050.95947265625
1944,-2308.760009765625,0.0,0.0,3.9862217903137207,-2308.760009765625,-2293.0,154.0669403076172,-2628.10009765625,-2556.10009765625,-2504.800048828125,-2388.25,-2293.0,-2213.0,-2165.60009765625,-2143.60009765625,-2050.95947265625
1952,-2309.83984375,0.0,0.0,3.9406962394714355,-2309.840087890625,-2293.0,154.33953857421875,-2630.06005859375,-2556.199951171875,-2506.60009765625,-2388.25,-2293.0,-2213.0,-2165.60009765625,-2143.60009765625,-2050.95947265625
1960,-2311.4599609375,0.0,0.0,3.971923828125,-2311.4599609375,-2296.5,154.29721069335938,-2630.06005859375,-2556.199951171875,-2506.60009765625,-2388.25,-2296.5,-2214.5,-2165.60009765625,-2143.60009765625,-2050.95947265625
1968,-2312.280029296875,0.0,0.0,3.939678907394409,-2312.280029296875,-2296.5,154.37124633789062,-2630.06005859375,-2557.0,-2506.60009765625,-2388.25,-2296.5,-2214.5,-2165.60009765625,-2143.60009765625,-2050.95947265625
1976,-2313.239990234375,0.0,0.0,3.9158592224121094,-2313.239990234375,-2296.5,154.33541870117188,-2630.06005859375,-2557.0,-2506.60009765625,-2392.75,-2296.5,-2214.5,-2167.39990234375,-2143.60009765625,-2050.95947265625
1984,-2313.919921875,0.0,0.0,3.864105701446533,-2313.919921875,-2296.5,153.5321044921875,-2630.06005859375,-2557.0,-2506.60009765625,-2392.75,-2296.5,-2214.5,-2169.199951171875,-2143.60009765625,-2050.95947265625
1992,-2314.300048828125,0.0,0.0,3.844377279281616,-2314.300048828125,-2296.5,153.51361083984375,-2632.02001953125,-2557.0,-2506.60009765625,-2392.75,-2296.5,-2214.5,-2169.199951171875,-2143.699951171875,-2050.95947265625
2000,-2315.119873046875,0.0,0.0,3.785417318344116,-2315.1201171875,-2301.0,153.1127166748047,-2632.02001953125,-2557.0,-2506.60009765625,-2395.25,-2301.0,-2215.75,-2175.39990234375,-2143.800048828125,-2050.95947265625
2008,-2316.0,0.0,0.0,3.7330071926116943,-2316.0,-2301.5,152.67559814453125,-2632.02001953125,-2557.0,-2506.60009765625,-2395.25,-2301.5,-2215.75,-2175.800048828125,-2143.800048828125,-2050.95947265625
2016,-2316.199951171875,0.0,0.0,3.6639773845672607,-2316.199951171875,-2301.5,152.69773864746094,-2632.02001953125,-2557.0,-2506.60009765625,-2395.25,-2301.5,-2216.75,-2175.800048828125,-2143.800048828125,-2050.95947265625
2024,-2316.56005859375,0.0,0.0,3.676382064819336,-2316.56005859375,-2301.5,152.4431915283203,-2632.02001953125,-2557.0,-2506.60009765625,-2395.25,-2301.5,-2216.75,-2175.800048828125,-2143.800048828125,-2050.95947265625
2032,-2316.93994140625,0.0,0.0,3.6350536346435547,-2316.93994140625,-2301.5,152.1729278564453,-2632.02001953125,-2557.0,-2506.60009765625,-2395.25,-2301.5,-2216.75,-2175.800048828125,-2143.800048828125,-2056.83935546875
2040,-2317.43994140625,0.0,0.0,3.603557586669922,-2317.43994140625,-2301.5,152.491455078125,-2643.780029296875,-2557.0,-2506.60009765625,-2395.25,-2301.5,-2216.75,-2175.800048828125,-2143.800048828125,-2056.83935546875
2048,-2318.199951171875,0.0,0.0,3.561068058013916,-2318.199951171875,-2301.5,152.9705810546875,-2643.780029296875,-2557.300048828125,-2512.60009765625,-2395.25,-2301.5,-2220.0,-2175.800048828125,-2143.800048828125,-2056.83935546875
2056,-2318.760009765625,0.0,0.0,3.516423225402832,-2318.760009765625,-2304.0,152.8724365234375,-2643.780029296875,-2557.300048828125,-2516.199951171875,-2395.25,-2304.0,-2220.0,-2175.800048828125,-2143.800048828125,-2056.83935546875
2064,-2319.820068359375,0.0,0.0,3.4903228282928467,-2319.820068359375,-2304.0,152.2657012939453,-2643.780029296875,-2557.300048828125,-2516.199951171875,-2395.25,-2304.0,-2221.75,-2177.800048828125,-2143.89990234375,-2057.199462890625
2072,-2320.579833984375,0.0,0.0,3.5257818698883057,-2320.580078125,-2304.0,152.3704071044922,-2643.780029296875,-2557.60009765625,-2516.199951171875,-2398.25,-2304.0,-2221.75,-2177.800048828125,-2144.0,-2057.199462890625
2080,-2321.119873046875,0.0,0.0,3.539618492126465,-2321.1201171875,-2304.0,152.40127563476562,-2643.780029296875,-2557.60009765625,-2516.199951171875,-2398.25,-2304.0,-2221.75,-2177.800048828125,-2144.0,-2057.199462890625
2088,-2321.639892578125,0.0,0.0,3.5005340576171875,-2321.639892578125,-2304.0,152.42030334472656,-2643.860107421875,-2559.5,-2516.199951171875,-2398.25,-2304.0,-2227.75,-2177.800048828125,-2145.89990234375,-2057.199462890625
2096,-2322.3798828125,0.0,0.0,3.5339763164520264,-2322.3798828125,-2305.5,152.1927032470703,-2643.860107421875,-2559.5,-2516.199951171875,-2398.25,-2305.5,-2229.5,-2177.800048828125,-2145.89990234375,-2057.199462890625
2104,-2322.93994140625,0.0,0.0,3.511974334716797,-2322.93994140625,-2305.5,152.21168518066406,-2643.860107421875,-2559.5,-2516.199951171875,-2398.25,-2305.5,-2229.5,-2177.800048828125,-2151.699951171875,-2057.199462890625
2112,-2323.4599609375,0.0,0.0,3.4628117084503174,-2323.4599609375,-2309.5,152.04653930664062,-2643.860107421875,-2559.5,-2516.199951171875,-2398.25,-2309.5,-2229.75,-2177.800048828125,-2151.699951171875,-2057.199462890625
2120,-2324.02001953125,0.0,0.0,3.397728443145752,-2324.02001953125,-2309.5,151.82359313964844,-2643.860107421875,-2559.5,-2516.199951171875,-2398.25,-2309.5,-2229.75,-2177.800048828125,-2151.800048828125,-2057.199462890625
2128,-2324.739990234375,0.0,0.0,3.385274648666382,-2324.739990234375,-2309.5,151.6700897216797,-2643.860107421875,-2559.5,-2516.199951171875,-2398.25,-2309.5,-2231.25,-2177.800048828125,-2151.800048828125,-2057.199462890625
2136,-2325.419921875,0.0,0.0,3.3597686290740967,-2325.419921875,-2312.5,150.9980926513672,-2643.860107421875,-2559.5,-2516.199951171875,-2398.25,-2312.5,-2231.25,-2177.89990234375,-2159.400146484375,-2057.199462890625
2144,-2325.919921875,0.0,0.0,3.3779804706573486,-2325.919921875,-2312.5,151.07968139648438,-2643.860107421875,-2559.5,-2516.199951171875,-2398.25,-2312.5,-2234.25,-2177.89990234375,-2159.400146484375,-2057.199462890625
2152,-2326.3798828125,0.0,0.0,3.3223652839660645,-2326.3798828125,-2312.5,151.0061492919922,-2643.860107421875,-2559.5,-2518.199951171875,-2398.25,-2312.5,-2235.25,-2178.89990234375,-2159.400146484375,-2057.199462890625
2160,-2327.199951171875,0.0,0.0,3.3204336166381836,-2327.199951171875,-2312.5,150.54661560058594,-2643.860107421875,-2559.5,-2518.199951171875,-2398.25,-2312.5,-2235.25,-2178.89990234375,-2159.400146484375,-2057.199462890625
2168,-2327.579833984375,0.0,0.0,3.2838668823242188,-2327.580078125,-2316.0,150.5906524658203,-2643.860107421875,-2559.5,-2518.199951171875,-2398.25,-2316.0,-2235.25,-2178.89990234375,-2159.400146484375,-2057.199462890625
2176,-2328.02001953125,0.0,0.0,3.2041704654693604,-2328.02001953125,-2319.5,150.64622497558594,-2643.860107421875,-2563.300048828125,-2518.199951171875,-2400.5,-2319.5,-2235.25,-2178.89990234375,-2159.400146484375,-2057.199462890625
2184,-2328.739990234375,0.0,0.0,3.169224262237549,-2328.739990234375,-2321.0,150.9319305419922,-2643.860107421875,-2572.800048828125,-2518.199951171875,-2400.5,-2321.0,-2235.25,-2179.89990234375,-2161.300048828125,-2057.199462890625
2192,-2329.320068359375,0.0,0.0,3.1766436100006104,-2329.320068359375,-2321.0,151.0546112060547,-2643.860107421875,-2572.800048828125,-2518.199951171875,-2400.5,-2321.0,-2235.25,-2179.89990234375,-2161.300048828125,-2057.199462890625
2200,-2329.93994140625,0.0,0.0,3.1820526123046875,-2329.93994140625,-2321.0,150.43707275390625,-2643.860107421875,-2572.800048828125,-2518.199951171875,-2400.5,-2321.0,-2235.25,-2180.0,-2161.300048828125,-2061.119384765625
2208,-2330.139892578125,0.0,0.0,3.145725965499878,-2330.139892578125,-2321.0,150.37213134765625,-2643.860107421875,-2572.800048828125,-2518.39990234375,-2400.5,-2321.0,-2235.25,-2180.0,-2161.300048828125,-2061.119384765625
2216,-2330.8798828125,0.0,0.0,3.155970811843872,-2330.8798828125,-2322.0,149.96514892578125,-2643.860107421875,-2572.800048828125,-2518.39990234375,-2400.5,-2322.0,-2236.0,-2182.699951171875,-2161.400146484375,-2065.039306640625
2224,-2331.119873046875,0.0,0.0,3.147819757461548,-2331.1201171875,-2322.0,149.92138671875,-2643.860107421875,-2572.800048828125,-2518.39990234375,-2400.5,-2322.0,-2237.5,-2182.699951171875,-2161.400146484375,-2065.039306640625
2232,-2331.780029296875,0.0,0.0,3.119508981704712,-2331.780029296875,-2322.5,149.83387756347656,-2643.860107421875,-2574.699951171875,-2518.39990234375,-2401.25,-2322.5,-2238.0,-2182.699951171875,-2161.400146484375,-2065.039306640625
2240,-2332.260009765625,0.0,0.0,3.1124796867370605,-2332.260009765625,-2323.5,150.04896545410156,-2643.93994140625,-2574.699951171875,-2518.39990234375,-2401.25,-2323.5,-2239.5,-2182.699951171875,-2161.400146484375,-2065.039306640625
2248,-2332.8798828125,0.0,0.0,3.118997812271118,-2332.8798828125,-2323.5,149.6798858642578,-2643.93994140625,-2576.60009765625,-2518.39990234375,-2401.25,-2323.5,-2240.75,-2182.699951171875,-2161.400146484375,-2065.039306640625
2256,-2333.239990234375,0.0,0.0,3.078975200653076,-2333.239990234375,-2323.5,149.5366973876953,-2643.93994140625,-2576.60009765625,-2518.39990234375,-2402.75,-2323.5,-2240.75,-2182.699951171875,-2161.400146484375,-2065.039306640625
2264,-2333.619873046875,0.0,0.0,3.0033955574035645,-2333.6201171875,-2323.5,149.55538940429688,-2643.93994140625,-2576.800048828125,-2518.39990234375,-2403.25,-2323.5,-2240.75,-2182.699951171875,-2161.400146484375,-2068.95947265625
2272,-2333.93994140625,0.0,0.0,2.9696755409240723,-2333.93994140625,-2326.0,149.47840881347656,-2643.93994140625,-2576.800048828125,-2518.39990234375,-2403.25,-2326.0,-2240.75,-2182.699951171875,-2161.400146484375,-2068.95947265625
2280,-2334.599853515625,0.0,0.0,2.943127393722534,-2334.60009765625,-2326.0,149.54409790039062,-2643.93994140625,-2576.800048828125,-2520.199951171875,-2403.25,-2326.0,-2241.75,-2183.89990234375,-2161.400146484375,-2068.95947265625
2288,-2335.119873046875,0.0,0.0,2.9160094261169434,-2335.1201171875,-2328.5,149.21670532226562,-2643.93994140625,-2576.800048828125,-2520.199951171875,-2405.5,-2328.5,-2241.75,-2184.0,-2161.400146484375,-2068.95947265625
2296,-2335.39990234375,0.0,0.0,2.884960889816284,-2335.39990234375,-2328.5,149.21568298339844,-2643.93994140625,-2576.800048828125,-2520.199951171875,-2405.5,-2328.5,-2241.75,-2184.0,-2161.400146484375,-2068.95947265625
2304,-2335.780029296875,0.0,0.0,2.8658523559570312,-2335.780029296875,-2328.5,149.3543243408203,-2644.10009765625,-2578.699951171875,-2520.199951171875,-2405.5,-2328.5,-2241.75,-2184.0,-2163.300048828125,-2068.95947265625
2312,-2336.260009765625,0.0,0.0,2.8400633335113525,-2336.260009765625,-2328.5,149.54107666015625,-2644.10009765625,-2578.699951171875,-2522.199951171875,-2405.5,-2328.5,-2241.75,-2186.699951171875,-2163.300048828125,-2068.95947265625
2320,-2336.419921875,0.0,0.0,2.849306583404541,-2336.419921875,-2328.5,149.31210327148438,-2644.10009765625,-2578.699951171875,-2522.199951171875,-2405.5,-2328.5,-2241.75,-2186.89990234375,-2163.300048828125,-2068.95947265625
2328,-2336.639892578125,0.0,0.0,2.8039379119873047,-2336.639892578125,-2328.5,149.44601440429688,-2644.10009765625,-2578.699951171875,-2522.199951171875,-2405.5,-2328.5,-2241.75,-2186.89990234375,-2163.300048828125,-2072.87939453125
2336,-2336.85986328125,0.0,0.0,2.772571563720703,-2336.860107421875,-2328.5,149.3700714111328,-2644.10009765625,-2578.699951171875,-2522.199951171875,-2409.75,-2328.5,-2241.75,-2186.89990234375,-2163.300048828125,-2072.87939453125
2344,-2337.33984375,0.0,0.0,2.767988920211792,-2337.340087890625,-2328.5,149.48741149902344,-2644.10009765625,-2578.800048828125,-2522.199951171875,-2409.75,-2328.5,-2244.25,-2186.89990234375,-2163.300048828125,-2072.87939453125
2352,-2337.639892578125,0.0,0.0,2.77200984954834,-2337.639892578125,-2329.5,149.4192352294922,-2644.10009765625,-2578.800048828125,-2522.199951171875,-2412.75,-2329.5,-2244.25,-2186.89990234375,-2167.10009765625,-2072.87939453125
2360,-2337.97998046875,0.0,0.0,2.708116292953491,-2337.97998046875,-2329.5,149.41485595703125,-2644.10009765625,-2578.800048828125,-2522.199951171875,-2412.75,-2329.5,-2244.25,-2188.699951171875,-2167.10009765625,-2072.87939453125
2368,-2338.43994140625,0.0,0.0,2.694765567779541,-2338.43994140625,-2329.5,149.3994903564453,-2644.10009765625,-2578.800048828125,-2522.199951171875,-2412.75,-2329.5,-2248.0,-2188.699951171875,-2167.10009765625,-2072.87939453125
2376,-2339.5,0.0,0.0,2.6484215259552,-2339.5,-2331.0,149.080078125,-2648.02001953125,-2578.800048828125,-2522.60009765625,-2412.75,-2331.0,-2249.25,-2188.699951171875,-2169.89990234375,-2072.87939453125
2384,-2339.800048828125,0.0,0.0,2.615227222442627,-2339.800048828125,-2333.0,149.11538696289062,-2648.02001953125,-2579.10009765625,-2522.60009765625,-2415.25,-2333.0,-2250.0,-2188.699951171875,-2169.89990234375,-2072.87939453125
2392,-2340.97998046875,0.0,0.0,2.6326630115509033,-2340.97998046875,-2333.0,149.5078582763672,-2648.02001953125,-2579.10009765625,-2528.199951171875,-2415.25,-2333.0,-2258.75,-2188.699951171875,-2169.89990234375,-2072.87939453125
2400,-2341.35986328125,0.0,0.0,2.658015012741089,-2341.360107421875,-2333.0,149.48855590820312,-2648.02001953125,-2579.10009765625,-2530.39990234375,-2415.25,-2333.0,-2258.75,-2188.699951171875,-2169.89990234375,-2074.83935546875
2408,-2341.800048828125,0.0,0.0,2.659609317779541,-2341.800048828125,-2333.0,149.27999877929688,-2648.02001953125,-2579.10009765625,-2530.39990234375,-2415.25,-2333.0,-2261.75,-2188.699951171875,-2169.89990234375,-2074.83935546875
2416,-2342.260009765625,0.0,0.0,2.6380369663238525,-2342.260009765625,-2333.0,149.0784149169922,-2648.02001953125,-2579.10009765625,-2530.39990234375,-2415.25,-2333.0,-2261.75,-2188.699951171875,-2169.89990234375,-2074.83935546875
2424,-2342.719970703125,0.0,0.0,2.597404718399048,-2342.719970703125,-2333.0,149.02322387695312,-2648.02001953125,-2579.10009765625,-2530.39990234375,-2416.25,-2333.0,-2261.75,-2188.699951171875,-2169.89990234375,-2082.67919921875
2432,-2343.02001953125,0.0,0.0,2.60319185256958,-2343.02001953125,-2333.0,148.9282989501953,-2648.02001953125,-2579.10009765625,-2530.39990234375,-2416.25,-2333.0,-2261.75,-2188.699951171875,-2169.89990234375,-2082.67919921875
2440,-2343.8798828125,0.0,0.0,2.5811767578125,-2343.8798828125,-2333.0,148.64785766601562,-2648.02001953125,-2579.10009765625,-2530.39990234375,-2417.25,-2333.0,-2261.75,-2191.800048828125,-2169.89990234375,-2082.67919921875
2448,-2344.099853515625,0.0,0.0,2.583667755126953,-2344.10009765625,-2333.0,148.5546112060547,-2648.02001953125,-2579.10009765625,-2530.39990234375,-2417.25,-2333.0,-2261.75,-2191.800048828125,-2169.89990234375,-2082.67919921875
2456,-2344.85986328125,0.0,0.0,2.569319009780884,-2344.860107421875,-2333.0,148.57733154296875,-2648.02001953125,-2579.10009765625,-2530.39990234375,-2417.25,-2333.0,-2263.25,-2191.800048828125,-2171.89990234375,-2082.67919921875
2464,-2345.47998046875,0.0,0.0,2.5355682373046875,-2345.47998046875,-2333.0,148.44369506835938,-2648.06005859375,-2579.10009765625,-2534.199951171875,-2418.5,-2333.0,-2264.75,-2191.800048828125,-2171.89990234375,-2082.67919921875
2472,-2345.83984375,0.0,0.0,2.5137956142425537,-2345.840087890625,-2333.0,147.87039184570312,-2648.06005859375,-2579.10009765625,-2534.199951171875,-2418.5,-2333.0,-2264.75,-2199.199951171875,-2172.0,-2082.67919921875
2480,-2346.139892578125,0.0,0.0,2.491466522216797,-2346.139892578125,-2333.0,148.07908630371094,-2648.06005859375,-2579.10009765625,-2534.199951171875,-2420.25,-2333.0,-2264.75,-2199.199951171875,-2172.0,-2082.67919921875
2488,-2346.919921875,0.0,0.0,2.4698374271392822,-2346.919921875,-2333.0,148.13909912109375,-2648.06005859375,-2583.85009765625,-2534.199951171875,-2420.25,-2333.0,-2264.75,-2199.199951171875,-2172.0,-2082.67919921875
2496,-2347.280029296875,0.0,0.0,2.46128511428833,-2347.280029296875,-2333.0,148.163818359375,-2648.06005859375,-2584.14990234375,-2534.199951171875,-2420.25,-2333.0,-2264.75,-2199.199951171875,-2177.699951171875,-2082.67919921875
2504,-2347.52001953125,0.0,0.0,2.406965494155884,-2347.52001953125,-2333.0,147.8526611328125,-2648.06005859375,-2584.14990234375,-2534.199951171875,-2420.5,-2333.0,-2264.75,-2199.199951171875,-2179.89990234375,-2082.67919921875
2512,-2347.8798828125,0.0,0.0,2.373612403869629,-2347.8798828125,-2333.0,147.92750549316406,-2648.06005859375,-2584.14990234375,-2538.0,-2422.25,-2333.0,-2264.75,-2199.199951171875,-2179.89990234375,-2082.67919921875
2520,-2347.93994140625,0.0,0.0,2.338130235671997,-2347.93994140625,-2333.0,147.90359497070312,-2648.06005859375,-2584.14990234375,-2538.0,-2422.25,-2333.0,-2264.75,-2199.199951171875,-2179.89990234375,-2082.67919921875
2528,-2348.33984375,0.0,0.0,2.305168867111206,-2348.340087890625,-2333.0,147.80746459960938,-2648.06005859375,-2584.14990234375,-2538.0,-2422.25,-2333.0,-2264.75,-2199.199951171875,-2179.89990234375,-2084.63916015625
2536,-2349.119873046875,0.0,0.0,2.3138644695281982,-2349.1201171875,-2333.0,147.9353485107422,-2648.10009765625,-2584.14990234375,-2538.0,-2423.5,-2333.0,-2264.75,-2199.199951171875,-2179.89990234375,-2084.63916015625
2544,-2349.260009765625,0.0,0.0,2.292419672012329,-2349.260009765625,-2333.0,147.93353271484375,-2648.10009765625,-2584.14990234375,-2538.0,-2424.25,-2333.0,-2264.75,-2199.199951171875,-2179.89990234375,-2084.63916015625
2552,-2349.43994140625,0.0,0.0,2.2696053981781006,-2349.43994140625,-2333.0,148.13389587402344,-2648.260009765625,-2584.14990234375,-2538.0,-2424.25,-2333.0,-2264.75,-2199.199951171875,-2179.89990234375,-2084.63916015625
2560,-2349.760009765625,0.0,0.0,2.244338035583496,-2349.760009765625,-2333.0,148.04197692871094,-2648.260009765625,-2584.14990234375,-2538.0,-2424.25,-2333.0,-2264.75,-2199.800048828125,-2179.89990234375,-2084.63916015625
2568,-2349.83984375,0.0,0.0,2.237001895904541,-2349.840087890625,-2333.0,148.00694274902344,-2648.260009765625,-2584.14990234375,-2538.0,-2424.25,-2333.0,-2264.75,-2199.800048828125,-2179.89990234375,-2084.63916015625
2576,-2350.02001953125,0.0,0.0,2.2124502658843994,-2350.02001953125,-2336.0,147.98284912109375,-2648.260009765625,-2584.14990234375,-2538.0,-2424.25,-2336.0,-2264.75,-2199.800048828125,-2179.89990234375,-2084.63916015625
2584,-2350.419921875,0.0,0.0,2.18672251701355,-2350.419921875,-2336.0,148.14405822753906,-2648.260009765625,-2584.14990234375,-2538.39990234375,-2424.25,-2336.0,-2264.75,-2199.800048828125,-2179.89990234375,-2084.63916015625
2592,-2350.780029296875,0.0,0.0,2.1847264766693115,-2350.780029296875,-2336.0,148.01010131835938,-2648.260009765625,-2584.35009765625,-2538.39990234375,-2425.25,-2336.0,-2264.75,-2199.800048828125,-2179.89990234375,-2084.63916015625
2600,-2351.159912109375,0.0,0.0,2.1678059101104736,-2351.159912109375,-2336.0,147.93557739257812,-2648.260009765625,-2584.35009765625,-2538.39990234375,-2425.25,-2336.0,-2264.75,-2201.800048828125,-2179.89990234375,-2084.63916015625
2608,-2351.320068359375,0.0,0.0,2.1542816162109375,-2351.320068359375,-2336.0,147.91192626953125,-2648.260009765625,-2584.35009765625,-2538.39990234375,-2425.25,-2336.0,-2264.75,-2201.800048828125,-2179.89990234375,-2084.63916015625
2616,-2351.5,0.0,0.0,2.1553502082824707,-2351.5,-2336.0,147.86300659179688,-2648.260009765625,-2584.35009765625,-2538.39990234375,-2426.5,-2336.0,-2264.75,-2201.800048828125,-2179.89990234375,-2084.63916015625
2624,-2352.52001953125,0.0,0.0,2.1793642044067383,-2352.52001953125,-2336.0,147.47898864746094,-2648.260009765625,-2584.35009765625,-2538.39990234375,-2426.5,-2336.0,-2268.75,-2201.800048828125,-2179.89990234375,-2084.63916015625
2632,-2353.159912109375,0.0,0.0,2.2188446521759033,-2353.159912109375,-2336.0,147.44155883789062,-2648.300048828125,-2584.35009765625,-2538.39990234375,-2428.25,-2336.0,-2269.5,-2208.300048828125,-2179.89990234375,-2084.63916015625
2640,-2353.260009765625,0.0,0.0,2.1662330627441406,-2353.260009765625,-2336.0,147.53689575195312,-2648.300048828125,-2590.050048828125,-2538.39990234375,-2428.25,-2336.0,-2269.5,-2208.300048828125,-2179.89990234375,-2084.63916015625
2648,-2353.599853515625,0.0,0.0,2.1257028579711914,-2353.60009765625,-2336.0,147.5832061767578,-2648.300048828125,-2590.050048828125,-2542.199951171875,-2430.5,-2336.0,-2269.5,-2208.300048828125,-2179.89990234375,-2084.63916015625
2656,-2353.739990234375,0.0,0.0,2.1194140911102295,-2353.739990234375,-2336.0,147.21295166015625,-2648.300048828125,-2590.050048828125,-2542.199951171875,-2430.5,-2336.0,-2269.5,-2208.300048828125,-2179.89990234375,-2084.63916015625
2664,-2354.199951171875,0.0,0.0,2.0967836380004883,-2354.199951171875,-2339.5,147.23953247070312,-2648.300048828125,-2590.35009765625,-2542.199951171875,-2430.5,-2339.5,-2270.25,-2208.300048828125,-2179.89990234375,-2084.63916015625
2672,-2354.780029296875,0.0,0.0,2.094691514968872,-2354.780029296875,-2339.5,146.97589111328125,-2648.300048828125,-2590.35009765625,-2542.199951171875,-2432.75,-2339.5,-2270.25,-2208.300048828125,-2179.89990234375,-2084.63916015625
2680,-2355.260009765625,0.0,0.0,2.097844123840332,-2355.260009765625,-2339.5,147.0777130126953,-2648.300048828125,-2590.35009765625,-2542.199951171875,-2432.75,-2339.5,-2270.25,-2208.300048828125,-2179.89990234375,-2084.63916015625
2688,-2355.43994140625,0.0,0.0,2.125293731689453,-2355.43994140625,-2339.5,147.065185546875,-2648.300048828125,-2590.35009765625,-2542.199951171875,-2432.75,-2339.5,-2270.25,-2208.300048828125,-2179.89990234375,-2084.63916015625
2696,-2355.659912109375,0.0,0.0,2.060596466064453,-2355.659912109375,-2342.5,147.10227966308594,-2648.300048828125,-2590.35009765625,-2542.199951171875,-2432.75,-2342.5,-2270.25,-2208.300048828125,-2179.89990234375,-2084.63916015625
2704,-2355.89990234375,0.0,0.0,2.0089328289031982,-2355.89990234375,-2342.5,147.1271209716797,-2648.300048828125,-2590.35009765625,-2542.199951171875,-2432.75,-2342.5,-2270.25,-2209.199951171875,-2179.89990234375,-2084.63916015625
2712,-2356.119873046875,0.0,0.0,2.031411647796631,-2356.1201171875,-2342.5,147.12411499023438,-2648.300048828125,-2590.35009765625,-2542.199951171875,-2432.75,-2342.5,-2270.25,-2209.199951171875,-2179.89990234375,-2084.63916015625
2720,-2356.219970703125,0.0,0.0,2.0172200202941895,-2356.219970703125,-2343.5,147.15403747558594,-2648.300048828125,-2590.35009765625,-2542.199951171875,-2432.75,-2343.5,-2270.25,-2209.199951171875,-2179.89990234375,-2084.63916015625
2728,-2357.119873046875,0.0,0.0,2.007559299468994,-2357.1201171875,-2345.0,147.05911254882812,-2648.300048828125,-2590.35009765625,-2542.199951171875,-2432.75,-2345.0,-2270.5,-2209.199951171875,-2183.699951171875,-2084.63916015625
2736,-2357.579833984375,0.0,0.0,1.9817657470703125,-2357.580078125,-2345.0,146.9475555419922,-2648.300048828125,-2590.35009765625,-2542.199951171875,-2432.75,-2345.0,-2270.5,-2211.89990234375,-2183.699951171875,-2084.63916015625
2744,-2358.0,0.0,0.0,1.9843202829360962,-2358.0,-2345.0,147.01223754882812,-2648.300048828125,-2590.35009765625,-2543.0,-2432.75,-2345.0,-2270.5,-2211.89990234375,-2183.699951171875,-2084.63916015625
2752,-2358.119873046875,0.0,0.0,1.976324439048767,-2358.1201171875,-2345.0,147.07366943359375,-2648.300048828125,-2590.35009765625,-2543.0,-2433.5,-2345.0,-2270.5,-2211.89990234375,-2183.699951171875,-2084.63916015625
2760,-2358.3798828125,0.0,0.0,1.9769363403320312,-2358.3798828125,-2345.0,147.0215301513672,-2648.300048828125,-2590.35009765625,-2543.0,-2433.5,-2345.0,-2270.5,-2211.89990234375,-2183.699951171875,-2084.63916015625
2768,-2359.179931640625,0.0,0.0,1.9875932931900024,-2359.179931640625,-2345.0,147.47775268554688,-2648.300048828125,-2590.550048828125,-2543.0,-2438.25,-2345.0,-2270.5,-2211.89990234375,-2183.699951171875,-2084.63916015625
2776,-2359.679931640625,0.0,0.0,1.9971845149993896,-2359.679931640625,-2347.0,147.28944396972656,-2648.300048828125,-2590.64990234375,-2543.0,-2438.25,-2347.0,-2270.5,-2211.89990234375,-2183.699951171875,-2084.63916015625
2784,-2359.97998046875,0.0,0.0,1.9386025667190552,-2359.97998046875,-2347.0,147.24903869628906,-2650.260009765625,-2590.75,-2543.0,-2438.25,-2347.0,-2270.5,-2211.89990234375,-2189.400146484375,-2084.63916015625
2792,-2360.300048828125,0.0,0.0,1.9210163354873657,-2360.300048828125,-2348.0,147.35531616210938,-2650.260009765625,-2596.449951171875,-2543.0,-2438.25,-2348.0,-2270.5,-2211.89990234375,-2189.400146484375,-2084.63916015625
2800,-2360.619873046875,0.0,0.0,1.9321056604385376,-2360.6201171875,-2349.0,147.34619140625,-2650.260009765625,-2596.449951171875,-2543.0,-2438.25,-2349.0,-2275.5,-2211.89990234375,-2189.5,-2084.63916015625
2808,-2360.93994140625,0.0,0.0,1.9393962621688843,-2360.93994140625,-2349.0,147.28907775878906,-2650.300048828125,-2596.449951171875,-2543.0,-2438.25,-2349.0,-2275.5,-2211.89990234375,-2189.5,-2084.63916015625
2816,-2361.320068359375,0.0,0.0,1.9357558488845825,-2361.320068359375,-2349.0,147.1001739501953,-2650.300048828125,-2596.449951171875,-2543.0,-2438.25,-2349.0,-2275.5,-2218.199951171875,-2189.5,-2084.83935546875
2824,-2361.85986328125,0.0,0.0,1.913172721862793,-2361.860107421875,-2349.0,146.92263793945312,-2650.300048828125,-2596.449951171875,-2543.0,-2440.25,-2349.0,-2275.5,-2218.199951171875,-2189.5,-2094.63916015625
2832,-2362.0400390625,0.0,0.0,1.8693188428878784,-2362.0400390625,-2349.0,147.1667022705078,-2650.300048828125,-2607.85009765625,-2543.0,-2440.25,-2349.0,-2275.5,-2218.199951171875,-2189.5,-2094.63916015625
2840,-2362.35986328125,0.0,0.0,1.8559330701828003,-2362.360107421875,-2349.0,147.0399627685547,-2650.300048828125,-2607.85009765625,-2543.0,-2440.25,-2349.0,-2278.5,-2218.199951171875,-2189.5,-2094.63916015625
2848,-2362.4599609375,0.0,0.0,1.8328466415405273,-2362.4599609375,-2349.0,147.12631225585938,-2650.300048828125,-2613.550048828125,-2543.0,-2440.25,-2349.0,-2278.5,-2218.199951171875,-2189.5,-2094.63916015625
2856,-2362.679931640625,0.0,0.0,1.8502967357635498,-2362.679931640625,-2349.0,147.20440673828125,-2650.300048828125,-2613.550048828125,-2543.0,-2440.25,-2349.0,-2278.5,-2218.199951171875,-2189.5,-2094.63916015625
2864,-2363.280029296875,0.0,0.0,1.8602393865585327,-2363.280029296875,-2349.0,146.92855834960938,-2650.300048828125,-2613.550048828125,-2543.0,-2443.25,-2349.0,-2279.0,-2218.199951171875,-2189.5,-2102.519287109375
2872,-2363.599853515625,0.0,0.0,1.8586877584457397,-2363.60009765625,-2349.0,146.94692993164062,-2650.300048828125,-2613.550048828125,-2543.0,-2443.25,-2349.0,-2281.25,-2218.199951171875,-2189.5,-2102.519287109375
2880,-2364.43994140625,0.0,0.0,1.8468235731124878,-2364.43994140625,-2352.0,146.82904052734375,-2650.300048828125,-2613.550048828125,-2543.0,-2443.25,-2352.0,-2281.25,-2218.199951171875,-2189.5,-2102.519287109375
2888,-2365.280029296875,0.0,0.0,1.7917611598968506,-2365.280029296875,-2352.0,147.57249450683594,-2650.300048828125,-2613.550048828125,-2543.0,-2443.25,-2352.0,-2281.75,-2218.199951171875,-2189.5,-2102.519287109375
2896,-2365.35986328125,0.0,0.0,1.7813836336135864,-2365.360107421875,-2352.0,147.5060272216797,-2650.300048828125,-2613.550048828125,-2543.0,-2443.25,-2352.0,-2281.75,-2218.199951171875,-2189.800048828125,-2102.519287109375
2904,-2365.739990234375,0.0,0.0,1.766776442527771,-2365.739990234375,-2352.0,147.09756469726562,-2650.300048828125,-2613.550048828125,-2543.0,-2443.25,-2352.0,-2281.75,-2218.199951171875,-2189.800048828125,-2102.519287109375
2912,-2366.079833984375,0.0,0.0,1.7719440460205078,-2366.080078125,-2352.0,147.04214477539062,-2650.300048828125,-2613.550048828125,-2543.0,-2443.25,-2352.0,-2281.75,-2218.199951171875,-2189.800048828125,-2102.519287109375
2920,-2366.300048828125,0.0,0.0,1.7617876529693604,-2366.300048828125,-2353.0,147.0568084716797,-2650.300048828125,-2613.550048828125,-2543.0,-2443.25,-2353.0,-2281.75,-2218.199951171875,-2191.699951171875,-2102.519287109375
2928,-2366.8798828125,0.0,0.0,1.7773934602737427,-2366.8798828125,-2354.0,146.85076904296875,-2650.300048828125,-2613.550048828125,-2543.0,-2443.25,-2354.0,-2281.75,-2220.0,-2191.699951171875,-2102.71923828125
2936,-2367.199951171875,0.0,0.0,1.763697624206543,-2367.199951171875,-2357.0,146.85789489746094,-2650.300048828125,-2613.550048828125,-2543.0,-2443.25,-2357.0,-2281.75,-2220.0,-2191.699951171875,-2102.71923828125
2944,-2367.33984375,0.0,0.0,1.7392104864120483,-2367.340087890625,-2357.0,146.87777709960938,-2650.300048828125,-2613.550048828125,-2543.0,-2443.25,-2357.0,-2281.75,-2220.0,-2191.699951171875,-2102.71923828125
2952,-2367.47998046875,0.0,0.0,1.6952563524246216,-2367.47998046875,-2357.0,146.9227294921875,-2650.300048828125,-2613.550048828125,-2543.0,-2443.25,-2357.0,-2281.75,-2220.0,-2191.699951171875,-2102.71923828125
2960,-2367.719970703125,0.0,0.0,1.6945884227752686,-2367.719970703125,-2357.0,146.97293090820312,-2650.300048828125,-2613.550048828125,-2543.0,-2444.0,-2357.0,-2281.75,-2220.0,-2191.699951171875,-2102.71923828125
2968,-2367.800048828125,0.0,0.0,1.6993257999420166,-2367.800048828125,-2357.0,146.93603515625,-2650.300048828125,-2613.550048828125,-2543.0,-2444.0,-2357.0,-2281.75,-2220.0,-2191.699951171875,-2102.71923828125
2976,-2368.119873046875,0.0,0.0,1.6599860191345215,-2368.1201171875,-2357.0,147.30426025390625,-2662.06005859375,-2613.550048828125,-2543.0,-2444.0,-2357.0,-2281.75,-2220.0,-2191.699951171875,-2102.71923828125
2984,-2368.35986328125,0.0,0.0,1.6466460227966309,-2368.360107421875,-2357.0,147.26095581054688,-2662.06005859375,-2613.550048828125,-2543.0,-2444.0,-2357.0,-2284.25,-2220.0,-2191.699951171875,-2102.71923828125
2992,-2368.579833984375,0.0,0.0,1.6401151418685913,-2368.580078125,-2357.0,147.09228515625,-2662.06005859375,-2613.550048828125,-2543.0,-2444.0,-2357.0,-2284.25,-2220.0,-2191.699951171875,-2108.599365234375
3000,-2368.739990234375,0.0,0.0,1.6381484270095825,-2368.739990234375,-2357.0,147.05091857910156,-2662.06005859375,-2613.550048828125,-2543.0,-2444.0,-2357.0,-2284.25,-2220.39990234375,-2191.699951171875,-2108.599365234375
3008,-2369.02001953125,0.0,0.0,1.6215041875839233,-2369.02001953125,-2357.0,147.17201232910156,-2662.06005859375,-2613.550048828125,-2543.0,-2448.75,-2357.0,-2284.25,-2220.39990234375,-2191.699951171875,-2108.599365234375
3016,-2369.35986328125,0.0,0.0,1.6359163522720337,-2369.360107421875,-2357.0,147.3253173828125,-2662.06005859375,-2613.550048828125,-2543.0,-2448.75,-2357.0,-2284.25,-2222.199951171875,-2191.699951171875,-2108.599365234375
3024,-2369.780029296875,0.0,0.0,1.6285033226013184,-2369.780029296875,-2358.0,146.88877868652344,-2662.06005859375,-2613.550048828125,-2543.0,-2448.75,-2358.0,-2284.25,-2222.199951171875,-2191.699951171875,-2108.599365234375
3032,-2370.119873046875,0.0,0.0,1.626833200454712,-2370.1201171875,-2358.0,146.98797607421875,-2664.02001953125,-2613.550048828125,-2543.0,-2448.75,-2358.0,-2284.25,-2222.199951171875,-2191.699951171875,-2108.67919921875
3040,-2370.39990234375,0.0,0.0,1.6135631799697876,-2370.39990234375,-2358.0,146.96951293945312,-2664.02001953125,-2613.550048828125,-2543.0,-2448.75,-2358.0,-2284.25,-2222.199951171875,-2191.699951171875,-2108.67919921875
3048,-2371.0,0.0,0.0,1.6100481748580933,-2371.0,-2364.0,147.1438751220703,-2664.02001953125,-2613.550048828125,-2543.0,-2451.0,-2364.0,-2284.25,-2222.199951171875,-2191.699951171875,-2108.67919921875
3056,-2371.260009765625,0.0,0.0,1.600083827972412,-2371.260009765625,-2364.0,147.2047882080078,-2664.02001953125,-2613.550048828125,-2543.0,-2455.25,-2364.0,-2284.25,-2222.199951171875,-2191.699951171875,-2108.67919921875
3064,-2371.579833984375,0.0,0.0,1.6036176681518555,-2371.580078125,-2364.0,147.0580291748047,-2664.02001953125,-2613.550048828125,-2544.800048828125,-2455.25,-2364.0,-2284.25,-2225.800048828125,-2191.699951171875,-2108.67919921875
3072,-2371.699951171875,0.0,0.0,1.593266248703003,-2371.699951171875,-2364.0,147.13758850097656,-2664.02001953125,-2613.550048828125,-2544.800048828125,-2455.25,-2364.0,-2284.25,-2225.800048828125,-2191.699951171875,-2108.67919921875
3080,-2372.199951171875,0.0,0.0,1.5877846479415894,-2372.199951171875,-2364.0,146.85488891601562,-2664.02001953125,-2613.550048828125,-2544.800048828125,-2455.25,-2364.0,-2284.25,-2225.800048828125,-2191.699951171875,-2114.559326171875
3088,-2372.5400390625,0.0,0.0,1.5715547800064087,-2372.5400390625,-2364.0,146.85716247558594,-2664.02001953125,-2613.550048828125,-2545.0,-2457.5,-2364.0,-2284.25,-2226.0,-2191.699951171875,-2114.559326171875
3096,-2372.739990234375,0.0,0.0,1.5743615627288818,-2372.739990234375,-2364.0,146.8817596435547,-2664.02001953125,-2613.550048828125,-2545.0,-2457.5,-2364.0,-2284.25,-2226.0,-2191.699951171875,-2114.559326171875
3104,-2373.300048828125,0.0,0.0,1.5480117797851562,-2373.300048828125,-2364.0,146.72760009765625,-2664.02001953125,-2613.550048828125,-2545.0,-2457.5,-2364.0,-2284.25,-2226.0,-2191.699951171875,-2114.559326171875
3112,-2373.719970703125,0.0,0.0,1.5635398626327515,-2373.719970703125,-2364.0,146.29505920410156,-2664.02001953125,-2613.550048828125,-2545.0,-2457.5,-2364.0,-2284.25,-2226.0,-2191.699951171875,-2114.87939453125
3120,-2373.760009765625,0.0,0.0,1.5653119087219238,-2373.760009765625,-2364.0,146.28500366210938,-2664.02001953125,-2613.550048828125,-2545.0,-2457.5,-2364.0,-2284.25,-2226.0,-2191.699951171875,-2114.87939453125
3128,-2374.0400390625,0.0,0.0,1.5409263372421265,-2374.0400390625,-2364.0,145.96615600585938,-2664.02001953125,-2613.550048828125,-2545.0,-2457.5,-2364.0,-2284.25,-2226.0,-2191.699951171875,-2114.87939453125
3136,-2374.199951171875,0.0,0.0,1.519470453262329,-2374.199951171875,-2364.0,145.94725036621094,-2664.02001953125,-2613.550048828125,-2545.0,-2457.5,-2364.0,-2284.25,-2226.0,-2191.699951171875,-2114.87939453125
3144,-2376.159912109375,0.0,0.0,1.4919325113296509,-2376.159912109375,-2364.0,142.67759704589844,-2664.02001953125,-2613.550048828125,-2545.0,-2457.5,-2364.0,-2284.25,-2226.0,-2191.89990234375,-2114.87939453125
3152,-2376.320068359375,0.0,0.0,1.4929866790771484,-2376.320068359375,-2364.0,142.71095275878906,-2664.02001953125,-2613.550048828125,-2545.0,-2457.5,-2364.0,-2284.25,-2226.0,-2191.89990234375,-2114.87939453125
3160,-2376.5,0.0,0.0,1.4917422533035278,-2376.5,-2364.0,142.6575927734375,-2664.02001953125,-2613.550048828125,-2545.0,-2457.5,-2364.0,-2284.25,-2226.0,-2191.89990234375,-2114.87939453125
3168,-2376.659912109375,0.0,0.0,1.4757720232009888,-2376.659912109375,-2364.0,142.73318481445312,-2664.02001953125,-2613.550048828125,-2545.0,-2457.5,-2364.0,-2284.5,-2226.0,-2191.89990234375,-2114.87939453125
3176,-2376.8798828125,0.0,0.0,1.4694396257400513,-2376.8798828125,-2365.0,142.649169921875,-2664.02001953125,-2613.550048828125,-2545.0,-2457.5,-2365.0,-2286.5,-2226.0,-2191.89990234375,-2114.87939453125
3184,-2376.919921875,0.0,0.0,1.440295696258545,-2376.919921875,-2365.0,142.6334991455078,-2664.02001953125,-2613.550048828125,-2545.0,-2457.5,-2365.0,-2286.5,-2226.0,-2191.89990234375,-2114.87939453125
3192,-2377.239990234375,0.0,0.0,1.4350494146347046,-2377.239990234375,-2365.0,142.51535034179688,-2664.02001953125,-2613.550048828125,-2545.0,-2459.25,-2365.0,-2286.5,-2226.0,-2191.89990234375,-2114.95947265625
3200,-2377.300048828125,0.0,0.0,1.4291577339172363,-2377.300048828125,-2365.0,142.46749877929688,-2664.02001953125,-2613.550048828125,-2545.0,-2459.25,-2365.0,-2286.5,-2226.0,-2191.89990234375,-2114.95947265625
3208,-2377.39990234375,0.0,0.0,1.4222872257232666,-2377.39990234375,-2365.0,142.48382568359375,-2664.02001953125,-2613.550048828125,-2545.0,-2459.25,-2365.0,-2286.5,-2226.0,-2191.89990234375,-2114.95947265625
3216,-2377.579833984375,0.0,0.0,1.4181873798370361,-2377.580078125,-2365.0,142.28359985351562,-2664.02001953125,-2613.550048828125,-2545.0,-2459.25,-2365.0,-2287.25,-2226.0,-2191.89990234375,-2122.79931640625
3224,-2377.679931640625,0.0,0.0,1.4231077432632446,-2377.679931640625,-2365.0,142.3910675048828,-2664.02001953125,-2613.550048828125,-2546.800048828125,-2459.25,-2365.0,-2287.25,-2226.0,-2191.89990234375,-2122.79931640625
3232,-2377.719970703125,0.0,0.0,1.4235491752624512,-2377.719970703125,-2365.0,142.37359619140625,-2664.02001953125,-2613.550048828125,-2546.800048828125,-2459.25,-2365.0,-2287.25,-2226.0,-2191.89990234375,-2122.79931640625
3240,-2378.0400390625,0.0,0.0,1.4487555027008057,-2378.0400390625,-2365.0,142.1534423828125,-2664.02001953125,-2613.550048828125,-2546.800048828125,-2459.25,-2365.0,-2287.25,-2226.0,-2191.89990234375,-2122.79931640625
3248,-2378.159912109375,0.0,0.0,1.4265938997268677,-2378.159912109375,-2365.0,142.22085571289062,-2664.02001953125,-2613.550048828125,-2546.800048828125,-2459.25,-2365.0,-2288.75,-2226.0,-2192.0,-2122.79931640625
3256,-2378.320068359375,0.0,0.0,1.463242769241333,-2378.320068359375,-2365.0,142.31393432617188,-2664.02001953125,-2613.550048828125,-2546.800048828125,-2459.25,-2365.0,-2288.75,-2226.0,-2192.0,-2122.79931640625
3264,-2378.47998046875,0.0,0.0,1.4298784732818604,-2378.47998046875,-2366.0,142.24755859375,-2664.02001953125,-2613.550048828125,-2546.800048828125,-2459.25,-2366.0,-2288.75,-2226.0,-2192.0,-2122.83935546875
3272,-2379.0400390625,0.0,0.0,1.430605411529541,-2379.0400390625,-2366.0,142.17762756347656,-2664.02001953125,-2613.550048828125,-2546.800048828125,-2461.0,-2366.0,-2289.5,-2226.0,-2192.0,-2122.83935546875
3280,-2379.300048828125,0.0,0.0,1.4394445419311523,-2379.300048828125,-2366.0,142.2494659423828,-2664.02001953125,-2613.550048828125,-2546.800048828125,-2464.25,-2366.0,-2289.5,-2226.0,-2192.0,-2122.83935546875
3288,-2379.33984375,0.0,0.0,1.4245394468307495,-2379.340087890625,-2366.0,142.236572265625,-2664.02001953125,-2613.550048828125,-2546.800048828125,-2464.25,-2366.0,-2289.5,-2226.0,-2192.0,-2122.83935546875
3296,-2379.47998046875,0.0,0.0,1.4137259721755981,-2379.47998046875,-2366.0,142.24642944335938,-2664.02001953125,-2613.550048828125,-2546.800048828125,-2464.25,-2366.0,-2289.5,-2226.0,-2192.0,-2122.83935546875
3304,-2380.0,0.0,0.0,1.4143331050872803,-2380.0,-2366.0,142.15878295898438,-2664.02001953125,-2613.550048828125,-2546.800048828125,-2464.25,-2366.0,-2289.5,-2226.0,-2192.0,-2122.83935546875
3312,-2380.4599609375,0.0,0.0,1.3735966682434082,-2380.4599609375,-2366.0,142.0354461669922,-2664.02001953125,-2613.550048828125,-2548.60009765625,-2464.25,-2366.0,-2289.5,-2226.0,-2192.0,-2122.83935546875
3320,-2380.52001953125,0.0,0.0,1.3489314317703247,-2380.52001953125,-2366.0,142.00961303710938,-2664.02001953125,-2613.550048828125,-2548.60009765625,-2464.25,-2366.0,-2289.5,-2226.0,-2192.0,-2122.83935546875
3328,-2380.679931640625,0.0,0.0,1.3552639484405518,-2380.679931640625,-2366.0,142.09228515625,-2664.02001953125,-2613.550048828125,-2548.60009765625,-2464.25,-2366.0,-2289.5,-2226.0,-2192.0,-2122.91943359375
3336,-2380.719970703125,0.0,0.0,1.3318032026290894,-2380.719970703125,-2366.0,142.0720977783203,-2664.02001953125,-2613.550048828125,-2548.60009765625,-2464.25,-2366.0,-2289.5,-2226.0,-2192.0,-2122.91943359375
3344,-2381.159912109375,0.0,0.0,1.321765661239624,-2381.159912109375,-2366.0,142.38473510742188,-2664.02001953125,-2613.550048828125,-2548.60009765625,-2465.5,-2366.0,-2289.5,-2226.0,-2192.0,-2122.91943359375
3352,-2381.4599609375,0.0,0.0,1.3065005540847778,-2381.4599609375,-2366.0,142.35922241210938,-2664.02001953125,-2613.550048828125,-2548.60009765625,-2465.5,-2366.0,-2289.5,-2226.0,-2195.800048828125,-2122.91943359375
3360,-2381.52001953125,0.0,0.0,1.2978852987289429,-2381.52001953125,-2366.0,142.38766479492188,-2664.02001953125,-2613.550048828125,-2548.60009765625,-2465.5,-2366.0,-2289.5,-2226.0,-2195.800048828125,-2122.91943359375
3368,-2381.659912109375,0.0,0.0,1.3127408027648926,-2381.659912109375,-2366.0,142.36322021484375,-2664.02001953125,-2613.550048828125,-2548.60009765625,-2465.5,-2366.0,-2289.5,-2226.0,-2195.800048828125,-2122.91943359375
3376,-2381.9599609375,0.0,0.0,1.3086864948272705,-2381.9599609375,-2366.0,142.44183349609375,-2664.02001953125,-2613.550048828125,-2548.60009765625,-2465.5,-2366.0,-2289.5,-2226.0,-2195.800048828125,-2122.91943359375
3384,-2382.699951171875,0.0,0.0,1.3394705057144165,-2382.699951171875,-2366.0,142.61819458007812,-2669.89990234375,-2613.550048828125,-2554.39990234375,-2465.5,-2366.0,-2289.5,-2226.0,-2195.800048828125,-2122.91943359375
3392,-2382.919921875,0.0,0.0,1.3235620260238647,-2382.919921875,-2366.0,142.94192504882812,-2669.89990234375,-2616.39990234375,-2554.39990234375,-2465.5,-2366.0,-2289.5,-2226.0,-2195.800048828125,-2122.91943359375
3400,-2383.0,0.0,0.0,1.3032845258712769,-2383.0,-2366.0,142.960693359375,-2669.89990234375,-2616.39990234375,-2554.39990234375,-2465.5,-2366.0,-2289.5,-2226.0,-2195.800048828125,-2122.91943359375
3408,-2383.35986328125,0.0,0.0,1.2860316038131714,-2383.360107421875,-2366.0,142.8818817138672,-2669.89990234375,-2616.39990234375,-2554.39990234375,-2465.5,-2366.0,-2289.5,-2227.800048828125,-2195.800048828125,-2122.91943359375
3416,-2383.579833984375,0.0,0.0,1.2491130828857422,-2383.580078125,-2366.0,143.0353240966797,-2669.89990234375,-2616.39990234375,-2554.39990234375,-2465.5,-2366.0,-2289.5,-2227.800048828125,-2195.800048828125,-2122.91943359375
3424,-2384.02001953125,0.0,0.0,1.2667007446289062,-2384.02001953125,-2366.0,143.07647705078125,-2669.89990234375,-2616.39990234375,-2554.39990234375,-2467.0,-2366.0,-2289.5,-2227.800048828125,-2195.800048828125,-2122.91943359375
3432,-2384.3798828125,0.0,0.0,1.265109658241272,-2384.3798828125,-2366.0,143.04409790039062,-2673.820068359375,-2616.39990234375,-2554.39990234375,-2467.0,-2366.0,-2289.5,-2227.800048828125,-2195.800048828125,-2122.91943359375
3440,-2384.4599609375,0.0,0.0,1.2835605144500732,-2384.4599609375,-2366.0,142.9672393798828,-2673.820068359375,-2616.39990234375,-2554.39990234375,-2467.0,-2366.0,-2289.5,-2227.800048828125,-2195.800048828125,-2122.91943359375
3448,-2384.800048828125,0.0,0.0,1.2812789678573608,-2384.800048828125,-2366.0,142.49168395996094,-2673.820068359375,-2616.39990234375,-2554.39990234375,-2467.0,-2366.0,-2289.5,-2227.800048828125,-2195.800048828125,-2123.279296875
3456,-2385.119873046875,0.0,0.0,1.2530508041381836,-2385.1201171875,-2366.0,142.28065490722656,-2673.820068359375,-2616.39990234375,-2554.39990234375,-2467.0,-2366.0,-2289.5,-2227.800048828125,-2201.699951171875,-2123.279296875
3464,-2385.3798828125,0.0,0.0,1.2217766046524048,-2385.3798828125,-2366.0,142.69244384765625,-2673.93994140625,-2616.39990234375,-2554.39990234375,-2467.0,-2366.0,-2289.5,-2227.800048828125,-2201.699951171875,-2123.279296875
3472,-2385.619873046875,0.0,0.0,1.233459234237671,-2385.6201171875,-2366.0,142.5417022705078,-2673.93994140625,-2616.39990234375,-2554.39990234375,-2467.0,-2366.0,-2289.75,-2227.800048828125,-2201.699951171875,-2123.279296875
3480,-2385.739990234375,0.0,0.0,1.2202935218811035,-2385.739990234375,-2366.0,142.5933074951172,-2673.93994140625,-2616.39990234375,-2554.39990234375,-2467.0,-2366.0,-2289.75,-2227.800048828125,-2201.699951171875,-2123.279296875
3488,-2386.4599609375,0.0,0.0,1.2026920318603516,-2386.4599609375,-2366.0,141.72349548339844,-2675.89990234375,-2616.39990234375,-2554.39990234375,-2467.0,-2366.0,-2289.75,-2227.800048828125,-2201.699951171875,-2123.91943359375
3496,-2386.4599609375,0.0,0.0,1.2012282609939575,-2386.4599609375,-2366.0,141.72349548339844,-2675.89990234375,-2616.39990234375,-2554.39990234375,-2467.0,-2366.0,-2289.75,-2227.800048828125,-2201.699951171875,-2123.91943359375
3504,-2386.599853515625,0.0,0.0,1.1954063177108765,-2386.60009765625,-2366.0,141.69346618652344,-2675.89990234375,-2616.39990234375,-2554.39990234375,-2467.0,-2366.0,-2290.25,-2227.800048828125,-2201.699951171875,-2123.91943359375
3512,-2386.760009765625,0.0,0.0,1.1802449226379395,-2386.760009765625,-2366.0,141.6322784423828,-2675.89990234375,-2616.39990234375,-2554.39990234375,-2467.0,-2366.0,-2290.25,-2227.800048828125,-2201.699951171875,-2123.91943359375
3520,-2386.8798828125,0.0,0.0,1.1770378351211548,-2386.8798828125,-2366.0,141.721923828125,-2675.89990234375,-2616.39990234375,-2554.39990234375,-2467.0,-2366.0,-2290.25,-2227.800048828125,-2201.699951171875,-2123.91943359375
3528,-2386.8798828125,0.0,0.0,1.1775656938552856,-2386.8798828125,-2366.0,141.721923828125,-2675.89990234375,-2616.39990234375,-2554.39990234375,-2467.0,-2366.0,-2290.25,-2227.800048828125,-2201.699951171875,-2123.91943359375
3536,-2387.06005859375,0.0,0.0,1.177653193473816,-2387.06005859375,-2366.0,141.66253662109375,-2675.89990234375,-2616.39990234375,-2554.39990234375,-2467.25,-2366.0,-2290.25,-2227.800048828125,-2201.699951171875,-2123.91943359375
3544,-2387.33984375,0.0,0.0,1.1826566457748413,-2387.340087890625,-2370.0,141.72128295898438,-2675.89990234375,-2616.39990234375,-2554.39990234375,-2467.25,-2370.0,-2290.25,-2227.800048828125,-2201.699951171875,-2125.879638671875
3552,-2387.43994140625,0.0,0.0,1.1714069843292236,-2387.43994140625,-2370.0,141.7644805908203,-2675.89990234375,-2620.199951171875,-2554.39990234375,-2467.25,-2370.0,-2290.25,-2227.800048828125,-2201.699951171875,-2125.879638671875
3560,-2387.52001953125,0.0,0.0,1.1773864030838013,-2387.52001953125,-2374.0,141.75460815429688,-2675.89990234375,-2620.199951171875,-2554.39990234375,-2467.25,-2374.0,-2290.25,-2227.800048828125,-2201.699951171875,-2125.879638671875
3568,-2387.619873046875,0.0,0.0,1.1624900102615356,-2387.6201171875,-2374.0,141.82049560546875,-2675.89990234375,-2620.199951171875,-2554.39990234375,-2467.25,-2374.0,-2290.25,-2227.800048828125,-2201.699951171875,-2125.879638671875
3576,-2387.679931640625,0.0,0.0,1.1587224006652832,-2387.679931640625,-2374.0,141.86619567871094,-2675.89990234375,-2620.199951171875,-2554.39990234375,-2467.25,-2374.0,-2290.25,-2227.800048828125,-2201.699951171875,-2125.879638671875
3584,-2387.83984375,0.0,0.0,1.131972312927246,-2387.840087890625,-2374.0,141.8988800048828,-2675.89990234375,-2620.199951171875,-2554.39990234375,-2467.25,-2374.0,-2290.25,-2227.800048828125,-2201.699951171875,-2125.879638671875
3592,-2388.0,0.0,0.0,1.110636830329895,-2388.0,-2374.0,141.87924194335938,-2675.89990234375,-2620.199951171875,-2554.39990234375,-2467.25,-2374.0,-2290.25,-2227.800048828125,-2201.699951171875,-2125.879638671875
3600,-2388.260009765625,0.0,0.0,1.1139291524887085,-2388.260009765625,-2374.0,141.9846954345703,-2675.89990234375,-2620.199951171875,-2558.199951171875,-2468.5,-2374.0,-2290.25,-2227.800048828125,-2201.699951171875,-2125.879638671875
3608,-2388.33984375,0.0,0.0,1.0970344543457031,-2388.340087890625,-2374.0,141.9673309326172,-2675.89990234375,-2620.199951171875,-2558.199951171875,-2468.5,-2374.0,-2290.5,-2227.800048828125,-2201.699951171875,-2125.879638671875
3616,-2388.5,0.0,0.0,1.105310082435608,-2388.5,-2374.0,141.88287353515625,-2675.89990234375,-2620.199951171875,-2558.199951171875,-2468.5,-2374.0,-2292.5,-2227.800048828125,-2201.699951171875,-2125.879638671875
3624,-2388.679931640625,0.0,0.0,1.0966975688934326,-2388.679931640625,-2374.0,141.88931274414062,-2679.820068359375,-2620.199951171875,-2558.199951171875,-2468.5,-2374.0,-2292.5,-2227.800048828125,-2201.699951171875,-2125.879638671875
3632,-2388.780029296875,0.0,0.0,1.0752125978469849,-2388.780029296875,-2374.0,141.9651641845703,-2679.820068359375,-2620.199951171875,-2558.199951171875,-2468.5,-2374.0,-2292.5,-2227.800048828125,-2201.699951171875,-2125.879638671875
3640,-2388.9599609375,0.0,0.0,1.0692871809005737,-2388.9599609375,-2374.0,141.92391967773438,-2679.820068359375,-2620.199951171875,-2558.199951171875,-2469.0,-2374.0,-2292.5,-2227.800048828125,-2201.699951171875,-2125.879638671875
3648,-2389.179931640625,0.0,0.0,1.1067125797271729,-2389.179931640625,-2374.0,142.0876007080078,-2679.820068359375,-2622.5,-2558.199951171875,-2469.0,-2374.0,-2292.5,-2227.800048828125,-2201.699951171875,-2125.879638671875
3656,-2389.33984375,0.0,0.0,1.0896563529968262,-2389.340087890625,-2374.0,142.1454315185547,-2679.820068359375,-2622.5,-2558.199951171875,-2469.0,-2374.0,-2292.5,-2227.800048828125,-2201.699951171875,-2125.879638671875
3664,-2389.3798828125,0.0,0.0,1.0615293979644775,-2389.3798828125,-2374.0,142.1678466796875,-2679.820068359375,-2622.5,-2558.199951171875,-2471.25,-2374.0,-2292.5,-2227.800048828125,-2201.699951171875,-2125.879638671875
3672,-2389.52001953125,0.0,0.0,1.0740013122558594,-2389.52001953125,-2374.0,142.11448669433594,-2679.820068359375,-2622.5,-2558.199951171875,-2471.25,-2374.0,-2292.5,-2227.800048828125,-2201.699951171875,-2125.879638671875
3680,-2389.639892578125,0.0,0.0,1.0547288656234741,-2389.639892578125,-2374.0,142.22962951660156,-2679.820068359375,-2622.5,-2558.39990234375,-2471.25,-2374.0,-2292.5,-2227.800048828125,-2201.699951171875,-2125.879638671875
3688,-2389.760009765625,0.0,0.0,1.0706018209457397,-2389.760009765625,-2374.0,142.29063415527344,-2679.820068359375,-2624.39990234375,-2558.39990234375,-2471.25,-2374.0,-2292.5,-2227.800048828125,-2201.699951171875,-2125.879638671875
3696,-2389.85986328125,0.0,0.0,1.0636714696884155,-2389.860107421875,-2374.0,142.3580780029297,-2679.820068359375,-2624.39990234375,-2558.39990234375,-2471.25,-2374.0,-2292.5,-2227.800048828125,-2201.699951171875,-2125.879638671875
3704,-2390.260009765625,0.0,0.0,1.0537357330322266,-2390.260009765625,-2374.0,142.14010620117188,-2679.820068359375,-2624.39990234375,-2558.39990234375,-2473.0,-2374.0,-2292.5,-2227.800048828125,-2201.699951171875,-2125.879638671875
3712,-2390.3798828125,0.0,0.0,1.0287551879882812,-2390.3798828125,-2374.0,142.10719299316406,-2681.780029296875,-2624.39990234375,-2558.39990234375,-2473.0,-2374.0,-2297.0,-2227.800048828125,-2201.699951171875,-2125.879638671875
3720,-2390.39990234375,0.0,0.0,1.0285743474960327,-2390.39990234375,-2374.0,142.11981201171875,-2681.780029296875,-2624.39990234375,-2558.39990234375,-2473.0,-2374.0,-2297.0,-2227.800048828125,-2201.699951171875,-2125.879638671875
3728,-2390.599853515625,0.0,0.0,1.0296626091003418,-2390.60009765625,-2374.0,141.9656219482422,-2681.780029296875,-2624.39990234375,-2558.39990234375,-2473.0,-2374.0,-2297.0,-2235.199951171875,-2201.800048828125,-2125.879638671875
3736,-2391.079833984375,0.0,0.0,1.0247849225997925,-2391.080078125,-2377.0,141.92684936523438,-2681.780029296875,-2624.39990234375,-2558.39990234375,-2473.0,-2377.0,-2297.5,-2235.199951171875,-2201.800048828125,-2125.879638671875
3744,-2391.320068359375,0.0,0.0,1.0247161388397217,-2391.320068359375,-2377.0,142.01414489746094,-2681.780029296875,-2624.89990234375,-2558.39990234375,-2473.0,-2377.0,-2297.5,-2235.199951171875,-2201.800048828125,-2125.879638671875
3752,-2391.419921875,0.0,0.0,1.0230239629745483,-2391.419921875,-2381.0,142.0296630859375,-2681.780029296875,-2624.89990234375,-2558.39990234375,-2473.0,-2381.0,-2297.5,-2235.199951171875,-2201.800048828125,-2125.879638671875
3760,-2391.85986328125,0.0,0.0,1.029189109802246,-2391.860107421875,-2381.0,141.99513244628906,-2687.659912109375,-2624.89990234375,-2558.39990234375,-2473.5,-2381.0,-2298.25,-2235.199951171875,-2205.800048828125,-2125.879638671875
3768,-2391.9599609375,0.0,0.0,1.0261220932006836,-2391.9599609375,-2381.0,142.0729217529297,-2691.580078125,-2624.89990234375,-2558.39990234375,-2473.5,-2381.0,-2298.25,-2235.199951171875,-2205.800048828125,-2125.879638671875
3776,-2392.300048828125,0.0,0.0,1.0204424858093262,-2392.300048828125,-2381.0,142.01292419433594,-2691.580078125,-2624.89990234375,-2558.39990234375,-2473.5,-2381.0,-2298.25,-2235.199951171875,-2205.800048828125,-2125.879638671875
3784,-2392.47998046875,0.0,0.0,1.0094740390777588,-2392.47998046875,-2381.0,141.9628448486328,-2691.580078125,-2628.699951171875,-2558.39990234375,-2473.5,-2381.0,-2299.0,-2235.199951171875,-2205.89990234375,-2129.799560546875
3792,-2392.760009765625,0.0,0.0,1.00867760181427,-2392.760009765625,-2381.0,141.8522491455078,-2691.580078125,-2628.699951171875,-2558.39990234375,-2473.5,-2381.0,-2299.0,-2235.199951171875,-2205.89990234375,-2129.799560546875
3800,-2392.919921875,0.0,0.0,1.016102910041809,-2392.919921875,-2381.0,141.85215759277344,-2691.580078125,-2628.699951171875,-2560.199951171875,-2473.5,-2381.0,-2299.0,-2235.199951171875,-2205.89990234375,-2129.799560546875
3808,-2393.079833984375,0.0,0.0,1.0264513492584229,-2393.080078125,-2381.0,141.75709533691406,-2691.580078125,-2628.699951171875,-2560.199951171875,-2473.5,-2381.0,-2299.0,-2236.0,-2205.89990234375,-2129.799560546875
3816,-2393.33984375,0.0,0.0,1.018251657485962,-2393.340087890625,-2381.0,141.72848510742188,-2691.580078125,-2628.699951171875,-2560.199951171875,-2476.5,-2381.0,-2300.5,-2236.0,-2205.89990234375,-2129.799560546875
3824,-2393.3798828125,0.0,0.0,1.0287344455718994,-2393.3798828125,-2381.0,141.70199584960938,-2691.580078125,-2628.699951171875,-2560.199951171875,-2476.5,-2381.0,-2301.0,-2236.0,-2205.89990234375,-2129.799560546875
3832,-2393.820068359375,0.0,0.0,1.0301132202148438,-2393.820068359375,-2381.0,141.76109313964844,-2691.580078125,-2630.60009765625,-2560.199951171875,-2477.25,-2381.0,-2301.0,-2236.0,-2205.89990234375,-2129.799560546875
3840,-2393.9599609375,0.0,0.0,1.0074399709701538,-2393.9599609375,-2381.0,141.6319122314453,-2691.580078125,-2630.60009765625,-2562.0,-2477.25,-2381.0,-2301.0,-2236.0,-2205.89990234375,-2131.759521484375
3848,-2394.079833984375,0.0,0.0,1.0251867771148682,-2394.080078125,-2381.0,141.35414123535156,-2691.580078125,-2630.60009765625,-2562.0,-2477.25,-2381.0,-2301.0,-2236.0,-2205.89990234375,-2131.95947265625
3856,-2394.139892578125,0.0,0.0,1.0063518285751343,-2394.139892578125,-2381.0,141.42581176757812,-2691.580078125,-2634.39990234375,-2562.0,-2477.25,-2381.0,-2301.0,-2236.0,-2205.89990234375,-2131.95947265625
3864,-2394.219970703125,0.0,0.0,1.0151886940002441,-2394.219970703125,-2381.0,141.4039306640625,-2691.580078125,-2634.39990234375,-2562.0,-2477.25,-2381.0,-2301.0,-2236.0,-2205.89990234375,-2131.95947265625
3872,-2394.280029296875,0.0,0.0,1.0020428895950317,-2394.280029296875,-2381.0,141.44003295898438,-2691.580078125,-2634.39990234375,-2562.0,-2477.25,-2381.0,-2301.0,-2236.0,-2205.89990234375,-2131.95947265625
3880,-2394.33984375,0.0,0.0,1.002054214477539,-2394.340087890625,-2381.0,141.4842987060547,-2691.580078125,-2636.300048828125,-2562.0,-2477.25,-2381.0,-2301.0,-2236.0,-2205.89990234375,-2131.95947265625
3888,-2394.4599609375,0.0,0.0,0.9640432596206665,-2394.4599609375,-2381.0,141.42245483398438,-2691.580078125,-2636.300048828125,-2562.0,-2477.25,-2381.0,-2301.75,-2236.0,-2205.89990234375,-2131.95947265625
3896,-2394.52001953125,0.0,0.0,0.951587975025177,-2394.52001953125,-2381.0,141.39309692382812,-2691.580078125,-2636.300048828125,-2562.0,-2477.25,-2381.0,-2301.75,-2236.0,-2205.89990234375,-2131.95947265625
3904,-2394.97998046875,0.0,0.0,0.9751313328742981,-2394.97998046875,-2382.0,141.3268585205078,-2691.580078125,-2636.300048828125,-2562.0,-2477.25,-2382.0,-2301.75,-2236.0,-2205.89990234375,-2131.95947265625
3912,-2395.280029296875,0.0,0.0,0.9739274382591248,-2395.280029296875,-2382.0,141.81312561035156,-2691.580078125,-2653.60009765625,-2562.199951171875,-2477.25,-2382.0,-2301.75,-2236.0,-2205.89990234375,-2131.95947265625
3920,-2395.619873046875,0.0,0.0,0.9435624480247498,-2395.6201171875,-2382.0,141.95779418945312,-2691.580078125,-2653.60009765625,-2562.199951171875,-2477.25,-2382.0,-2301.75,-2236.0,-2205.89990234375,-2131.95947265625
3928,-2396.599853515625,0.0,0.0,0.9879440069198608,-2396.60009765625,-2382.0,142.40476989746094,-2691.580078125,-2653.60009765625,-2562.199951171875,-2478.0,-2382.0,-2301.75,-2236.0,-2205.89990234375,-2131.95947265625
3936,-2396.599853515625,0.0,0.0,0.9795121550559998,-2396.60009765625,-2382.0,142.40476989746094,-2691.580078125,-2653.60009765625,-2562.199951171875,-2478.0,-2382.0,-2301.75,-2236.0,-2205.89990234375,-2131.95947265625
3944,-2396.919921875,0.0,0.0,0.9762855172157288,-2396.919921875,-2383.0,142.25692749023438,-2691.580078125,-2653.60009765625,-2562.199951171875,-2478.0,-2383.0,-2302.75,-2236.0,-2205.89990234375,-2131.95947265625
3952,-2397.199951171875,0.0,0.0,0.986395537853241,-2397.199951171875,-2383.0,142.14358520507812,-2691.580078125,-2653.60009765625,-2562.199951171875,-2478.0,-2383.0,-2302.75,-2236.0,-2205.949951171875,-2131.95947265625
3960,-2397.300048828125,0.0,0.0,0.9760960340499878,-2397.300048828125,-2383.0,142.13876342773438,-2691.580078125,-2653.60009765625,-2562.199951171875,-2478.0,-2383.0,-2302.75,-2239.60009765625,-2205.949951171875,-2131.95947265625
3968,-2397.39990234375,0.0,0.0,0.9547260999679565,-2397.39990234375,-2384.0,142.1307830810547,-2691.580078125,-2653.60009765625,-2562.199951171875,-2478.0,-2384.0,-2302.75,-2239.60009765625,-2205.949951171875,-2131.95947265625
3976,-2397.52001953125,0.0,0.0,0.9438626766204834,-2397.52001953125,-2384.0,142.138427734375,-2691.580078125,-2653.60009765625,-2562.199951171875,-2478.0,-2384.0,-2302.75,-2239.60009765625,-2205.949951171875,-2131.95947265625
3984,-2397.85986328125,0.0,0.0,0.9255596995353699,-2397.860107421875,-2384.0,142.04696655273438,-2691.580078125,-2653.60009765625,-2563.10009765625,-2478.0,-2384.0,-2302.75,-2239.60009765625,-2205.949951171875,-2131.95947265625
3992,-2398.599853515625,0.0,0.0,0.9311339259147644,-2398.60009765625,-2386.0,142.30628967285156,-2691.580078125,-2653.60009765625,-2564.199951171875,-2478.0,-2386.0,-2302.75,-2239.60009765625,-2205.949951171875,-2131.95947265625
4000,-2398.760009765625,0.0,0.0,0.9179871678352356,-2398.760009765625,-2386.0,142.2830352783203,-2691.580078125,-2653.60009765625,-2564.199951171875,-2478.0,-2386.0,-2302.75,-2239.60009765625,-2205.949951171875,-2131.95947265625
4008,-2398.820068359375,0.0,0.0,0.9099950790405273,-2398.820068359375,-2386.0,142.2358856201172,-2691.580078125,-2653.60009765625,-2564.199951171875,-2478.0,-2386.0,-2302.75,-2239.60009765625,-2205.949951171875,-2131.95947265625
4016,-2398.89990234375,0.0,0.0,0.8957549929618835,-2398.89990234375,-2386.0,142.16943359375,-2691.580078125,-2653.60009765625,-2564.199951171875,-2478.0,-2386.0,-2302.75,-2239.60009765625,-2205.949951171875,-2131.95947265625
4024,-2399.099853515625,0.0,0.0,0.8991802930831909,-2399.10009765625,-2386.0,141.9703826904297,-2691.580078125,-2653.60009765625,-2564.199951171875,-2478.0,-2386.0,-2302.75,-2245.0,-2205.949951171875,-2131.95947265625
4032,-2399.239990234375,0.0,0.0,0.8804689645767212,-2399.239990234375,-2386.0,141.90792846679688,-2691.580078125,-2653.60009765625,-2564.199951171875,-2478.0,-2386.0,-2302.75,-2245.0,-2205.949951171875,-2131.95947265625
4040,-2399.320068359375,0.0,0.0,0.8818735480308533,-2399.320068359375,-2386.0,141.9416046142578,-2691.580078125,-2653.60009765625,-2566.0,-2478.0,-2386.0,-2302.75,-2245.0,-2205.949951171875,-2131.95947265625
4048,-2399.5,0.0,0.0,0.8943241834640503,-2399.5,-2386.0,141.78416442871094,-2691.580078125,-2653.60009765625,-2566.0,-2478.0,-2386.0,-2302.75,-2245.0,-2210.75,-2131.95947265625
4056,-2399.93994140625,0.0,0.0,0.8882198929786682,-2399.93994140625,-2386.0,141.56581115722656,-2691.580078125,-2653.60009765625,-2566.0,-2478.0,-2386.0,-2305.25,-2245.0,-2210.75,-2132.03955078125
4064,-2400.079833984375,0.0,0.0,0.8798164129257202,-2400.080078125,-2386.0,141.53060913085938,-2691.580078125,-2653.60009765625,-2566.0,-2478.0,-2386.0,-2305.25,-2245.0,-2210.75,-2132.03955078125
4072,-2400.5400390625,0.0,0.0,0.8758798241615295,-2400.5400390625,-2386.0,141.7789306640625,-2691.580078125,-2653.60009765625,-2566.5,-2478.5,-2386.0,-2305.25,-2245.0,-2210.75,-2132.03955078125
4080,-2400.579833984375,0.0,0.0,0.8735899329185486,-2400.580078125,-2387.0,141.76271057128906,-2691.580078125,-2653.60009765625,-2566.5,-2478.5,-2387.0,-2305.25,-2245.0,-2210.75,-2132.03955078125
4088,-2400.659912109375,0.0,0.0,0.8573058843612671,-2400.659912109375,-2387.0,141.52427673339844,-2691.580078125,-2653.60009765625,-2566.5,-2478.5,-2387.0,-2305.25,-2245.0,-2210.75,-2132.07958984375
4096,-2400.659912109375,0.0,0.0,0.8360404968261719,-2400.659912109375,-2387.0,141.52427673339844,-2691.580078125,-2653.60009765625,-2566.5,-2478.5,-2387.0,-2305.25,-2245.0,-2210.75,-2132.07958984375
4104,-2400.780029296875,0.0,0.0,0.845579981803894,-2400.780029296875,-2387.0,141.52622985839844,-2691.580078125,-2653.60009765625,-2566.5,-2478.5,-2387.0,-2305.25,-2245.0,-2210.75,-2132.07958984375
4112,-2400.97998046875,0.0,0.0,0.8192318677902222,-2400.97998046875,-2387.0,141.35076904296875,-2691.580078125,-2653.60009765625,-2566.5,-2480.25,-2387.0,-2309.75,-2245.0,-2210.75,-2132.07958984375
4120,-2401.079833984375,0.0,0.0,0.8257447481155396,-2401.080078125,-2387.0,141.24217224121094,-2691.580078125,-2653.60009765625,-2566.5,-2480.25,-2387.0,-2309.75,-2245.0,-2210.75,-2132.07958984375
4128,-2401.079833984375,0.0,0.0,0.8272210359573364,-2401.080078125,-2387.0,141.24217224121094,-2691.580078125,-2653.60009765625,-2566.5,-2480.25,-2387.0,-2309.75,-2245.0,-2210.75,-2132.07958984375
4136,-2401.139892578125,0.0,0.0,0.8290037512779236,-2401.139892578125,-2387.0,141.20645141601562,-2691.580078125,-2653.60009765625,-2566.5,-2480.25,-2387.0,-2309.75,-2245.0,-2210.75,-2132.07958984375
4144,-2401.179931640625,0.0,0.0,0.8161227107048035,-2401.179931640625,-2387.0,141.1689910888672,-2691.580078125,-2653.60009765625,-2566.5,-2480.25,-2387.0,-2309.75,-2245.0,-2210.75,-2132.07958984375
4152,-2401.5400390625,0.0,0.0,0.8159060478210449,-2401.5400390625,-2387.0,141.11196899414062,-2691.580078125,-2653.60009765625,-2566.5,-2480.25,-2387.0,-2313.5,-2245.0,-2210.75,-2132.07958984375
4160,-2401.800048828125,0.0,0.0,0.8218423128128052,-2401.800048828125,-2387.0,141.03460693359375,-2691.580078125,-2653.60009765625,-2566.5,-2480.25,-2387.0,-2313.5,-2245.0,-2210.75,-2132.07958984375
4168,-2401.85986328125,0.0,0.0,0.8105044364929199,-2401.860107421875,-2387.0,140.99595642089844,-2691.580078125,-2653.60009765625,-2566.5,-2481.25,-2387.0,-2313.5,-2245.0,-2210.75,-2132.07958984375
4176,-2402.159912109375,0.0,0.0,0.8272232413291931,-2402.159912109375,-2387.0,140.99864196777344,-2691.580078125,-2653.60009765625,-2571.10009765625,-2481.25,-2387.0,-2313.5,-2245.0,-2210.75,-2132.07958984375
4184,-2402.260009765625,0.0,0.0,0.822519063949585,-2402.260009765625,-2387.0,141.02032470703125,-2691.580078125,-2653.60009765625,-2571.10009765625,-2481.25,-2387.0,-2313.5,-2245.0,-2210.75,-2132.07958984375
4192,-2402.280029296875,0.0,0.0,0.8255771994590759,-2402.280029296875,-2387.0,141.0317840576172,-2691.580078125,-2653.60009765625,-2571.10009765625,-2481.75,-2387.0,-2313.5,-2245.0,-2210.75,-2132.07958984375
4200,-2402.320068359375,0.0,0.0,0.8008982539176941,-2402.320068359375,-2387.0,141.0209197998047,-2691.580078125,-2653.60009765625,-2571.10009765625,-2481.75,-2387.0,-2313.5,-2245.0,-2210.75,-2132.07958984375
4208,-2402.3798828125,0.0,0.0,0.7804620862007141,-2402.3798828125,-2387.0,140.9786376953125,-2691.580078125,-2653.60009765625,-2571.10009765625,-2481.75,-2387.0,-2313.5,-2245.0,-2210.75,-2132.07958984375
4216,-2402.419921875,0.0,0.0,0.7636569142341614,-2402.419921875,-2387.0,140.95071411132812,-2691.580078125,-2653.60009765625,-2571.10009765625,-2481.75,-2387.0,-2313.5,-2245.0,-2210.75,-2132.07958984375
4224,-2402.419921875,0.0,0.0,0.7782617807388306,-2402.419921875,-2387.0,140.95071411132812,-2691.580078125,-2653.60009765625,-2571.10009765625,-2481.75,-2387.0,-2313.5,-2245.0,-2210.75,-2132.07958984375
4232,-2402.52001953125,0.0,0.0,0.77481609582901,-2402.52001953125,-2389.0,140.93675231933594,-2691.580078125,-2653.60009765625,-2571.10009765625,-2481.75,-2389.0,-2314.25,-2245.0,-2210.75,-2132.07958984375
4240,-2402.52001953125,0.0,0.0,0.7683945298194885,-2402.52001953125,-2389.0,140.93675231933594,-2691.580078125,-2653.60009765625,-2571.10009765625,-2481.75,-2389.0,-2314.25,-2245.0,-2210.75,-2132.07958984375
4248,-2402.85986328125,0.0,0.0,0.750636100769043,-2402.860107421875,-2390.0,140.98304748535156,-2691.580078125,-2653.60009765625,-2571.10009765625,-2481.75,-2390.0,-2314.25,-2245.0,-2210.75,-2132.07958984375
4256,-2403.06005859375,0.0,0.0,0.75564044713974,-2403.06005859375,-2391.0,140.66839599609375,-2691.580078125,-2653.60009765625,-2571.10009765625,-2481.75,-2391.0,-2314.25,-2245.0,-2210.75,-2132.07958984375
4264,-2403.119873046875,0.0,0.0,0.7639307975769043,-2403.1201171875,-2391.0,140.67958068847656,-2691.580078125,-2655.5,-2571.10009765625,-2481.75,-2391.0,-2314.25,-2245.0,-2210.75,-2132.07958984375
4272,-2403.39990234375,0.0,0.0,0.7677279710769653,-2403.39990234375,-2391.0,140.75950622558594,-2691.580078125,-2655.5,-2571.10009765625,-2481.75,-2391.0,-2314.25,-2245.0,-2210.75,-2132.07958984375
4280,-2403.579833984375,0.0,0.0,0.7607188820838928,-2403.580078125,-2391.0,140.70260620117188,-2691.580078125,-2655.5,-2572.699951171875,-2481.75,-2391.0,-2314.25,-2245.0,-2210.75,-2132.07958984375
4288,-2403.679931640625,0.0,0.0,0.7384698987007141,-2403.679931640625,-2391.0,140.6693115234375,-2691.580078125,-2655.5,-2572.699951171875,-2481.75,-2391.0,-2314.25,-2245.0,-2210.75,-2132.07958984375
4296,-2404.06005859375,0.0,0.0,0.7247883677482605,-2404.06005859375,-2391.0,139.72914123535156,-2691.580078125,-2655.5,-2572.699951171875,-2481.75,-2391.0,-2314.25,-2245.0,-2210.75,-2132.83984375
4304,-2404.199951171875,0.0,0.0,0.7126503586769104,-2404.199951171875,-2391.0,139.7308807373047,-2691.580078125,-2655.5,-2572.699951171875,-2481.75,-2391.0,-2314.25,-2245.0,-2210.75,-2132.83984375
4312,-2404.239990234375,0.0,0.0,0.711614191532135,-2404.239990234375,-2391.0,139.72036743164062,-2691.580078125,-2655.5,-2572.699951171875,-2481.75,-2391.0,-2314.25,-2245.0,-2210.75,-2132.83984375
4320,-2404.300048828125,0.0,0.0,0.7156723737716675,-2404.300048828125,-2391.0,139.63864135742188,-2691.580078125,-2655.5,-2572.699951171875,-2481.75,-2391.0,-2314.25,-2245.0,-2216.449951171875,-2132.83984375
4328,-2404.31982421875,0.0,0.0,0.7238260507583618,-2404.320068359375,-2391.0,139.6487579345703,-2691.580078125,-2655.5,-2572.699951171875,-2481.75,-2391.0,-2314.25,-2245.0,-2216.449951171875,-2132.83984375
4336,-2404.35986328125,0.0,0.0,0.7216149568557739,-2404.360107421875,-2391.0,139.68875122070312,-2691.580078125,-2655.5,-2572.699951171875,-2481.75,-2391.0,-2314.25,-2245.0,-2216.449951171875,-2132.83984375
4344,-2404.35986328125,0.0,0.0,0.7102512717247009,-2404.360107421875,-2391.0,139.68875122070312,-2691.580078125,-2655.5,-2572.699951171875,-2481.75,-2391.0,-2314.25,-2245.0,-2216.449951171875,-2132.83984375
4352,-2404.43994140625,0.0,0.0,0.7109436392784119,-2404.43994140625,-2391.0,139.7284698486328,-2691.580078125,-2655.60009765625,-2572.699951171875,-2481.75,-2391.0,-2314.25,-2245.0,-2216.449951171875,-2132.83984375
4360,-2404.4599609375,0.0,0.0,0.7157122492790222,-2404.4599609375,-2391.0,139.7495880126953,-2691.580078125,-2655.60009765625,-2572.699951171875,-2481.75,-2391.0,-2314.25,-2245.0,-2216.449951171875,-2132.83984375
4368,-2404.5400390625,0.0,0.0,0.6996092200279236,-2404.5400390625,-2391.0,139.73155212402344,-2691.580078125,-2655.60009765625,-2572.699951171875,-2481.75,-2391.0,-2314.25,-2245.0,-2216.449951171875,-2132.83984375
4376,-2404.5400390625,0.0,0.0,0.7042057514190674,-2404.5400390625,-2391.0,139.73155212402344,-2691.580078125,-2655.60009765625,-2572.699951171875,-2481.75,-2391.0,-2314.25,-2245.0,-2216.449951171875,-2132.83984375
4384,-2404.56005859375,0.0,0.0,0.7058895826339722,-2404.56005859375,-2391.0,139.73876953125,-2691.580078125,-2655.60009765625,-2572.699951171875,-2481.75,-2391.0,-2314.25,-2245.0,-2216.449951171875,-2132.83984375
4392,-2404.83984375,0.0,0.0,0.7084939479827881,-2404.840087890625,-2391.0,139.3402099609375,-2691.580078125,-2655.60009765625,-2572.699951171875,-2481.75,-2391.0,-2314.25,-2245.0,-2216.449951171875,-2132.919677734375
4400,-2404.83984375,0.0,0.0,0.673832356929779,-2404.840087890625,-2391.0,139.3402099609375,-2691.580078125,-2655.60009765625,-2572.699951171875,-2481.75,-2391.0,-2314.25,-2245.0,-2216.449951171875,-2132.919677734375
4408,-2405.260009765625,0.0,0.0,0.6819320321083069,-2405.260009765625,-2391.0,138.71083068847656,-2691.580078125,-2655.60009765625,-2572.699951171875,-2481.75,-2391.0,-2314.25,-2245.0,-2216.449951171875,-2132.919677734375
4416,-2405.419921875,0.0,0.0,0.6867520213127136,-2405.419921875,-2391.0,138.4744873046875,-2691.580078125,-2655.60009765625,-2572.699951171875,-2481.75,-2391.0,-2314.25,-2245.0,-2216.449951171875,-2132.919677734375
4424,-2405.52001953125,0.0,0.0,0.6832821369171143,-2405.52001953125,-2391.0,138.4926300048828,-2691.580078125,-2655.60009765625,-2572.699951171875,-2481.75,-2391.0,-2314.25,-2245.0,-2216.449951171875,-2132.919677734375
4432,-2405.679931640625,0.0,0.0,0.6805313229560852,-2405.679931640625,-2391.0,138.50059509277344,-2691.580078125,-2655.60009765625,-2572.699951171875,-2481.75,-2391.0,-2314.25,-2245.0,-2216.449951171875,-2132.919677734375
4440,-2406.179931640625,0.0,0.0,0.6859709620475769,-2406.179931640625,-2391.0,138.76083374023438,-2691.580078125,-2655.60009765625,-2572.699951171875,-2481.75,-2391.0,-2317.25,-2245.0,-2216.449951171875,-2132.919677734375
4448,-2406.679931640625,0.0,0.0,0.6911750435829163,-2406.679931640625,-2393.0,137.90640258789062,-2691.580078125,-2655.60009765625,-2572.699951171875,-2481.75,-2393.0,-2317.25,-2245.0,-2216.449951171875,-2133.679931640625
4456,-2407.260009765625,0.0,0.0,0.7134692072868347,-2407.260009765625,-2393.0,136.9593048095703,-2691.580078125,-2655.60009765625,-2572.699951171875,-2481.75,-2393.0,-2318.0,-2245.0,-2216.449951171875,-2133.679931640625
4464,-2407.85986328125,0.0,0.0,0.7045016884803772,-2407.860107421875,-2393.0,137.59848022460938,-2691.580078125,-2667.0,-2572.699951171875,-2481.75,-2393.0,-2318.0,-2245.0,-2216.449951171875,-2133.679931640625
4472,-2408.0,0.0,0.0,0.6986446976661682,-2408.0,-2393.0,137.45166015625,-2691.580078125,-2667.0,-2572.699951171875,-2481.75,-2393.0,-2318.0,-2245.0,-2216.449951171875,-2133.679931640625
4480,-2408.099853515625,0.0,0.0,0.6891099214553833,-2408.10009765625,-2393.0,137.468505859375,-2691.580078125,-2667.0,-2572.699951171875,-2481.75,-2393.0,-2318.0,-2245.0,-2216.449951171875,-2133.679931640625
4488,-2408.139892578125,0.0,0.0,0.7008013129234314,-2408.139892578125,-2393.0,137.5222930908203,-2691.580078125,-2667.0,-2572.699951171875,-2481.75,-2393.0,-2318.0,-2245.0,-2216.449951171875,-2133.679931640625
4496,-2408.159912109375,0.0,0.0,0.6915255784988403,-2408.159912109375,-2393.0,137.5328826904297,-2691.580078125,-2667.0,-2572.699951171875,-2482.5,-2393.0,-2318.0,-2245.0,-2216.449951171875,-2133.679931640625
4504,-2408.619873046875,0.0,0.0,0.6878347396850586,-2408.6201171875,-2393.0,137.7190399169922,-2691.580078125,-2667.0,-2573.300048828125,-2482.5,-2393.0,-2318.0,-2246.800048828125,-2216.449951171875,-2133.679931640625
4512,-2408.719970703125,0.0,0.0,0.6665348410606384,-2408.719970703125,-2393.0,137.76864624023438,-2691.580078125,-2667.0,-2573.300048828125,-2482.5,-2393.0,-2318.0,-2246.800048828125,-2216.449951171875,-2133.679931640625
4520,-2408.919921875,0.0,0.0,0.6871963143348694,-2408.919921875,-2393.0,137.77268981933594,-2691.580078125,-2667.0,-2573.300048828125,-2482.5,-2393.0,-2320.75,-2246.800048828125,-2216.449951171875,-2133.679931640625
4528,-2408.97998046875,0.0,0.0,0.695608377456665,-2408.97998046875,-2393.0,137.7744598388672,-2691.580078125,-2667.0,-2573.300048828125,-2482.5,-2393.0,-2320.75,-2246.800048828125,-2216.449951171875,-2133.679931640625
4536,-2409.079833984375,0.0,0.0,0.6801143288612366,-2409.080078125,-2393.0,137.77224731445312,-2691.580078125,-2667.0,-2573.300048828125,-2482.5,-2393.0,-2320.75,-2246.800048828125,-2216.449951171875,-2133.679931640625
4544,-2409.099853515625,0.0,0.0,0.6793534159660339,-2409.10009765625,-2393.0,137.7979278564453,-2691.580078125,-2667.0,-2573.5,-2482.5,-2393.0,-2320.75,-2246.800048828125,-2216.449951171875,-2133.679931640625
4552,-2409.300048828125,0.0,0.0,0.6746988296508789,-2409.300048828125,-2393.0,137.82215881347656,-2697.4599609375,-2667.0,-2573.5,-2482.5,-2393.0,-2320.75,-2246.800048828125,-2216.449951171875,-2133.679931640625
4560,-2409.52001953125,0.0,0.0,0.6593475341796875,-2409.52001953125,-2393.0,137.8273162841797,-2697.4599609375,-2667.0,-2573.5,-2482.5,-2393.0,-2320.75,-2246.800048828125,-2216.449951171875,-2133.679931640625
4568,-2409.619873046875,0.0,0.0,0.6586650013923645,-2409.6201171875,-2393.0,137.7504119873047,-2697.4599609375,-2667.0,-2573.5,-2482.5,-2393.0,-2320.75,-2246.800048828125,-2216.449951171875,-2133.679931640625
4576,-2409.83984375,0.0,0.0,0.6689102053642273,-2409.840087890625,-2393.0,137.74649047851562,-2697.4599609375,-2667.0,-2573.5,-2484.0,-2393.0,-2320.75,-2246.800048828125,-2216.449951171875,-2133.679931640625
4584,-2410.239990234375,0.0,0.0,0.6731516122817993,-2410.239990234375,-2396.0,137.66867065429688,-2697.5400390625,-2667.0,-2573.5,-2484.0,-2396.0,-2320.75,-2246.800048828125,-2216.650146484375,-2133.679931640625
4592,-2410.35986328125,0.0,0.0,0.6812028288841248,-2410.360107421875,-2396.0,137.685546875,-2697.5400390625,-2667.0,-2573.5,-2484.0,-2396.0,-2320.75,-2246.800048828125,-2216.650146484375,-2133.679931640625
4600,-2410.4599609375,0.0,0.0,0.6601260304450989,-2410.4599609375,-2396.0,137.63658142089844,-2697.5400390625,-2667.0,-2573.5,-2484.0,-2396.0,-2321.75,-2246.800048828125,-2216.650146484375,-2133.679931640625
4608,-2410.599853515625,0.0,0.0,0.6594821810722351,-2410.60009765625,-2396.0,137.64418029785156,-2697.5400390625,-2667.0,-2573.5,-2484.0,-2396.0,-2321.75,-2246.800048828125,-2216.650146484375,-2133.679931640625
4616,-2410.699951171875,0.0,0.0,0.6437414288520813,-2410.699951171875,-2396.0,137.64544677734375,-2697.5400390625,-2667.0,-2573.5,-2484.0,-2396.0,-2321.75,-2246.800048828125,-2216.650146484375,-2133.679931640625
4624,-2410.800048828125,0.0,0.0,0.6609271168708801,-2410.800048828125,-2396.0,137.70010375976562,-2697.5400390625,-2667.0,-2573.5,-2485.75,-2396.0,-2321.75,-2246.800048828125,-2216.650146484375,-2133.679931640625
4632,-2410.8798828125,0.0,0.0,0.6796736717224121,-2410.8798828125,-2396.0,137.73272705078125,-2697.5400390625,-2667.0,-2573.5,-2485.75,-2396.0,-2321.75,-2246.800048828125,-2216.650146484375,-2133.679931640625
4640,-2410.97998046875,0.0,0.0,0.6786984801292419,-2410.97998046875,-2396.0,137.8397674560547,-2697.5400390625,-2667.0,-2573.5,-2485.75,-2396.0,-2321.75,-2246.800048828125,-2216.650146484375,-2133.679931640625
4648,-2410.97998046875,0.0,0.0,0.6421284079551697,-2410.97998046875,-2396.0,137.8397674560547,-2697.5400390625,-2667.0,-2573.5,-2485.75,-2396.0,-2321.75,-2246.800048828125,-2216.650146484375,-2133.679931640625
4656,-2411.02001953125,0.0,0.0,0.6314616203308105,-2411.02001953125,-2396.0,137.83453369140625,-2697.5400390625,-2667.0,-2573.5,-2485.75,-2396.0,-2323.25,-2246.800048828125,-2216.650146484375,-2133.679931640625
4664,-2411.119873046875,0.0,0.0,0.6171294450759888,-2411.1201171875,-2396.0,138.06500244140625,-2697.739990234375,-2667.0,-2573.5,-2485.75,-2396.0,-2323.25,-2246.800048828125,-2216.650146484375,-2133.679931640625
4672,-2411.139892578125,0.0,0.0,0.6214292645454407,-2411.139892578125,-2396.0,138.06512451171875,-2697.739990234375,-2667.0,-2573.5,-2485.75,-2396.0,-2323.25,-2246.800048828125,-2216.650146484375,-2133.679931640625
4680,-2411.43994140625,0.0,0.0,0.6234309077262878,-2411.43994140625,-2396.0,137.66397094726562,-2697.739990234375,-2667.0,-2573.5,-2485.75,-2396.0,-2323.25,-2250.39990234375,-2216.650146484375,-2135.9599609375
4688,-2411.56005859375,0.0,0.0,0.6210780143737793,-2411.56005859375,-2396.0,137.62603759765625,-2697.739990234375,-2667.0,-2573.5,-2485.75,-2396.0,-2323.25,-2250.39990234375,-2216.650146484375,-2135.9599609375
4696,-2411.619873046875,0.0,0.0,0.6141103506088257,-2411.6201171875,-2396.0,137.70684814453125,-2701.659912109375,-2667.0,-2573.5,-2485.75,-2396.0,-2323.25,-2250.39990234375,-2216.650146484375,-2135.9599609375
4704,-2411.719970703125,0.0,0.0,0.6094008684158325,-2411.719970703125,-2396.0,137.57296752929688,-2701.659912109375,-2667.0,-2573.5,-2485.75,-2396.0,-2323.25,-2252.199951171875,-2223.300048828125,-2135.9599609375
4712,-2412.0,0.0,0.0,0.6245462894439697,-2412.0,-2396.0,137.7486114501953,-2701.659912109375,-2667.0,-2573.89990234375,-2492.5,-2396.0,-2323.25,-2252.199951171875,-2223.300048828125,-2135.9599609375
4720,-2412.099853515625,0.0,0.0,0.6274049878120422,-2412.10009765625,-2396.0,137.7173614501953,-2701.659912109375,-2667.0,-2573.89990234375,-2492.5,-2396.0,-2323.25,-2252.199951171875,-2223.300048828125,-2135.9599609375
4728,-2412.219970703125,0.0,0.0,0.6114985346794128,-2412.219970703125,-2396.0,137.6422576904297,-2701.659912109375,-2667.0,-2573.89990234375,-2492.5,-2396.0,-2323.25,-2252.199951171875,-2223.300048828125,-2135.9599609375
4736,-2412.47998046875,0.0,0.0,0.6200305223464966,-2412.47998046875,-2396.0,137.61427307128906,-2701.659912109375,-2667.0,-2573.89990234375,-2492.5,-2396.0,-2323.25,-2252.199951171875,-2223.5,-2135.9599609375
4744,-2413.02001953125,0.0,0.0,0.6233052015304565,-2413.02001953125,-2396.0,137.1944580078125,-2701.659912109375,-2667.0,-2573.89990234375,-2492.5,-2396.0,-2323.25,-2254.89990234375,-2223.5,-2136.0
4752,-2413.52001953125,0.0,0.0,0.6254035830497742,-2413.52001953125,-2396.0,136.56884765625,-2701.659912109375,-2667.0,-2573.89990234375,-2492.5,-2396.0,-2323.25,-2254.89990234375,-2223.5,-2136.0
4760,-2413.699951171875,0.0,0.0,0.6348059177398682,-2413.699951171875,-2396.0,136.54959106445312,-2701.659912109375,-2667.0,-2573.89990234375,-2492.5,-2396.0,-2323.25,-2254.89990234375,-2223.5,-2136.0
4768,-2414.159912109375,0.0,0.0,0.6526870727539062,-2414.159912109375,-2396.0,135.69500732421875,-2701.659912109375,-2667.0,-2573.89990234375,-2492.5,-2396.0,-2323.25,-2254.89990234375,-2223.5,-2136.0
4776,-2414.179931640625,0.0,0.0,0.6646033525466919,-2414.179931640625,-2396.0,135.69158935546875,-2701.659912109375,-2667.0,-2573.89990234375,-2492.5,-2396.0,-2323.25,-2254.89990234375,-2223.5,-2136.0
4784,-2414.33984375,0.0,0.0,0.6630272269248962,-2414.340087890625,-2396.0,135.6078338623047,-2701.659912109375,-2667.0,-2573.89990234375,-2492.5,-2396.0,-2323.25,-2254.89990234375,-2223.5,-2136.0
4792,-2414.33984375,0.0,0.0,0.6587873101234436,-2414.340087890625,-2396.0,135.6078338623047,-2701.659912109375,-2667.0,-2573.89990234375,-2492.5,-2396.0,-2323.25,-2254.89990234375,-2223.5,-2136.0
4800,-2414.52001953125,0.0,0.0,0.6618099212646484,-2414.52001953125,-2396.0,135.6588592529297,-2701.659912109375,-2667.0,-2573.89990234375,-2492.5,-2396.0,-2323.25,-2254.89990234375,-2223.5,-2136.0
4808,-2415.39990234375,0.0,0.0,0.6583700180053711,-2415.39990234375,-2403.0,135.57476806640625,-2701.659912109375,-2667.0,-2573.89990234375,-2492.5,-2403.0,-2323.25,-2254.89990234375,-2223.5,-2136.0
4816,-2415.43994140625,0.0,0.0,0.6660322546958923,-2415.43994140625,-2403.0,135.5789337158203,-2701.659912109375,-2667.0,-2573.89990234375,-2492.5,-2403.0,-2323.25,-2254.89990234375,-2223.5,-2136.0
4824,-2415.56005859375,0.0,0.0,0.664222776889801,-2415.56005859375,-2403.0,135.72459411621094,-2701.659912109375,-2667.0,-2573.89990234375,-2492.5,-2403.0,-2323.25,-2254.89990234375,-2223.5,-2136.0
4832,-2415.639892578125,0.0,0.0,0.670664370059967,-2415.639892578125,-2403.0,135.6449432373047,-2701.659912109375,-2667.0,-2573.89990234375,-2492.5,-2403.0,-2323.25,-2255.89990234375,-2223.5,-2136.0
4840,-2415.639892578125,0.0,0.0,0.663950502872467,-2415.639892578125,-2403.0,135.6449432373047,-2701.659912109375,-2667.0,-2573.89990234375,-2492.5,-2403.0,-2323.25,-2255.89990234375,-2223.5,-2136.0
4848,-2415.760009765625,0.0,0.0,0.6529875993728638,-2415.760009765625,-2403.0,135.65567016601562,-2703.6201171875,-2667.0,-2573.89990234375,-2492.5,-2403.0,-2323.25,-2255.89990234375,-2223.5,-2136.0
4856,-2415.83984375,0.0,0.0,0.6321995258331299,-2415.840087890625,-2403.0,135.6062469482422,-2703.6201171875,-2667.0,-2573.89990234375,-2492.5,-2403.0,-2323.25,-2255.89990234375,-2223.5,-2136.0
4864,-2415.83984375,0.0,0.0,0.6282836198806763,-2415.840087890625,-2403.0,135.6062469482422,-2703.6201171875,-2667.0,-2573.89990234375,-2492.5,-2403.0,-2323.25,-2255.89990234375,-2223.5,-2136.0
4872,-2415.8798828125,0.0,0.0,0.6254259943962097,-2415.8798828125,-2403.0,135.57000732421875,-2703.6201171875,-2667.0,-2573.89990234375,-2492.5,-2403.0,-2323.25,-2255.89990234375,-2223.5,-2136.0
4880,-2416.0400390625,0.0,0.0,0.602672278881073,-2416.0400390625,-2403.0,135.45079040527344,-2703.6201171875,-2667.0,-2573.89990234375,-2492.5,-2403.0,-2323.25,-2255.89990234375,-2223.5,-2139.919921875
4888,-2416.3798828125,0.0,0.0,0.6000818014144897,-2416.3798828125,-2403.0,135.3411102294922,-2703.6201171875,-2667.0,-2573.89990234375,-2492.5,-2403.0,-2323.25,-2255.89990234375,-2223.5,-2139.919921875
4896,-2416.39990234375,0.0,0.0,0.599965512752533,-2416.39990234375,-2403.0,135.35833740234375,-2703.6201171875,-2667.0,-2573.89990234375,-2492.5,-2403.0,-2323.25,-2255.89990234375,-2223.5,-2139.919921875
4904,-2416.5400390625,0.0,0.0,0.6041557788848877,-2416.5400390625,-2403.0,135.29739379882812,-2703.6201171875,-2667.0,-2573.89990234375,-2492.5,-2403.0,-2323.25,-2255.89990234375,-2223.5,-2139.919921875
4912,-2416.679931640625,0.0,0.0,0.5977596640586853,-2416.679931640625,-2403.0,135.36814880371094,-2703.6201171875,-2667.0,-2573.89990234375,-2493.25,-2403.0,-2323.25,-2255.89990234375,-2223.5,-2139.919921875
4920,-2416.679931640625,0.0,0.0,0.5904091000556946,-2416.679931640625,-2403.0,135.36814880371094,-2703.6201171875,-2667.0,-2573.89990234375,-2493.25,-2403.0,-2323.25,-2255.89990234375,-2223.5,-2139.919921875
4928,-2417.06005859375,0.0,0.0,0.5952857136726379,-2417.06005859375,-2403.0,134.92160034179688,-2703.6201171875,-2667.0,-2573.89990234375,-2493.25,-2403.0,-2323.25,-2255.89990234375,-2223.5,-2153.719970703125
4936,-2417.159912109375,0.0,0.0,0.5896705389022827,-2417.159912109375,-2404.0,134.8742218017578,-2703.6201171875,-2667.0,-2573.89990234375,-2493.25,-2404.0,-2323.25,-2257.699951171875,-2223.5,-2153.719970703125
4944,-2417.159912109375,0.0,0.0,0.5923574566841125,-2417.159912109375,-2404.0,134.8742218017578,-2703.6201171875,-2667.0,-2573.89990234375,-2493.25,-2404.0,-2323.25,-2257.699951171875,-2223.5,-2153.719970703125
4952,-2417.35986328125,0.0,0.0,0.5769970417022705,-2417.360107421875,-2404.0,134.76168823242188,-2703.6201171875,-2667.0,-2573.89990234375,-2493.5,-2404.0,-2326.25,-2257.699951171875,-2223.5,-2153.719970703125
4960,-2417.47998046875,0.0,0.0,0.5799331665039062,-2417.47998046875,-2406.0,134.75506591796875,-2703.6201171875,-2667.0,-2573.89990234375,-2493.5,-2406.0,-2326.25,-2257.699951171875,-2223.5,-2153.719970703125
4968,-2417.699951171875,0.0,0.0,0.573139488697052,-2417.699951171875,-2406.0,134.5672607421875,-2703.6201171875,-2667.0,-2573.89990234375,-2493.5,-2406.0,-2326.25,-2257.699951171875,-2223.5,-2153.719970703125
4976,-2417.719970703125,0.0,0.0,0.5872227549552917,-2417.719970703125,-2406.0,134.5670166015625,-2703.6201171875,-2667.0,-2573.89990234375,-2493.5,-2406.0,-2326.25,-2257.699951171875,-2223.5,-2153.719970703125
4984,-2417.93994140625,0.0,0.0,0.5818566083908081,-2417.93994140625,-2406.0,134.6625213623047,-2703.6201171875,-2667.0,-2573.89990234375,-2496.5,-2406.0,-2326.25,-2257.699951171875,-2223.5,-2153.719970703125
4992,-2418.06005859375,0.0,0.0,0.5831650495529175,-2418.06005859375,-2407.0,134.64559936523438,-2703.6201171875,-2667.0,-2573.89990234375,-2496.5,-2407.0,-2326.25,-2257.699951171875,-2223.5,-2153.719970703125
5000,-2418.099853515625,0.0,0.0,0.5870941281318665,-2418.10009765625,-2407.0,134.6767578125,-2703.6201171875,-2667.0,-2573.89990234375,-2496.5,-2407.0,-2326.25,-2257.699951171875,-2223.5,-2153.719970703125
5008,-2418.139892578125,0.0,0.0,0.5713841319084167,-2418.139892578125,-2407.0,134.72305297851562,-2703.6201171875,-2667.0,-2577.5,-2496.5,-2407.0,-2326.25,-2257.699951171875,-2223.5,-2153.719970703125
5016,-2418.239990234375,0.0,0.0,0.5765784382820129,-2418.239990234375,-2407.0,134.71934509277344,-2703.6201171875,-2667.0,-2577.5,-2496.5,-2407.0,-2326.25,-2257.699951171875,-2223.5,-2153.719970703125
5024,-2418.760009765625,0.0,0.0,0.5681154727935791,-2418.760009765625,-2407.5,134.3074951171875,-2703.6201171875,-2667.0,-2577.5,-2496.5,-2407.5,-2326.75,-2257.699951171875,-2223.5,-2153.719970703125
5032,-2418.81982421875,0.0,0.0,0.5545908808708191,-2418.820068359375,-2407.5,134.28956604003906,-2705.580078125,-2667.0,-2577.5,-2496.5,-2407.5,-2326.75,-2257.699951171875,-2223.699951171875,-2153.719970703125
5040,-2418.8798828125,0.0,0.0,0.5577884912490845,-2418.8798828125,-2407.5,134.36334228515625,-2705.659912109375,-2667.0,-2577.5,-2496.5,-2407.5,-2326.75,-2257.699951171875,-2223.699951171875,-2153.719970703125
5048,-2418.93994140625,0.0,0.0,0.5559160709381104,-2418.93994140625,-2407.5,134.37229919433594,-2705.659912109375,-2667.0,-2577.5,-2496.5,-2407.5,-2326.75,-2257.699951171875,-2223.699951171875,-2153.719970703125
5056,-2418.97998046875,0.0,0.0,0.5519003868103027,-2418.97998046875,-2407.5,134.31187438964844,-2705.659912109375,-2667.0,-2577.5,-2496.5,-2407.5,-2326.75,-2257.699951171875,-2223.699951171875,-2153.719970703125
5064,-2419.0400390625,0.0,0.0,0.5445238351821899,-2419.0400390625,-2407.5,134.27969360351562,-2705.659912109375,-2667.0,-2577.5,-2496.5,-2407.5,-2326.75,-2257.699951171875,-2223.699951171875,-2153.719970703125
5072,-2419.419921875,0.0,0.0,0.5532386898994446,-2419.419921875,-2407.5,134.19264221191406,-2705.659912109375,-2667.0,-2577.5,-2496.5,-2407.5,-2326.75,-2257.699951171875,-2223.699951171875,-2153.719970703125
5080,-2419.43994140625,0.0,0.0,0.5486680269241333,-2419.43994140625,-2407.5,134.1973419189453,-2705.659912109375,-2667.0,-2577.5,-2496.5,-2407.5,-2326.75,-2257.699951171875,-2223.699951171875,-2153.719970703125
5088,-2419.47998046875,0.0,0.0,0.5594022274017334,-2419.47998046875,-2407.5,134.1769256591797,-2705.659912109375,-2667.0,-2577.5,-2496.5,-2407.5,-2326.75,-2257.699951171875,-2223.699951171875,-2153.719970703125
5096,-2419.47998046875,0.0,0.0,0.5506847500801086,-2419.47998046875,-2407.5,134.1769256591797,-2705.659912109375,-2667.0,-2577.5,-2496.5,-2407.5,-2326.75,-2257.699951171875,-2223.699951171875,-2153.719970703125
5104,-2419.619873046875,0.0,0.0,0.5435048341751099,-2419.6201171875,-2407.5,134.0892791748047,-2705.659912109375,-2667.0,-2577.5,-2496.5,-2407.5,-2326.75,-2257.699951171875,-2223.699951171875,-2153.719970703125
5112,-2419.81982421875,0.0,0.0,0.5393728613853455,-2419.820068359375,-2407.5,134.1791534423828,-2705.659912109375,-2667.0,-2577.5,-2496.5,-2407.5,-2326.75,-2257.699951171875,-2223.699951171875,-2153.719970703125
5120,-2419.83984375,0.0,0.0,0.5419097542762756,-2419.840087890625,-2407.5,134.17501831054688,-2705.659912109375,-2667.0,-2577.5,-2496.5,-2407.5,-2326.75,-2257.699951171875,-2223.699951171875,-2153.719970703125
5128,-2420.43994140625,0.0,0.0,0.5407907962799072,-2420.43994140625,-2407.5,134.37353515625,-2705.659912109375,-2667.0,-2590.10009765625,-2496.5,-2407.5,-2334.0,-2257.699951171875,-2223.699951171875,-2153.719970703125
5136,-2420.43994140625,0.0,0.0,0.5451956391334534,-2420.43994140625,-2407.5,134.37353515625,-2705.659912109375,-2667.0,-2590.10009765625,-2496.5,-2407.5,-2334.0,-2257.699951171875,-2223.699951171875,-2153.719970703125
5144,-2420.47998046875,0.0,0.0,0.551022469997406,-2420.47998046875,-2407.5,134.41864013671875,-2705.659912109375,-2667.0,-2590.10009765625,-2496.5,-2407.5,-2334.0,-2257.699951171875,-2223.699951171875,-2153.719970703125
5152,-2420.5,0.0,0.0,0.5434083342552185,-2420.5,-2407.5,134.39952087402344,-2705.659912109375,-2667.0,-2590.10009765625,-2496.5,-2407.5,-2334.0,-2257.699951171875,-2223.699951171875,-2153.719970703125
5160,-2420.5,0.0,0.0,0.5518563985824585,-2420.5,-2407.5,134.39952087402344,-2705.659912109375,-2667.0,-2590.10009765625,-2496.5,-2407.5,-2334.0,-2257.699951171875,-2223.699951171875,-2153.719970703125
5168,-2420.97998046875,0.0,0.0,0.5302952527999878,-2420.97998046875,-2409.5,134.24545288085938,-2705.659912109375,-2667.0,-2590.10009765625,-2496.5,-2409.5,-2334.0,-2258.0,-2223.699951171875,-2153.719970703125
5176,-2420.97998046875,0.0,0.0,0.525014340877533,-2420.97998046875,-2409.5,134.24545288085938,-2705.659912109375,-2667.0,-2590.10009765625,-2496.5,-2409.5,-2334.0,-2258.0,-2223.699951171875,-2153.719970703125
5184,-2421.0,0.0,0.0,0.5253285765647888,-2421.0,-2409.5,134.22250366210938,-2705.659912109375,-2667.0,-2590.10009765625,-2496.5,-2409.5,-2334.0,-2258.0,-2223.699951171875,-2153.719970703125
5192,-2421.179931640625,0.0,0.0,0.5181220173835754,-2421.179931640625,-2409.5,134.14263916015625,-2705.659912109375,-2667.0,-2590.10009765625,-2496.5,-2409.5,-2334.0,-2258.0,-2223.699951171875,-2153.719970703125
5200,-2421.199951171875,0.0,0.0,0.5172314047813416,-2421.199951171875,-2409.5,134.1655731201172,-2705.659912109375,-2667.0,-2590.10009765625,-2496.5,-2409.5,-2334.0,-2258.0,-2223.699951171875,-2153.719970703125
5208,-2421.199951171875,0.0,0.0,0.507102370262146,-2421.199951171875,-2409.5,134.1655731201172,-2705.659912109375,-2667.0,-2590.10009765625,-2496.5,-2409.5,-2334.0,-2258.0,-2223.699951171875,-2153.719970703125
5216,-2421.280029296875,0.0,0.0,0.5060826539993286,-2421.280029296875,-2409.5,134.11965942382812,-2705.659912109375,-2667.0,-2590.10009765625,-2496.5,-2409.5,-2335.5,-2258.0,-2223.699951171875,-2153.719970703125
5224,-2421.31982421875,0.0,0.0,0.49750128388404846,-2421.320068359375,-2409.5,134.13685607910156,-2705.659912109375,-2667.0,-2590.10009765625,-2496.5,-2409.5,-2335.5,-2258.0,-2223.699951171875,-2153.719970703125
5232,-2421.5,0.0,0.0,0.5013730525970459,-2421.5,-2409.5,134.28890991210938,-2705.659912109375,-2667.0,-2590.10009765625,-2496.75,-2409.5,-2335.5,-2258.0,-2223.699951171875,-2153.719970703125
5240,-2421.579833984375,0.0,0.0,0.492906779050827,-2421.580078125,-2409.5,134.2319793701172,-2705.659912109375,-2667.0,-2590.10009765625,-2496.75,-2409.5,-2335.5,-2258.0,-2223.699951171875,-2153.719970703125
5248,-2421.780029296875,0.0,0.0,0.49797704815864563,-2421.780029296875,-2409.5,134.12811279296875,-2705.659912109375,-2667.0,-2590.10009765625,-2496.75,-2409.5,-2335.5,-2258.0,-2223.699951171875,-2153.719970703125
5256,-2421.85986328125,0.0,0.0,0.4851621985435486,-2421.860107421875,-2409.5,134.01141357421875,-2705.659912109375,-2667.0,-2590.10009765625,-2496.75,-2409.5,-2335.5,-2258.0,-2223.800048828125,-2153.719970703125
5264,-2421.85986328125,0.0,0.0,0.49085938930511475,-2421.860107421875,-2409.5,134.01141357421875,-2705.659912109375,-2667.0,-2590.10009765625,-2496.75,-2409.5,-2335.5,-2258.0,-2223.800048828125,-2153.719970703125
5272,-2421.85986328125,0.0,0.0,0.4796527624130249,-2421.860107421875,-2409.5,134.01141357421875,-2705.659912109375,-2667.0,-2590.10009765625,-2496.75,-2409.5,-2335.5,-2258.0,-2223.800048828125,-2153.719970703125
5280,-2422.0400390625,0.0,0.0,0.46838870644569397,-2422.0400390625,-2409.5,134.12484741210938,-2705.659912109375,-2667.0,-2590.10009765625,-2496.75,-2409.5,-2335.5,-2259.800048828125,-2223.800048828125,-2153.719970703125
5288,-2422.93994140625,0.0,0.0,0.47322914004325867,-2422.93994140625,-2414.5,134.1980438232422,-2705.659912109375,-2667.0,-2590.10009765625,-2496.75,-2414.5,-2335.5,-2259.800048828125,-2223.800048828125,-2153.719970703125
5296,-2422.97998046875,0.0,0.0,0.46997538208961487,-2422.97998046875,-2414.5,134.19686889648438,-2705.659912109375,-2667.0,-2590.10009765625,-2496.75,-2414.5,-2335.5,-2259.800048828125,-2223.800048828125,-2153.719970703125
5304,-2423.0,0.0,0.0,0.4649257957935333,-2423.0,-2414.5,134.17391967773438,-2705.659912109375,-2667.0,-2590.10009765625,-2496.75,-2414.5,-2335.5,-2259.800048828125,-2223.800048828125,-2153.719970703125
5312,-2423.599853515625,0.0,0.0,0.4734031558036804,-2423.60009765625,-2414.5,133.93087768554688,-2705.659912109375,-2667.0,-2590.10009765625,-2496.75,-2414.5,-2335.5,-2259.800048828125,-2223.800048828125,-2153.719970703125
5320,-2423.639892578125,0.0,0.0,0.4832790195941925,-2423.639892578125,-2414.5,133.9232177734375,-2705.659912109375,-2667.0,-2590.10009765625,-2496.75,-2414.5,-2335.5,-2259.800048828125,-2223.800048828125,-2153.719970703125
5328,-2423.97998046875,0.0,0.0,0.47937262058258057,-2423.97998046875,-2414.5,133.6643524169922,-2705.659912109375,-2667.0,-2590.10009765625,-2496.75,-2414.5,-2335.5,-2259.800048828125,-2223.800048828125,-2153.719970703125
5336,-2423.97998046875,0.0,0.0,0.4916745722293854,-2423.97998046875,-2414.5,133.6643524169922,-2705.659912109375,-2667.0,-2590.10009765625,-2496.75,-2414.5,-2335.5,-2259.800048828125,-2223.800048828125,-2153.719970703125
5344,-2424.0400390625,0.0,0.0,0.4878796935081482,-2424.0400390625,-2414.5,133.62709045410156,-2705.659912109375,-2667.0,-2590.10009765625,-2496.75,-2414.5,-2335.5,-2259.800048828125,-2223.800048828125,-2153.719970703125
5352,-2424.119873046875,0.0,0.0,0.47921866178512573,-2424.1201171875,-2414.5,133.45811462402344,-2705.659912109375,-2667.0,-2590.10009765625,-2496.75,-2414.5,-2335.5,-2259.800048828125,-2223.800048828125,-2153.83984375
5360,-2424.119873046875,0.0,0.0,0.483570396900177,-2424.1201171875,-2414.5,133.45811462402344,-2705.659912109375,-2667.0,-2590.10009765625,-2496.75,-2414.5,-2335.5,-2259.800048828125,-2223.800048828125,-2153.83984375
5368,-2424.119873046875,0.0,0.0,0.4874544143676758,-2424.1201171875,-2414.5,133.45811462402344,-2705.659912109375,-2667.0,-2590.10009765625,-2496.75,-2414.5,-2335.5,-2259.800048828125,-2223.800048828125,-2153.83984375
5376,-2424.119873046875,0.0,0.0,0.46576040983200073,-2424.1201171875,-2414.5,133.45811462402344,-2705.659912109375,-2667.0,-2590.10009765625,-2496.75,-2414.5,-2335.5,-2259.800048828125,-2223.800048828125,-2153.83984375
5384,-2424.239990234375,0.0,0.0,0.45787015557289124,-2424.239990234375,-2414.5,133.40234375,-2705.659912109375,-2667.0,-2590.10009765625,-2496.75,-2414.5,-2335.5,-2259.800048828125,-2223.800048828125,-2153.83984375
5392,-2424.35986328125,0.0,0.0,0.45522981882095337,-2424.360107421875,-2414.5,133.3093719482422,-2705.659912109375,-2667.0,-2590.10009765625,-2496.75,-2414.5,-2335.5,-2259.800048828125,-2223.800048828125,-2153.83984375
5400,-2424.35986328125,0.0,0.0,0.4785028100013733,-2424.360107421875,-2414.5,133.3093719482422,-2705.659912109375,-2667.0,-2590.10009765625,-2496.75,-2414.5,-2335.5,-2259.800048828125,-2223.800048828125,-2153.83984375
5408,-2424.47998046875,0.0,0.0,0.473507285118103,-2424.47998046875,-2415.0,133.35264587402344,-2705.659912109375,-2667.0,-2590.10009765625,-2496.75,-2415.0,-2335.5,-2259.800048828125,-2223.800048828125,-2153.83984375
5416,-2424.679931640625,0.0,0.0,0.47021615505218506,-2424.679931640625,-2415.0,133.2584686279297,-2705.659912109375,-2667.0,-2590.10009765625,-2496.75,-2415.0,-2335.5,-2267.0,-2223.800048828125,-2153.83984375
5424,-2424.81982421875,0.0,0.0,0.47260385751724243,-2424.820068359375,-2415.0,133.40887451171875,-2705.659912109375,-2667.0,-2590.10009765625,-2496.75,-2415.0,-2335.5,-2267.0,-2223.800048828125,-2153.83984375
5432,-2424.83984375,0.0,0.0,0.4871476888656616,-2424.840087890625,-2415.0,133.39825439453125,-2705.659912109375,-2667.0,-2590.10009765625,-2496.75,-2415.0,-2335.5,-2267.0,-2223.800048828125,-2153.83984375
5440,-2424.85986328125,0.0,0.0,0.47967031598091125,-2424.860107421875,-2415.0,133.40951538085938,-2705.659912109375,-2667.0,-2590.10009765625,-2497.25,-2415.0,-2335.5,-2267.0,-2223.800048828125,-2153.83984375
5448,-2424.85986328125,0.0,0.0,0.4736323356628418,-2424.860107421875,-2415.0,133.40951538085938,-2705.659912109375,-2667.0,-2590.10009765625,-2497.25,-2415.0,-2335.5,-2267.0,-2223.800048828125,-2153.83984375
5456,-2424.89990234375,0.0,0.0,0.4704287648200989,-2424.89990234375,-2415.0,133.43983459472656,-2705.659912109375,-2667.10009765625,-2590.10009765625,-2497.25,-2415.0,-2335.5,-2267.0,-2223.800048828125,-2153.83984375
5464,-2425.0400390625,0.0,0.0,0.47359520196914673,-2425.0400390625,-2415.0,133.39279174804688,-2705.659912109375,-2667.10009765625,-2590.10009765625,-2497.25,-2415.0,-2335.5,-2267.0,-2229.5,-2153.83984375
5472,-2425.0400390625,0.0,0.0,0.46972405910491943,-2425.0400390625,-2415.0,133.39279174804688,-2705.659912109375,-2667.10009765625,-2590.10009765625,-2497.25,-2415.0,-2335.5,-2267.0,-2229.5,-2153.83984375
5480,-2425.300048828125,0.0,0.0,0.4746781885623932,-2425.300048828125,-2415.0,133.29017639160156,-2705.659912109375,-2667.10009765625,-2590.10009765625,-2497.25,-2415.0,-2335.5,-2267.0,-2229.5,-2153.83984375
5488,-2425.300048828125,0.0,0.0,0.4636044502258301,-2425.300048828125,-2415.0,133.29017639160156,-2705.659912109375,-2667.10009765625,-2590.10009765625,-2497.25,-2415.0,-2335.5,-2267.0,-2229.5,-2153.83984375
5496,-2425.43994140625,0.0,0.0,0.4644100069999695,-2425.43994140625,-2415.0,133.20362854003906,-2705.659912109375,-2667.10009765625,-2590.10009765625,-2497.25,-2415.0,-2338.5,-2267.0,-2229.5,-2153.83984375
5504,-2425.5400390625,0.0,0.0,0.4656696319580078,-2425.5400390625,-2415.0,133.24620056152344,-2705.659912109375,-2667.10009765625,-2590.10009765625,-2497.25,-2415.0,-2338.5,-2267.0,-2229.5,-2155.800048828125
5512,-2425.5400390625,0.0,0.0,0.4504072070121765,-2425.5400390625,-2415.0,133.24620056152344,-2705.659912109375,-2667.10009765625,-2590.10009765625,-2497.25,-2415.0,-2338.5,-2267.0,-2229.5,-2155.800048828125
5520,-2425.739990234375,0.0,0.0,0.47488805651664734,-2425.739990234375,-2415.0,133.218505859375,-2705.659912109375,-2667.10009765625,-2590.300048828125,-2497.25,-2415.0,-2342.25,-2267.0,-2229.5,-2155.800048828125
5528,-2425.739990234375,0.0,0.0,0.46980252861976624,-2425.739990234375,-2415.0,133.218505859375,-2705.659912109375,-2667.10009765625,-2590.300048828125,-2497.25,-2415.0,-2342.25,-2267.0,-2229.5,-2155.800048828125
5536,-2425.81982421875,0.0,0.0,0.4663473069667816,-2425.820068359375,-2415.0,133.19717407226562,-2705.659912109375,-2667.10009765625,-2590.300048828125,-2497.25,-2415.0,-2342.25,-2267.0,-2229.5,-2155.800048828125
5544,-2425.919921875,0.0,0.0,0.46332693099975586,-2425.919921875,-2415.0,133.24156188964844,-2705.659912109375,-2667.10009765625,-2590.300048828125,-2497.25,-2415.0,-2342.25,-2267.0,-2229.5,-2155.800048828125
5552,-2426.079833984375,0.0,0.0,0.4654640853404999,-2426.080078125,-2415.0,133.2928924560547,-2705.659912109375,-2667.10009765625,-2590.300048828125,-2497.25,-2415.0,-2342.25,-2267.0,-2229.5,-2155.800048828125
5560,-2426.260009765625,0.0,0.0,0.45617762207984924,-2426.260009765625,-2415.0,133.2317352294922,-2705.659912109375,-2667.10009765625,-2590.300048828125,-2497.25,-2415.0,-2343.75,-2267.0,-2229.5,-2155.800048828125
5568,-2426.47998046875,0.0,0.0,0.461861252784729,-2426.47998046875,-2415.0,133.45790100097656,-2705.659912109375,-2667.10009765625,-2593.0,-2497.25,-2415.0,-2343.75,-2267.0,-2229.5,-2155.800048828125
5576,-2426.619873046875,0.0,0.0,0.4674304723739624,-2426.6201171875,-2415.0,133.79153442382812,-2705.93994140625,-2667.10009765625,-2593.0,-2497.25,-2415.0,-2343.75,-2267.0,-2229.5,-2155.800048828125
5584,-2426.639892578125,0.0,0.0,0.4552451968193054,-2426.639892578125,-2415.0,133.79129028320312,-2705.93994140625,-2667.10009765625,-2593.0,-2497.25,-2415.0,-2343.75,-2267.0,-2229.5,-2155.800048828125
5592,-2426.679931640625,0.0,0.0,0.43999794125556946,-2426.679931640625,-2415.0,133.80364990234375,-2705.93994140625,-2667.10009765625,-2593.0,-2497.25,-2415.0,-2343.75,-2267.0,-2229.5,-2155.800048828125
5600,-2426.780029296875,0.0,0.0,0.4433196783065796,-2426.780029296875,-2415.0,133.81251525878906,-2705.93994140625,-2667.10009765625,-2593.0,-2497.25,-2415.0,-2343.75,-2267.0,-2229.5,-2155.800048828125
5608,-2426.780029296875,0.0,0.0,0.446967750787735,-2426.780029296875,-2415.0,133.81251525878906,-2705.93994140625,-2667.10009765625,-2593.0,-2497.25,-2415.0,-2343.75,-2267.0,-2229.5,-2155.800048828125
5616,-2426.8798828125,0.0,0.0,0.42358526587486267,-2426.8798828125,-2416.0,133.7867889404297,-2705.93994140625,-2667.10009765625,-2593.0,-2497.25,-2416.0,-2343.75,-2267.0,-2229.5,-2155.800048828125
5624,-2426.919921875,0.0,0.0,0.43106377124786377,-2426.919921875,-2416.0,133.79161071777344,-2705.93994140625,-2667.10009765625,-2593.0,-2497.25,-2416.0,-2343.75,-2267.0,-2229.5,-2155.800048828125
5632,-2427.06005859375,0.0,0.0,0.4258047342300415,-2427.06005859375,-2416.0,133.74078369140625,-2705.93994140625,-2667.10009765625,-2593.0,-2497.25,-2416.0,-2343.75,-2267.0,-2229.5,-2155.800048828125
5640,-2427.099853515625,0.0,0.0,0.42829886078834534,-2427.10009765625,-2416.0,133.67942810058594,-2705.93994140625,-2667.10009765625,-2593.0,-2497.25,-2416.0,-2343.75,-2267.0,-2229.699951171875,-2155.800048828125
5648,-2427.139892578125,0.0,0.0,0.4433763027191162,-2427.139892578125,-2416.0,133.66802978515625,-2705.93994140625,-2667.10009765625,-2593.0,-2497.25,-2416.0,-2343.75,-2267.0,-2229.699951171875,-2155.800048828125
5656,-2427.139892578125,0.0,0.0,0.4449540674686432,-2427.139892578125,-2416.0,133.66802978515625,-2705.93994140625,-2667.10009765625,-2593.0,-2497.25,-2416.0,-2343.75,-2267.0,-2229.699951171875,-2155.800048828125
5664,-2427.579833984375,0.0,0.0,0.42900848388671875,-2427.580078125,-2416.0,133.37924194335938,-2705.93994140625,-2667.10009765625,-2593.0,-2497.25,-2416.0,-2346.0,-2267.0,-2229.699951171875,-2155.800048828125
5672,-2427.89990234375,0.0,0.0,0.41257843375205994,-2427.89990234375,-2416.0,133.55010986328125,-2705.93994140625,-2667.10009765625,-2593.0,-2497.25,-2416.0,-2346.0,-2267.0,-2229.699951171875,-2155.800048828125
5680,-2427.93994140625,0.0,0.0,0.40381887555122375,-2427.93994140625,-2416.0,133.60311889648438,-2705.93994140625,-2667.10009765625,-2593.0,-2497.25,-2416.0,-2346.0,-2267.0,-2229.699951171875,-2155.800048828125
5688,-2427.93994140625,0.0,0.0,0.4137476980686188,-2427.93994140625,-2416.0,133.60311889648438,-2705.93994140625,-2667.10009765625,-2593.0,-2497.25,-2416.0,-2346.0,-2267.0,-2229.699951171875,-2155.800048828125
5696,-2427.97998046875,0.0,0.0,0.41864416003227234,-2427.97998046875,-2416.0,133.6486358642578,-2705.93994140625,-2667.10009765625,-2593.0,-2497.25,-2416.0,-2346.0,-2267.0,-2229.699951171875,-2155.800048828125
5704,-2427.97998046875,0.0,0.0,0.40441030263900757,-2427.97998046875,-2416.0,133.6486358642578,-2705.93994140625,-2667.10009765625,-2593.0,-2497.25,-2416.0,-2346.0,-2267.0,-2229.699951171875,-2155.800048828125
5712,-2428.079833984375,0.0,0.0,0.40464162826538086,-2428.080078125,-2416.0,133.64353942871094,-2705.93994140625,-2667.10009765625,-2593.0,-2498.0,-2416.0,-2346.0,-2267.0,-2229.699951171875,-2155.800048828125
5720,-2428.099853515625,0.0,0.0,0.4043946862220764,-2428.10009765625,-2416.0,133.62794494628906,-2705.93994140625,-2667.10009765625,-2593.0,-2498.0,-2416.0,-2346.0,-2267.0,-2229.699951171875,-2155.800048828125
5728,-2428.3798828125,0.0,0.0,0.4109894335269928,-2428.3798828125,-2417.0,133.55857849121094,-2705.93994140625,-2667.10009765625,-2593.0,-2498.0,-2417.0,-2346.0,-2267.0,-2229.699951171875,-2155.800048828125
5736,-2428.4599609375,0.0,0.0,0.4057881832122803,-2428.4599609375,-2417.0,133.51939392089844,-2705.93994140625,-2667.10009765625,-2593.0,-2498.0,-2417.0,-2346.0,-2267.0,-2229.699951171875,-2155.800048828125
5744,-2428.56005859375,0.0,0.0,0.4090389907360077,-2428.56005859375,-2417.0,133.46282958984375,-2705.93994140625,-2667.10009765625,-2593.0,-2498.0,-2417.0,-2346.0,-2267.0,-2229.699951171875,-2155.800048828125
5752,-2428.56005859375,0.0,0.0,0.40970614552497864,-2428.56005859375,-2417.0,133.46282958984375,-2705.93994140625,-2667.10009765625,-2593.0,-2498.0,-2417.0,-2346.0,-2267.0,-2229.699951171875,-2155.800048828125
5760,-2428.56005859375,0.0,0.0,0.40121912956237793,-2428.56005859375,-2417.0,133.46282958984375,-2705.93994140625,-2667.10009765625,-2593.0,-2498.0,-2417.0,-2346.0,-2267.0,-2229.699951171875,-2155.800048828125
5768,-2428.56005859375,0.0,0.0,0.4066373407840729,-2428.56005859375,-2417.0,133.46282958984375,-2705.93994140625,-2667.10009765625,-2593.0,-2498.0,-2417.0,-2346.0,-2267.0,-2229.699951171875,-2155.800048828125
5776,-2428.83984375,0.0,0.0,0.40776991844177246,-2428.840087890625,-2417.0,133.3784637451172,-2705.93994140625,-2667.10009765625,-2593.0,-2498.0,-2417.0,-2349.25,-2267.0,-2229.699951171875,-2155.800048828125
5784,-2428.85986328125,0.0,0.0,0.4202544391155243,-2428.860107421875,-2417.0,133.3726348876953,-2705.93994140625,-2667.10009765625,-2593.0,-2498.0,-2417.0,-2349.25,-2267.0,-2229.699951171875,-2155.800048828125
5792,-2428.9599609375,0.0,0.0,0.4165847599506378,-2428.9599609375,-2417.0,133.27069091796875,-2705.93994140625,-2667.10009765625,-2593.0,-2498.0,-2417.0,-2349.25,-2268.800048828125,-2229.699951171875,-2155.800048828125
5800,-2428.9599609375,0.0,0.0,0.4082655608654022,-2428.9599609375,-2417.0,133.27069091796875,-2705.93994140625,-2667.10009765625,-2593.0,-2498.0,-2417.0,-2349.25,-2268.800048828125,-2229.699951171875,-2155.800048828125
5808,-2429.0400390625,0.0,0.0,0.40933722257614136,-2429.0400390625,-2417.0,133.29409790039062,-2705.93994140625,-2667.10009765625,-2593.0,-2498.0,-2417.0,-2349.25,-2268.800048828125,-2229.699951171875,-2155.800048828125
5816,-2429.079833984375,0.0,0.0,0.4043020009994507,-2429.080078125,-2417.0,133.26136779785156,-2705.93994140625,-2667.10009765625,-2593.0,-2498.0,-2417.0,-2349.25,-2268.800048828125,-2229.699951171875,-2155.800048828125
5824,-2429.079833984375,0.0,0.0,0.39452069997787476,-2429.080078125,-2417.0,133.26136779785156,-2705.93994140625,-2667.10009765625,-2593.0,-2498.0,-2417.0,-2349.25,-2268.800048828125,-2229.699951171875,-2155.800048828125
5832,-2429.219970703125,0.0,0.0,0.40667441487312317,-2429.219970703125,-2418.0,133.22669982910156,-2705.93994140625,-2667.10009765625,-2593.0,-2498.0,-2418.0,-2349.25,-2268.800048828125,-2229.699951171875,-2155.800048828125
5840,-2429.239990234375,0.0,0.0,0.40533682703971863,-2429.239990234375,-2418.0,133.19692993164062,-2705.93994140625,-2667.10009765625,-2593.0,-2498.0,-2418.0,-2349.25,-2268.800048828125,-2231.60009765625,-2155.800048828125
5848,-2429.31982421875,0.0,0.0,0.39948180317878723,-2429.320068359375,-2418.0,133.12002563476562,-2705.93994140625,-2667.10009765625,-2593.0,-2498.0,-2418.0,-2349.25,-2269.39990234375,-2231.60009765625,-2155.800048828125
5856,-2429.3798828125,0.0,0.0,0.3993074595928192,-2429.3798828125,-2418.0,133.09776306152344,-2705.93994140625,-2667.10009765625,-2593.0,-2498.0,-2418.0,-2349.25,-2269.39990234375,-2231.60009765625,-2155.800048828125
5864,-2429.52001953125,0.0,0.0,0.40371328592300415,-2429.52001953125,-2418.0,133.04739379882812,-2705.93994140625,-2667.10009765625,-2593.0,-2498.0,-2418.0,-2349.25,-2269.39990234375,-2231.60009765625,-2155.800048828125
5872,-2429.579833984375,0.0,0.0,0.3898474872112274,-2429.580078125,-2418.0,133.0778045654297,-2705.93994140625,-2667.10009765625,-2593.0,-2500.25,-2418.0,-2349.25,-2269.39990234375,-2231.60009765625,-2155.800048828125
5880,-2429.699951171875,0.0,0.0,0.39907675981521606,-2429.699951171875,-2418.0,133.0492706298828,-2705.93994140625,-2667.10009765625,-2593.0,-2500.25,-2418.0,-2349.25,-2269.39990234375,-2231.60009765625,-2155.800048828125
5888,-2429.699951171875,0.0,0.0,0.38536325097084045,-2429.699951171875,-2418.0,133.0492706298828,-2705.93994140625,-2667.10009765625,-2593.0,-2500.25,-2418.0,-2349.25,-2269.39990234375,-2231.60009765625,-2155.800048828125
5896,-2429.699951171875,0.0,0.0,0.37462782859802246,-2429.699951171875,-2418.0,133.0492706298828,-2705.93994140625,-2667.10009765625,-2593.0,-2500.25,-2418.0,-2349.25,-2269.39990234375,-2231.60009765625,-2155.800048828125
5904,-2429.699951171875,0.0,0.0,0.3745777904987335,-2429.699951171875,-2418.0,133.0492706298828,-2705.93994140625,-2667.10009765625,-2593.0,-2500.25,-2418.0,-2349.25,-2269.39990234375,-2231.60009765625,-2155.800048828125
5912,-2429.800048828125,0.0,0.0,0.3665969669818878,-2429.800048828125,-2418.0,133.04721069335938,-2705.93994140625,-2667.10009765625,-2593.0,-2500.25,-2418.0,-2349.25,-2269.39990234375,-2231.60009765625,-2155.800048828125
5920,-2429.81982421875,0.0,0.0,0.3644356429576874,-2429.820068359375,-2418.0,133.06602478027344,-2705.93994140625,-2667.10009765625,-2593.0,-2500.25,-2418.0,-2349.25,-2269.39990234375,-2231.60009765625,-2155.800048828125
5928,-2429.83984375,0.0,0.0,0.36454424262046814,-2429.840087890625,-2418.0,133.0426025390625,-2705.93994140625,-2667.10009765625,-2593.0,-2500.25,-2418.0,-2349.25,-2269.39990234375,-2231.60009765625,-2155.800048828125
5936,-2429.83984375,0.0,0.0,0.3658450245857239,-2429.840087890625,-2418.0,133.0426025390625,-2705.93994140625,-2667.10009765625,-2593.0,-2500.25,-2418.0,-2349.25,-2269.39990234375,-2231.60009765625,-2155.800048828125
5944,-2429.93994140625,0.0,0.0,0.35950347781181335,-2429.93994140625,-2418.0,133.0126190185547,-2705.93994140625,-2667.10009765625,-2593.0,-2500.25,-2418.0,-2349.25,-2269.39990234375,-2231.60009765625,-2155.800048828125
5952,-2430.079833984375,0.0,0.0,0.3628978729248047,-2430.080078125,-2418.0,132.9273223876953,-2705.93994140625,-2667.10009765625,-2593.0,-2500.25,-2418.0,-2349.25,-2269.39990234375,-2231.60009765625,-2155.800048828125
5960,-2430.119873046875,0.0,0.0,0.37177610397338867,-2430.1201171875,-2418.0,132.94264221191406,-2705.93994140625,-2667.10009765625,-2593.0,-2500.25,-2418.0,-2349.25,-2269.39990234375,-2231.60009765625,-2155.800048828125
5968,-2430.199951171875,0.0,0.0,0.37033942341804504,-2430.199951171875,-2418.0,132.89498901367188,-2705.93994140625,-2667.10009765625,-2593.0,-2500.25,-2418.0,-2350.0,-2269.39990234375,-2231.60009765625,-2155.800048828125
5976,-2430.219970703125,0.0,0.0,0.37028372287750244,-2430.219970703125,-2418.0,132.86412048339844,-2705.93994140625,-2667.10009765625,-2593.0,-2500.25,-2418.0,-2350.0,-2269.39990234375,-2231.699951171875,-2155.800048828125
5984,-2430.35986328125,0.0,0.0,0.38173267245292664,-2430.360107421875,-2418.0,132.817138671875,-2705.93994140625,-2667.10009765625,-2593.0,-2500.25,-2418.0,-2350.0,-2269.39990234375,-2231.699951171875,-2155.800048828125
5992,-2430.56005859375,0.0,0.0,0.3819694519042969,-2430.56005859375,-2418.0,132.81689453125,-2705.93994140625,-2667.10009765625,-2593.0,-2500.25,-2418.0,-2350.75,-2269.39990234375,-2231.699951171875,-2155.800048828125
6000,-2430.659912109375,0.0,0.0,0.3855544924736023,-2430.659912109375,-2418.0,132.8236541748047,-2705.93994140625,-2667.10009765625,-2593.0,-2500.25,-2418.0,-2350.75,-2269.39990234375,-2231.699951171875,-2155.800048828125
6008,-2430.85986328125,0.0,0.0,0.37560606002807617,-2430.860107421875,-2418.0,132.67742919921875,-2705.93994140625,-2667.10009765625,-2593.0,-2500.25,-2418.0,-2350.75,-2269.39990234375,-2231.800048828125,-2155.8798828125
6016,-2430.97998046875,0.0,0.0,0.378664493560791,-2430.97998046875,-2418.0,132.61659240722656,-2705.93994140625,-2667.10009765625,-2593.0,-2500.25,-2418.0,-2350.75,-2269.39990234375,-2231.800048828125,-2155.8798828125
6024,-2431.079833984375,0.0,0.0,0.38764822483062744,-2431.080078125,-2418.0,132.57945251464844,-2707.89990234375,-2667.10009765625,-2593.0,-2500.25,-2418.0,-2350.75,-2269.39990234375,-2231.800048828125,-2155.8798828125
6032,-2431.159912109375,0.0,0.0,0.38367271423339844,-2431.159912109375,-2418.0,132.54498291015625,-2707.89990234375,-2667.10009765625,-2593.0,-2500.25,-2418.0,-2350.75,-2269.39990234375,-2231.800048828125,-2155.8798828125
6040,-2431.300048828125,0.0,0.0,0.3562872111797333,-2431.300048828125,-2418.0,132.6007080078125,-2707.89990234375,-2667.10009765625,-2593.0,-2500.25,-2418.0,-2350.75,-2269.39990234375,-2231.800048828125,-2155.8798828125
6048,-2431.300048828125,0.0,0.0,0.34836113452911377,-2431.300048828125,-2418.0,132.6007080078125,-2707.89990234375,-2667.10009765625,-2593.0,-2500.25,-2418.0,-2350.75,-2269.39990234375,-2231.800048828125,-2155.8798828125
6056,-2431.419921875,0.0,0.0,0.35029569268226624,-2431.419921875,-2420.0,132.58590698242188,-2707.89990234375,-2667.10009765625,-2593.0,-2500.25,-2420.0,-2350.75,-2269.39990234375,-2231.800048828125,-2155.8798828125
6064,-2431.5,0.0,0.0,0.3397039771080017,-2431.5,-2420.0,132.54701232910156,-2707.89990234375,-2667.10009765625,-2593.0,-2500.25,-2420.0,-2350.75,-2269.39990234375,-2231.800048828125,-2155.8798828125
6072,-2431.5,0.0,0.0,0.32958099246025085,-2431.5,-2420.0,132.54701232910156,-2707.89990234375,-2667.10009765625,-2593.0,-2500.25,-2420.0,-2350.75,-2269.39990234375,-2231.800048828125,-2155.8798828125
6080,-2431.5400390625,0.0,0.0,0.3323163390159607,-2431.5400390625,-2420.0,132.5693359375,-2707.89990234375,-2667.10009765625,-2593.0,-2500.25,-2420.0,-2350.75,-2269.39990234375,-2231.800048828125,-2155.8798828125
6088,-2431.639892578125,0.0,0.0,0.33924400806427,-2431.639892578125,-2420.0,132.6201629638672,-2707.89990234375,-2667.10009765625,-2593.0,-2501.75,-2420.0,-2350.75,-2269.39990234375,-2231.800048828125,-2155.8798828125
6096,-2431.699951171875,0.0,0.0,0.3411429524421692,-2431.699951171875,-2420.0,132.57553100585938,-2707.89990234375,-2667.10009765625,-2593.0,-2501.75,-2420.0,-2350.75,-2269.39990234375,-2231.800048828125,-2155.8798828125
6104,-2431.800048828125,0.0,0.0,0.3349568247795105,-2431.800048828125,-2420.0,132.694091796875,-2707.89990234375,-2667.10009765625,-2593.10009765625,-2501.75,-2420.0,-2350.75,-2269.39990234375,-2231.800048828125,-2155.8798828125
6112,-2431.81982421875,0.0,0.0,0.33382803201675415,-2431.820068359375,-2420.0,132.6715087890625,-2707.89990234375,-2667.10009765625,-2593.10009765625,-2501.75,-2420.0,-2350.75,-2269.39990234375,-2231.800048828125,-2155.8798828125
6120,-2431.81982421875,0.0,0.0,0.32835379242897034,-2431.820068359375,-2420.0,132.6715087890625,-2707.89990234375,-2667.10009765625,-2593.10009765625,-2501.75,-2420.0,-2350.75,-2269.39990234375,-2231.800048828125,-2155.8798828125
6128,-2431.81982421875,0.0,0.0,0.32337644696235657,-2431.820068359375,-2420.0,132.6715087890625,-2707.89990234375,-2667.10009765625,-2593.10009765625,-2501.75,-2420.0,-2350.75,-2269.39990234375,-2231.800048828125,-2155.8798828125
6136,-2431.89990234375,0.0,0.0,0.31991007924079895,-2431.89990234375,-2420.0,132.6081085205078,-2707.89990234375,-2667.10009765625,-2593.10009765625,-2501.75,-2420.0,-2350.75,-2269.39990234375,-2231.800048828125,-2155.8798828125
6144,-2431.89990234375,0.0,0.0,0.33267539739608765,-2431.89990234375,-2420.0,132.6081085205078,-2707.89990234375,-2667.10009765625,-2593.10009765625,-2501.75,-2420.0,-2350.75,-2269.39990234375,-2231.800048828125,-2155.8798828125
6152,-2431.9599609375,0.0,0.0,0.32536330819129944,-2431.9599609375,-2420.0,132.65005493164062,-2707.89990234375,-2667.10009765625,-2593.10009765625,-2501.75,-2420.0,-2350.75,-2269.39990234375,-2231.800048828125,-2155.8798828125
6160,-2432.0,0.0,0.0,0.3303855061531067,-2432.0,-2421.5,132.64645385742188,-2707.89990234375,-2667.10009765625,-2593.10009765625,-2501.75,-2421.5,-2350.75,-2269.39990234375,-2231.800048828125,-2155.8798828125
6168,-2432.199951171875,0.0,0.0,0.3318740129470825,-2432.199951171875,-2421.5,132.2512664794922,-2707.89990234375,-2667.10009765625,-2593.10009765625,-2501.75,-2421.5,-2350.75,-2269.39990234375,-2231.800048828125,-2173.52001953125
6176,-2432.199951171875,0.0,0.0,0.3359672427177429,-2432.199951171875,-2421.5,132.2512664794922,-2707.89990234375,-2667.10009765625,-2593.10009765625,-2501.75,-2421.5,-2350.75,-2269.39990234375,-2231.800048828125,-2173.52001953125
6184,-2432.199951171875,0.0,0.0,0.34147560596466064,-2432.199951171875,-2421.5,132.2512664794922,-2707.89990234375,-2667.10009765625,-2593.10009765625,-2501.75,-2421.5,-2350.75,-2269.39990234375,-2231.800048828125,-2173.52001953125
6192,-2432.300048828125,0.0,0.0,0.3354446291923523,-2432.300048828125,-2421.5,132.36370849609375,-2707.89990234375,-2667.10009765625,-2593.10009765625,-2501.75,-2421.5,-2350.75,-2269.39990234375,-2231.800048828125,-2173.52001953125
6200,-2432.5,0.0,0.0,0.3282333314418793,-2432.5,-2421.5,132.3990478515625,-2707.89990234375,-2667.10009765625,-2593.10009765625,-2504.25,-2421.5,-2350.75,-2269.39990234375,-2231.800048828125,-2173.52001953125
6208,-2432.5,0.0,0.0,0.33785268664360046,-2432.5,-2421.5,132.3990478515625,-2707.89990234375,-2667.10009765625,-2593.10009765625,-2504.25,-2421.5,-2350.75,-2269.39990234375,-2231.800048828125,-2173.52001953125
6216,-2432.599853515625,0.0,0.0,0.35114333033561707,-2432.60009765625,-2421.5,132.32989501953125,-2707.89990234375,-2667.10009765625,-2593.10009765625,-2504.25,-2421.5,-2350.75,-2269.39990234375,-2231.800048828125,-2173.52001953125
6224,-2433.599853515625,0.0,0.0,0.3482053279876709,-2433.60009765625,-2421.5,130.7548828125,-2707.89990234375,-2667.10009765625,-2593.10009765625,-2504.25,-2421.5,-2350.75,-2269.39990234375,-2233.89990234375,-2219.079833984375
6232,-2433.760009765625,0.0,0.0,0.32593703269958496,-2433.760009765625,-2421.5,130.7327880859375,-2707.89990234375,-2667.10009765625,-2593.10009765625,-2504.25,-2421.5,-2350.75,-2269.39990234375,-2233.89990234375,-2219.079833984375
6240,-2433.760009765625,0.0,0.0,0.3437515199184418,-2433.760009765625,-2421.5,130.7327880859375,-2707.89990234375,-2667.10009765625,-2593.10009765625,-2504.25,-2421.5,-2350.75,-2269.39990234375,-2233.89990234375,-2219.079833984375
6248,-2433.800048828125,0.0,0.0,0.340396910905838,-2433.800048828125,-2421.5,130.69918823242188,-2707.89990234375,-2667.10009765625,-2593.10009765625,-2504.25,-2421.5,-2350.75,-2269.39990234375,-2233.89990234375,-2219.079833984375
6256,-2433.89990234375,0.0,0.0,0.34797942638397217,-2433.89990234375,-2421.5,130.640380859375,-2707.89990234375,-2667.10009765625,-2593.10009765625,-2504.25,-2421.5,-2350.75,-2269.39990234375,-2233.89990234375,-2219.079833984375
6264,-2433.97998046875,0.0,0.0,0.3400132358074188,-2433.97998046875,-2421.5,130.7007293701172,-2711.820068359375,-2667.10009765625,-2593.10009765625,-2504.25,-2421.5,-2350.75,-2269.39990234375,-2233.89990234375,-2219.079833984375
6272,-2434.06005859375,0.0,0.0,0.33542564511299133,-2434.06005859375,-2421.5,130.66888427734375,-2711.820068359375,-2667.10009765625,-2593.10009765625,-2504.25,-2421.5,-2350.75,-2269.39990234375,-2233.89990234375,-2219.079833984375
6280,-2434.06005859375,0.0,0.0,0.3418477475643158,-2434.06005859375,-2421.5,130.66888427734375,-2711.820068359375,-2667.10009765625,-2593.10009765625,-2504.25,-2421.5,-2350.75,-2269.39990234375,-2233.89990234375,-2219.079833984375
6288,-2434.06005859375,0.0,0.0,0.34358495473861694,-2434.06005859375,-2421.5,130.66888427734375,-2711.820068359375,-2667.10009765625,-2593.10009765625,-2504.25,-2421.5,-2350.75,-2269.39990234375,-2233.89990234375,-2219.079833984375
6296,-2434.06005859375,0.0,0.0,0.3384939432144165,-2434.06005859375,-2421.5,130.66888427734375,-2711.820068359375,-2667.10009765625,-2593.10009765625,-2504.25,-2421.5,-2350.75,-2269.39990234375,-2233.89990234375,-2219.079833984375
6304,-2434.06005859375,0.0,0.0,0.3405102789402008,-2434.06005859375,-2421.5,130.66888427734375,-2711.820068359375,-2667.10009765625,-2593.10009765625,-2504.25,-2421.5,-2350.75,-2269.39990234375,-2233.89990234375,-2219.079833984375
6312,-2434.06005859375,0.0,0.0,0.33017387986183167,-2434.06005859375,-2421.5,130.66888427734375,-2711.820068359375,-2667.10009765625,-2593.10009765625,-2504.25,-2421.5,-2350.75,-2269.39990234375,-2233.89990234375,-2219.079833984375
6320,-2434.079833984375,0.0,0.0,0.31159934401512146,-2434.080078125,-2421.5,130.66229248046875,-2711.820068359375,-2667.10009765625,-2593.10009765625,-2504.25,-2421.5,-2350.75,-2269.39990234375,-2233.89990234375,-2219.079833984375
6328,-2434.099853515625,0.0,0.0,0.3130713701248169,-2434.10009765625,-2422.5,130.6604461669922,-2711.820068359375,-2667.10009765625,-2593.10009765625,-2504.25,-2422.5,-2350.75,-2269.39990234375,-2233.89990234375,-2219.079833984375
6336,-2434.139892578125,0.0,0.0,0.32944464683532715,-2434.139892578125,-2422.5,130.67050170898438,-2711.820068359375,-2667.10009765625,-2593.10009765625,-2504.25,-2422.5,-2350.75,-2269.39990234375,-2233.89990234375,-2219.079833984375
6344,-2434.179931640625,0.0,0.0,0.3220779597759247,-2434.179931640625,-2422.5,130.620849609375,-2711.820068359375,-2667.10009765625,-2593.10009765625,-2504.25,-2422.5,-2350.75,-2269.39990234375,-2233.89990234375,-2219.079833984375
6352,-2434.219970703125,0.0,0.0,0.32594528794288635,-2434.219970703125,-2422.5,130.6146697998047,-2711.820068359375,-2667.10009765625,-2593.10009765625,-2504.25,-2422.5,-2350.75,-2271.199951171875,-2233.89990234375,-2219.079833984375
6360,-2434.219970703125,0.0,0.0,0.3252387046813965,-2434.219970703125,-2422.5,130.6146697998047,-2711.820068359375,-2667.10009765625,-2593.10009765625,-2504.25,-2422.5,-2350.75,-2271.199951171875,-2233.89990234375,-2219.079833984375
6368,-2434.219970703125,0.0,0.0,0.3130302429199219,-2434.219970703125,-2422.5,130.6146697998047,-2711.820068359375,-2667.10009765625,-2593.10009765625,-2504.25,-2422.5,-2350.75,-2271.199951171875,-2233.89990234375,-2219.079833984375
6376,-2434.219970703125,0.0,0.0,0.31442341208457947,-2434.219970703125,-2422.5,130.6146697998047,-2711.820068359375,-2667.10009765625,-2593.10009765625,-2504.25,-2422.5,-2350.75,-2271.199951171875,-2233.89990234375,-2219.079833984375
6384,-2434.239990234375,0.0,0.0,0.30653080344200134,-2434.239990234375,-2422.5,130.61416625976562,-2711.820068359375,-2667.10009765625,-2593.10009765625,-2504.25,-2422.5,-2350.75,-2271.199951171875,-2233.89990234375,-2219.079833984375
6392,-2434.31982421875,0.0,0.0,0.30189961194992065,-2434.320068359375,-2422.5,130.59884643554688,-2711.820068359375,-2667.10009765625,-2593.10009765625,-2504.25,-2422.5,-2350.75,-2271.199951171875,-2233.89990234375,-2219.079833984375
6400,-2434.31982421875,0.0,0.0,0.3137371242046356,-2434.320068359375,-2422.5,130.59884643554688,-2711.820068359375,-2667.10009765625,-2593.10009765625,-2504.25,-2422.5,-2350.75,-2271.199951171875,-2233.89990234375,-2219.079833984375
6408,-2434.3798828125,0.0,0.0,0.3039012551307678,-2434.3798828125,-2422.5,130.6735382080078,-2711.820068359375,-2667.10009765625,-2593.60009765625,-2504.25,-2422.5,-2350.75,-2271.199951171875,-2233.89990234375,-2219.079833984375
6416,-2434.5,0.0,0.0,0.2998388707637787,-2434.5,-2422.5,130.71139526367188,-2711.820068359375,-2667.10009765625,-2593.60009765625,-2504.25,-2422.5,-2350.75,-2271.199951171875,-2233.89990234375,-2219.079833984375
6424,-2434.5400390625,0.0,0.0,0.3017679452896118,-2434.5400390625,-2422.5,130.6524658203125,-2711.820068359375,-2667.10009765625,-2593.60009765625,-2504.25,-2422.5,-2350.75,-2271.199951171875,-2233.89990234375,-2219.079833984375
6432,-2434.5400390625,0.0,0.0,0.29215705394744873,-2434.5400390625,-2422.5,130.6524658203125,-2711.820068359375,-2667.10009765625,-2593.60009765625,-2504.25,-2422.5,-2350.75,-2271.199951171875,-2233.89990234375,-2219.079833984375
6440,-2434.739990234375,0.0,0.0,0.2938483655452728,-2434.739990234375,-2422.5,130.4354705810547,-2711.820068359375,-2667.10009765625,-2593.60009765625,-2504.25,-2422.5,-2350.75,-2271.199951171875,-2233.89990234375,-2219.079833984375
6448,-2434.760009765625,0.0,0.0,0.28709980845451355,-2434.760009765625,-2422.5,130.43519592285156,-2711.820068359375,-2667.10009765625,-2593.60009765625,-2504.25,-2422.5,-2350.75,-2271.199951171875,-2233.89990234375,-2219.079833984375
6456,-2434.760009765625,0.0,0.0,0.28682005405426025,-2434.760009765625,-2422.5,130.43519592285156,-2711.820068359375,-2667.10009765625,-2593.60009765625,-2504.25,-2422.5,-2350.75,-2271.199951171875,-2233.89990234375,-2219.079833984375
6464,-2434.760009765625,0.0,0.0,0.29512476921081543,-2434.760009765625,-2422.5,130.43519592285156,-2711.820068359375,-2667.10009765625,-2593.60009765625,-2504.25,-2422.5,-2350.75,-2271.199951171875,-2233.89990234375,-2219.079833984375
6472,-2434.760009765625,0.0,0.0,0.29187554121017456,-2434.760009765625,-2422.5,130.43519592285156,-2711.820068359375,-2667.10009765625,-2593.60009765625,-2504.25,-2422.5,-2350.75,-2271.199951171875,-2233.89990234375,-2219.079833984375
6480,-2434.780029296875,0.0,0.0,0.28287190198898315,-2434.780029296875,-2422.5,130.45669555664062,-2711.820068359375,-2667.10009765625,-2593.60009765625,-2504.25,-2422.5,-2350.75,-2271.199951171875,-2233.89990234375,-2219.079833984375
6488,-2434.800048828125,0.0,0.0,0.28159505128860474,-2434.800048828125,-2422.5,130.43711853027344,-2711.820068359375,-2667.10009765625,-2593.60009765625,-2504.25,-2422.5,-2350.75,-2271.199951171875,-2233.89990234375,-2219.079833984375
6496,-2434.8798828125,0.0,0.0,0.2858890891075134,-2434.8798828125,-2422.5,130.5159912109375,-2711.820068359375,-2667.10009765625,-2593.60009765625,-2504.25,-2422.5,-2350.75,-2271.199951171875,-2233.89990234375,-2219.079833984375
6504,-2434.8798828125,0.0,0.0,0.28929468989372253,-2434.8798828125,-2422.5,130.5159912109375,-2711.820068359375,-2667.10009765625,-2593.60009765625,-2504.25,-2422.5,-2350.75,-2271.199951171875,-2233.89990234375,-2219.079833984375
6512,-2434.8798828125,0.0,0.0,0.2833655774593353,-2434.8798828125,-2422.5,130.5159912109375,-2711.820068359375,-2667.10009765625,-2593.60009765625,-2504.25,-2422.5,-2350.75,-2271.199951171875,-2233.89990234375,-2219.079833984375
6520,-2434.8798828125,0.0,0.0,0.28582313656806946,-2434.8798828125,-2422.5,130.5159912109375,-2711.820068359375,-2667.10009765625,-2593.60009765625,-2504.25,-2422.5,-2350.75,-2271.199951171875,-2233.89990234375,-2219.079833984375
6528,-2434.97998046875,0.0,0.0,0.28209200501441956,-2434.97998046875,-2422.5,130.43557739257812,-2711.820068359375,-2667.10009765625,-2593.60009765625,-2504.25,-2422.5,-2350.75,-2271.199951171875,-2233.89990234375,-2219.079833984375
6536,-2434.97998046875,0.0,0.0,0.2802242338657379,-2434.97998046875,-2422.5,130.43557739257812,-2711.820068359375,-2667.10009765625,-2593.60009765625,-2504.25,-2422.5,-2350.75,-2271.199951171875,-2233.89990234375,-2219.079833984375
6544,-2434.97998046875,0.0,0.0,0.2871030867099762,-2434.97998046875,-2422.5,130.43557739257812,-2711.820068359375,-2667.10009765625,-2593.60009765625,-2504.25,-2422.5,-2350.75,-2271.199951171875,-2233.89990234375,-2219.079833984375
6552,-2435.06005859375,0.0,0.0,0.28950831294059753,-2435.06005859375,-2422.5,130.39830017089844,-2711.820068359375,-2667.10009765625,-2593.60009765625,-2504.25,-2422.5,-2350.75,-2271.199951171875,-2233.89990234375,-2219.079833984375
6560,-2435.06005859375,0.0,0.0,0.28903335332870483,-2435.06005859375,-2422.5,130.39830017089844,-2711.820068359375,-2667.10009765625,-2593.60009765625,-2504.25,-2422.5,-2350.75,-2271.199951171875,-2233.89990234375,-2219.079833984375
6568,-2435.06005859375,0.0,0.0,0.3027583062648773,-2435.06005859375,-2422.5,130.39830017089844,-2711.820068359375,-2667.10009765625,-2593.60009765625,-2504.25,-2422.5,-2350.75,-2271.199951171875,-2233.89990234375,-2219.079833984375
6576,-2435.06005859375,0.0,0.0,0.30190274119377136,-2435.06005859375,-2422.5,130.39830017089844,-2711.820068359375,-2667.10009765625,-2593.60009765625,-2504.25,-2422.5,-2350.75,-2271.199951171875,-2233.89990234375,-2219.079833984375
6584,-2435.099853515625,0.0,0.0,0.3005160689353943,-2435.10009765625,-2422.5,130.348876953125,-2711.820068359375,-2667.10009765625,-2593.60009765625,-2504.25,-2422.5,-2350.75,-2271.199951171875,-2233.89990234375,-2221.039794921875
6592,-2435.099853515625,0.0,0.0,0.2920103371143341,-2435.10009765625,-2422.5,130.348876953125,-2711.820068359375,-2667.10009765625,-2593.60009765625,-2504.25,-2422.5,-2350.75,-2271.199951171875,-2233.89990234375,-2221.039794921875
6600,-2435.219970703125,0.0,0.0,0.2847648859024048,-2435.219970703125,-2422.5,130.3777313232422,-2711.820068359375,-2667.10009765625,-2593.60009765625,-2504.25,-2422.5,-2353.75,-2271.199951171875,-2233.89990234375,-2221.039794921875
6608,-2435.260009765625,0.0,0.0,0.2852003276348114,-2435.260009765625,-2422.5,130.36508178710938,-2711.820068359375,-2667.10009765625,-2593.60009765625,-2504.25,-2422.5,-2353.75,-2271.199951171875,-2233.89990234375,-2221.039794921875
6616,-2435.260009765625,0.0,0.0,0.2847278416156769,-2435.260009765625,-2422.5,130.36508178710938,-2711.820068359375,-2667.10009765625,-2593.60009765625,-2504.25,-2422.5,-2353.75,-2271.199951171875,-2233.89990234375,-2221.039794921875
6624,-2435.31982421875,0.0,0.0,0.2945038974285126,-2435.320068359375,-2422.5,130.39071655273438,-2711.820068359375,-2667.10009765625,-2593.60009765625,-2504.25,-2422.5,-2353.75,-2271.199951171875,-2233.89990234375,-2221.039794921875
6632,-2435.31982421875,0.0,0.0,0.2903761565685272,-2435.320068359375,-2422.5,130.39071655273438,-2711.820068359375,-2667.10009765625,-2593.60009765625,-2504.25,-2422.5,-2353.75,-2271.199951171875,-2233.89990234375,-2221.039794921875
6640,-2435.579833984375,0.0,0.0,0.2838400900363922,-2435.580078125,-2422.5,130.24847412109375,-2711.820068359375,-2667.10009765625,-2593.60009765625,-2504.25,-2422.5,-2353.75,-2271.199951171875,-2233.89990234375,-2221.039794921875
6648,-2435.579833984375,0.0,0.0,0.2949976325035095,-2435.580078125,-2422.5,130.24847412109375,-2711.820068359375,-2667.10009765625,-2593.60009765625,-2504.25,-2422.5,-2353.75,-2271.199951171875,-2233.89990234375,-2221.039794921875
6656,-2436.280029296875,0.0,0.0,0.2928478419780731,-2436.280029296875,-2422.5,130.24977111816406,-2711.820068359375,-2669.10009765625,-2593.60009765625,-2504.25,-2422.5,-2355.75,-2271.199951171875,-2233.89990234375,-2221.039794921875
6664,-2436.35986328125,0.0,0.0,0.3011394143104553,-2436.360107421875,-2422.5,130.24220275878906,-2711.820068359375,-2669.10009765625,-2593.60009765625,-2504.25,-2422.5,-2355.75,-2271.199951171875,-2233.89990234375,-2221.039794921875
6672,-2436.3798828125,0.0,0.0,0.29528528451919556,-2436.3798828125,-2422.5,130.2419891357422,-2711.820068359375,-2669.10009765625,-2593.60009765625,-2504.25,-2422.5,-2355.75,-2271.199951171875,-2233.89990234375,-2221.039794921875
6680,-2436.43994140625,0.0,0.0,0.3001652956008911,-2436.43994140625,-2422.5,130.26068115234375,-2711.820068359375,-2669.10009765625,-2593.60009765625,-2504.25,-2422.5,-2355.75,-2271.199951171875,-2233.89990234375,-2221.039794921875
6688,-2436.5400390625,0.0,0.0,0.3082738220691681,-2436.5400390625,-2422.5,130.19749450683594,-2711.820068359375,-2669.10009765625,-2593.60009765625,-2504.25,-2422.5,-2355.75,-2271.199951171875,-2233.89990234375,-2221.039794921875
6696,-2436.579833984375,0.0,0.0,0.305876761674881,-2436.580078125,-2422.5,130.1967010498047,-2711.820068359375,-2669.10009765625,-2593.60009765625,-2504.25,-2422.5,-2355.75,-2271.199951171875,-2233.89990234375,-2221.039794921875
6704,-2436.659912109375,0.0,0.0,0.29346394538879395,-2436.659912109375,-2422.5,130.3087158203125,-2711.820068359375,-2669.10009765625,-2593.60009765625,-2504.25,-2422.5,-2355.75,-2271.199951171875,-2233.89990234375,-2221.039794921875
6712,-2436.659912109375,0.0,0.0,0.29690563678741455,-2436.659912109375,-2422.5,130.3087158203125,-2711.820068359375,-2669.10009765625,-2593.60009765625,-2504.25,-2422.5,-2355.75,-2271.199951171875,-2233.89990234375,-2221.039794921875
6720,-2436.760009765625,0.0,0.0,0.29035282135009766,-2436.760009765625,-2422.5,130.35958862304688,-2711.820068359375,-2669.10009765625,-2593.60009765625,-2504.25,-2422.5,-2355.75,-2271.199951171875,-2233.89990234375,-2221.039794921875
6728,-2436.760009765625,0.0,0.0,0.2951453626155853,-2436.760009765625,-2422.5,130.35958862304688,-2711.820068359375,-2669.10009765625,-2593.60009765625,-2504.25,-2422.5,-2355.75,-2271.199951171875,-2233.89990234375,-2221.039794921875
6736,-2436.760009765625,0.0,0.0,0.29576659202575684,-2436.760009765625,-2422.5,130.35958862304688,-2711.820068359375,-2669.10009765625,-2593.60009765625,-2504.25,-2422.5,-2355.75,-2271.199951171875,-2233.89990234375,-2221.039794921875
6744,-2436.83984375,0.0,0.0,0.31949514150619507,-2436.840087890625,-2422.5,130.3971405029297,-2711.820068359375,-2669.10009765625,-2593.60009765625,-2504.25,-2422.5,-2355.75,-2271.199951171875,-2233.89990234375,-2221.039794921875
6752,-2437.5,0.0,0.0,0.3242049217224121,-2437.5,-2422.5,129.1897430419922,-2711.820068359375,-2669.10009765625,-2593.60009765625,-2504.25,-2422.5,-2356.75,-2271.199951171875,-2233.89990234375,-2221.559814453125
6760,-2437.5,0.0,0.0,0.29594558477401733,-2437.5,-2422.5,129.1897430419922,-2711.820068359375,-2669.10009765625,-2593.60009765625,-2504.25,-2422.5,-2356.75,-2271.199951171875,-2233.89990234375,-2221.559814453125
6768,-2437.579833984375,0.0,0.0,0.29012778401374817,-2437.580078125,-2422.5,129.1144561767578,-2711.820068359375,-2669.10009765625,-2593.60009765625,-2504.25,-2422.5,-2356.75,-2271.199951171875,-2233.89990234375,-2221.559814453125
6776,-2437.719970703125,0.0,0.0,0.28360387682914734,-2437.719970703125,-2422.5,129.27166748046875,-2711.820068359375,-2669.10009765625,-2594.5,-2504.25,-2422.5,-2356.75,-2271.199951171875,-2233.89990234375,-2221.559814453125
6784,-2437.8798828125,0.0,0.0,0.2899889051914215,-2437.8798828125,-2422.5,129.187255859375,-2711.820068359375,-2669.10009765625,-2594.5,-2504.25,-2422.5,-2357.0,-2271.199951171875,-2233.89990234375,-2221.559814453125
6792,-2438.02001953125,0.0,0.0,0.29910415410995483,-2438.02001953125,-2422.5,129.1342010498047,-2711.820068359375,-2669.10009765625,-2594.5,-2504.25,-2422.5,-2357.0,-2273.0,-2233.89990234375,-2221.559814453125
6800,-2438.139892578125,0.0,0.0,0.3020719885826111,-2438.139892578125,-2422.5,129.1787109375,-2711.820068359375,-2669.10009765625,-2594.5,-2504.25,-2422.5,-2357.0,-2273.0,-2233.89990234375,-2221.559814453125
6808,-2438.139892578125,0.0,0.0,0.29225218296051025,-2438.139892578125,-2422.5,129.1787109375,-2711.820068359375,-2669.10009765625,-2594.5,-2504.25,-2422.5,-2357.0,-2273.0,-2233.89990234375,-2221.559814453125
6816,-2438.159912109375,0.0,0.0,0.2759043872356415,-2438.159912109375,-2422.5,129.17559814453125,-2711.820068359375,-2669.10009765625,-2594.5,-2504.25,-2422.5,-2357.0,-2273.0,-2233.89990234375,-2221.559814453125
6824,-2438.159912109375,0.0,0.0,0.2909839451313019,-2438.159912109375,-2422.5,129.17559814453125,-2711.820068359375,-2669.10009765625,-2594.5,-2504.25,-2422.5,-2357.0,-2273.0,-2233.89990234375,-2221.559814453125
6832,-2438.159912109375,0.0,0.0,0.2899838089942932,-2438.159912109375,-2422.5,129.17559814453125,-2711.820068359375,-2669.10009765625,-2594.5,-2504.25,-2422.5,-2357.0,-2273.0,-2233.89990234375,-2221.559814453125
6840,-2438.159912109375,0.0,0.0,0.28402984142303467,-2438.159912109375,-2422.5,129.17559814453125,-2711.820068359375,-2669.10009765625,-2594.5,-2504.25,-2422.5,-2357.0,-2273.0,-2233.89990234375,-2221.559814453125
6848,-2438.219970703125,0.0,0.0,0.2822546362876892,-2438.219970703125,-2422.5,129.17596435546875,-2711.820068359375,-2669.10009765625,-2594.5,-2504.25,-2422.5,-2357.0,-2273.0,-2233.89990234375,-2221.559814453125
6856,-2438.219970703125,0.0,0.0,0.2920033931732178,-2438.219970703125,-2422.5,129.17596435546875,-2711.820068359375,-2669.10009765625,-2594.5,-2504.25,-2422.5,-2357.0,-2273.0,-2233.89990234375,-2221.559814453125
6864,-2438.219970703125,0.0,0.0,0.292013019323349,-2438.219970703125,-2422.5,129.17596435546875,-2711.820068359375,-2669.10009765625,-2594.5,-2504.25,-2422.5,-2357.0,-2273.0,-2233.89990234375,-2221.559814453125
6872,-2438.219970703125,0.0,0.0,0.30696889758110046,-2438.219970703125,-2422.5,129.17596435546875,-2711.820068359375,-2669.10009765625,-2594.5,-2504.25,-2422.5,-2357.0,-2273.0,-2233.89990234375,-2221.559814453125
6880,-2438.219970703125,0.0,0.0,0.3036760091781616,-2438.219970703125,-2422.5,129.17596435546875,-2711.820068359375,-2669.10009765625,-2594.5,-2504.25,-2422.5,-2357.0,-2273.0,-2233.89990234375,-2221.559814453125
6888,-2438.219970703125,0.0,0.0,0.29357844591140747,-2438.219970703125,-2422.5,129.17596435546875,-2711.820068359375,-2669.10009765625,-2594.5,-2504.25,-2422.5,-2357.0,-2273.0,-2233.89990234375,-2221.559814453125
6896,-2438.219970703125,0.0,0.0,0.28971460461616516,-2438.219970703125,-2422.5,129.17596435546875,-2711.820068359375,-2669.10009765625,-2594.5,-2504.25,-2422.5,-2357.0,-2273.0,-2233.89990234375,-2221.559814453125
6904,-2438.219970703125,0.0,0.0,0.2787746787071228,-2438.219970703125,-2422.5,129.17596435546875,-2711.820068359375,-2669.10009765625,-2594.5,-2504.25,-2422.5,-2357.0,-2273.0,-2233.89990234375,-2221.559814453125
6912,-2438.219970703125,0.0,0.0,0.284416526556015,-2438.219970703125,-2422.5,129.17596435546875,-2711.820068359375,-2669.10009765625,-2594.5,-2504.25,-2422.5,-2357.0,-2273.0,-2233.89990234375,-2221.559814453125
6920,-2438.239990234375,0.0,0.0,0.28734323382377625,-2438.239990234375,-2422.5,129.1875457763672,-2711.820068359375,-2669.10009765625,-2594.5,-2504.25,-2422.5,-2357.0,-2273.0,-2233.89990234375,-2221.559814453125
6928,-2438.300048828125,0.0,0.0,0.2793580889701843,-2438.300048828125,-2422.5,129.18975830078125,-2711.820068359375,-2669.10009765625,-2594.5,-2504.25,-2422.5,-2357.0,-2273.0,-2233.89990234375,-2221.559814453125
6936,-2438.300048828125,0.0,0.0,0.2788845896720886,-2438.300048828125,-2422.5,129.18975830078125,-2711.820068359375,-2669.10009765625,-2594.5,-2504.25,-2422.5,-2357.0,-2273.0,-2233.89990234375,-2221.559814453125
6944,-2438.35986328125,0.0,0.0,0.28217217326164246,-2438.360107421875,-2422.5,129.22628784179688,-2711.820068359375,-2669.10009765625,-2594.5,-2504.25,-2422.5,-2357.0,-2273.0,-2233.89990234375,-2221.559814453125
6952,-2438.35986328125,0.0,0.0,0.27428534626960754,-2438.360107421875,-2422.5,129.22628784179688,-2711.820068359375,-2669.10009765625,-2594.5,-2504.25,-2422.5,-2357.0,-2273.0,-2233.89990234375,-2221.559814453125
6960,-2438.43994140625,0.0,0.0,0.2876742482185364,-2438.43994140625,-2422.5,129.31886291503906,-2711.820068359375,-2669.10009765625,-2594.5,-2504.25,-2422.5,-2357.0,-2273.0,-2233.89990234375,-2221.559814453125
6968,-2438.43994140625,0.0,0.0,0.2894977927207947,-2438.43994140625,-2422.5,129.31886291503906,-2711.820068359375,-2669.10009765625,-2594.5,-2504.25,-2422.5,-2357.0,-2273.0,-2233.89990234375,-2221.559814453125
6976,-2438.43994140625,0.0,0.0,0.27334681153297424,-2438.43994140625,-2422.5,129.31886291503906,-2711.820068359375,-2669.10009765625,-2594.5,-2504.25,-2422.5,-2357.0,-2273.0,-2233.89990234375,-2221.559814453125
6984,-2438.5400390625,0.0,0.0,0.2697123885154724,-2438.5400390625,-2422.5,129.26974487304688,-2711.820068359375,-2669.10009765625,-2594.5,-2504.25,-2422.5,-2357.0,-2273.0,-2233.89990234375,-2221.559814453125
6992,-2438.5400390625,0.0,0.0,0.2763175666332245,-2438.5400390625,-2422.5,129.26974487304688,-2711.820068359375,-2669.10009765625,-2594.5,-2504.25,-2422.5,-2357.0,-2273.0,-2233.89990234375,-2221.559814453125
7000,-2438.56005859375,0.0,0.0,0.2720487415790558,-2438.56005859375,-2423.5,129.26734924316406,-2711.820068359375,-2669.10009765625,-2594.5,-2504.25,-2423.5,-2357.0,-2273.0,-2233.89990234375,-2221.559814453125
7008,-2438.579833984375,0.0,0.0,0.2756575047969818,-2438.580078125,-2423.5,129.2305908203125,-2711.820068359375,-2669.10009765625,-2594.5,-2504.25,-2423.5,-2357.0,-2273.0,-2233.89990234375,-2221.599853515625
7016,-2438.619873046875,0.0,0.0,0.25812241435050964,-2438.6201171875,-2423.5,129.21461486816406,-2711.820068359375,-2669.10009765625,-2594.5,-2504.25,-2423.5,-2357.0,-2273.0,-2233.89990234375,-2221.599853515625
7024,-2438.639892578125,0.0,0.0,0.2659676671028137,-2438.639892578125,-2423.5,129.2388153076172,-2711.820068359375,-2669.10009765625,-2596.300048828125,-2504.25,-2423.5,-2357.0,-2273.0,-2233.89990234375,-2221.599853515625
7032,-2438.639892578125,0.0,0.0,0.26562824845314026,-2438.639892578125,-2423.5,129.2388153076172,-2711.820068359375,-2669.10009765625,-2596.300048828125,-2504.25,-2423.5,-2357.0,-2273.0,-2233.89990234375,-2221.599853515625
7040,-2438.639892578125,0.0,0.0,0.2729482650756836,-2438.639892578125,-2423.5,129.2388153076172,-2711.820068359375,-2669.10009765625,-2596.300048828125,-2504.25,-2423.5,-2357.0,-2273.0,-2233.89990234375,-2221.599853515625
7048,-2438.639892578125,0.0,0.0,0.27412325143814087,-2438.639892578125,-2423.5,129.2388153076172,-2711.820068359375,-2669.10009765625,-2596.300048828125,-2504.25,-2423.5,-2357.0,-2273.0,-2233.89990234375,-2221.599853515625
7056,-2438.639892578125,0.0,0.0,0.2682804763317108,-2438.639892578125,-2423.5,129.2388153076172,-2711.820068359375,-2669.10009765625,-2596.300048828125,-2504.25,-2423.5,-2357.0,-2273.0,-2233.89990234375,-2221.599853515625
7064,-2438.639892578125,0.0,0.0,0.2652429938316345,-2438.639892578125,-2423.5,129.2388153076172,-2711.820068359375,-2669.10009765625,-2596.300048828125,-2504.25,-2423.5,-2357.0,-2273.0,-2233.89990234375,-2221.599853515625
7072,-2438.719970703125,0.0,0.0,0.2673739492893219,-2438.719970703125,-2423.5,129.33863830566406,-2711.820068359375,-2669.10009765625,-2599.5,-2504.25,-2423.5,-2357.0,-2273.0,-2233.89990234375,-2221.599853515625
7080,-2438.85986328125,0.0,0.0,0.27179569005966187,-2438.860107421875,-2423.5,129.29556274414062,-2711.820068359375,-2669.10009765625,-2599.5,-2504.25,-2423.5,-2357.0,-2273.0,-2233.89990234375,-2221.599853515625
7088,-2438.85986328125,0.0,0.0,0.2708890736103058,-2438.860107421875,-2423.5,129.29556274414062,-2711.820068359375,-2669.10009765625,-2599.5,-2504.25,-2423.5,-2357.0,-2273.0,-2233.89990234375,-2221.599853515625
7096,-2439.02001953125,0.0,0.0,0.27046772837638855,-2439.02001953125,-2423.5,129.29067993164062,-2711.820068359375,-2669.10009765625,-2599.5,-2504.25,-2423.5,-2357.0,-2273.0,-2233.89990234375,-2221.599853515625
7104,-2439.199951171875,0.0,0.0,0.2736322581768036,-2439.199951171875,-2423.5,129.43893432617188,-2711.820068359375,-2669.10009765625,-2604.199951171875,-2504.25,-2423.5,-2357.75,-2273.0,-2233.89990234375,-2221.599853515625
7112,-2439.199951171875,0.0,0.0,0.25940102338790894,-2439.199951171875,-2423.5,129.43893432617188,-2711.820068359375,-2669.10009765625,-2604.199951171875,-2504.25,-2423.5,-2357.75,-2273.0,-2233.89990234375,-2221.599853515625
7120,-2439.199951171875,0.0,0.0,0.2659965455532074,-2439.199951171875,-2423.5,129.43893432617188,-2711.820068359375,-2669.10009765625,-2604.199951171875,-2504.25,-2423.5,-2357.75,-2273.0,-2233.89990234375,-2221.599853515625
7128,-2439.199951171875,0.0,0.0,0.2607809901237488,-2439.199951171875,-2423.5,129.43893432617188,-2711.820068359375,-2669.10009765625,-2604.199951171875,-2504.25,-2423.5,-2357.75,-2273.0,-2233.89990234375,-2221.599853515625
7136,-2439.280029296875,0.0,0.0,0.2637672424316406,-2439.280029296875,-2423.5,129.5401153564453,-2711.820068359375,-2669.10009765625,-2606.10009765625,-2504.25,-2423.5,-2357.75,-2273.0,-2233.89990234375,-2221.599853515625
7144,-2439.35986328125,0.0,0.0,0.25810056924819946,-2439.360107421875,-2425.5,129.530029296875,-2711.820068359375,-2669.10009765625,-2606.10009765625,-2504.25,-2425.5,-2357.75,-2273.0,-2233.89990234375,-2221.599853515625
7152,-2439.3798828125,0.0,0.0,0.2595890760421753,-2439.3798828125,-2425.5,129.51731872558594,-2711.820068359375,-2669.10009765625,-2606.10009765625,-2504.25,-2425.5,-2358.0,-2273.0,-2233.89990234375,-2221.599853515625
7160,-2439.39990234375,0.0,0.0,0.25636011362075806,-2439.39990234375,-2425.5,129.4993438720703,-2711.820068359375,-2669.10009765625,-2606.10009765625,-2504.25,-2425.5,-2358.0,-2273.0,-2233.89990234375,-2221.599853515625
7168,-2439.39990234375,0.0,0.0,0.259172648191452,-2439.39990234375,-2425.5,129.4993438720703,-2711.820068359375,-2669.10009765625,-2606.10009765625,-2504.25,-2425.5,-2358.0,-2273.0,-2233.89990234375,-2221.599853515625
7176,-2439.39990234375,0.0,0.0,0.25850769877433777,-2439.39990234375,-2425.5,129.4993438720703,-2711.820068359375,-2669.10009765625,-2606.10009765625,-2504.25,-2425.5,-2358.0,-2273.0,-2233.89990234375,-2221.599853515625
7184,-2439.39990234375,0.0,0.0,0.25941020250320435,-2439.39990234375,-2425.5,129.4993438720703,-2711.820068359375,-2669.10009765625,-2606.10009765625,-2504.25,-2425.5,-2358.0,-2273.0,-2233.89990234375,-2221.599853515625
7192,-2439.39990234375,0.0,0.0,0.2671508491039276,-2439.39990234375,-2425.5,129.4993438720703,-2711.820068359375,-2669.10009765625,-2606.10009765625,-2504.25,-2425.5,-2358.0,-2273.0,-2233.89990234375,-2221.599853515625
7200,-2439.43994140625,0.0,0.0,0.26078420877456665,-2439.43994140625,-2425.5,129.51681518554688,-2711.820068359375,-2669.10009765625,-2606.10009765625,-2504.25,-2425.5,-2358.0,-2273.0,-2233.89990234375,-2221.599853515625
7208,-2439.56005859375,0.0,0.0,0.2654644548892975,-2439.56005859375,-2425.5,129.57069396972656,-2711.820068359375,-2669.10009765625,-2606.10009765625,-2504.25,-2425.5,-2358.0,-2273.0,-2233.89990234375,-2221.599853515625
7216,-2439.56005859375,0.0,0.0,0.27594566345214844,-2439.56005859375,-2425.5,129.57069396972656,-2711.820068359375,-2669.10009765625,-2606.10009765625,-2504.25,-2425.5,-2358.0,-2273.0,-2233.89990234375,-2221.599853515625
7224,-2439.639892578125,0.0,0.0,0.2731252908706665,-2439.639892578125,-2425.5,129.62310791015625,-2711.820068359375,-2669.10009765625,-2606.10009765625,-2504.25,-2425.5,-2358.0,-2273.0,-2233.89990234375,-2221.599853515625
7232,-2439.639892578125,0.0,0.0,0.2702615261077881,-2439.639892578125,-2425.5,129.62310791015625,-2711.820068359375,-2669.10009765625,-2606.10009765625,-2504.25,-2425.5,-2358.0,-2273.0,-2233.89990234375,-2221.599853515625
7240,-2440.119873046875,0.0,0.0,0.2553788423538208,-2440.1201171875,-2425.5,130.3546905517578,-2711.820068359375,-2669.10009765625,-2606.10009765625,-2504.25,-2425.5,-2358.0,-2273.0,-2233.89990234375,-2221.599853515625
7248,-2440.139892578125,0.0,0.0,0.25593191385269165,-2440.139892578125,-2425.5,130.36280822753906,-2711.820068359375,-2669.10009765625,-2606.10009765625,-2504.25,-2425.5,-2358.0,-2273.0,-2233.89990234375,-2221.599853515625
7256,-2440.179931640625,0.0,0.0,0.26033449172973633,-2440.179931640625,-2425.5,130.37657165527344,-2711.820068359375,-2669.10009765625,-2606.10009765625,-2504.25,-2425.5,-2358.0,-2273.0,-2233.89990234375,-2221.599853515625
7264,-2440.179931640625,0.0,0.0,0.26602479815483093,-2440.179931640625,-2425.5,130.37657165527344,-2711.820068359375,-2669.10009765625,-2606.10009765625,-2504.25,-2425.5,-2358.0,-2273.0,-2233.89990234375,-2221.599853515625
7272,-2440.31982421875,0.0,0.0,0.26208677887916565,-2440.320068359375,-2425.5,130.4696807861328,-2711.820068359375,-2669.10009765625,-2606.10009765625,-2504.25,-2425.5,-2358.0,-2273.0,-2233.89990234375,-2221.599853515625
7280,-2440.31982421875,0.0,0.0,0.2638213336467743,-2440.320068359375,-2425.5,130.4696807861328,-2711.820068359375,-2669.10009765625,-2606.10009765625,-2504.25,-2425.5,-2358.0,-2273.0,-2233.89990234375,-2221.599853515625
7288,-2440.3798828125,0.0,0.0,0.2714996039867401,-2440.3798828125,-2425.5,130.4957275390625,-2711.820068359375,-2669.10009765625,-2606.10009765625,-2504.25,-2425.5,-2358.0,-2273.0,-2233.89990234375,-2221.599853515625
7296,-2440.5,0.0,0.0,0.27294009923934937,-2440.5,-2425.5,130.31680297851562,-2711.820068359375,-2669.10009765625,-2606.10009765625,-2504.25,-2425.5,-2358.0,-2273.0,-2233.89990234375,-2221.599853515625
7304,-2440.52001953125,0.0,0.0,0.271543025970459,-2440.52001953125,-2425.5,130.30076599121094,-2711.820068359375,-2669.10009765625,-2606.10009765625,-2504.25,-2425.5,-2358.0,-2273.0,-2233.89990234375,-2221.599853515625
7312,-2440.5400390625,0.0,0.0,0.2666982114315033,-2440.5400390625,-2425.5,130.28042602539062,-2711.820068359375,-2669.10009765625,-2606.10009765625,-2504.25,-2425.5,-2358.0,-2273.0,-2233.89990234375,-2221.599853515625
7320,-2440.5400390625,0.0,0.0,0.26494091749191284,-2440.5400390625,-2425.5,130.28042602539062,-2711.820068359375,-2669.10009765625,-2606.10009765625,-2504.25,-2425.5,-2358.0,-2273.0,-2233.89990234375,-2221.599853515625
7328,-2440.5400390625,0.0,0.0,0.25328606367111206,-2440.5400390625,-2425.5,130.28042602539062,-2711.820068359375,-2669.10009765625,-2606.10009765625,-2504.25,-2425.5,-2358.0,-2273.0,-2233.89990234375,-2221.599853515625
7336,-2440.5400390625,0.0,0.0,0.2467479407787323,-2440.5400390625,-2425.5,130.28042602539062,-2711.820068359375,-2669.10009765625,-2606.10009765625,-2504.25,-2425.5,-2358.0,-2273.0,-2233.89990234375,-2221.599853515625
7344,-2440.5400390625,0.0,0.0,0.24188132584095,-2440.5400390625,-2425.5,130.28042602539062,-2711.820068359375,-2669.10009765625,-2606.10009765625,-2504.25,-2425.5,-2358.0,-2273.0,-2233.89990234375,-2221.599853515625
7352,-2440.5400390625,0.0,0.0,0.23822566866874695,-2440.5400390625,-2425.5,130.28042602539062,-2711.820068359375,-2669.10009765625,-2606.10009765625,-2504.25,-2425.5,-2358.0,-2273.0,-2233.89990234375,-2221.599853515625
7360,-2440.719970703125,0.0,0.0,0.23583276569843292,-2440.719970703125,-2426.5,130.25253295898438,-2711.820068359375,-2669.10009765625,-2606.10009765625,-2504.25,-2426.5,-2358.0,-2273.0,-2233.89990234375,-2221.599853515625
7368,-2441.0,0.0,0.0,0.23398204147815704,-2441.0,-2426.5,130.28799438476562,-2711.820068359375,-2669.10009765625,-2606.10009765625,-2505.75,-2426.5,-2358.0,-2273.0,-2233.89990234375,-2221.599853515625
7376,-2441.0,0.0,0.0,0.23385672271251678,-2441.0,-2426.5,130.28799438476562,-2711.820068359375,-2669.10009765625,-2606.10009765625,-2505.75,-2426.5,-2358.0,-2273.0,-2233.89990234375,-2221.599853515625
7384,-2441.219970703125,0.0,0.0,0.23272612690925598,-2441.219970703125,-2426.5,130.38877868652344,-2711.820068359375,-2669.10009765625,-2606.10009765625,-2508.75,-2426.5,-2358.0,-2273.0,-2233.89990234375,-2221.599853515625
7392,-2441.260009765625,0.0,0.0,0.2347247451543808,-2441.260009765625,-2426.5,130.44851684570312,-2711.820068359375,-2669.10009765625,-2606.10009765625,-2508.75,-2426.5,-2358.0,-2273.0,-2233.89990234375,-2221.599853515625
7400,-2441.8798828125,0.0,0.0,0.23125426471233368,-2441.8798828125,-2426.5,130.22897338867188,-2711.820068359375,-2669.10009765625,-2606.10009765625,-2508.75,-2426.5,-2358.0,-2273.0,-2233.89990234375,-2221.599853515625
7408,-2441.8798828125,0.0,0.0,0.23139159381389618,-2441.8798828125,-2426.5,130.22897338867188,-2711.820068359375,-2669.10009765625,-2606.10009765625,-2508.75,-2426.5,-2358.0,-2273.0,-2233.89990234375,-2221.599853515625
7416,-2441.8798828125,0.0,0.0,0.23318222165107727,-2441.8798828125,-2426.5,130.22897338867188,-2711.820068359375,-2669.10009765625,-2606.10009765625,-2508.75,-2426.5,-2358.0,-2273.0,-2233.89990234375,-2221.599853515625
7424,-2441.8798828125,0.0,0.0,0.24074678122997284,-2441.8798828125,-2426.5,130.22897338867188,-2711.820068359375,-2669.10009765625,-2606.10009765625,-2508.75,-2426.5,-2358.0,-2273.0,-2233.89990234375,-2221.599853515625
7432,-2441.919921875,0.0,0.0,0.2492402344942093,-2441.919921875,-2426.5,130.22962951660156,-2711.820068359375,-2669.10009765625,-2606.10009765625,-2508.75,-2426.5,-2358.0,-2273.0,-2233.89990234375,-2221.599853515625
7440,-2442.099853515625,0.0,0.0,0.24597716331481934,-2442.10009765625,-2426.5,130.30421447753906,-2711.820068359375,-2669.10009765625,-2606.10009765625,-2508.75,-2426.5,-2358.0,-2273.0,-2233.89990234375,-2221.599853515625
7448,-2442.179931640625,0.0,0.0,0.23876357078552246,-2442.179931640625,-2426.5,130.2550048828125,-2711.820068359375,-2669.10009765625,-2606.10009765625,-2508.75,-2426.5,-2358.0,-2273.0,-2233.89990234375,-2221.599853515625
7456,-2442.31982421875,0.0,0.0,0.22883091866970062,-2442.320068359375,-2426.5,130.36968994140625,-2711.820068359375,-2669.10009765625,-2606.10009765625,-2508.75,-2426.5,-2358.0,-2273.0,-2233.89990234375,-2221.599853515625
7464,-2442.43994140625,0.0,0.0,0.2314871996641159,-2442.43994140625,-2426.5,130.1814422607422,-2711.820068359375,-2669.10009765625,-2606.10009765625,-2508.75,-2426.5,-2358.0,-2273.0,-2241.60009765625,-2221.599853515625
7472,-2442.599853515625,0.0,0.0,0.2324870228767395,-2442.60009765625,-2426.5,130.11256408691406,-2711.820068359375,-2669.10009765625,-2606.10009765625,-2508.75,-2426.5,-2358.0,-2273.0,-2241.60009765625,-2221.599853515625
7480,-2442.599853515625,0.0,0.0,0.23158961534500122,-2442.60009765625,-2426.5,130.11256408691406,-2711.820068359375,-2669.10009765625,-2606.10009765625,-2508.75,-2426.5,-2358.0,-2273.0,-2241.60009765625,-2221.599853515625
7488,-2442.599853515625,0.0,0.0,0.23217502236366272,-2442.60009765625,-2426.5,130.11256408691406,-2711.820068359375,-2669.10009765625,-2606.10009765625,-2508.75,-2426.5,-2358.0,-2273.0,-2241.60009765625,-2221.599853515625
7496,-2442.599853515625,0.0,0.0,0.23288731276988983,-2442.60009765625,-2426.5,130.11256408691406,-2711.820068359375,-2669.10009765625,-2606.10009765625,-2508.75,-2426.5,-2358.0,-2273.0,-2241.60009765625,-2221.599853515625
7504,-2442.639892578125,0.0,0.0,0.23211543262004852,-2442.639892578125,-2426.5,130.1234588623047,-2711.820068359375,-2669.10009765625,-2606.10009765625,-2508.75,-2426.5,-2358.0,-2273.0,-2241.60009765625,-2221.599853515625
7512,-2442.639892578125,0.0,0.0,0.23131148517131805,-2442.639892578125,-2426.5,130.1234588623047,-2711.820068359375,-2669.10009765625,-2606.10009765625,-2508.75,-2426.5,-2358.0,-2273.0,-2241.60009765625,-2221.599853515625
7520,-2442.639892578125,0.0,0.0,0.23304443061351776,-2442.639892578125,-2426.5,130.1234588623047,-2711.820068359375,-2669.10009765625,-2606.10009765625,-2508.75,-2426.5,-2358.0,-2273.0,-2241.60009765625,-2221.599853515625
7528,-2442.639892578125,0.0,0.0,0.22925350069999695,-2442.639892578125,-2426.5,130.1234588623047,-2711.820068359375,-2669.10009765625,-2606.10009765625,-2508.75,-2426.5,-2358.0,-2273.0,-2241.60009765625,-2221.599853515625
7536,-2442.639892578125,0.0,0.0,0.22687014937400818,-2442.639892578125,-2426.5,130.1234588623047,-2711.820068359375,-2669.10009765625,-2606.10009765625,-2508.75,-2426.5,-2358.0,-2273.0,-2241.60009765625,-2221.599853515625
7544,-2442.659912109375,0.0,0.0,0.23064370453357697,-2442.659912109375,-2426.5,130.10736083984375,-2711.820068359375,-2669.10009765625,-2606.10009765625,-2508.75,-2426.5,-2358.0,-2273.0,-2241.60009765625,-2221.599853515625
7552,-2442.679931640625,0.0,0.0,0.23163524270057678,-2442.679931640625,-2426.5,130.08004760742188,-2711.820068359375,-2669.10009765625,-2606.10009765625,-2508.75,-2426.5,-2358.0,-2273.199951171875,-2241.60009765625,-2221.599853515625
7560,-2442.699951171875,0.0,0.0,0.23678527772426605,-2442.699951171875,-2426.5,130.08163452148438,-2711.820068359375,-2669.10009765625,-2606.10009765625,-2508.75,-2426.5,-2358.0,-2273.199951171875,-2241.60009765625,-2221.599853515625
7568,-2442.699951171875,0.0,0.0,0.2392934411764145,-2442.699951171875,-2426.5,130.08163452148438,-2711.820068359375,-2669.10009765625,-2606.10009765625,-2508.75,-2426.5,-2358.0,-2273.199951171875,-2241.60009765625,-2221.599853515625
7576,-2442.699951171875,0.0,0.0,0.23670615255832672,-2442.699951171875,-2426.5,130.08163452148438,-2711.820068359375,-2669.10009765625,-2606.10009765625,-2508.75,-2426.5,-2358.0,-2273.199951171875,-2241.60009765625,-2221.599853515625
7584,-2442.719970703125,0.0,0.0,0.24177493155002594,-2442.719970703125,-2426.5,130.08229064941406,-2711.820068359375,-2669.10009765625,-2606.10009765625,-2508.75,-2426.5,-2358.0,-2273.199951171875,-2241.60009765625,-2221.599853515625
7592,-2442.739990234375,0.0,0.0,0.23842638731002808,-2442.739990234375,-2426.5,130.0603485107422,-2711.820068359375,-2669.10009765625,-2606.10009765625,-2508.75,-2426.5,-2358.0,-2273.199951171875,-2241.60009765625,-2221.599853515625
7600,-2442.739990234375,0.0,0.0,0.2399744987487793,-2442.739990234375,-2426.5,130.0603485107422,-2711.820068359375,-2669.10009765625,-2606.10009765625,-2508.75,-2426.5,-2358.0,-2273.199951171875,-2241.60009765625,-2221.599853515625
7608,-2442.739990234375,0.0,0.0,0.2554517388343811,-2442.739990234375,-2426.5,130.0603485107422,-2711.820068359375,-2669.10009765625,-2606.10009765625,-2508.75,-2426.5,-2358.0,-2273.199951171875,-2241.60009765625,-2221.599853515625
7616,-2442.800048828125,0.0,0.0,0.23905719816684723,-2442.800048828125,-2426.5,130.01939392089844,-2711.820068359375,-2669.10009765625,-2606.10009765625,-2508.75,-2426.5,-2358.0,-2273.199951171875,-2241.60009765625,-2221.599853515625
7624,-2442.800048828125,0.0,0.0,0.2358187437057495,-2442.800048828125,-2426.5,130.01939392089844,-2711.820068359375,-2669.10009765625,-2606.10009765625,-2508.75,-2426.5,-2358.0,-2273.199951171875,-2241.60009765625,-2221.599853515625
7632,-2442.93994140625,0.0,0.0,0.23275825381278992,-2442.93994140625,-2426.5,129.94874572753906,-2711.820068359375,-2669.10009765625,-2606.10009765625,-2508.75,-2426.5,-2358.75,-2273.199951171875,-2241.60009765625,-2221.599853515625
7640,-2442.93994140625,0.0,0.0,0.2352043092250824,-2442.93994140625,-2426.5,129.94874572753906,-2711.820068359375,-2669.10009765625,-2606.10009765625,-2508.75,-2426.5,-2358.75,-2273.199951171875,-2241.60009765625,-2221.599853515625
7648,-2443.02001953125,0.0,0.0,0.23242521286010742,-2443.02001953125,-2426.5,129.92074584960938,-2711.820068359375,-2669.10009765625,-2606.10009765625,-2508.75,-2426.5,-2358.75,-2273.199951171875,-2241.60009765625,-2221.599853515625
7656,-2443.0400390625,0.0,0.0,0.24511189758777618,-2443.0400390625,-2426.5,129.92166137695312,-2711.820068359375,-2669.10009765625,-2606.10009765625,-2508.75,-2426.5,-2358.75,-2273.199951171875,-2241.60009765625,-2221.599853515625
7664,-2443.079833984375,0.0,0.0,0.2509160041809082,-2443.080078125,-2426.5,129.9650421142578,-2711.820068359375,-2669.10009765625,-2606.10009765625,-2508.75,-2426.5,-2358.75,-2273.199951171875,-2241.60009765625,-2221.599853515625
7672,-2443.219970703125,0.0,0.0,0.24661876261234283,-2443.219970703125,-2426.5,129.97642517089844,-2711.820068359375,-2669.10009765625,-2606.10009765625,-2509.5,-2426.5,-2358.75,-2273.199951171875,-2241.60009765625,-2221.599853515625
7680,-2443.219970703125,0.0,0.0,0.2298620492219925,-2443.219970703125,-2426.5,129.97642517089844,-2711.820068359375,-2669.10009765625,-2606.10009765625,-2509.5,-2426.5,-2358.75,-2273.199951171875,-2241.60009765625,-2221.599853515625
7688,-2443.219970703125,0.0,0.0,0.2216552346944809,-2443.219970703125,-2426.5,129.97642517089844,-2711.820068359375,-2669.10009765625,-2606.10009765625,-2509.5,-2426.5,-2358.75,-2273.199951171875,-2241.60009765625,-2221.599853515625
7696,-2443.239990234375,0.0,0.0,0.22499467432498932,-2443.239990234375,-2426.5,129.97085571289062,-2711.820068359375,-2669.10009765625,-2606.10009765625,-2509.5,-2426.5,-2358.75,-2273.199951171875,-2241.60009765625,-2221.599853515625
7704,-2443.39990234375,0.0,0.0,0.2263764888048172,-2443.39990234375,-2426.5,130.0055389404297,-2711.820068359375,-2669.10009765625,-2606.10009765625,-2509.5,-2426.5,-2358.75,-2273.199951171875,-2241.60009765625,-2221.599853515625
7712,-2443.39990234375,0.0,0.0,0.22677461802959442,-2443.39990234375,-2426.5,130.0055389404297,-2711.820068359375,-2669.10009765625,-2606.10009765625,-2509.5,-2426.5,-2358.75,-2273.199951171875,-2241.60009765625,-2221.599853515625
7720,-2443.39990234375,0.0,0.0,0.22863146662712097,-2443.39990234375,-2426.5,130.0055389404297,-2711.820068359375,-2669.10009765625,-2606.10009765625,-2509.5,-2426.5,-2358.75,-2273.199951171875,-2241.60009765625,-2221.599853515625
7728,-2443.39990234375,0.0,0.0,0.23155055940151215,-2443.39990234375,-2426.5,130.0055389404297,-2711.820068359375,-2669.10009765625,-2606.10009765625,-2509.5,-2426.5,-2358.75,-2273.199951171875,-2241.60009765625,-2221.599853515625
7736,-2443.39990234375,0.0,0.0,0.23088915646076202,-2443.39990234375,-2426.5,130.0055389404297,-2711.820068359375,-2669.10009765625,-2606.10009765625,-2509.5,-2426.5,-2358.75,-2273.199951171875,-2241.60009765625,-2221.599853515625
7744,-2443.419921875,0.0,0.0,0.23667597770690918,-2443.419921875,-2426.5,130.00132751464844,-2711.820068359375,-2669.10009765625,-2606.10009765625,-2509.5,-2426.5,-2358.75,-2273.199951171875,-2241.60009765625,-2221.599853515625
7752,-2443.4599609375,0.0,0.0,0.2360234260559082,-2443.4599609375,-2426.5,129.96517944335938,-2711.820068359375,-2669.10009765625,-2606.10009765625,-2509.5,-2426.5,-2358.75,-2273.199951171875,-2241.60009765625,-2221.599853515625
7760,-2443.4599609375,0.0,0.0,0.2462155520915985,-2443.4599609375,-2426.5,129.96517944335938,-2711.820068359375,-2669.10009765625,-2606.10009765625,-2509.5,-2426.5,-2358.75,-2273.199951171875,-2241.60009765625,-2221.599853515625
7768,-2443.4599609375,0.0,0.0,0.24781744182109833,-2443.4599609375,-2426.5,129.96517944335938,-2711.820068359375,-2669.10009765625,-2606.10009765625,-2509.5,-2426.5,-2358.75,-2273.199951171875,-2241.60009765625,-2221.599853515625
7776,-2443.4599609375,0.0,0.0,0.23853211104869843,-2443.4599609375,-2426.5,129.96517944335938,-2711.820068359375,-2669.10009765625,-2606.10009765625,-2509.5,-2426.5,-2358.75,-2273.199951171875,-2241.60009765625,-2221.599853515625
7784,-2443.4599609375,0.0,0.0,0.24237334728240967,-2443.4599609375,-2426.5,129.96517944335938,-2711.820068359375,-2669.10009765625,-2606.10009765625,-2509.5,-2426.5,-2358.75,-2273.199951171875,-2241.60009765625,-2221.599853515625
7792,-2443.52001953125,0.0,0.0,0.2390560507774353,-2443.52001953125,-2426.5,129.87350463867188,-2711.820068359375,-2669.10009765625,-2606.10009765625,-2509.5,-2426.5,-2358.75,-2273.199951171875,-2243.5,-2221.599853515625
7800,-2443.699951171875,0.0,0.0,0.23607566952705383,-2443.699951171875,-2426.5,129.71873474121094,-2711.820068359375,-2669.10009765625,-2606.10009765625,-2509.5,-2426.5,-2358.75,-2273.199951171875,-2243.5,-2221.599853515625
7808,-2443.81982421875,0.0,0.0,0.23685257136821747,-2443.820068359375,-2426.5,129.85025024414062,-2711.820068359375,-2669.10009765625,-2606.10009765625,-2509.5,-2426.5,-2358.75,-2273.199951171875,-2243.5,-2221.599853515625
7816,-2443.83984375,0.0,0.0,0.24048903584480286,-2443.840087890625,-2426.5,129.89785766601562,-2711.860107421875,-2669.10009765625,-2606.10009765625,-2509.5,-2426.5,-2358.75,-2273.199951171875,-2243.5,-2221.599853515625
7824,-2443.83984375,0.0,0.0,0.24340075254440308,-2443.840087890625,-2426.5,129.89785766601562,-2711.860107421875,-2669.10009765625,-2606.10009765625,-2509.5,-2426.5,-2358.75,-2273.199951171875,-2243.5,-2221.599853515625
7832,-2443.83984375,0.0,0.0,0.23327147960662842,-2443.840087890625,-2426.5,129.89785766601562,-2711.860107421875,-2669.10009765625,-2606.10009765625,-2509.5,-2426.5,-2358.75,-2273.199951171875,-2243.5,-2221.599853515625
7840,-2443.919921875,0.0,0.0,0.22277668118476868,-2443.919921875,-2426.5,129.8505096435547,-2711.860107421875,-2669.10009765625,-2606.10009765625,-2511.25,-2426.5,-2358.75,-2273.199951171875,-2243.5,-2225.52001953125
7848,-2444.139892578125,0.0,0.0,0.22862426936626434,-2444.139892578125,-2426.5,129.410888671875,-2711.860107421875,-2669.10009765625,-2606.10009765625,-2511.25,-2426.5,-2358.75,-2273.199951171875,-2243.5,-2225.52001953125
7856,-2444.239990234375,0.0,0.0,0.22506804764270782,-2444.239990234375,-2426.5,129.47640991210938,-2711.860107421875,-2669.10009765625,-2606.10009765625,-2511.25,-2426.5,-2358.75,-2273.199951171875,-2243.5,-2225.52001953125
7864,-2444.31982421875,0.0,0.0,0.2271404266357422,-2444.320068359375,-2426.5,129.5083770751953,-2711.860107421875,-2669.10009765625,-2606.10009765625,-2511.25,-2426.5,-2358.75,-2273.199951171875,-2243.5,-2225.52001953125
7872,-2444.31982421875,0.0,0.0,0.22240237891674042,-2444.320068359375,-2426.5,129.5083770751953,-2711.860107421875,-2669.10009765625,-2606.10009765625,-2511.25,-2426.5,-2358.75,-2273.199951171875,-2243.5,-2225.52001953125
7880,-2444.3798828125,0.0,0.0,0.2265557497739792,-2444.3798828125,-2426.5,129.49290466308594,-2711.860107421875,-2669.10009765625,-2606.10009765625,-2511.25,-2426.5,-2358.75,-2273.199951171875,-2243.5,-2225.52001953125
7888,-2444.39990234375,0.0,0.0,0.2347886562347412,-2444.39990234375,-2426.5,129.4888458251953,-2711.860107421875,-2669.10009765625,-2606.10009765625,-2511.25,-2426.5,-2358.75,-2273.199951171875,-2243.5,-2225.52001953125
7896,-2444.47998046875,0.0,0.0,0.23919174075126648,-2444.47998046875,-2426.5,129.4416046142578,-2711.860107421875,-2669.10009765625,-2606.10009765625,-2511.25,-2426.5,-2358.75,-2273.199951171875,-2243.5,-2225.52001953125
7904,-2444.56005859375,0.0,0.0,0.24197348952293396,-2444.56005859375,-2426.5,129.364013671875,-2711.860107421875,-2669.10009765625,-2606.10009765625,-2511.25,-2426.5,-2358.75,-2273.199951171875,-2243.5,-2225.52001953125
7912,-2444.639892578125,0.0,0.0,0.23296141624450684,-2444.639892578125,-2426.5,129.5576629638672,-2712.02001953125,-2669.10009765625,-2606.10009765625,-2511.25,-2426.5,-2358.75,-2273.199951171875,-2243.5,-2225.52001953125
7920,-2444.679931640625,0.0,0.0,0.23559924960136414,-2444.679931640625,-2426.5,129.548828125,-2712.02001953125,-2669.10009765625,-2606.10009765625,-2511.25,-2426.5,-2358.75,-2273.199951171875,-2243.5,-2225.52001953125
7928,-2444.81982421875,0.0,0.0,0.22686253488063812,-2444.820068359375,-2426.5,129.62796020507812,-2712.02001953125,-2669.10009765625,-2606.10009765625,-2513.25,-2426.5,-2358.75,-2273.199951171875,-2243.5,-2225.52001953125
7936,-2444.81982421875,0.0,0.0,0.2312116175889969,-2444.820068359375,-2426.5,129.62796020507812,-2712.02001953125,-2669.10009765625,-2606.10009765625,-2513.25,-2426.5,-2358.75,-2273.199951171875,-2243.5,-2225.52001953125
7944,-2444.85986328125,0.0,0.0,0.23603931069374084,-2444.860107421875,-2426.5,129.6202850341797,-2712.02001953125,-2669.10009765625,-2606.10009765625,-2513.25,-2426.5,-2358.75,-2273.199951171875,-2243.5,-2225.52001953125
7952,-2444.93994140625,0.0,0.0,0.22441203892230988,-2444.93994140625,-2426.5,129.65676879882812,-2712.02001953125,-2669.10009765625,-2606.10009765625,-2513.25,-2426.5,-2358.75,-2273.199951171875,-2243.5,-2225.52001953125
7960,-2444.93994140625,0.0,0.0,0.22770264744758606,-2444.93994140625,-2426.5,129.65676879882812,-2712.02001953125,-2669.10009765625,-2606.10009765625,-2513.25,-2426.5,-2358.75,-2273.199951171875,-2243.5,-2225.52001953125
7968,-2445.0,0.0,0.0,0.2334466129541397,-2445.0,-2427.5,129.65585327148438,-2712.02001953125,-2669.10009765625,-2606.10009765625,-2513.25,-2427.5,-2358.75,-2273.199951171875,-2243.5,-2225.52001953125
7976,-2445.0,0.0,0.0,0.239057719707489,-2445.0,-2427.5,129.65585327148438,-2712.02001953125,-2669.10009765625,-2606.10009765625,-2513.25,-2427.5,-2358.75,-2273.199951171875,-2243.5,-2225.52001953125
7984,-2445.0,0.0,0.0,0.2280275672674179,-2445.0,-2427.5,129.65585327148438,-2712.02001953125,-2669.10009765625,-2606.10009765625,-2513.25,-2427.5,-2358.75,-2273.199951171875,-2243.5,-2225.52001953125
7992,-2445.0,0.0,0.0,0.22530101239681244,-2445.0,-2427.5,129.65585327148438,-2712.02001953125,-2669.10009765625,-2606.10009765625,-2513.25,-2427.5,-2358.75,-2273.199951171875,-2243.5,-2225.52001953125
8000,-2445.0,0.0,0.0,0.22773627936840057,-2445.0,-2427.5,129.65585327148438,-2712.02001953125,-2669.10009765625,-2606.10009765625,-2513.25,-2427.5,-2358.75,-2273.199951171875,-2243.5,-2225.52001953125
8008,-2445.0,0.0,0.0,0.21792472898960114,-2445.0,-2427.5,129.65585327148438,-2712.02001953125,-2669.10009765625,-2606.10009765625,-2513.25,-2427.5,-2358.75,-2273.199951171875,-2243.5,-2225.52001953125
8016,-2445.0400390625,0.0,0.0,0.21818381547927856,-2445.0400390625,-2427.5,129.6715850830078,-2712.02001953125,-2669.10009765625,-2606.10009765625,-2513.25,-2427.5,-2358.75,-2273.199951171875,-2243.5,-2225.52001953125
8024,-2445.119873046875,0.0,0.0,0.22342318296432495,-2445.1201171875,-2427.5,129.7085418701172,-2712.02001953125,-2669.10009765625,-2606.10009765625,-2513.25,-2427.5,-2358.75,-2273.199951171875,-2243.5,-2225.52001953125
8032,-2445.139892578125,0.0,0.0,0.2268255203962326,-2445.139892578125,-2427.5,129.7074432373047,-2712.02001953125,-2669.10009765625,-2606.10009765625,-2513.25,-2427.5,-2358.75,-2273.199951171875,-2243.5,-2225.52001953125
8040,-2445.300048828125,0.0,0.0,0.22808361053466797,-2445.300048828125,-2427.5,129.44664001464844,-2712.02001953125,-2669.10009765625,-2606.10009765625,-2513.25,-2427.5,-2358.75,-2273.199951171875,-2243.89990234375,-2227.47998046875
8048,-2445.300048828125,0.0,0.0,0.20982341468334198,-2445.300048828125,-2427.5,129.44664001464844,-2712.02001953125,-2669.10009765625,-2606.10009765625,-2513.25,-2427.5,-2358.75,-2273.199951171875,-2243.89990234375,-2227.47998046875
8056,-2445.35986328125,0.0,0.0,0.21372726559638977,-2445.360107421875,-2428.5,129.4372100830078,-2712.02001953125,-2669.10009765625,-2606.10009765625,-2513.25,-2428.5,-2358.75,-2273.199951171875,-2243.89990234375,-2227.47998046875
8064,-2445.47998046875,0.0,0.0,0.20916154980659485,-2445.47998046875,-2428.5,129.44793701171875,-2712.02001953125,-2669.10009765625,-2606.10009765625,-2513.25,-2428.5,-2358.75,-2273.199951171875,-2243.89990234375,-2227.47998046875
8072,-2445.5400390625,0.0,0.0,0.21819613873958588,-2445.5400390625,-2428.5,129.451416015625,-2712.02001953125,-2669.10009765625,-2606.10009765625,-2513.25,-2428.5,-2358.75,-2273.199951171875,-2243.89990234375,-2227.47998046875
8080,-2445.579833984375,0.0,0.0,0.21887895464897156,-2445.580078125,-2428.5,129.42466735839844,-2712.02001953125,-2669.10009765625,-2606.10009765625,-2513.25,-2428.5,-2360.5,-2273.199951171875,-2243.89990234375,-2227.47998046875
8088,-2445.579833984375,0.0,0.0,0.20045532286167145,-2445.580078125,-2428.5,129.42466735839844,-2712.02001953125,-2669.10009765625,-2606.10009765625,-2513.25,-2428.5,-2360.5,-2273.199951171875,-2243.89990234375,-2227.47998046875
8096,-2445.579833984375,0.0,0.0,0.2019110471010208,-2445.580078125,-2428.5,129.42466735839844,-2712.02001953125,-2669.10009765625,-2606.10009765625,-2513.25,-2428.5,-2360.5,-2273.199951171875,-2243.89990234375,-2227.47998046875
8104,-2445.659912109375,0.0,0.0,0.19464051723480225,-2445.659912109375,-2428.5,129.52622985839844,-2712.02001953125,-2669.10009765625,-2607.699951171875,-2513.25,-2428.5,-2360.5,-2273.199951171875,-2243.89990234375,-2227.47998046875
8112,-2445.659912109375,0.0,0.0,0.19783897697925568,-2445.659912109375,-2428.5,129.52622985839844,-2712.02001953125,-2669.10009765625,-2607.699951171875,-2513.25,-2428.5,-2360.5,-2273.199951171875,-2243.89990234375,-2227.47998046875
8120,-2445.800048828125,0.0,0.0,0.1992742270231247,-2445.800048828125,-2428.5,129.35671997070312,-2712.02001953125,-2669.10009765625,-2607.699951171875,-2513.25,-2428.5,-2360.5,-2273.199951171875,-2243.89990234375,-2227.47998046875
8128,-2445.83984375,0.0,0.0,0.20230939984321594,-2445.840087890625,-2428.5,129.296142578125,-2712.02001953125,-2669.10009765625,-2607.699951171875,-2513.25,-2428.5,-2360.5,-2273.199951171875,-2243.89990234375,-2227.47998046875
8136,-2445.83984375,0.0,0.0,0.20083735883235931,-2445.840087890625,-2428.5,129.296142578125,-2712.02001953125,-2669.10009765625,-2607.699951171875,-2513.25,-2428.5,-2360.5,-2273.199951171875,-2243.89990234375,-2227.47998046875
8144,-2446.199951171875,0.0,0.0,0.18876849114894867,-2446.199951171875,-2432.5,129.29006958007812,-2712.02001953125,-2669.10009765625,-2607.699951171875,-2513.25,-2432.5,-2360.5,-2273.199951171875,-2243.89990234375,-2227.47998046875
8152,-2446.760009765625,0.0,0.0,0.194146528840065,-2446.760009765625,-2432.5,130.1728973388672,-2712.02001953125,-2671.39990234375,-2607.699951171875,-2513.25,-2432.5,-2360.5,-2273.199951171875,-2243.89990234375,-2227.47998046875
8160,-2446.760009765625,0.0,0.0,0.20251873135566711,-2446.760009765625,-2432.5,130.1728973388672,-2712.02001953125,-2671.39990234375,-2607.699951171875,-2513.25,-2432.5,-2360.5,-2273.199951171875,-2243.89990234375,-2227.47998046875
8168,-2446.760009765625,0.0,0.0,0.1998995691537857,-2446.760009765625,-2432.5,130.1728973388672,-2712.02001953125,-2671.39990234375,-2607.699951171875,-2513.25,-2432.5,-2360.5,-2273.199951171875,-2243.89990234375,-2227.47998046875
8176,-2446.760009765625,0.0,0.0,0.1951414793729782,-2446.760009765625,-2432.5,130.1728973388672,-2712.02001953125,-2671.39990234375,-2607.699951171875,-2513.25,-2432.5,-2360.5,-2273.199951171875,-2243.89990234375,-2227.47998046875
8184,-2446.83984375,0.0,0.0,0.19821292161941528,-2446.840087890625,-2432.5,130.17977905273438,-2712.02001953125,-2671.39990234375,-2607.699951171875,-2513.25,-2432.5,-2360.5,-2273.199951171875,-2243.89990234375,-2227.47998046875
8192,-2446.83984375,0.0,0.0,0.2002587914466858,-2446.840087890625,-2432.5,130.17977905273438,-2712.02001953125,-2671.39990234375,-2607.699951171875,-2513.25,-2432.5,-2360.5,-2273.199951171875,-2243.89990234375,-2227.47998046875
8200,-2446.89990234375,0.0,0.0,0.2115047723054886,-2446.89990234375,-2432.5,130.14418029785156,-2712.02001953125,-2671.39990234375,-2607.699951171875,-2513.25,-2432.5,-2360.5,-2273.39990234375,-2243.89990234375,-2227.47998046875
8208,-2446.97998046875,0.0,0.0,0.21238406002521515,-2446.97998046875,-2432.5,130.0784454345703,-2712.02001953125,-2671.39990234375,-2607.699951171875,-2513.25,-2432.5,-2360.5,-2273.39990234375,-2243.89990234375,-2227.47998046875
8216,-2446.97998046875,0.0,0.0,0.20608645677566528,-2446.97998046875,-2432.5,130.0784454345703,-2712.02001953125,-2671.39990234375,-2607.699951171875,-2513.25,-2432.5,-2360.5,-2273.39990234375,-2243.89990234375,-2227.47998046875
8224,-2446.97998046875,0.0,0.0,0.20624591410160065,-2446.97998046875,-2432.5,130.0784454345703,-2712.02001953125,-2671.39990234375,-2607.699951171875,-2513.25,-2432.5,-2360.5,-2273.39990234375,-2243.89990234375,-2227.47998046875
8232,-2446.97998046875,0.0,0.0,0.20632044970989227,-2446.97998046875,-2432.5,130.0784454345703,-2712.02001953125,-2671.39990234375,-2607.699951171875,-2513.25,-2432.5,-2360.5,-2273.39990234375,-2243.89990234375,-2227.47998046875
8240,-2447.079833984375,0.0,0.0,0.20443332195281982,-2447.080078125,-2432.5,130.0738067626953,-2712.02001953125,-2671.39990234375,-2607.699951171875,-2513.25,-2432.5,-2360.5,-2273.39990234375,-2243.89990234375,-2227.47998046875
8248,-2447.31982421875,0.0,0.0,0.19992868602275848,-2447.320068359375,-2432.5,129.82965087890625,-2712.02001953125,-2671.39990234375,-2607.699951171875,-2513.25,-2432.5,-2360.5,-2273.39990234375,-2243.89990234375,-2227.47998046875
8256,-2447.31982421875,0.0,0.0,0.2101118564605713,-2447.320068359375,-2432.5,129.82965087890625,-2712.02001953125,-2671.39990234375,-2607.699951171875,-2513.25,-2432.5,-2360.5,-2273.39990234375,-2243.89990234375,-2227.47998046875
8264,-2447.31982421875,0.0,0.0,0.19420722126960754,-2447.320068359375,-2432.5,129.82965087890625,-2712.02001953125,-2671.39990234375,-2607.699951171875,-2513.25,-2432.5,-2360.5,-2273.39990234375,-2243.89990234375,-2227.47998046875
8272,-2447.31982421875,0.0,0.0,0.19603179395198822,-2447.320068359375,-2432.5,129.82965087890625,-2712.02001953125,-2671.39990234375,-2607.699951171875,-2513.25,-2432.5,-2360.5,-2273.39990234375,-2243.89990234375,-2227.47998046875
8280,-2447.3798828125,0.0,0.0,0.19553504884243011,-2447.3798828125,-2432.5,129.8447265625,-2712.02001953125,-2671.39990234375,-2607.89990234375,-2513.25,-2432.5,-2360.5,-2273.39990234375,-2243.89990234375,-2227.47998046875
8288,-2447.3798828125,0.0,0.0,0.20030133426189423,-2447.3798828125,-2432.5,129.8447265625,-2712.02001953125,-2671.39990234375,-2607.89990234375,-2513.25,-2432.5,-2360.5,-2273.39990234375,-2243.89990234375,-2227.47998046875
8296,-2447.43994140625,0.0,0.0,0.20502570271492004,-2447.43994140625,-2432.5,129.82652282714844,-2712.02001953125,-2671.39990234375,-2607.89990234375,-2513.25,-2432.5,-2360.5,-2273.39990234375,-2243.89990234375,-2227.47998046875
8304,-2447.43994140625,0.0,0.0,0.20783282816410065,-2447.43994140625,-2432.5,129.82652282714844,-2712.02001953125,-2671.39990234375,-2607.89990234375,-2513.25,-2432.5,-2360.5,-2273.39990234375,-2243.89990234375,-2227.47998046875
8312,-2447.56005859375,0.0,0.0,0.20646435022354126,-2447.56005859375,-2432.5,129.82852172851562,-2712.02001953125,-2671.39990234375,-2607.89990234375,-2513.25,-2432.5,-2360.5,-2273.39990234375,-2243.89990234375,-2227.47998046875
8320,-2447.56005859375,0.0,0.0,0.19737106561660767,-2447.56005859375,-2432.5,129.82852172851562,-2712.02001953125,-2671.39990234375,-2607.89990234375,-2513.25,-2432.5,-2360.5,-2273.39990234375,-2243.89990234375,-2227.47998046875
8328,-2447.599853515625,0.0,0.0,0.1903901994228363,-2447.60009765625,-2432.5,129.85699462890625,-2712.02001953125,-2671.39990234375,-2607.89990234375,-2513.25,-2432.5,-2360.5,-2273.39990234375,-2243.89990234375,-2227.47998046875
8336,-2447.719970703125,0.0,0.0,0.19219692051410675,-2447.719970703125,-2434.0,129.83883666992188,-2712.02001953125,-2671.39990234375,-2607.89990234375,-2513.25,-2434.0,-2360.5,-2273.39990234375,-2243.89990234375,-2227.47998046875
8344,-2447.719970703125,0.0,0.0,0.19578996300697327,-2447.719970703125,-2434.0,129.83883666992188,-2712.02001953125,-2671.39990234375,-2607.89990234375,-2513.25,-2434.0,-2360.5,-2273.39990234375,-2243.89990234375,-2227.47998046875
8352,-2447.719970703125,0.0,0.0,0.21657146513462067,-2447.719970703125,-2434.0,129.83883666992188,-2712.02001953125,-2671.39990234375,-2607.89990234375,-2513.25,-2434.0,-2360.5,-2273.39990234375,-2243.89990234375,-2227.47998046875
8360,-2447.81982421875,0.0,0.0,0.20940783619880676,-2447.820068359375,-2434.0,129.8436279296875,-2712.02001953125,-2671.39990234375,-2607.89990234375,-2513.25,-2434.0,-2360.5,-2273.39990234375,-2243.89990234375,-2227.47998046875
8368,-2447.81982421875,0.0,0.0,0.21280387043952942,-2447.820068359375,-2434.0,129.8436279296875,-2712.02001953125,-2671.39990234375,-2607.89990234375,-2513.25,-2434.0,-2360.5,-2273.39990234375,-2243.89990234375,-2227.47998046875
8376,-2447.81982421875,0.0,0.0,0.21963286399841309,-2447.820068359375,-2434.0,129.8436279296875,-2712.02001953125,-2671.39990234375,-2607.89990234375,-2513.25,-2434.0,-2360.5,-2273.39990234375,-2243.89990234375,-2227.47998046875
8384,-2447.81982421875,0.0,0.0,0.22486267983913422,-2447.820068359375,-2434.0,129.8436279296875,-2712.02001953125,-2671.39990234375,-2607.89990234375,-2513.25,-2434.0,-2360.5,-2273.39990234375,-2243.89990234375,-2227.47998046875
8392,-2447.81982421875,0.0,0.0,0.22534587979316711,-2447.820068359375,-2434.0,129.8436279296875,-2712.02001953125,-2671.39990234375,-2607.89990234375,-2513.25,-2434.0,-2360.5,-2273.39990234375,-2243.89990234375,-2227.47998046875
8400,-2447.8798828125,0.0,0.0,0.21191102266311646,-2447.8798828125,-2434.0,129.7748260498047,-2712.02001953125,-2671.39990234375,-2607.89990234375,-2513.25,-2434.0,-2360.5,-2273.39990234375,-2243.89990234375,-2227.47998046875
8408,-2447.919921875,0.0,0.0,0.21772325038909912,-2447.919921875,-2434.0,129.71473693847656,-2712.02001953125,-2671.39990234375,-2607.89990234375,-2513.25,-2434.0,-2360.5,-2273.39990234375,-2243.89990234375,-2227.47998046875
8416,-2447.919921875,0.0,0.0,0.22136272490024567,-2447.919921875,-2434.0,129.71473693847656,-2712.02001953125,-2671.39990234375,-2607.89990234375,-2513.25,-2434.0,-2360.5,-2273.39990234375,-2243.89990234375,-2227.47998046875
8424,-2447.919921875,0.0,0.0,0.2198466956615448,-2447.919921875,-2434.0,129.71473693847656,-2712.02001953125,-2671.39990234375,-2607.89990234375,-2513.25,-2434.0,-2360.5,-2273.39990234375,-2243.89990234375,-2227.47998046875
8432,-2447.919921875,0.0,0.0,0.21961170434951782,-2447.919921875,-2434.0,129.71473693847656,-2712.02001953125,-2671.39990234375,-2607.89990234375,-2513.25,-2434.0,-2360.5,-2273.39990234375,-2243.89990234375,-2227.47998046875
8440,-2447.93994140625,0.0,0.0,0.20410245656967163,-2447.93994140625,-2434.0,129.72677612304688,-2712.02001953125,-2671.39990234375,-2607.89990234375,-2513.25,-2434.0,-2360.5,-2273.39990234375,-2243.89990234375,-2227.47998046875
8448,-2448.079833984375,0.0,0.0,0.20366314053535461,-2448.080078125,-2434.0,129.61123657226562,-2712.02001953125,-2671.39990234375,-2607.89990234375,-2513.25,-2434.0,-2360.5,-2273.39990234375,-2243.89990234375,-2227.47998046875
8456,-2448.079833984375,0.0,0.0,0.2130364626646042,-2448.080078125,-2434.0,129.61123657226562,-2712.02001953125,-2671.39990234375,-2607.89990234375,-2513.25,-2434.0,-2360.5,-2273.39990234375,-2243.89990234375,-2227.47998046875
8464,-2448.079833984375,0.0,0.0,0.21164008975028992,-2448.080078125,-2434.0,129.61123657226562,-2712.02001953125,-2671.39990234375,-2607.89990234375,-2513.25,-2434.0,-2360.5,-2273.39990234375,-2243.89990234375,-2227.47998046875
8472,-2448.119873046875,0.0,0.0,0.22266337275505066,-2448.1201171875,-2434.0,129.6266326904297,-2712.02001953125,-2671.39990234375,-2607.89990234375,-2513.25,-2434.0,-2360.5,-2273.39990234375,-2243.89990234375,-2227.47998046875
8480,-2448.119873046875,0.0,0.0,0.21221473813056946,-2448.1201171875,-2434.0,129.6266326904297,-2712.02001953125,-2671.39990234375,-2607.89990234375,-2513.25,-2434.0,-2360.5,-2273.39990234375,-2243.89990234375,-2227.47998046875
8488,-2448.119873046875,0.0,0.0,0.19800841808319092,-2448.1201171875,-2434.0,129.6266326904297,-2712.02001953125,-2671.39990234375,-2607.89990234375,-2513.25,-2434.0,-2360.5,-2273.39990234375,-2243.89990234375,-2227.47998046875
8496,-2448.280029296875,0.0,0.0,0.19777244329452515,-2448.280029296875,-2434.0,129.49363708496094,-2712.02001953125,-2671.39990234375,-2607.89990234375,-2513.25,-2434.0,-2360.5,-2276.10009765625,-2243.89990234375,-2227.47998046875
8504,-2448.280029296875,0.0,0.0,0.19720493257045746,-2448.280029296875,-2434.0,129.49363708496094,-2712.02001953125,-2671.39990234375,-2607.89990234375,-2513.25,-2434.0,-2360.5,-2276.10009765625,-2243.89990234375,-2227.47998046875
8512,-2448.280029296875,0.0,0.0,0.19500978291034698,-2448.280029296875,-2434.0,129.49363708496094,-2712.02001953125,-2671.39990234375,-2607.89990234375,-2513.25,-2434.0,-2360.5,-2276.10009765625,-2243.89990234375,-2227.47998046875
8520,-2448.579833984375,0.0,0.0,0.1939619928598404,-2448.580078125,-2434.0,129.2731475830078,-2712.02001953125,-2671.39990234375,-2607.89990234375,-2513.25,-2434.0,-2360.5,-2276.10009765625,-2243.89990234375,-2227.47998046875
8528,-2448.579833984375,0.0,0.0,0.199525386095047,-2448.580078125,-2434.0,129.2731475830078,-2712.02001953125,-2671.39990234375,-2607.89990234375,-2513.25,-2434.0,-2360.5,-2276.10009765625,-2243.89990234375,-2227.47998046875
8536,-2448.659912109375,0.0,0.0,0.2023812085390091,-2448.659912109375,-2434.0,129.36553955078125,-2712.02001953125,-2671.39990234375,-2607.89990234375,-2513.25,-2434.0,-2360.5,-2276.10009765625,-2243.89990234375,-2227.47998046875
8544,-2448.659912109375,0.0,0.0,0.19532248377799988,-2448.659912109375,-2434.0,129.36553955078125,-2712.02001953125,-2671.39990234375,-2607.89990234375,-2513.25,-2434.0,-2360.5,-2276.10009765625,-2243.89990234375,-2227.47998046875
8552,-2448.679931640625,0.0,0.0,0.18672221899032593,-2448.679931640625,-2434.0,129.35122680664062,-2712.02001953125,-2671.39990234375,-2607.89990234375,-2513.25,-2434.0,-2360.5,-2276.10009765625,-2243.89990234375,-2227.47998046875
8560,-2448.679931640625,0.0,0.0,0.18547923862934113,-2448.679931640625,-2434.0,129.35122680664062,-2712.02001953125,-2671.39990234375,-2607.89990234375,-2513.25,-2434.0,-2360.5,-2276.10009765625,-2243.89990234375,-2227.47998046875
8568,-2448.679931640625,0.0,0.0,0.17866292595863342,-2448.679931640625,-2434.0,129.35122680664062,-2712.02001953125,-2671.39990234375,-2607.89990234375,-2513.25,-2434.0,-2360.5,-2276.10009765625,-2243.89990234375,-2227.47998046875
8576,-2448.679931640625,0.0,0.0,0.19062499701976776,-2448.679931640625,-2434.0,129.35122680664062,-2712.02001953125,-2671.39990234375,-2607.89990234375,-2513.25,-2434.0,-2360.5,-2276.10009765625,-2243.89990234375,-2227.47998046875
8584,-2448.679931640625,0.0,0.0,0.19799873232841492,-2448.679931640625,-2434.0,129.35122680664062,-2712.02001953125,-2671.39990234375,-2607.89990234375,-2513.25,-2434.0,-2360.5,-2276.10009765625,-2243.89990234375,-2227.47998046875
8592,-2448.800048828125,0.0,0.0,0.19156929850578308,-2448.800048828125,-2434.0,129.34341430664062,-2712.02001953125,-2671.39990234375,-2607.89990234375,-2513.25,-2434.0,-2360.5,-2276.10009765625,-2243.89990234375,-2227.47998046875
8600,-2448.93994140625,0.0,0.0,0.18443210422992706,-2448.93994140625,-2434.0,129.23419189453125,-2712.02001953125,-2671.39990234375,-2607.89990234375,-2513.25,-2434.0,-2360.5,-2276.10009765625,-2243.89990234375,-2227.47998046875
8608,-2448.93994140625,0.0,0.0,0.1835283637046814,-2448.93994140625,-2434.0,129.23419189453125,-2712.02001953125,-2671.39990234375,-2607.89990234375,-2513.25,-2434.0,-2360.5,-2276.10009765625,-2243.89990234375,-2227.47998046875
8616,-2449.0,0.0,0.0,0.188246488571167,-2449.0,-2434.5,129.25633239746094,-2712.02001953125,-2671.39990234375,-2607.89990234375,-2513.25,-2434.5,-2360.5,-2276.10009765625,-2243.89990234375,-2227.47998046875
8624,-2449.0,0.0,0.0,0.18823610246181488,-2449.0,-2434.5,129.25633239746094,-2712.02001953125,-2671.39990234375,-2607.89990234375,-2513.25,-2434.5,-2360.5,-2276.10009765625,-2243.89990234375,-2227.47998046875
8632,-2449.0400390625,0.0,0.0,0.20309355854988098,-2449.0400390625,-2434.5,129.23838806152344,-2712.02001953125,-2671.39990234375,-2607.89990234375,-2513.25,-2434.5,-2360.5,-2276.10009765625,-2243.89990234375,-2227.47998046875
8640,-2449.099853515625,0.0,0.0,0.1953183263540268,-2449.10009765625,-2434.5,129.23060607910156,-2712.02001953125,-2671.39990234375,-2607.89990234375,-2516.25,-2434.5,-2360.5,-2276.300048828125,-2243.89990234375,-2227.47998046875
8648,-2449.099853515625,0.0,0.0,0.18934936821460724,-2449.10009765625,-2434.5,129.23060607910156,-2712.02001953125,-2671.39990234375,-2607.89990234375,-2516.25,-2434.5,-2360.5,-2276.300048828125,-2243.89990234375,-2227.47998046875
8656,-2449.099853515625,0.0,0.0,0.19650131464004517,-2449.10009765625,-2434.5,129.23060607910156,-2712.02001953125,-2671.39990234375,-2607.89990234375,-2516.25,-2434.5,-2360.5,-2276.300048828125,-2243.89990234375,-2227.47998046875
8664,-2449.239990234375,0.0,0.0,0.19664935767650604,-2449.239990234375,-2434.5,129.0157470703125,-2712.02001953125,-2671.39990234375,-2607.89990234375,-2516.25,-2434.5,-2360.5,-2276.300048828125,-2243.89990234375,-2227.47998046875
8672,-2449.31982421875,0.0,0.0,0.19992360472679138,-2449.320068359375,-2434.5,129.04100036621094,-2712.02001953125,-2671.39990234375,-2607.89990234375,-2516.25,-2434.5,-2360.5,-2276.300048828125,-2243.89990234375,-2227.47998046875
8680,-2449.31982421875,0.0,0.0,0.19487234950065613,-2449.320068359375,-2434.5,129.04100036621094,-2712.02001953125,-2671.39990234375,-2607.89990234375,-2516.25,-2434.5,-2360.5,-2276.300048828125,-2243.89990234375,-2227.47998046875
8688,-2449.31982421875,0.0,0.0,0.19989757239818573,-2449.320068359375,-2434.5,129.04100036621094,-2712.02001953125,-2671.39990234375,-2607.89990234375,-2516.25,-2434.5,-2360.5,-2276.300048828125,-2243.89990234375,-2227.47998046875
8696,-2449.3798828125,0.0,0.0,0.19954200088977814,-2449.3798828125,-2434.5,129.0645294189453,-2712.02001953125,-2671.39990234375,-2607.89990234375,-2516.25,-2434.5,-2360.5,-2276.300048828125,-2243.89990234375,-2227.47998046875
8704,-2449.47998046875,0.0,0.0,0.19467554986476898,-2449.47998046875,-2434.5,128.9169158935547,-2712.02001953125,-2671.39990234375,-2607.89990234375,-2516.25,-2434.5,-2360.5,-2276.300048828125,-2243.89990234375,-2227.47998046875
8712,-2449.619873046875,0.0,0.0,0.20454135537147522,-2449.6201171875,-2437.5,128.90545654296875,-2712.02001953125,-2671.39990234375,-2607.89990234375,-2516.25,-2437.5,-2360.5,-2276.300048828125,-2243.89990234375,-2227.47998046875
8720,-2449.619873046875,0.0,0.0,0.20781856775283813,-2449.6201171875,-2437.5,128.90545654296875,-2712.02001953125,-2671.39990234375,-2607.89990234375,-2516.25,-2437.5,-2360.5,-2276.300048828125,-2243.89990234375,-2227.47998046875
8728,-2449.639892578125,0.0,0.0,0.18871532380580902,-2449.639892578125,-2437.5,128.88658142089844,-2712.02001953125,-2671.39990234375,-2607.89990234375,-2516.25,-2437.5,-2360.5,-2276.300048828125,-2243.89990234375,-2227.47998046875
8736,-2449.639892578125,0.0,0.0,0.19297991693019867,-2449.639892578125,-2437.5,128.88658142089844,-2712.02001953125,-2671.39990234375,-2607.89990234375,-2516.25,-2437.5,-2360.5,-2276.300048828125,-2243.89990234375,-2227.47998046875
8744,-2449.719970703125,0.0,0.0,0.2121330350637436,-2449.719970703125,-2437.5,128.83401489257812,-2712.02001953125,-2671.39990234375,-2607.89990234375,-2516.25,-2437.5,-2364.25,-2276.300048828125,-2243.89990234375,-2227.47998046875
8752,-2449.719970703125,0.0,0.0,0.19654205441474915,-2449.719970703125,-2437.5,128.83401489257812,-2712.02001953125,-2671.39990234375,-2607.89990234375,-2516.25,-2437.5,-2364.25,-2276.300048828125,-2243.89990234375,-2227.47998046875
8760,-2449.81982421875,0.0,0.0,0.19158564507961273,-2449.820068359375,-2437.5,128.78839111328125,-2712.02001953125,-2671.39990234375,-2607.89990234375,-2516.25,-2437.5,-2364.25,-2276.300048828125,-2243.89990234375,-2227.47998046875
8768,-2449.81982421875,0.0,0.0,0.1865837126970291,-2449.820068359375,-2437.5,128.78839111328125,-2712.02001953125,-2671.39990234375,-2607.89990234375,-2516.25,-2437.5,-2364.25,-2276.300048828125,-2243.89990234375,-2227.47998046875
8776,-2450.079833984375,0.0,0.0,0.1842462569475174,-2450.080078125,-2437.5,128.421630859375,-2712.02001953125,-2671.39990234375,-2607.89990234375,-2516.25,-2437.5,-2364.25,-2279.699951171875,-2243.89990234375,-2227.47998046875
8784,-2450.079833984375,0.0,0.0,0.19426041841506958,-2450.080078125,-2437.5,128.421630859375,-2712.02001953125,-2671.39990234375,-2607.89990234375,-2516.25,-2437.5,-2364.25,-2279.699951171875,-2243.89990234375,-2227.47998046875
8792,-2450.079833984375,0.0,0.0,0.18139077723026276,-2450.080078125,-2437.5,128.421630859375,-2712.02001953125,-2671.39990234375,-2607.89990234375,-2516.25,-2437.5,-2364.25,-2279.699951171875,-2243.89990234375,-2227.47998046875
8800,-2450.079833984375,0.0,0.0,0.17619416117668152,-2450.080078125,-2437.5,128.421630859375,-2712.02001953125,-2671.39990234375,-2607.89990234375,-2516.25,-2437.5,-2364.25,-2279.699951171875,-2243.89990234375,-2227.47998046875
8808,-2450.139892578125,0.0,0.0,0.178975448012352,-2450.139892578125,-2437.5,128.37203979492188,-2712.02001953125,-2671.39990234375,-2607.89990234375,-2516.25,-2437.5,-2364.25,-2279.699951171875,-2243.89990234375,-2227.47998046875
8816,-2450.159912109375,0.0,0.0,0.17637035250663757,-2450.159912109375,-2437.5,128.36329650878906,-2712.02001953125,-2671.39990234375,-2607.89990234375,-2516.25,-2437.5,-2364.25,-2279.699951171875,-2243.89990234375,-2227.47998046875
8824,-2450.239990234375,0.0,0.0,0.18213465809822083,-2450.239990234375,-2437.5,128.3736114501953,-2712.02001953125,-2671.39990234375,-2607.89990234375,-2516.25,-2437.5,-2364.25,-2279.699951171875,-2243.89990234375,-2227.47998046875
8832,-2450.35986328125,0.0,0.0,0.17128843069076538,-2450.360107421875,-2442.0,128.36305236816406,-2712.02001953125,-2671.39990234375,-2607.89990234375,-2516.25,-2442.0,-2364.25,-2279.699951171875,-2243.89990234375,-2227.47998046875
8840,-2450.3798828125,0.0,0.0,0.17163269221782684,-2450.3798828125,-2443.0,128.36141967773438,-2712.02001953125,-2671.39990234375,-2607.89990234375,-2516.25,-2443.0,-2364.25,-2279.699951171875,-2243.89990234375,-2227.47998046875
8848,-2450.3798828125,0.0,0.0,0.1731528490781784,-2450.3798828125,-2443.0,128.36141967773438,-2712.02001953125,-2671.39990234375,-2607.89990234375,-2516.25,-2443.0,-2364.25,-2279.699951171875,-2243.89990234375,-2227.47998046875
8856,-2450.39990234375,0.0,0.0,0.1666465401649475,-2450.39990234375,-2443.0,128.34671020507812,-2712.02001953125,-2671.39990234375,-2607.89990234375,-2516.25,-2443.0,-2364.25,-2279.699951171875,-2243.89990234375,-2227.47998046875
8864,-2450.419921875,0.0,0.0,0.16794852912425995,-2450.419921875,-2443.0,128.3326416015625,-2712.02001953125,-2671.39990234375,-2607.89990234375,-2516.25,-2443.0,-2364.75,-2279.699951171875,-2243.89990234375,-2227.47998046875
8872,-2450.5,0.0,0.0,0.17000234127044678,-2450.5,-2443.0,128.30616760253906,-2712.02001953125,-2671.39990234375,-2607.89990234375,-2516.25,-2443.0,-2364.75,-2279.699951171875,-2243.89990234375,-2227.47998046875
8880,-2450.5,0.0,0.0,0.17210273444652557,-2450.5,-2443.0,128.30616760253906,-2712.02001953125,-2671.39990234375,-2607.89990234375,-2516.25,-2443.0,-2364.75,-2279.699951171875,-2243.89990234375,-2227.47998046875
8888,-2450.5,0.0,0.0,0.18199852108955383,-2450.5,-2443.0,128.30616760253906,-2712.02001953125,-2671.39990234375,-2607.89990234375,-2516.25,-2443.0,-2364.75,-2279.699951171875,-2243.89990234375,-2227.47998046875
8896,-2450.5,0.0,0.0,0.19148221611976624,-2450.5,-2443.0,128.30616760253906,-2712.02001953125,-2671.39990234375,-2607.89990234375,-2516.25,-2443.0,-2364.75,-2279.699951171875,-2243.89990234375,-2227.47998046875
8904,-2450.5,0.0,0.0,0.18484260141849518,-2450.5,-2443.0,128.30616760253906,-2712.02001953125,-2671.39990234375,-2607.89990234375,-2516.25,-2443.0,-2364.75,-2279.699951171875,-2243.89990234375,-2227.47998046875
8912,-2450.5,0.0,0.0,0.18259139358997345,-2450.5,-2443.0,128.30616760253906,-2712.02001953125,-2671.39990234375,-2607.89990234375,-2516.25,-2443.0,-2364.75,-2279.699951171875,-2243.89990234375,-2227.47998046875
8920,-2450.5400390625,0.0,0.0,0.18500535190105438,-2450.5400390625,-2443.0,128.33966064453125,-2712.02001953125,-2671.39990234375,-2607.89990234375,-2516.25,-2443.0,-2364.75,-2279.699951171875,-2243.89990234375,-2227.47998046875
8928,-2450.579833984375,0.0,0.0,0.1877942979335785,-2450.580078125,-2443.0,128.3139190673828,-2712.02001953125,-2671.39990234375,-2607.89990234375,-2516.25,-2443.0,-2364.75,-2279.699951171875,-2243.89990234375,-2227.47998046875
8936,-2450.579833984375,0.0,0.0,0.1737816333770752,-2450.580078125,-2443.0,128.3139190673828,-2712.02001953125,-2671.39990234375,-2607.89990234375,-2516.25,-2443.0,-2364.75,-2279.699951171875,-2243.89990234375,-2227.47998046875
8944,-2450.719970703125,0.0,0.0,0.18215015530586243,-2450.719970703125,-2443.0,128.13523864746094,-2712.02001953125,-2671.39990234375,-2607.89990234375,-2516.25,-2443.0,-2364.75,-2283.300048828125,-2243.89990234375,-2227.47998046875
8952,-2450.719970703125,0.0,0.0,0.18041205406188965,-2450.719970703125,-2443.0,128.13523864746094,-2712.02001953125,-2671.39990234375,-2607.89990234375,-2516.25,-2443.0,-2364.75,-2283.300048828125,-2243.89990234375,-2227.47998046875
8960,-2450.800048828125,0.0,0.0,0.17194300889968872,-2450.800048828125,-2443.0,128.2265167236328,-2712.02001953125,-2671.39990234375,-2607.89990234375,-2516.25,-2443.0,-2364.75,-2283.300048828125,-2243.89990234375,-2227.47998046875
8968,-2450.85986328125,0.0,0.0,0.1715470403432846,-2450.860107421875,-2443.0,128.25326538085938,-2712.02001953125,-2671.39990234375,-2607.89990234375,-2516.25,-2443.0,-2364.75,-2283.300048828125,-2243.89990234375,-2227.47998046875
8976,-2450.8798828125,0.0,0.0,0.16729874908924103,-2450.8798828125,-2443.0,128.23660278320312,-2712.02001953125,-2671.39990234375,-2607.89990234375,-2516.25,-2443.0,-2364.75,-2283.300048828125,-2243.89990234375,-2227.47998046875
8984,-2450.97998046875,0.0,0.0,0.17515233159065247,-2450.97998046875,-2443.0,128.17425537109375,-2712.02001953125,-2671.39990234375,-2607.89990234375,-2516.25,-2443.0,-2364.75,-2283.300048828125,-2243.89990234375,-2227.47998046875
8992,-2451.0,0.0,0.0,0.17056876420974731,-2451.0,-2443.0,128.1461639404297,-2712.02001953125,-2671.39990234375,-2607.89990234375,-2516.25,-2443.0,-2364.75,-2283.300048828125,-2243.89990234375,-2227.47998046875
9000,-2451.0,0.0,0.0,0.17421382665634155,-2451.0,-2443.0,128.1461639404297,-2712.02001953125,-2671.39990234375,-2607.89990234375,-2516.25,-2443.0,-2364.75,-2283.300048828125,-2243.89990234375,-2227.47998046875
9008,-2451.0400390625,0.0,0.0,0.17699867486953735,-2451.0400390625,-2443.0,128.1177520751953,-2712.02001953125,-2671.39990234375,-2607.89990234375,-2516.25,-2443.0,-2365.25,-2283.300048828125,-2243.89990234375,-2227.47998046875
9016,-2451.0400390625,0.0,0.0,0.17032676935195923,-2451.0400390625,-2443.0,128.1177520751953,-2712.02001953125,-2671.39990234375,-2607.89990234375,-2516.25,-2443.0,-2365.25,-2283.300048828125,-2243.89990234375,-2227.47998046875
9024,-2451.219970703125,0.0,0.0,0.16720634698867798,-2451.219970703125,-2443.0,128.1456756591797,-2712.02001953125,-2671.39990234375,-2607.89990234375,-2516.25,-2443.0,-2365.25,-2283.300048828125,-2243.89990234375,-2227.47998046875
9032,-2451.260009765625,0.0,0.0,0.16786925494670868,-2451.260009765625,-2443.0,128.14776611328125,-2712.02001953125,-2671.39990234375,-2607.89990234375,-2516.25,-2443.0,-2365.25,-2283.300048828125,-2243.89990234375,-2227.47998046875
9040,-2451.260009765625,0.0,0.0,0.1717495322227478,-2451.260009765625,-2443.0,128.14776611328125,-2712.02001953125,-2671.39990234375,-2607.89990234375,-2516.25,-2443.0,-2365.25,-2283.300048828125,-2243.89990234375,-2227.47998046875
9048,-2451.260009765625,0.0,0.0,0.15902289748191833,-2451.260009765625,-2443.0,128.14776611328125,-2712.02001953125,-2671.39990234375,-2607.89990234375,-2516.25,-2443.0,-2365.25,-2283.300048828125,-2243.89990234375,-2227.47998046875
9056,-2451.280029296875,0.0,0.0,0.16412204504013062,-2451.280029296875,-2443.0,128.15553283691406,-2712.02001953125,-2671.39990234375,-2607.89990234375,-2516.25,-2443.0,-2365.25,-2283.300048828125,-2243.89990234375,-2227.47998046875
9064,-2451.280029296875,0.0,0.0,0.1688501536846161,-2451.280029296875,-2443.0,128.15553283691406,-2712.02001953125,-2671.39990234375,-2607.89990234375,-2516.25,-2443.0,-2365.25,-2283.300048828125,-2243.89990234375,-2227.47998046875
9072,-2451.280029296875,0.0,0.0,0.16371263563632965,-2451.280029296875,-2443.0,128.15553283691406,-2712.02001953125,-2671.39990234375,-2607.89990234375,-2516.25,-2443.0,-2365.25,-2283.300048828125,-2243.89990234375,-2227.47998046875
9080,-2451.33984375,0.0,0.0,0.1486637145280838,-2451.340087890625,-2443.0,128.21998596191406,-2712.02001953125,-2671.39990234375,-2607.89990234375,-2516.25,-2443.0,-2365.25,-2283.300048828125,-2243.89990234375,-2227.47998046875
9088,-2451.33984375,0.0,0.0,0.1453566551208496,-2451.340087890625,-2443.0,128.21998596191406,-2712.02001953125,-2671.39990234375,-2607.89990234375,-2516.25,-2443.0,-2365.25,-2283.300048828125,-2243.89990234375,-2227.47998046875
9096,-2451.33984375,0.0,0.0,0.1490689218044281,-2451.340087890625,-2443.0,128.21998596191406,-2712.02001953125,-2671.39990234375,-2607.89990234375,-2516.25,-2443.0,-2365.25,-2283.300048828125,-2243.89990234375,-2227.47998046875
9104,-2451.33984375,0.0,0.0,0.1494765281677246,-2451.340087890625,-2443.0,128.21998596191406,-2712.02001953125,-2671.39990234375,-2607.89990234375,-2516.25,-2443.0,-2365.25,-2283.300048828125,-2243.89990234375,-2227.47998046875
9112,-2451.419921875,0.0,0.0,0.16447891294956207,-2451.419921875,-2443.0,128.25967407226562,-2712.02001953125,-2671.39990234375,-2607.89990234375,-2517.5,-2443.0,-2365.25,-2283.300048828125,-2243.89990234375,-2227.47998046875
9120,-2451.419921875,0.0,0.0,0.1526118814945221,-2451.419921875,-2443.0,128.25967407226562,-2712.02001953125,-2671.39990234375,-2607.89990234375,-2517.5,-2443.0,-2365.25,-2283.300048828125,-2243.89990234375,-2227.47998046875
9128,-2451.419921875,0.0,0.0,0.1489146649837494,-2451.419921875,-2443.0,128.25967407226562,-2712.02001953125,-2671.39990234375,-2607.89990234375,-2517.5,-2443.0,-2365.25,-2283.300048828125,-2243.89990234375,-2227.47998046875
9136,-2451.419921875,0.0,0.0,0.15513139963150024,-2451.419921875,-2443.0,128.25967407226562,-2712.02001953125,-2671.39990234375,-2607.89990234375,-2517.5,-2443.0,-2365.25,-2283.300048828125,-2243.89990234375,-2227.47998046875
9144,-2451.419921875,0.0,0.0,0.14799931645393372,-2451.419921875,-2443.0,128.25967407226562,-2712.02001953125,-2671.39990234375,-2607.89990234375,-2517.5,-2443.0,-2365.25,-2283.300048828125,-2243.89990234375,-2227.47998046875
9152,-2451.56005859375,0.0,0.0,0.14834453165531158,-2451.56005859375,-2443.0,128.19924926757812,-2712.02001953125,-2671.39990234375,-2610.60009765625,-2517.5,-2443.0,-2365.25,-2283.300048828125,-2243.89990234375,-2227.47998046875
9160,-2451.579833984375,0.0,0.0,0.14911222457885742,-2451.580078125,-2443.0,128.19058227539062,-2712.02001953125,-2671.39990234375,-2610.60009765625,-2517.5,-2443.0,-2365.25,-2283.300048828125,-2243.89990234375,-2227.47998046875
9168,-2451.659912109375,0.0,0.0,0.15183651447296143,-2451.659912109375,-2443.0,128.22451782226562,-2712.02001953125,-2671.39990234375,-2610.60009765625,-2517.5,-2443.0,-2365.25,-2283.300048828125,-2243.89990234375,-2227.47998046875
9176,-2451.659912109375,0.0,0.0,0.15664252638816833,-2451.659912109375,-2443.0,128.22451782226562,-2712.02001953125,-2671.39990234375,-2610.60009765625,-2517.5,-2443.0,-2365.25,-2283.300048828125,-2243.89990234375,-2227.47998046875
9184,-2451.659912109375,0.0,0.0,0.1574261337518692,-2451.659912109375,-2443.0,128.22451782226562,-2712.02001953125,-2671.39990234375,-2610.60009765625,-2517.5,-2443.0,-2365.25,-2283.300048828125,-2243.89990234375,-2227.47998046875
9192,-2451.659912109375,0.0,0.0,0.1530190110206604,-2451.659912109375,-2443.0,128.22451782226562,-2712.02001953125,-2671.39990234375,-2610.60009765625,-2517.5,-2443.0,-2365.25,-2283.300048828125,-2243.89990234375,-2227.47998046875
9200,-2451.699951171875,0.0,0.0,0.15441229939460754,-2451.699951171875,-2443.0,128.18685913085938,-2712.02001953125,-2671.39990234375,-2610.60009765625,-2517.5,-2443.0,-2365.25,-2283.300048828125,-2243.89990234375,-2227.47998046875
9208,-2451.800048828125,0.0,0.0,0.15707072615623474,-2451.800048828125,-2443.0,128.17300415039062,-2712.02001953125,-2671.39990234375,-2610.60009765625,-2517.5,-2443.0,-2365.25,-2283.300048828125,-2243.89990234375,-2227.47998046875
9216,-2451.81982421875,0.0,0.0,0.1530812829732895,-2451.820068359375,-2443.0,128.1546173095703,-2712.02001953125,-2671.39990234375,-2610.60009765625,-2517.5,-2443.0,-2365.25,-2283.300048828125,-2243.89990234375,-2227.47998046875
9224,-2451.85986328125,0.0,0.0,0.1568719893693924,-2451.860107421875,-2443.0,128.07723999023438,-2712.02001953125,-2671.39990234375,-2610.60009765625,-2517.5,-2443.0,-2365.25,-2283.300048828125,-2243.89990234375,-2227.559814453125
9232,-2451.85986328125,0.0,0.0,0.15777072310447693,-2451.860107421875,-2443.0,128.07723999023438,-2712.02001953125,-2671.39990234375,-2610.60009765625,-2517.5,-2443.0,-2365.25,-2283.300048828125,-2243.89990234375,-2227.559814453125
9240,-2451.85986328125,0.0,0.0,0.16267500817775726,-2451.860107421875,-2443.0,128.07723999023438,-2712.02001953125,-2671.39990234375,-2610.60009765625,-2517.5,-2443.0,-2365.25,-2283.300048828125,-2243.89990234375,-2227.559814453125
9248,-2451.89990234375,0.0,0.0,0.16134193539619446,-2451.89990234375,-2443.0,128.10601806640625,-2712.02001953125,-2671.39990234375,-2610.60009765625,-2517.5,-2443.0,-2365.25,-2283.300048828125,-2243.89990234375,-2227.559814453125
9256,-2451.9599609375,0.0,0.0,0.15579338371753693,-2451.9599609375,-2443.0,128.0231170654297,-2712.02001953125,-2671.39990234375,-2610.60009765625,-2517.5,-2443.0,-2365.25,-2283.39990234375,-2243.89990234375,-2227.559814453125
9264,-2452.139892578125,0.0,0.0,0.1576376110315323,-2452.139892578125,-2443.0,127.75891876220703,-2712.02001953125,-2671.39990234375,-2610.60009765625,-2517.5,-2443.0,-2365.25,-2283.60009765625,-2247.800048828125,-2227.559814453125
9272,-2452.139892578125,0.0,0.0,0.15463294088840485,-2452.139892578125,-2443.0,127.75891876220703,-2712.02001953125,-2671.39990234375,-2610.60009765625,-2517.5,-2443.0,-2365.25,-2283.60009765625,-2247.800048828125,-2227.559814453125
9280,-2452.139892578125,0.0,0.0,0.15286001563072205,-2452.139892578125,-2443.0,127.75891876220703,-2712.02001953125,-2671.39990234375,-2610.60009765625,-2517.5,-2443.0,-2365.25,-2283.60009765625,-2247.800048828125,-2227.559814453125
9288,-2452.43994140625,0.0,0.0,0.15050636231899261,-2452.43994140625,-2443.0,127.97877502441406,-2712.02001953125,-2671.39990234375,-2610.60009765625,-2517.5,-2443.0,-2365.25,-2283.60009765625,-2247.800048828125,-2227.559814453125
9296,-2452.43994140625,0.0,0.0,0.1492471992969513,-2452.43994140625,-2443.0,127.97877502441406,-2712.02001953125,-2671.39990234375,-2610.60009765625,-2517.5,-2443.0,-2365.25,-2283.60009765625,-2247.800048828125,-2227.559814453125
9304,-2452.599853515625,0.0,0.0,0.1580127477645874,-2452.60009765625,-2443.0,127.84333801269531,-2712.02001953125,-2671.39990234375,-2610.60009765625,-2517.5,-2443.0,-2367.5,-2284.0,-2247.800048828125,-2227.559814453125
9312,-2452.599853515625,0.0,0.0,0.15554241836071014,-2452.60009765625,-2443.0,127.84333801269531,-2712.02001953125,-2671.39990234375,-2610.60009765625,-2517.5,-2443.0,-2367.5,-2284.0,-2247.800048828125,-2227.559814453125
9320,-2452.599853515625,0.0,0.0,0.14975589513778687,-2452.60009765625,-2443.0,127.84333801269531,-2712.02001953125,-2671.39990234375,-2610.60009765625,-2517.5,-2443.0,-2367.5,-2284.0,-2247.800048828125,-2227.559814453125
9328,-2452.599853515625,0.0,0.0,0.1505262702703476,-2452.60009765625,-2443.0,127.84333801269531,-2712.02001953125,-2671.39990234375,-2610.60009765625,-2517.5,-2443.0,-2367.5,-2284.0,-2247.800048828125,-2227.559814453125
9336,-2452.599853515625,0.0,0.0,0.15341338515281677,-2452.60009765625,-2443.0,127.84333801269531,-2712.02001953125,-2671.39990234375,-2610.60009765625,-2517.5,-2443.0,-2367.5,-2284.0,-2247.800048828125,-2227.559814453125
9344,-2452.599853515625,0.0,0.0,0.15743529796600342,-2452.60009765625,-2443.0,127.84333801269531,-2712.02001953125,-2671.39990234375,-2610.60009765625,-2517.5,-2443.0,-2367.5,-2284.0,-2247.800048828125,-2227.559814453125
9352,-2452.619873046875,0.0,0.0,0.1540279984474182,-2452.6201171875,-2443.0,127.83824157714844,-2712.02001953125,-2671.39990234375,-2610.60009765625,-2517.5,-2443.0,-2367.5,-2284.0,-2247.800048828125,-2227.559814453125
9360,-2452.619873046875,0.0,0.0,0.1541428565979004,-2452.6201171875,-2443.0,127.83824157714844,-2712.02001953125,-2671.39990234375,-2610.60009765625,-2517.5,-2443.0,-2367.5,-2284.0,-2247.800048828125,-2227.559814453125
9368,-2452.739990234375,0.0,0.0,0.1466863453388214,-2452.739990234375,-2443.0,127.79159545898438,-2712.02001953125,-2671.39990234375,-2610.60009765625,-2517.5,-2443.0,-2367.5,-2284.0,-2247.800048828125,-2227.559814453125
9376,-2452.780029296875,0.0,0.0,0.1456792950630188,-2452.780029296875,-2443.0,127.74502563476562,-2712.02001953125,-2671.39990234375,-2610.60009765625,-2517.5,-2443.0,-2367.5,-2284.0,-2247.800048828125,-2227.559814453125
9384,-2452.780029296875,0.0,0.0,0.1487819254398346,-2452.780029296875,-2443.0,127.74502563476562,-2712.02001953125,-2671.39990234375,-2610.60009765625,-2517.5,-2443.0,-2367.5,-2284.0,-2247.800048828125,-2227.559814453125
9392,-2452.780029296875,0.0,0.0,0.15125581622123718,-2452.780029296875,-2443.0,127.74502563476562,-2712.02001953125,-2671.39990234375,-2610.60009765625,-2517.5,-2443.0,-2367.5,-2284.0,-2247.800048828125,-2227.559814453125
9400,-2452.780029296875,0.0,0.0,0.14793486893177032,-2452.780029296875,-2443.0,127.74502563476562,-2712.02001953125,-2671.39990234375,-2610.60009765625,-2517.5,-2443.0,-2367.5,-2284.0,-2247.800048828125,-2227.559814453125
9408,-2452.81982421875,0.0,0.0,0.1529950201511383,-2452.820068359375,-2443.0,127.71910095214844,-2712.02001953125,-2671.39990234375,-2610.60009765625,-2517.5,-2443.0,-2368.25,-2284.0,-2247.800048828125,-2227.559814453125
9416,-2452.81982421875,0.0,0.0,0.14742404222488403,-2452.820068359375,-2443.0,127.71910095214844,-2712.02001953125,-2671.39990234375,-2610.60009765625,-2517.5,-2443.0,-2368.25,-2284.0,-2247.800048828125,-2227.559814453125
9424,-2452.81982421875,0.0,0.0,0.1502821296453476,-2452.820068359375,-2443.0,127.71910095214844,-2712.02001953125,-2671.39990234375,-2610.60009765625,-2517.5,-2443.0,-2368.25,-2284.0,-2247.800048828125,-2227.559814453125
9432,-2452.81982421875,0.0,0.0,0.14902271330356598,-2452.820068359375,-2443.0,127.71910095214844,-2712.02001953125,-2671.39990234375,-2610.60009765625,-2517.5,-2443.0,-2368.25,-2284.0,-2247.800048828125,-2227.559814453125
9440,-2452.81982421875,0.0,0.0,0.14385724067687988,-2452.820068359375,-2443.0,127.71910095214844,-2712.02001953125,-2671.39990234375,-2610.60009765625,-2517.5,-2443.0,-2368.25,-2284.0,-2247.800048828125,-2227.559814453125
9448,-2452.81982421875,0.0,0.0,0.14750605821609497,-2452.820068359375,-2443.0,127.71910095214844,-2712.02001953125,-2671.39990234375,-2610.60009765625,-2517.5,-2443.0,-2368.25,-2284.0,-2247.800048828125,-2227.559814453125
9456,-2452.83984375,0.0,0.0,0.13779610395431519,-2452.840087890625,-2443.0,127.71003723144531,-2712.02001953125,-2671.39990234375,-2610.60009765625,-2517.5,-2443.0,-2368.25,-2284.0,-2247.800048828125,-2227.559814453125
9464,-2452.8798828125,0.0,0.0,0.14361795783042908,-2452.8798828125,-2443.0,127.73137664794922,-2712.02001953125,-2671.39990234375,-2610.60009765625,-2518.5,-2443.0,-2368.25,-2284.0,-2247.800048828125,-2227.559814453125
9472,-2452.8798828125,0.0,0.0,0.14465627074241638,-2452.8798828125,-2443.0,127.73137664794922,-2712.02001953125,-2671.39990234375,-2610.60009765625,-2518.5,-2443.0,-2368.25,-2284.0,-2247.800048828125,-2227.559814453125
9480,-2452.8798828125,0.0,0.0,0.13480287790298462,-2452.8798828125,-2443.0,127.73137664794922,-2712.02001953125,-2671.39990234375,-2610.60009765625,-2518.5,-2443.0,-2368.25,-2284.0,-2247.800048828125,-2227.559814453125
9488,-2452.8798828125,0.0,0.0,0.1385885328054428,-2452.8798828125,-2443.0,127.73137664794922,-2712.02001953125,-2671.39990234375,-2610.60009765625,-2518.5,-2443.0,-2368.25,-2284.0,-2247.800048828125,-2227.559814453125
9496,-2452.93994140625,0.0,0.0,0.1354266256093979,-2452.93994140625,-2443.0,127.69477081298828,-2712.02001953125,-2671.39990234375,-2610.60009765625,-2518.5,-2443.0,-2368.25,-2284.0,-2247.800048828125,-2227.559814453125
9504,-2452.93994140625,0.0,0.0,0.14387790858745575,-2452.93994140625,-2443.0,127.69477081298828,-2712.02001953125,-2671.39990234375,-2610.60009765625,-2518.5,-2443.0,-2368.25,-2284.0,-2247.800048828125,-2227.559814453125
9512,-2452.93994140625,0.0,0.0,0.1371450424194336,-2452.93994140625,-2443.0,127.69477081298828,-2712.02001953125,-2671.39990234375,-2610.60009765625,-2518.5,-2443.0,-2368.25,-2284.0,-2247.800048828125,-2227.559814453125
9520,-2452.97998046875,0.0,0.0,0.13490428030490875,-2452.97998046875,-2443.0,127.66252136230469,-2712.02001953125,-2671.39990234375,-2610.60009765625,-2518.5,-2443.0,-2368.25,-2284.0,-2247.800048828125,-2227.559814453125
9528,-2453.0,0.0,0.0,0.13446174561977386,-2453.0,-2443.0,127.67818450927734,-2712.02001953125,-2671.39990234375,-2610.60009765625,-2518.5,-2443.0,-2368.25,-2284.0,-2247.800048828125,-2227.559814453125
9536,-2453.33984375,0.0,0.0,0.13519024848937988,-2453.340087890625,-2443.0,127.39985656738281,-2712.02001953125,-2671.39990234375,-2610.60009765625,-2518.5,-2443.0,-2368.25,-2284.0,-2247.800048828125,-2227.559814453125
9544,-2453.33984375,0.0,0.0,0.13560786843299866,-2453.340087890625,-2443.0,127.39985656738281,-2712.02001953125,-2671.39990234375,-2610.60009765625,-2518.5,-2443.0,-2368.25,-2284.0,-2247.800048828125,-2227.559814453125
9552,-2453.39990234375,0.0,0.0,0.14146637916564941,-2453.39990234375,-2443.0,127.4241714477539,-2712.02001953125,-2671.39990234375,-2610.60009765625,-2518.5,-2443.0,-2368.25,-2284.0,-2247.800048828125,-2227.559814453125
9560,-2453.39990234375,0.0,0.0,0.13960915803909302,-2453.39990234375,-2443.0,127.4241714477539,-2712.02001953125,-2671.39990234375,-2610.60009765625,-2518.5,-2443.0,-2368.25,-2284.0,-2247.800048828125,-2227.559814453125
9568,-2453.39990234375,0.0,0.0,0.13357186317443848,-2453.39990234375,-2443.0,127.4241714477539,-2712.02001953125,-2671.39990234375,-2610.60009765625,-2518.5,-2443.0,-2368.25,-2284.0,-2247.800048828125,-2227.559814453125
9576,-2453.39990234375,0.0,0.0,0.13099698722362518,-2453.39990234375,-2443.0,127.4241714477539,-2712.02001953125,-2671.39990234375,-2610.60009765625,-2518.5,-2443.0,-2368.25,-2284.0,-2247.800048828125,-2227.559814453125
9584,-2453.5,0.0,0.0,0.13266508281230927,-2453.5,-2443.0,127.42585754394531,-2712.02001953125,-2671.39990234375,-2610.60009765625,-2518.5,-2443.0,-2368.25,-2284.0,-2247.800048828125,-2227.559814453125
9592,-2453.52001953125,0.0,0.0,0.13684681057929993,-2453.52001953125,-2443.0,127.38716125488281,-2712.02001953125,-2671.39990234375,-2610.60009765625,-2518.5,-2443.0,-2368.25,-2284.0,-2247.800048828125,-2227.599853515625
9600,-2453.52001953125,0.0,0.0,0.13762235641479492,-2453.52001953125,-2443.0,127.38716125488281,-2712.02001953125,-2671.39990234375,-2610.60009765625,-2518.5,-2443.0,-2368.25,-2284.0,-2247.800048828125,-2227.599853515625
9608,-2453.52001953125,0.0,0.0,0.13880334794521332,-2453.52001953125,-2443.0,127.38716125488281,-2712.02001953125,-2671.39990234375,-2610.60009765625,-2518.5,-2443.0,-2368.25,-2284.0,-2247.800048828125,-2227.599853515625
9616,-2453.739990234375,0.0,0.0,0.13687856495380402,-2453.739990234375,-2443.5,127.47647857666016,-2712.10009765625,-2671.39990234375,-2610.60009765625,-2518.5,-2443.5,-2368.25,-2284.0,-2247.800048828125,-2227.599853515625
9624,-2453.739990234375,0.0,0.0,0.13426543772220612,-2453.739990234375,-2443.5,127.47647857666016,-2712.10009765625,-2671.39990234375,-2610.60009765625,-2518.5,-2443.5,-2368.25,-2284.0,-2247.800048828125,-2227.599853515625
9632,-2453.739990234375,0.0,0.0,0.13977234065532684,-2453.739990234375,-2443.5,127.47647857666016,-2712.10009765625,-2671.39990234375,-2610.60009765625,-2518.5,-2443.5,-2368.25,-2284.0,-2247.800048828125,-2227.599853515625
9640,-2453.760009765625,0.0,0.0,0.1400461345911026,-2453.760009765625,-2443.5,127.45800018310547,-2712.10009765625,-2671.39990234375,-2610.60009765625,-2518.5,-2443.5,-2368.25,-2284.0,-2247.800048828125,-2227.599853515625
9648,-2453.760009765625,0.0,0.0,0.1399352103471756,-2453.760009765625,-2443.5,127.45800018310547,-2712.10009765625,-2671.39990234375,-2610.60009765625,-2518.5,-2443.5,-2368.25,-2284.0,-2247.800048828125,-2227.599853515625
9656,-2453.760009765625,0.0,0.0,0.14524413645267487,-2453.760009765625,-2443.5,127.45800018310547,-2712.10009765625,-2671.39990234375,-2610.60009765625,-2518.5,-2443.5,-2368.25,-2284.0,-2247.800048828125,-2227.599853515625
9664,-2453.800048828125,0.0,0.0,0.1472640037536621,-2453.800048828125,-2443.5,127.39403533935547,-2712.10009765625,-2671.39990234375,-2610.60009765625,-2518.5,-2443.5,-2368.25,-2284.0,-2251.60009765625,-2227.599853515625
9672,-2453.8798828125,0.0,0.0,0.14050064980983734,-2453.8798828125,-2443.5,127.38095092773438,-2712.10009765625,-2671.39990234375,-2610.60009765625,-2518.5,-2443.5,-2368.25,-2284.0,-2251.60009765625,-2227.599853515625
9680,-2453.89990234375,0.0,0.0,0.14408372342586517,-2453.89990234375,-2443.5,127.41377258300781,-2712.10009765625,-2671.39990234375,-2610.60009765625,-2518.5,-2443.5,-2368.25,-2284.0,-2251.60009765625,-2227.599853515625
9688,-2454.079833984375,0.0,0.0,0.1335245817899704,-2454.080078125,-2443.5,127.46087646484375,-2712.10009765625,-2671.39990234375,-2610.60009765625,-2519.25,-2443.5,-2368.25,-2284.0,-2251.60009765625,-2227.599853515625
9696,-2454.079833984375,0.0,0.0,0.1375226229429245,-2454.080078125,-2443.5,127.46087646484375,-2712.10009765625,-2671.39990234375,-2610.60009765625,-2519.25,-2443.5,-2368.25,-2284.0,-2251.60009765625,-2227.599853515625
9704,-2454.079833984375,0.0,0.0,0.14520816504955292,-2454.080078125,-2443.5,127.46087646484375,-2712.10009765625,-2671.39990234375,-2610.60009765625,-2519.25,-2443.5,-2368.25,-2284.0,-2251.60009765625,-2227.599853515625
9712,-2454.079833984375,0.0,0.0,0.1502586305141449,-2454.080078125,-2443.5,127.46087646484375,-2712.10009765625,-2671.39990234375,-2610.60009765625,-2519.25,-2443.5,-2368.25,-2284.0,-2251.60009765625,-2227.599853515625
9720,-2454.079833984375,0.0,0.0,0.14860619604587555,-2454.080078125,-2443.5,127.46087646484375,-2712.10009765625,-2671.39990234375,-2610.60009765625,-2519.25,-2443.5,-2368.25,-2284.0,-2251.60009765625,-2227.599853515625
9728,-2454.079833984375,0.0,0.0,0.13922737538814545,-2454.080078125,-2443.5,127.46087646484375,-2712.10009765625,-2671.39990234375,-2610.60009765625,-2519.25,-2443.5,-2368.25,-2284.0,-2251.60009765625,-2227.599853515625
9736,-2454.079833984375,0.0,0.0,0.1388850212097168,-2454.080078125,-2443.5,127.46087646484375,-2712.10009765625,-2671.39990234375,-2610.60009765625,-2519.25,-2443.5,-2368.25,-2284.0,-2251.60009765625,-2227.599853515625
9744,-2454.079833984375,0.0,0.0,0.13877087831497192,-2454.080078125,-2443.5,127.46087646484375,-2712.10009765625,-2671.39990234375,-2610.60009765625,-2519.25,-2443.5,-2368.25,-2284.0,-2251.60009765625,-2227.599853515625
9752,-2454.159912109375,0.0,0.0,0.14222168922424316,-2454.159912109375,-2443.5,127.31980895996094,-2712.10009765625,-2671.39990234375,-2610.60009765625,-2519.25,-2443.5,-2368.25,-2285.800048828125,-2251.60009765625,-2227.719970703125
9760,-2454.159912109375,0.0,0.0,0.140218585729599,-2454.159912109375,-2443.5,127.31980895996094,-2712.10009765625,-2671.39990234375,-2610.60009765625,-2519.25,-2443.5,-2368.25,-2285.800048828125,-2251.60009765625,-2227.719970703125
9768,-2454.280029296875,0.0,0.0,0.14126212894916534,-2454.280029296875,-2443.5,127.39027404785156,-2712.10009765625,-2671.39990234375,-2610.60009765625,-2522.25,-2443.5,-2368.25,-2285.800048828125,-2251.60009765625,-2227.719970703125
9776,-2454.4599609375,0.0,0.0,0.1490008383989334,-2454.4599609375,-2443.5,127.17259216308594,-2712.10009765625,-2671.39990234375,-2610.60009765625,-2522.25,-2443.5,-2368.25,-2292.300048828125,-2251.60009765625,-2227.719970703125
9784,-2454.4599609375,0.0,0.0,0.15279024839401245,-2454.4599609375,-2443.5,127.17259216308594,-2712.10009765625,-2671.39990234375,-2610.60009765625,-2522.25,-2443.5,-2368.25,-2292.300048828125,-2251.60009765625,-2227.719970703125
9792,-2454.56005859375,0.0,0.0,0.15020063519477844,-2454.56005859375,-2446.5,127.16275024414062,-2712.10009765625,-2671.39990234375,-2610.60009765625,-2522.25,-2446.5,-2368.25,-2292.300048828125,-2251.60009765625,-2227.719970703125
9800,-2454.56005859375,0.0,0.0,0.14675866067409515,-2454.56005859375,-2446.5,127.16275024414062,-2712.10009765625,-2671.39990234375,-2610.60009765625,-2522.25,-2446.5,-2368.25,-2292.300048828125,-2251.60009765625,-2227.719970703125
9808,-2454.599853515625,0.0,0.0,0.15040354430675507,-2454.60009765625,-2446.5,127.13929748535156,-2712.10009765625,-2671.39990234375,-2610.60009765625,-2522.25,-2446.5,-2368.25,-2292.300048828125,-2251.60009765625,-2227.719970703125
9816,-2454.599853515625,0.0,0.0,0.15325891971588135,-2454.60009765625,-2446.5,127.13929748535156,-2712.10009765625,-2671.39990234375,-2610.60009765625,-2522.25,-2446.5,-2368.25,-2292.300048828125,-2251.60009765625,-2227.719970703125
9824,-2454.659912109375,0.0,0.0,0.15590085089206696,-2454.659912109375,-2446.5,127.0337142944336,-2712.10009765625,-2671.39990234375,-2610.60009765625,-2522.25,-2446.5,-2368.25,-2292.300048828125,-2251.60009765625,-2233.599853515625
9832,-2454.659912109375,0.0,0.0,0.14957857131958008,-2454.659912109375,-2446.5,127.0337142944336,-2712.10009765625,-2671.39990234375,-2610.60009765625,-2522.25,-2446.5,-2368.25,-2292.300048828125,-2251.60009765625,-2233.599853515625
9840,-2454.659912109375,0.0,0.0,0.14479981362819672,-2454.659912109375,-2446.5,127.0337142944336,-2712.10009765625,-2671.39990234375,-2610.60009765625,-2522.25,-2446.5,-2368.25,-2292.300048828125,-2251.60009765625,-2233.599853515625
9848,-2454.659912109375,0.0,0.0,0.15640901029109955,-2454.659912109375,-2446.5,127.0337142944336,-2712.10009765625,-2671.39990234375,-2610.60009765625,-2522.25,-2446.5,-2368.25,-2292.300048828125,-2251.60009765625,-2233.599853515625
9856,-2454.659912109375,0.0,0.0,0.14371295273303986,-2454.659912109375,-2446.5,127.0337142944336,-2712.10009765625,-2671.39990234375,-2610.60009765625,-2522.25,-2446.5,-2368.25,-2292.300048828125,-2251.60009765625,-2233.599853515625
9864,-2454.760009765625,0.0,0.0,0.14955128729343414,-2454.760009765625,-2448.0,127.03016662597656,-2712.10009765625,-2671.39990234375,-2610.60009765625,-2522.25,-2448.0,-2368.25,-2292.300048828125,-2251.60009765625,-2233.599853515625
9872,-2454.780029296875,0.0,0.0,0.14931708574295044,-2454.780029296875,-2448.0,127.00374603271484,-2712.10009765625,-2671.39990234375,-2610.60009765625,-2522.25,-2448.0,-2368.25,-2292.5,-2251.60009765625,-2233.599853515625
9880,-2454.780029296875,0.0,0.0,0.14775559306144714,-2454.780029296875,-2448.0,127.00374603271484,-2712.10009765625,-2671.39990234375,-2610.60009765625,-2522.25,-2448.0,-2368.25,-2292.5,-2251.60009765625,-2233.599853515625
9888,-2454.81982421875,0.0,0.0,0.15172328054904938,-2454.820068359375,-2448.0,126.98585510253906,-2712.10009765625,-2671.39990234375,-2610.60009765625,-2522.25,-2448.0,-2368.25,-2292.5,-2251.60009765625,-2233.599853515625
9896,-2454.81982421875,0.0,0.0,0.14303621649742126,-2454.820068359375,-2448.0,126.98585510253906,-2712.10009765625,-2671.39990234375,-2610.60009765625,-2522.25,-2448.0,-2368.25,-2292.5,-2251.60009765625,-2233.599853515625
9904,-2454.83984375,0.0,0.0,0.14656829833984375,-2454.840087890625,-2448.0,126.9786376953125,-2712.10009765625,-2671.39990234375,-2610.60009765625,-2522.25,-2448.0,-2368.25,-2292.5,-2251.60009765625,-2233.599853515625
9912,-2454.83984375,0.0,0.0,0.1411183923482895,-2454.840087890625,-2448.0,126.9786376953125,-2712.10009765625,-2671.39990234375,-2610.60009765625,-2522.25,-2448.0,-2368.25,-2292.5,-2251.60009765625,-2233.599853515625
9920,-2454.85986328125,0.0,0.0,0.14835914969444275,-2454.860107421875,-2448.0,126.96559143066406,-2712.10009765625,-2671.39990234375,-2610.60009765625,-2522.25,-2448.0,-2368.25,-2292.5,-2251.60009765625,-2233.599853515625
9928,-2454.85986328125,0.0,0.0,0.14415708184242249,-2454.860107421875,-2448.0,126.96559143066406,-2712.10009765625,-2671.39990234375,-2610.60009765625,-2522.25,-2448.0,-2368.25,-2292.5,-2251.60009765625,-2233.599853515625
9936,-2454.85986328125,0.0,0.0,0.15126024186611176,-2454.860107421875,-2448.0,126.96559143066406,-2712.10009765625,-2671.39990234375,-2610.60009765625,-2522.25,-2448.0,-2368.25,-2292.5,-2251.60009765625,-2233.599853515625
9944,-2454.85986328125,0.0,0.0,0.1386144459247589,-2454.860107421875,-2448.0,126.96559143066406,-2712.10009765625,-2671.39990234375,-2610.60009765625,-2522.25,-2448.0,-2368.25,-2292.5,-2251.60009765625,-2233.599853515625
9952,-2454.89990234375,0.0,0.0,0.13505740463733673,-2454.89990234375,-2448.0,126.9517593383789,-2712.10009765625,-2671.39990234375,-2610.60009765625,-2522.25,-2448.0,-2368.25,-2292.5,-2251.60009765625,-2233.599853515625
9960,-2454.89990234375,0.0,0.0,0.1415419578552246,-2454.89990234375,-2448.0,126.9517593383789,-2712.10009765625,-2671.39990234375,-2610.60009765625,-2522.25,-2448.0,-2368.25,-2292.5,-2251.60009765625,-2233.599853515625
9968,-2454.89990234375,0.0,0.0,0.14410723745822906,-2454.89990234375,-2448.0,126.9517593383789,-2712.10009765625,-2671.39990234375,-2610.60009765625,-2522.25,-2448.0,-2368.25,-2292.5,-2251.60009765625,-2233.599853515625
9976,-2454.89990234375,0.0,0.0,0.1343516707420349,-2454.89990234375,-2448.0,126.9517593383789,-2712.10009765625,-2671.39990234375,-2610.60009765625,-2522.25,-2448.0,-2368.25,-2292.5,-2251.60009765625,-2233.599853515625
9984,-2455.0,0.0,0.0,0.13932128250598907,-2455.0,-2448.0,126.87064361572266,-2712.10009765625,-2671.39990234375,-2610.60009765625,-2522.25,-2448.0,-2368.25,-2292.5,-2251.60009765625,-2233.599853515625
9992,-2455.0,0.0,0.0,0.13582690060138702,-2455.0,-2448.0,126.87064361572266,-2712.10009765625,-2671.39990234375,-2610.60009765625,-2522.25,-2448.0,-2368.25,-2292.5,-2251.60009765625,-2233.599853515625
10000,-2455.099853515625,0.0,0.0,0.12961429357528687,-2455.10009765625,-2448.0,126.77124786376953,-2712.10009765625,-2671.39990234375,-2610.60009765625,-2522.25,-2448.0,-2368.25,-2292.89990234375,-2251.60009765625,-2233.599853515625
