step,best_fitness,avg_hamming,avg_l1,avg_entropy,mean,median,std,2%,5%,10%,25%,50%,75%,90%,95%,98%
48,-0.5518379211425781,63.97782516479492,3.9678382873535156,88.50801658630371,0.5518379807472229,0.5514024496078491,0.012558679096400738,0.5295351147651672,0.5322872996330261,0.5373485684394836,0.5435637831687927,0.5514024496078491,0.5592383742332458,0.5674023032188416,0.5742745995521545,0.5796001553535461
96,-0.5580822825431824,63.972084045410156,4.058644771575928,88.49360275268555,0.5580822825431824,0.5564208030700684,0.011805054731667042,0.5380682349205017,0.541921079158783,0.5443161725997925,0.5500959753990173,0.5564208030700684,0.5639310479164124,0.5725939869880676,0.5798612833023071,0.5893393754959106
144,-0.5622280240058899,63.965328216552734,4.137511730194092,88.47892189025879,0.5622280240058899,0.561374843120575,0.011609443463385105,0.5468881130218506,0.5473127961158752,0.5491482615470886,0.55252605676651,0.561374843120575,0.5687433481216431,0.5772259831428528,0.5834788084030151,0.5893393754959106
192,-0.5646862983703613,63.95746612548828,4.20900821685791,88.4636402130127,0.5646862983703613,0.5633184909820557,0.012471899390220642,0.5470738410949707,0.5486587882041931,0.550021767616272,0.5557023882865906,0.5633184909820557,0.571979284286499,0.5821905732154846,0.5881144404411316,0.5924392938613892
240,-0.5664874911308289,63.94820785522461,4.277154922485352,88.44715690612793,0.5664874911308289,0.5644136667251587,0.011736894026398659,0.5492568612098694,0.5502647161483765,0.552178680896759,0.5578358173370361,0.5644136667251587,0.5727450251579285,0.5833175182342529,0.5881144404411316,0.5924392938613892
288,-0.5682345628738403,63.93775177001953,4.339476585388184,88.43031883239746,0.5682345032691956,0.5662875175476074,0.011442136019468307,0.5494083166122437,0.5519618988037109,0.5529568195343018,0.5594590902328491,0.5662875175476074,0.5763511657714844,0.5838742852210999,0.5881144404411316,0.5924392938613892
336,-0.5697430372238159,63.924842834472656,4.400469779968262,88.41072273254395,0.5697430372238159,0.5683664083480835,0.01141749881207943,0.5505266189575195,0.5528944730758667,0.5566135048866272,0.5612730383872986,0.5683664083480835,0.5779851675033569,0.5867990851402283,0.589414656162262,0.593258798122406
384,-0.5709009170532227,63.91093063354492,4.461699485778809,88.38986778259277,0.5709009766578674,0.5696960687637329,0.011304924264550209,0.5522454977035522,0.5529568791389465,0.5577476024627686,0.5621308088302612,0.5696960687637329,0.579085111618042,0.5879520177841187,0.591826856136322,0.5936142802238464
432,-0.5723963975906372,63.89643478393555,4.520511627197266,88.36901473999023,0.572396457195282,0.5701761841773987,0.011357791721820831,0.5529233813285828,0.5564825534820557,0.5591771006584167,0.5644345283508301,0.5701761841773987,0.5803736448287964,0.5882070660591125,0.5924047231674194,0.5961815714836121
480,-0.5740858316421509,63.882179260253906,4.5749640464782715,88.34901809692383,0.5740858316421509,0.572081983089447,0.012002414092421532,0.5529233813285828,0.5564825534820557,0.5591771006584167,0.5660521984100342,0.572081983089447,0.5833017826080322,0.5917774438858032,0.5936927795410156,0.5992661118507385
528,-0.5757887363433838,63.865989685058594,4.6279520988464355,88.32658958435059,0.5757887363433838,0.5745673775672913,0.012129753828048706,0.552952766418457,0.5566172003746033,0.5605741739273071,0.567901074886322,0.5745673775672913,0.5839569568634033,0.5924465656280518,0.5963866710662842,0.599773108959198
576,-0.5771324634552002,63.849212646484375,4.6762495040893555,88.3043384552002,0.5771324634552002,0.5756374597549438,0.01263550203293562,0.552952766418457,0.55782151222229,0.5607146620750427,0.5684831738471985,0.5756374597549438,0.5872251391410828,0.5938237309455872,0.5994800925254822,0.6033176183700562
624,-0.5782614350318909,63.83160400390625,4.726856231689453,88.28082656860352,0.5782614350318909,0.5768507719039917,0.01219817716628313,0.5565698146820068,0.5592013597488403,0.5625370144844055,0.5697519183158875,0.5768507719039917,0.5879027247428894,0.5961859822273254,0.5994800925254822,0.6033176183700562
672,-0.5791887640953064,63.810264587402344,4.773654937744141,88.25375366210938,0.5791888236999512,0.5785797834396362,0.011713596060872078,0.5566101670265198,0.5592013597488403,0.5649482011795044,0.5708416700363159,0.5785797834396362,0.5879392623901367,0.5961859822273254,0.5994800925254822,0.6033176183700562
720,-0.5795237421989441,63.788902282714844,4.824681282043457,88.22600173950195,0.5795238018035889,0.5788204669952393,0.011609675362706184,0.5566101670265198,0.5606417655944824,0.5649482011795044,0.5714881420135498,0.5788204669952393,0.5879392623901367,0.5961859822273254,0.5994800925254822,0.6033176183700562
768,-0.5802723169326782,63.76662826538086,4.871077537536621,88.19817543029785,0.5802723169326782,0.5795556902885437,0.011294197291135788,0.5591968894004822,0.5615187883377075,0.5663131475448608,0.5721067190170288,0.5795556902885437,0.588293194770813,0.5963228344917297,0.5994800925254822,0.6033176183700562
816,-0.5812212824821472,63.74262237548828,4.913974285125732,88.16826629638672,0.5812212824821472,0.5804498195648193,0.011095835827291012,0.5610891580581665,0.5635418891906738,0.5674644708633423,0.5728631019592285,0.5804498195648193,0.5891970992088318,0.5963228344917297,0.5994800925254822,0.6033176183700562
864,-0.5814632177352905,63.716941833496094,4.9566192626953125,88.13724327087402,0.5814632177352905,0.5804498195648193,0.010897675529122353,0.5610891580581665,0.5649506449699402,0.5678716897964478,0.573103129863739,0.5804498195648193,0.5891970992088318,0.5963228344917297,0.5994800925254822,0.6033176183700562
912,-0.5823269486427307,63.690399169921875,5.005498886108398,88.10458755493164,0.5823270082473755,0.5817403793334961,0.010430779308080673,0.5616844892501831,0.5659947395324707,0.5687602162361145,0.5746612548828125,0.5817403793334961,0.5891970992088318,0.5972129702568054,0.5994800925254822,0.6033176183700562
960,-0.583150327205658,63.664207458496094,5.053131103515625,88.07233047485352,0.5831502676010132,0.5832885503768921,0.010578523389995098,0.5648401379585266,0.5661590099334717,0.568771243095398,0.5752277970314026,0.5832885503768921,0.5899702310562134,0.5981777310371399,0.5997181534767151,0.6035366058349609
1008,-0.5841302871704102,63.63612365722656,5.099540710449219,88.03830337524414,0.5841303467750549,0.5857797861099243,0.01025386992841959,0.5648401379585266,0.5678941607475281,0.5709211230278015,0.5768216848373413,0.5857797861099243,0.5902376770973206,0.5981777310371399,0.5997181534767151,0.6035366058349609
1056,-0.5855237245559692,63.60713195800781,5.141923427581787,88.00372695922852,0.585523784160614,0.5864009261131287,0.010089232586324215,0.566866934299469,0.5689833760261536,0.5724799036979675,0.5785369873046875,0.5864009261131287,0.5919397473335266,0.5992783308029175,0.6022771000862122,0.6051989197731018
1104,-0.5865723490715027,63.57795715332031,5.182501316070557,87.96878242492676,0.5865724086761475,0.5873998403549194,0.010473579168319702,0.5668684840202332,0.5689833760261536,0.5727594494819641,0.5785813331604004,0.5873998403549194,0.593721866607666,0.6000633239746094,0.6033232808113098,0.6083499193191528
1152,-0.588187575340271,63.54669952392578,5.220518112182617,87.93202209472656,0.5881876945495605,0.588084876537323,0.010285099036991596,0.5689720511436462,0.5727675557136536,0.5753095746040344,0.5802133083343506,0.588084876537323,0.595535933971405,0.6010106205940247,0.6041998863220215,0.6108427047729492
1200,-0.5884574055671692,63.5162353515625,5.2631120681762695,87.89590644836426,0.5884574055671692,0.5880937576293945,0.010339193977415562,0.5689720511436462,0.5727675557136536,0.575538694858551,0.5802133083343506,0.5880937576293945,0.5961942672729492,0.6010631322860718,0.6041998863220215,0.6108427047729492
1248,-0.5887265801429749,63.48360824584961,5.301721572875977,87.85783767700195,0.5887266397476196,0.5884857177734375,0.010139264166355133,0.5689720511436462,0.5733113288879395,0.575538694858551,0.581198513507843,0.5884857177734375,0.5961942672729492,0.6010631322860718,0.6041998863220215,0.6108427047729492
1296,-0.5896725058555603,63.449119567871094,5.3433380126953125,87.81755065917969,0.5896726250648499,0.5892132520675659,0.009926864877343178,0.5722920298576355,0.5746843814849854,0.5772156715393066,0.5817238092422485,0.5892132520675659,0.5971857309341431,0.6022875905036926,0.6051760911941528,0.6108427047729492
1344,-0.5900596976280212,63.4156608581543,5.383448600769043,87.77818489074707,0.590059757232666,0.5901404619216919,0.009801998734474182,0.5722920298576355,0.5746843814849854,0.5781795978546143,0.582524836063385,0.5901404619216919,0.5971857309341431,0.6022875905036926,0.6051760911941528,0.6108427047729492
1392,-0.5902036428451538,63.37849044799805,5.418214797973633,87.73562431335449,0.5902037024497986,0.5902670621871948,0.009664149954915047,0.572780430316925,0.5746843814849854,0.578298032283783,0.582524836063385,0.5902670621871948,0.5971857309341431,0.6022875905036926,0.6051760911941528,0.6108427047729492
1440,-0.5909512639045715,63.34115219116211,5.456939697265625,87.69268226623535,0.5909513235092163,0.5907037258148193,0.009922537952661514,0.5730106830596924,0.576000452041626,0.5784065127372742,0.5838311910629272,0.5907037258148193,0.5976057052612305,0.6029171943664551,0.6060631275177002,0.612358570098877
1488,-0.5910730957984924,63.304012298583984,5.496708869934082,87.64973640441895,0.5910731554031372,0.5910108089447021,0.0098712844774127,0.5730106830596924,0.576000452041626,0.5785397887229919,0.5838311910629272,0.5910108089447021,0.5976057052612305,0.6029171943664551,0.6060631275177002,0.612358570098877
1536,-0.5916047692298889,63.26482391357422,5.539994239807129,87.60400009155273,0.5916047692298889,0.5915684103965759,0.00971752405166626,0.5730106830596924,0.5760564208030701,0.5791455507278442,0.5843022465705872,0.5915684103965759,0.5982010960578918,0.6033328175544739,0.6060631275177002,0.612358570098877
1584,-0.5919455289840698,63.22313690185547,5.5748515129089355,87.5565185546875,0.5919455885887146,0.5920349955558777,0.010008972138166428,0.5730106830596924,0.5760564208030701,0.5795563459396362,0.5843022465705872,0.5920349955558777,0.5983422994613647,0.6035686135292053,0.6084252595901489,0.6154473423957825
1632,-0.592088520526886,63.180877685546875,5.607682704925537,87.50822639465332,0.592088520526886,0.5924365520477295,0.010013858787715435,0.5730106830596924,0.5760564208030701,0.5795563459396362,0.5843022465705872,0.5924365520477295,0.5983422994613647,0.6035686135292053,0.6084252595901489,0.6154473423957825
1680,-0.5927601456642151,63.138641357421875,5.643735408782959,87.46000480651855,0.5927601456642151,0.5930115580558777,0.009982142597436905,0.5747203826904297,0.5760564208030701,0.5796753764152527,0.5861268043518066,0.5930115580558777,0.5993572473526001,0.60422682762146,0.6084252595901489,0.6154473423957825
1728,-0.5933922529220581,63.09077072143555,5.679840087890625,87.40572166442871,0.5933923125267029,0.5941399335861206,0.010122762992978096,0.5747203826904297,0.5764387249946594,0.5796753764152527,0.586294412612915,0.5941399335861206,0.5997875928878784,0.6049349308013916,0.6085413098335266,0.6154473423957825
1776,-0.5939164161682129,63.045433044433594,5.7131171226501465,87.3542594909668,0.5939164757728577,0.5948362946510315,0.009965368546545506,0.5747203826904297,0.5764387249946594,0.5796753764152527,0.5877416133880615,0.5948362946510315,0.6001534461975098,0.6049349308013916,0.6085413098335266,0.6154473423957825
1824,-0.5942050218582153,62.99811935424805,5.742539882659912,87.3011302947998,0.5942050218582153,0.5954891443252563,0.00984754879027605,0.5747203826904297,0.5764387249946594,0.5802550911903381,0.5880314111709595,0.5954891443252563,0.6001534461975098,0.6049438714981079,0.6085413098335266,0.6154473423957825
1872,-0.5943280458450317,62.94853973388672,5.780913352966309,87.24492835998535,0.5943281054496765,0.5954891443252563,0.009937821887433529,0.5747203826904297,0.5764387249946594,0.5802550911903381,0.5880314111709595,0.5954891443252563,0.6002495288848877,0.6052166223526001,0.6085413098335266,0.6154473423957825
1920,-0.5952039361000061,62.901222229003906,5.82001256942749,87.19086837768555,0.5952038764953613,0.5959628820419312,0.009532573632895947,0.5760364532470703,0.5789483189582825,0.5826817750930786,0.5891948342323303,0.5959628820419312,0.6009026765823364,0.606041669845581,0.6098122596740723,0.6154473423957825
1968,-0.5957711935043335,62.85189437866211,5.8599042892456055,87.13434791564941,0.5957711935043335,0.5968436002731323,0.009330927394330502,0.5764505863189697,0.5792785286903381,0.5826817750930786,0.589958906173706,0.5968436002731323,0.6021435260772705,0.6067341566085815,0.6098122596740723,0.6154473423957825
2016,-0.5958353877067566,62.799156188964844,5.897218227386475,87.07453155517578,0.5958353877067566,0.5969047546386719,0.009354040957987309,0.5764505863189697,0.5792785286903381,0.5826817750930786,0.589958906173706,0.5969047546386719,0.6023690700531006,0.6067341566085815,0.6098122596740723,0.6154473423957825
2064,-0.5962218046188354,62.74665832519531,5.93268346786499,87.01522827148438,0.5962218046188354,0.5973377227783203,0.009276173077523708,0.5764505863189697,0.5792785286903381,0.5826817750930786,0.5914065837860107,0.5973377227783203,0.6028140783309937,0.6067341566085815,0.6098122596740723,0.6154473423957825
2112,-0.5972627401351929,62.69255065917969,5.968646049499512,86.95448112487793,0.5972626805305481,0.59815913438797,0.009671143256127834,0.5764505863189697,0.5803171992301941,0.5836652517318726,0.5914747714996338,0.59815913438797,0.6030815839767456,0.6083118319511414,0.6108871698379517,0.6165257096290588
2160,-0.5975025296211243,62.636470794677734,5.997109889984131,86.89237785339355,0.5975025296211243,0.5983665585517883,0.009739058092236519,0.5764505863189697,0.5803171992301941,0.5836652517318726,0.5923181772232056,0.5983665585517883,0.6033613681793213,0.6084704995155334,0.612301230430603,0.6165257096290588
2208,-0.5977879762649536,62.57916259765625,6.030936241149902,86.82822036743164,0.5977880358695984,0.5990735292434692,0.009720787405967712,0.5764505863189697,0.5803171992301941,0.5836652517318726,0.5930944681167603,0.5990735292434692,0.6035710573196411,0.6084704995155334,0.612301230430603,0.6165257096290588
2256,-0.5982685089111328,62.5199089050293,6.056933403015137,86.76329231262207,0.5982685685157776,0.5993734002113342,0.009371383115649223,0.5764505863189697,0.5811102986335754,0.5851788520812988,0.5935339331626892,0.5993734002113342,0.6035710573196411,0.6084704995155334,0.612301230430603,0.6165257096290588
2304,-0.5984998345375061,62.45901107788086,6.096672058105469,86.69468879699707,0.5984997749328613,0.5995733737945557,0.009255665354430676,0.5801097750663757,0.5811344981193542,0.5851788520812988,0.5935339331626892,0.5995733737945557,0.6038303375244141,0.608945369720459,0.612301230430603,0.6165257096290588
2352,-0.5990399122238159,62.39495086669922,6.128230094909668,86.62322998046875,0.5990399718284607,0.5997698307037354,0.00913540180772543,0.5801097750663757,0.5816335082054138,0.5862185955047607,0.5939247608184814,0.5997698307037354,0.6040586233139038,0.608945369720459,0.6124524474143982,0.6198484897613525
2400,-0.599474310874939,62.33347702026367,6.1571044921875,86.55504989624023,0.599474310874939,0.599941611289978,0.009389039129018784,0.5801097750663757,0.5820870995521545,0.5862372517585754,0.5950638651847839,0.599941611289978,0.6043353080749512,0.6093186736106873,0.6154776811599731,0.6208798885345459
2448,-0.5997956991195679,62.269771575927734,6.195929527282715,86.48342704772949,0.5997956991195679,0.6001691222190857,0.009276839904487133,0.5801097750663757,0.5827299952507019,0.586467444896698,0.5953729152679443,0.6001691222190857,0.6049402356147766,0.6093186736106873,0.6154776811599731,0.6208798885345459
2496,-0.6003606915473938,62.20360565185547,6.225921630859375,86.41009712219238,0.6003606915473938,0.6003766059875488,0.00891780387610197,0.5811287760734558,0.5852523446083069,0.5869237184524536,0.5955256223678589,0.6003766059875488,0.6051512956619263,0.6097696423530579,0.6154776811599731,0.6208798885345459
2544,-0.6009764075279236,62.134178161621094,6.262733459472656,86.33265113830566,0.6009764671325684,0.6009293794631958,0.009175832383334637,0.5811287760734558,0.5852523446083069,0.5869237184524536,0.596603274345398,0.6009293794631958,0.6054134964942932,0.6109613180160522,0.616607129573822,0.622856855392456
2592,-0.6014888882637024,62.068206787109375,6.293547630310059,86.25913047790527,0.6014888882637024,0.6013944745063782,0.009130884893238544,0.5811287760734558,0.5852523446083069,0.5894086360931396,0.5976443290710449,0.6013944745063782,0.6058306694030762,0.6111252307891846,0.616607129573822,0.6247426867485046
2640,-0.6018581986427307,61.9974479675293,6.325167655944824,86.18049430847168,0.6018582582473755,0.6013944745063782,0.009093577042222023,0.5814065337181091,0.5862390398979187,0.5910605192184448,0.5976443290710449,0.6013944745063782,0.6065384149551392,0.6123535633087158,0.616607129573822,0.6247426867485046
2688,-0.6024623513221741,61.92478942871094,6.362447261810303,86.098876953125,0.6024623513221741,0.6021029353141785,0.009089105762541294,0.5814065337181091,0.5862390398979187,0.592991054058075,0.5980292558670044,0.6021029353141785,0.6071882247924805,0.6129225492477417,0.616607129573822,0.6247426867485046
2736,-0.6026472449302673,61.85289001464844,6.391956329345703,86.01900482177734,0.6026473045349121,0.6021698713302612,0.008924364112317562,0.5814065337181091,0.5864757895469666,0.5934618711471558,0.5984671115875244,0.6021698713302612,0.6071882247924805,0.6129225492477417,0.616607129573822,0.6247426867485046
2784,-0.6030099391937256,61.779449462890625,6.42392110824585,85.93697738647461,0.6030099391937256,0.6029250621795654,0.009093912318348885,0.5814065337181091,0.5864757895469666,0.5934618711471558,0.5986570119857788,0.6029250621795654,0.608054518699646,0.6134096384048462,0.6198711395263672,0.6247426867485046
2832,-0.603636622428894,61.70168685913086,6.451021194458008,85.85133743286133,0.603636622428894,0.6035270094871521,0.00893109105527401,0.582758903503418,0.5866631865501404,0.5938394069671631,0.5993430614471436,0.6035270094871521,0.6085436344146729,0.6137784123420715,0.6198711395263672,0.6247426867485046
2880,-0.6038492918014526,61.62594223022461,6.4876861572265625,85.76614570617676,0.6038492321968079,0.6037633419036865,0.008924581110477448,0.5839130878448486,0.5866631865501404,0.5938394069671631,0.5993430614471436,0.6037633419036865,0.6093847751617432,0.6137784123420715,0.6198711395263672,0.6247426867485046
2928,-0.6046445369720459,61.54766845703125,6.522429466247559,85.67834091186523,0.6046445369720459,0.6037876605987549,0.00894756056368351,0.5861736536026001,0.5910005569458008,0.5949109196662903,0.5996152758598328,0.6037876605987549,0.6098688244819641,0.6154892444610596,0.6206939220428467,0.6254073977470398
2976,-0.6049657464027405,61.46735763549805,6.555306911468506,85.58871841430664,0.6049656867980957,0.6038963794708252,0.008743088692426682,0.5866264700889587,0.593089759349823,0.5949109196662903,0.6001240015029907,0.6038963794708252,0.6098688244819641,0.6154892444610596,0.6206939220428467,0.6254073977470398
3024,-0.6056488752365112,61.384498596191406,6.58850622177124,85.49664497375488,0.6056488752365112,0.604587197303772,0.009111670777201653,0.5868903398513794,0.5931282639503479,0.5949109196662903,0.6002315282821655,0.604587197303772,0.6108121275901794,0.6175292730331421,0.6230248212814331,0.6280875205993652
3072,-0.6061522960662842,61.303184509277344,6.621194362640381,85.40632438659668,0.6061522960662842,0.6057326197624207,0.009361469186842442,0.5881607532501221,0.5931282639503479,0.5949541330337524,0.6002315282821655,0.6057326197624207,0.6113643646240234,0.6195554137229919,0.6247613430023193,0.6282382011413574
3120,-0.6064354777336121,61.220314025878906,6.649205684661865,85.31438255310059,0.6064354777336121,0.6060082912445068,0.009200185537338257,0.5889237523078918,0.5931282639503479,0.5949541330337524,0.600419282913208,0.6060082912445068,0.611875057220459,0.6195554137229919,0.6247613430023193,0.6282382011413574
3168,-0.6067420840263367,61.133697509765625,6.68235969543457,85.21755409240723,0.6067420840263367,0.6060082912445068,0.009206077083945274,0.5889237523078918,0.5935196876525879,0.5954253077507019,0.6010949611663818,0.6060082912445068,0.611875057220459,0.6199139952659607,0.6248529553413391,0.6282382011413574
3216,-0.6074066758155823,61.044525146484375,6.708848476409912,85.11824607849121,0.6074066758155823,0.6065026521682739,0.009034250862896442,0.5919219255447388,0.5935347080230713,0.5964518189430237,0.6016313433647156,0.6065026521682739,0.6123171448707581,0.6207016110420227,0.6248529553413391,0.6282382011413574
3264,-0.6078747510910034,60.95195770263672,6.742393493652344,85.01477813720703,0.6078748106956482,0.6065026521682739,0.009314613416790962,0.5919219255447388,0.5953314304351807,0.5976753830909729,0.6016313433647156,0.6065026521682739,0.6127749085426331,0.6208595633506775,0.6254892945289612,0.6283426284790039
3312,-0.6085106730461121,60.855621337890625,6.765775203704834,84.90829086303711,0.6085107326507568,0.6068201661109924,0.009091746993362904,0.5928579568862915,0.5965064167976379,0.5986303091049194,0.6020467281341553,0.6068201661109924,0.6130536198616028,0.6208595633506775,0.6254892945289612,0.6283426284790039
3360,-0.6088873744010925,60.76652145385742,6.794021129608154,84.8096981048584,0.6088874340057373,0.6075552701950073,0.009103497490286827,0.5928579568862915,0.5965064167976379,0.5989484786987305,0.6026664972305298,0.6075552701950073,0.6134306788444519,0.6212160587310791,0.6254892945289612,0.6283426284790039
3408,-0.6095131635665894,60.67298889160156,6.822288513183594,84.70554542541504,0.6095131635665894,0.6089813709259033,0.009175247512757778,0.5928579568862915,0.5967242121696472,0.5993115901947021,0.6031255722045898,0.6089813709259033,0.6138994693756104,0.6228713989257812,0.6254892945289612,0.6283426284790039
3456,-0.6099775433540344,60.577720642089844,6.855297088623047,84.59869003295898,0.6099775433540344,0.6091615557670593,0.009277180768549442,0.5928716063499451,0.5967242121696472,0.5994114279747009,0.6032873392105103,0.6091615557670593,0.6154989004135132,0.6231145858764648,0.6257941722869873,0.6283426284790039
3504,-0.6107903718948364,60.48027801513672,6.883700370788574,84.48987770080566,0.6107904314994812,0.6094660758972168,0.009490923024713993,0.5937299132347107,0.5973391532897949,0.600294828414917,0.6037110090255737,0.6094660758972168,0.6171382665634155,0.6248355507850647,0.6280921101570129,0.6299006938934326
3552,-0.6115297079086304,60.382080078125,6.910126686096191,84.38076591491699,0.6115297079086304,0.6108188033103943,0.009745784103870392,0.5937299132347107,0.5973391532897949,0.600294828414917,0.6045014262199402,0.6108188033103943,0.6189738512039185,0.6249590516090393,0.6282405257225037,0.6336351037025452
3600,-0.6119256615638733,60.282737731933594,6.938748836517334,84.26988410949707,0.6119256615638733,0.6110327243804932,0.009795424528419971,0.5965087413787842,0.5973504781723022,0.600294828414917,0.6049044132232666,0.6110327243804932,0.6194193363189697,0.6253848075866699,0.6283523440361023,0.6336351037025452
3648,-0.6128562688827515,60.184837341308594,6.9748945236206055,84.15833854675293,0.6128562688827515,0.6116513013839722,0.010032321326434612,0.5969537496566772,0.5978745222091675,0.600347101688385,0.6049662828445435,0.6116513013839722,0.6197859048843384,0.6256775259971619,0.6291205286979675,0.6367841362953186
3696,-0.6133093237876892,60.085079193115234,7.003902435302734,84.04608917236328,0.613309383392334,0.6125208139419556,0.010522894561290741,0.5973405838012695,0.5986707806587219,0.6011327505111694,0.6049662828445435,0.6125208139419556,0.6197859048843384,0.625949501991272,0.629950761795044,0.6370956897735596
3744,-0.6137712001800537,59.98032760620117,7.029420852661133,83.92935943603516,0.6137712597846985,0.6129084825515747,0.01051901001483202,0.5973706245422363,0.5994385480880737,0.6012174487113953,0.605494499206543,0.6129084825515747,0.6197859048843384,0.6280996799468994,0.6335952281951904,0.6370956897735596
3792,-0.6145968437194824,59.8786735534668,7.057853698730469,83.8156623840332,0.6145968437194824,0.6136459112167358,0.010876310057938099,0.5973706245422363,0.5996257662773132,0.6012174487113953,0.6055830717086792,0.6136459112167358,0.6205259561538696,0.6291542053222656,0.6341930627822876,0.6390380263328552
3840,-0.61501544713974,59.775203704833984,7.083035945892334,83.70019912719727,0.6150155067443848,0.613715648651123,0.01088507566601038,0.5973706245422363,0.6003029942512512,0.6014628410339355,0.6066476702690125,0.613715648651123,0.6205259561538696,0.6298044919967651,0.6358596682548523,0.6390380263328552
3888,-0.6155564188957214,59.67057418823242,7.112605571746826,83.5832290649414,0.6155564188957214,0.6152447462081909,0.010658802464604378,0.5986844897270203,0.6003342866897583,0.6016640067100525,0.6079584956169128,0.6152447462081909,0.6207553148269653,0.6298044919967651,0.6358596682548523,0.6390380263328552
3936,-0.6158483028411865,59.563438415527344,7.139441967010498,83.4633560180664,0.6158483028411865,0.6157362461090088,0.01057141087949276,0.5986844897270203,0.6003682017326355,0.6031911373138428,0.6084198355674744,0.6157362461090088,0.6212934255599976,0.6298044919967651,0.6358596682548523,0.6390380263328552
3984,-0.616801381111145,59.452049255371094,7.169236660003662,83.33800888061523,0.616801381111145,0.6166596412658691,0.011260445229709148,0.5986844897270203,0.6003682017326355,0.6031911373138428,0.6088637113571167,0.6166596412658691,0.6233503222465515,0.6308775544166565,0.6367915868759155,0.6406303644180298
4032,-0.617422342300415,59.33942794799805,7.19183874130249,83.21220970153809,0.617422342300415,0.6173193454742432,0.011065997183322906,0.5994614958763123,0.6008689403533936,0.6036055088043213,0.6090173721313477,0.6173193454742432,0.6247764825820923,0.6308775544166565,0.6367915868759155,0.6406303644180298
4080,-0.618434488773346,59.22547149658203,7.2289228439331055,83.08338737487793,0.6184345483779907,0.6188486814498901,0.010817233473062515,0.6005303859710693,0.6032127141952515,0.604948103427887,0.6096566915512085,0.6188486814498901,0.6256377696990967,0.6309651136398315,0.6367915868759155,0.6406303644180298
4128,-0.6190003156661987,59.115989685058594,7.255674362182617,82.95993995666504,0.6190004348754883,0.6192048192024231,0.010818185284733772,0.6005303859710693,0.603437602519989,0.6052993535995483,0.6103436946868896,0.6192048192024231,0.6256833076477051,0.6335957646369934,0.6371200680732727,0.6406303644180298
4176,-0.6195139288902283,59.00365447998047,7.279631614685059,82.83395576477051,0.619513988494873,0.6192935705184937,0.010712378658354282,0.6005303859710693,0.6043115258216858,0.6055270433425903,0.6107132434844971,0.6192935705184937,0.6262891888618469,0.6338434815406799,0.6371200680732727,0.6406303644180298
4224,-0.620039701461792,58.886146545410156,7.311278343200684,82.70086669921875,0.6200397610664368,0.6200118064880371,0.010561292059719563,0.6005303859710693,0.6050068140029907,0.6061373353004456,0.6121227741241455,0.6200118064880371,0.6265869140625,0.6338434815406799,0.6371200680732727,0.6406303644180298
4272,-0.6212543845176697,58.77117156982422,7.336625099182129,82.57169914245605,0.6212543845176697,0.6209219098091125,0.010171255096793175,0.6051125526428223,0.605807900428772,0.6081886887550354,0.6139724254608154,0.6209219098091125,0.6273160576820374,0.6341773867607117,0.6371200680732727,0.6433969736099243
4320,-0.6218608021736145,58.64714050292969,7.36244535446167,82.43251419067383,0.6218608617782593,0.6221849322319031,0.009923283010721207,0.605329155921936,0.6063247919082642,0.6092546582221985,0.614059329032898,0.6221849322319031,0.6282482147216797,0.6341773867607117,0.6371200680732727,0.6433969736099243
4368,-0.6222320199012756,58.536102294921875,7.3887176513671875,82.30668067932129,0.6222320795059204,0.6226156949996948,0.00965022761374712,0.60554438829422,0.6064966320991516,0.6095046401023865,0.6147774457931519,0.6226156949996948,0.6282482147216797,0.6341773867607117,0.6371200680732727,0.6433969736099243
4416,-0.6224596500396729,58.419158935546875,7.410516262054443,82.17473411560059,0.6224596500396729,0.6228944063186646,0.009603648446500301,0.6058160662651062,0.6068414449691772,0.6095046401023865,0.6150075197219849,0.6228944063186646,0.6284838914871216,0.6341773867607117,0.6371200680732727,0.6433969736099243
4464,-0.6227584481239319,58.30241012573242,7.437154293060303,82.04188346862793,0.6227585077285767,0.6230121850967407,0.00959113147109747,0.6058160662651062,0.6068414449691772,0.6099861264228821,0.6155194044113159,0.6230121850967407,0.6292476654052734,0.6341773867607117,0.6371200680732727,0.6433969736099243
4512,-0.6232138872146606,58.18093490600586,7.4650983810424805,81.90350914001465,0.6232139468193054,0.6231324672698975,0.009694230742752552,0.6058160662651062,0.6068414449691772,0.610090434551239,0.6157399415969849,0.6231324672698975,0.6302921772003174,0.6353163123130798,0.6371200680732727,0.6433969736099243
4560,-0.6240668892860413,58.059104919433594,7.493315696716309,81.76527404785156,0.624066948890686,0.6250629425048828,0.009894472546875477,0.6058160662651062,0.6068414449691772,0.6101343631744385,0.6166281700134277,0.6250629425048828,0.6310586929321289,0.6359260082244873,0.6376517415046692,0.6433969736099243
4608,-0.6245006322860718,57.932674407958984,7.5177435874938965,81.62164115905762,0.6245006322860718,0.6256690621376038,0.009885174222290516,0.6058160662651062,0.6068414449691772,0.6101343631744385,0.6176250576972961,0.6256690621376038,0.6312270164489746,0.6359260082244873,0.6376517415046692,0.6433969736099243
4656,-0.6251845359802246,57.80836486816406,7.54084587097168,81.48112869262695,0.6251845359802246,0.6263402104377747,0.009701020084321499,0.6065012216567993,0.607466459274292,0.6107496023178101,0.6188836097717285,0.6263402104377747,0.6320295333862305,0.6361923217773438,0.6388370394706726,0.6433969736099243
4704,-0.6254767775535583,57.68192672729492,7.570761680603027,81.33704948425293,0.6254767775535583,0.6266389489173889,0.009571497328579426,0.6065012216567993,0.6082322001457214,0.6116869449615479,0.619247555732727,0.6266389489173889,0.6320295333862305,0.6363484859466553,0.6388370394706726,0.6433969736099243
4752,-0.6261328458786011,57.55215072631836,7.5958709716796875,81.18981552124023,0.6261328458786011,0.6275312900543213,0.00965449120849371,0.6065012216567993,0.6087808609008789,0.6116869449615479,0.6198042631149292,0.6275312900543213,0.6322791576385498,0.636803925037384,0.6403393149375916,0.6433969736099243
4800,-0.6265140175819397,57.418678283691406,7.618773460388184,81.03963279724121,0.6265140771865845,0.6275312900543213,0.009650011546909809,0.6065012216567993,0.6097432971000671,0.6127535700798035,0.6198239326477051,0.6275312900543213,0.6324671506881714,0.6378506422042847,0.6405381560325623,0.6434046030044556
4848,-0.627000629901886,57.284332275390625,7.639098644256592,80.88705635070801,0.627000629901886,0.6278109550476074,0.009074833244085312,0.6097198724746704,0.6107927560806274,0.6154051423072815,0.6199625134468079,0.6278109550476074,0.6324671506881714,0.6378506422042847,0.6405381560325623,0.6434046030044556
4896,-0.6274092793464661,57.150360107421875,7.6541242599487305,80.73577499389648,0.6274092793464661,0.629012942314148,0.009035458788275719,0.6097198724746704,0.6107927560806274,0.6155059933662415,0.6200556755065918,0.629012942314148,0.632771372795105,0.6378506422042847,0.6405381560325623,0.6434046030044556
4944,-0.6279446482658386,57.01354217529297,7.681214809417725,80.57938766479492,0.6279447078704834,0.6294338703155518,0.009248615242540836,0.6097198724746704,0.6107927560806274,0.6155059933662415,0.6216301918029785,0.6294338703155518,0.6338213682174683,0.6389157176017761,0.6418671011924744,0.6441337466239929
4992,-0.6284498572349548,56.877899169921875,7.702462673187256,80.4249153137207,0.6284500360488892,0.6296945214271545,0.009642605669796467,0.6097198724746704,0.6107927560806274,0.6156483888626099,0.6224449276924133,0.6296945214271545,0.6353626847267151,0.6392113566398621,0.6432956457138062,0.648389458656311
5040,-0.629149854183197,56.7387809753418,7.73207426071167,80.26574516296387,0.6291499137878418,0.6300450563430786,0.00949162058532238,0.6097198724746704,0.6147903800010681,0.6161023378372192,0.6227527856826782,0.6300450563430786,0.6362119913101196,0.6400238275527954,0.6432956457138062,0.648389458656311
5088,-0.6298062205314636,56.60003662109375,7.756608486175537,80.10616683959961,0.6298063397407532,0.6303434371948242,0.009660214185714722,0.6101021766662598,0.6147903800010681,0.616370439529419,0.622971773147583,0.6303434371948242,0.6370594501495361,0.6407144665718079,0.6433402299880981,0.648389458656311
5136,-0.6302841901779175,56.45623016357422,7.771943092346191,79.94384002685547,0.6302842497825623,0.6309534907341003,0.009665762074291706,0.6101021766662598,0.6147903800010681,0.617814302444458,0.6236953735351562,0.6309534907341003,0.6373564004898071,0.641929030418396,0.644072949886322,0.648389458656311
5184,-0.6311569213867188,56.30765914916992,7.792695045471191,79.77465438842773,0.6311570405960083,0.6311867237091064,0.009480593726038933,0.6128306984901428,0.6150035858154297,0.6192255616188049,0.6254481077194214,0.6311867237091064,0.6377583146095276,0.6432596445083618,0.6459206938743591,0.648389458656311
5232,-0.6317394375801086,56.165283203125,7.80448055267334,79.61285972595215,0.6317395567893982,0.6325001120567322,0.009477256797254086,0.6142562031745911,0.6156377196311951,0.6194654703140259,0.6260759830474854,0.6325001120567322,0.6385645866394043,0.6432960033416748,0.6459206938743591,0.648389458656311
5280,-0.6326683759689331,56.0081901550293,7.823401927947998,79.43413162231445,0.6326684355735779,0.6337331533432007,0.009498268365859985,0.6147964596748352,0.6160816550254822,0.6200520992279053,0.6262584924697876,0.6337331533432007,0.6389505863189697,0.643377423286438,0.6461156606674194,0.6490163207054138
5328,-0.6330835819244385,55.863121032714844,7.843793869018555,79.26826858520508,0.633083701133728,0.633823037147522,0.009427602402865887,0.6147964596748352,0.6160816550254822,0.620373010635376,0.6262584924697876,0.633823037147522,0.6399075984954834,0.6440988183021545,0.6481806635856628,0.6490163207054138
5376,-0.6335808634757996,55.71466064453125,7.867915153503418,79.09707260131836,0.6335809230804443,0.6340307593345642,0.009565874934196472,0.6150097846984863,0.6179093718528748,0.620373010635376,0.6263657808303833,0.6340307593345642,0.6399998664855957,0.6459252238273621,0.648403525352478,0.6523181200027466
5424,-0.6343491673469543,55.56405258178711,7.886262893676758,78.92420959472656,0.6343491673469543,0.6356632113456726,0.009558564983308315,0.6150097846984863,0.6193105578422546,0.6223378777503967,0.6266412734985352,0.6356632113456726,0.640358030796051,0.6461212635040283,0.648936927318573,0.652519166469574
5472,-0.6348258256912231,55.40433883666992,7.907445430755615,78.74122047424316,0.6348258256912231,0.6358489394187927,0.009512750431895256,0.6150097846984863,0.6193105578422546,0.6226608157157898,0.6277284026145935,0.6358489394187927,0.6413707137107849,0.6472490429878235,0.6495864987373352,0.652519166469574
5520,-0.6352859139442444,55.25483322143555,7.928031921386719,78.56938934326172,0.6352859139442444,0.6358489394187927,0.009525984525680542,0.6160814762115479,0.619766354560852,0.6226638555526733,0.6281853914260864,0.6358489394187927,0.6416041254997253,0.6481879949569702,0.6506726145744324,0.6556079387664795
5568,-0.6358802914619446,55.10273742675781,7.951650142669678,78.39363098144531,0.6358802914619446,0.636127233505249,0.00961671769618988,0.6160814762115479,0.6200575232505798,0.6234267354011536,0.6281853914260864,0.636127233505249,0.6431107521057129,0.6484061479568481,0.6506726145744324,0.6556079387664795
5616,-0.6366564631462097,54.94273376464844,7.9638800621032715,78.2105770111084,0.6366564631462097,0.637122631072998,0.009381848387420177,0.6192919611930847,0.6222732663154602,0.6259543299674988,0.6296036839485168,0.637122631072998,0.6433183550834656,0.6486617922782898,0.6506726145744324,0.6556079387664795
5664,-0.6378034949302673,54.78547286987305,7.979763031005859,78.03048515319824,0.6378035545349121,0.6377969980239868,0.009933595545589924,0.6192919611930847,0.6222732663154602,0.6263216733932495,0.6298716068267822,0.6377969980239868,0.6444799900054932,0.6497335433959961,0.6525818109512329,0.6571875214576721
5712,-0.6387374997138977,54.626522064208984,8.003618240356445,77.84610366821289,0.6387374401092529,0.6381744146347046,0.010548703372478485,0.6192919611930847,0.6222732663154602,0.6266427040100098,0.6307018995285034,0.6381744146347046,0.6469869613647461,0.6522395610809326,0.6558873653411865,0.6580678820610046
5760,-0.6397775411605835,54.46137237548828,8.024053573608398,77.65472030639648,0.6397774815559387,0.6399638652801514,0.010774134658277035,0.6192919611930847,0.6235590577125549,0.6268016695976257,0.6314998865127563,0.6399638652801514,0.6474465131759644,0.6525409817695618,0.6571851372718811,0.662677526473999
5808,-0.6401490569114685,54.302696228027344,8.039340019226074,77.47029113769531,0.6401491761207581,0.6403050422668457,0.010728740133345127,0.6199727058410645,0.6235590577125549,0.6268016695976257,0.6314998865127563,0.6403050422668457,0.6477220058441162,0.6525409817695618,0.6571851372718811,0.662677526473999
5856,-0.6408120393753052,54.13957977294922,8.058246612548828,77.28071594238281,0.64081209897995,0.6405657529830933,0.010935179889202118,0.6199727058410645,0.6235590577125549,0.6268016695976257,0.6320266723632812,0.6405657529830933,0.6483354568481445,0.6542453765869141,0.6574723124504089,0.6635162234306335
5904,-0.6413094401359558,53.970458984375,8.071310043334961,77.0853385925293,0.6413094401359558,0.6412442326545715,0.010869274847209454,0.6222646236419678,0.6243916153907776,0.6275509595870972,0.6322776675224304,0.6412442326545715,0.6484452486038208,0.6549819111824036,0.6581230759620667,0.6635162234306335
5952,-0.6417593359947205,53.808433532714844,8.087285995483398,76.89691925048828,0.6417593359947205,0.6425716280937195,0.01064362283796072,0.6222646236419678,0.6262431740760803,0.6282172203063965,0.6344755291938782,0.6425716280937195,0.6484452486038208,0.6549819111824036,0.6581230759620667,0.6635162234306335
6000,-0.6422551870346069,53.642181396484375,8.094484329223633,76.70527076721191,0.6422552466392517,0.6437530517578125,0.010600622743368149,0.6222646236419678,0.6262431740760803,0.6282172203063965,0.6351404190063477,0.6437530517578125,0.6495532989501953,0.6549819111824036,0.6581230759620667,0.6635162234306335
6048,-0.642933189868927,53.46409225463867,8.111684799194336,76.49840545654297,0.6429332494735718,0.6440142393112183,0.010437008924782276,0.6222646236419678,0.6266194581985474,0.62944096326828,0.6365828514099121,0.6440142393112183,0.6496261358261108,0.655850350856781,0.6581965684890747,0.6635162234306335
6096,-0.6437277793884277,53.30024337768555,8.124987602233887,76.30690383911133,0.6437277793884277,0.6451835036277771,0.01049665454775095,0.622267484664917,0.6273648142814636,0.6296916007995605,0.6374967098236084,0.6451835036277771,0.6503952741622925,0.6562300324440002,0.6605648398399353,0.6635162234306335
6144,-0.6447152495384216,53.137290954589844,8.144332885742188,76.11521530151367,0.6447152495384216,0.6459410190582275,0.010507877916097641,0.6261378526687622,0.6276208162307739,0.6305536031723022,0.6376367807388306,0.6459410190582275,0.6513376832008362,0.657498836517334,0.6614054441452026,0.6637513637542725
6192,-0.6456665396690369,52.96101379394531,8.159074783325195,75.90974426269531,0.6456664800643921,0.6470720767974854,0.010524061508476734,0.6261378526687622,0.6276208162307739,0.6305536031723022,0.6390247941017151,0.6470720767974854,0.6521981954574585,0.6579833030700684,0.6614054441452026,0.6637513637542725
6240,-0.6462612748146057,52.787925720214844,8.178256034851074,75.70547294616699,0.6462612748146057,0.6480131149291992,0.010685640387237072,0.6261378526687622,0.6288327574729919,0.6305536031723022,0.6392861604690552,0.6480131149291992,0.6540907025337219,0.6583020687103271,0.6614054441452026,0.6637513637542725
6288,-0.647187352180481,52.610137939453125,8.202764511108398,75.4957046508789,0.6471874117851257,0.6483490467071533,0.01182496827095747,0.6262882351875305,0.6288327574729919,0.6305536031723022,0.6394078135490417,0.6483490467071533,0.6542692184448242,0.6605211496353149,0.663460910320282,0.6680212616920471
6336,-0.648261547088623,52.43385314941406,8.220501899719238,75.2890453338623,0.648261547088623,0.6493649482727051,0.011925100348889828,0.6262882351875305,0.6288327574729919,0.632237434387207,0.6412556171417236,0.6493649482727051,0.6552554965019226,0.6613656878471375,0.663898766040802,0.6680212616920471
6384,-0.6486155390739441,52.25541305541992,8.230392456054688,75.08033561706543,0.6486156582832336,0.650251567363739,0.011779837310314178,0.6262882351875305,0.6294712424278259,0.632237434387207,0.6415737867355347,0.650251567363739,0.6552554965019226,0.6613656878471375,0.663898766040802,0.6680212616920471
6432,-0.6493731737136841,52.08514404296875,8.250114440917969,74.87908935546875,0.6493732333183289,0.6509175896644592,0.012521591037511826,0.6262882351875305,0.6294712424278259,0.632237434387207,0.6422179937362671,0.6509175896644592,0.6553414463996887,0.6616209149360657,0.6667293310165405,0.676921010017395
6480,-0.6498909592628479,51.914222717285156,8.264673233032227,74.67774200439453,0.6498909592628479,0.6510415077209473,0.012199903838336468,0.6288706660270691,0.6305862665176392,0.6326058506965637,0.6422179937362671,0.6510415077209473,0.6558283567428589,0.6618977785110474,0.6667293310165405,0.676921010017395
6528,-0.6505981087684631,51.734832763671875,8.27387523651123,74.46705627441406,0.6505981683731079,0.651350736618042,0.01254129596054554,0.6288706660270691,0.6310951113700867,0.6330246329307556,0.6427373886108398,0.651350736618042,0.6563025712966919,0.6627059578895569,0.66826993227005,0.6777977347373962
6576,-0.6514930725097656,51.56278610229492,8.288634300231934,74.26399040222168,0.6514930725097656,0.6517994403839111,0.011788664385676384,0.6288706660270691,0.6323822140693665,0.6378731727600098,0.6451125144958496,0.6517994403839111,0.6569182872772217,0.6627059578895569,0.66826993227005,0.6777977347373962
6624,-0.6519814729690552,51.380157470703125,8.308095932006836,74.04682922363281,0.6519815325737,0.6526994705200195,0.011670751497149467,0.6310750246047974,0.6345499157905579,0.6383343935012817,0.6451125144958496,0.6526994705200195,0.6583790183067322,0.6636951565742493,0.66826993227005,0.6777977347373962
6672,-0.6524443626403809,51.19620895385742,8.321907997131348,73.82844734191895,0.6524443626403809,0.6528787612915039,0.011772998608648777,0.6310750246047974,0.6345499157905579,0.6383343935012817,0.6452137231826782,0.6528787612915039,0.6588416695594788,0.6639821529388428,0.6722888350486755,0.6777977347373962
6720,-0.6528999209403992,51.009246826171875,8.344524383544922,73.60495185852051,0.6528999209403992,0.6533126831054688,0.01183780562132597,0.6311116814613342,0.6345499157905579,0.6383343935012817,0.6454594135284424,0.6533126831054688,0.6596056818962097,0.6661189198493958,0.6722888350486755,0.6777977347373962
6768,-0.6535604000091553,50.83209228515625,8.361469268798828,73.39337158203125,0.6535604596138,0.6540993452072144,0.011767487041652203,0.6311116814613342,0.6345782279968262,0.6383511424064636,0.646493136882782,0.6540993452072144,0.6597997546195984,0.6666972637176514,0.6722888350486755,0.6777977347373962
6816,-0.6539802551269531,50.64208984375,8.365156173706055,73.16891860961914,0.6539803147315979,0.654353678226471,0.011671157553792,0.6311116814613342,0.6357145309448242,0.6386973261833191,0.6466051936149597,0.654353678226471,0.6599646210670471,0.6668214797973633,0.6722888350486755,0.6777977347373962
6864,-0.6543359160423279,50.45835494995117,8.377978324890137,72.94977951049805,0.6543360352516174,0.6550854444503784,0.011667503975331783,0.6311116814613342,0.6357145309448242,0.6390529870986938,0.6467041969299316,0.6550854444503784,0.6605252623558044,0.6668214797973633,0.6722888350486755,0.6777977347373962
6912,-0.6555225849151611,50.270843505859375,8.387660026550293,72.72690200805664,0.6555225849151611,0.6555421352386475,0.011440576985478401,0.6345481872558594,0.638680100440979,0.6407979726791382,0.6467362642288208,0.6555421352386475,0.6620963215827942,0.6674924492835999,0.6733714938163757,0.6777977347373962
6960,-0.6560917496681213,50.0820426940918,8.404027938842773,72.49976539611816,0.6560917496681213,0.6559725999832153,0.011580687947571278,0.6380808353424072,0.6388956904411316,0.6415161490440369,0.6480538249015808,0.6559725999832153,0.6622703671455383,0.6689077615737915,0.6763355731964111,0.6828118562698364
7008,-0.656838059425354,49.8823356628418,8.41837215423584,72.25935363769531,0.6568381786346436,0.6564507484436035,0.011826436966657639,0.6380808353424072,0.6390824317932129,0.6417658925056458,0.6486966013908386,0.6564507484436035,0.6631892919540405,0.6703202128410339,0.6766407489776611,0.6828118562698364
7056,-0.657267153263092,49.691741943359375,8.434704780578613,72.03083992004395,0.657267153263092,0.6577430963516235,0.011929180473089218,0.6380808353424072,0.6390824317932129,0.6417658925056458,0.6486966013908386,0.6577430963516235,0.6639156937599182,0.6703202128410339,0.6766407489776611,0.6828118562698364
7104,-0.6578002572059631,49.48065185546875,8.448164939880371,71.77818489074707,0.6578003168106079,0.6580032110214233,0.011887101456522942,0.6381279230117798,0.6401989459991455,0.6417658925056458,0.6491937637329102,0.6580032110214233,0.6646633744239807,0.6721905469894409,0.6766407489776611,0.6828118562698364
7152,-0.658436119556427,49.2796630859375,8.454370498657227,71.53916358947754,0.6584361791610718,0.6590837836265564,0.011616907082498074,0.6387971043586731,0.6410655975341797,0.643932580947876,0.6495197415351868,0.6590837836265564,0.6649169921875,0.6733130812644958,0.6766407489776611,0.6828118562698364
7200,-0.6594355702400208,49.0844841003418,8.460107803344727,71.30454063415527,0.6594356298446655,0.6604628562927246,0.01218753308057785,0.6388072371482849,0.6410655975341797,0.6448774337768555,0.6499004364013672,0.6604628562927246,0.667094886302948,0.6742720007896423,0.6802374720573425,0.6892815828323364
7248,-0.6595290303230286,48.86721420288086,8.467157363891602,71.04343605041504,0.6595290899276733,0.6604628562927246,0.01220463216304779,0.6388072371482849,0.6417325139045715,0.6451435685157776,0.6499004364013672,0.6604628562927246,0.667094886302948,0.6742720007896423,0.6808458566665649,0.6892815828323364
7296,-0.6604925394058228,48.667572021484375,8.486528396606445,70.80044174194336,0.6604926586151123,0.6608860492706299,0.012317126616835594,0.6388072371482849,0.6429422497749329,0.6465115547180176,0.6509267091751099,0.6608860492706299,0.6675736904144287,0.6764286160469055,0.6815910935401917,0.6892815828323364
7344,-0.6609266400337219,48.46731185913086,8.499519348144531,70.55682563781738,0.6609267592430115,0.6611447334289551,0.012120017781853676,0.6406925916671753,0.6439995765686035,0.6466107964515686,0.6509267091751099,0.6611447334289551,0.6675736904144287,0.6773996353149414,0.6815910935401917,0.6892815828323364
7392,-0.6614058017730713,48.25811004638672,8.505911827087402,70.30415916442871,0.6614058017730713,0.6614561080932617,0.012089891359210014,0.6407018303871155,0.6439995765686035,0.6467195749282837,0.6530686616897583,0.6614561080932617,0.6684073209762573,0.6773996353149414,0.6815910935401917,0.6892815828323364
7440,-0.6620943546295166,48.04216003417969,8.521568298339844,70.04122352600098,0.6620943546295166,0.662489652633667,0.012259678915143013,0.6407018303871155,0.6439995765686035,0.6467195749282837,0.653295636177063,0.662489652633667,0.6701879501342773,0.6781473159790039,0.6815910935401917,0.6892815828323364
7488,-0.6625475287437439,47.828182220458984,8.534248352050781,69.77864837646484,0.6625475287437439,0.663043737411499,0.012153101153671741,0.6407018303871155,0.6451060771942139,0.6467375755310059,0.6534625887870789,0.663043737411499,0.6701879501342773,0.6781473159790039,0.6815910935401917,0.6892815828323364
7536,-0.6633516550064087,47.62264633178711,8.552870750427246,69.52675437927246,0.6633516550064087,0.6633538603782654,0.011817189864814281,0.6434076428413391,0.645228385925293,0.6467375755310059,0.6535943150520325,0.6633538603782654,0.6716440916061401,0.6781473159790039,0.6815910935401917,0.6892815828323364
7584,-0.6641343832015991,47.4115104675293,8.55634880065918,69.27031707763672,0.6641342639923096,0.6640250086784363,0.011615769937634468,0.6434076428413391,0.646504282951355,0.6477209329605103,0.6564302444458008,0.6640250086784363,0.6727923154830933,0.6781473159790039,0.6815910935401917,0.6892815828323364
7632,-0.6653205156326294,47.201290130615234,8.571422576904297,69.01070022583008,0.6653205156326294,0.6646484136581421,0.012527719140052795,0.6434076428413391,0.6467328667640686,0.6482954025268555,0.6564302444458008,0.6646484136581421,0.6745766997337341,0.6811220049858093,0.6877404451370239,0.6928593516349792
7680,-0.6662464141845703,46.99860763549805,8.588316917419434,68.75907325744629,0.6662464141845703,0.665673017501831,0.012247457168996334,0.6466005444526672,0.6473959684371948,0.6489155888557434,0.6571009159088135,0.665673017501831,0.6751541495323181,0.6816445589065552,0.6877404451370239,0.6928593516349792
7728,-0.6665518283843994,46.77777862548828,8.597254753112793,68.48953628540039,0.6665517687797546,0.667128324508667,0.012223821133375168,0.6466005444526672,0.6473959684371948,0.6496220231056213,0.6571009159088135,0.667128324508667,0.6756501793861389,0.6826211214065552,0.6877404451370239,0.6928593516349792
7776,-0.66739422082901,46.5608024597168,8.609485626220703,68.22265243530273,0.6673941612243652,0.6679692268371582,0.012092010118067265,0.6472825407981873,0.6483116745948792,0.650804877281189,0.6585783362388611,0.6679692268371582,0.6760908961296082,0.6837925314903259,0.6880122423171997,0.6928593516349792
7824,-0.6678206324577332,46.34385299682617,8.619818687438965,67.95464324951172,0.6678206920623779,0.6683422327041626,0.011822080239653587,0.6472825407981873,0.6486164331436157,0.6519243717193604,0.6585783362388611,0.6683422327041626,0.6760908961296082,0.6837925314903259,0.6880122423171997,0.6928593516349792
7872,-0.6685124039649963,46.11704635620117,8.633566856384277,67.67335891723633,0.6685123443603516,0.6686211228370667,0.011775568127632141,0.6479904055595398,0.649548351764679,0.6519243717193604,0.6591527462005615,0.6686211228370667,0.6762545704841614,0.6839643120765686,0.6880122423171997,0.6928593516349792
7920,-0.6692327857017517,45.897430419921875,8.641678810119629,67.40303802490234,0.6692327260971069,0.6689485311508179,0.012105178087949753,0.6479904055595398,0.649548351764679,0.6519243717193604,0.6602913737297058,0.6689485311508179,0.676485538482666,0.6864393353462219,0.6883801221847534,0.6928593516349792
7968,-0.6699560284614563,45.673316955566406,8.647295951843262,67.1254997253418,0.6699561476707458,0.6697818040847778,0.012094895355403423,0.6479904055595398,0.6501137018203735,0.6528920531272888,0.6606723070144653,0.6697818040847778,0.6774232387542725,0.687458872795105,0.6883801221847534,0.6928593516349792
8016,-0.670803964138031,45.45396041870117,8.6646146774292,66.85005378723145,0.6708039045333862,0.6712412238121033,0.011903700418770313,0.6486237645149231,0.6508615612983704,0.6535577178001404,0.662603497505188,0.6712412238121033,0.6796883344650269,0.687458872795105,0.6883801221847534,0.6928593516349792
8064,-0.6715180277824402,45.2259635925293,8.674034118652344,66.56924438476562,0.6715178489685059,0.6722700595855713,0.011725653894245625,0.6501129865646362,0.6509870290756226,0.6552883386611938,0.6630651354789734,0.6722700595855713,0.6806707978248596,0.687458872795105,0.6883801221847534,0.6928593516349792
8112,-0.6720115542411804,44.985107421875,8.685285568237305,66.26742744445801,0.6720114946365356,0.6727871894836426,0.0115462401881814,0.6508842706680298,0.6519820094108582,0.6562386751174927,0.6634811758995056,0.6727871894836426,0.680893063545227,0.6877179145812988,0.6892327070236206,0.6928593516349792
8160,-0.6723699569702148,44.763160705566406,8.695307731628418,65.98971557617188,0.6723698973655701,0.6727871894836426,0.011395259760320187,0.6509350538253784,0.6529396772384644,0.6562386751174927,0.6637156009674072,0.6727871894836426,0.681728720664978,0.6877179145812988,0.6892327070236206,0.6928593516349792
8208,-0.6731809377670288,44.53864288330078,8.701557159423828,65.70877265930176,0.6731808185577393,0.6735544204711914,0.01125677116215229,0.6509350538253784,0.6560093760490417,0.6585080027580261,0.6638003587722778,0.6735544204711914,0.6823635101318359,0.6879991888999939,0.6897904872894287,0.6938259601593018
8256,-0.6738404035568237,44.3105583190918,8.709012985229492,65.4243106842041,0.673840343952179,0.6749060153961182,0.011378840543329716,0.6515975594520569,0.6563159227371216,0.6585080027580261,0.66400146484375,0.6749060153961182,0.682783842086792,0.6880652904510498,0.6918649077415466,0.6938756108283997
8304,-0.6742252707481384,44.07506561279297,8.714007377624512,65.12812614440918,0.6742252111434937,0.67523193359375,0.011625811457633972,0.6515975594520569,0.6563159227371216,0.6585080027580261,0.6640521287918091,0.67523193359375,0.683205246925354,0.688435435295105,0.6928832530975342,0.6938756108283997
8352,-0.6749023199081421,43.832176208496094,8.724430084228516,64.82046127319336,0.6749022603034973,0.6758131980895996,0.0114921098574996,0.6530101299285889,0.6563159227371216,0.6592211723327637,0.6673645973205566,0.6758131980895996,0.6833196878433228,0.6892564296722412,0.6937182545661926,0.6950088143348694
8400,-0.6754339337348938,43.590538024902344,8.734983444213867,64.5153865814209,0.675433874130249,0.6759048700332642,0.011482263915240765,0.6530101299285889,0.6572501063346863,0.6593793034553528,0.6676450967788696,0.6759048700332642,0.6838738918304443,0.689712405204773,0.6938267946243286,0.6951431035995483
8448,-0.6760998368263245,43.351524353027344,8.74051284790039,64.21309852600098,0.6760997772216797,0.6762926578521729,0.011744639836251736,0.6530101299285889,0.6572501063346863,0.6601279377937317,0.6677364110946655,0.6762926578521729,0.6850293278694153,0.6918751001358032,0.6938689351081848,0.6955763697624207
8496,-0.6765407919883728,43.11341857910156,8.741521835327148,63.91320037841797,0.676540732383728,0.6769282817840576,0.011663610115647316,0.6530153751373291,0.65805983543396,0.6601279377937317,0.66774582862854,0.6769282817840576,0.6863402128219604,0.6920272707939148,0.694122850894928,0.6955763697624207
8544,-0.6778325438499451,42.87116622924805,8.758843421936035,63.60359191894531,0.6778325438499451,0.678335428237915,0.011510133743286133,0.6560825109481812,0.6591517329216003,0.6627694964408875,0.6692548394203186,0.678335428237915,0.686867892742157,0.6925119161605835,0.6956209540367126,0.6980849504470825
8592,-0.6786395311355591,42.62183380126953,8.759262084960938,63.28875923156738,0.6786394715309143,0.6788957118988037,0.011605631560087204,0.6560825109481812,0.6591517329216003,0.6627694964408875,0.6709147691726685,0.6788957118988037,0.6873529553413391,0.6933172345161438,0.6971790194511414,0.6980849504470825
8640,-0.679046094417572,42.385231018066406,8.763814926147461,62.989219665527344,0.679046094417572,0.6792107820510864,0.011561859399080276,0.6562346816062927,0.6591517329216003,0.6627694964408875,0.671110987663269,0.6792107820510864,0.6873529553413391,0.6938281655311584,0.6971790194511414,0.6980849504470825
8688,-0.6798667907714844,42.13373565673828,8.769518852233887,62.66730499267578,0.6798667311668396,0.680884063243866,0.0119252884760499,0.6562346816062927,0.6591517329216003,0.6627694964408875,0.6721792221069336,0.680884063243866,0.6877849102020264,0.6941885948181152,0.69801265001297,0.7034134864807129
8736,-0.6804700493812561,41.895748138427734,8.774362564086914,62.36272048950195,0.6804699897766113,0.6818785667419434,0.01206579152494669,0.65705806016922,0.6591517329216003,0.663227379322052,0.6725086569786072,0.6818785667419434,0.6883397102355957,0.6945072412490845,0.698098361492157,0.7034134864807129
8784,-0.6807252168655396,41.6311149597168,8.771060943603516,62.02831554412842,0.6807253360748291,0.681929886341095,0.011781680397689342,0.658525824546814,0.6597466468811035,0.6634080410003662,0.6725086569786072,0.681929886341095,0.6885807514190674,0.6965031027793884,0.698098361492157,0.7034134864807129
8832,-0.6815401911735535,41.37696075439453,8.77243709564209,61.704580307006836,0.6815401315689087,0.6828616857528687,0.011821601539850235,0.658525824546814,0.6597466468811035,0.6634080410003662,0.6726880073547363,0.6828616857528687,0.6897599697113037,0.6965031027793884,0.6986411213874817,0.7034134864807129
8880,-0.6825239658355713,41.117156982421875,8.7779541015625,61.368690490722656,0.6825239062309265,0.6843708753585815,0.011768796481192112,0.6591899394989014,0.6619923114776611,0.6639865040779114,0.6738132238388062,0.6843708753585815,0.6908893585205078,0.6968578696250916,0.7009136080741882,0.7034134864807129
8928,-0.6832388639450073,40.864227294921875,8.775957107543945,61.043375968933105,0.6832387447357178,0.6847265958786011,0.012102038599550724,0.6597630977630615,0.6619923114776611,0.6654901504516602,0.6739277243614197,0.6847265958786011,0.691735029220581,0.6981064081192017,0.703394889831543,0.7037829160690308
8976,-0.6843210458755493,40.61243438720703,8.775071144104004,60.71817207336426,0.6843209862709045,0.6865836381912231,0.012461652979254723,0.6598637700080872,0.6619923114776611,0.665805459022522,0.6746911406517029,0.6865836381912231,0.6927881836891174,0.6983944773674011,0.7036792635917664,0.7074552178382874
9024,-0.6852900385856628,40.350852966308594,8.759929656982422,60.38614749908447,0.6852899789810181,0.6869121193885803,0.012321466580033302,0.6598637700080872,0.6625105142593384,0.6687681674957275,0.6758444309234619,0.6869121193885803,0.694354236125946,0.6993646025657654,0.7036792635917664,0.7074552178382874
9072,-0.6857787370681763,40.108245849609375,8.767257690429688,60.068997383117676,0.6857786774635315,0.6869121193885803,0.012235277332365513,0.6598637700080872,0.6628397107124329,0.6704388856887817,0.6764896512031555,0.6869121193885803,0.6944406032562256,0.7008797526359558,0.7037875056266785,0.7074552178382874
9120,-0.6865341067314148,39.86506652832031,8.769076347351074,59.75120258331299,0.68653404712677,0.687975287437439,0.011916794814169407,0.6598637700080872,0.663232147693634,0.6707544326782227,0.6787295937538147,0.687975287437439,0.6944406032562256,0.7008797526359558,0.7037875056266785,0.7074552178382874
9168,-0.687003493309021,39.61708068847656,8.76486587524414,59.430617332458496,0.6870033740997314,0.687975287437439,0.011864040046930313,0.6618921756744385,0.6639931201934814,0.6707544326782227,0.6787295937538147,0.687975287437439,0.6957712173461914,0.7008797526359558,0.7037875056266785,0.7074552178382874
9216,-0.6875370144844055,39.36540985107422,8.780872344970703,59.097007751464844,0.6875370144844055,0.6892422437667847,0.011750342324376106,0.6618921756744385,0.6639931201934814,0.6712205410003662,0.6795150637626648,0.6892422437667847,0.6957712173461914,0.701722264289856,0.7040568590164185,0.7076199054718018
9264,-0.6883807182312012,39.104942321777344,8.794337272644043,58.75111675262451,0.6883807182312012,0.6901072263717651,0.011552573181688786,0.6624842286109924,0.6659037470817566,0.6724807024002075,0.6806751489639282,0.6901072263717651,0.6961321830749512,0.7017370462417603,0.7064481973648071,0.7076199054718018
9312,-0.6890897750854492,38.85300827026367,8.792509078979492,58.4226188659668,0.6890897154808044,0.6904251575469971,0.011657786555588245,0.6624842286109924,0.6668800711631775,0.6725046634674072,0.6822970509529114,0.6904251575469971,0.6969907283782959,0.7035598754882812,0.7070169448852539,0.7082735300064087
9360,-0.689820408821106,38.57223129272461,8.78604507446289,58.06037712097168,0.6898203492164612,0.6907809972763062,0.01158870104700327,0.6636265516281128,0.6669278144836426,0.673837423324585,0.6827593445777893,0.6907809972763062,0.6977881193161011,0.7057394981384277,0.7070169448852539,0.7082735300064087
9408,-0.690654456615448,38.311344146728516,8.787109375,57.71702861785889,0.6906543970108032,0.6915887594223022,0.011640798300504684,0.6645482182502747,0.6705860495567322,0.6771802306175232,0.6827593445777893,0.6915887594223022,0.6992657780647278,0.7068034410476685,0.7081664800643921,0.7106236219406128
9456,-0.6910699605941772,38.0517692565918,8.801692008972168,57.36801624298096,0.6910697817802429,0.6919740438461304,0.011405267752707005,0.6649582982063293,0.6712863445281982,0.6777242422103882,0.683885931968689,0.6919740438461304,0.6994902491569519,0.7068034410476685,0.7081664800643921,0.7106236219406128
9504,-0.691559910774231,37.79149627685547,8.805791854858398,57.0213680267334,0.6915598511695862,0.6921519041061401,0.011677784845232964,0.6649820804595947,0.6713542938232422,0.6777242422103882,0.6839881539344788,0.6921519041061401,0.6996768712997437,0.706964373588562,0.7082740664482117,0.7112765908241272
9552,-0.6920914053916931,37.525962829589844,8.803201675415039,56.6692008972168,0.6920914649963379,0.6921519041061401,0.012014493346214294,0.6649820804595947,0.6713542938232422,0.6777242422103882,0.6839881539344788,0.6921519041061401,0.7016230821609497,0.7076188325881958,0.7095761299133301,0.712098240852356
9600,-0.6926703453063965,37.254302978515625,8.807575225830078,56.30429172515869,0.6926702857017517,0.6925597190856934,0.011873259209096432,0.6683223843574524,0.672943115234375,0.6777242422103882,0.6847852468490601,0.6925597190856934,0.7020249366760254,0.7076798677444458,0.7098104357719421,0.712098240852356
9648,-0.6931860446929932,36.980018615722656,8.80327320098877,55.93954563140869,0.6931859850883484,0.6933311223983765,0.011633341200649738,0.6686500906944275,0.6735955476760864,0.6777242422103882,0.6849592924118042,0.6933311223983765,0.7020249366760254,0.7076798677444458,0.7100918292999268,0.7121208906173706
9696,-0.6941850185394287,36.69769287109375,8.804678916931152,55.562506675720215,0.6941849589347839,0.6934938430786133,0.011500054970383644,0.6716892123222351,0.676834762096405,0.6787234544754028,0.6853255033493042,0.6934938430786133,0.7030931115150452,0.7084153890609741,0.7106431126594543,0.7130095362663269
9744,-0.6949344277381897,36.415611267089844,8.802685737609863,55.18666648864746,0.6949343085289001,0.6939345598220825,0.011531743220984936,0.6716892123222351,0.6773251891136169,0.6788460612297058,0.6863343119621277,0.6939345598220825,0.7030931115150452,0.7095478773117065,0.7113009691238403,0.7178170084953308
9792,-0.6955090165138245,36.1364860534668,8.810602188110352,54.80716514587402,0.6955089569091797,0.6942142248153687,0.01131221279501915,0.6751524806022644,0.6776743531227112,0.68073970079422,0.6868398189544678,0.6942142248153687,0.7040750980377197,0.7095478773117065,0.7120958566665649,0.7180372476577759
9840,-0.6961125135421753,35.85102844238281,8.803256034851074,54.42542839050293,0.6961123943328857,0.6956549286842346,0.011203750036656857,0.6751524806022644,0.6776743531227112,0.681879460811615,0.686910092830658,0.6956549286842346,0.7047905921936035,0.7098061442375183,0.712130069732666,0.7180372476577759
9888,-0.6969387531280518,35.56200408935547,8.791997909545898,54.04082679748535,0.6969387531280518,0.6975970268249512,0.011141442693769932,0.6754211187362671,0.6776743531227112,0.681879460811615,0.6880371570587158,0.6975970268249512,0.7047905921936035,0.7100564241409302,0.712570309638977,0.7180372476577759
9936,-0.6978142857551575,35.27722930908203,8.78171157836914,53.658979415893555,0.6978143453598022,0.6987190246582031,0.011643609963357449,0.6754211187362671,0.6776743531227112,0.681879460811615,0.6894100308418274,0.6987190246582031,0.7067956328392029,0.7106930017471313,0.7178583145141602,0.7212579846382141
9984,-0.6984930038452148,34.98583221435547,8.78012466430664,53.26427459716797,0.6984929442405701,0.6993717551231384,0.011480782181024551,0.6754211187362671,0.6786647439002991,0.6832523941993713,0.6894852519035339,0.6993717551231384,0.7068421244621277,0.7107830047607422,0.7192153930664062,0.7218625545501709
