step,best_fitness,avg_hamming,avg_l1,avg_entropy,mean,median,std,2%,5%,10%,25%,50%,75%,90%,95%,98%
40,-128.05999755859375,31.354944229125977,6.9192352294921875,42.51195755004883,-128.05999755859375,-128.0,25.8958740234375,-186.16000366210938,-172.1999969482422,-166.1999969482422,-143.25,-128.0,-111.5,-97.5999984741211,-91.5999984741211,-82.77999877929688
80,-145.66000366210938,30.854846954345703,9.172606468200684,41.039404296875,-145.66000366210938,-142.0,24.180246353149414,-194.0,-188.0,-177.6999969482422,-162.0,-142.0,-128.0,-120.0,-115.9000015258789,-106.9800033569336
120,-155.8000030517578,30.319889068603516,10.60731315612793,39.67115859985351,-155.8000030517578,-152.0,25.03357696533203,-215.17999267578125,-194.0500030517578,-188.0,-172.0,-152.0,-136.75,-129.8000030517578,-122.0,-119.80000305175781
160,-163.36000061035156,29.787866592407227,11.71534252166748,38.35471115112305,-163.36000061035156,-163.5,24.596553802490234,-219.10000610351562,-202.64999389648438,-194.0,-176.25,-163.5,-144.0,-135.8000030517578,-126.0,-121.95999908447266
200,-169.739990234375,29.239465713500977,12.563483238220215,37.06884231567383,-169.74000549316406,-167.0,26.256662368774414,-232.1999969482422,-219.25,-203.0,-187.25,-167.0,-152.0,-138.0,-131.8000030517578,-123.95999908447266
240,-177.36000061035156,28.763309478759766,13.322272300720215,35.85912094116211,-177.36000061035156,-173.0,24.33003044128418,-241.02000427246094,-224.39999389648438,-215.10000610351562,-188.25,-173.0,-161.5,-150.0,-143.89999389648438,-141.9600067138672
280,-184.83999633789062,28.226215362548828,13.936952590942383,34.61547012329102,-184.83999633789062,-182.5,25.51184844970703,-242.0,-232.0,-220.39999389648438,-200.5,-182.5,-167.5,-153.8000030517578,-146.0,-142.0
320,-193.9199981689453,27.678817749023438,14.387974739074707,33.440330505371094,-193.9199981689453,-193.5,25.95368194580078,-243.0,-241.0500030517578,-230.0,-216.0,-193.5,-174.0,-162.0,-153.8000030517578,-145.97999572753906
360,-198.8000030517578,27.155075073242188,14.775897026062012,32.279843139648435,-198.8000030517578,-195.5,24.12135887145996,-243.0800018310547,-242.0,-232.1999969482422,-216.0,-195.5,-182.75,-168.89999389648438,-161.89999389648438,-149.89999389648438
400,-205.47999572753906,26.67518424987793,15.053122520446777,31.228129196166993,-205.47999572753906,-204.0,24.11658477783203,-255.17999267578125,-243.0500030517578,-236.0,-222.0,-204.0,-186.75,-174.89999389648438,-168.0,-160.0
440,-211.39999389648438,26.208927154541016,15.310501098632812,30.198989486694337,-211.39999389648438,-212.0,24.71436882019043,-263.0199890136719,-248.1999969482422,-243.10000610351562,-229.25,-212.0,-192.0,-180.0,-173.6999969482422,-165.8800048828125
480,-219.6999969482422,25.731870651245117,15.486886978149414,29.211187744140624,-219.6999969482422,-218.0,25.992115020751953,-270.0799865722656,-261.1000061035156,-252.60000610351562,-239.0,-218.0,-200.0,-186.0,-177.89999389648438,-173.8800048828125
520,-226.5399932861328,25.262834548950195,15.638778686523438,28.223935699462892,-226.5399932861328,-228.5,26.793066024780273,-276.260009765625,-270.1000061035156,-262.1000061035156,-246.5,-228.5,-206.0,-192.0,-186.0,-176.0
560,-234.5,24.807287216186523,15.727502822875977,27.308108520507812,-234.5,-232.0,24.8481388092041,-281.2200012207031,-274.1000061035156,-266.1000061035156,-252.25,-232.0,-215.75,-204.0,-194.9499969482422,-187.9600067138672
600,-239.36000061035156,24.358055114746094,15.792218208312988,26.40725784301758,-239.36000061035156,-239.0,24.503681182861328,-292.1600036621094,-278.1000061035156,-267.0,-258.0,-239.0,-222.0,-209.89999389648438,-199.8000030517578,-187.9600067138672
640,-244.17999267578125,23.959674835205078,15.84235668182373,25.578401184082033,-244.17999267578125,-244.5,23.75642204284668,-292.1600036621094,-281.04998779296875,-275.1000061035156,-260.0,-244.5,-230.0,-213.8000030517578,-207.8000030517578,-196.0
680,-249.5,23.565690994262695,15.875749588012695,24.7707088470459,-249.5,-250.0,23.427974700927734,-292.1600036621094,-286.1000061035156,-280.1000061035156,-266.0,-250.0,-232.0,-218.0,-208.0,-203.8800048828125
720,-256.1999816894531,23.17030906677246,15.899002075195312,23.94339065551758,-256.20001220703125,-255.0,23.092857360839844,-300.0,-295.04998779296875,-286.1000061035156,-274.0,-255.0,-239.5,-229.89999389648438,-217.89999389648438,-208.0
760,-260.5400085449219,22.791996002197266,15.929206848144531,23.145644760131837,-260.5400085449219,-261.0,23.183364868164062,-301.1400146484375,-300.0,-290.20001220703125,-278.0,-261.0,-241.5,-232.0,-225.8000030517578,-217.8000030517578
800,-264.8800048828125,22.402666091918945,15.91675090789795,22.376355743408205,-264.8800048828125,-264.0,23.43214988708496,-308.20001220703125,-301.04998779296875,-296.3999938964844,-284.0,-264.0,-250.0,-235.89999389648438,-231.89999389648438,-221.72000122070312
840,-269.2599792480469,22.01714324951172,15.876039505004883,21.64051513671875,-269.260009765625,-266.0,23.689077377319336,-311.1400146484375,-308.0,-300.20001220703125,-286.0,-266.0,-251.75,-240.0,-232.0,-221.75999450683594
880,-273.94000244140625,21.703777313232422,15.860076904296875,20.983715057373047,-273.94000244140625,-272.0,24.21562385559082,-322.0400085449219,-312.20001220703125,-306.1000061035156,-290.0,-272.0,-257.5,-245.89999389648438,-237.89999389648438,-221.9199981689453
920,-276.29998779296875,21.363874435424805,15.814387321472168,20.336132431030272,-276.29998779296875,-275.0,23.991456985473633,-324.0,-316.04998779296875,-308.20001220703125,-290.0,-275.0,-259.5,-247.89999389648438,-239.8000030517578,-221.9199981689453
960,-279.6399841308594,21.039112091064453,15.780009269714355,19.682191467285158,-279.6400146484375,-278.0,23.862741470336914,-326.05999755859375,-317.1499938964844,-312.0,-294.0,-278.0,-266.0,-249.8000030517578,-244.75,-233.8000030517578
1000,-282.0,20.70960807800293,15.722270011901855,19.052468872070314,-282.0,-281.5,24.067405700683594,-329.05999755859375,-320.1000061035156,-315.0,-296.5,-281.5,-267.5,-253.8000030517578,-244.85000610351562,-233.8000030517578
1040,-284.91998291015625,20.375839233398438,15.626449584960938,18.45725212097168,-284.9200134277344,-284.0,24.10049057006836,-331.0199890136719,-324.0,-318.20001220703125,-300.5,-284.0,-270.0,-254.0,-245.8000030517578,-237.9600067138672
1080,-288.05999755859375,20.07984733581543,15.564508438110352,17.86461296081543,-288.05999755859375,-286.0,23.903898239135742,-331.05999755859375,-328.1000061035156,-322.1000061035156,-302.5,-286.0,-272.0,-260.0,-245.89999389648438,-237.9600067138672
1120,-290.0199890136719,19.765743255615234,15.492194175720215,17.26227798461914,-290.0199890136719,-288.0,23.445247650146484,-333.0199890136719,-328.1000061035156,-323.29998779296875,-304.0,-288.0,-274.0,-262.0,-258.3500061035156,-239.9600067138672
1160,-292.7799987792969,19.41690444946289,15.3879976272583,16.650923919677734,-292.7799987792969,-291.5,23.43227767944336,-334.0400085449219,-331.0,-328.0,-307.0,-291.5,-278.0,-266.8999938964844,-261.3999938964844,-241.9199981689453
1200,-294.6199951171875,19.09857749938965,15.286127090454102,16.077427482604982,-294.6199951171875,-294.0,23.523935317993164,-336.0199890136719,-334.0,-328.20001220703125,-310.0,-294.0,-280.0,-267.8999938964844,-261.3999938964844,-241.9600067138672
1240,-296.8800048828125,18.827194213867188,15.199548721313477,15.562127876281739,-296.8800048828125,-296.0,23.350065231323242,-338.0799865722656,-335.04998779296875,-331.0,-310.5,-296.0,-282.0,-267.8999938964844,-262.0,-247.8800048828125
1280,-298.55999755859375,18.56538200378418,15.119318962097168,15.055113983154296,-298.55999755859375,-296.0,22.963586807250977,-342.0199890136719,-336.1000061035156,-332.1000061035156,-314.25,-296.0,-284.0,-267.8999938964844,-262.0,-250.0
1320,-301.1199951171875,18.33114242553711,15.065376281738281,14.555100440979004,-301.1199951171875,-300.0,22.188861846923828,-342.05999755859375,-338.0,-334.0,-316.0,-300.0,-287.75,-272.0,-266.95001220703125,-253.9199981689453
1360,-302.8800048828125,18.079673767089844,14.987109184265137,14.041235160827636,-302.8800048828125,-302.0,22.27432632446289,-346.0199890136719,-338.1499938964844,-334.0,-317.0,-302.0,-288.0,-273.79998779296875,-266.95001220703125,-253.9199981689453
1400,-304.7799987792969,17.816579818725586,14.881749153137207,13.564945220947266,-304.7799987792969,-303.0,22.14659309387207,-346.0199890136719,-340.04998779296875,-336.1000061035156,-320.0,-303.0,-289.75,-277.6000061035156,-266.95001220703125,-259.79998779296875
1440,-306.1999816894531,17.584884643554688,14.810072898864746,13.095211601257324,-306.20001220703125,-305.5,22.3266658782959,-347.0199890136719,-342.04998779296875,-336.1000061035156,-324.0,-305.5,-293.5,-277.6000061035156,-266.95001220703125,-259.8800048828125
1480,-307.7599792480469,17.404682159423828,14.7593355178833,12.68682689666748,-307.760009765625,-307.0,22.01777458190918,-348.0199890136719,-344.04998779296875,-337.1000061035156,-324.0,-307.0,-294.0,-284.0,-266.95001220703125,-263.79998779296875
1520,-309.0199890136719,17.20090675354004,14.697674751281738,12.26150951385498,-309.0199890136719,-308.0,21.673938751220703,-350.0199890136719,-344.04998779296875,-339.1000061035156,-324.25,-308.0,-295.5,-284.0,-275.54998779296875,-265.8800048828125
1560,-310.1199951171875,17.02619743347168,14.645380973815918,11.871796417236329,-310.1199951171875,-310.5,21.27029800415039,-351.0199890136719,-345.04998779296875,-339.1000061035156,-325.25,-310.5,-295.5,-284.8999938964844,-276.0,-266.0
1600,-311.44000244140625,16.874149322509766,14.59972858428955,11.50713062286377,-311.44000244140625,-312.0,21.157655715942383,-351.0199890136719,-347.04998779296875,-339.1000061035156,-326.25,-312.0,-296.0,-285.8999938964844,-276.0,-266.0
1640,-312.53997802734375,16.725360870361328,14.55309009552002,11.153363609313965,-312.5400085449219,-314.0,21.467844009399414,-351.05999755859375,-348.0,-340.0,-328.0,-314.0,-300.75,-286.0,-276.0,-266.0
1680,-313.6199951171875,16.55419158935547,14.497222900390625,10.777499389648437,-313.6199951171875,-314.5,21.701051712036133,-354.0,-348.1000061035156,-340.3999938964844,-330.0,-314.5,-300.75,-286.0,-276.0,-266.0
1720,-314.5199890136719,16.398923873901367,14.4369478225708,10.429306983947754,-314.5199890136719,-315.0,21.80572509765625,-354.0199890136719,-349.04998779296875,-340.3999938964844,-330.5,-315.0,-302.0,-286.0,-276.0,-266.9800109863281
1760,-315.5,16.281354904174805,14.407129287719727,10.104316902160644,-315.5,-318.0,21.73637580871582,-354.05999755859375,-349.04998779296875,-344.0,-330.5,-318.0,-302.0,-286.0,-276.0,-267.9800109863281
1800,-316.5799865722656,16.13128089904785,14.35204792022705,9.760777473449707,-316.5799865722656,-318.0,21.73898696899414,-356.0199890136719,-349.04998779296875,-344.0,-332.5,-318.0,-302.0,-289.79998779296875,-276.0,-270.94000244140625
1840,-317.05999755859375,16.009687423706055,14.309114456176758,9.477013206481933,-317.05999755859375,-320.0,21.691389083862305,-356.0199890136719,-349.04998779296875,-344.0,-332.5,-320.0,-303.5,-289.79998779296875,-276.0,-270.94000244140625
1880,-317.5199890136719,15.875426292419434,14.255487442016602,9.164953994750977,-317.5199890136719,-320.0,21.625207901000977,-357.0199890136719,-350.0,-346.20001220703125,-332.5,-320.0,-304.75,-289.79998779296875,-277.8999938964844,-271.9599914550781
1920,-318.29998779296875,15.780596733093262,14.241752624511719,8.873333358764649,-318.29998779296875,-320.0,21.537641525268555,-357.0199890136719,-350.20001220703125,-346.20001220703125,-332.5,-320.0,-305.0,-289.8999938964844,-278.0,-271.9599914550781
1960,-318.739990234375,15.691275596618652,14.222627639770508,8.617197418212891,-318.739990234375,-320.0,21.796613693237305,-358.0400085449219,-350.20001220703125,-348.1000061035156,-332.5,-320.0,-305.0,-289.8999938964844,-278.0,-271.9599914550781
2000,-319.47998046875,15.610453605651855,14.212140083312988,8.352784729003906,-319.4800109863281,-320.5,21.403961181640625,-360.0,-352.1000061035156,-348.1000061035156,-334.0,-320.5,-305.75,-289.8999938964844,-278.95001220703125,-275.9200134277344
2040,-320.1000061035156,15.541110038757324,14.198486328125,8.110534286499023,-320.1000061035156,-321.5,21.47626495361328,-361.0199890136719,-354.1499938964844,-349.1000061035156,-334.0,-321.5,-306.0,-290.8999938964844,-281.8500061035156,-276.0
2080,-320.6000061035156,15.475273132324219,14.193644523620605,7.860888862609864,-320.6000061035156,-321.5,21.470911026000977,-361.0199890136719,-354.1499938964844,-349.1000061035156,-334.25,-321.5,-306.0,-290.8999938964844,-281.8500061035156,-276.0
2120,-321.0799865722656,15.403068542480469,14.17582893371582,7.62573938369751,-321.0799865722656,-321.5,21.661800384521484,-361.0199890136719,-355.1000061035156,-350.0,-336.25,-321.5,-306.0,-290.8999938964844,-281.8500061035156,-276.0
2160,-321.3800048828125,15.367148399353027,14.189300537109375,7.429271411895752,-321.3800048828125,-322.0,21.79026222229004,-361.0199890136719,-356.04998779296875,-350.0,-336.25,-322.0,-306.0,-290.8999938964844,-281.8500061035156,-276.0
2200,-321.79998779296875,15.312628746032715,14.185063362121582,7.2171831130981445,-321.79998779296875,-324.0,21.768783569335938,-361.0199890136719,-356.04998779296875,-350.0,-336.25,-324.0,-306.0,-290.8999938964844,-283.75,-276.0
2240,-322.1000061035156,15.2684965133667,14.182528495788574,7.01759672164917,-322.1000061035156,-324.0,21.835519790649414,-361.0199890136719,-356.04998779296875,-350.0,-337.5,-324.0,-306.0,-291.79998779296875,-283.75,-276.0
2280,-322.44000244140625,15.240455627441406,14.195265769958496,6.828688907623291,-322.44000244140625,-324.0,21.929122924804688,-361.1000061035156,-356.04998779296875,-350.0,-337.5,-324.0,-306.0,-292.0,-285.6499938964844,-277.9599914550781
2320,-322.6999816894531,15.209858894348145,14.203272819519043,6.65460901260376,-322.70001220703125,-324.0,21.84834098815918,-361.1000061035156,-356.04998779296875,-350.0,-337.5,-324.0,-306.0,-292.0,-285.70001220703125,-277.9599914550781
2360,-323.29998779296875,15.185997009277344,14.217849731445312,6.4750360488891605,-323.29998779296875,-324.0,21.713359832763672,-361.1000061035156,-356.04998779296875,-350.0,-338.5,-324.0,-306.0,-292.0,-285.70001220703125,-277.9599914550781
2400,-323.7599792480469,15.156210899353027,14.225272178649902,6.303894329071045,-323.760009765625,-324.0,21.512378692626953,-361.1000061035156,-356.04998779296875,-350.0,-338.5,-324.0,-309.0,-292.0,-289.6000061035156,-277.9599914550781
2440,-323.97998046875,15.133981704711914,14.24735164642334,6.112828540802002,-323.9800109863281,-325.0,21.518354415893555,-366.0,-356.04998779296875,-350.0,-338.5,-325.0,-309.0,-292.8999938964844,-289.6000061035156,-277.9599914550781
2480,-324.53997802734375,15.1200532913208,14.26928997039795,5.939955425262451,-324.5400085449219,-326.0,21.675525665283203,-366.0799865722656,-356.04998779296875,-350.0,-338.5,-326.0,-309.5,-294.0,-289.6000061035156,-277.9599914550781
2520,-324.97998046875,15.089713096618652,14.27049446105957,5.781587409973144,-324.9800109863281,-326.0,21.65732192993164,-366.0799865722656,-358.1000061035156,-350.0,-338.5,-326.0,-311.0,-294.0,-289.6000061035156,-277.9599914550781
2560,-325.2799987792969,15.055429458618164,14.270599365234375,5.6205525398254395,-325.2799987792969,-326.0,21.609294891357422,-366.0799865722656,-358.1000061035156,-350.3999938964844,-340.0,-326.0,-311.0,-295.79998779296875,-289.70001220703125,-277.9599914550781
2600,-325.44000244140625,15.023737907409668,14.265167236328125,5.477518463134766,-325.44000244140625,-326.0,21.794641494750977,-366.0799865722656,-360.04998779296875,-350.3999938964844,-340.0,-326.0,-311.0,-295.79998779296875,-289.70001220703125,-277.9599914550781
2640,-325.6999816894531,14.991909980773926,14.264727592468262,5.320352554321289,-325.70001220703125,-327.0,21.771312713623047,-366.0799865722656,-361.1499938964844,-350.3999938964844,-340.0,-327.0,-311.5,-295.79998779296875,-289.70001220703125,-277.9599914550781
2680,-325.79998779296875,14.957330703735352,14.251749038696289,5.173011398315429,-325.79998779296875,-327.0,21.837581634521484,-366.0799865722656,-361.1499938964844,-354.0,-340.0,-327.0,-311.5,-295.79998779296875,-289.79998779296875,-277.9599914550781
2720,-325.8800048828125,14.925699234008789,14.24657917022705,5.033706569671631,-325.8800048828125,-327.0,21.77672004699707,-366.0799865722656,-361.1499938964844,-354.0,-340.0,-327.0,-311.5,-295.79998779296875,-289.79998779296875,-278.0
2760,-326.0799865722656,14.888869285583496,14.232983589172363,4.897785282135009,-326.0799865722656,-327.0,21.725414276123047,-368.0400085449219,-361.1499938964844,-354.0,-340.0,-327.0,-312.0,-295.79998779296875,-289.79998779296875,-278.9800109863281
2800,-326.2799987792969,14.862669944763184,14.229911804199219,4.769007587432862,-326.2799987792969,-327.0,21.612995147705078,-368.0400085449219,-361.1499938964844,-354.0,-340.25,-327.0,-312.0,-297.79998779296875,-289.79998779296875,-278.9800109863281
2840,-326.53997802734375,14.858136177062988,14.249051094055176,4.631376552581787,-326.5400085449219,-327.0,21.587690353393555,-368.0400085449219,-361.1499938964844,-354.0,-341.0,-327.0,-312.0,-297.79998779296875,-289.79998779296875,-278.9800109863281
2880,-326.55999755859375,14.855201721191406,14.264689445495605,4.529804706573486,-326.55999755859375,-327.0,21.60107421875,-368.0400085449219,-361.1499938964844,-354.0,-341.0,-327.0,-312.0,-297.79998779296875,-289.79998779296875,-278.9800109863281
2920,-326.79998779296875,14.84783935546875,14.277312278747559,4.415314865112305,-326.79998779296875,-327.0,21.565711975097656,-370.0,-361.1499938964844,-354.0,-341.0,-327.0,-313.5,-297.79998779296875,-289.79998779296875,-278.9800109863281
2960,-326.82000732421875,14.829904556274414,14.281699180603027,4.297435760498047,-326.82000732421875,-327.0,21.564035415649414,-370.0,-361.1499938964844,-354.0,-341.0,-327.0,-313.5,-297.79998779296875,-289.79998779296875,-278.9800109863281
3000,-327.0,14.832079887390137,14.29679012298584,4.194694900512696,-327.0,-327.0,21.66656494140625,-370.0,-361.1499938964844,-354.0,-341.0,-327.0,-313.5,-297.79998779296875,-289.79998779296875,-278.9800109863281
3040,-327.17999267578125,14.80712604522705,14.28839111328125,4.0960735321044925,-327.17999267578125,-327.0,21.658430099487305,-370.0,-361.1499938964844,-354.0,-341.0,-327.0,-313.5,-297.79998779296875,-289.79998779296875,-278.9800109863281
3080,-327.3599853515625,14.82397747039795,14.313281059265137,4.020894956588745,-327.3599853515625,-328.0,21.80895233154297,-370.0,-361.1499938964844,-354.0,-341.25,-328.0,-313.5,-297.79998779296875,-289.79998779296875,-278.9800109863281
3120,-327.47998046875,14.818556785583496,14.325380325317383,3.9210856914520265,-327.4800109863281,-328.0,21.779109954833984,-370.0400085449219,-361.1499938964844,-354.0,-341.25,-328.0,-314.0,-297.79998779296875,-289.79998779296875,-278.9800109863281
3160,-327.5799865722656,14.830016136169434,14.34763240814209,3.8461728572845457,-327.5799865722656,-329.0,21.717817306518555,-370.0400085449219,-361.1499938964844,-354.0,-341.25,-329.0,-314.0,-298.0,-289.79998779296875,-278.9800109863281
3200,-327.7200012207031,14.824363708496094,14.358903884887695,3.7542128562927246,-327.7200012207031,-329.0,21.599111557006836,-370.0400085449219,-361.1499938964844,-354.0,-341.25,-329.0,-314.0,-299.79998779296875,-289.79998779296875,-278.9800109863281
3240,-327.94000244140625,14.813674926757812,14.360934257507324,3.673149919509888,-327.94000244140625,-330.0,21.54243278503418,-370.0400085449219,-361.1499938964844,-354.0,-341.25,-330.0,-315.5,-299.79998779296875,-289.79998779296875,-278.9800109863281
3280,-328.03997802734375,14.802912712097168,14.361473083496094,3.5882471561431886,-328.0400085449219,-330.0,21.652677536010742,-372.0,-361.25,-354.0,-341.25,-330.0,-315.5,-299.79998779296875,-289.79998779296875,-278.9800109863281
3320,-328.1199951171875,14.808188438415527,14.378626823425293,3.5126458168029786,-328.1199951171875,-330.0,21.6357479095459,-372.0,-361.25,-354.0,-341.25,-330.0,-315.5,-299.79998779296875,-289.79998779296875,-278.9800109863281
3360,-328.17999267578125,14.799769401550293,14.380531311035156,3.4378498554229737,-328.17999267578125,-330.0,21.66766357421875,-372.0,-361.25,-354.0,-342.0,-330.0,-315.5,-299.79998779296875,-289.79998779296875,-278.9800109863281
3400,-328.2200012207031,14.803128242492676,14.392109870910645,3.3792773246765138,-328.2200012207031,-330.0,21.659908294677734,-372.0,-361.25,-354.0,-342.0,-330.0,-315.5,-299.79998779296875,-289.79998779296875,-278.9800109863281
3440,-328.3599853515625,14.817085266113281,14.417523384094238,3.3091142654418944,-328.3599853515625,-330.0,21.54414939880371,-372.0,-361.25,-354.0,-342.0,-330.0,-315.5,-299.79998779296875,-289.79998779296875,-278.9800109863281
3480,-328.41998291015625,14.802635192871094,14.4178466796875,3.2247313022613526,-328.4200134277344,-330.0,21.556983947753906,-372.0,-361.25,-354.0,-342.0,-330.0,-315.5,-299.79998779296875,-289.79998779296875,-278.9800109863281
3520,-328.5199890136719,14.808464050292969,14.431241035461426,3.1708197593688965,-328.5199890136719,-330.0,21.47579002380371,-372.0,-361.25,-354.0,-342.0,-330.0,-315.5,-299.79998779296875,-289.79998779296875,-278.9800109863281
3560,-328.6000061035156,14.802397727966309,14.434279441833496,3.1122958183288576,-328.6000061035156,-330.0,21.52022361755371,-372.0,-362.20001220703125,-354.0,-342.0,-330.0,-315.5,-299.79998779296875,-289.79998779296875,-278.9800109863281
3600,-328.7799987792969,14.791864395141602,14.4284029006958,3.071941947937012,-328.7799987792969,-330.0,21.524675369262695,-372.0,-362.20001220703125,-354.0,-342.0,-330.0,-316.0,-299.79998779296875,-289.79998779296875,-278.9800109863281
3640,-328.82000732421875,14.767662048339844,14.413517951965332,3.013941526412964,-328.82000732421875,-330.0,21.5231876373291,-372.0,-362.20001220703125,-354.0,-342.0,-330.0,-316.0,-299.79998779296875,-289.79998779296875,-278.9800109863281
3680,-328.94000244140625,14.78433895111084,14.438794136047363,2.962649631500244,-328.94000244140625,-330.5,21.52385711669922,-372.0,-362.20001220703125,-354.0,-342.0,-330.5,-316.0,-299.79998779296875,-289.79998779296875,-278.9800109863281
3720,-329.0799865722656,14.79132080078125,14.454736709594727,2.9031325817108153,-329.0799865722656,-331.0,21.573909759521484,-372.0,-362.20001220703125,-354.0,-342.25,-331.0,-316.0,-299.79998779296875,-289.79998779296875,-278.9800109863281
3760,-329.1199951171875,14.795099258422852,14.468716621398926,2.842369318008423,-329.1199951171875,-332.0,21.560741424560547,-372.0,-362.20001220703125,-354.0,-342.25,-332.0,-316.0,-299.79998779296875,-289.79998779296875,-278.9800109863281
3800,-329.1199951171875,14.800921440124512,14.480775833129883,2.789806079864502,-329.1199951171875,-332.0,21.560741424560547,-372.0,-362.20001220703125,-354.0,-342.25,-332.0,-316.0,-299.79998779296875,-289.79998779296875,-278.9800109863281
3840,-329.1199951171875,14.790410041809082,14.478344917297363,2.732934045791626,-329.1199951171875,-332.0,21.560741424560547,-372.0,-362.20001220703125,-354.0,-342.25,-332.0,-316.0,-299.79998779296875,-289.79998779296875,-278.9800109863281
3880,-329.1999816894531,14.801899909973145,14.49743938446045,2.6659403800964356,-329.20001220703125,-332.0,21.60092544555664,-372.0,-362.29998779296875,-354.0,-342.25,-332.0,-316.0,-299.79998779296875,-289.79998779296875,-278.9800109863281
3920,-329.2200012207031,14.813575744628906,14.512343406677246,2.627790355682373,-329.2200012207031,-332.0,21.604433059692383,-372.0,-362.29998779296875,-354.0,-342.25,-332.0,-316.0,-299.79998779296875,-289.79998779296875,-278.9800109863281
3960,-329.29998779296875,14.817651748657227,14.525092124938965,2.572881507873535,-329.29998779296875,-332.0,21.620128631591797,-372.0,-362.29998779296875,-354.0,-342.25,-332.0,-317.5,-299.79998779296875,-289.79998779296875,-278.9800109863281
4000,-329.29998779296875,14.810951232910156,14.526373863220215,2.5228178024291994,-329.29998779296875,-332.0,21.620128631591797,-372.0,-362.29998779296875,-354.0,-342.25,-332.0,-317.5,-299.79998779296875,-289.79998779296875,-278.9800109863281
4040,-329.3599853515625,14.820724487304688,14.536874771118164,2.4933655738830565,-329.3599853515625,-332.0,21.618288040161133,-372.0,-362.29998779296875,-354.0,-343.0,-332.0,-317.5,-299.79998779296875,-289.79998779296875,-278.9800109863281
4080,-329.3999938964844,14.817267417907715,14.54259204864502,2.448153495788574,-329.3999938964844,-332.0,21.634233474731445,-372.0,-364.20001220703125,-354.0,-343.0,-332.0,-317.5,-299.79998779296875,-289.79998779296875,-278.9800109863281
4120,-329.4599914550781,14.823160171508789,14.550308227539062,2.4156885147094727,-329.4599914550781,-332.0,21.616392135620117,-372.0,-364.20001220703125,-354.0,-343.0,-332.0,-317.5,-299.79998779296875,-289.79998779296875,-278.9800109863281
4160,-329.47998046875,14.813429832458496,14.54544734954834,2.380015420913696,-329.4800109863281,-332.0,21.624282836914062,-372.0,-364.20001220703125,-354.0,-343.0,-332.0,-317.5,-299.79998779296875,-289.79998779296875,-278.9800109863281
4200,-329.47998046875,14.79675006866455,14.535346031188965,2.3434775829315186,-329.4800109863281,-332.0,21.624282836914062,-372.0,-364.20001220703125,-354.0,-343.0,-332.0,-317.5,-299.79998779296875,-289.79998779296875,-278.9800109863281
4240,-329.47998046875,14.808565139770508,14.55553150177002,2.2936277866363524,-329.4800109863281,-332.0,21.624282836914062,-372.0,-364.20001220703125,-354.0,-343.0,-332.0,-317.5,-299.79998779296875,-289.79998779296875,-278.9800109863281
4280,-329.5,14.798507690429688,14.548792839050293,2.2666244983673094,-329.5,-332.0,21.631227493286133,-372.0,-364.20001220703125,-354.0,-343.0,-332.0,-317.5,-299.79998779296875,-289.79998779296875,-278.9800109863281
4320,-329.5,14.811772346496582,14.566807746887207,2.231283092498779,-329.5,-332.0,21.631227493286133,-372.0,-364.20001220703125,-354.0,-343.0,-332.0,-317.5,-299.79998779296875,-289.79998779296875,-278.9800109863281
4360,-329.53997802734375,14.812085151672363,14.569371223449707,2.201893138885498,-329.5400085449219,-332.0,21.60158348083496,-372.0,-364.20001220703125,-354.0,-343.0,-332.0,-317.5,-299.79998779296875,-289.79998779296875,-278.9800109863281
4400,-329.53997802734375,14.809968948364258,14.572610855102539,2.177374505996704,-329.5400085449219,-332.0,21.60158348083496,-372.0,-364.20001220703125,-354.0,-343.0,-332.0,-317.5,-299.79998779296875,-289.79998779296875,-278.9800109863281
4440,-329.55999755859375,14.799788475036621,14.566594123840332,2.1410985469818113,-329.55999755859375,-332.5,21.603851318359375,-372.0,-364.20001220703125,-354.0,-343.0,-332.5,-317.5,-299.79998779296875,-289.79998779296875,-278.9800109863281
4480,-329.55999755859375,14.793684959411621,14.567179679870605,2.101377487182617,-329.55999755859375,-332.5,21.603851318359375,-372.0,-364.20001220703125,-354.0,-343.0,-332.5,-317.5,-299.79998779296875,-289.79998779296875,-278.9800109863281
4520,-329.6600036621094,14.801680564880371,14.575385093688965,2.085181188583374,-329.6600036621094,-332.5,21.5286865234375,-372.0,-364.20001220703125,-354.0,-343.0,-332.5,-317.5,-300.70001220703125,-289.79998779296875,-278.9800109863281
4560,-329.6999816894531,14.80682373046875,14.584756851196289,2.0528165340423583,-329.70001220703125,-333.5,21.518131256103516,-372.0,-364.20001220703125,-354.0,-343.0,-333.5,-317.5,-300.70001220703125,-289.79998779296875,-278.9800109863281
4600,-329.739990234375,14.814239501953125,14.596707344055176,2.0222488164901735,-329.739990234375,-334.0,21.522367477416992,-372.0,-364.20001220703125,-354.0,-343.0,-334.0,-317.5,-300.70001220703125,-289.79998779296875,-278.9800109863281
4640,-329.7799987792969,14.806437492370605,14.593254089355469,1.9879900693893433,-329.7799987792969,-334.0,21.589618682861328,-372.0,-368.0,-354.0,-343.0,-334.0,-317.5,-300.70001220703125,-289.79998779296875,-278.9800109863281
4680,-329.79998779296875,14.816995620727539,14.608237266540527,1.9513633966445922,-329.79998779296875,-334.0,21.579620361328125,-372.0,-368.0,-354.0,-343.0,-334.0,-317.5,-300.70001220703125,-289.79998779296875,-278.9800109863281
4720,-329.8599853515625,14.840041160583496,14.6334228515625,1.940461850166321,-329.8599853515625,-334.0,21.601398468017578,-372.0,-368.0,-354.0,-343.0,-334.0,-317.5,-300.70001220703125,-289.79998779296875,-278.9800109863281
4760,-329.8599853515625,14.843530654907227,14.638381958007812,1.9249207973480225,-329.8599853515625,-334.0,21.601398468017578,-372.0,-368.0,-354.0,-343.0,-334.0,-317.5,-300.70001220703125,-289.79998779296875,-278.9800109863281
4800,-329.97998046875,14.84257984161377,14.644508361816406,1.8885152339935303,-329.9800109863281,-334.0,21.587024688720703,-372.0,-368.0,-354.0,-343.0,-334.0,-317.5,-300.70001220703125,-289.79998779296875,-278.9800109863281
4840,-329.97998046875,14.847487449645996,14.652647972106934,1.8582631587982177,-329.9800109863281,-334.0,21.587024688720703,-372.0,-368.0,-354.0,-343.0,-334.0,-317.5,-300.70001220703125,-289.79998779296875,-278.9800109863281
4880,-330.0,14.853915214538574,14.65994930267334,1.840206217765808,-330.0,-334.0,21.623136520385742,-372.0,-368.1000061035156,-354.0,-343.0,-334.0,-317.5,-300.70001220703125,-289.79998779296875,-278.9800109863281
4920,-330.0,14.846823692321777,14.656134605407715,1.8100576162338258,-330.0,-334.0,21.623136520385742,-372.0,-368.1000061035156,-354.0,-343.0,-334.0,-317.5,-300.70001220703125,-289.79998779296875,-278.9800109863281
4960,-330.1399841308594,14.843092918395996,14.6558198928833,1.7900161027908326,-330.1400146484375,-334.0,21.64117431640625,-372.0,-368.1000061035156,-354.0,-343.0,-334.0,-318.0,-300.70001220703125,-289.79998779296875,-278.9800109863281
5000,-330.1399841308594,14.838897705078125,14.657661437988281,1.7606284856796264,-330.1400146484375,-334.0,21.64117431640625,-372.0,-368.1000061035156,-354.0,-343.0,-334.0,-318.0,-300.70001220703125,-289.79998779296875,-278.9800109863281
5040,-330.1399841308594,14.854545593261719,14.678459167480469,1.7309090614318847,-330.1400146484375,-334.0,21.64117431640625,-372.0,-368.1000061035156,-354.0,-343.0,-334.0,-318.0,-300.70001220703125,-289.79998779296875,-278.9800109863281
5080,-330.1600036621094,14.858550071716309,14.6812162399292,1.715928602218628,-330.1600036621094,-334.0,21.661357879638672,-372.0,-368.1000061035156,-354.0,-343.0,-334.0,-318.0,-300.70001220703125,-289.79998779296875,-278.9800109863281
5120,-330.17999267578125,14.85374927520752,14.680755615234375,1.6911136388778687,-330.17999267578125,-334.0,21.697181701660156,-372.0,-370.0,-354.0,-343.0,-334.0,-318.0,-300.70001220703125,-289.79998779296875,-278.9800109863281
5160,-330.17999267578125,14.852147102355957,14.683110237121582,1.6667120933532715,-330.17999267578125,-334.0,21.697181701660156,-372.0,-370.0,-354.0,-343.0,-334.0,-318.0,-300.70001220703125,-289.79998779296875,-278.9800109863281
5200,-330.1999816894531,14.837984085083008,14.672965049743652,1.64209725856781,-330.20001220703125,-334.0,21.692394256591797,-372.0,-370.0,-354.0,-343.0,-334.0,-318.0,-300.70001220703125,-289.79998779296875,-278.9800109863281
5240,-330.1999816894531,14.844098091125488,14.681665420532227,1.621760654449463,-330.20001220703125,-334.0,21.692394256591797,-372.0,-370.0,-354.0,-343.0,-334.0,-318.0,-300.70001220703125,-289.79998779296875,-278.9800109863281
5280,-330.2599792480469,14.845420837402344,14.6864595413208,1.6011996269226074,-330.260009765625,-334.0,21.73596954345703,-372.0,-370.0,-354.0,-343.0,-334.0,-318.0,-300.70001220703125,-289.79998779296875,-278.9800109863281
5320,-330.2599792480469,14.84795093536377,14.690187454223633,1.5884287357330322,-330.260009765625,-334.0,21.73596954345703,-372.0,-370.0,-354.0,-343.0,-334.0,-318.0,-300.70001220703125,-289.79998779296875,-278.9800109863281
5360,-330.2599792480469,14.852225303649902,14.696234703063965,1.5686869144439697,-330.260009765625,-334.0,21.73596954345703,-372.0,-370.0,-354.0,-343.0,-334.0,-318.0,-300.70001220703125,-289.79998779296875,-278.9800109863281
5400,-330.2599792480469,14.840829849243164,14.687010765075684,1.5436176538467408,-330.260009765625,-334.0,21.73596954345703,-372.0,-370.0,-354.0,-343.0,-334.0,-318.0,-300.70001220703125,-289.79998779296875,-278.9800109863281
5440,-330.2599792480469,14.841470718383789,14.686678886413574,1.51843581199646,-330.260009765625,-334.0,21.73596954345703,-372.0,-370.0,-354.0,-343.0,-334.0,-318.0,-300.70001220703125,-289.79998779296875,-278.9800109863281
5480,-330.2599792480469,14.829963684082031,14.676745414733887,1.5034753322601317,-330.260009765625,-334.0,21.73596954345703,-372.0,-370.0,-354.0,-343.0,-334.0,-318.0,-300.70001220703125,-289.79998779296875,-278.9800109863281
5520,-330.2599792480469,14.835963249206543,14.683441162109375,1.4852705240249633,-330.260009765625,-334.0,21.73596954345703,-372.0,-370.0,-354.0,-343.0,-334.0,-318.0,-300.70001220703125,-289.79998779296875,-278.9800109863281
5560,-330.2599792480469,14.851347923278809,14.703314781188965,1.46912739276886,-330.260009765625,-334.0,21.73596954345703,-372.0,-370.0,-354.0,-343.0,-334.0,-318.0,-300.70001220703125,-289.79998779296875,-278.9800109863281
5600,-330.2599792480469,14.82928466796875,14.683728218078613,1.4445608377456665,-330.260009765625,-334.0,21.73596954345703,-372.0,-370.0,-354.0,-343.0,-334.0,-318.0,-300.70001220703125,-289.79998779296875,-278.9800109863281
5640,-330.2599792480469,14.81653881072998,14.67431640625,1.418772578239441,-330.260009765625,-334.0,21.73596954345703,-372.0,-370.0,-354.0,-343.0,-334.0,-318.0,-300.70001220703125,-289.79998779296875,-278.9800109863281
5680,-330.2599792480469,14.815713882446289,14.67656421661377,1.395350193977356,-330.260009765625,-334.0,21.73596954345703,-372.0,-370.0,-354.0,-343.0,-334.0,-318.0,-300.70001220703125,-289.79998779296875,-278.9800109863281
5720,-330.2799987792969,14.82096004486084,14.684915542602539,1.372263741493225,-330.2799987792969,-334.0,21.712705612182617,-372.0,-370.0,-354.0,-343.0,-334.0,-318.0,-300.70001220703125,-289.79998779296875,-278.9800109863281
5760,-330.2799987792969,14.81046199798584,14.67491340637207,1.358403468132019,-330.2799987792969,-334.0,21.712705612182617,-372.0,-370.0,-354.0,-343.0,-334.0,-318.0,-300.70001220703125,-289.79998779296875,-278.9800109863281
5800,-330.3399963378906,14.826481819152832,14.691070556640625,1.3525402307510377,-330.3399963378906,-334.0,21.7486629486084,-372.0,-370.0,-354.0,-343.0,-334.0,-318.0,-300.70001220703125,-289.79998779296875,-278.9800109863281
5840,-330.44000244140625,14.82707691192627,14.692669868469238,1.337509036064148,-330.44000244140625,-334.0,21.76249885559082,-372.0,-370.1000061035156,-354.0,-343.0,-334.0,-318.0,-300.70001220703125,-289.79998779296875,-278.9800109863281
5880,-330.44000244140625,14.828333854675293,14.694304466247559,1.3312041521072389,-330.44000244140625,-334.0,21.76249885559082,-372.0,-370.1000061035156,-354.0,-343.0,-334.0,-318.0,-300.70001220703125,-289.79998779296875,-278.9800109863281
5920,-330.44000244140625,14.827338218688965,14.698226928710938,1.3014796495437622,-330.44000244140625,-334.0,21.76249885559082,-372.0,-370.1000061035156,-354.0,-343.0,-334.0,-318.0,-300.70001220703125,-289.79998779296875,-278.9800109863281
5960,-330.44000244140625,14.821700096130371,14.697097778320312,1.2822025060653686,-330.44000244140625,-334.0,21.76249885559082,-372.0,-370.1000061035156,-354.0,-343.0,-334.0,-318.0,-300.70001220703125,-289.79998779296875,-278.9800109863281
6000,-330.44000244140625,14.824496269226074,14.703818321228027,1.2638089179992675,-330.44000244140625,-334.0,21.76249885559082,-372.0,-370.1000061035156,-354.0,-343.0,-334.0,-318.0,-300.70001220703125,-289.79998779296875,-278.9800109863281
6040,-330.44000244140625,14.813285827636719,14.695444107055664,1.2480386018753051,-330.44000244140625,-334.0,21.76249885559082,-372.0,-370.1000061035156,-354.0,-343.0,-334.0,-318.0,-300.70001220703125,-289.79998779296875,-278.9800109863281
6080,-330.44000244140625,14.802530288696289,14.684081077575684,1.2416892766952514,-330.44000244140625,-334.0,21.76249885559082,-372.0,-370.1000061035156,-354.0,-343.0,-334.0,-318.0,-300.70001220703125,-289.79998779296875,-278.9800109863281
6120,-330.44000244140625,14.797812461853027,14.683857917785645,1.2183714389801026,-330.44000244140625,-334.0,21.76249885559082,-372.0,-370.1000061035156,-354.0,-343.0,-334.0,-318.0,-300.70001220703125,-289.79998779296875,-278.9800109863281
6160,-330.44000244140625,14.804351806640625,14.68942928314209,1.2076924085617065,-330.44000244140625,-334.0,21.76249885559082,-372.0,-370.1000061035156,-354.0,-343.0,-334.0,-318.0,-300.70001220703125,-289.79998779296875,-278.9800109863281
6200,-330.44000244140625,14.78185749053955,14.671587944030762,1.1838824272155761,-330.44000244140625,-334.0,21.76249885559082,-372.0,-370.1000061035156,-354.0,-343.0,-334.0,-318.0,-300.70001220703125,-289.79998779296875,-278.9800109863281
6240,-330.44000244140625,14.780543327331543,14.668967247009277,1.1753334283828736,-330.44000244140625,-334.0,21.76249885559082,-372.0,-370.1000061035156,-354.0,-343.0,-334.0,-318.0,-300.70001220703125,-289.79998779296875,-278.9800109863281
6280,-330.44000244140625,14.786894798278809,14.676551818847656,1.1592926263809205,-330.44000244140625,-334.0,21.76249885559082,-372.0,-370.1000061035156,-354.0,-343.0,-334.0,-318.0,-300.70001220703125,-289.79998779296875,-278.9800109863281
6320,-330.47998046875,14.789323806762695,14.678494453430176,1.1555881261825562,-330.4800109863281,-334.0,21.761655807495117,-372.0,-370.1000061035156,-354.0,-343.0,-334.0,-318.0,-300.70001220703125,-289.79998779296875,-278.9800109863281
6360,-330.47998046875,14.77311897277832,14.662724494934082,1.1467553853988648,-330.4800109863281,-334.0,21.761655807495117,-372.0,-370.1000061035156,-354.0,-343.0,-334.0,-318.0,-300.70001220703125,-289.79998779296875,-278.9800109863281
6400,-330.47998046875,14.78201961517334,14.671481132507324,1.1430787086486816,-330.4800109863281,-334.0,21.761655807495117,-372.0,-370.1000061035156,-354.0,-343.0,-334.0,-318.0,-300.70001220703125,-289.79998779296875,-278.9800109863281
6440,-330.5199890136719,14.788087844848633,14.67944622039795,1.1269238948822022,-330.5199890136719,-334.0,21.77176284790039,-372.0,-370.1000061035156,-354.0,-343.0,-334.0,-318.0,-300.70001220703125,-289.79998779296875,-278.9800109863281
6480,-330.5199890136719,14.785478591918945,14.676800727844238,1.1251705884933472,-330.5199890136719,-334.0,21.77176284790039,-372.0,-370.1000061035156,-354.0,-343.0,-334.0,-318.0,-300.70001220703125,-289.79998779296875,-278.9800109863281
6520,-330.5199890136719,14.791847229003906,14.6819486618042,1.1124630689620971,-330.5199890136719,-334.0,21.77176284790039,-372.0,-370.1000061035156,-354.0,-343.0,-334.0,-318.0,-300.70001220703125,-289.79998779296875,-278.9800109863281
6560,-330.5199890136719,14.773239135742188,14.666046142578125,1.0962244749069214,-330.5199890136719,-334.0,21.77176284790039,-372.0,-370.1000061035156,-354.0,-343.0,-334.0,-318.0,-300.70001220703125,-289.79998779296875,-278.9800109863281
6600,-330.5199890136719,14.764849662780762,14.659438133239746,1.0753173828125,-330.5199890136719,-334.0,21.77176284790039,-372.0,-370.1000061035156,-354.0,-343.0,-334.0,-318.0,-300.70001220703125,-289.79998779296875,-278.9800109863281
6640,-330.5199890136719,14.779090881347656,14.67499828338623,1.0708587646484375,-330.5199890136719,-334.0,21.77176284790039,-372.0,-370.1000061035156,-354.0,-343.0,-334.0,-318.0,-300.70001220703125,-289.79998779296875,-278.9800109863281
6680,-330.5199890136719,14.790751457214355,14.685380935668945,1.0688679933547973,-330.5199890136719,-334.0,21.77176284790039,-372.0,-370.1000061035156,-354.0,-343.0,-334.0,-318.0,-300.70001220703125,-289.79998779296875,-278.9800109863281
6720,-330.5199890136719,14.786623001098633,14.686442375183105,1.0513914346694946,-330.5199890136719,-334.0,21.77176284790039,-372.0,-370.1000061035156,-354.0,-343.0,-334.0,-318.0,-300.70001220703125,-289.79998779296875,-278.9800109863281
6760,-330.5199890136719,14.783670425415039,14.686297416687012,1.0358563184738159,-330.5199890136719,-334.0,21.77176284790039,-372.0,-370.1000061035156,-354.0,-343.0,-334.0,-318.0,-300.70001220703125,-289.79998779296875,-278.9800109863281
6800,-330.5199890136719,14.77532958984375,14.679102897644043,1.0198824286460877,-330.5199890136719,-334.0,21.77176284790039,-372.0,-370.1000061035156,-354.0,-343.0,-334.0,-318.0,-300.70001220703125,-289.79998779296875,-278.9800109863281
6840,-330.5199890136719,14.772829055786133,14.680826187133789,0.9986520528793335,-330.5199890136719,-334.0,21.77176284790039,-372.0,-370.1000061035156,-354.0,-343.0,-334.0,-318.0,-300.70001220703125,-289.79998779296875,-278.9800109863281
6880,-330.5199890136719,14.758166313171387,14.672210693359375,0.9695007920265197,-330.5199890136719,-334.0,21.77176284790039,-372.0,-370.1000061035156,-354.0,-343.0,-334.0,-318.0,-300.70001220703125,-289.79998779296875,-278.9800109863281
6920,-330.5199890136719,14.766077041625977,14.680213928222656,0.9583844661712646,-330.5199890136719,-334.0,21.77176284790039,-372.0,-370.1000061035156,-354.0,-343.0,-334.0,-318.0,-300.70001220703125,-289.79998779296875,-278.9800109863281
6960,-330.55999755859375,14.760149955749512,14.677881240844727,0.9424968600273133,-330.55999755859375,-334.0,21.815736770629883,-372.0,-372.0,-354.0,-343.0,-334.0,-318.0,-300.70001220703125,-289.79998779296875,-278.9800109863281
7000,-330.55999755859375,14.763193130493164,14.68101978302002,0.9310960173606873,-330.55999755859375,-334.0,21.815736770629883,-372.0,-372.0,-354.0,-343.0,-334.0,-318.0,-300.70001220703125,-289.79998779296875,-278.9800109863281
7040,-330.5799865722656,14.756976127624512,14.678057670593262,0.9096058249473572,-330.5799865722656,-334.0,21.80329132080078,-372.0,-372.0,-354.0,-343.0,-334.0,-318.0,-300.70001220703125,-289.79998779296875,-278.9800109863281
7080,-330.6399841308594,14.758723258972168,14.677367210388184,0.9121784925460815,-330.6400146484375,-334.0,21.79886245727539,-372.0,-372.0,-354.0,-343.75,-334.0,-318.0,-300.8999938964844,-289.79998779296875,-278.9800109863281
7120,-330.6399841308594,14.746583938598633,14.6646728515625,0.9123689651489257,-330.6400146484375,-334.0,21.79886245727539,-372.0,-372.0,-354.0,-343.75,-334.0,-318.0,-300.8999938964844,-289.79998779296875,-278.9800109863281
7160,-330.6399841308594,14.75048542022705,14.666893005371094,0.913878881931305,-330.6400146484375,-334.0,21.79886245727539,-372.0,-372.0,-354.0,-343.75,-334.0,-318.0,-300.8999938964844,-289.79998779296875,-278.9800109863281
7200,-330.6399841308594,14.75694751739502,14.672141075134277,0.9048200011253357,-330.6400146484375,-334.0,21.79886245727539,-372.0,-372.0,-354.0,-343.75,-334.0,-318.0,-300.8999938964844,-289.79998779296875,-278.9800109863281
7240,-330.6399841308594,14.743102073669434,14.664288520812988,0.8887039422988892,-330.6400146484375,-334.0,21.79886245727539,-372.0,-372.0,-354.0,-343.75,-334.0,-318.0,-300.8999938964844,-289.79998779296875,-278.9800109863281
7280,-330.6600036621094,14.739598274230957,14.660941123962402,0.8760289788246155,-330.6600036621094,-334.0,21.786334991455078,-372.0,-372.0,-354.0,-343.75,-334.0,-318.0,-300.8999938964844,-289.79998779296875,-278.9800109863281
7320,-330.6600036621094,14.737091064453125,14.658732414245605,0.8643368601799011,-330.6600036621094,-334.0,21.786334991455078,-372.0,-372.0,-354.0,-343.75,-334.0,-318.0,-300.8999938964844,-289.79998779296875,-278.9800109863281
7360,-330.67999267578125,14.734171867370605,14.659622192382812,0.8564278721809387,-330.67999267578125,-334.0,21.75908088684082,-372.0,-372.0,-354.0,-343.75,-334.0,-318.0,-301.8999938964844,-289.79998779296875,-278.9800109863281
7400,-330.67999267578125,14.739697456359863,14.66363525390625,0.846802806854248,-330.67999267578125,-334.0,21.75908088684082,-372.0,-372.0,-354.0,-343.75,-334.0,-318.0,-301.8999938964844,-289.79998779296875,-278.9800109863281
7440,-330.67999267578125,14.731406211853027,14.660017967224121,0.8203522443771363,-330.67999267578125,-334.0,21.75908088684082,-372.0,-372.0,-354.0,-343.75,-334.0,-318.0,-301.8999938964844,-289.79998779296875,-278.9800109863281
7480,-330.67999267578125,14.727253913879395,14.654879570007324,0.819021737575531,-330.67999267578125,-334.0,21.75908088684082,-372.0,-372.0,-354.0,-343.75,-334.0,-318.0,-301.8999938964844,-289.79998779296875,-278.9800109863281
7520,-330.7799987792969,14.720602989196777,14.65360164642334,0.7904661059379577,-330.7799987792969,-334.0,21.714317321777344,-372.0,-372.0,-354.0,-343.75,-334.0,-319.5,-301.8999938964844,-289.79998779296875,-278.9800109863281
7560,-330.7799987792969,14.73076057434082,14.6616792678833,0.7993319869041443,-330.7799987792969,-334.0,21.714317321777344,-372.0,-372.0,-354.0,-343.75,-334.0,-319.5,-301.8999938964844,-289.79998779296875,-278.9800109863281
7600,-330.79998779296875,14.738568305969238,14.670676231384277,0.7784549832344055,-330.79998779296875,-334.0,21.7292423248291,-372.0,-372.0,-354.0,-343.75,-334.0,-319.5,-301.8999938964844,-289.79998779296875,-278.9800109863281
7640,-330.79998779296875,14.739069938659668,14.668530464172363,0.7819278717041016,-330.79998779296875,-334.0,21.7292423248291,-372.0,-372.0,-354.0,-343.75,-334.0,-319.5,-301.8999938964844,-289.79998779296875,-278.9800109863281
7680,-330.79998779296875,14.7129487991333,14.648422241210938,0.7533905982971192,-330.79998779296875,-334.0,21.7292423248291,-372.0,-372.0,-354.0,-343.75,-334.0,-319.5,-301.8999938964844,-289.79998779296875,-278.9800109863281
7720,-330.79998779296875,14.710617065429688,14.645976066589355,0.7480609059333801,-330.79998779296875,-334.0,21.7292423248291,-372.0,-372.0,-354.0,-343.75,-334.0,-319.5,-301.8999938964844,-289.79998779296875,-278.9800109863281
7760,-330.79998779296875,14.738545417785645,14.669804573059082,0.747458815574646,-330.79998779296875,-334.0,21.7292423248291,-372.0,-372.0,-354.0,-343.75,-334.0,-319.5,-301.8999938964844,-289.79998779296875,-278.9800109863281
7800,-330.8399963378906,14.713678359985352,14.651034355163574,0.7254798769950866,-330.8399963378906,-334.0,21.735095977783203,-372.0,-372.0,-354.0,-343.75,-334.0,-319.5,-301.8999938964844,-289.79998779296875,-278.9800109863281
7840,-330.8399963378906,14.719367980957031,14.658026695251465,0.7175077438354492,-330.8399963378906,-334.0,21.735095977783203,-372.0,-372.0,-354.0,-343.75,-334.0,-319.5,-301.8999938964844,-289.79998779296875,-278.9800109863281
7880,-330.8399963378906,14.726794242858887,14.669273376464844,0.7009793281555176,-330.8399963378906,-334.0,21.735095977783203,-372.0,-372.0,-354.0,-343.75,-334.0,-319.5,-301.8999938964844,-289.79998779296875,-278.9800109863281
7920,-330.8399963378906,14.719179153442383,14.661300659179688,0.6968834161758423,-330.8399963378906,-334.0,21.735095977783203,-372.0,-372.0,-354.0,-343.75,-334.0,-319.5,-301.8999938964844,-289.79998779296875,-278.9800109863281
7960,-330.8399963378906,14.701950073242188,14.647076606750488,0.6773510813713074,-330.8399963378906,-334.0,21.735095977783203,-372.0,-372.0,-354.0,-343.75,-334.0,-319.5,-301.8999938964844,-289.79998779296875,-278.9800109863281
8000,-330.8599853515625,14.702020645141602,14.649060249328613,0.6680759191513062,-330.8599853515625,-334.0,21.709453582763672,-372.0,-372.0,-354.0,-343.75,-334.0,-319.5,-303.70001220703125,-289.79998779296875,-278.9800109863281
8040,-330.8599853515625,14.71356201171875,14.660626411437988,0.6567374229431152,-330.8599853515625,-334.0,21.709453582763672,-372.0,-372.0,-354.0,-343.75,-334.0,-319.5,-303.70001220703125,-289.79998779296875,-278.9800109863281
8080,-330.8599853515625,14.706046104431152,14.6514310836792,0.6514570832252502,-330.8599853515625,-334.0,21.709453582763672,-372.0,-372.0,-354.0,-343.75,-334.0,-319.5,-303.70001220703125,-289.79998779296875,-278.9800109863281
8120,-330.8599853515625,14.711058616638184,14.6575345993042,0.6415777206420898,-330.8599853515625,-334.0,21.709453582763672,-372.0,-372.0,-354.0,-343.75,-334.0,-319.5,-303.70001220703125,-289.79998779296875,-278.9800109863281
8160,-330.8599853515625,14.70635986328125,14.65649700164795,0.6228111624717713,-330.8599853515625,-334.0,21.709453582763672,-372.0,-372.0,-354.0,-343.75,-334.0,-319.5,-303.70001220703125,-289.79998779296875,-278.9800109863281
8200,-330.8599853515625,14.694647789001465,14.64555549621582,0.6149139165878296,-330.8599853515625,-334.0,21.709453582763672,-372.0,-372.0,-354.0,-343.75,-334.0,-319.5,-303.70001220703125,-289.79998779296875,-278.9800109863281
8240,-330.8800048828125,14.700860977172852,14.65024471282959,0.6220467567443848,-330.8800048828125,-334.0,21.70404624938965,-372.0,-372.0,-354.0,-343.75,-334.0,-319.5,-303.70001220703125,-289.79998779296875,-278.9800109863281
8280,-330.8800048828125,14.712472915649414,14.663118362426758,0.6074453711509704,-330.8800048828125,-334.0,21.70404624938965,-372.0,-372.0,-354.0,-343.75,-334.0,-319.5,-303.70001220703125,-289.79998779296875,-278.9800109863281
8320,-330.8800048828125,14.720335960388184,14.672259330749512,0.5870355725288391,-330.8800048828125,-334.0,21.70404624938965,-372.0,-372.0,-354.0,-343.75,-334.0,-319.5,-303.70001220703125,-289.79998779296875,-278.9800109863281
8360,-330.8800048828125,14.711285591125488,14.6651611328125,0.5757437467575073,-330.8800048828125,-334.0,21.70404624938965,-372.0,-372.0,-354.0,-343.75,-334.0,-319.5,-303.70001220703125,-289.79998779296875,-278.9800109863281
8400,-330.8800048828125,14.714621543884277,14.664206504821777,0.5838366627693177,-330.8800048828125,-334.0,21.70404624938965,-372.0,-372.0,-354.0,-343.75,-334.0,-319.5,-303.70001220703125,-289.79998779296875,-278.9800109863281
8440,-330.8800048828125,14.703373908996582,14.65750789642334,0.5678046584129334,-330.8800048828125,-334.0,21.70404624938965,-372.0,-372.0,-354.0,-343.75,-334.0,-319.5,-303.70001220703125,-289.79998779296875,-278.9800109863281
8480,-330.8800048828125,14.709324836730957,14.66197395324707,0.5679469347000122,-330.8800048828125,-334.0,21.70404624938965,-372.0,-372.0,-354.0,-343.75,-334.0,-319.5,-303.70001220703125,-289.79998779296875,-278.9800109863281
8520,-330.8800048828125,14.719515800476074,14.671473503112793,0.5722281455993652,-330.8800048828125,-334.0,21.70404624938965,-372.0,-372.0,-354.0,-343.75,-334.0,-319.5,-303.70001220703125,-289.79998779296875,-278.9800109863281
8560,-330.8800048828125,14.715083122253418,14.668464660644531,0.5498911142349243,-330.8800048828125,-334.0,21.70404624938965,-372.0,-372.0,-354.0,-343.75,-334.0,-319.5,-303.70001220703125,-289.79998779296875,-278.9800109863281
8600,-330.8800048828125,14.709172248840332,14.666763305664062,0.5329462885856628,-330.8800048828125,-334.0,21.70404624938965,-372.0,-372.0,-354.0,-343.75,-334.0,-319.5,-303.70001220703125,-289.79998779296875,-278.9800109863281
8640,-330.8800048828125,14.714659690856934,14.673416137695312,0.5189692735671997,-330.8800048828125,-334.0,21.70404624938965,-372.0,-372.0,-354.0,-343.75,-334.0,-319.5,-303.70001220703125,-289.79998779296875,-278.9800109863281
8680,-330.8800048828125,14.724303245544434,14.68347454071045,0.5098972618579865,-330.8800048828125,-334.0,21.70404624938965,-372.0,-372.0,-354.0,-343.75,-334.0,-319.5,-303.70001220703125,-289.79998779296875,-278.9800109863281
8720,-330.8800048828125,14.732255935668945,14.691977500915527,0.5063624441623688,-330.8800048828125,-334.0,21.70404624938965,-372.0,-372.0,-354.0,-343.75,-334.0,-319.5,-303.70001220703125,-289.79998779296875,-278.9800109863281
8760,-330.8800048828125,14.733362197875977,14.692893028259277,0.5060377717018127,-330.8800048828125,-334.0,21.70404624938965,-372.0,-372.0,-354.0,-343.75,-334.0,-319.5,-303.70001220703125,-289.79998779296875,-278.9800109863281
8800,-330.8800048828125,14.73625373840332,14.695521354675293,0.49591038227081297,-330.8800048828125,-334.0,21.70404624938965,-372.0,-372.0,-354.0,-343.75,-334.0,-319.5,-303.70001220703125,-289.79998779296875,-278.9800109863281
8840,-330.8800048828125,14.730242729187012,14.691757202148438,0.4829457521438599,-330.8800048828125,-334.0,21.70404624938965,-372.0,-372.0,-354.0,-343.75,-334.0,-319.5,-303.70001220703125,-289.79998779296875,-278.9800109863281
8880,-330.8800048828125,14.755279541015625,14.71021556854248,0.4904763221740723,-330.8800048828125,-334.0,21.70404624938965,-372.0,-372.0,-354.0,-343.75,-334.0,-319.5,-303.70001220703125,-289.79998779296875,-278.9800109863281
8920,-330.8800048828125,14.762730598449707,14.72094440460205,0.4912187814712524,-330.8800048828125,-334.0,21.70404624938965,-372.0,-372.0,-354.0,-343.75,-334.0,-319.5,-303.70001220703125,-289.79998779296875,-278.9800109863281
8960,-330.8800048828125,14.775179862976074,14.739448547363281,0.47224081158638,-330.8800048828125,-334.0,21.70404624938965,-372.0,-372.0,-354.0,-343.75,-334.0,-319.5,-303.70001220703125,-289.79998779296875,-278.9800109863281
9000,-330.91998291015625,14.756884574890137,14.723548889160156,0.4403334081172943,-330.9200134277344,-334.0,21.717126846313477,-372.0,-372.0,-354.0,-343.75,-334.0,-319.5,-303.70001220703125,-289.79998779296875,-278.9800109863281
9040,-330.91998291015625,14.758852005004883,14.723706245422363,0.44834073781967165,-330.9200134277344,-334.0,21.717126846313477,-372.0,-372.0,-354.0,-343.75,-334.0,-319.5,-303.70001220703125,-289.79998779296875,-278.9800109863281
9080,-330.91998291015625,14.755457878112793,14.718019485473633,0.4510665237903595,-330.9200134277344,-334.0,21.717126846313477,-372.0,-372.0,-354.0,-343.75,-334.0,-319.5,-303.70001220703125,-289.79998779296875,-278.9800109863281
9120,-330.91998291015625,14.725885391235352,14.695655822753906,0.4268257677555084,-330.9200134277344,-334.0,21.717126846313477,-372.0,-372.0,-354.0,-343.75,-334.0,-319.5,-303.70001220703125,-289.79998779296875,-278.9800109863281
9160,-330.91998291015625,14.752099990844727,14.717032432556152,0.43088726997375487,-330.9200134277344,-334.0,21.717126846313477,-372.0,-372.0,-354.0,-343.75,-334.0,-319.5,-303.70001220703125,-289.79998779296875,-278.9800109863281
9200,-330.91998291015625,14.739422798156738,14.70899486541748,0.414097660779953,-330.9200134277344,-334.0,21.717126846313477,-372.0,-372.0,-354.0,-343.75,-334.0,-319.5,-303.70001220703125,-289.79998779296875,-278.9800109863281
9240,-330.91998291015625,14.738426208496094,14.708047866821289,0.41057719588279723,-330.9200134277344,-334.0,21.717126846313477,-372.0,-372.0,-354.0,-343.75,-334.0,-319.5,-303.70001220703125,-289.79998779296875,-278.9800109863281
9280,-330.91998291015625,14.760232925415039,14.728468894958496,0.40746924877166746,-330.9200134277344,-334.0,21.717126846313477,-372.0,-372.0,-354.0,-343.75,-334.0,-319.5,-303.70001220703125,-289.79998779296875,-278.9800109863281
9320,-330.9599914550781,14.742453575134277,14.713479995727539,0.38936508297920225,-330.9599914550781,-334.0,21.660066604614258,-372.0,-372.0,-354.0,-343.75,-334.0,-319.5,-303.79998779296875,-289.79998779296875,-278.9800109863281
9360,-330.9599914550781,14.750231742858887,14.721415519714355,0.3905349850654602,-330.9599914550781,-334.0,21.660066604614258,-372.0,-372.0,-354.0,-343.75,-334.0,-319.5,-303.79998779296875,-289.79998779296875,-278.9800109863281
9400,-330.9599914550781,14.7340669631958,14.70578670501709,0.38141019344329835,-330.9599914550781,-334.0,21.660066604614258,-372.0,-372.0,-354.0,-343.75,-334.0,-319.5,-303.79998779296875,-289.79998779296875,-278.9800109863281
9440,-330.9599914550781,14.744361877441406,14.716104507446289,0.3814767599105835,-330.9599914550781,-334.0,21.660066604614258,-372.0,-372.0,-354.0,-343.75,-334.0,-319.5,-303.79998779296875,-289.79998779296875,-278.9800109863281
9480,-330.9599914550781,14.740777969360352,14.71594524383545,0.36968052983283994,-330.9599914550781,-334.0,21.660066604614258,-372.0,-372.0,-354.0,-343.75,-334.0,-319.5,-303.79998779296875,-289.79998779296875,-278.9800109863281
9520,-330.9599914550781,14.741538047790527,14.717907905578613,0.35413689613342286,-330.9599914550781,-334.0,21.660066604614258,-372.0,-372.0,-354.0,-343.75,-334.0,-319.5,-303.79998779296875,-289.79998779296875,-278.9800109863281
9560,-330.9599914550781,14.756388664245605,14.73129940032959,0.3491727352142334,-330.9599914550781,-334.0,21.660066604614258,-372.0,-372.0,-354.0,-343.75,-334.0,-319.5,-303.79998779296875,-289.79998779296875,-278.9800109863281
9600,-330.9599914550781,14.751116752624512,14.727374076843262,0.33501206040382386,-330.9599914550781,-334.0,21.660066604614258,-372.0,-372.0,-354.0,-343.75,-334.0,-319.5,-303.79998779296875,-289.79998779296875,-278.9800109863281
9640,-330.9599914550781,14.746806144714355,14.725470542907715,0.32627400755882263,-330.9599914550781,-334.0,21.660066604614258,-372.0,-372.0,-354.0,-343.75,-334.0,-319.5,-303.79998779296875,-289.79998779296875,-278.9800109863281
9680,-330.9599914550781,14.725875854492188,14.703872680664062,0.32436885237693786,-330.9599914550781,-334.0,21.660066604614258,-372.0,-372.0,-354.0,-343.75,-334.0,-319.5,-303.79998779296875,-289.79998779296875,-278.9800109863281
9720,-330.9599914550781,14.734102249145508,14.708810806274414,0.32620065212249755,-330.9599914550781,-334.0,21.660066604614258,-372.0,-372.0,-354.0,-343.75,-334.0,-319.5,-303.79998779296875,-289.79998779296875,-278.9800109863281
9760,-330.9599914550781,14.744452476501465,14.7179594039917,0.31392078995704653,-330.9599914550781,-334.0,21.660066604614258,-372.0,-372.0,-354.0,-343.75,-334.0,-319.5,-303.79998779296875,-289.79998779296875,-278.9800109863281
9800,-330.9599914550781,14.730391502380371,14.707788467407227,0.306187903881073,-330.9599914550781,-334.0,21.660066604614258,-372.0,-372.0,-354.0,-343.75,-334.0,-319.5,-303.79998779296875,-289.79998779296875,-278.9800109863281
9840,-330.9599914550781,14.733256340026855,14.714215278625488,0.2752834796905518,-330.9599914550781,-334.0,21.660066604614258,-372.0,-372.0,-354.0,-343.75,-334.0,-319.5,-303.79998779296875,-289.79998779296875,-278.9800109863281
9880,-330.9599914550781,14.712631225585938,14.692830085754395,0.2873471736907959,-330.9599914550781,-334.0,21.660066604614258,-372.0,-372.0,-354.0,-343.75,-334.0,-319.5,-303.79998779296875,-289.79998779296875,-278.9800109863281
9920,-330.9599914550781,14.710261344909668,14.691800117492676,0.2773487687110901,-330.9599914550781,-334.0,21.660066604614258,-372.0,-372.0,-354.0,-343.75,-334.0,-319.5,-303.79998779296875,-289.79998779296875,-278.9800109863281
9960,-330.9599914550781,14.6923828125,14.673273086547852,0.26344479322433473,-330.9599914550781,-334.0,21.660066604614258,-372.0,-372.0,-354.0,-343.75,-334.0,-319.5,-303.79998779296875,-289.79998779296875,-278.9800109863281
10000,-330.9599914550781,14.67357063293457,14.653918266296387,0.2548798471689224,-330.9599914550781,-334.0,21.660066604614258,-372.0,-372.0,-354.0,-343.75,-334.0,-319.5,-303.79998779296875,-289.79998779296875,-278.9800109863281
