step,best_fitness,avg_hamming,avg_l1,avg_entropy,mean,median,std,2%,5%,10%,25%,50%,75%,90%,95%,98%
40,-0.575138509273529,31.99458122253418,1.9037550687789917,44.2673698425293,0.5751385688781738,0.5757666230201721,0.01761716976761818,0.5473799109458923,0.5508509874343872,0.5518911480903625,0.5614118576049805,0.5757666230201721,0.5852129459381104,0.5926518440246582,0.6021916270256042,0.619295597076416
80,-0.5846301913261414,31.988340377807617,1.9943065643310547,44.25239181518555,0.5846301913261414,0.5825662612915039,0.016180895268917084,0.5583004355430603,0.5609936118125916,0.566373884677887,0.5723427534103394,0.5825662612915039,0.5932134985923767,0.6079386472702026,0.6142497658729553,0.6220111846923828
120,-0.5901122689247131,31.98115348815918,2.0829150676727295,44.236331176757815,0.5901123285293579,0.5880866050720215,0.01648777164518833,0.5656766891479492,0.5693272352218628,0.57149338722229,0.5777922868728638,0.5880866050720215,0.6007187962532043,0.6141865849494934,0.6219879388809204,0.6243493556976318
160,-0.5949142575263977,31.971851348876953,2.1625144481658936,44.21855850219727,0.5949142575263977,0.5925025343894958,0.016355380415916443,0.5693410634994507,0.5714144706726074,0.5738208293914795,0.5810137987136841,0.5925025343894958,0.6077799797058105,0.6173568964004517,0.6225011944770813,0.6268771290779114
200,-0.5987792611122131,31.962665557861328,2.2383973598480225,44.201167297363284,0.5987793207168579,0.5985614061355591,0.016005108132958412,0.5693410634994507,0.5714144706726074,0.5785542726516724,0.588655412197113,0.5985614061355591,0.6101768016815186,0.6194104552268982,0.6243563890457153,0.6294932961463928
240,-0.6014693975448608,31.951690673828125,2.3133866786956787,44.18151016235352,0.6014693975448608,0.6007611751556396,0.01450156420469284,0.5773005485534668,0.5785534381866455,0.5822528004646301,0.5909984111785889,0.6007611751556396,0.6107634902000427,0.6203659176826477,0.6243563890457153,0.6294932961463928
280,-0.6029300689697266,31.94022560119629,2.3822600841522217,44.16190414428711,0.6029300093650818,0.602699875831604,0.013967116363346577,0.5777289867401123,0.5792534351348877,0.5842404365539551,0.5939557552337646,0.602699875831604,0.6113886833190918,0.6214303970336914,0.6254397034645081,0.6294932961463928
320,-0.6038963198661804,31.9279842376709,2.4607093334198,44.13998107910156,0.6038963198661804,0.6037594079971313,0.014365355484187603,0.5777289867401123,0.579255998134613,0.5843654870986938,0.5944411754608154,0.6037594079971313,0.6140115261077881,0.622592568397522,0.626875102519989,0.6366744041442871
360,-0.6064256429672241,31.914417266845703,2.528181314468384,44.1179702758789,0.6064256429672241,0.6050673723220825,0.013599231839179993,0.5795977711677551,0.5835327506065369,0.5897079110145569,0.5977067351341248,0.6050673723220825,0.614483654499054,0.6243621110916138,0.6294370293617249,0.6366744041442871
400,-0.6077162623405457,31.900381088256836,2.5886635780334473,44.09616622924805,0.6077163219451904,0.6068477630615234,0.014086944051086903,0.5795977711677551,0.5874987840652466,0.5902778506278992,0.5980350971221924,0.6068477630615234,0.616104006767273,0.6254909634590149,0.6320489048957825,0.6384011507034302
440,-0.6088719964027405,31.885120391845703,2.6508138179779053,44.072662353515625,0.6088720560073853,0.6083071827888489,0.013835330493748188,0.5836267471313477,0.5892420411109924,0.5918755531311035,0.5994006395339966,0.6083071827888489,0.6165665984153748,0.6269227266311646,0.6327936053276062,0.6384011507034302
480,-0.6095175743103027,31.870370864868164,2.7130229473114014,44.049495697021484,0.6095176935195923,0.6090076565742493,0.013783288188278675,0.5836267471313477,0.5892420411109924,0.5921045541763306,0.6004061102867126,0.6090076565742493,0.6175520420074463,0.6269227266311646,0.6327936053276062,0.6384011507034302
520,-0.6100331544876099,31.853519439697266,2.7710087299346924,44.024881744384764,0.6100332140922546,0.6091457009315491,0.013347851112484932,0.5875921845436096,0.5897060036659241,0.5923298597335815,0.6009963750839233,0.6091457009315491,0.6177734136581421,0.6269227266311646,0.6327936053276062,0.6384011507034302
560,-0.6111150979995728,31.83527946472168,2.828061819076538,43.998128509521486,0.6111150979995728,0.610242486000061,0.012700702995061874,0.5885652303695679,0.5918046832084656,0.5956960320472717,0.6037434339523315,0.610242486000061,0.6186201572418213,0.6269227266311646,0.6327936053276062,0.6384011507034302
600,-0.6117191314697266,31.815814971923828,2.8883228302001953,43.97000503540039,0.6117191314697266,0.6105724573135376,0.01257916446775198,0.5897032022476196,0.5923410058021545,0.5958523750305176,0.60413658618927,0.6105724573135376,0.6192344427108765,0.6278939247131348,0.6327936053276062,0.6384011507034302
640,-0.6118376851081848,31.795251846313477,2.942805528640747,43.940982055664065,0.6118376851081848,0.6105724573135376,0.012452234514057636,0.5897032022476196,0.592440128326416,0.595970630645752,0.60413658618927,0.6105724573135376,0.6192344427108765,0.6278939247131348,0.6327936053276062,0.6384011507034302
680,-0.6124780774116516,31.775754928588867,2.9899649620056152,43.91408157348633,0.6124781966209412,0.6108948588371277,0.012575600296258926,0.5897032022476196,0.592440128326416,0.5978416204452515,0.6045380234718323,0.6108948588371277,0.620021402835846,0.6289170980453491,0.6364666223526001,0.6391297578811646
720,-0.6131629943847656,31.75458335876465,3.046649932861328,43.883949279785156,0.6131630539894104,0.6124503016471863,0.012330764904618263,0.5911368727684021,0.592440128326416,0.5978416204452515,0.6054198741912842,0.6124503016471863,0.620360255241394,0.6289170980453491,0.6364666223526001,0.6391297578811646
760,-0.6143025159835815,31.731491088867188,3.1032989025115967,43.851707458496094,0.6143025755882263,0.6139205694198608,0.012395878322422504,0.5921242833137512,0.5943902730941772,0.5989779829978943,0.6059097647666931,0.6139205694198608,0.6214385032653809,0.6315838694572449,0.6364666223526001,0.6391297578811646
800,-0.6153404116630554,31.708755493164062,3.1583609580993652,43.81963424682617,0.6153404712677002,0.6142687797546387,0.012373611330986023,0.5921242833137512,0.5957832932472229,0.6005977392196655,0.6080656051635742,0.6142687797546387,0.6224809288978577,0.63196861743927,0.6367267966270447,0.6395426988601685
840,-0.6157698035240173,31.684341430664062,3.2095718383789062,43.786520385742186,0.6157698035240173,0.6147729158401489,0.012461859732866287,0.5921242833137512,0.5957832932472229,0.6005977392196655,0.6082721948623657,0.6147729158401489,0.6224809288978577,0.6328436732292175,0.6367267966270447,0.6395426988601685
880,-0.6160635352134705,31.659982681274414,3.260554552078247,43.75398635864258,0.6160635948181152,0.6147729158401489,0.012409837916493416,0.5921242833137512,0.5977898836135864,0.6008577942848206,0.6082721948623657,0.6147729158401489,0.6242401599884033,0.6328436732292175,0.6367267966270447,0.6395426988601685
920,-0.6164554357528687,31.634183883666992,3.310825824737549,43.719747161865236,0.6164554357528687,0.6150079965591431,0.012341226451098919,0.5921242833137512,0.5977898836135864,0.6008577942848206,0.6087852120399475,0.6150079965591431,0.6242585182189941,0.6328436732292175,0.6367267966270447,0.6395426988601685
960,-0.6174129247665405,31.605182647705078,3.3550288677215576,43.682745361328124,0.6174129247665405,0.6160377264022827,0.012537602335214615,0.592868983745575,0.5978675484657288,0.6010652184486389,0.6091752052307129,0.6160377264022827,0.6261650919914246,0.6354089379310608,0.6374199986457825,0.6395426988601685
1000,-0.6176068186759949,31.577131271362305,3.4052231311798096,43.64567108154297,0.6176068186759949,0.6160377264022827,0.01226793136447668,0.5957947969436646,0.5990260243415833,0.6029140949249268,0.6098683476448059,0.6160377264022827,0.6261650919914246,0.6354089379310608,0.6374199986457825,0.6395426988601685
1040,-0.6180127263069153,31.549707412719727,3.4465839862823486,43.610128021240236,0.6180127859115601,0.6162466406822205,0.012059218250215054,0.5957947969436646,0.5990260243415833,0.603419840335846,0.6101889610290527,0.6162466406822205,0.6261650919914246,0.6354089379310608,0.6374199986457825,0.6395426988601685
1080,-0.6192241311073303,31.518102645874023,3.494417905807495,43.56972045898438,0.6192241907119751,0.6185994744300842,0.011866332031786442,0.5979604125022888,0.6010758876800537,0.604221522808075,0.6103776097297668,0.6185994744300842,0.6270657181739807,0.6363781690597534,0.6384232044219971,0.6398196816444397
1120,-0.6197511553764343,31.487455368041992,3.533419132232666,43.531246948242185,0.6197512149810791,0.6189100742340088,0.011690371669828892,0.5979604125022888,0.6010758876800537,0.6043895483016968,0.6110234260559082,0.6189100742340088,0.6281633377075195,0.6363781690597534,0.6384232044219971,0.6398196816444397
1160,-0.6209591031074524,31.45709228515625,3.575223922729492,43.49254150390625,0.6209591031074524,0.6191792488098145,0.012291138991713524,0.5979604125022888,0.6029362678527832,0.6054815649986267,0.611746072769165,0.6191792488098145,0.6308073401451111,0.637097179889679,0.6391422152519226,0.6404579877853394
1200,-0.622011125087738,31.426071166992188,3.6194779872894287,43.4521598815918,0.622011125087738,0.6199182271957397,0.012070289812982082,0.6008366942405701,0.603924572467804,0.6087456941604614,0.612800121307373,0.6199182271957397,0.6316227316856384,0.6374251246452332,0.6395509839057922,0.6496396064758301
1240,-0.6231623888015747,31.39410972595215,3.6608994007110596,43.41181640625,0.6231623888015747,0.6206703782081604,0.012734786607325077,0.6008384823799133,0.603924572467804,0.6087456941604614,0.6139993071556091,0.6206703782081604,0.6340320110321045,0.6382534503936768,0.6398305296897888,0.6543851494789124
1280,-0.623422384262085,31.361835479736328,3.7025887966156006,43.370565795898436,0.623422384262085,0.6213245391845703,0.01268373429775238,0.6008384823799133,0.603924572467804,0.6087456941604614,0.6143888831138611,0.6213245391845703,0.6340320110321045,0.6382534503936768,0.6398305296897888,0.6543851494789124
1320,-0.6234976649284363,31.32647705078125,3.73919415473938,43.32707061767578,0.6234976053237915,0.6213245391845703,0.012608946301043034,0.6008384823799133,0.6047614812850952,0.6087456941604614,0.6143888831138611,0.6213245391845703,0.6340320110321045,0.6382534503936768,0.6398305296897888,0.6543851494789124
1360,-0.6235809326171875,31.288532257080078,3.7789952754974365,43.27995376586914,0.6235809922218323,0.6213245391845703,0.012581697665154934,0.6008384823799133,0.6047614812850952,0.608899712562561,0.6143888831138611,0.6213245391845703,0.6340320110321045,0.6382534503936768,0.6398305296897888,0.6543851494789124
1400,-0.624110221862793,31.24921989440918,3.811971426010132,43.2326057434082,0.6241102814674377,0.6213245391845703,0.012748569250106812,0.6011559367179871,0.6076841950416565,0.6100040078163147,0.6143888831138611,0.6213245391845703,0.6343206167221069,0.6384599208831787,0.64124596118927,0.6545893549919128
1440,-0.6242286562919617,31.212249755859375,3.846726179122925,43.187277221679686,0.6242287158966064,0.6220396757125854,0.01267466600984335,0.6011559367179871,0.6076841950416565,0.6101850271224976,0.6143888831138611,0.6220396757125854,0.6343206167221069,0.6384599208831787,0.64124596118927,0.6545893549919128
1480,-0.6243894100189209,31.17408561706543,3.885239839553833,43.1402473449707,0.6243894696235657,0.6220817565917969,0.012755824252963066,0.6011559367179871,0.6076841950416565,0.6101850271224976,0.6143888831138611,0.6220817565917969,0.6350109577178955,0.6388012766838074,0.64124596118927,0.6545893549919128
1520,-0.6251786351203918,31.13581657409668,3.9252822399139404,43.09213027954102,0.6251786947250366,0.6235401630401611,0.013119861483573914,0.6011559367179871,0.6086004972457886,0.6107816100120544,0.6148292422294617,0.6235401630401611,0.6351951360702515,0.6398485898971558,0.6496881246566772,0.6545893549919128
1560,-0.6252524852752686,31.096799850463867,3.9595932960510254,43.04465560913086,0.6252524852752686,0.6235401630401611,0.01312224380671978,0.6011559367179871,0.6086004972457886,0.6107816100120544,0.6148292422294617,0.6235401630401611,0.6351951360702515,0.6398485898971558,0.6496881246566772,0.6545893549919128
1600,-0.6255643367767334,31.056018829345703,3.9993369579315186,42.993509674072264,0.6255643963813782,0.6244134306907654,0.013078299351036549,0.6011559367179871,0.6086004972457886,0.6107816100120544,0.6150171160697937,0.6244134306907654,0.6357030272483826,0.6398485898971558,0.6496881246566772,0.6545893549919128
1640,-0.6265082955360413,31.016260147094727,4.035344123840332,42.94469375610352,0.626508355140686,0.6262480020523071,0.013037520460784435,0.6053552031517029,0.6097356081008911,0.6110146641731262,0.6158604025840759,0.6262480020523071,0.6358082294464111,0.6402373313903809,0.6525452136993408,0.6576192378997803
1680,-0.6269330382347107,30.97407341003418,4.074138641357422,42.89230728149414,0.6269330382347107,0.6262480020523071,0.01288220938295126,0.6053552031517029,0.6097356081008911,0.6122721433639526,0.617124617099762,0.6262480020523071,0.6361114978790283,0.6402373313903809,0.6525452136993408,0.6576192378997803
1720,-0.627410888671875,30.932886123657227,4.107203483581543,42.84227447509765,0.627410888671875,0.6265425682067871,0.012743908911943436,0.6088430881500244,0.6105791330337524,0.6128827333450317,0.6173642873764038,0.6265425682067871,0.6365015506744385,0.6409743428230286,0.6525452136993408,0.6576192378997803
1760,-0.6281108260154724,30.890689849853516,4.14044189453125,42.791221618652344,0.6281108856201172,0.6268911361694336,0.012731213122606277,0.6088430881500244,0.6109189987182617,0.6140495538711548,0.6187838315963745,0.6268911361694336,0.6367047429084778,0.6425307393074036,0.6525452136993408,0.6576192378997803
1800,-0.6295182108879089,30.844831466674805,4.170001983642578,42.73658447265625,0.6295182704925537,0.6294905543327332,0.012703482992947102,0.6088430881500244,0.6109189987182617,0.6147823333740234,0.6195691823959351,0.6294905543327332,0.6378559470176697,0.6435714960098267,0.6543896198272705,0.6576192378997803
1840,-0.6301464438438416,30.798818588256836,4.208529949188232,42.68018341064453,0.6301465034484863,0.6304643154144287,0.013086001388728619,0.6088430881500244,0.6109189987182617,0.6147823333740234,0.619945764541626,0.6304643154144287,0.6380434036254883,0.6496989130973816,0.6543896198272705,0.6576192378997803
1880,-0.6302845478057861,30.75579833984375,4.24470853805542,42.62735290527344,0.6302845478057861,0.6304643154144287,0.013003922067582607,0.6088430881500244,0.6127142906188965,0.6150476336479187,0.6200631260871887,0.6304643154144287,0.6380434036254883,0.6496989130973816,0.6543896198272705,0.6576192378997803
1920,-0.6303920745849609,30.710006713867188,4.27587890625,42.57227783203125,0.6303921341896057,0.6304643154144287,0.012921330519020557,0.6088430881500244,0.6135441064834595,0.6152292490005493,0.6204324960708618,0.6304643154144287,0.6380434036254883,0.6496989130973816,0.6543896198272705,0.6576192378997803
1960,-0.6304715275764465,30.664159774780273,4.295017719268799,42.518899536132814,0.6304715275764465,0.6305475234985352,0.01289867889136076,0.6088430881500244,0.6135441064834595,0.6152292490005493,0.6204324960708618,0.6305475234985352,0.6380434036254883,0.6496989130973816,0.6543896198272705,0.6576192378997803
2000,-0.631364643573761,30.62030029296875,4.32379674911499,42.46563491821289,0.631364643573761,0.6313766837120056,0.01302920188754797,0.60982745885849,0.6135441064834595,0.6162061095237732,0.6207102537155151,0.6313766837120056,0.6389585733413696,0.6512381434440613,0.6545975804328918,0.6625471115112305
2040,-0.6315265893936157,30.574676513671875,4.348625183105469,42.41102752685547,0.6315265893936157,0.6313766837120056,0.01275988481938839,0.6106065511703491,0.6138901710510254,0.6162061095237732,0.6207102537155151,0.6313766837120056,0.6389585733413696,0.6512381434440613,0.6545975804328918,0.6625471115112305
2080,-0.6321021318435669,30.530517578125,4.379802703857422,42.357512664794925,0.6321021914482117,0.6317281723022461,0.012762033380568027,0.6109283566474915,0.6138901710510254,0.6162061095237732,0.6212548613548279,0.6317281723022461,0.6397387385368347,0.6516512036323547,0.6545975804328918,0.6625471115112305
2120,-0.6323219537734985,30.483097076416016,4.408504486083984,42.30072784423828,0.6323220729827881,0.6318690180778503,0.012562857009470463,0.6109283566474915,0.6138901710510254,0.6167171001434326,0.6231865882873535,0.6318690180778503,0.6397387385368347,0.6516512036323547,0.6545975804328918,0.6625471115112305
2160,-0.6331635117530823,30.433868408203125,4.438765525817871,42.24147109985351,0.6331635117530823,0.6321076154708862,0.012942641973495483,0.6110234260559082,0.6149550080299377,0.6170318722724915,0.6231865882873535,0.6321076154708862,0.6399794816970825,0.6525855660438538,0.6555215716362,0.6625471115112305
2200,-0.6334918737411499,30.38520622253418,4.46881628036499,42.18296356201172,0.6334919333457947,0.6322474479675293,0.012867126613855362,0.6119969487190247,0.6150725483894348,0.6171797513961792,0.6231865882873535,0.6322474479675293,0.6404049396514893,0.6525855660438538,0.6555215716362,0.6625471115112305
2240,-0.633982241153717,30.331632614135742,4.4970831871032715,42.11974105834961,0.6339823007583618,0.6324931383132935,0.012998396530747414,0.613863468170166,0.6155031323432922,0.6188091039657593,0.6237062811851501,0.6324931383132935,0.6408638954162598,0.6538645029067993,0.6559716463088989,0.6627534031867981
2280,-0.6342348456382751,30.280750274658203,4.523116588592529,42.05865631103516,0.6342347860336304,0.633194088935852,0.012958325445652008,0.613863468170166,0.6155031323432922,0.6188091039657593,0.6241604685783386,0.633194088935852,0.6413858532905579,0.6538645029067993,0.6559716463088989,0.6627534031867981
2320,-0.6348939538002014,30.22784996032715,4.552128791809082,41.994956970214844,0.6348940134048462,0.6345486640930176,0.012566720135509968,0.615052342414856,0.6172555088996887,0.6195995807647705,0.6245152354240417,0.6345486640930176,0.6425275206565857,0.6538645029067993,0.6559716463088989,0.6627534031867981
2360,-0.6353307962417603,30.175012588500977,4.576817989349365,41.93307113647461,0.635330855846405,0.6357324123382568,0.012875501066446304,0.615052342414856,0.6172555088996887,0.6195995807647705,0.6245152354240417,0.6357324123382568,0.6432347893714905,0.6538645029067993,0.6562228798866272,0.6634635329246521
2400,-0.6360638737678528,30.120336532592773,4.6059160232543945,41.86728210449219,0.6360638737678528,0.6365079879760742,0.012745467945933342,0.615052342414856,0.6172555088996887,0.6195995807647705,0.626020073890686,0.6365079879760742,0.6438945531845093,0.6538645029067993,0.6562228798866272,0.6634635329246521
2440,-0.637161910533905,30.06373405456543,4.6389617919921875,41.79875717163086,0.6371619701385498,0.6377958059310913,0.012502762489020824,0.615052342414856,0.6186425685882568,0.6212884783744812,0.6267778873443604,0.6377958059310913,0.64520263671875,0.6542597413063049,0.6562228798866272,0.6634635329246521
2480,-0.6375710964202881,30.0037784576416,4.6644978523254395,41.72725982666016,0.6375710964202881,0.6379197835922241,0.012738127261400223,0.615052342414856,0.6186425685882568,0.6212884783744812,0.6267778873443604,0.6379197835922241,0.645911693572998,0.6542878746986389,0.6612906455993652,0.6634635329246521
2520,-0.638081967830658,29.945255279541016,4.694929122924805,41.6569206237793,0.6380820274353027,0.6379247903823853,0.012681879103183746,0.615052342414856,0.6186425685882568,0.6215141415596008,0.6270888447761536,0.6379247903823853,0.645911693572998,0.6545652151107788,0.6612906455993652,0.6634635329246521
2560,-0.6384860277175903,29.887939453125,4.731858253479004,41.58598327636719,0.6384860873222351,0.6379247903823853,0.012507232837378979,0.615052342414856,0.6188952326774597,0.6225867867469788,0.630027711391449,0.6379247903823853,0.6468223333358765,0.6545652151107788,0.6612906455993652,0.6634635329246521
2600,-0.6387604475021362,29.824920654296875,4.760226726531982,41.51035003662109,0.6387604475021362,0.6379286646842957,0.013071947731077671,0.615052342414856,0.6188952326774597,0.6225867867469788,0.630027711391449,0.6379286646842957,0.6468223333358765,0.6549474596977234,0.6625529527664185,0.6635446548461914
2640,-0.638794481754303,29.761524200439453,4.781097888946533,41.43673477172852,0.6387945413589478,0.6379286646842957,0.013042950071394444,0.615052342414856,0.6188952326774597,0.6225867867469788,0.630027711391449,0.6379286646842957,0.6468223333358765,0.6549474596977234,0.6625529527664185,0.6635446548461914
2680,-0.6391035914421082,29.695112228393555,4.803957939147949,41.357869720458986,0.6391036510467529,0.6384557485580444,0.013041536323726177,0.615052342414856,0.6188952326774597,0.6226077675819397,0.630027711391449,0.6384557485580444,0.6490967869758606,0.6549474596977234,0.6625529527664185,0.6635446548461914
2720,-0.6392639875411987,29.630380630493164,4.828822612762451,41.28075256347656,0.6392639875411987,0.6384557485580444,0.012945646420121193,0.615052342414856,0.6188952326774597,0.6226077675819397,0.6303597092628479,0.6384557485580444,0.6490967869758606,0.6549474596977234,0.6625529527664185,0.6635446548461914
2760,-0.6403225660324097,29.562875747680664,4.857209205627441,41.199832153320315,0.6403225660324097,0.6387382745742798,0.012691320851445198,0.6171501874923706,0.6213546991348267,0.6259986758232117,0.6311735510826111,0.6387382745742798,0.6497061252593994,0.6561810970306396,0.6627687215805054,0.6635446548461914
2800,-0.6408255696296692,29.497058868408203,4.884744167327881,41.121018981933595,0.6408255696296692,0.6392474174499512,0.012852588668465614,0.6171501874923706,0.6213546991348267,0.6259986758232117,0.6313520073890686,0.6392474174499512,0.6503024101257324,0.658889651298523,0.6633418798446655,0.6638064980506897
2840,-0.6412422060966492,29.436094284057617,4.921106815338135,41.0442611694336,0.6412422060966492,0.6396748423576355,0.012886333279311657,0.6171501874923706,0.6214467883110046,0.6260756850242615,0.6313520073890686,0.6396748423576355,0.6507421731948853,0.658889651298523,0.6633418798446655,0.6648427248001099
2880,-0.6416855454444885,29.374536514282227,4.945140361785889,40.97098388671875,0.6416855454444885,0.6399361491203308,0.012878957204520702,0.6171501874923706,0.6229657530784607,0.6260756850242615,0.6315155029296875,0.6399361491203308,0.6511393785476685,0.6598572134971619,0.6634785532951355,0.6648427248001099
2920,-0.6420198678970337,29.310483932495117,4.969154357910156,40.893463134765625,0.6420199871063232,0.6399361491203308,0.012618639506399632,0.6172575354576111,0.6231023073196411,0.6260756850242615,0.6326569318771362,0.6399361491203308,0.6511393785476685,0.6598572134971619,0.6634785532951355,0.6648427248001099
2960,-0.6421819925308228,29.241262435913086,4.999948978424072,40.809486389160156,0.6421821117401123,0.6399361491203308,0.012718475423753262,0.6172575354576111,0.6231023073196411,0.6260756850242615,0.632980465888977,0.6399361491203308,0.6513255834579468,0.6613331437110901,0.6634785532951355,0.6648427248001099
3000,-0.6430125832557678,29.169153213500977,5.023715019226074,40.72374954223633,0.6430126428604126,0.6406008005142212,0.013566114939749241,0.6172575354576111,0.6241998076438904,0.626213550567627,0.6338576674461365,0.6406008005142212,0.6524168252944946,0.6623323559761047,0.6637905836105347,0.665444552898407
3040,-0.6431440114974976,29.0968074798584,5.045256614685059,40.63771133422851,0.6431440114974976,0.6417359113693237,0.013566228561103344,0.6172575354576111,0.6241998076438904,0.626213550567627,0.6338576674461365,0.6417359113693237,0.6524168252944946,0.6623323559761047,0.6637905836105347,0.665444552898407
3080,-0.6434305906295776,29.025360107421875,5.071494102478027,40.55194931030273,0.6434306502342224,0.6417359113693237,0.013751626946032047,0.6172575354576111,0.6241998076438904,0.626213550567627,0.6338576674461365,0.6417359113693237,0.6529163718223572,0.6625627279281616,0.6637905836105347,0.6664782166481018
3120,-0.6435449719429016,28.95625114440918,5.091970443725586,40.468989562988284,0.6435449719429016,0.6417359113693237,0.013636549934744835,0.6211218237876892,0.6241998076438904,0.626213550567627,0.6338576674461365,0.6417359113693237,0.6529163718223572,0.6625627279281616,0.6637905836105347,0.6664782166481018
3160,-0.6439730525016785,28.883777618408203,5.115262031555176,40.3822509765625,0.643973171710968,0.6426104307174683,0.013567156158387661,0.6211218237876892,0.6241998076438904,0.626589298248291,0.6343011260032654,0.6426104307174683,0.6540133953094482,0.6625627279281616,0.6637905836105347,0.6664782166481018
3200,-0.6440422534942627,28.807031631469727,5.137845516204834,40.291236877441406,0.6440423727035522,0.6426104307174683,0.013577166944742203,0.6211218237876892,0.6241998076438904,0.626589298248291,0.6343011260032654,0.6426104307174683,0.6540133953094482,0.6625627279281616,0.6637905836105347,0.6664782166481018
3240,-0.644496500492096,28.731903076171875,5.164775371551514,40.20059661865234,0.6444966197013855,0.6429003477096558,0.013840338215231895,0.6211218237876892,0.6241998076438904,0.626589298248291,0.6343011260032654,0.6429003477096558,0.6544190645217896,0.6627985835075378,0.6637905836105347,0.6664782166481018
3280,-0.6448743939399719,28.652328491210938,5.1824259757995605,40.10593032836914,0.6448745131492615,0.6429003477096558,0.01423346996307373,0.6211218237876892,0.6257898807525635,0.6269222497940063,0.6343011260032654,0.6429003477096558,0.6544190645217896,0.6633482575416565,0.6639517545700073,0.6796720027923584
3320,-0.6451511979103088,28.57571792602539,5.205325603485107,40.01400909423828,0.6451513171195984,0.642960786819458,0.014133531600236893,0.6211218237876892,0.6259289383888245,0.6286397576332092,0.6344571113586426,0.642960786819458,0.6544190645217896,0.6634636521339417,0.6652091145515442,0.6796720027923584
3360,-0.646038830280304,28.49677848815918,5.229914665222168,39.91907958984375,0.646038830280304,0.6452153921127319,0.014409404247999191,0.6211218237876892,0.6259289383888245,0.6286397576332092,0.6359658241271973,0.6452153921127319,0.6552040576934814,0.6637939214706421,0.6662347912788391,0.6796720027923584
3400,-0.6468380093574524,28.417890548706055,5.256495475769043,39.822547149658206,0.6468380093574524,0.6457581520080566,0.014701290987432003,0.6211218237876892,0.6259289383888245,0.6286397576332092,0.6374005079269409,0.6457581520080566,0.6584775447845459,0.6638717651367188,0.6667395830154419,0.6796720027923584
3440,-0.6468667984008789,28.332746505737305,5.277560710906982,39.720462036132815,0.6468668580055237,0.6457581520080566,0.014706204645335674,0.6211218237876892,0.6259289383888245,0.6286397576332092,0.6374005079269409,0.6457581520080566,0.6584775447845459,0.6638717651367188,0.6667395830154419,0.6796720027923584
3480,-0.6475196480751038,28.250274658203125,5.296456336975098,39.621072387695314,0.647519588470459,0.646669864654541,0.014598578214645386,0.6211218237876892,0.6259289383888245,0.6286397576332092,0.6379271149635315,0.646669864654541,0.6588237285614014,0.6638717651367188,0.6667395830154419,0.6796720027923584
3520,-0.6481767892837524,28.163541793823242,5.317075252532959,39.51722869873047,0.6481767296791077,0.646669864654541,0.014673640951514244,0.6242338418960571,0.6262208819389343,0.6291253566741943,0.638424277305603,0.646669864654541,0.6590996980667114,0.6651575565338135,0.6704587936401367,0.6817067861557007
3560,-0.6489120125770569,28.081846237182617,5.334207057952881,39.41800308227539,0.6489120721817017,0.647316575050354,0.01545639242976904,0.6242338418960571,0.6262208819389343,0.6291253566741943,0.6386805176734924,0.647316575050354,0.659778356552124,0.6662583947181702,0.6796683073043823,0.6850118637084961
3600,-0.6502911448478699,27.99530601501465,5.357731819152832,39.31331329345703,0.6502910852432251,0.6486300230026245,0.01620904542505741,0.6242338418960571,0.6262208819389343,0.6291253566741943,0.6398891806602478,0.6486300230026245,0.6617518663406372,0.6680488586425781,0.6834354400634766,0.6885185241699219
3640,-0.6505100727081299,27.908416748046875,5.375887870788574,39.20842666625977,0.6505100727081299,0.6486300230026245,0.016119346022605896,0.6242338418960571,0.6262208819389343,0.6291253566741943,0.639992892742157,0.6486300230026245,0.6621099710464478,0.6680488586425781,0.6834354400634766,0.6885185241699219
3680,-0.6508776545524597,27.821958541870117,5.397826671600342,39.10276870727539,0.6508775949478149,0.6493089199066162,0.01605953462421894,0.6242338418960571,0.6262208819389343,0.6300455331802368,0.6401350498199463,0.6493089199066162,0.6621099710464478,0.6703886985778809,0.6834354400634766,0.6885185241699219
3720,-0.6515911817550659,27.73060417175293,5.418222427368164,38.99206008911133,0.6515911817550659,0.6503167152404785,0.01567201316356659,0.6259817481040955,0.6266093254089355,0.6319645047187805,0.640540599822998,0.6503167152404785,0.6623674631118774,0.6703886985778809,0.6834354400634766,0.6885185241699219
3760,-0.6522133350372314,27.64224624633789,5.4413371086120605,38.884202575683595,0.6522132754325867,0.6510165929794312,0.015815867111086845,0.6260808706283569,0.6276138424873352,0.6319645047187805,0.6406041383743286,0.6510165929794312,0.6634654998779297,0.6711925268173218,0.6834354400634766,0.6885185241699219
3800,-0.6525680422782898,27.555444717407227,5.462338924407959,38.77714233398437,0.6525680422782898,0.6513323783874512,0.01631205528974533,0.6260808706283569,0.6276138424873352,0.6319645047187805,0.6406041383743286,0.6513323783874512,0.663497269153595,0.673120379447937,0.6849532723426819,0.6911767721176147
3840,-0.6529378890991211,27.4674072265625,5.483091831207275,38.66905059814453,0.6529380083084106,0.6513323783874512,0.016315879300236702,0.6260808706283569,0.6276138424873352,0.6328151226043701,0.6419987678527832,0.6513323783874512,0.663497269153595,0.674326479434967,0.6849720478057861,0.6911767721176147
3880,-0.6531510949134827,27.37859535217285,5.5087890625,38.55876007080078,0.6531510949134827,0.6513323783874512,0.016086624935269356,0.6262252330780029,0.6290838718414307,0.6330034732818604,0.642580509185791,0.6513323783874512,0.663497269153595,0.674326479434967,0.6849720478057861,0.6911767721176147
3920,-0.6532678008079529,27.28411293029785,5.532037734985352,38.44211654663086,0.6532678008079529,0.6513323783874512,0.016191495582461357,0.6262252330780029,0.6290838718414307,0.6330034732818604,0.642580509185791,0.6513323783874512,0.663497269153595,0.674326479434967,0.6849720478057861,0.6911767721176147
3960,-0.6533974409103394,27.1912899017334,5.5570807456970215,38.32557754516601,0.6533974409103394,0.6514463424682617,0.016182774677872658,0.6262252330780029,0.6290838718414307,0.6330034732818604,0.642580509185791,0.6514463424682617,0.663497269153595,0.674326479434967,0.6849720478057861,0.6911767721176147
4000,-0.6542565822601318,27.098615646362305,5.57668399810791,38.211510467529294,0.6542565822601318,0.6517005562782288,0.016183951869606972,0.6262252330780029,0.63113933801651,0.6347377300262451,0.6427199840545654,0.6517005562782288,0.663672149181366,0.6790788173675537,0.6849720478057861,0.6911767721176147
4040,-0.6548693776130676,26.998870849609375,5.595179557800293,38.08932037353516,0.6548693776130676,0.6522331237792969,0.01603890210390091,0.6266213655471802,0.6324169635772705,0.6349496841430664,0.6439113020896912,0.6522331237792969,0.6636793613433838,0.6796500086784363,0.6849720478057861,0.6911767721176147
4080,-0.6557024717330933,26.899337768554688,5.617048263549805,37.965291595458986,0.655702531337738,0.654329776763916,0.015903905034065247,0.6266213655471802,0.6324169635772705,0.6367156505584717,0.6446521878242493,0.654329776763916,0.6640014052391052,0.6796500086784363,0.6851176023483276,0.6911767721176147
4120,-0.6560186147689819,26.799585342407227,5.64415979385376,37.84058456420898,0.6560184955596924,0.6545284986495972,0.015995927155017853,0.6305716633796692,0.6328337788581848,0.6367156505584717,0.6446521878242493,0.6545284986495972,0.6640014052391052,0.6805421113967896,0.6851176023483276,0.6911767721176147
4160,-0.6571537852287292,26.70208168029785,5.67495059967041,37.716531372070314,0.6571537256240845,0.6554911136627197,0.016338899731636047,0.6305716633796692,0.6328337788581848,0.6367156505584717,0.6453790664672852,0.6554911136627197,0.6672166585922241,0.6805421113967896,0.6851176023483276,0.6911767721176147
4200,-0.6582001447677612,26.597869873046875,5.696609020233154,37.58828125,0.6582001447677612,0.6555230021476746,0.01666814088821411,0.6305716633796692,0.6328337788581848,0.6378360986709595,0.6458583474159241,0.6555230021476746,0.6683838963508606,0.6818122863769531,0.6885212063789368,0.6934572458267212
4240,-0.6590754389762878,26.493528366088867,5.719165325164795,37.45768585205078,0.6590754985809326,0.6577534675598145,0.01645447127521038,0.6305716633796692,0.6352835297584534,0.6386243104934692,0.6463296413421631,0.6577534675598145,0.6688127517700195,0.6818122863769531,0.6885212063789368,0.6934572458267212
4280,-0.6593770384788513,26.391162872314453,5.751128196716309,37.32742156982422,0.6593770384788513,0.6577534675598145,0.01618364453315735,0.6324421763420105,0.6363778114318848,0.6389657258987427,0.6475207805633545,0.6577534675598145,0.6688127517700195,0.6818122863769531,0.6885212063789368,0.6934572458267212
4320,-0.660365641117096,26.28692626953125,5.776198863983154,37.19566345214844,0.6603657007217407,0.6591506004333496,0.01620948314666748,0.6351592540740967,0.6369714736938477,0.6417005062103271,0.6475207805633545,0.6591506004333496,0.6710737943649292,0.6818122863769531,0.6885212063789368,0.6947154402732849
4360,-0.6608092188835144,26.178781509399414,5.794046401977539,37.06261215209961,0.6608092784881592,0.6600750088691711,0.01636260747909546,0.6351592540740967,0.6369714736938477,0.6417005062103271,0.6485618352890015,0.6600750088691711,0.6717944145202637,0.6834107637405396,0.6896618008613586,0.6947154402732849
4400,-0.6616036891937256,26.065704345703125,5.815108776092529,36.92017135620117,0.6616036891937256,0.6614401936531067,0.016861630603671074,0.6351592540740967,0.6369714736938477,0.6417005062103271,0.6495698690414429,0.6614401936531067,0.6729860305786133,0.6844748258590698,0.6912590265274048,0.6979711055755615
4440,-0.6627255082130432,25.957029342651367,5.8314032554626465,36.78570022583008,0.6627254486083984,0.6624656915664673,0.01665600948035717,0.6352592706680298,0.638982355594635,0.6425985097885132,0.6506640911102295,0.6624656915664673,0.6732244491577148,0.685844898223877,0.6912590265274048,0.6979711055755615
4480,-0.663138747215271,25.84726905822754,5.846726894378662,36.65134048461914,0.663138747215271,0.6624656915664673,0.01676998846232891,0.6352592706680298,0.638982355594635,0.6425985097885132,0.6509895324707031,0.6624656915664673,0.674817681312561,0.6884570717811584,0.6912590265274048,0.6979711055755615
4520,-0.6639279127120972,25.730802536010742,5.859553813934326,36.50594253540039,0.6639278531074524,0.6628834009170532,0.01651690900325775,0.6384825110435486,0.6417635679244995,0.643824577331543,0.6512101888656616,0.6628834009170532,0.674817681312561,0.6885771751403809,0.6937433481216431,0.6979711055755615
4560,-0.6649371981620789,25.61492347717285,5.877613067626953,36.360896301269534,0.6649371385574341,0.6644536852836609,0.016523228958249092,0.6384825110435486,0.6424353122711182,0.6441698670387268,0.6515481472015381,0.6644536852836609,0.6760823130607605,0.6886447668075562,0.6937433481216431,0.6979711055755615
4600,-0.6653267741203308,25.510902404785156,5.892049312591553,36.23079147338867,0.665326714515686,0.6644536852836609,0.016378315165638924,0.6384825110435486,0.6424353122711182,0.6450914144515991,0.6526132225990295,0.6644536852836609,0.6760823130607605,0.6886447668075562,0.6937433481216431,0.6979711055755615
4640,-0.6662406921386719,25.39811897277832,5.907712459564209,36.08966064453125,0.6662407517433167,0.6652226448059082,0.01583445630967617,0.6389948725700378,0.6438406705856323,0.6458454132080078,0.6535846590995789,0.6652226448059082,0.6762604713439941,0.6886447668075562,0.6937433481216431,0.6979711055755615
4680,-0.666478157043457,25.289432525634766,5.924177646636963,35.9529541015625,0.6664782166481018,0.6652226448059082,0.015766475349664688,0.6389948725700378,0.6438406705856323,0.6458454132080078,0.6541558504104614,0.6652226448059082,0.6762604713439941,0.6886447668075562,0.6937433481216431,0.6979711055755615
4720,-0.6669081449508667,25.172822952270508,5.939903736114502,35.806130981445314,0.6669082045555115,0.6655036807060242,0.01594315469264984,0.6389948725700378,0.6438406705856323,0.6458454132080078,0.6542457342147827,0.6655036807060242,0.6781803369522095,0.6889021396636963,0.6946596503257751,0.6979711055755615
4760,-0.667690098285675,25.05961799621582,5.963401794433594,35.6604507446289,0.6676900386810303,0.6666908264160156,0.016017774119973183,0.6389948725700378,0.6438406705856323,0.6458454132080078,0.6555628776550293,0.6666908264160156,0.6802651882171631,0.6899380683898926,0.6946596503257751,0.6979711055755615
4800,-0.6686939597129822,24.94554901123047,5.984450817108154,35.5129898071289,0.668694019317627,0.6672674417495728,0.01557846087962389,0.642420768737793,0.6441875100135803,0.6481005549430847,0.6587858200073242,0.6672674417495728,0.6804124116897583,0.6899380683898926,0.6946596503257751,0.6994189023971558
4840,-0.669455885887146,24.831506729125977,6.005125522613525,35.367333984375,0.669455885887146,0.6682325601577759,0.016385933384299278,0.642420768737793,0.6441875100135803,0.6481005549430847,0.6589873433113098,0.6682325601577759,0.6805629730224609,0.6899380683898926,0.6950051188468933,0.7033808827400208
4880,-0.6705346703529358,24.71908950805664,6.027121543884277,35.219974517822266,0.6705346703529358,0.6687034368515015,0.017153115943074226,0.642420768737793,0.6441875100135803,0.6481005549430847,0.6600611209869385,0.6687034368515015,0.6814670562744141,0.6938791275024414,0.6994777917861938,0.7043296694755554
4920,-0.6717721223831177,24.600662231445312,6.039553642272949,35.069722747802736,0.6717721819877625,0.6692782640457153,0.017838047817349434,0.642420768737793,0.6441875100135803,0.6481005549430847,0.6610743999481201,0.6692782640457153,0.6864317059516907,0.6945762634277344,0.7013676166534424,0.7103979587554932
4960,-0.6723565459251404,24.481386184692383,6.047905921936035,34.918408966064455,0.6723565459251404,0.6703529953956604,0.017960576340556145,0.642420768737793,0.6446829438209534,0.6481005549430847,0.6611521244049072,0.6703529953956604,0.6876362562179565,0.6945762634277344,0.7013676166534424,0.7103979587554932
5000,-0.6733818054199219,24.352733612060547,6.058732509613037,34.75639190673828,0.6733818054199219,0.6733250617980957,0.017983328551054,0.642420768737793,0.6446829438209534,0.6481005549430847,0.6613179445266724,0.6733250617980957,0.6878662109375,0.6945762634277344,0.7013676166534424,0.7103979587554932
5040,-0.6741814017295837,24.221189498901367,6.072179317474365,34.59046249389648,0.674181342124939,0.6740753650665283,0.018011420965194702,0.642420768737793,0.6446829438209534,0.6481005549430847,0.662596583366394,0.6740753650665283,0.6878662109375,0.6948328018188477,0.7032870650291443,0.7117293477058411
5080,-0.6749993562698364,24.09577751159668,6.0826849937438965,34.43028793334961,0.6749994158744812,0.674165666103363,0.018399178981781006,0.642420768737793,0.6446829438209534,0.6507826447486877,0.6632025241851807,0.674165666103363,0.6885585784912109,0.6966280341148376,0.7045139074325562,0.7117293477058411
5120,-0.6759780049324036,23.969093322753906,6.0987067222595215,34.26561965942383,0.6759780049324036,0.6743472814559937,0.018629256635904312,0.6434097290039062,0.6449243426322937,0.6519198417663574,0.6639008522033691,0.6743472814559937,0.688821017742157,0.6980863809585571,0.7084914445877075,0.7117293477058411
5160,-0.6764137148857117,23.843149185180664,6.111388683319092,34.104035186767575,0.676413893699646,0.6743472814559937,0.018291853368282318,0.6434097290039062,0.6449243426322937,0.6527897715568542,0.6641902327537537,0.6743472814559937,0.689141035079956,0.6980863809585571,0.7084914445877075,0.7117293477058411
5200,-0.6769298911094666,23.722148895263672,6.1256818771362305,33.94663696289062,0.6769299507141113,0.6745816469192505,0.0177303496748209,0.6441909670829773,0.6463707685470581,0.6546485424041748,0.6646330952644348,0.6745816469192505,0.689141035079956,0.6980863809585571,0.7084914445877075,0.7117293477058411
5240,-0.6772662401199341,23.59816551208496,6.136135578155518,33.78729019165039,0.6772662997245789,0.6745816469192505,0.018091805279254913,0.6441909670829773,0.6463707685470581,0.6546485424041748,0.6646330952644348,0.6745816469192505,0.6899052262306213,0.7014660835266113,0.7103762030601501,0.7117293477058411
5280,-0.6790380477905273,23.464380264282227,6.151674747467041,33.61390151977539,0.6790381073951721,0.6761837005615234,0.018788866698741913,0.6441909670829773,0.6502786874771118,0.6578065156936646,0.6646330952644348,0.6761837005615234,0.6923468112945557,0.7050479650497437,0.7109227180480957,0.7130680680274963
5320,-0.6801250576972961,23.325992584228516,6.167254447937012,33.43385238647461,0.6801250576972961,0.6792036890983582,0.01933017373085022,0.6449069976806641,0.6502786874771118,0.6578065156936646,0.6650210618972778,0.6792036890983582,0.6929048299789429,0.7079094052314758,0.7113198041915894,0.7251251339912415
5360,-0.6806175112724304,23.19240951538086,6.183482646942139,33.26020278930664,0.6806175112724304,0.6802039742469788,0.019371971487998962,0.6449069976806641,0.6502786874771118,0.6578065156936646,0.6654772758483887,0.6802039742469788,0.6933600902557373,0.7079094052314758,0.7113198041915894,0.7251251339912415
5400,-0.6806700229644775,23.054529190063477,6.198882579803467,33.080701446533205,0.6806700229644775,0.6802039742469788,0.019324198365211487,0.6449069976806641,0.6502786874771118,0.6578065156936646,0.6656327247619629,0.6802039742469788,0.6933600902557373,0.7079094052314758,0.7113198041915894,0.7251251339912415
5440,-0.68114173412323,22.913501739501953,6.2119879722595215,32.89790725708008,0.6811416745185852,0.6802039742469788,0.019536562263965607,0.6449069976806641,0.6502786874771118,0.6578065156936646,0.6668115854263306,0.6802039742469788,0.6933600902557373,0.7103816270828247,0.7128331661224365,0.7251251339912415
5480,-0.6819259524345398,22.77178955078125,6.2225341796875,32.71289596557617,0.6819260120391846,0.6815580725669861,0.019268227741122246,0.6449069976806641,0.6527560949325562,0.6600985527038574,0.6675587892532349,0.6815580725669861,0.6939137578010559,0.710702121257782,0.7128456234931946,0.7251251339912415
5520,-0.6827714443206787,22.631519317626953,6.233975887298584,32.52908782958984,0.6827714443206787,0.6827499866485596,0.019335808232426643,0.6449069976806641,0.6527560949325562,0.6600985527038574,0.6683173179626465,0.6827499866485596,0.6945892572402954,0.710702121257782,0.7128456234931946,0.7251251339912415
5560,-0.6836755275726318,22.499658584594727,6.245636940002441,32.35427703857422,0.6836755871772766,0.6832422018051147,0.019621530547738075,0.6454870104789734,0.6547014713287354,0.6611984372138977,0.6683173179626465,0.6832422018051147,0.6952345371246338,0.7113401889801025,0.7153110504150391,0.7267031073570251
5600,-0.6841698884963989,22.3704891204834,6.261229038238525,32.178740692138675,0.6841699481010437,0.6834909915924072,0.01924416795372963,0.6503695249557495,0.6568615436553955,0.6614464521408081,0.6695723533630371,0.6834909915924072,0.6952345371246338,0.7113401889801025,0.7153110504150391,0.7267031073570251
5640,-0.6848138570785522,22.225351333618164,6.265825271606445,31.98962059020996,0.6848138570785522,0.6837703585624695,0.0190876554697752,0.6528279781341553,0.6578529477119446,0.6614464521408081,0.6697729825973511,0.6837703585624695,0.6970378160476685,0.7113401889801025,0.7153110504150391,0.7267031073570251
5680,-0.685527503490448,22.08622169494629,6.271679401397705,31.806776809692384,0.6855274438858032,0.6864782571792603,0.019652754068374634,0.6528279781341553,0.6578529477119446,0.6614464521408081,0.6697729825973511,0.6864782571792603,0.6984118223190308,0.7113401889801025,0.7206247448921204,0.7267781496047974
5720,-0.6867715120315552,21.943439483642578,6.2772955894470215,31.61878318786621,0.6867714524269104,0.6877185106277466,0.019618108868598938,0.6528279781341553,0.6578529477119446,0.66227126121521,0.67093825340271,0.6877185106277466,0.6996752619743347,0.71294766664505,0.7206247448921204,0.7267781496047974
5760,-0.6875359416007996,21.80511474609375,6.286296367645264,31.433856201171874,0.6875359416007996,0.6881133317947388,0.019659170880913734,0.653914213180542,0.6583535671234131,0.6625033020973206,0.67093825340271,0.6881133317947388,0.7001029253005981,0.7130630016326904,0.7206247448921204,0.7267781496047974
5800,-0.6884620785713196,21.663419723510742,6.28937292098999,31.247940063476562,0.6884620785713196,0.6885393261909485,0.019495755434036255,0.653933584690094,0.6587803959846497,0.6630105376243591,0.6730912923812866,0.6885393261909485,0.7001029253005981,0.713354229927063,0.7251850366592407,0.7285798788070679
5840,-0.6888028383255005,21.512622833251953,6.310560703277588,31.042212295532227,0.6888028979301453,0.6892286539077759,0.01937323994934559,0.653933584690094,0.6613290309906006,0.6633627414703369,0.6730912923812866,0.6892286539077759,0.7001029253005981,0.713354229927063,0.7251850366592407,0.7285798788070679
5880,-0.6896504163742065,21.366525650024414,6.316266059875488,30.846445083618164,0.6896503567695618,0.6901324987411499,0.019270213320851326,0.6569094657897949,0.6623162031173706,0.6639463901519775,0.6732313632965088,0.6901324987411499,0.7018580436706543,0.7139593362808228,0.7251850366592407,0.7285798788070679
5920,-0.6901155114173889,21.224319458007812,6.314373016357422,30.65927848815918,0.6901155710220337,0.6911767721176147,0.019125375896692276,0.6587017774581909,0.6625112295150757,0.6646912693977356,0.6738108396530151,0.6911767721176147,0.7018580436706543,0.7146177887916565,0.7251850366592407,0.7298434972763062
5960,-0.6904351711273193,21.083791732788086,6.319060802459717,30.467778396606445,0.6904351711273193,0.6911767721176147,0.01916622929275036,0.6587017774581909,0.6625112295150757,0.6646912693977356,0.6742978692054749,0.6911767721176147,0.7028028964996338,0.7146177887916565,0.7251850366592407,0.7298434972763062
6000,-0.6910735964775085,20.935104370117188,6.32699728012085,30.26378631591797,0.6910736560821533,0.6920176148414612,0.019351763650774956,0.6587017774581909,0.6625112295150757,0.6656277179718018,0.6748762726783752,0.6920176148414612,0.7044295072555542,0.7146177887916565,0.7251850366592407,0.7298434972763062
6040,-0.6921650767326355,20.794147491455078,6.3366379737854,30.07013053894043,0.6921650767326355,0.6926171183586121,0.019280286505818367,0.6587017774581909,0.662523090839386,0.6658375859260559,0.6765959858894348,0.6926171183586121,0.7048684358596802,0.7159355282783508,0.7251850366592407,0.7312219738960266
6080,-0.692899227142334,20.657617568969727,6.3463358879089355,29.879589080810547,0.692899227142334,0.6931898593902588,0.019059544429183006,0.6622899174690247,0.6633522510528564,0.6669594049453735,0.6790481209754944,0.6931898593902588,0.7048684358596802,0.7189611196517944,0.7251850366592407,0.7312219738960266
6120,-0.6938150525093079,20.507463455200195,6.352519512176514,29.676663208007813,0.6938150525093079,0.6943843364715576,0.01931718923151493,0.6622899174690247,0.6633522510528564,0.6669594049453735,0.6811001300811768,0.6943843364715576,0.7067722082138062,0.7193805575370789,0.7253971695899963,0.7312219738960266
6160,-0.6943172812461853,20.376310348510742,6.359853267669678,29.49513511657715,0.6943173408508301,0.6943843364715576,0.019270416349172592,0.6622899174690247,0.6633522510528564,0.6695977449417114,0.6820780038833618,0.6943843364715576,0.7081151008605957,0.7193805575370789,0.7253971695899963,0.731243371963501
6200,-0.6953220367431641,20.232894897460938,6.372721195220947,29.292086791992187,0.6953220367431641,0.6948831677436829,0.01957717351615429,0.6622899174690247,0.6633522510528564,0.6695977449417114,0.6824418306350708,0.6948831677436829,0.7101386785507202,0.7193805575370789,0.7253971695899963,0.7335242629051208
6240,-0.6964645981788635,20.08100700378418,6.3773884773254395,29.084573364257814,0.6964645981788635,0.6948831677436829,0.01983528956770897,0.6622899174690247,0.6639769673347473,0.6698789000511169,0.6838932633399963,0.6948831677436829,0.7138345241546631,0.7228571176528931,0.7267042994499207,0.7335242629051208
6280,-0.6966708302497864,19.94220542907715,6.392751216888428,28.885757827758788,0.6966708302497864,0.6952313184738159,0.01985488273203373,0.6622899174690247,0.6639769673347473,0.6698789000511169,0.6838932633399963,0.6952313184738159,0.7138345241546631,0.7228571176528931,0.7267042994499207,0.7335242629051208
6320,-0.6976139545440674,19.789722442626953,6.399810791015625,28.67341423034668,0.6976140737533569,0.6953299641609192,0.020399508997797966,0.6622899174690247,0.6639769673347473,0.6706008911132812,0.6838932633399963,0.6953299641609192,0.7146209478378296,0.7254658937454224,0.7291422486305237,0.7335242629051208
6360,-0.6986225843429565,19.637813568115234,6.398587226867676,28.46587791442871,0.6986226439476013,0.696807861328125,0.020671455189585686,0.6622899174690247,0.6639769673347473,0.6706008911132812,0.6838932633399963,0.696807861328125,0.7160923480987549,0.7267029881477356,0.7291422486305237,0.7335242629051208
6400,-0.6991969347000122,19.48160743713379,6.406314373016357,28.24508171081543,0.6991970539093018,0.6972812414169312,0.02063099294900894,0.6622899174690247,0.6639769673347473,0.6706008911132812,0.6839214563369751,0.6972812414169312,0.716422438621521,0.7267120480537415,0.7291422486305237,0.7335242629051208
6440,-0.6997987031936646,19.330612182617188,6.414066314697266,28.032573699951172,0.6997987627983093,0.6986812353134155,0.020465394482016563,0.6622899174690247,0.6639769673347473,0.6715418100357056,0.6839214563369751,0.6986812353134155,0.716614842414856,0.7267120480537415,0.7291422486305237,0.7335242629051208
6480,-0.7007607817649841,19.184701919555664,6.4181227684021,27.82657699584961,0.7007607817649841,0.6992658376693726,0.02076980099081993,0.6622899174690247,0.6639769673347473,0.6721866726875305,0.6859090328216553,0.6992658376693726,0.717705249786377,0.7267820239067078,0.7316069602966309,0.734757661819458
6520,-0.7014365196228027,19.03793716430664,6.422361850738525,27.616181945800783,0.7014365196228027,0.699465811252594,0.021192239597439766,0.6622899174690247,0.6639769673347473,0.6721866726875305,0.6859090328216553,0.699465811252594,0.7181829214096069,0.7276282906532288,0.7335590124130249,0.7396090626716614
6560,-0.7016690373420715,18.89093589782715,6.427589416503906,27.402993774414064,0.7016691565513611,0.6994713544845581,0.021220680326223373,0.6622899174690247,0.6639769673347473,0.6721866726875305,0.6859090328216553,0.6994713544845581,0.7181829214096069,0.7276282906532288,0.7335590124130249,0.7396090626716614
6600,-0.7022650241851807,18.74091148376465,6.438698768615723,27.187229919433594,0.7022650241851807,0.7016644477844238,0.021496741101145744,0.6622899174690247,0.6649185419082642,0.6721866726875305,0.685912549495697,0.7016644477844238,0.7190808057785034,0.7292599081993103,0.7335590124130249,0.7396090626716614
6640,-0.7030217051506042,18.586183547973633,6.4499831199646,26.963345336914063,0.7030217051506042,0.7031899690628052,0.021416479721665382,0.6622899174690247,0.6649185419082642,0.6721866726875305,0.6861127018928528,0.7031899690628052,0.7195886373519897,0.7313441038131714,0.7336384654045105,0.7396090626716614
6680,-0.7040095925331116,18.435705184936523,6.455485820770264,26.749487686157227,0.7040096521377563,0.7046509981155396,0.021560940891504288,0.6622899174690247,0.6649185419082642,0.6791186928749084,0.6861127018928528,0.7046509981155396,0.7236568331718445,0.7313441038131714,0.7336384654045105,0.7396090626716614
6720,-0.7044898867607117,18.278995513916016,6.454179286956787,26.529873275756835,0.7044898867607117,0.7067772150039673,0.02156960591673851,0.6622899174690247,0.6649185419082642,0.6812393069267273,0.6866492629051208,0.7067772150039673,0.723940372467041,0.7313944697380066,0.7336384654045105,0.7396090626716614
6760,-0.7053095698356628,18.125463485717773,6.450752258300781,26.313409042358398,0.7053096294403076,0.7081563472747803,0.021499797701835632,0.6624488234519958,0.6673864126205444,0.6823980808258057,0.6872255802154541,0.7081563472747803,0.723940372467041,0.7313944697380066,0.736260712146759,0.7418091297149658
6800,-0.7062139511108398,17.96928596496582,6.450551509857178,26.09048843383789,0.7062140107154846,0.708325982093811,0.0215214304625988,0.6624488234519958,0.6703827381134033,0.6823980808258057,0.6877502202987671,0.708325982093811,0.7242217063903809,0.7315675020217896,0.7366409301757812,0.7426493167877197
6840,-0.7072886228561401,17.822769165039062,6.463283538818359,25.869606018066406,0.7072886824607849,0.708425760269165,0.02181498520076275,0.6633039712905884,0.670619785785675,0.6823980808258057,0.6914222240447998,0.708425760269165,0.7252760529518127,0.7320007085800171,0.7417814135551453,0.7452779412269592
6880,-0.7085422277450562,17.654966354370117,6.468011379241943,25.62620391845703,0.7085421681404114,0.7094452977180481,0.021448837593197823,0.663316011428833,0.670619785785675,0.6824769377708435,0.6929421424865723,0.7094452977180481,0.7252760529518127,0.7345807552337646,0.7417814135551453,0.7452779412269592
6920,-0.709848940372467,17.500335693359375,6.4774370193481445,25.393512344360353,0.709848940372467,0.7111358642578125,0.021586095914244652,0.6664704084396362,0.6721729636192322,0.6824769377708435,0.6933844685554504,0.7111358642578125,0.7267457246780396,0.7364936470985413,0.7426238656044006,0.7459269165992737
6960,-0.7100138068199158,17.346586227416992,6.477860927581787,25.16963996887207,0.710013747215271,0.7111358642578125,0.0214130487293005,0.6664704084396362,0.6746596097946167,0.6832695603370667,0.6933844685554504,0.7111358642578125,0.7267457246780396,0.7365716695785522,0.7426238656044006,0.7459269165992737
7000,-0.7110021114349365,17.1978816986084,6.489047527313232,24.943632507324217,0.7110021114349365,0.7158941030502319,0.021662263199687004,0.6664704084396362,0.6746596097946167,0.6832695603370667,0.6933844685554504,0.7158941030502319,0.7275652885437012,0.7366182804107666,0.7426238656044006,0.7459269165992737
7040,-0.7117214798927307,17.04556655883789,6.49684476852417,24.707595443725587,0.7117215991020203,0.716300368309021,0.021528802812099457,0.669612467288971,0.6746599078178406,0.6832695603370667,0.6938309669494629,0.716300368309021,0.7277746796607971,0.7373005747795105,0.7426238656044006,0.7459269165992737
7080,-0.7128904461860657,16.879215240478516,6.487321376800537,24.46711196899414,0.7128904461860657,0.7170095443725586,0.02186754159629345,0.669612467288971,0.6746599078178406,0.6838662028312683,0.694538950920105,0.7170095443725586,0.7295565605163574,0.7408881783485413,0.7442933320999146,0.7459269165992737
7120,-0.7136654257774353,16.715660095214844,6.49422025680542,24.224461364746094,0.7136655449867249,0.717151403427124,0.021797847002744675,0.669612467288971,0.6775891780853271,0.6844225525856018,0.695091187953949,0.717151403427124,0.7309955954551697,0.7409316897392273,0.7442933320999146,0.7459269165992737
7160,-0.7142457365989685,16.551546096801758,6.487068176269531,23.983823013305663,0.7142457365989685,0.7173624038696289,0.021442163735628128,0.6706534624099731,0.6778349876403809,0.6870072484016418,0.6956209540367126,0.7173624038696289,0.7309955954551697,0.7409316897392273,0.7447533011436462,0.7459269165992737
7200,-0.714922308921814,16.38725471496582,6.49102783203125,23.73460273742676,0.714922308921814,0.7188205718994141,0.021162865683436394,0.6706534624099731,0.6778349876403809,0.6870072484016418,0.6981686353683472,0.7188205718994141,0.7314452528953552,0.7409316897392273,0.7447533011436462,0.7459269165992737
7240,-0.7158051133155823,16.228290557861328,6.492564678192139,23.49413719177246,0.7158051133155823,0.7201814651489258,0.021085627377033234,0.6706534624099731,0.6778349876403809,0.687685489654541,0.6994878053665161,0.7201814651489258,0.7325000166893005,0.7411746382713318,0.7447533011436462,0.7459269165992737
7280,-0.716421902179718,16.06458854675293,6.498393535614014,23.2383113861084,0.7164219617843628,0.7202678918838501,0.02123456820845604,0.6706534624099731,0.6778349876403809,0.6879622936248779,0.7000154852867126,0.7202678918838501,0.7336103916168213,0.7426117658615112,0.7451804876327515,0.746833086013794
7320,-0.7171686887741089,15.92023754119873,6.5027756690979,23.007852172851564,0.7171687483787537,0.7202678918838501,0.020826756954193115,0.6740396618843079,0.6835910081863403,0.6904346942901611,0.7002061605453491,0.7202678918838501,0.7336103916168213,0.7428421378135681,0.7452949285507202,0.7505571842193604
7360,-0.7176727652549744,15.764780044555664,6.497044563293457,22.770088958740235,0.7176728844642639,0.7203183174133301,0.02115129493176937,0.6740396618843079,0.6835910081863403,0.6904346942901611,0.7002061605453491,0.7203183174133301,0.7344790101051331,0.7436944246292114,0.7480915188789368,0.7508938908576965
7400,-0.7184402346611023,15.604113578796387,6.496756076812744,22.524137115478517,0.7184404134750366,0.7206063270568848,0.021238822489976883,0.6740396618843079,0.6835910081863403,0.6904346942901611,0.7006042003631592,0.7206063270568848,0.735554039478302,0.7447755336761475,0.7484138011932373,0.7513319253921509
7440,-0.7191162109375,15.43839168548584,6.4873857498168945,22.280254745483397,0.7191162109375,0.7222496867179871,0.021038683131337166,0.6755585074424744,0.6836498975753784,0.6904346942901611,0.7029939889907837,0.7222496867179871,0.735554039478302,0.745241641998291,0.7505672574043274,0.7516872882843018
7480,-0.7201264500617981,15.291607856750488,6.496158599853516,22.04258918762207,0.7201265096664429,0.7237915396690369,0.02054089866578579,0.6759839057922363,0.6836498975753784,0.692207396030426,0.7053261995315552,0.7237915396690369,0.73566734790802,0.7459707260131836,0.7505672574043274,0.7516872882843018
7520,-0.7208802103996277,15.138781547546387,6.506113529205322,21.793210983276367,0.7208802700042725,0.724132776260376,0.020888594910502434,0.6759839057922363,0.6836498975753784,0.692207396030426,0.7059302926063538,0.724132776260376,0.7370178699493408,0.7459707260131836,0.7505672574043274,0.753164529800415
7560,-0.7216117978096008,14.989018440246582,6.497921943664551,21.558259582519533,0.7216117978096008,0.7249128222465515,0.020631371065974236,0.677876353263855,0.6837776899337769,0.6928352117538452,0.7070626616477966,0.7249128222465515,0.7375314831733704,0.7468913793563843,0.7505672574043274,0.753164529800415
7600,-0.722935676574707,14.826667785644531,6.505385875701904,21.29849739074707,0.7229357361793518,0.7271511554718018,0.020696215331554413,0.677876353263855,0.6838300228118896,0.6928352117538452,0.7074788808822632,0.7271511554718018,0.7380036115646362,0.7473637461662292,0.7508894801139832,0.753164529800415
7640,-0.7231844663619995,14.679376602172852,6.506381511688232,21.055168914794923,0.7231845259666443,0.7271511554718018,0.02063826285302639,0.677876353263855,0.6838300228118896,0.6939756274223328,0.7076278924942017,0.7271511554718018,0.7383284568786621,0.7473637461662292,0.7508894801139832,0.753164529800415
7680,-0.7239511609077454,14.532587051391602,6.509291172027588,20.81649169921875,0.7239511013031006,0.7277557849884033,0.020504426211118698,0.677876353263855,0.6843805909156799,0.6951102018356323,0.7085432410240173,0.7277557849884033,0.7383284568786621,0.7477913498878479,0.7508894801139832,0.753164529800415
7720,-0.7244949340820312,14.365248680114746,6.498342990875244,20.554648208618165,0.7244949340820312,0.7277557849884033,0.02057592198252678,0.677876353263855,0.6843805909156799,0.6951102018356323,0.7097546458244324,0.7277557849884033,0.7390823364257812,0.7479355335235596,0.7510387897491455,0.756485104560852
7760,-0.7251884341239929,14.225504875183105,6.501046657562256,20.319860458374023,0.7251884341239929,0.7278609871864319,0.020135438069701195,0.6800135374069214,0.6860544681549072,0.6983587741851807,0.7131462693214417,0.7278609871864319,0.7401081323623657,0.7497438788414001,0.752410888671875,0.756485104560852
7800,-0.7262078523635864,14.066699028015137,6.49056339263916,20.065503311157226,0.726207971572876,0.7291701436042786,0.019680334255099297,0.6803134679794312,0.6943151354789734,0.6986115574836731,0.7144752740859985,0.7291701436042786,0.7407039403915405,0.7505667209625244,0.7525200843811035,0.7573791146278381
7840,-0.7271155118942261,13.902130126953125,6.480381011962891,19.800717163085938,0.7271156311035156,0.7298823595046997,0.019998706877231598,0.6803134679794312,0.6943151354789734,0.6986115574836731,0.7148317098617554,0.7298823595046997,0.7422343492507935,0.7508933544158936,0.7535525560379028,0.7584008574485779
7880,-0.7279481887817383,13.751296997070312,6.477898597717285,19.550627517700196,0.7279483079910278,0.7306814193725586,0.019773894920945168,0.6860163807868958,0.6943151354789734,0.7002320289611816,0.7162457704544067,0.7306814193725586,0.7422343492507935,0.7519574165344238,0.7535525560379028,0.7584008574485779
7920,-0.7285237908363342,13.600878715515137,6.470565319061279,19.303481674194337,0.7285237908363342,0.7314084768295288,0.019578473642468452,0.6860163807868958,0.6944282054901123,0.7007455825805664,0.7167313694953918,0.7314084768295288,0.7429956197738647,0.7519574165344238,0.7565118670463562,0.7584008574485779
7960,-0.7292969822883606,13.45806884765625,6.473248481750488,19.055649948120116,0.7292971611022949,0.7319629192352295,0.019662462174892426,0.6860163807868958,0.6944282054901123,0.7036601305007935,0.7181307077407837,0.7319629192352295,0.7442736625671387,0.7529361844062805,0.757371723651886,0.7591508626937866
8000,-0.729767918586731,13.309056282043457,6.465035438537598,18.80799980163574,0.7297679781913757,0.7321420311927795,0.019466301426291466,0.6860163807868958,0.6944615840911865,0.7044967412948608,0.7197315096855164,0.7321420311927795,0.7444379925727844,0.7529464960098267,0.757371723651886,0.7591508626937866
8040,-0.7305554151535034,13.174221992492676,6.474925518035889,18.56449203491211,0.7305554747581482,0.7321891188621521,0.018483225256204605,0.689653754234314,0.6953548192977905,0.7045039534568787,0.7197315096855164,0.7321891188621521,0.7455843687057495,0.7529464960098267,0.757371723651886,0.7591508626937866
8080,-0.731139063835144,13.024645805358887,6.4677348136901855,18.30775260925293,0.7311391234397888,0.7321891188621521,0.01829773560166359,0.6903225779533386,0.6976312398910522,0.704742431640625,0.7201199531555176,0.7321891188621521,0.7459185123443604,0.7540856599807739,0.757371723651886,0.7591508626937866
8120,-0.731617271900177,12.87564754486084,6.473645210266113,18.045263290405273,0.7316173315048218,0.7323125600814819,0.01825115457177162,0.6903225779533386,0.698016345500946,0.7054983973503113,0.7201199531555176,0.7323125600814819,0.7459185123443604,0.7543125748634338,0.757408618927002,0.7591508626937866
8160,-0.7320734858512878,12.718527793884277,6.469792366027832,17.780120849609375,0.7320734262466431,0.7341609001159668,0.018160732463002205,0.6903225779533386,0.698016345500946,0.7066203951835632,0.7203153371810913,0.7341609001159668,0.7459185123443604,0.7549443244934082,0.757408618927002,0.7591508626937866
8200,-0.7326737642288208,12.572603225708008,6.468437194824219,17.52003402709961,0.7326738238334656,0.7342302799224854,0.017981499433517456,0.6903225779533386,0.7019409537315369,0.7066285610198975,0.720588207244873,0.7342302799224854,0.746351420879364,0.7549443244934082,0.7583802342414856,0.759914755821228
8240,-0.7330688238143921,12.426238059997559,6.471675395965576,17.256540298461914,0.7330689430236816,0.7342302799224854,0.01786790043115616,0.6903225779533386,0.7019409537315369,0.7066285610198975,0.7207888960838318,0.7342302799224854,0.7474929690361023,0.7549443244934082,0.7583829164505005,0.7599180936813354
8280,-0.7333698868751526,12.275280952453613,6.475810527801514,16.98328056335449,0.7333698868751526,0.7346667051315308,0.01813429594039917,0.6903225779533386,0.7019409537315369,0.7066285610198975,0.7207888960838318,0.7346667051315308,0.7480983734130859,0.7549443244934082,0.7583829164505005,0.761277973651886
8320,-0.7343543767929077,12.129337310791016,6.471590518951416,16.720408630371093,0.7343543767929077,0.7352016568183899,0.017994234338402748,0.6903225779533386,0.704035758972168,0.7073054909706116,0.7242631912231445,0.7352016568183899,0.7487057447433472,0.7555580139160156,0.7591491341590881,0.7673214077949524
8360,-0.7347815632820129,11.972098350524902,6.4547271728515625,16.448887634277344,0.7347815632820129,0.7352016568183899,0.017856817692518234,0.6952612400054932,0.704035758972168,0.7073054909706116,0.7242631912231445,0.7352016568183899,0.7501199841499329,0.7565796375274658,0.759928286075592,0.7673214077949524
8400,-0.7354292273521423,11.820056915283203,6.443495273590088,16.184002304077147,0.7354292869567871,0.7356792688369751,0.018066519871354103,0.69632887840271,0.704035758972168,0.7073054909706116,0.7245386838912964,0.7356792688369751,0.750417172908783,0.7570897936820984,0.7600523829460144,0.7673739194869995
8440,-0.7357908487319946,11.67346477508545,6.443870544433594,15.91065559387207,0.7357907891273499,0.7356792688369751,0.018155977129936218,0.69632887840271,0.704035758972168,0.7073054909706116,0.725446343421936,0.7356792688369751,0.7509048581123352,0.757352352142334,0.7600796222686768,0.7673739194869995
8480,-0.7365891933441162,11.527567863464355,6.436547756195068,15.64921932220459,0.7365891933441162,0.7368040084838867,0.01784476824104786,0.69632887840271,0.7045408487319946,0.7133810520172119,0.7262697815895081,0.7368040084838867,0.7511517405509949,0.757352352142334,0.7600796222686768,0.7673739194869995
8520,-0.7373262047767639,11.370254516601562,6.427213191986084,15.366679000854493,0.7373261451721191,0.7377489805221558,0.017778195440769196,0.69632887840271,0.7047462463378906,0.7148321270942688,0.7265664339065552,0.7377489805221558,0.7519298791885376,0.7584219574928284,0.7625129222869873,0.7675095796585083
8560,-0.7378442287445068,11.212496757507324,6.419638156890869,15.075465965270997,0.7378441691398621,0.7382534742355347,0.01763407699763775,0.69632887840271,0.7047462463378906,0.7179916501045227,0.7266860604286194,0.7382534742355347,0.7519298791885376,0.7584219574928284,0.7625129222869873,0.7675095796585083
8600,-0.7382156848907471,11.06318473815918,6.4155778884887695,14.795239639282226,0.7382156848907471,0.7383311986923218,0.017624709755182266,0.69632887840271,0.7047462463378906,0.7181696891784668,0.7270609140396118,0.7383311986923218,0.7519298791885376,0.7584219574928284,0.7625129222869873,0.7681647539138794
8640,-0.7386508584022522,10.918327331542969,6.405932903289795,14.518539428710938,0.7386507987976074,0.7384824156761169,0.017445804551243782,0.6979613304138184,0.7047462463378906,0.7181696891784668,0.7305417656898499,0.7384824156761169,0.752579391002655,0.7584219574928284,0.7625129222869873,0.7681647539138794
8680,-0.7392352223396301,10.779745101928711,6.388860702514648,14.263639068603515,0.7392351627349854,0.7394816279411316,0.017318280413746834,0.6979613304138184,0.7047462463378906,0.7181696891784668,0.7309760451316833,0.7394816279411316,0.7527692914009094,0.7584219574928284,0.7625129222869873,0.7681647539138794
8720,-0.739906907081604,10.648749351501465,6.38678503036499,14.002091598510741,0.7399068474769592,0.739743709564209,0.01657319813966751,0.7035868763923645,0.7072381377220154,0.7195613384246826,0.7309760451316833,0.739743709564209,0.7533307075500488,0.7586002349853516,0.7630881071090698,0.7703561782836914
8760,-0.7403233051300049,10.493391036987305,6.364879131317139,13.71434211730957,0.7403232455253601,0.7400879859924316,0.016495436429977417,0.7035868763923645,0.7073500156402588,0.7195613384246826,0.731203556060791,0.7400879859924316,0.7539787292480469,0.7586002349853516,0.7630881071090698,0.7703561782836914
8800,-0.7408143281936646,10.353947639465332,6.35504150390625,13.438221168518066,0.7408143877983093,0.7400879859924316,0.016193890944123268,0.7035868763923645,0.7073500156402588,0.7205583453178406,0.7314620018005371,0.7400879859924316,0.7539787292480469,0.7586002349853516,0.7667964696884155,0.7703561782836914
8840,-0.741257905960083,10.207801818847656,6.334519863128662,13.166128730773925,0.741257905960083,0.7409075498580933,0.01613450236618519,0.7035868763923645,0.7073500156402588,0.7206127643585205,0.7320072650909424,0.7409075498580933,0.7539787292480469,0.7586002349853516,0.7667964696884155,0.7703561782836914
8880,-0.7418034672737122,10.083582878112793,6.34456729888916,12.894295120239258,0.7418035268783569,0.7420496344566345,0.015820233151316643,0.7046846151351929,0.7124155759811401,0.7210068106651306,0.7322150468826294,0.7420496344566345,0.7544616460800171,0.7586002349853516,0.7673289775848389,0.7703561782836914
8920,-0.7422791123390198,9.959624290466309,6.353198528289795,12.62038516998291,0.7422791123390198,0.7423344850540161,0.015404313802719116,0.7073116302490234,0.7163178324699402,0.7232277393341064,0.7326030135154724,0.7423344850540161,0.7544616460800171,0.7591933608055115,0.7673289775848389,0.7703561782836914
8960,-0.7425482273101807,9.83313274383545,6.34919548034668,12.354160690307618,0.7425482869148254,0.7430726289749146,0.01540241576731205,0.7073116302490234,0.7164255380630493,0.7233180999755859,0.7328522205352783,0.7430726289749146,0.7544616460800171,0.7592115998268127,0.7673289775848389,0.7706691026687622
9000,-0.7430441379547119,9.688770294189453,6.3344011306762695,12.070301818847657,0.7430441975593567,0.7445401549339294,0.015244568698108196,0.7073588371276855,0.7164255380630493,0.7235735654830933,0.7332373261451721,0.7445401549339294,0.7546395659446716,0.7600015997886658,0.7673289775848389,0.7706691026687622
9040,-0.743104100227356,9.561899185180664,6.326303005218506,11.803226280212403,0.7431041598320007,0.7445401549339294,0.015232089906930923,0.7073588371276855,0.7164255380630493,0.7235735654830933,0.7332373261451721,0.7445401549339294,0.7546395659446716,0.7600015997886658,0.7673289775848389,0.7706691026687622
9080,-0.7433661222457886,9.418318748474121,6.310941219329834,11.516427612304687,0.7433662414550781,0.7445401549339294,0.015173237770795822,0.7073588371276855,0.7164255380630493,0.7245014905929565,0.734454870223999,0.7445401549339294,0.7548983097076416,0.7600015997886658,0.7673289775848389,0.7706691026687622
9120,-0.7436296939849854,9.293852806091309,6.307608127593994,11.22624912261963,0.7436296939849854,0.7449504137039185,0.01530406717211008,0.7073588371276855,0.7164255380630493,0.724718451499939,0.734454870223999,0.7449504137039185,0.7551290392875671,0.7600015997886658,0.7673289775848389,0.7707070112228394
9160,-0.7438715100288391,9.16977596282959,6.304595947265625,10.941769027709961,0.7438715100288391,0.7449504137039185,0.015141746029257774,0.708724856376648,0.7164255380630493,0.7248594760894775,0.7347023487091064,0.7449504137039185,0.7555080652236938,0.7600015997886658,0.7673289775848389,0.7707070112228394
9200,-0.7441840767860413,9.04584789276123,6.305102825164795,10.647892951965332,0.7441841959953308,0.744994044303894,0.01499621756374836,0.708724856376648,0.7164255380630493,0.7248594760894775,0.7348442077636719,0.744994044303894,0.7555080652236938,0.7600545883178711,0.7673289775848389,0.7707070112228394
9240,-0.7445762753486633,8.936084747314453,6.305858135223389,10.38337345123291,0.7445762753486633,0.7454365491867065,0.014938305132091045,0.7087914943695068,0.7164255380630493,0.7248594760894775,0.7364517450332642,0.7454365491867065,0.7555080652236938,0.7600545883178711,0.7676253318786621,0.7714954018592834
9280,-0.7447860836982727,8.80378532409668,6.275761604309082,10.109396362304688,0.7447861433029175,0.7456545829772949,0.01489279791712761,0.7087914943695068,0.7164255380630493,0.7248594760894775,0.7365663647651672,0.7456545829772949,0.7555080652236938,0.7600545883178711,0.7676253318786621,0.7714954018592834
9320,-0.7453094124794006,8.697684288024902,6.282573223114014,9.827325820922852,0.7453094720840454,0.7459923624992371,0.014987320639193058,0.7090585231781006,0.7190680503845215,0.7248594760894775,0.7373934388160706,0.7459923624992371,0.7560535669326782,0.7600851655006409,0.7703650593757629,0.7718625068664551
9360,-0.7458895444869995,8.592841148376465,6.290425777435303,9.544889450073242,0.7458896040916443,0.7462673187255859,0.014784851111471653,0.7107654213905334,0.7190680503845215,0.7248594760894775,0.7380198836326599,0.7462673187255859,0.756313681602478,0.7616931200027466,0.7703650593757629,0.7718625068664551
9400,-0.7460728287696838,8.48705768585205,6.287851810455322,9.27121696472168,0.7460728287696838,0.7462673187255859,0.014664999209344387,0.7107654213905334,0.7190680503845215,0.7256524562835693,0.7384381890296936,0.7462673187255859,0.7565339803695679,0.7616931200027466,0.7703650593757629,0.7718625068664551
9440,-0.7465476989746094,8.361162185668945,6.265619277954102,8.985946655273438,0.7465476989746094,0.7468450665473938,0.014835326932370663,0.7107654213905334,0.7190680503845215,0.7264183759689331,0.7390066385269165,0.7468450665473938,0.7577082514762878,0.7619608640670776,0.7703650593757629,0.7718625068664551
9480,-0.7470112442970276,8.251912117004395,6.252659797668457,8.714935493469238,0.7470112442970276,0.7483413815498352,0.014944424852728844,0.7107654213905334,0.7190680503845215,0.7308517098426819,0.7390066385269165,0.7483413815498352,0.7580482363700867,0.7619608640670776,0.7703650593757629,0.7718625068664551
9520,-0.7470747828483582,8.13723087310791,6.240652561187744,8.429339981079101,0.7470748424530029,0.7483413815498352,0.014924983493983746,0.7118141055107117,0.7190988063812256,0.7308517098426819,0.7393600344657898,0.7483413815498352,0.7580482363700867,0.7639834880828857,0.7703650593757629,0.7718625068664551
9560,-0.747808039188385,7.9992995262146,6.2188591957092285,8.121052742004395,0.7478081583976746,0.7489669322967529,0.014372148551046848,0.7158700227737427,0.7191578149795532,0.732207715511322,0.7398733496665955,0.7489669322967529,0.7582283616065979,0.7639834880828857,0.7703650593757629,0.7718625068664551
9600,-0.74802565574646,7.907765865325928,6.227254390716553,7.831108951568604,0.7480257153511047,0.7491017580032349,0.014469861052930355,0.7158700227737427,0.7191578149795532,0.732207715511322,0.740034818649292,0.7491017580032349,0.7582283616065979,0.7641170024871826,0.7706857323646545,0.7718625068664551
9640,-0.7482272982597351,7.800296306610107,6.214661598205566,7.5448527336120605,0.7482272982597351,0.7491017580032349,0.01440082024782896,0.715896725654602,0.7191578149795532,0.732207715511322,0.740034818649292,0.7491017580032349,0.758248507976532,0.7641170024871826,0.7706857323646545,0.7718625068664551
9680,-0.748542308807373,7.6731462478637695,6.188187599182129,7.2304424285888675,0.748542308807373,0.7495895624160767,0.014294757507741451,0.715896725654602,0.7195456027984619,0.732207715511322,0.7401468753814697,0.7495895624160767,0.758248507976532,0.7654573917388916,0.7706857323646545,0.7718625068664551
9720,-0.7487931847572327,7.58456563949585,6.193957805633545,6.937031173706055,0.7487930059432983,0.7497771978378296,0.014223906211555004,0.715896725654602,0.7195456027984619,0.7325160503387451,0.7403801679611206,0.7497771978378296,0.7584418058395386,0.7654573917388916,0.7706857323646545,0.7718625068664551
9760,-0.7490382194519043,7.499192714691162,6.199278354644775,6.654549407958984,0.7490382194519043,0.7499065399169922,0.014018015004694462,0.715896725654602,0.7195456027984619,0.7325160503387451,0.7405768036842346,0.7499065399169922,0.7584418058395386,0.7654573917388916,0.7706857323646545,0.7718625068664551
9800,-0.7492695450782776,7.399280548095703,6.193484783172607,6.350030136108399,0.7492694854736328,0.7501962184906006,0.01407537143677473,0.715896725654602,0.7210904359817505,0.7325733304023743,0.7405768036842346,0.7501962184906006,0.7584964632987976,0.766057014465332,0.7706857323646545,0.7719020247459412
9840,-0.7498963475227356,7.297962188720703,6.181813716888428,6.050928974151612,0.7498962879180908,0.7511076927185059,0.013937106356024742,0.7172031402587891,0.7210904359817505,0.7325733304023743,0.7405768036842346,0.7511076927185059,0.7590879201889038,0.7660877704620361,0.7706857323646545,0.7719020247459412
9880,-0.750405490398407,7.217843532562256,6.177148342132568,5.755814743041992,0.750405490398407,0.7515304088592529,0.01389280054718256,0.7172031402587891,0.7260854244232178,0.7336974740028381,0.7407293915748596,0.7515304088592529,0.7590879201889038,0.7675172686576843,0.7706857323646545,0.7737836837768555
9920,-0.7506469488143921,7.158992767333984,6.190426826477051,5.47406644821167,0.7506468892097473,0.7518503665924072,0.013799951411783695,0.7172031402587891,0.7261793613433838,0.7336974740028381,0.7413167953491211,0.7518503665924072,0.7593176960945129,0.7675172686576843,0.7706857323646545,0.7737836837768555
9960,-0.7509526014328003,7.0540947914123535,6.1645379066467285,5.166630840301513,0.7509526610374451,0.7518503665924072,0.013580330647528172,0.7191664576530457,0.726395845413208,0.7361375093460083,0.7413167953491211,0.7518503665924072,0.759764552116394,0.7675172686576843,0.7706857323646545,0.7737836837768555
10000,-0.7512702941894531,6.9589667320251465,6.150694847106934,4.857076644897461,0.7512703537940979,0.7523516416549683,0.013702807947993279,0.7191664576530457,0.726395845413208,0.7361375093460083,0.7413167953491211,0.7523516416549683,0.7601060271263123,0.7676958441734314,0.7706857323646545,0.7737836837768555
