step,best_fitness,avg_hamming,avg_l1,avg_entropy,mean,median,std,2%,5%,10%,25%,50%,75%,90%,95%,98%
40,-123.83999633789062,31.931533813476562,2.620546340942383,44.122117042541504,-123.83999633789062,-122.0,27.68996810913086,-186.0399932861328,-172.10000610351562,-164.10000610351562,-140.0,-122.0,-102.75,-91.0,-84.80001831054688,-73.97999572753906
80,-140.0800018310547,31.883350372314453,3.129056930541992,43.998684883117676,-140.0800018310547,-138.0,28.363950729370117,-200.1999969482422,-188.0,-176.39999389648438,-160.5,-138.0,-121.5,-100.9000015258789,-94.80001831054688,-90.0
120,-147.75999450683594,31.83881187438965,3.502418041229248,43.88816261291504,-147.75999450683594,-145.0,26.181337356567383,-212.0800018310547,-190.5,-184.1999969482422,-164.0,-145.0,-130.0,-118.0,-105.95000457763672,-100.97999572753906
160,-154.89999389648438,31.791275024414062,3.794872999191284,43.78513717651367,-154.89999389648438,-152.0,25.979028701782227,-216.1999969482422,-200.5,-186.1999969482422,-171.25,-152.0,-138.0,-125.9000015258789,-115.0,-100.97999572753906
200,-159.72000122070312,31.747413635253906,4.07619571685791,43.682376861572266,-159.72000122070312,-160.0,24.779054641723633,-216.24000549316406,-200.5,-188.1999969482422,-176.0,-160.0,-144.0,-130.0,-121.85001373291016,-114.91998291015625
240,-163.77999877929688,31.70343017578125,4.3460283279418945,43.578505516052246,-163.77999877929688,-163.0,24.525733947753906,-228.0,-212.0,-190.1999969482422,-176.5,-163.0,-146.0,-134.89999389648438,-128.95001220703125,-121.93998718261719
280,-165.77999877929688,31.659423828125,4.594817161560059,43.476436614990234,-165.77999877929688,-164.0,25.318601608276367,-228.27999877929688,-212.1999969482422,-192.0,-180.0,-164.0,-147.0,-137.70001220703125,-129.95001220703125,-121.93998718261719
320,-167.8199920654297,31.611013412475586,4.793361663818359,43.377928733825684,-167.82000732421875,-165.5,25.895320892333984,-230.24000549316406,-216.59999084472656,-194.39999389648438,-182.5,-165.5,-147.75,-138.0,-129.95001220703125,-121.93998718261719
360,-170.59999084472656,31.551631927490234,5.023271560668945,43.258474349975586,-170.60000610351562,-166.0,24.916662216186523,-230.24000549316406,-224.1999969482422,-198.1999969482422,-186.5,-166.0,-151.0,-144.0,-138.95001220703125,-129.8999786376953
400,-173.1199951171875,31.491546630859375,5.219274044036865,43.14310359954834,-173.1199951171875,-168.0,25.319272994995117,-230.24000549316406,-228.0,-204.79998779296875,-190.0,-168.0,-154.25,-146.0,-143.75003051757812,-129.8999786376953
440,-173.75999450683594,31.418575286865234,5.391015529632568,43.01818561553955,-173.75999450683594,-169.0,25.34210777282715,-230.24000549316406,-228.0,-210.1999969482422,-190.0,-169.0,-156.0,-146.0,-143.75003051757812,-129.8999786376953
480,-176.9199981689453,31.348072052001953,5.5768585205078125,42.89005661010742,-176.9199981689453,-174.5,25.777385711669922,-230.24000549316406,-228.0,-212.0,-192.0,-174.5,-160.0,-146.0,-143.95001220703125,-129.8999786376953
520,-177.75999450683594,31.263347625732422,5.755970001220703,42.74661636352539,-177.75999450683594,-176.5,25.622303009033203,-230.24000549316406,-228.0,-212.0,-192.0,-176.5,-162.75,-146.0,-143.95001220703125,-129.8999786376953
560,-179.1999969482422,31.18060302734375,5.923262596130371,42.60592079162598,-179.1999969482422,-177.5,26.26175880432129,-238.0800018310547,-228.0,-214.1999969482422,-192.0,-177.5,-163.75,-146.0,-143.95001220703125,-129.8999786376953
600,-179.63999938964844,31.08795166015625,6.083464622497559,42.45327377319336,-179.63999938964844,-178.0,26.016733169555664,-238.0800018310547,-228.0,-216.0,-192.0,-178.0,-163.75,-146.0,-144.0,-138.71994018554688
640,-182.5,30.99545669555664,6.265817165374756,42.28954601287842,-182.5,-178.0,28.558536529541016,-242.1199951171875,-230.10000610351562,-218.59999084472656,-193.0,-178.0,-164.75,-150.60000610351562,-144.0,-138.87997436523438
680,-186.36000061035156,30.88042449951172,6.432740688323975,42.10050582885742,-186.36000061035156,-181.0,30.94430923461914,-260.67999267578125,-238.1999969482422,-228.0,-202.0,-181.0,-165.0,-151.0,-146.0,-143.0
720,-190.5399932861328,30.736814498901367,6.582683563232422,41.88395023345947,-190.5399932861328,-186.0,32.00544357299805,-288.1199951171875,-242.3000030517578,-228.1999969482422,-212.0,-186.0,-166.0,-153.70001220703125,-150.0,-145.9399871826172
760,-191.3000030517578,30.607053756713867,6.744061470031738,41.680341720581055,-191.3000030517578,-189.0,32.58941650390625,-288.1199951171875,-248.39999389648438,-230.1999969482422,-212.0,-189.0,-166.0,-153.70001220703125,-150.0,-145.9399871826172
800,-191.8199920654297,30.456539154052734,6.894805908203125,41.44960021972656,-191.82000732421875,-190.0,32.24790954589844,-288.1199951171875,-248.39999389648438,-230.1999969482422,-212.0,-190.0,-167.5,-154.89999389648438,-150.95001220703125,-146.97999572753906
840,-193.72000122070312,30.304000854492188,7.0574493408203125,41.20862579345703,-193.72000122070312,-190.0,31.797508239746094,-288.1199951171875,-248.39999389648438,-230.1999969482422,-212.0,-190.0,-169.5,-159.89999389648438,-150.95001220703125,-146.97999572753906
880,-196.25999450683594,30.12648582458496,7.2238922119140625,40.932926177978516,-196.25999450683594,-190.0,31.809627532958984,-288.1199951171875,-248.39999389648438,-232.59999084472656,-216.5,-190.0,-171.75,-160.89999389648438,-154.90000915527344,-150.0
920,-198.27999877929688,29.957693099975586,7.378976345062256,40.6690731048584,-198.27999877929688,-195.0,31.464927673339844,-288.1199951171875,-256.20001220703125,-232.59999084472656,-218.0,-195.0,-176.25,-161.89999389648438,-154.90000915527344,-150.0
960,-201.8199920654297,29.781906127929688,7.520957946777344,40.3928279876709,-201.82000732421875,-196.5,31.798860549926758,-288.1199951171875,-264.1000061035156,-238.1999969482422,-222.0,-196.5,-177.0,-165.0,-160.0,-154.95999145507812
1000,-203.97999572753906,29.590179443359375,7.671268463134766,40.09552001953125,-203.97999572753906,-197.5,32.19005584716797,-288.1600036621094,-264.1000061035156,-243.0,-224.5,-197.5,-178.0,-167.8000030517578,-160.0,-154.95999145507812
1040,-206.8199920654297,29.410354614257812,7.826144695281982,39.798672676086426,-206.82000732421875,-200.0,32.30491638183594,-292.0799865722656,-264.29998779296875,-252.1999969482422,-228.0,-200.0,-181.25,-171.89999389648438,-165.95001220703125,-158.91998291015625
1080,-209.8199920654297,29.223609924316406,7.978607177734375,39.49285888671875,-209.82000732421875,-208.0,32.50119400024414,-292.0799865722656,-264.29998779296875,-254.1999969482422,-228.5,-208.0,-186.25,-171.89999389648438,-165.95001220703125,-160.95999145507812
1120,-211.55999755859375,29.03508758544922,8.144857406616211,39.169922828674316,-211.55999755859375,-208.5,34.219383239746094,-302.0,-270.8999938964844,-254.1999969482422,-233.0,-208.5,-187.75,-171.89999389648438,-165.95001220703125,-160.95999145507812
1160,-213.239990234375,28.85593032836914,8.285343170166016,38.87173080444336,-213.24000549316406,-210.0,34.42240905761719,-302.0,-270.8999938964844,-256.6000061035156,-236.5,-210.0,-188.0,-172.89999389648438,-167.90000915527344,-164.91998291015625
1200,-215.3199920654297,28.63344955444336,8.39744758605957,38.52338981628418,-215.32000732421875,-211.0,34.92302322387695,-302.0,-288.29998779296875,-256.6000061035156,-238.0,-211.0,-188.0,-174.8000030517578,-167.90000915527344,-164.91998291015625
1240,-216.33999633789062,28.43880271911621,8.526782989501953,38.20609474182129,-216.33999633789062,-212.0,34.805809020996094,-302.0,-288.29998779296875,-256.6000061035156,-238.0,-212.0,-190.0,-176.8000030517578,-167.90000915527344,-164.91998291015625
1280,-218.4199981689453,28.234355926513672,8.646991729736328,37.86738586425781,-218.4199981689453,-216.0,36.04141616821289,-302.0,-296.0,-264.20001220703125,-240.5,-216.0,-190.0,-177.0,-167.90000915527344,-164.91998291015625
1320,-220.17999267578125,28.02499008178711,8.79043197631836,37.5142879486084,-220.17999267578125,-216.0,36.20065689086914,-302.1600036621094,-296.0,-264.20001220703125,-243.0,-216.0,-191.75,-177.0,-167.90000915527344,-164.91998291015625
1360,-223.05999755859375,27.793304443359375,8.909918785095215,37.13980579376221,-223.05999755859375,-219.0,36.336708068847656,-302.32000732421875,-296.0,-264.20001220703125,-248.0,-219.0,-195.75,-178.0,-170.85000610351562,-165.0
1400,-225.55999755859375,27.59469223022461,9.028318405151367,36.80001926422119,-225.55999755859375,-222.0,36.00619888305664,-304.2799987792969,-296.0,-266.3999938964844,-250.0,-222.0,-196.75,-181.89999389648438,-172.90000915527344,-165.0
1440,-227.239990234375,27.397979736328125,9.144515991210938,36.45936870574951,-227.24000549316406,-222.5,36.81660842895508,-304.5199890136719,-296.0,-268.20001220703125,-252.0,-222.5,-199.25,-184.8000030517578,-172.90000915527344,-165.0
1480,-229.01998901367188,27.19281005859375,9.25349235534668,36.10629653930664,-229.02000427246094,-225.5,36.382957458496094,-304.5199890136719,-296.0,-270.20001220703125,-252.0,-225.5,-202.0,-188.0,-176.7000274658203,-167.9399871826172
1520,-230.97999572753906,26.99422836303711,9.346768379211426,35.76876354217529,-230.97999572753906,-228.0,37.02268981933594,-322.239990234375,-296.20001220703125,-270.20001220703125,-256.0,-228.0,-203.5,-188.89999389648438,-176.7000274658203,-167.9399871826172
1560,-233.67999267578125,26.793930053710938,9.45278549194336,35.41669273376465,-233.67999267578125,-230.0,38.024436950683594,-334.0400085449219,-300.5,-270.20001220703125,-258.5,-230.0,-207.75,-188.89999389648438,-177.95001220703125,-170.87997436523438
1600,-235.25999450683594,26.588062286376953,9.571894645690918,35.05702877044678,-235.25999450683594,-233.0,37.99016189575195,-334.0400085449219,-300.5,-278.79998779296875,-258.5,-233.0,-207.75,-191.89999389648438,-177.95001220703125,-170.87997436523438
1640,-236.33999633789062,26.413732528686523,9.70345687866211,34.713388442993164,-236.33999633789062,-234.0,38.782012939453125,-334.0400085449219,-301.1999816894531,-278.79998779296875,-264.0,-234.0,-208.0,-194.70001220703125,-177.95001220703125,-170.87997436523438
1680,-238.47999572753906,26.203033447265625,9.806354522705078,34.347124099731445,-238.47999572753906,-236.5,38.94572448730469,-334.0400085449219,-301.1999816894531,-286.20001220703125,-264.0,-236.5,-209.0,-196.8000030517578,-177.95001220703125,-170.87997436523438
1720,-240.1999969482422,26.030006408691406,9.905099868774414,34.0202054977417,-240.1999969482422,-237.5,38.82524871826172,-334.0400085449219,-301.1999816894531,-288.20001220703125,-266.5,-237.5,-210.5,-196.89999389648438,-187.5000457763672,-170.87997436523438
1760,-242.1599884033203,25.8458251953125,10.019584655761719,33.665693283081055,-242.16000366210938,-237.5,39.12767028808594,-336.0400085449219,-306.8999938964844,-292.3999938964844,-268.5,-237.5,-213.75,-198.0,-187.5000457763672,-174.91998291015625
1800,-243.59999084472656,25.643600463867188,10.098346710205078,33.31249523162842,-243.60000610351562,-239.0,39.734619140625,-336.0799865722656,-306.8999938964844,-296.20001220703125,-270.0,-239.0,-214.5,-198.0,-187.60003662109375,-174.91998291015625
1840,-244.77999877929688,25.44672203063965,10.204692840576172,32.94728946685791,-244.77999877929688,-240.0,40.400394439697266,-336.2799987792969,-318.29998779296875,-296.20001220703125,-270.5,-240.0,-214.5,-198.89999389648438,-187.60003662109375,-174.91998291015625
1880,-246.29998779296875,25.244792938232422,10.296501159667969,32.56959247589111,-246.3000030517578,-240.0,40.12966537475586,-336.32000732421875,-318.29998779296875,-296.20001220703125,-273.0,-240.0,-215.75,-199.8000030517578,-187.6500244140625,-176.95999145507812
1920,-247.09999084472656,25.067764282226562,10.40106201171875,32.22091293334961,-247.10000610351562,-244.0,40.19887924194336,-336.32000732421875,-318.29998779296875,-296.20001220703125,-274.5,-244.0,-215.75,-200.0,-187.6500244140625,-176.95999145507812
1960,-248.39999389648438,24.871143341064453,10.46808910369873,31.870567798614502,-248.39999389648438,-249.0,40.260154724121094,-336.3600158691406,-318.29998779296875,-298.0,-275.0,-249.0,-216.0,-204.5,-190.85000610351562,-176.95999145507812
2000,-250.59999084472656,24.67162322998047,10.56545639038086,31.495917797088623,-250.60000610351562,-249.0,40.389102935791016,-336.4800109863281,-318.29998779296875,-298.0,-278.5,-249.0,-216.75,-204.5,-193.95001220703125,-186.79995727539062
2040,-251.4399871826172,24.46267318725586,10.643196105957031,31.115041732788086,-251.44000244140625,-251.0,40.65521240234375,-342.3600158691406,-318.6000061035156,-298.0,-281.0,-251.0,-216.75,-205.89999389648438,-193.95001220703125,-186.79995727539062
2080,-252.3199920654297,24.255565643310547,10.720182418823242,30.728122234344482,-252.32000732421875,-252.0,40.47737121582031,-342.3600158691406,-318.6000061035156,-298.0,-284.5,-252.0,-217.75,-206.89999389648438,-194.95001220703125,-186.79995727539062
2120,-254.1199951171875,24.051132202148438,10.79737377166748,30.34836721420288,-254.1199951171875,-252.0,40.087223052978516,-342.3999938964844,-318.6000061035156,-298.6000061035156,-286.0,-252.0,-220.25,-208.8000030517578,-197.85000610351562,-187.0
2160,-255.25999450683594,23.841365814208984,10.868819236755371,29.960346698760986,-255.25999450683594,-252.0,40.01914978027344,-342.3999938964844,-318.6000061035156,-298.79998779296875,-288.0,-252.0,-222.0,-208.8000030517578,-197.85000610351562,-187.0
2200,-256.9599914550781,23.63726806640625,10.960960388183594,29.564154624938965,-256.9599914550781,-253.5,40.0594367980957,-342.55999755859375,-318.6000061035156,-304.20001220703125,-288.0,-253.5,-223.0,-213.5,-198.0,-188.95999145507812
2240,-257.8399963378906,23.420093536376953,11.017061233520508,29.157692432403564,-257.8399963378906,-256.0,40.012176513671875,-342.55999755859375,-318.8999938964844,-304.20001220703125,-288.0,-256.0,-226.0,-213.5,-198.95001220703125,-194.8399658203125
2280,-258.7799987792969,23.259521484375,11.111124038696289,28.81536102294922,-258.7799987792969,-258.5,39.94785690307617,-342.55999755859375,-319.0,-306.20001220703125,-290.0,-258.5,-226.75,-213.5,-198.95001220703125,-194.8399658203125
2320,-260.1000061035156,23.045360565185547,11.164268493652344,28.417667388916016,-260.1000061035156,-259.5,40.499755859375,-352.3600158691406,-332.29998779296875,-308.0,-290.5,-259.5,-229.0,-213.5,-198.95001220703125,-194.8399658203125
2360,-261.6999816894531,22.844482421875,11.216219902038574,28.054255485534668,-261.70001220703125,-261.0,40.128170013427734,-364.1199951171875,-332.29998779296875,-308.20001220703125,-290.5,-261.0,-229.75,-218.0,-200.90000915527344,-194.8399658203125
2400,-263.7200012207031,22.6546688079834,11.304725646972656,27.671782970428467,-263.7200012207031,-262.0,40.08642578125,-364.1199951171875,-332.29998779296875,-308.20001220703125,-292.0,-262.0,-230.0,-219.8000030517578,-200.90000915527344,-197.7799530029297
2440,-265.1000061035156,22.44923210144043,11.366649627685547,27.278442859649658,-265.1000061035156,-264.0,40.52394104003906,-364.1600036621094,-332.8999938964844,-310.3999938964844,-292.0,-264.0,-232.75,-220.89999389648438,-200.90000915527344,-197.7799530029297
2480,-266.5,22.268901824951172,11.418378829956055,26.92674970626831,-266.5,-264.0,40.011375427246094,-364.20001220703125,-332.8999938964844,-312.3999938964844,-292.5,-264.0,-234.0,-222.8000030517578,-205.6500244140625,-197.85997009277344
2520,-267.97998046875,22.044368743896484,11.460494995117188,26.5205135345459,-267.9800109863281,-264.0,40.608863830566406,-364.20001220703125,-332.8999938964844,-322.20001220703125,-296.0,-264.0,-236.5,-222.89999389648438,-205.6500244140625,-197.85997009277344
2560,-269.97998046875,21.818435668945312,11.496535301208496,26.117767810821533,-269.9800109863281,-265.0,40.6929931640625,-364.2799987792969,-346.20001220703125,-322.3999938964844,-296.0,-265.0,-239.75,-225.60000610351562,-217.40005493164062,-198.8399658203125
2600,-271.0400085449219,21.6412353515625,11.544187545776367,25.77320909500122,-271.0400085449219,-266.0,40.768592834472656,-368.20001220703125,-346.29998779296875,-328.20001220703125,-296.5,-266.0,-240.0,-228.30001831054688,-217.60003662109375,-202.75994873046875
2640,-272.1600036621094,21.42291831970215,11.5596342086792,25.389121532440186,-272.1600036621094,-266.0,40.97821807861328,-368.20001220703125,-346.29998779296875,-328.3999938964844,-298.0,-266.0,-240.0,-228.30001831054688,-217.60003662109375,-202.8399658203125
2680,-272.7799987792969,21.251447677612305,11.611734390258789,25.033987522125244,-272.7799987792969,-268.0,41.168819427490234,-368.239990234375,-346.6000061035156,-328.3999938964844,-298.0,-268.0,-240.75,-228.30001831054688,-217.60003662109375,-202.8399658203125
2720,-273.82000732421875,21.05207061767578,11.648290634155273,24.65110206604004,-273.82000732421875,-270.5,40.866214752197266,-368.239990234375,-346.6000061035156,-328.3999938964844,-300.0,-270.5,-240.75,-228.30001831054688,-217.95001220703125,-209.85997009277344
2760,-274.94000244140625,20.87934112548828,11.717589378356934,24.27714490890503,-274.94000244140625,-270.5,41.351619720458984,-368.239990234375,-346.6000061035156,-332.6000061035156,-300.5,-270.5,-241.0,-228.30001831054688,-217.95001220703125,-209.85997009277344
2800,-275.44000244140625,20.697864532470703,11.759527206420898,23.90932035446167,-275.44000244140625,-270.5,41.00349044799805,-368.239990234375,-346.6000061035156,-332.6000061035156,-300.5,-270.5,-241.0,-228.30001831054688,-218.0,-212.9399871826172
2840,-276.0,20.499759674072266,11.780778884887695,23.546001434326172,-276.0,-271.5,40.850460052490234,-368.239990234375,-346.6000061035156,-332.6000061035156,-302.0,-271.5,-241.0,-228.89999389648438,-218.0,-216.91998291015625
2880,-277.0199890136719,20.303367614746094,11.8096923828125,23.16606855392456,-277.0199890136719,-273.0,40.728363037109375,-368.239990234375,-346.6000061035156,-334.3999938964844,-302.5,-273.0,-242.5,-228.89999389648438,-220.85000610351562,-217.97999572753906
2920,-278.32000732421875,20.130170822143555,11.84221076965332,22.807396411895752,-278.32000732421875,-279.0,40.83353805541992,-370.20001220703125,-352.29998779296875,-338.20001220703125,-304.0,-279.0,-243.75,-231.70001220703125,-222.90000915527344,-218.0
2960,-279.1999816894531,19.92384147644043,11.873183250427246,22.406129837036133,-279.20001220703125,-279.0,41.10231018066406,-370.20001220703125,-352.29998779296875,-338.3999938964844,-304.5,-279.0,-244.75,-232.60000610351562,-222.90000915527344,-218.0
3000,-280.3999938964844,19.750980377197266,11.902725219726562,22.03561496734619,-280.3999938964844,-280.0,40.796077728271484,-370.20001220703125,-352.29998779296875,-338.3999938964844,-304.5,-280.0,-245.0,-235.89999389648438,-224.95001220703125,-218.0
3040,-281.1600036621094,19.5621395111084,11.909366607666016,21.685370445251465,-281.1600036621094,-280.0,40.69219207763672,-370.20001220703125,-352.29998779296875,-338.3999938964844,-308.0,-280.0,-246.75,-236.89999389648438,-225.0,-219.95999145507812
3080,-281.94000244140625,19.373291015625,11.903352737426758,21.349349975585938,-281.94000244140625,-281.0,40.52994155883789,-370.20001220703125,-352.5,-338.3999938964844,-308.5,-281.0,-247.75,-236.89999389648438,-225.0,-219.95999145507812
3120,-282.82000732421875,19.19406509399414,11.925312042236328,20.98933744430542,-282.82000732421875,-283.0,40.79616928100586,-372.20001220703125,-354.3999938964844,-338.3999938964844,-310.5,-283.0,-248.0,-237.8000030517578,-225.95001220703125,-223.87997436523438
3160,-283.8599853515625,19.01542091369629,11.934621810913086,20.63890314102173,-283.8599853515625,-286.0,40.63816452026367,-372.20001220703125,-356.3999938964844,-338.3999938964844,-310.5,-286.0,-250.5,-237.8000030517578,-228.85000610351562,-223.87997436523438
3200,-284.41998291015625,18.85158920288086,11.959920883178711,20.295023918151855,-284.4200134277344,-286.0,40.13955307006836,-372.20001220703125,-356.3999938964844,-338.3999938964844,-312.0,-286.0,-250.5,-239.8000030517578,-229.80001831054688,-223.87997436523438
3240,-284.97998046875,18.656091690063477,11.962763786315918,19.908832550048828,-284.9800109863281,-286.0,40.17660903930664,-372.20001220703125,-364.20001220703125,-338.3999938964844,-312.0,-286.0,-251.0,-239.8000030517578,-229.80001831054688,-223.87997436523438
3280,-285.8599853515625,18.53371238708496,12.012168884277344,19.604090690612793,-285.8599853515625,-286.0,40.200252532958984,-372.20001220703125,-366.20001220703125,-338.3999938964844,-312.0,-286.0,-253.0,-241.0,-231.90000915527344,-223.87997436523438
3320,-286.6199951171875,18.385290145874023,12.032659530639648,19.28586483001709,-286.6199951171875,-286.0,39.91560745239258,-372.20001220703125,-366.20001220703125,-340.20001220703125,-312.0,-286.0,-253.75,-241.0,-231.90000915527344,-224.85997009277344
3360,-287.3999938964844,18.23760223388672,12.043800354003906,18.971842288970947,-287.3999938964844,-286.0,39.459346771240234,-372.20001220703125,-366.20001220703125,-340.20001220703125,-312.0,-286.0,-253.75,-241.0,-233.90000915527344,-224.91998291015625
3400,-287.739990234375,18.099838256835938,12.084320068359375,18.645041942596436,-287.739990234375,-286.0,39.62035369873047,-372.20001220703125,-368.1000061035156,-340.20001220703125,-312.5,-286.0,-253.75,-241.0,-233.90000915527344,-226.87997436523438
3440,-288.739990234375,17.923202514648438,12.083243370056152,18.300014972686768,-288.739990234375,-286.0,39.664249420166016,-372.20001220703125,-368.1000061035156,-340.20001220703125,-312.5,-286.0,-255.0,-241.0,-233.90000915527344,-226.9399871826172
3480,-289.3800048828125,17.77771759033203,12.09344482421875,17.982234477996826,-289.3800048828125,-289.0,39.533477783203125,-372.20001220703125,-368.20001220703125,-340.20001220703125,-312.5,-289.0,-256.0,-241.0,-234.95001220703125,-229.87997436523438
3520,-290.5,17.59555435180664,12.071146965026855,17.63595962524414,-290.5,-289.0,38.763771057128906,-372.20001220703125,-368.20001220703125,-340.20001220703125,-312.5,-289.0,-257.0,-242.8000030517578,-239.85000610351562,-233.91998291015625
3560,-291.05999755859375,17.446788787841797,12.052284240722656,17.337374687194824,-291.05999755859375,-290.0,39.044029235839844,-376.1199951171875,-368.20001220703125,-343.1999816894531,-312.5,-290.0,-258.75,-242.8000030517578,-239.85000610351562,-233.95999145507812
3600,-291.97998046875,17.3347225189209,12.083578109741211,17.056853771209717,-291.9800109863281,-290.0,38.501426696777344,-376.1199951171875,-370.1000061035156,-343.1999816894531,-312.5,-290.0,-260.75,-248.0,-240.0,-234.97999572753906
3640,-292.94000244140625,17.19628143310547,12.095203399658203,16.738115310668945,-292.94000244140625,-290.0,38.4343147277832,-376.1199951171875,-370.1000061035156,-343.1999816894531,-316.0,-290.0,-261.0,-248.0,-240.95001220703125,-235.97999572753906
3680,-293.2200012207031,17.069133758544922,12.11019515991211,16.418173789978027,-293.2200012207031,-290.0,38.3634147644043,-376.1199951171875,-370.1000061035156,-343.1999816894531,-316.0,-290.0,-262.0,-248.0,-240.95001220703125,-235.97999572753906
3720,-293.5400085449219,16.952552795410156,12.133718490600586,16.13515591621399,-293.5400085449219,-293.0,38.358680725097656,-376.1199951171875,-370.20001220703125,-343.1999816894531,-316.5,-293.0,-262.0,-249.8000030517578,-240.95001220703125,-235.97999572753906
3760,-293.7599792480469,16.808557510375977,12.131747245788574,15.817709922790527,-293.760009765625,-293.0,38.305381774902344,-378.0799865722656,-370.20001220703125,-343.1999816894531,-316.5,-293.0,-262.0,-249.8000030517578,-240.95001220703125,-237.9399871826172
3800,-294.2599792480469,16.691253662109375,12.140304565429688,15.5478515625,-294.260009765625,-294.0,38.065895080566406,-378.0799865722656,-370.20001220703125,-343.1999816894531,-316.5,-294.0,-262.75,-250.0,-241.0,-238.97999572753906
3840,-294.82000732421875,16.56702423095703,12.145566940307617,15.248444080352783,-294.82000732421875,-294.0,38.13459777832031,-378.0799865722656,-374.0,-343.1999816894531,-320.0,-294.0,-262.75,-250.0,-241.95001220703125,-239.95999145507812
3880,-295.2200012207031,16.422836303710938,12.151877403259277,14.917413711547852,-295.2200012207031,-295.0,38.28200149536133,-378.0799865722656,-374.0,-343.5999755859375,-320.0,-295.0,-262.75,-250.0,-241.95001220703125,-239.95999145507812
3920,-295.5199890136719,16.304481506347656,12.160612106323242,14.631475925445557,-295.5199890136719,-295.0,38.23204803466797,-378.0799865722656,-374.0,-343.5999755859375,-320.0,-295.0,-262.75,-250.0,-241.95001220703125,-240.0
3960,-296.05999755859375,16.1621150970459,12.147429466247559,14.330439567565918,-296.05999755859375,-295.0,38.23867416381836,-378.0799865722656,-374.0,-343.5999755859375,-320.0,-295.0,-262.75,-250.0,-245.85000610351562,-240.97999572753906
4000,-296.5,16.067359924316406,12.175313949584961,14.057928800582886,-296.5,-297.0,38.23807144165039,-378.0799865722656,-374.0,-343.5999755859375,-320.5,-297.0,-263.75,-250.0,-245.85000610351562,-240.97999572753906
4040,-296.82000732421875,15.949458122253418,12.182585716247559,13.758474826812744,-296.82000732421875,-299.0,38.23359298706055,-378.0799865722656,-374.0,-343.5999755859375,-320.5,-299.0,-263.75,-250.0,-245.85000610351562,-240.97999572753906
4080,-297.05999755859375,15.819206237792969,12.162076950073242,13.503854751586914,-297.05999755859375,-299.0,38.0446662902832,-378.0799865722656,-374.0,-343.5999755859375,-320.5,-299.0,-264.0,-250.0,-246.95001220703125,-244.8999786376953
4120,-297.5400085449219,15.722502708435059,12.173585891723633,13.24428391456604,-297.5400085449219,-299.0,38.12648010253906,-380.0400085449219,-374.1000061035156,-343.5999755859375,-320.5,-299.0,-264.75,-250.89999389648438,-247.90000915527344,-244.8999786376953
4160,-298.1000061035156,15.612632751464844,12.162534713745117,12.98658037185669,-298.1000061035156,-299.0,37.9830207824707,-380.0400085449219,-374.1000061035156,-343.5999755859375,-322.0,-299.0,-265.75,-251.0,-248.0,-244.8999786376953
4200,-298.3800048828125,15.545125961303711,12.193479537963867,12.74169397354126,-298.3800048828125,-300.0,37.90165710449219,-380.0400085449219,-374.1000061035156,-343.5999755859375,-322.0,-300.0,-266.0,-251.89999389648438,-249.90000915527344,-244.8999786376953
4240,-298.5400085449219,15.43406867980957,12.196182250976562,12.477041959762573,-298.5400085449219,-300.0,37.75166702270508,-380.0400085449219,-374.1000061035156,-343.5999755859375,-322.0,-300.0,-266.0,-251.89999389648438,-249.95001220703125,-244.8999786376953
4280,-298.739990234375,15.30488109588623,12.16046142578125,12.218812942504883,-298.739990234375,-300.0,37.857261657714844,-380.0400085449219,-374.1000061035156,-345.79998779296875,-322.0,-300.0,-266.0,-251.89999389648438,-249.95001220703125,-244.8999786376953
4320,-299.0,15.1889066696167,12.145622253417969,11.96371579170227,-299.0,-300.0,37.93942642211914,-380.0400085449219,-374.1000061035156,-346.5999755859375,-322.0,-300.0,-266.0,-251.89999389648438,-249.95001220703125,-244.8999786376953
4360,-299.1600036621094,15.097225189208984,12.14978313446045,11.714884757995605,-299.1600036621094,-300.0,37.89372634887695,-380.0400085449219,-374.1000061035156,-346.5999755859375,-322.5,-300.0,-266.0,-253.8000030517578,-250.0,-244.8999786376953
4400,-299.55999755859375,15.008790969848633,12.15015983581543,11.47928786277771,-299.55999755859375,-300.0,37.6527099609375,-380.0400085449219,-374.1000061035156,-346.5999755859375,-322.5,-300.0,-268.0,-255.89999389648438,-250.0,-244.8999786376953
4440,-300.0400085449219,14.909561157226562,12.135873794555664,11.235433340072632,-300.0400085449219,-300.0,37.61593246459961,-380.0400085449219,-376.1000061035156,-346.5999755859375,-324.5,-300.0,-268.0,-255.89999389648438,-250.95001220703125,-246.85997009277344
4480,-300.29998779296875,14.825602531433105,12.132736206054688,11.00400424003601,-300.29998779296875,-300.0,37.5924186706543,-380.0400085449219,-376.1000061035156,-348.3999938964844,-324.5,-300.0,-268.0,-255.89999389648438,-250.95001220703125,-247.8399658203125
4520,-300.41998291015625,14.727483749389648,12.120978355407715,10.764662742614746,-300.4200134277344,-300.0,37.60829162597656,-382.0,-376.1000061035156,-348.3999938964844,-324.5,-300.0,-268.75,-255.89999389648438,-250.95001220703125,-247.8399658203125
4560,-300.91998291015625,14.636190414428711,12.115690231323242,10.538106679916382,-300.9200134277344,-300.0,37.46936798095703,-382.0,-376.1000061035156,-348.3999938964844,-324.5,-300.0,-269.0,-257.8999938964844,-251.90000915527344,-247.8399658203125
4600,-301.0,14.553950309753418,12.105104446411133,10.297162294387817,-301.0,-300.0,37.440086364746094,-382.0,-376.1000061035156,-348.3999938964844,-324.5,-300.0,-269.0,-257.8999938964844,-251.90000915527344,-247.8399658203125
4640,-301.44000244140625,14.466575622558594,12.103256225585938,10.063792705535889,-301.44000244140625,-300.0,37.55697250366211,-382.0,-376.20001220703125,-348.3999938964844,-326.5,-300.0,-269.0,-257.8999938964844,-251.90000915527344,-247.8399658203125
4680,-301.6000061035156,14.386795043945312,12.095285415649414,9.872105598449707,-301.6000061035156,-300.0,37.43688201904297,-382.0,-376.20001220703125,-348.3999938964844,-326.5,-300.0,-269.75,-257.8999938964844,-251.90000915527344,-247.87997436523438
4720,-301.82000732421875,14.311652183532715,12.093849182128906,9.678426265716553,-301.82000732421875,-300.0,37.518096923828125,-382.0,-376.20001220703125,-348.3999938964844,-326.5,-300.0,-269.75,-257.8999938964844,-253.80001831054688,-247.87997436523438
4760,-302.0199890136719,14.187007904052734,12.04748821258545,9.428286075592041,-302.0199890136719,-301.0,37.58243942260742,-382.0,-376.20001220703125,-348.3999938964844,-326.5,-301.0,-269.75,-258.79998779296875,-253.80001831054688,-247.87997436523438
4800,-302.5199890136719,14.13598918914795,12.054915428161621,9.233797788619995,-302.5199890136719,-302.0,37.36000061035156,-382.0,-376.20001220703125,-348.3999938964844,-326.5,-302.0,-270.0,-258.79998779296875,-254.0,-247.87997436523438
4840,-302.7200012207031,14.078543663024902,12.0571928024292,9.045281648635864,-302.7200012207031,-302.0,37.38932418823242,-382.0,-376.20001220703125,-348.3999938964844,-328.0,-302.0,-270.0,-258.79998779296875,-254.0,-247.87997436523438
4880,-303.17999267578125,13.999587059020996,12.048725128173828,8.836016178131104,-303.17999267578125,-302.0,37.18074035644531,-382.0,-376.20001220703125,-348.3999938964844,-328.0,-302.0,-270.0,-259.0,-254.0,-247.87997436523438
4920,-303.3599853515625,13.955108642578125,12.071233749389648,8.63111424446106,-303.3599853515625,-302.0,36.970130920410156,-382.0,-376.20001220703125,-348.3999938964844,-328.0,-302.0,-270.0,-259.8999938964844,-256.8500061035156,-247.87997436523438
4960,-303.5,13.919563293457031,12.101832389831543,8.45729374885559,-303.5,-302.0,36.85308837890625,-382.0,-376.20001220703125,-348.3999938964844,-328.0,-302.0,-270.0,-259.8999938964844,-256.8500061035156,-247.87997436523438
5000,-303.6600036621094,13.854094505310059,12.092178344726562,8.273716449737549,-303.6600036621094,-302.0,36.7342414855957,-382.0,-376.20001220703125,-348.3999938964844,-328.0,-302.0,-270.0,-259.8999938964844,-256.8500061035156,-247.87997436523438
5040,-303.7599792480469,13.786314010620117,12.071260452270508,8.100542664527893,-303.760009765625,-302.0,36.78127670288086,-382.0,-376.20001220703125,-348.3999938964844,-328.0,-302.0,-270.0,-259.8999938964844,-256.8500061035156,-247.87997436523438
5080,-304.0199890136719,13.717168807983398,12.06768798828125,7.905981063842773,-304.0199890136719,-302.0,36.700950622558594,-382.0,-376.20001220703125,-348.3999938964844,-328.0,-302.0,-270.0,-259.8999938964844,-256.95001220703125,-247.87997436523438
5120,-304.17999267578125,13.682952880859375,12.083934783935547,7.758506655693054,-304.17999267578125,-302.0,36.623592376708984,-382.0,-376.20001220703125,-348.3999938964844,-328.0,-302.0,-270.0,-261.8999938964844,-256.95001220703125,-247.91998291015625
5160,-304.47998046875,13.63209342956543,12.081515312194824,7.597409129142761,-304.4800109863281,-302.0,36.56732940673828,-382.0,-376.20001220703125,-348.3999938964844,-328.0,-302.0,-270.0,-261.8999938964844,-257.9000244140625,-249.95999145507812
5200,-304.6999816894531,13.576102256774902,12.066949844360352,7.443211793899536,-304.70001220703125,-302.0,36.62662887573242,-382.0,-376.20001220703125,-348.5999755859375,-328.5,-302.0,-270.0,-261.8999938964844,-257.9000244140625,-249.95999145507812
5240,-305.0799865722656,13.525298118591309,12.060770988464355,7.28605854511261,-305.0799865722656,-302.0,36.55890655517578,-382.0,-378.1000061035156,-348.5999755859375,-328.5,-302.0,-272.0,-263.70001220703125,-257.9000244140625,-249.95999145507812
5280,-305.2200012207031,13.50638484954834,12.083086967468262,7.144290208816528,-305.2200012207031,-302.0,36.520565032958984,-382.0,-378.1000061035156,-348.5999755859375,-328.5,-302.0,-272.0,-263.70001220703125,-258.8500061035156,-250.0
5320,-305.3599853515625,13.436134338378906,12.068326950073242,6.967000484466553,-305.3599853515625,-302.0,36.503021240234375,-382.0,-378.1000061035156,-348.5999755859375,-328.5,-302.0,-272.0,-263.70001220703125,-258.8500061035156,-250.0
5360,-305.6000061035156,13.35498046875,12.032923698425293,6.786642789840698,-305.6000061035156,-302.0,36.42142105102539,-382.0,-378.1000061035156,-348.5999755859375,-328.5,-302.0,-272.0,-263.8999938964844,-258.95001220703125,-250.0
5400,-305.739990234375,13.332281112670898,12.055978775024414,6.630525708198547,-305.739990234375,-302.0,36.37873458862305,-382.0,-378.1000061035156,-348.5999755859375,-328.5,-302.0,-272.0,-263.8999938964844,-260.8500061035156,-251.95999145507812
5440,-305.97998046875,13.301557540893555,12.057472229003906,6.497423887252808,-305.9800109863281,-302.0,36.474098205566406,-382.0,-378.1000061035156,-350.3999938964844,-328.5,-302.0,-272.0,-263.8999938964844,-260.8500061035156,-251.95999145507812
5480,-306.1399841308594,13.23204231262207,12.03309440612793,6.329355955123901,-306.1400146484375,-302.0,36.54942321777344,-382.0,-378.1000061035156,-350.3999938964844,-330.0,-302.0,-272.0,-263.8999938964844,-260.8500061035156,-251.95999145507812
5520,-306.2599792480469,13.209789276123047,12.044218063354492,6.192850708961487,-306.260009765625,-303.0,36.52522659301758,-382.0,-378.1000061035156,-350.3999938964844,-330.0,-303.0,-272.0,-263.8999938964844,-260.8500061035156,-252.0
5560,-306.3800048828125,13.181890487670898,12.0468168258667,6.084876179695129,-306.3800048828125,-303.0,36.490211486816406,-382.0,-378.1000061035156,-350.3999938964844,-330.0,-303.0,-272.0,-263.8999938964844,-260.8500061035156,-253.95999145507812
5600,-306.5199890136719,13.178224563598633,12.059280395507812,5.966927409172058,-306.5199890136719,-303.0,36.47478103637695,-382.0,-378.1000061035156,-350.3999938964844,-330.0,-303.0,-272.0,-263.8999938964844,-260.8500061035156,-253.95999145507812
5640,-306.739990234375,13.127886772155762,12.053186416625977,5.835402965545654,-306.739990234375,-305.0,36.50332260131836,-382.0,-378.1000061035156,-350.3999938964844,-330.0,-305.0,-272.0,-263.8999938964844,-260.8500061035156,-253.95999145507812
5680,-306.739990234375,13.09912395477295,12.058353424072266,5.684428334236145,-306.739990234375,-305.0,36.50332260131836,-382.0,-378.1000061035156,-350.3999938964844,-330.0,-305.0,-272.0,-263.8999938964844,-260.8500061035156,-253.95999145507812
5720,-306.8800048828125,13.082503318786621,12.070734977722168,5.553854584693909,-306.8800048828125,-305.0,36.445377349853516,-382.0,-378.1000061035156,-350.3999938964844,-330.0,-305.0,-272.0,-264.8999938964844,-260.8500061035156,-254.0
5760,-307.05999755859375,13.058004379272461,12.077934265136719,5.435993313789368,-307.05999755859375,-307.0,36.497074127197266,-382.0,-378.1000061035156,-350.3999938964844,-330.0,-307.0,-272.0,-264.8999938964844,-260.8500061035156,-254.0
5800,-307.239990234375,12.997753143310547,12.039487838745117,5.322590708732605,-307.239990234375,-308.0,36.547813415527344,-382.0,-378.1000061035156,-350.3999938964844,-330.5,-308.0,-272.0,-264.8999938964844,-260.8500061035156,-254.0
5840,-307.2799987792969,12.966239929199219,12.041051864624023,5.220211863517761,-307.2799987792969,-308.0,36.55792236328125,-382.0,-378.1000061035156,-352.1999816894531,-330.5,-308.0,-272.0,-264.8999938964844,-260.8500061035156,-254.0
5880,-307.29998779296875,12.937320709228516,12.0367431640625,5.118305444717407,-307.29998779296875,-308.0,36.55995178222656,-382.0,-378.1000061035156,-352.1999816894531,-330.5,-308.0,-272.0,-264.8999938964844,-260.8500061035156,-254.0
5920,-307.3599853515625,12.888044357299805,12.010551452636719,5.005327582359314,-307.3599853515625,-308.0,36.50904846191406,-382.0,-378.1000061035156,-352.1999816894531,-330.5,-308.0,-272.0,-264.8999938964844,-260.95001220703125,-254.0
5960,-307.47998046875,12.84466552734375,11.993303298950195,4.894876003265381,-307.4800109863281,-308.0,36.34404373168945,-382.0,-378.1000061035156,-352.1999816894531,-330.5,-308.0,-272.0,-265.8999938964844,-261.0,-257.91998291015625
6000,-307.53997802734375,12.810370445251465,11.982504844665527,4.787551641464233,-307.5400085449219,-309.0,36.35255813598633,-382.0,-378.1000061035156,-352.1999816894531,-330.5,-309.0,-272.0,-265.8999938964844,-261.0,-257.91998291015625
6040,-307.53997802734375,12.760723114013672,11.956199645996094,4.68826162815094,-307.5400085449219,-309.0,36.35255813598633,-382.0,-378.1000061035156,-352.1999816894531,-330.5,-309.0,-272.0,-265.8999938964844,-261.0,-257.91998291015625
6080,-307.6600036621094,12.761588096618652,11.986418724060059,4.579879403114319,-307.6600036621094,-309.0,36.299922943115234,-382.0,-378.1000061035156,-352.1999816894531,-330.5,-309.0,-272.0,-265.8999938964844,-261.0,-257.91998291015625
6120,-307.79998779296875,12.7291259765625,11.974458694458008,4.469129681587219,-307.79998779296875,-309.0,36.34446334838867,-382.0,-378.1000061035156,-352.1999816894531,-330.5,-309.0,-272.0,-265.8999938964844,-261.0,-257.91998291015625
6160,-307.8599853515625,12.682146072387695,11.952869415283203,4.359631299972534,-307.8599853515625,-309.0,36.32382583618164,-382.0,-378.1000061035156,-352.1999816894531,-330.5,-309.0,-272.0,-265.8999938964844,-261.0,-257.91998291015625
6200,-307.8800048828125,12.664449691772461,11.9644193649292,4.243598461151123,-307.8800048828125,-309.0,36.3062744140625,-382.0,-378.1000061035156,-352.1999816894531,-330.5,-309.0,-272.0,-265.8999938964844,-261.0,-257.91998291015625
6240,-307.91998291015625,12.643786430358887,11.957986831665039,4.172564506530762,-307.9200134277344,-309.0,36.384525299072266,-382.0,-378.1000061035156,-352.1999816894531,-330.5,-309.0,-272.0,-265.8999938964844,-261.0,-257.91998291015625
6280,-308.0199890136719,12.606136322021484,11.942005157470703,4.069859504699707,-308.0199890136719,-309.0,36.401092529296875,-382.0,-378.1000061035156,-354.0,-330.5,-309.0,-272.0,-265.8999938964844,-261.0,-257.91998291015625
6320,-308.0799865722656,12.574455261230469,11.924924850463867,3.9929600954055786,-308.0799865722656,-309.0,36.44110107421875,-382.0,-378.1000061035156,-354.0,-330.5,-309.0,-272.0,-265.8999938964844,-261.0,-257.91998291015625
6360,-308.29998779296875,12.545580863952637,11.909464836120605,3.9248160123825073,-308.29998779296875,-310.0,36.521636962890625,-382.0,-380.1000061035156,-354.0,-330.5,-310.0,-272.0,-265.8999938964844,-261.0,-258.0
6400,-308.29998779296875,12.535531997680664,11.918540954589844,3.846613109111786,-308.29998779296875,-310.0,36.521636962890625,-382.0,-380.1000061035156,-354.0,-330.5,-310.0,-272.0,-265.8999938964844,-261.0,-258.0
6440,-308.32000732421875,12.513777732849121,11.90885066986084,3.7905935645103455,-308.32000732421875,-310.0,36.49900817871094,-382.0,-380.1000061035156,-354.0,-330.5,-310.0,-272.0,-265.8999938964844,-261.0,-258.0
6480,-308.3399963378906,12.477278709411621,11.893472671508789,3.696819245815277,-308.3399963378906,-310.0,36.51252365112305,-382.0,-380.1000061035156,-354.0,-331.0,-310.0,-272.0,-265.8999938964844,-261.0,-258.0
6520,-308.44000244140625,12.438570976257324,11.870417594909668,3.6131646037101746,-308.44000244140625,-310.0,36.38085174560547,-382.0,-380.1000061035156,-354.0,-331.0,-310.0,-272.0,-265.8999938964844,-261.0,-258.0
6560,-308.4599914550781,12.422338485717773,11.865777969360352,3.5618950724601746,-308.4599914550781,-310.0,36.36410903930664,-382.0,-380.1000061035156,-354.0,-331.0,-310.0,-272.0,-265.8999938964844,-261.0,-258.0
6600,-308.47998046875,12.395401000976562,11.848182678222656,3.5038703083992004,-308.4800109863281,-310.0,36.38859176635742,-382.0,-380.1000061035156,-355.79998779296875,-331.0,-310.0,-272.0,-265.8999938964844,-261.0,-258.0
6640,-308.55999755859375,12.405962944030762,11.866800308227539,3.445339620113373,-308.55999755859375,-310.0,36.435237884521484,-382.0400085449219,-380.1000061035156,-355.79998779296875,-331.0,-310.0,-272.0,-265.8999938964844,-261.0,-258.0
6680,-308.6399841308594,12.380428314208984,11.862688064575195,3.361212372779846,-308.6400146484375,-310.0,36.385032653808594,-382.0400085449219,-380.1000061035156,-355.79998779296875,-331.0,-310.0,-272.0,-266.0,-261.0,-258.0
6720,-308.67999267578125,12.345744132995605,11.843391418457031,3.29086971282959,-308.67999267578125,-310.0,36.43264389038086,-382.0400085449219,-380.1000061035156,-355.79998779296875,-331.0,-310.0,-272.0,-266.0,-261.0,-258.0
6760,-308.7200012207031,12.326265335083008,11.83335018157959,3.2310242652893066,-308.7200012207031,-310.0,36.43846130371094,-382.0400085449219,-380.1000061035156,-355.79998779296875,-331.0,-310.0,-272.0,-266.0,-261.0,-258.0
6800,-308.7799987792969,12.338915824890137,11.85342025756836,3.1915125250816345,-308.7799987792969,-310.0,36.4652099609375,-382.0400085449219,-380.1000061035156,-355.79998779296875,-331.0,-310.0,-272.0,-266.0,-261.0,-258.0
6840,-308.7799987792969,12.309906005859375,11.840259552001953,3.1185742616653442,-308.7799987792969,-310.0,36.4652099609375,-382.0400085449219,-380.1000061035156,-355.79998779296875,-331.0,-310.0,-272.0,-266.0,-261.0,-258.0
6880,-308.7799987792969,12.288732528686523,11.826414108276367,3.057759642601013,-308.7799987792969,-310.0,36.4652099609375,-382.0400085449219,-380.1000061035156,-355.79998779296875,-331.0,-310.0,-272.0,-266.0,-261.0,-258.0
6920,-308.79998779296875,12.275533676147461,11.822105407714844,3.0140684843063354,-308.79998779296875,-310.0,36.440086364746094,-382.0400085449219,-380.1000061035156,-355.79998779296875,-331.0,-310.0,-272.0,-266.0,-261.0,-258.0
6960,-308.91998291015625,12.269001007080078,11.826563835144043,2.953199565410614,-308.9200134277344,-310.0,36.358680725097656,-382.0400085449219,-380.1000061035156,-355.79998779296875,-331.0,-310.0,-272.0,-266.8999938964844,-263.8500061035156,-258.0
7000,-309.0199890136719,12.247549057006836,11.817708969116211,2.8921876549720764,-309.0199890136719,-310.0,36.409881591796875,-382.0400085449219,-380.1000061035156,-355.79998779296875,-332.5,-310.0,-272.0,-266.8999938964844,-263.8500061035156,-258.0
7040,-309.0199890136719,12.247081756591797,11.824458122253418,2.8320578932762146,-309.0199890136719,-310.0,36.409881591796875,-382.0400085449219,-380.1000061035156,-355.79998779296875,-332.5,-310.0,-272.0,-266.8999938964844,-263.8500061035156,-258.0
7080,-309.03997802734375,12.227394104003906,11.819865226745605,2.7655898332595825,-309.0400085449219,-310.0,36.3950309753418,-382.0400085449219,-380.1000061035156,-355.79998779296875,-332.5,-310.0,-272.0,-266.8999938964844,-263.8500061035156,-258.0
7120,-309.1199951171875,12.193977355957031,11.800542831420898,2.687631845474243,-309.1199951171875,-310.0,36.39815139770508,-382.0799865722656,-380.1000061035156,-355.79998779296875,-332.5,-310.0,-272.0,-266.8999938964844,-263.8500061035156,-258.0
7160,-309.1199951171875,12.18042278289795,11.793031692504883,2.644724667072296,-309.1199951171875,-310.0,36.39815139770508,-382.0799865722656,-380.1000061035156,-355.79998779296875,-332.5,-310.0,-272.0,-266.8999938964844,-263.8500061035156,-258.0
7200,-309.1199951171875,12.176576614379883,11.798866271972656,2.600676119327545,-309.1199951171875,-310.0,36.39815139770508,-382.0799865722656,-380.1000061035156,-355.79998779296875,-332.5,-310.0,-272.0,-266.8999938964844,-263.8500061035156,-258.0
7240,-309.1999816894531,12.145804405212402,11.77798080444336,2.561537027359009,-309.20001220703125,-310.0,36.50972366333008,-382.0799865722656,-380.1000061035156,-355.79998779296875,-332.5,-310.0,-272.0,-266.8999938964844,-263.8500061035156,-258.0
7280,-309.32000732421875,12.156776428222656,11.802288055419922,2.513930082321167,-309.32000732421875,-311.0,36.64665985107422,-382.0799865722656,-380.1000061035156,-355.79998779296875,-332.5,-311.0,-272.0,-266.8999938964844,-263.8500061035156,-258.0
7320,-309.3399963378906,12.136858940124512,11.792871475219727,2.4590830206871033,-309.3399963378906,-311.0,36.65957260131836,-382.0799865722656,-380.1000061035156,-355.79998779296875,-334.0,-311.0,-272.0,-266.8999938964844,-263.8500061035156,-258.0
7360,-309.4599914550781,12.119827270507812,11.781923294067383,2.4195300340652466,-309.4599914550781,-311.0,36.84492492675781,-386.0400085449219,-382.0,-355.79998779296875,-334.0,-311.0,-272.0,-266.8999938964844,-263.8500061035156,-258.0
7400,-309.5199890136719,12.138548851013184,11.812934875488281,2.363371968269348,-309.5199890136719,-311.0,36.862037658691406,-386.0400085449219,-382.0,-355.79998779296875,-334.0,-311.0,-272.0,-267.79998779296875,-263.8500061035156,-258.0
7440,-309.53997802734375,12.120863914489746,11.809783935546875,2.293211340904236,-309.5400085449219,-311.0,36.838951110839844,-386.0400085449219,-382.0,-355.79998779296875,-334.0,-311.0,-272.0,-268.0,-263.8500061035156,-258.0
7480,-309.55999755859375,12.134390830993652,11.826730728149414,2.273457407951355,-309.55999755859375,-311.0,36.84625244140625,-386.0400085449219,-382.0,-355.79998779296875,-334.0,-311.0,-272.0,-268.0,-263.8500061035156,-258.0
7520,-309.5799865722656,12.116096496582031,11.810371398925781,2.2523642778396606,-309.5799865722656,-311.0,36.855712890625,-386.0400085449219,-382.0,-355.79998779296875,-334.0,-311.0,-272.0,-268.0,-263.8500061035156,-258.0
7560,-309.6199951171875,12.128320693969727,11.829200744628906,2.2198978066444397,-309.6199951171875,-311.0,36.87025451660156,-386.0400085449219,-382.0,-355.79998779296875,-334.0,-311.0,-272.0,-268.0,-263.8500061035156,-258.0
7600,-309.6399841308594,12.088744163513184,11.796998977661133,2.186315178871155,-309.6400146484375,-311.0,36.84820556640625,-386.0400085449219,-382.0,-355.79998779296875,-334.0,-311.0,-272.0,-268.8999938964844,-263.8500061035156,-258.0
7640,-309.6999816894531,12.053075790405273,11.763189315795898,2.1528367400169373,-309.70001220703125,-311.0,36.796058654785156,-386.0400085449219,-382.0,-355.79998779296875,-334.0,-311.0,-272.0,-268.8999938964844,-263.9000244140625,-258.0
7680,-309.6999816894531,12.059234619140625,11.782373428344727,2.1119672060012817,-309.70001220703125,-311.0,36.796058654785156,-386.0400085449219,-382.0,-355.79998779296875,-334.0,-311.0,-272.0,-268.8999938964844,-263.9000244140625,-258.0
7720,-309.7200012207031,12.031049728393555,11.757476806640625,2.0743549466133118,-309.7200012207031,-311.0,36.770660400390625,-386.0400085449219,-382.0,-355.79998779296875,-334.0,-311.0,-272.0,-268.8999938964844,-264.0,-258.0
7760,-309.7599792480469,12.02875804901123,11.767162322998047,2.013876110315323,-309.760009765625,-311.0,36.775840759277344,-386.0400085449219,-382.0,-355.79998779296875,-334.0,-311.0,-272.0,-268.8999938964844,-264.0,-258.0
7800,-309.7599792480469,12.051376342773438,11.796786308288574,1.9834322035312653,-309.760009765625,-311.0,36.775840759277344,-386.0400085449219,-382.0,-355.79998779296875,-334.0,-311.0,-272.0,-268.8999938964844,-264.0,-258.0
7840,-309.7599792480469,12.04468059539795,11.796465873718262,1.957179218530655,-309.760009765625,-311.0,36.775840759277344,-386.0400085449219,-382.0,-355.79998779296875,-334.0,-311.0,-272.0,-268.8999938964844,-264.0,-258.0
7880,-309.7599792480469,12.045257568359375,11.796442985534668,1.9348056614398956,-309.760009765625,-311.0,36.775840759277344,-386.0400085449219,-382.0,-355.79998779296875,-334.0,-311.0,-272.0,-268.8999938964844,-264.0,-258.0
7920,-309.7799987792969,12.063560485839844,11.816718101501465,1.8937776684761047,-309.7799987792969,-311.0,36.763999938964844,-386.0400085449219,-382.0,-355.79998779296875,-334.0,-311.0,-272.0,-268.8999938964844,-264.0,-258.0
7960,-309.8399963378906,12.045312881469727,11.805986404418945,1.8586027920246124,-309.8399963378906,-311.0,36.75886535644531,-386.0400085449219,-382.0,-355.79998779296875,-334.0,-311.0,-272.0,-268.8999938964844,-264.0,-258.0
8000,-309.8399963378906,12.020965576171875,11.793158531188965,1.8156689405441284,-309.8399963378906,-311.0,36.75886535644531,-386.0400085449219,-382.0,-355.79998779296875,-334.0,-311.0,-272.0,-268.8999938964844,-264.0,-258.0
8040,-309.91998291015625,12.015715599060059,11.78857421875,1.7985933721065521,-309.9200134277344,-311.0,36.70522689819336,-386.0400085449219,-382.0,-355.79998779296875,-334.0,-311.0,-272.75,-268.8999938964844,-264.0,-260.94000244140625
8080,-309.9599914550781,12.006311416625977,11.785906791687012,1.762906402349472,-309.9599914550781,-312.0,36.70747375488281,-386.0400085449219,-382.0,-355.79998779296875,-334.0,-312.0,-272.75,-268.8999938964844,-264.0,-260.94000244140625
8120,-310.0799865722656,12.013214111328125,11.796943664550781,1.7318916022777557,-310.0799865722656,-312.0,36.73463821411133,-386.0400085449219,-382.0,-355.79998779296875,-334.0,-312.0,-272.75,-268.8999938964844,-264.0,-260.94000244140625
8160,-310.1000061035156,11.9696683883667,11.76352596282959,1.6773681342601776,-310.1000061035156,-312.0,36.74275588989258,-386.0400085449219,-382.0,-355.79998779296875,-334.0,-312.0,-272.75,-268.8999938964844,-264.0,-260.94000244140625
8200,-310.1000061035156,11.951284408569336,11.749177932739258,1.634028136730194,-310.1000061035156,-312.0,36.74275588989258,-386.0400085449219,-382.0,-355.79998779296875,-334.0,-312.0,-272.75,-268.8999938964844,-264.0,-260.94000244140625
8240,-310.1199951171875,11.949538230895996,11.753950119018555,1.6117832362651825,-310.1199951171875,-312.0,36.72091293334961,-386.0400085449219,-382.0,-355.79998779296875,-334.0,-312.0,-272.75,-268.8999938964844,-264.0,-260.94000244140625
8280,-310.1399841308594,11.939398765563965,11.751860618591309,1.5732301771640778,-310.1400146484375,-312.0,36.76384735107422,-386.0799865722656,-382.0,-355.79998779296875,-334.0,-312.0,-272.75,-268.8999938964844,-264.0,-260.94000244140625
8320,-310.1399841308594,11.979171752929688,11.792236328125,1.5541957318782806,-310.1400146484375,-312.0,36.76384735107422,-386.0799865722656,-382.0,-355.79998779296875,-334.0,-312.0,-272.75,-268.8999938964844,-264.0,-260.94000244140625
8360,-310.1399841308594,11.97018814086914,11.787665367126465,1.5340465009212494,-310.1400146484375,-312.0,36.76384735107422,-386.0799865722656,-382.0,-355.79998779296875,-334.0,-312.0,-272.75,-268.8999938964844,-264.0,-260.94000244140625
8400,-310.1600036621094,11.944663047790527,11.771331787109375,1.4893237352371216,-310.1600036621094,-312.0,36.73927688598633,-386.0799865722656,-382.0,-355.79998779296875,-334.0,-312.0,-272.75,-268.8999938964844,-264.0,-260.94000244140625
8440,-310.17999267578125,11.918354034423828,11.749743461608887,1.4637849032878876,-310.17999267578125,-312.0,36.7495231628418,-386.0799865722656,-382.0,-355.79998779296875,-334.0,-312.0,-272.75,-268.8999938964844,-264.0,-260.94000244140625
8480,-310.17999267578125,11.899551391601562,11.732623100280762,1.4344881474971771,-310.17999267578125,-312.0,36.7495231628418,-386.0799865722656,-382.0,-355.79998779296875,-334.0,-312.0,-272.75,-268.8999938964844,-264.0,-260.94000244140625
8520,-310.1999816894531,11.886114120483398,11.72494888305664,1.3908479511737823,-310.20001220703125,-312.0,36.763023376464844,-386.0799865722656,-382.0,-355.79998779296875,-334.0,-312.0,-272.75,-268.8999938964844,-264.0,-260.94000244140625
8560,-310.2200012207031,11.882654190063477,11.724750518798828,1.3770627975463867,-310.2200012207031,-312.0,36.76128005981445,-386.0799865722656,-382.0,-355.79998779296875,-334.0,-312.0,-272.75,-268.8999938964844,-264.0,-260.94000244140625
8600,-310.2799987792969,11.904298782348633,11.748388290405273,1.3593328297138214,-310.2799987792969,-312.0,36.73964309692383,-386.0799865722656,-382.0,-355.79998779296875,-334.0,-312.0,-272.75,-268.8999938964844,-264.0,-260.94000244140625
8640,-310.2799987792969,11.907247543334961,11.751727104187012,1.3394778668880463,-310.2799987792969,-312.0,36.73964309692383,-386.0799865722656,-382.0,-355.79998779296875,-334.0,-312.0,-272.75,-268.8999938964844,-264.0,-260.94000244140625
8680,-310.32000732421875,11.906652450561523,11.756098747253418,1.3158760070800781,-310.32000732421875,-312.0,36.726253509521484,-386.0799865722656,-382.0,-355.79998779296875,-334.0,-312.0,-273.75,-268.8999938964844,-264.0,-260.94000244140625
8720,-310.3399963378906,11.911768913269043,11.76252269744873,1.2879683077335358,-310.3399963378906,-312.0,36.711910247802734,-386.0799865722656,-382.0,-355.79998779296875,-334.0,-312.0,-273.75,-268.8999938964844,-264.0,-260.94000244140625
8760,-310.3399963378906,11.928016662597656,11.786100387573242,1.2648068070411682,-310.3399963378906,-312.0,36.711910247802734,-386.0799865722656,-382.0,-355.79998779296875,-334.0,-312.0,-273.75,-268.8999938964844,-264.0,-260.94000244140625
8800,-310.3399963378906,11.960470199584961,11.816778182983398,1.250655174255371,-310.3399963378906,-312.0,36.711910247802734,-386.0799865722656,-382.0,-355.79998779296875,-334.0,-312.0,-273.75,-268.8999938964844,-264.0,-260.94000244140625
8840,-310.3800048828125,11.958902359008789,11.82038402557373,1.229868084192276,-310.3800048828125,-312.0,36.703346252441406,-386.0799865722656,-382.0,-355.79998779296875,-334.0,-312.0,-274.0,-268.8999938964844,-264.0,-260.94000244140625
8880,-310.3800048828125,11.963682174682617,11.829715728759766,1.2040777504444122,-310.3800048828125,-312.0,36.703346252441406,-386.0799865722656,-382.0,-355.79998779296875,-334.0,-312.0,-274.0,-268.8999938964844,-264.0,-260.94000244140625
8920,-310.3800048828125,11.948417663574219,11.819683074951172,1.1560291349887848,-310.3800048828125,-312.0,36.703346252441406,-386.0799865722656,-382.0,-355.79998779296875,-334.0,-312.0,-274.0,-268.8999938964844,-264.0,-260.94000244140625
8960,-310.41998291015625,11.954238891601562,11.827075004577637,1.1328204870224,-310.4200134277344,-312.0,36.703453063964844,-386.0799865722656,-382.0,-355.79998779296875,-334.0,-312.0,-274.0,-268.8999938964844,-264.0,-260.94000244140625
9000,-310.44000244140625,11.960082054138184,11.834235191345215,1.1026346683502197,-310.44000244140625,-312.0,36.72773361206055,-386.0799865722656,-382.0,-357.5999755859375,-334.0,-312.0,-274.0,-268.8999938964844,-264.0,-260.94000244140625
9040,-310.44000244140625,12.002470016479492,11.876453399658203,1.0792844593524933,-310.44000244140625,-312.0,36.72773361206055,-386.0799865722656,-382.0,-357.5999755859375,-334.0,-312.0,-274.0,-268.8999938964844,-264.0,-260.94000244140625
9080,-310.44000244140625,11.98956298828125,11.865809440612793,1.0640175342559814,-310.44000244140625,-312.0,36.72773361206055,-386.0799865722656,-382.0,-357.5999755859375,-334.0,-312.0,-274.0,-268.8999938964844,-264.0,-260.94000244140625
9120,-310.4599914550781,11.972530364990234,11.857965469360352,1.0179136395454407,-310.4599914550781,-312.0,36.74654006958008,-386.0799865722656,-382.0,-357.5999755859375,-334.0,-312.0,-274.0,-268.8999938964844,-264.0,-260.94000244140625
9160,-310.5199890136719,11.974100112915039,11.862235069274902,0.9944874495267868,-310.5199890136719,-312.0,36.7217903137207,-386.0799865722656,-382.0,-357.5999755859375,-334.0,-312.0,-274.75,-268.8999938964844,-264.0,-260.94000244140625
9200,-310.53997802734375,11.972506523132324,11.86836051940918,0.9627436697483063,-310.5400085449219,-312.0,36.70842361450195,-386.0799865722656,-382.0,-357.5999755859375,-334.0,-312.0,-274.75,-268.8999938964844,-264.0,-260.94000244140625
9240,-310.53997802734375,11.945878982543945,11.848821640014648,0.9318685829639435,-310.5400085449219,-312.0,36.70842361450195,-386.0799865722656,-382.0,-357.5999755859375,-334.0,-312.0,-274.75,-268.8999938964844,-264.0,-260.94000244140625
9280,-310.53997802734375,11.951342582702637,11.853239059448242,0.9125779122114182,-310.5400085449219,-312.0,36.70842361450195,-386.0799865722656,-382.0,-357.5999755859375,-334.0,-312.0,-274.75,-268.8999938964844,-264.0,-260.94000244140625
9320,-310.53997802734375,11.93895149230957,11.845233917236328,0.9024879038333893,-310.5400085449219,-312.0,36.70842361450195,-386.0799865722656,-382.0,-357.5999755859375,-334.0,-312.0,-274.75,-268.8999938964844,-264.0,-260.94000244140625
9360,-310.55999755859375,11.933786392211914,11.843417167663574,0.8698780238628387,-310.55999755859375,-312.0,36.72064971923828,-386.0799865722656,-382.0,-357.5999755859375,-334.0,-312.0,-274.75,-268.8999938964844,-264.0,-260.94000244140625
9400,-310.5799865722656,11.947393417358398,11.862750053405762,0.8186550885438919,-310.5799865722656,-312.0,36.70182418823242,-386.0799865722656,-382.0,-357.5999755859375,-334.0,-312.0,-274.75,-268.8999938964844,-264.0,-260.94000244140625
9440,-310.5799865722656,11.96408748626709,11.87833309173584,0.8153920024633408,-310.5799865722656,-312.0,36.70182418823242,-386.0799865722656,-382.0,-357.5999755859375,-334.0,-312.0,-274.75,-268.8999938964844,-264.0,-260.94000244140625
9480,-310.5799865722656,11.957612991333008,11.874480247497559,0.7985852807760239,-310.5799865722656,-312.0,36.70182418823242,-386.0799865722656,-382.0,-357.5999755859375,-334.0,-312.0,-274.75,-268.8999938964844,-264.0,-260.94000244140625
9520,-310.5799865722656,11.930991172790527,11.850959777832031,0.7869185507297516,-310.5799865722656,-312.0,36.70182418823242,-386.0799865722656,-382.0,-357.5999755859375,-334.0,-312.0,-274.75,-268.8999938964844,-264.0,-260.94000244140625
9560,-310.5799865722656,11.942930221557617,11.862879753112793,0.7997498363256454,-310.5799865722656,-312.0,36.70182418823242,-386.0799865722656,-382.0,-357.5999755859375,-334.0,-312.0,-274.75,-268.8999938964844,-264.0,-260.94000244140625
9600,-310.5799865722656,11.962564468383789,11.881067276000977,0.7824196070432663,-310.5799865722656,-312.0,36.70182418823242,-386.0799865722656,-382.0,-357.5999755859375,-334.0,-312.0,-274.75,-268.8999938964844,-264.0,-260.94000244140625
9640,-310.5799865722656,11.95513916015625,11.873994827270508,0.7623386383056641,-310.5799865722656,-312.0,36.70182418823242,-386.0799865722656,-382.0,-357.5999755859375,-334.0,-312.0,-274.75,-268.8999938964844,-264.0,-260.94000244140625
9680,-310.5799865722656,11.957963943481445,11.874320983886719,0.7278019338846207,-310.5799865722656,-312.0,36.70182418823242,-386.0799865722656,-382.0,-357.5999755859375,-334.0,-312.0,-274.75,-268.8999938964844,-264.0,-260.94000244140625
9720,-310.5799865722656,11.949296951293945,11.871459007263184,0.7060653269290924,-310.5799865722656,-312.0,36.70182418823242,-386.0799865722656,-382.0,-357.5999755859375,-334.0,-312.0,-274.75,-268.8999938964844,-264.0,-260.94000244140625
9760,-310.6000061035156,11.94066047668457,11.871238708496094,0.6666975170373917,-310.6000061035156,-312.0,36.70967102050781,-386.0799865722656,-382.0,-357.5999755859375,-334.0,-312.0,-274.75,-268.8999938964844,-264.0,-260.94000244140625
9800,-310.67999267578125,11.8983793258667,11.835227966308594,0.6393902897834778,-310.67999267578125,-312.0,36.75183868408203,-386.0799865722656,-382.0,-357.5999755859375,-334.0,-312.0,-274.75,-268.8999938964844,-264.0,-260.94000244140625
9840,-310.67999267578125,11.92334270477295,11.858270645141602,0.6387363076210022,-310.67999267578125,-312.0,36.75183868408203,-386.0799865722656,-382.0,-357.5999755859375,-334.0,-312.0,-274.75,-268.8999938964844,-264.0,-260.94000244140625
9880,-310.67999267578125,11.931830406188965,11.862934112548828,0.6627345383167267,-310.67999267578125,-312.0,36.75183868408203,-386.0799865722656,-382.0,-357.5999755859375,-334.0,-312.0,-274.75,-268.8999938964844,-264.0,-260.94000244140625
9920,-310.67999267578125,11.927406311035156,11.871091842651367,0.6099035739898682,-310.67999267578125,-312.0,36.75183868408203,-386.0799865722656,-382.0,-357.5999755859375,-334.0,-312.0,-274.75,-268.8999938964844,-264.0,-260.94000244140625
9960,-310.6999816894531,11.981719017028809,11.930631637573242,0.5886174589395523,-310.70001220703125,-312.0,36.75962448120117,-386.0799865722656,-382.0,-357.5999755859375,-334.0,-312.0,-274.75,-268.8999938964844,-264.0,-260.94000244140625
10000,-310.6999816894531,12.095390319824219,12.041646957397461,0.6171532422304153,-310.70001220703125,-312.0,36.75962448120117,-386.0799865722656,-382.0,-357.5999755859375,-334.0,-312.0,-274.75,-268.8999938964844,-264.0,-260.94000244140625
