step,best_fitness,avg_hamming,avg_l1,avg_entropy,mean,median,std,2%,5%,10%,25%,50%,75%,90%,95%,98%
40,-61.87999725341797,31.949844360351562,2.4735960960388184,44.15817451477051,-61.880001068115234,-61.0,13.98519229888916,-94.0199966430664,-85.30000305175781,-82.0,-69.25,-61.0,-51.75,-45.900001525878906,-41.95000076293945,-39.939998626708984
80,-72.37999725341797,31.910842895507812,2.899031400680542,44.06208419799805,-72.37999725341797,-71.0,12.700221061706543,-97.0,-94.05000305175781,-91.0,-82.0,-71.0,-62.75,-56.900001525878906,-52.0,-49.939998626708984
120,-75.41999816894531,31.872608184814453,3.2306623458862305,43.97053623199463,-75.41999816894531,-75.0,12.202606201171875,-97.04000091552734,-95.0,-93.0,-83.25,-75.0,-67.0,-60.0,-56.95000076293945,-54.0
160,-78.5199966430664,31.837936401367188,3.4964940547943115,43.888668060302734,-78.5199966430664,-77.0,12.151115417480469,-101.22000122070312,-97.0,-94.0,-87.0,-77.0,-70.0,-63.900001525878906,-60.95000076293945,-56.939998626708984
200,-81.08000183105469,31.80365562438965,3.7372565269470215,43.80904674530029,-81.08000183105469,-78.5,11.306351661682129,-110.04000091552734,-99.0,-95.0,-87.5,-78.5,-73.75,-68.0,-65.0,-63.0
240,-82.81999969482422,31.77252769470215,3.9449708461761475,43.73618507385254,-82.81999969482422,-82.0,11.214614868164062,-110.04000091552734,-99.0999984741211,-95.0,-91.0,-82.0,-75.0,-69.9000015258789,-66.94999694824219,-63.0
280,-83.6199951171875,31.74001121520996,4.150304794311523,43.660401344299316,-83.62000274658203,-83.0,11.123650550842285,-110.04000091552734,-99.0999984741211,-95.0,-91.5,-83.0,-76.0,-70.0,-67.0,-64.95999908447266
320,-85.04000091552734,31.700437545776367,4.334998607635498,43.58112907409668,-85.04000091552734,-84.0,11.016279220581055,-110.04000091552734,-103.19999694824219,-97.19999694824219,-93.0,-84.0,-77.0,-73.0,-69.94999694824219,-67.94000244140625
360,-86.1199951171875,31.654287338256836,4.501161575317383,43.49729824066162,-86.12000274658203,-85.0,10.968390464782715,-110.04000091552734,-107.05000305175781,-99.19999694824219,-93.0,-85.0,-77.0,-73.9000015258789,-70.94999694824219,-68.0
400,-86.45999908447266,31.609577178955078,4.666373252868652,43.41027641296387,-86.45999908447266,-86.0,10.689640045166016,-110.04000091552734,-107.05000305175781,-99.19999694824219,-93.25,-86.0,-77.75,-74.0,-71.0,-69.95999908447266
440,-86.79999542236328,31.566051483154297,4.826562881469727,43.32605838775635,-86.80000305175781,-87.0,10.539448738098145,-110.04000091552734,-107.05000305175781,-99.19999694824219,-93.25,-87.0,-78.0,-74.9000015258789,-72.9000015258789,-70.9800033569336
480,-87.65999603271484,31.52212905883789,4.977558135986328,43.24131774902344,-87.66000366210938,-87.0,10.245213508605957,-110.04000091552734,-107.05000305175781,-101.0999984741211,-94.0,-87.0,-79.0,-75.9000015258789,-73.94999694824219,-72.95999908447266
520,-88.58000183105469,31.474605560302734,5.148209571838379,43.14674186706543,-88.58000183105469,-88.0,9.888559341430664,-110.04000091552734,-107.05000305175781,-101.0999984741211,-94.0,-88.0,-80.75,-77.0,-74.94999694824219,-72.95999908447266
560,-89.47999572753906,31.417875289916992,5.299577713012695,43.04400062561035,-89.4800033569336,-89.5,10.080159187316895,-111.0199966430664,-108.05000305175781,-103.0,-95.0,-89.5,-81.75,-77.0,-75.9000015258789,-72.95999908447266
600,-90.68000030517578,31.35906219482422,5.445601940155029,42.93884086608887,-90.68000030517578,-90.0,10.348796844482422,-112.04000091552734,-109.05000305175781,-104.19999694824219,-96.0,-90.0,-83.0,-78.0,-76.94999694824219,-73.9800033569336
640,-92.55999755859375,31.29017448425293,5.5834784507751465,42.82434368133545,-92.55999755859375,-91.0,10.6078462600708,-117.04000091552734,-111.05000305175781,-107.0999984741211,-99.0,-91.0,-84.75,-79.9000015258789,-78.0,-76.0
680,-93.63999938964844,31.21816062927246,5.716564178466797,42.706443786621094,-93.63999938964844,-93.0,9.919194221496582,-117.04000091552734,-111.05000305175781,-107.0999984741211,-99.25,-93.0,-87.0,-81.9000015258789,-79.0,-78.9800033569336
720,-94.0199966430664,31.135345458984375,5.8440704345703125,42.57491970062256,-94.0199966430664,-93.0,10.087596893310547,-117.04000091552734,-112.0999984741211,-108.0999984741211,-101.0,-93.0,-87.0,-82.0,-79.94999694824219,-79.0
760,-95.15999603271484,31.047191619873047,5.9622650146484375,42.439802169799805,-95.16000366210938,-93.5,10.350574493408203,-117.04000091552734,-114.0999984741211,-109.0999984741211,-103.25,-93.5,-87.0,-83.0,-80.94999694824219,-79.0
800,-95.72000122070312,30.9539852142334,6.083805084228516,42.29571342468262,-95.72000122070312,-94.0,10.421209335327148,-117.04000091552734,-114.0999984741211,-110.0,-104.0,-94.0,-87.0,-83.0,-81.0,-79.0
840,-97.15999603271484,30.860395431518555,6.206207275390625,42.14934253692627,-97.16000366210938,-95.0,10.664632797241211,-122.04000091552734,-117.0,-111.0,-104.0,-95.0,-90.0,-83.0,-81.0,-79.9800033569336
880,-98.29999542236328,30.741567611694336,6.327657699584961,41.97554111480713,-98.30000305175781,-98.0,10.407209396362305,-122.04000091552734,-117.0,-111.0999984741211,-105.0,-98.0,-91.0,-85.0,-81.94999694824219,-79.9800033569336
920,-99.0199966430664,30.613248825073242,6.452352046966553,41.787869453430176,-99.0199966430664,-98.5,10.235213279724121,-122.04000091552734,-117.0,-112.0999984741211,-105.0,-98.5,-91.75,-86.9000015258789,-82.94999694824219,-81.0
960,-99.83999633789062,30.480148315429688,6.565715789794922,41.59273338317871,-99.83999633789062,-99.5,10.016705513000488,-122.04000091552734,-117.0,-112.0999984741211,-106.25,-99.5,-93.0,-87.0,-83.0,-81.9800033569336
1000,-101.0199966430664,30.35590934753418,6.680106163024902,41.40557861328125,-101.0199966430664,-101.0,9.566588401794434,-122.04000091552734,-117.0999984741211,-112.0999984741211,-107.0,-101.0,-95.0,-89.0,-85.0,-82.9800033569336
1040,-101.79999542236328,30.220762252807617,6.797554016113281,41.20541954040527,-101.80000305175781,-101.0,10.133113861083984,-125.05999755859375,-119.0999984741211,-114.0,-109.0,-101.0,-95.0,-89.0,-85.0,-82.9800033569336
1080,-102.63999938964844,30.0788631439209,6.899867057800293,40.99576282501221,-102.63999938964844,-103.0,10.277665138244629,-125.05999755859375,-121.05000305175781,-116.0999984741211,-110.0,-103.0,-96.75,-89.9000015258789,-86.9000015258789,-82.9800033569336
1120,-103.22000122070312,29.93453598022461,6.99281644821167,40.78709030151367,-103.22000122070312,-104.0,10.609033584594727,-125.05999755859375,-121.05000305175781,-118.0,-110.0,-104.0,-96.75,-89.9000015258789,-86.9000015258789,-82.9800033569336
1160,-104.57999420166016,29.792552947998047,7.104800224304199,40.57188415527344,-104.58000183105469,-105.0,10.880422592163086,-125.05999755859375,-121.05000305175781,-118.0,-111.0,-105.0,-97.0,-90.0,-86.9000015258789,-83.9800033569336
1200,-105.19999694824219,29.619461059570312,7.204131126403809,40.3230676651001,-105.19999694824219,-105.0,11.182127952575684,-128.02000427246094,-122.1500015258789,-119.0999984741211,-111.0,-105.0,-97.0,-90.9000015258789,-88.9000015258789,-83.9800033569336
1240,-106.13999938964844,29.452194213867188,7.312166213989258,40.07503604888916,-106.13999938964844,-106.0,11.134648323059082,-128.02000427246094,-125.1500015258789,-120.0999984741211,-114.0,-106.0,-99.0,-91.0,-88.9000015258789,-83.9800033569336
1280,-107.36000061035156,29.29737663269043,7.415475368499756,39.838727951049805,-107.36000061035156,-107.0,11.511316299438477,-130.16000366210938,-128.0,-121.0999984741211,-116.0,-107.0,-100.0,-93.0,-88.9000015258789,-83.9800033569336
1320,-108.57999420166016,29.11972427368164,7.506162166595459,39.58042526245117,-108.58000183105469,-108.0,11.291749000549316,-130.16000366210938,-128.0,-121.0999984741211,-116.25,-108.0,-101.75,-93.0,-89.0,-84.9800033569336
1360,-109.37999725341797,28.96514892578125,7.630507469177246,39.33139991760254,-109.37999725341797,-109.0,11.015243530273438,-130.16000366210938,-128.0,-122.19999694824219,-117.0,-109.0,-103.0,-96.9000015258789,-89.94999694824219,-86.95999908447266
1400,-110.37999725341797,28.79604721069336,7.731779098510742,39.07268047332764,-110.37999725341797,-110.0,11.076805114746094,-130.17999267578125,-128.0,-125.0,-117.25,-110.0,-103.75,-96.9000015258789,-90.94999694824219,-89.0
1440,-111.43999481201172,28.643707275390625,7.826946258544922,38.82815933227539,-111.44000244140625,-111.0,10.930983543395996,-134.10000610351562,-128.10000610351562,-125.0999984741211,-118.25,-111.0,-104.75,-97.0,-94.9000015258789,-89.0
1480,-112.22000122070312,28.475936889648438,7.919064998626709,38.56961631774902,-112.22000122070312,-113.0,10.930306434631348,-134.13999938964844,-128.10000610351562,-126.0,-119.0,-113.0,-105.0,-97.0,-95.0,-89.9800033569336
1520,-112.93999481201172,28.3055477142334,8.014742851257324,38.30032539367676,-112.94000244140625,-114.0,10.788715362548828,-134.13999938964844,-128.10000610351562,-126.0999984741211,-119.25,-114.0,-105.0,-98.80000305175781,-95.0,-92.91999816894531
1560,-113.5,28.131866455078125,8.102842330932617,38.02828407287598,-113.5,-115.0,10.858636856079102,-134.13999938964844,-130.0,-127.0999984741211,-120.0,-115.0,-105.0,-99.0,-95.94999694824219,-92.91999816894531
1600,-114.43999481201172,27.97091293334961,8.187544822692871,37.76829433441162,-114.44000244140625,-116.0,10.473127365112305,-134.13999938964844,-130.0500030517578,-128.0,-120.0,-116.0,-107.0,-101.9000015258789,-96.94999694824219,-92.91999816894531
1640,-114.95999908447266,27.794673919677734,8.28226089477539,37.488247871398926,-114.95999908447266,-116.0,10.501351356506348,-134.13999938964844,-130.0500030517578,-128.0,-121.0,-116.0,-108.5,-101.9000015258789,-96.94999694824219,-92.95999908447266
1680,-115.36000061035156,27.620590209960938,8.364398956298828,37.21253490447998,-115.36000061035156,-117.0,10.676628112792969,-134.13999938964844,-130.0500030517578,-128.0,-122.25,-117.0,-108.75,-101.9000015258789,-96.94999694824219,-92.95999908447266
1720,-116.0199966430664,27.443151473999023,8.443042755126953,36.93278121948242,-116.0199966430664,-117.0,10.757305145263672,-140.02000427246094,-132.10000610351562,-130.0,-123.0,-117.0,-109.0,-103.0,-98.9000015258789,-94.91999816894531
1760,-116.5,27.275310516357422,8.52832317352295,36.65487289428711,-116.5,-117.0,10.871522903442383,-140.02000427246094,-133.0500030517578,-130.0,-124.0,-117.0,-109.0,-103.0,-98.9000015258789,-94.91999816894531
1800,-117.25999450683594,27.097402572631836,8.623067855834961,36.35867691040039,-117.26000213623047,-117.0,10.890932083129883,-140.02000427246094,-134.0,-130.0,-124.0,-117.0,-109.75,-103.0,-100.80000305175781,-95.9000015258789
1840,-117.89999389648438,26.92086410522461,8.69647216796875,36.06943893432617,-117.9000015258789,-117.0,11.064809799194336,-140.02000427246094,-136.0,-131.10000610351562,-125.0,-117.0,-111.0,-103.9000015258789,-100.80000305175781,-95.9000015258789
1880,-119.2199935913086,26.7417049407959,8.764641761779785,35.78401470184326,-119.22000122070312,-120.0,11.29033088684082,-140.02000427246094,-136.14999389648438,-132.0,-127.0,-120.0,-111.75,-104.9000015258789,-100.80000305175781,-95.9000015258789
1920,-119.77999877929688,26.56643295288086,8.838438034057617,35.49394416809082,-119.77999877929688,-120.0,11.3503999710083,-141.0,-139.0,-134.0,-127.0,-120.0,-113.0,-105.0,-101.94999694824219,-96.87999725341797
1960,-120.23999786376953,26.390485763549805,8.944453239440918,35.185011863708496,-120.23999786376953,-120.0,11.297008514404297,-141.0,-139.0,-134.0,-127.0,-120.0,-115.0,-105.0,-101.94999694824219,-96.87999725341797
2000,-120.86000061035156,26.21697235107422,9.040616989135742,34.8822135925293,-120.86000061035156,-121.0,10.915144920349121,-141.0,-139.0,-134.0,-129.25,-121.0,-115.0,-109.0,-102.94999694824219,-96.87999725341797
2040,-121.65999603271484,26.073097229003906,9.122462272644043,34.62144947052002,-121.66000366210938,-122.0,11.210905075073242,-141.0,-140.0,-134.0,-130.0,-122.0,-115.0,-109.0,-103.0,-96.87999725341797
2080,-122.37999725341797,25.876890182495117,9.189767837524414,34.30107498168945,-122.37999725341797,-122.0,11.409452438354492,-141.0800018310547,-140.0,-134.1999969482422,-131.0,-122.0,-115.0,-110.0,-103.0,-98.83999633789062
2120,-122.83999633789062,25.70516586303711,9.280069351196289,33.99686813354492,-122.83999633789062,-123.0,11.191710472106934,-141.0800018310547,-140.0,-135.10000610351562,-131.25,-123.0,-115.0,-110.0,-104.9000015258789,-98.83999633789062
2160,-123.63999938964844,25.533361434936523,9.35791301727295,33.69202899932861,-123.63999938964844,-124.0,11.032243728637695,-145.0399932861328,-140.0,-136.1999969482422,-132.0,-124.0,-115.0,-110.9000015258789,-106.9000015258789,-102.91999816894531
2200,-124.1199951171875,25.373571395874023,9.43699836730957,33.40139198303223,-124.12000274658203,-124.0,11.097098350524902,-147.0,-140.0,-138.0,-133.0,-124.0,-117.0,-111.0,-106.9000015258789,-102.91999816894531
2240,-124.95999908447266,25.210418701171875,9.524145126342773,33.10079002380371,-124.95999908447266,-124.0,11.431465148925781,-149.0399932861328,-140.14999389648438,-140.0,-133.25,-124.0,-117.0,-111.9000015258789,-106.9000015258789,-102.95999908447266
2280,-125.54000091552734,25.0479736328125,9.599478721618652,32.81191539764404,-125.54000091552734,-124.5,11.652827262878418,-149.0399932861328,-143.14999389648438,-140.0,-135.0,-124.5,-117.0,-111.9000015258789,-106.9000015258789,-102.95999908447266
2320,-126.07999420166016,24.862356185913086,9.646278381347656,32.509328842163086,-126.08000183105469,-125.5,11.226469039916992,-149.0399932861328,-143.14999389648438,-140.0,-135.0,-125.5,-119.0,-112.9000015258789,-106.9000015258789,-102.95999908447266
2360,-126.43999481201172,24.686058044433594,9.719412803649902,32.196340560913086,-126.44000244140625,-125.5,11.440559387207031,-149.0399932861328,-146.0500030517578,-140.0,-135.0,-125.5,-119.0,-112.9000015258789,-106.9000015258789,-102.95999908447266
2400,-126.83999633789062,24.51888084411621,9.778302192687988,31.901394367218018,-126.83999633789062,-126.5,11.433914184570312,-149.0399932861328,-146.0500030517578,-141.10000610351562,-135.25,-126.5,-119.0,-112.9000015258789,-106.9000015258789,-102.95999908447266
2440,-127.36000061035156,24.352291107177734,9.860031127929688,31.597233295440674,-127.36000061035156,-127.0,11.238789558410645,-149.0399932861328,-146.0500030517578,-141.10000610351562,-135.25,-127.0,-120.75,-112.9000015258789,-107.0,-102.95999908447266
2480,-127.83999633789062,24.165302276611328,9.890387535095215,31.286425590515137,-127.83999633789062,-127.5,11.229175567626953,-149.0399932861328,-146.0500030517578,-142.0,-135.25,-127.5,-121.0,-114.69999694824219,-107.0,-103.0
2520,-128.3000030517578,24.024898529052734,9.964564323425293,31.011812686920166,-128.3000030517578,-129.0,11.195981979370117,-149.0399932861328,-146.0500030517578,-142.10000610351562,-136.25,-129.0,-121.0,-115.0,-108.9000015258789,-103.0
2560,-128.59999084472656,23.86560821533203,10.020545959472656,30.723031044006348,-128.60000610351562,-129.0,11.304866790771484,-149.0399932861328,-147.0,-143.0,-137.0,-129.0,-121.75,-115.9000015258789,-108.9000015258789,-103.0
2600,-128.94000244140625,23.697528839111328,10.069580078125,30.433621883392334,-128.94000244140625,-129.5,11.415620803833008,-149.0399932861328,-147.0500030517578,-143.10000610351562,-137.0,-129.5,-121.75,-115.9000015258789,-109.0,-103.0
2640,-129.3199920654297,23.54629135131836,10.140974044799805,30.136500358581543,-129.32000732421875,-129.5,11.134523391723633,-149.0399932861328,-147.0500030517578,-143.10000610351562,-138.0,-129.5,-122.0,-115.9000015258789,-110.9000015258789,-108.87999725341797
2680,-129.739990234375,23.366374969482422,10.189828872680664,29.824203491210938,-129.74000549316406,-130.0,11.148650169372559,-149.0399932861328,-147.0500030517578,-144.0,-138.0,-130.0,-122.75,-115.9000015258789,-111.0,-108.87999725341797
2720,-130.1999969482422,23.17572021484375,10.233343124389648,29.503539562225342,-130.1999969482422,-130.0,11.19464111328125,-150.02000427246094,-148.0500030517578,-144.10000610351562,-139.0,-130.0,-123.0,-116.0,-111.0,-108.87999725341797
2760,-130.36000061035156,23.0201416015625,10.290937423706055,29.19491720199585,-130.36000061035156,-130.0,11.149456977844238,-150.02000427246094,-148.0500030517578,-145.0,-139.0,-130.0,-123.0,-116.0,-112.9000015258789,-108.87999725341797
2800,-130.9199981689453,22.8549861907959,10.357316970825195,28.882532596588135,-130.9199981689453,-130.5,11.16931438446045,-150.02000427246094,-149.0,-146.0,-139.0,-130.5,-124.75,-117.0,-112.9000015258789,-110.83999633789062
2840,-131.16000366210938,22.716323852539062,10.409746170043945,28.599955558776855,-131.16000366210938,-131.0,11.349642753601074,-151.0399932861328,-149.0500030517578,-146.0,-140.0,-131.0,-124.75,-117.0,-112.9000015258789,-110.83999633789062
2880,-131.39999389648438,22.554351806640625,10.480064392089844,28.276326179504395,-131.39999389648438,-131.0,11.368377685546875,-151.0399932861328,-149.0500030517578,-146.0,-140.25,-131.0,-124.75,-117.0,-112.9000015258789,-110.83999633789062
2920,-131.739990234375,22.375669479370117,10.520078659057617,27.949481964111328,-131.74000549316406,-131.5,11.289481163024902,-151.0399932861328,-149.0500030517578,-146.10000610351562,-140.5,-131.5,-124.75,-117.0,-112.9000015258789,-110.91999816894531
2960,-132.25999450683594,22.239858627319336,10.590353012084961,27.653196811676025,-132.25999450683594,-131.5,11.397034645080566,-152.02000427246094,-150.0,-147.0,-142.0,-131.5,-125.0,-117.0,-115.8499984741211,-110.91999816894531
3000,-132.5,22.04174041748047,10.631942749023438,27.30894136428833,-132.5,-132.0,11.492171287536621,-152.02000427246094,-151.0,-147.10000610351562,-142.0,-132.0,-125.0,-117.0,-115.8499984741211,-110.91999816894531
3040,-132.89999389648438,21.851003646850586,10.666827201843262,26.974146366119385,-132.89999389648438,-133.0,11.438095092773438,-152.02000427246094,-151.0,-148.0,-142.0,-133.0,-125.0,-117.0,-115.8499984741211,-110.91999816894531
3080,-133.1999969482422,21.68911361694336,10.725936889648438,26.65285301208496,-133.1999969482422,-133.0,11.783038139343262,-154.02000427246094,-151.0500030517578,-149.10000610351562,-142.0,-133.0,-125.0,-117.0,-115.8499984741211,-110.91999816894531
3120,-133.44000244140625,21.55124282836914,10.788386344909668,26.3678560256958,-133.44000244140625,-134.0,11.66389274597168,-154.02000427246094,-151.0500030517578,-149.10000610351562,-142.0,-134.0,-125.0,-118.9000015258789,-115.8499984741211,-110.91999816894531
3160,-133.5800018310547,21.38861083984375,10.834989547729492,26.045625686645508,-133.5800018310547,-134.5,11.692031860351562,-154.02000427246094,-151.0500030517578,-150.0,-142.0,-134.5,-125.0,-118.9000015258789,-115.8499984741211,-110.91999816894531
3200,-133.83999633789062,21.207618713378906,10.852123260498047,25.719099521636963,-133.83999633789062,-135.0,11.790436744689941,-154.02000427246094,-152.0500030517578,-150.0,-142.5,-135.0,-125.0,-118.9000015258789,-115.8499984741211,-110.91999816894531
3240,-134.0399932861328,21.053892135620117,10.892596244812012,25.411634922027588,-134.0399932861328,-135.0,11.73534870147705,-155.0,-152.0500030517578,-150.0,-142.5,-135.0,-125.0,-118.9000015258789,-115.8499984741211,-110.95999908447266
3280,-134.27999877929688,20.890731811523438,10.946191787719727,25.08639144897461,-134.27999877929688,-135.5,11.827155113220215,-155.0,-152.0500030517578,-150.0,-144.0,-135.5,-125.0,-118.9000015258789,-115.8499984741211,-110.95999908447266
3320,-134.37998962402344,20.752248764038086,10.993438720703125,24.802350521087646,-134.3800048828125,-135.5,11.900236129760742,-155.02000427246094,-152.0500030517578,-150.10000610351562,-144.0,-135.5,-125.0,-118.9000015258789,-115.8499984741211,-110.95999908447266
3360,-134.66000366210938,20.589351654052734,11.021120071411133,24.475807666778564,-134.66000366210938,-135.5,11.877894401550293,-155.02000427246094,-153.0,-150.10000610351562,-144.0,-135.5,-125.0,-119.9000015258789,-115.8499984741211,-110.95999908447266
3400,-134.77999877929688,20.42646026611328,11.050369262695312,24.147820472717285,-134.77999877929688,-135.5,11.92441177368164,-155.02000427246094,-153.10000610351562,-150.10000610351562,-144.0,-135.5,-125.75,-119.9000015258789,-115.8499984741211,-110.95999908447266
3440,-134.97999572753906,20.245670318603516,11.04745864868164,23.83596181869507,-134.97999572753906,-135.5,12.004982948303223,-155.02000427246094,-155.0,-151.10000610351562,-144.0,-135.5,-125.75,-120.9000015258789,-115.8499984741211,-110.95999908447266
3480,-135.1999969482422,20.09473991394043,11.088480949401855,23.516621112823486,-135.1999969482422,-135.5,11.909659385681152,-156.02000427246094,-155.0,-151.10000610351562,-144.0,-135.5,-126.5,-121.0,-115.8499984741211,-110.95999908447266
3520,-135.27999877929688,19.92784881591797,11.133188247680664,23.170525550842285,-135.27999877929688,-135.5,11.897966384887695,-156.02000427246094,-155.0,-151.10000610351562,-144.0,-135.5,-127.0,-121.0,-115.8499984741211,-110.95999908447266
3560,-135.45999145507812,19.77474594116211,11.168357849121094,22.86300802230835,-135.4600067138672,-136.0,12.047755241394043,-157.02000427246094,-155.0,-152.0,-144.5,-136.0,-127.0,-121.0,-115.8499984741211,-110.95999908447266
3600,-135.59999084472656,19.616470336914062,11.215248107910156,22.526474952697754,-135.60000610351562,-136.0,12.003332138061523,-157.02000427246094,-155.0,-152.0,-144.5,-136.0,-127.0,-121.0,-115.8499984741211,-110.95999908447266
3640,-135.8000030517578,19.494121551513672,11.270599365234375,22.24572515487671,-135.8000030517578,-136.0,11.936498641967773,-157.02000427246094,-155.0,-152.0,-144.5,-136.0,-127.0,-121.0,-115.8499984741211,-110.95999908447266
3680,-135.9199981689453,19.352828979492188,11.339346885681152,21.890445709228516,-135.9199981689453,-136.0,11.998066902160645,-157.02000427246094,-155.0,-152.0,-144.5,-136.0,-127.0,-121.0,-115.8499984741211,-110.95999908447266
3720,-136.0800018310547,19.2091007232666,11.36826229095459,21.571465492248535,-136.0800018310547,-136.0,11.966352462768555,-157.02000427246094,-155.0,-152.0,-144.5,-136.0,-127.0,-121.0,-115.8499984741211,-110.95999908447266
3760,-136.1999969482422,19.055721282958984,11.405632019042969,21.2411847114563,-136.1999969482422,-137.0,11.944873809814453,-157.02000427246094,-155.0,-152.0,-144.5,-137.0,-127.0,-121.0,-115.8499984741211,-111.0
3800,-136.33999633789062,18.896377563476562,11.42325496673584,20.92033576965332,-136.33999633789062,-137.0,11.988511085510254,-157.02000427246094,-155.0500030517578,-152.0,-144.5,-137.0,-127.0,-121.0,-115.8499984741211,-111.0
3840,-136.4199981689453,18.776031494140625,11.450849533081055,20.637118339538574,-136.4199981689453,-137.0,12.074088096618652,-157.02000427246094,-155.0500030517578,-152.0,-144.5,-137.0,-127.0,-121.0,-115.8499984741211,-111.0
3880,-136.47999572753906,18.59044647216797,11.495192527770996,20.240835666656494,-136.47999572753906,-137.5,12.066880226135254,-157.02000427246094,-155.0500030517578,-152.0,-144.5,-137.5,-127.0,-121.0,-115.8499984741211,-111.0
3920,-136.5399932861328,18.45863914489746,11.534979820251465,19.929224491119385,-136.5399932861328,-138.0,12.107369422912598,-157.02000427246094,-156.0500030517578,-152.0,-144.5,-138.0,-127.0,-121.0,-115.8499984741211,-111.0
3960,-136.739990234375,18.32065200805664,11.553211212158203,19.63148021697998,-136.74000549316406,-138.0,12.058707237243652,-158.0,-157.0,-152.0,-144.5,-138.0,-127.0,-121.0,-115.8499984741211,-113.0
4000,-136.89999389648438,18.182003021240234,11.576133728027344,19.32430124282837,-136.89999389648438,-138.0,12.034533500671387,-158.0,-157.0,-152.0,-144.5,-138.0,-128.75,-121.0,-115.8499984741211,-113.0
4040,-137.02000427246094,18.05097770690918,11.618144035339355,18.98798370361328,-137.02000427246094,-138.0,11.881060600280762,-158.0,-157.0,-152.0,-144.5,-138.0,-129.0,-121.0,-115.8499984741211,-113.0
4080,-137.09999084472656,17.927886962890625,11.654533386230469,18.680589199066162,-137.10000610351562,-138.0,11.848628997802734,-158.0,-157.0,-152.0,-144.5,-138.0,-129.0,-121.0,-115.94999694824219,-113.0
4120,-137.1999969482422,17.824180603027344,11.694747924804688,18.39912223815918,-137.1999969482422,-138.0,11.793217658996582,-158.0,-157.0,-152.1999969482422,-144.5,-138.0,-129.75,-121.0,-116.94999694824219,-113.0
4160,-137.239990234375,17.722837448120117,11.70932674407959,18.131750106811523,-137.24000549316406,-138.0,11.797558784484863,-158.0,-157.0,-152.1999969482422,-144.5,-138.0,-129.75,-121.0,-116.94999694824219,-113.0
4200,-137.36000061035156,17.590320587158203,11.732783317565918,17.819833755493164,-137.36000061035156,-138.0,11.78772258758545,-158.0,-157.0,-152.1999969482422,-146.0,-138.0,-130.0,-121.0,-116.94999694824219,-113.0
4240,-137.37998962402344,17.514650344848633,11.797462463378906,17.546788215637207,-137.3800048828125,-138.0,11.768415451049805,-158.0,-157.0,-152.1999969482422,-146.0,-138.0,-130.0,-121.0,-116.94999694824219,-113.0
4280,-137.4199981689453,17.377090454101562,11.794523239135742,17.255826950073242,-137.4199981689453,-138.0,11.772153854370117,-158.0,-157.0,-154.0,-146.0,-138.0,-130.0,-121.0,-116.94999694824219,-113.0
4320,-137.45999145507812,17.24654197692871,11.8094482421875,16.96001386642456,-137.4600067138672,-138.0,11.777453422546387,-158.0,-157.0,-154.0,-146.0,-138.0,-130.0,-121.0,-116.94999694824219,-113.0
4360,-137.5399932861328,17.119163513183594,11.824811935424805,16.64611291885376,-137.5399932861328,-138.0,11.814753532409668,-158.0,-157.0,-154.0,-146.0,-138.0,-130.0,-121.0,-116.94999694824219,-113.0
4400,-137.59999084472656,17.033571243286133,11.860860824584961,16.369947910308838,-137.60000610351562,-138.0,11.784735679626465,-158.0,-157.0,-154.0,-146.0,-138.0,-130.0,-121.0,-116.94999694824219,-113.0
4440,-137.6999969482422,16.905702590942383,11.866069793701172,16.08587646484375,-137.6999969482422,-138.5,11.774124145507812,-158.0,-157.0,-154.0,-146.0,-138.5,-130.0,-121.0,-116.94999694824219,-113.0
4480,-137.75999450683594,16.803403854370117,11.880681991577148,15.83991289138794,-137.75999450683594,-139.0,11.789079666137695,-158.0,-157.0,-154.10000610351562,-146.0,-139.0,-130.0,-121.0,-116.94999694824219,-113.0
4520,-137.77999877929688,16.73377799987793,11.935712814331055,15.586677074432373,-137.77999877929688,-139.0,11.738466262817383,-158.0,-157.0,-154.10000610351562,-146.0,-139.0,-130.0,-121.0,-116.94999694824219,-113.0
4560,-137.89999389648438,16.654634475708008,11.975557327270508,15.325420618057251,-137.89999389648438,-139.0,11.717935562133789,-158.0,-157.0,-154.10000610351562,-146.0,-139.0,-130.0,-121.0,-116.94999694824219,-113.0
4600,-137.94000244140625,16.603668212890625,12.033817291259766,15.085233688354492,-137.94000244140625,-139.0,11.74207878112793,-158.0,-157.0,-154.10000610351562,-146.0,-139.0,-130.0,-121.0,-116.94999694824219,-113.0
4640,-138.0,16.45256233215332,12.013072967529297,14.778659105300903,-138.0,-139.0,11.725186347961426,-158.0,-157.0,-154.10000610351562,-146.0,-139.0,-130.0,-122.80000305175781,-116.94999694824219,-113.0
4680,-138.05999755859375,16.36996841430664,12.029088973999023,14.561474800109863,-138.05999755859375,-139.0,11.794761657714844,-158.0,-157.0,-155.0,-146.0,-139.0,-130.0,-122.80000305175781,-116.94999694824219,-113.0
4720,-138.1199951171875,16.28070640563965,12.062990188598633,14.293639659881592,-138.1199951171875,-139.0,11.814635276794434,-158.0,-157.0,-155.10000610351562,-146.0,-139.0,-130.0,-122.80000305175781,-116.94999694824219,-113.0
4760,-138.33999633789062,16.176334381103516,12.07962703704834,14.035848379135132,-138.33999633789062,-139.0,11.48757553100586,-158.0,-157.0,-155.10000610351562,-146.0,-139.0,-130.75,-123.0,-118.9000015258789,-114.95999908447266
4800,-138.4199981689453,16.09642791748047,12.091268539428711,13.812405586242676,-138.4199981689453,-139.0,11.512758255004883,-158.0,-157.0,-155.10000610351562,-146.0,-139.0,-130.75,-123.0,-118.9000015258789,-114.95999908447266
4840,-138.44000244140625,16.075849533081055,12.16977310180664,13.58461618423462,-138.44000244140625,-139.0,11.52937126159668,-158.0,-157.0,-155.10000610351562,-146.0,-139.0,-130.75,-123.0,-118.9000015258789,-114.95999908447266
4880,-138.5,15.97578239440918,12.17220687866211,13.331138134002686,-138.5,-139.0,11.476497650146484,-158.0,-157.0,-155.10000610351562,-146.0,-139.0,-130.75,-123.0,-118.9000015258789,-115.0
4920,-138.55999755859375,15.912382125854492,12.2139892578125,13.100055694580078,-138.55999755859375,-139.0,11.358098030090332,-158.0,-157.0,-155.10000610351562,-146.0,-139.0,-130.75,-123.0,-119.0,-115.9800033569336
4960,-138.6199951171875,15.822154998779297,12.197589874267578,12.896203994750977,-138.6199951171875,-139.0,11.372581481933594,-158.0,-157.0,-155.10000610351562,-146.0,-139.0,-130.75,-123.0,-119.0,-115.9800033569336
5000,-138.66000366210938,15.77534008026123,12.216222763061523,12.719728708267212,-138.66000366210938,-139.5,11.370328903198242,-158.0,-157.0,-155.10000610351562,-146.0,-139.5,-130.75,-123.0,-119.0,-115.9800033569336
5040,-138.67999267578125,15.635104179382324,12.184720993041992,12.445727109909058,-138.67999267578125,-139.5,11.377943992614746,-158.0,-157.0,-155.10000610351562,-146.0,-139.5,-130.75,-123.0,-119.0,-115.9800033569336
5080,-138.6999969482422,15.561063766479492,12.20222282409668,12.19970703125,-138.6999969482422,-139.5,11.383760452270508,-158.0,-157.0,-155.10000610351562,-146.0,-139.5,-130.75,-123.0,-119.0,-115.9800033569336
5120,-138.739990234375,15.516868591308594,12.239006042480469,11.999508619308472,-138.74000549316406,-139.5,11.370682716369629,-158.0,-157.0,-155.10000610351562,-146.0,-139.5,-130.75,-123.0,-119.0,-115.9800033569336
5160,-138.77999877929688,15.465291976928711,12.269404411315918,11.773195505142212,-138.77999877929688,-139.5,11.376800537109375,-158.0,-157.0,-155.10000610351562,-146.0,-139.5,-130.75,-123.0,-119.0,-115.9800033569336
5200,-138.8199920654297,15.394922256469727,12.277833938598633,11.555062294006348,-138.82000732421875,-139.5,11.388045310974121,-158.0,-157.0,-155.10000610351562,-146.0,-139.5,-130.75,-123.0,-119.0,-115.9800033569336
5240,-138.86000061035156,15.335037231445312,12.294504165649414,11.370859861373901,-138.86000061035156,-139.5,11.421926498413086,-158.0,-157.0,-155.10000610351562,-146.0,-139.5,-130.75,-123.0,-119.0,-115.9800033569336
5280,-138.89999389648438,15.258081436157227,12.283899307250977,11.18317723274231,-138.89999389648438,-140.0,11.422346115112305,-158.0,-157.0,-155.10000610351562,-146.0,-140.0,-130.75,-123.0,-119.0,-115.9800033569336
5320,-138.95999145507812,15.167025566101074,12.255167961120605,11.013290405273438,-138.9600067138672,-140.0,11.415708541870117,-158.0,-157.0,-156.10000610351562,-146.0,-140.0,-131.0,-123.0,-119.0,-115.9800033569336
5360,-138.97999572753906,15.15498161315918,12.316508293151855,10.835487604141235,-138.97999572753906,-140.0,11.419264793395996,-158.0,-157.0,-156.10000610351562,-146.0,-140.0,-131.0,-123.0,-119.0,-115.9800033569336
5400,-139.0,15.073949813842773,12.313272476196289,10.591985702514648,-139.0,-140.5,11.421032905578613,-158.0,-157.0,-156.10000610351562,-146.0,-140.5,-131.0,-123.0,-119.0,-115.9800033569336
5440,-139.02000427246094,15.005414962768555,12.312255859375,10.405986070632935,-139.02000427246094,-140.5,11.419264793395996,-158.0,-157.0,-156.10000610351562,-146.0,-140.5,-131.0,-123.0,-119.0,-115.9800033569336
5480,-139.05999755859375,14.98377799987793,12.343527793884277,10.248789072036743,-139.05999755859375,-140.5,11.420875549316406,-158.0,-157.0,-156.10000610351562,-146.0,-140.5,-131.0,-123.0,-119.0,-115.9800033569336
5520,-139.05999755859375,14.922496795654297,12.331817626953125,10.100316047668457,-139.05999755859375,-140.5,11.420875549316406,-158.0,-157.0,-156.10000610351562,-146.0,-140.5,-131.0,-123.0,-119.0,-115.9800033569336
5560,-139.0800018310547,14.87188720703125,12.36052131652832,9.90192985534668,-139.0800018310547,-140.5,11.419000625610352,-158.0,-157.0,-156.10000610351562,-146.0,-140.5,-131.0,-123.0,-119.0,-115.9800033569336
5600,-139.09999084472656,14.74097728729248,12.292014122009277,9.704874277114868,-139.10000610351562,-140.5,11.389030456542969,-158.0,-157.0,-156.10000610351562,-146.0,-140.5,-131.0,-123.0,-119.0,-115.9800033569336
5640,-139.1199951171875,14.693286895751953,12.296279907226562,9.54853367805481,-139.1199951171875,-140.5,11.374778747558594,-158.0,-157.0,-156.10000610351562,-146.0,-140.5,-131.0,-123.0,-119.0,-115.9800033569336
5680,-139.1199951171875,14.615715026855469,12.281229019165039,9.372802019119263,-139.1199951171875,-140.5,11.374778747558594,-158.0,-157.0,-156.10000610351562,-146.0,-140.5,-131.0,-123.0,-119.0,-115.9800033569336
5720,-139.1199951171875,14.544355392456055,12.252424240112305,9.218021631240845,-139.1199951171875,-140.5,11.374778747558594,-158.0,-157.0,-156.10000610351562,-146.0,-140.5,-131.0,-123.0,-119.0,-115.9800033569336
5760,-139.16000366210938,14.480647087097168,12.234363555908203,9.078101873397827,-139.16000366210938,-140.5,11.390101432800293,-158.0,-157.0,-156.10000610351562,-146.0,-140.5,-131.0,-123.0,-119.0,-115.9800033569336
5800,-139.17999267578125,14.424079895019531,12.218119621276855,8.935967445373535,-139.17999267578125,-140.5,11.377504348754883,-158.0,-157.0,-156.10000610351562,-146.0,-140.5,-131.75,-123.0,-119.0,-115.9800033569336
5840,-139.1999969482422,14.413782119750977,12.249076843261719,8.814106225967407,-139.1999969482422,-140.5,11.410521507263184,-158.0,-157.0500030517578,-156.10000610351562,-146.0,-140.5,-131.75,-123.0,-119.0,-115.9800033569336
5880,-139.22000122070312,14.361227989196777,12.235411643981934,8.686712503433228,-139.22000122070312,-140.5,11.443408012390137,-158.02000427246094,-158.0,-156.10000610351562,-146.0,-140.5,-131.75,-123.0,-119.0,-115.9800033569336
5920,-139.239990234375,14.332114219665527,12.269332885742188,8.5325345993042,-139.24000549316406,-140.5,11.4622163772583,-158.02000427246094,-158.0,-156.10000610351562,-146.0,-140.5,-131.75,-123.0,-119.0,-115.9800033569336
5960,-139.239990234375,14.3269681930542,12.305952072143555,8.40741229057312,-139.24000549316406,-140.5,11.4622163772583,-158.02000427246094,-158.0,-156.10000610351562,-146.0,-140.5,-131.75,-123.0,-119.0,-115.9800033569336
6000,-139.239990234375,14.28591537475586,12.310186386108398,8.242958068847656,-139.24000549316406,-140.5,11.4622163772583,-158.02000427246094,-158.0,-156.10000610351562,-146.0,-140.5,-131.75,-123.0,-119.0,-115.9800033569336
6040,-139.25999450683594,14.185958862304688,12.280952453613281,8.068897247314453,-139.25999450683594,-140.5,11.456544876098633,-158.02000427246094,-158.0,-156.10000610351562,-146.0,-140.5,-131.75,-123.0,-119.0,-115.9800033569336
6080,-139.27999877929688,14.15449047088623,12.292104721069336,7.953794836997986,-139.27999877929688,-140.5,11.435103416442871,-158.02000427246094,-158.0,-156.10000610351562,-146.0,-140.5,-131.75,-123.0,-119.0,-115.9800033569336
6120,-139.3199920654297,14.130783081054688,12.312906265258789,7.822440981864929,-139.32000732421875,-140.5,11.44629192352295,-158.02000427246094,-158.0,-156.10000610351562,-146.0,-140.5,-132.0,-123.0,-119.0,-115.9800033569336
6160,-139.33999633789062,14.122057914733887,12.35629653930664,7.686531901359558,-139.33999633789062,-140.5,11.456194877624512,-158.02000427246094,-158.0,-156.10000610351562,-146.0,-140.5,-132.0,-123.0,-119.0,-115.9800033569336
6200,-139.37998962402344,14.087728500366211,12.369799613952637,7.547117352485657,-139.3800048828125,-141.0,11.460174560546875,-158.02000427246094,-158.0,-156.10000610351562,-146.0,-141.0,-132.0,-123.0,-119.0,-115.9800033569336
6240,-139.44000244140625,14.073677062988281,12.370931625366211,7.439270853996277,-139.44000244140625,-141.0,11.468496322631836,-158.02000427246094,-158.0,-156.10000610351562,-146.0,-141.0,-132.0,-123.0,-119.0,-115.9800033569336
6280,-139.44000244140625,14.029193878173828,12.353312492370605,7.336806654930115,-139.44000244140625,-141.0,11.468496322631836,-158.02000427246094,-158.0,-156.10000610351562,-146.0,-141.0,-132.0,-123.0,-119.0,-115.9800033569336
6320,-139.44000244140625,13.983263969421387,12.334627151489258,7.238303899765015,-139.44000244140625,-141.0,11.468496322631836,-158.02000427246094,-158.0,-156.10000610351562,-146.0,-141.0,-132.0,-123.0,-119.0,-115.9800033569336
6360,-139.44000244140625,13.945830345153809,12.331192016601562,7.120075702667236,-139.44000244140625,-141.0,11.468496322631836,-158.02000427246094,-158.0,-156.10000610351562,-146.0,-141.0,-132.0,-123.0,-119.0,-115.9800033569336
6400,-139.45999145507812,13.933425903320312,12.353007316589355,7.028688430786133,-139.4600067138672,-141.0,11.476428031921387,-158.02000427246094,-158.0,-156.10000610351562,-146.0,-141.0,-132.0,-123.0,-119.0,-115.9800033569336
6440,-139.47999572753906,13.871191024780273,12.321081161499023,6.925601601600647,-139.47999572753906,-141.0,11.480835914611816,-158.02000427246094,-158.0,-156.10000610351562,-146.0,-141.0,-132.0,-123.0,-119.0,-115.9800033569336
6480,-139.47999572753906,13.84592342376709,12.315433502197266,6.843656897544861,-139.47999572753906,-141.0,11.480835914611816,-158.02000427246094,-158.0,-156.10000610351562,-146.0,-141.0,-132.0,-123.0,-119.0,-115.9800033569336
6520,-139.5,13.785589218139648,12.27432632446289,6.739094018936157,-139.5,-141.0,11.47475528717041,-158.02000427246094,-158.0,-156.10000610351562,-146.0,-141.0,-132.0,-123.0,-119.0,-115.9800033569336
6560,-139.5,13.763895034790039,12.276754379272461,6.6422683000564575,-139.5,-141.0,11.47475528717041,-158.02000427246094,-158.0,-156.10000610351562,-146.0,-141.0,-132.0,-123.0,-119.0,-115.9800033569336
6600,-139.52000427246094,13.744609832763672,12.292766571044922,6.547415494918823,-139.52000427246094,-141.0,11.486061096191406,-158.02000427246094,-158.0,-156.10000610351562,-146.25,-141.0,-132.0,-123.0,-119.0,-115.9800033569336
6640,-139.52000427246094,13.66458797454834,12.266168594360352,6.4055211544036865,-139.52000427246094,-141.0,11.486061096191406,-158.02000427246094,-158.0,-156.10000610351562,-146.25,-141.0,-132.0,-123.0,-119.0,-115.9800033569336
6680,-139.52000427246094,13.625540733337402,12.252612113952637,6.307548642158508,-139.52000427246094,-141.0,11.486061096191406,-158.02000427246094,-158.0,-156.10000610351562,-146.25,-141.0,-132.0,-123.0,-119.0,-115.9800033569336
6720,-139.5399932861328,13.581290245056152,12.230817794799805,6.218936920166016,-139.5399932861328,-141.5,11.490360260009766,-158.02000427246094,-158.0,-156.10000610351562,-146.25,-141.5,-132.0,-123.0,-119.0,-115.9800033569336
6760,-139.5399932861328,13.586260795593262,12.252811431884766,6.142614245414734,-139.5399932861328,-141.5,11.490360260009766,-158.02000427246094,-158.0,-156.10000610351562,-146.25,-141.5,-132.0,-123.0,-119.0,-115.9800033569336
6800,-139.55999755859375,13.583418846130371,12.272929191589355,6.072698950767517,-139.55999755859375,-141.5,11.491144180297852,-158.02000427246094,-158.0,-156.10000610351562,-146.25,-141.5,-132.0,-123.0,-119.0,-115.9800033569336
6840,-139.55999755859375,13.57136058807373,12.280046463012695,5.999276518821716,-139.55999755859375,-141.5,11.491144180297852,-158.02000427246094,-158.0,-156.10000610351562,-146.25,-141.5,-132.0,-123.0,-119.0,-115.9800033569336
6880,-139.55999755859375,13.569319725036621,12.29974365234375,5.929834485054016,-139.55999755859375,-141.5,11.491144180297852,-158.02000427246094,-158.0,-156.10000610351562,-146.25,-141.5,-132.0,-123.0,-119.0,-115.9800033569336
6920,-139.55999755859375,13.521097183227539,12.275309562683105,5.84602153301239,-139.55999755859375,-141.5,11.491144180297852,-158.02000427246094,-158.0,-156.10000610351562,-146.25,-141.5,-132.0,-123.0,-119.0,-115.9800033569336
6960,-139.55999755859375,13.50034236907959,12.2876615524292,5.7563804388046265,-139.55999755859375,-141.5,11.491144180297852,-158.02000427246094,-158.0,-156.10000610351562,-146.25,-141.5,-132.0,-123.0,-119.0,-115.9800033569336
7000,-139.55999755859375,13.451098442077637,12.273219108581543,5.651604175567627,-139.55999755859375,-141.5,11.491144180297852,-158.02000427246094,-158.0,-156.10000610351562,-146.25,-141.5,-132.0,-123.0,-119.0,-115.9800033569336
7040,-139.55999755859375,13.435953140258789,12.286134719848633,5.571787238121033,-139.55999755859375,-141.5,11.491144180297852,-158.02000427246094,-158.0,-156.10000610351562,-146.25,-141.5,-132.0,-123.0,-119.0,-115.9800033569336
7080,-139.55999755859375,13.420244216918945,12.28437328338623,5.525038361549377,-139.55999755859375,-141.5,11.491144180297852,-158.02000427246094,-158.0,-156.10000610351562,-146.25,-141.5,-132.0,-123.0,-119.0,-115.9800033569336
7120,-139.5800018310547,13.398978233337402,12.28485107421875,5.4586440324783325,-139.5800018310547,-141.5,11.523176193237305,-159.0,-158.0,-156.10000610351562,-146.25,-141.5,-132.0,-123.0,-119.0,-115.9800033569336
7160,-139.5800018310547,13.372007369995117,12.268867492675781,5.406236529350281,-139.5800018310547,-141.5,11.523176193237305,-159.0,-158.0,-156.10000610351562,-146.25,-141.5,-132.0,-123.0,-119.0,-115.9800033569336
7200,-139.5800018310547,13.348318099975586,12.26443862915039,5.3376535177230835,-139.5800018310547,-141.5,11.523176193237305,-159.0,-158.0,-156.10000610351562,-146.25,-141.5,-132.0,-123.0,-119.0,-115.9800033569336
7240,-139.6199951171875,13.318827629089355,12.260246276855469,5.264757990837097,-139.6199951171875,-141.5,11.465409278869629,-159.0,-158.0,-156.10000610351562,-146.25,-141.5,-132.0,-123.0,-119.0,-115.9800033569336
7280,-139.63999938964844,13.278712272644043,12.243202209472656,5.176208019256592,-139.63999938964844,-141.5,11.492188453674316,-159.0,-158.0,-156.10000610351562,-146.25,-141.5,-132.0,-123.0,-119.0,-115.9800033569336
7320,-139.63999938964844,13.233656883239746,12.227529525756836,5.075467824935913,-139.63999938964844,-141.5,11.492188453674316,-159.0,-158.0,-156.10000610351562,-146.25,-141.5,-132.0,-123.0,-119.0,-115.9800033569336
7360,-139.63999938964844,13.191682815551758,12.194038391113281,5.009229063987732,-139.63999938964844,-141.5,11.492188453674316,-159.0,-158.0,-156.10000610351562,-146.25,-141.5,-132.0,-123.0,-119.0,-115.9800033569336
7400,-139.63999938964844,13.170185089111328,12.193977355957031,4.941560745239258,-139.63999938964844,-141.5,11.492188453674316,-159.0,-158.0,-156.10000610351562,-146.25,-141.5,-132.0,-123.0,-119.0,-115.9800033569336
7440,-139.63999938964844,13.106046676635742,12.163518905639648,4.840925574302673,-139.63999938964844,-141.5,11.492188453674316,-159.0,-158.0,-156.10000610351562,-146.25,-141.5,-132.0,-123.0,-119.0,-115.9800033569336
7480,-139.63999938964844,13.075847625732422,12.149744987487793,4.782182812690735,-139.63999938964844,-141.5,11.492188453674316,-159.0,-158.0,-156.10000610351562,-146.25,-141.5,-132.0,-123.0,-119.0,-115.9800033569336
7520,-139.63999938964844,13.0476713180542,12.13359260559082,4.7318302392959595,-139.63999938964844,-141.5,11.492188453674316,-159.0,-158.0,-156.10000610351562,-146.25,-141.5,-132.0,-123.0,-119.0,-115.9800033569336
7560,-139.63999938964844,13.034052848815918,12.128484725952148,4.68183970451355,-139.63999938964844,-141.5,11.492188453674316,-159.0,-158.0,-156.10000610351562,-146.25,-141.5,-132.0,-123.0,-119.0,-115.9800033569336
7600,-139.63999938964844,13.04496955871582,12.149515151977539,4.631200313568115,-139.63999938964844,-141.5,11.492188453674316,-159.0,-158.0,-156.10000610351562,-146.25,-141.5,-132.0,-123.0,-119.0,-115.9800033569336
7640,-139.66000366210938,13.03736686706543,12.154380798339844,4.576091170310974,-139.66000366210938,-142.0,11.49627685546875,-159.0,-158.0,-156.10000610351562,-146.25,-142.0,-132.0,-123.0,-119.0,-115.9800033569336
7680,-139.66000366210938,13.031988143920898,12.172857284545898,4.5013108253479,-139.66000366210938,-142.0,11.49627685546875,-159.0,-158.0,-156.10000610351562,-146.25,-142.0,-132.0,-123.0,-119.0,-115.9800033569336
7720,-139.66000366210938,12.987716674804688,12.15025520324707,4.408181428909302,-139.66000366210938,-142.0,11.49627685546875,-159.0,-158.0,-156.10000610351562,-146.25,-142.0,-132.0,-123.0,-119.0,-115.9800033569336
7760,-139.66000366210938,12.998847007751465,12.159133911132812,4.389670252799988,-139.66000366210938,-142.0,11.49627685546875,-159.0,-158.0,-156.10000610351562,-146.25,-142.0,-132.0,-123.0,-119.0,-115.9800033569336
7800,-139.67999267578125,12.99210262298584,12.166961669921875,4.334807395935059,-139.67999267578125,-142.0,11.465497016906738,-159.0,-158.0,-156.10000610351562,-146.25,-142.0,-132.0,-123.0,-119.0,-115.9800033569336
7840,-139.67999267578125,12.93344783782959,12.133420944213867,4.249989032745361,-139.67999267578125,-142.0,11.465497016906738,-159.0,-158.0,-156.10000610351562,-146.25,-142.0,-132.0,-123.0,-119.0,-115.9800033569336
7880,-139.6999969482422,12.92634105682373,12.140634536743164,4.1710216999053955,-139.6999969482422,-142.0,11.438095092773438,-159.0,-158.0,-156.10000610351562,-146.25,-142.0,-132.0,-123.0,-119.0,-115.9800033569336
7920,-139.6999969482422,12.899002075195312,12.129817008972168,4.120153188705444,-139.6999969482422,-142.0,11.438095092773438,-159.0,-158.0,-156.10000610351562,-146.25,-142.0,-132.0,-123.0,-119.0,-115.9800033569336
7960,-139.6999969482422,12.863951683044434,12.11214828491211,4.046131908893585,-139.6999969482422,-142.0,11.438095092773438,-159.0,-158.0,-156.10000610351562,-146.25,-142.0,-132.0,-123.0,-119.0,-115.9800033569336
8000,-139.6999969482422,12.85572624206543,12.116911888122559,3.9984355568885803,-139.6999969482422,-142.0,11.438095092773438,-159.0,-158.0,-156.10000610351562,-146.25,-142.0,-132.0,-123.0,-119.0,-115.9800033569336
8040,-139.6999969482422,12.859549522399902,12.126433372497559,3.9702581763267517,-139.6999969482422,-142.0,11.438095092773438,-159.0,-158.0,-156.10000610351562,-146.25,-142.0,-132.0,-123.0,-119.0,-115.9800033569336
8080,-139.6999969482422,12.86390209197998,12.139086723327637,3.935802936553955,-139.6999969482422,-142.0,11.438095092773438,-159.0,-158.0,-156.10000610351562,-146.25,-142.0,-132.0,-123.0,-119.0,-115.9800033569336
8120,-139.6999969482422,12.834272384643555,12.11799144744873,3.903453230857849,-139.6999969482422,-142.0,11.438095092773438,-159.0,-158.0,-156.10000610351562,-146.25,-142.0,-132.0,-123.0,-119.0,-115.9800033569336
8160,-139.6999969482422,12.821405410766602,12.109980583190918,3.8815560936927795,-139.6999969482422,-142.0,11.438095092773438,-159.0,-158.0,-156.10000610351562,-146.25,-142.0,-132.0,-123.0,-119.0,-115.9800033569336
8200,-139.739990234375,12.817533493041992,12.12213134765625,3.8291221857070923,-139.74000549316406,-142.0,11.393523216247559,-159.0,-158.0,-156.10000610351562,-146.25,-142.0,-132.0,-123.0,-119.0,-115.9800033569336
8240,-139.739990234375,12.807745933532715,12.115829467773438,3.7892777919769287,-139.74000549316406,-142.0,11.393523216247559,-159.0,-158.0,-156.10000610351562,-146.25,-142.0,-132.0,-123.0,-119.0,-115.9800033569336
8280,-139.739990234375,12.78605842590332,12.111825942993164,3.7342708110809326,-139.74000549316406,-142.0,11.393523216247559,-159.0,-158.0,-156.10000610351562,-146.25,-142.0,-132.0,-123.0,-119.0,-115.9800033569336
8320,-139.75999450683594,12.759187698364258,12.086958885192871,3.7014214992523193,-139.75999450683594,-142.0,11.40449047088623,-159.0,-158.0,-156.10000610351562,-147.0,-142.0,-132.0,-123.0,-119.0,-115.9800033569336
8360,-139.75999450683594,12.74520492553711,12.088767051696777,3.653628706932068,-139.75999450683594,-142.0,11.40449047088623,-159.0,-158.0,-156.10000610351562,-147.0,-142.0,-132.0,-123.0,-119.0,-115.9800033569336
8400,-139.75999450683594,12.760493278503418,12.105842590332031,3.62636399269104,-139.75999450683594,-142.0,11.40449047088623,-159.0,-158.0,-156.10000610351562,-147.0,-142.0,-132.0,-123.0,-119.0,-115.9800033569336
8440,-139.75999450683594,12.741836547851562,12.100481986999512,3.568788766860962,-139.75999450683594,-142.0,11.40449047088623,-159.0,-158.0,-156.10000610351562,-147.0,-142.0,-132.0,-123.0,-119.0,-115.9800033569336
8480,-139.75999450683594,12.707361221313477,12.077357292175293,3.5434319972991943,-139.75999450683594,-142.0,11.40449047088623,-159.0,-158.0,-156.10000610351562,-147.0,-142.0,-132.0,-123.0,-119.0,-115.9800033569336
8520,-139.75999450683594,12.704387664794922,12.087652206420898,3.5016061663627625,-139.75999450683594,-142.0,11.40449047088623,-159.0,-158.0,-156.10000610351562,-147.0,-142.0,-132.0,-123.0,-119.0,-115.9800033569336
8560,-139.75999450683594,12.686962127685547,12.090414047241211,3.397705376148224,-139.75999450683594,-142.0,11.40449047088623,-159.0,-158.0,-156.10000610351562,-147.0,-142.0,-132.0,-123.0,-119.0,-115.9800033569336
8600,-139.75999450683594,12.72238826751709,12.126070976257324,3.375609815120697,-139.75999450683594,-142.0,11.40449047088623,-159.0,-158.0,-156.10000610351562,-147.0,-142.0,-132.0,-123.0,-119.0,-115.9800033569336
8640,-139.75999450683594,12.666481018066406,12.095873832702637,3.280398905277252,-139.75999450683594,-142.0,11.40449047088623,-159.0,-158.0,-156.10000610351562,-147.0,-142.0,-132.0,-123.0,-119.0,-115.9800033569336
8680,-139.75999450683594,12.686147689819336,12.120063781738281,3.262186646461487,-139.75999450683594,-142.0,11.40449047088623,-159.0,-158.0,-156.10000610351562,-147.0,-142.0,-132.0,-123.0,-119.0,-115.9800033569336
8720,-139.77999877929688,12.662569046020508,12.094846725463867,3.2413665056228638,-139.77999877929688,-142.0,11.387343406677246,-159.0,-158.0,-156.10000610351562,-147.0,-142.0,-132.0,-123.0,-119.0,-115.9800033569336
8760,-139.77999877929688,12.669357299804688,12.111213684082031,3.2022762298583984,-139.77999877929688,-142.0,11.387343406677246,-159.0,-158.0,-156.10000610351562,-147.0,-142.0,-132.0,-123.0,-119.0,-115.9800033569336
8800,-139.77999877929688,12.689802169799805,12.137072563171387,3.1877391934394836,-139.77999877929688,-142.0,11.387343406677246,-159.0,-158.0,-156.10000610351562,-147.0,-142.0,-132.0,-123.0,-119.0,-115.9800033569336
8840,-139.77999877929688,12.639464378356934,12.1002836227417,3.129620671272278,-139.77999877929688,-142.0,11.387343406677246,-159.0,-158.0,-156.10000610351562,-147.0,-142.0,-132.0,-123.0,-119.0,-115.9800033569336
8880,-139.77999877929688,12.62024211883545,12.087717056274414,3.0902907252311707,-139.77999877929688,-142.0,11.387343406677246,-159.0,-158.0,-156.10000610351562,-147.0,-142.0,-132.0,-123.0,-119.0,-115.9800033569336
8920,-139.77999877929688,12.587213516235352,12.065757751464844,3.039837956428528,-139.77999877929688,-142.0,11.387343406677246,-159.0,-158.0,-156.10000610351562,-147.0,-142.0,-132.0,-123.0,-119.0,-115.9800033569336
8960,-139.77999877929688,12.589644432067871,12.07486629486084,2.991352140903473,-139.77999877929688,-142.0,11.387343406677246,-159.0,-158.0,-156.10000610351562,-147.0,-142.0,-132.0,-123.0,-119.0,-115.9800033569336
9000,-139.77999877929688,12.552764892578125,12.04687786102295,2.9299116730690002,-139.77999877929688,-142.0,11.387343406677246,-159.0,-158.0,-156.10000610351562,-147.0,-142.0,-132.0,-123.0,-119.0,-115.9800033569336
9040,-139.77999877929688,12.534744262695312,12.038776397705078,2.907173752784729,-139.77999877929688,-142.0,11.387343406677246,-159.0,-158.0,-156.10000610351562,-147.0,-142.0,-132.0,-123.0,-119.0,-115.9800033569336
9080,-139.77999877929688,12.48865032196045,12.007057189941406,2.839082360267639,-139.77999877929688,-142.0,11.387343406677246,-159.0,-158.0,-156.10000610351562,-147.0,-142.0,-132.0,-123.0,-119.0,-115.9800033569336
9120,-139.77999877929688,12.474067687988281,11.999086380004883,2.7931843400001526,-139.77999877929688,-142.0,11.387343406677246,-159.0,-158.0,-156.10000610351562,-147.0,-142.0,-132.0,-123.0,-119.0,-115.9800033569336
9160,-139.77999877929688,12.469560623168945,12.006556510925293,2.7629814743995667,-139.77999877929688,-142.0,11.387343406677246,-159.0,-158.0,-156.10000610351562,-147.0,-142.0,-132.0,-123.0,-119.0,-115.9800033569336
9200,-139.77999877929688,12.484737396240234,12.039690971374512,2.68763667345047,-139.77999877929688,-142.0,11.387343406677246,-159.0,-158.0,-156.10000610351562,-147.0,-142.0,-132.0,-123.0,-119.0,-115.9800033569336
9240,-139.77999877929688,12.424276351928711,11.991061210632324,2.6328248977661133,-139.77999877929688,-142.0,11.387343406677246,-159.0,-158.0,-156.10000610351562,-147.0,-142.0,-132.0,-123.0,-119.0,-115.9800033569336
9280,-139.8000030517578,12.407327651977539,11.987548828125,2.5632227659225464,-139.8000030517578,-142.0,11.421032905578613,-159.0,-158.0,-156.10000610351562,-147.0,-142.0,-132.0,-123.0,-119.0,-115.9800033569336
9320,-139.8000030517578,12.376489639282227,11.971685409545898,2.5232053399086,-139.8000030517578,-142.0,11.421032905578613,-159.0,-158.0,-156.10000610351562,-147.0,-142.0,-132.0,-123.0,-119.0,-115.9800033569336
9360,-139.8000030517578,12.362330436706543,11.961947441101074,2.474183440208435,-139.8000030517578,-142.0,11.421032905578613,-159.0,-158.0,-156.10000610351562,-147.0,-142.0,-132.0,-123.0,-119.0,-115.9800033569336
9400,-139.8000030517578,12.33057689666748,11.952486038208008,2.4058871269226074,-139.8000030517578,-142.0,11.421032905578613,-159.0,-158.0,-156.10000610351562,-147.0,-142.0,-132.0,-123.0,-119.0,-115.9800033569336
9440,-139.8000030517578,12.272605895996094,11.903385162353516,2.3387299180030823,-139.8000030517578,-142.0,11.421032905578613,-159.0,-158.0,-156.10000610351562,-147.0,-142.0,-132.0,-123.0,-119.0,-115.9800033569336
9480,-139.8000030517578,12.289052963256836,11.928248405456543,2.305547595024109,-139.8000030517578,-142.0,11.421032905578613,-159.0,-158.0,-156.10000610351562,-147.0,-142.0,-132.0,-123.0,-119.0,-115.9800033569336
9520,-139.8000030517578,12.309860229492188,11.962690353393555,2.2679991126060486,-139.8000030517578,-142.0,11.421032905578613,-159.0,-158.0,-156.10000610351562,-147.0,-142.0,-132.0,-123.0,-119.0,-115.9800033569336
9560,-139.8000030517578,12.297672271728516,11.952120780944824,2.263441562652588,-139.8000030517578,-142.0,11.421032905578613,-159.0,-158.0,-156.10000610351562,-147.0,-142.0,-132.0,-123.0,-119.0,-115.9800033569336
9600,-139.8000030517578,12.336029052734375,11.995353698730469,2.2234118580818176,-139.8000030517578,-142.0,11.421032905578613,-159.0,-158.0,-156.10000610351562,-147.0,-142.0,-132.0,-123.0,-119.0,-115.9800033569336
9640,-139.8000030517578,12.277088165283203,11.952322006225586,2.1331798434257507,-139.8000030517578,-142.0,11.421032905578613,-159.0,-158.0,-156.10000610351562,-147.0,-142.0,-132.0,-123.0,-119.0,-115.9800033569336
9680,-139.8000030517578,12.26356029510498,11.945979118347168,2.0863887071609497,-139.8000030517578,-142.0,11.421032905578613,-159.0,-158.0,-156.10000610351562,-147.0,-142.0,-132.0,-123.0,-119.0,-115.9800033569336
9720,-139.8000030517578,12.256468772888184,11.941561698913574,2.068198561668396,-139.8000030517578,-142.0,11.421032905578613,-159.0,-158.0,-156.10000610351562,-147.0,-142.0,-132.0,-123.0,-119.0,-115.9800033569336
9760,-139.8000030517578,12.28483772277832,11.991989135742188,1.9899734258651733,-139.8000030517578,-142.0,11.421032905578613,-159.0,-158.0,-156.10000610351562,-147.0,-142.0,-132.0,-123.0,-119.0,-115.9800033569336
9800,-139.8000030517578,12.291107177734375,12.0068359375,1.9325962364673615,-139.8000030517578,-142.0,11.421032905578613,-159.0,-158.0,-156.10000610351562,-147.0,-142.0,-132.0,-123.0,-119.0,-115.9800033569336
9840,-139.83999633789062,12.2116117477417,11.94062614440918,1.8766180276870728,-139.83999633789062,-142.0,11.418159484863281,-159.0,-158.0,-156.10000610351562,-147.0,-142.0,-132.0,-123.0,-119.0,-115.9800033569336
9880,-139.83999633789062,12.193136215209961,11.928064346313477,1.851632982492447,-139.83999633789062,-142.0,11.418159484863281,-159.0,-158.0,-156.10000610351562,-147.0,-142.0,-132.0,-123.0,-119.0,-115.9800033569336
9920,-139.83999633789062,12.10183334350586,11.853144645690918,1.7447423338890076,-139.83999633789062,-142.0,11.418159484863281,-159.0,-158.0,-156.10000610351562,-147.0,-142.0,-132.0,-123.0,-119.0,-115.9800033569336
9960,-139.83999633789062,12.07271957397461,11.836589813232422,1.6948179304599762,-139.83999633789062,-142.0,11.418159484863281,-159.0,-158.0,-156.10000610351562,-147.0,-142.0,-132.0,-123.0,-119.0,-115.9800033569336
10000,-139.83999633789062,12.028105735778809,11.802717208862305,1.615529179573059,-139.83999633789062,-142.0,11.418159484863281,-159.0,-158.0,-156.10000610351562,-147.0,-142.0,-132.0,-123.0,-119.0,-115.9800033569336
