step,best_fitness,avg_hamming,avg_l1,avg_entropy,mean,median,std,2%,5%,10%,25%,50%,75%,90%,95%,98%
33,-239.51998901367188,63.9843864440918,3.7629127502441406,88.53336334228516,-239.52000427246094,-239.0,56.24970626831055,-372.1400146484375,-339.6000061035156,-309.6999816894531,-270.5,-239.0,-202.0,-170.89999389648438,-154.95001220703125,-145.97999572753906
66,-281.3800048828125,63.96824264526367,3.932474136352539,88.50153350830078,-281.3800048828125,-276.5,47.90485763549805,-391.0199890136719,-372.3500061035156,-340.1999816894531,-313.0,-276.5,-248.5,-228.0,-215.5000457763672,-192.85997009277344
99,-292.91998291015625,63.954097747802734,4.098285675048828,88.47110239664714,-292.9200134277344,-287.0,47.495826721191406,-399.0799865722656,-383.3999938964844,-358.5,-323.0,-287.0,-259.25,-237.0,-226.85000610351562,-220.69993591308594
132,-305.1600036621094,63.93902587890625,4.241847515106201,88.44083150227864,-305.1600036621094,-302.5,47.60120391845703,-403.55999755859375,-390.04998779296875,-379.20001220703125,-333.0,-302.5,-272.0,-246.60000610351562,-236.80001831054688,-228.97999572753906
165,-312.4599914550781,63.9243278503418,4.385313034057617,88.41117095947266,-312.4599914550781,-307.5,48.125755310058594,-403.55999755859375,-398.04998779296875,-383.20001220703125,-337.25,-307.5,-278.75,-251.0,-242.7000274658203,-229.97999572753906
198,-323.53997802734375,63.909690856933594,4.5080766677856445,88.38292439778645,-323.5400085449219,-322.0,47.908748626708984,-431.0799865722656,-399.04998779296875,-390.0,-352.75,-322.0,-290.5,-262.8999938964844,-250.75003051757812,-236.85997009277344
231,-328.2799987792969,63.89323425292969,4.647911548614502,88.35084788004558,-328.2799987792969,-326.5,45.30410385131836,-431.0799865722656,-399.04998779296875,-390.1000061035156,-358.0,-326.5,-297.25,-274.0,-253.85000610351562,-245.97999572753906
264,-332.3599853515625,63.8770751953125,4.774360179901123,88.3197758992513,-332.3599853515625,-329.0,43.16630935668945,-431.0799865722656,-400.1499938964844,-390.6000061035156,-358.5,-329.0,-303.25,-281.8999938964844,-273.4000549316406,-251.0
297,-335.239990234375,63.86214828491211,4.89262056350708,88.29001108805339,-335.239990234375,-332.0,42.47260665893555,-431.0799865722656,-400.1499938964844,-390.6000061035156,-364.0,-332.0,-305.75,-281.8999938964844,-273.7500305175781,-257.8599853515625
330,-337.82000732421875,63.84373474121094,5.014883995056152,88.25613657633464,-337.82000732421875,-333.0,43.02310562133789,-431.0799865722656,-403.20001220703125,-397.1000061035156,-369.0,-333.0,-308.75,-283.79998779296875,-273.7500305175781,-257.8599853515625
363,-342.4599914550781,63.82682418823242,5.150186538696289,88.22220611572266,-342.4599914550781,-336.0,39.726165771484375,-431.0799865722656,-403.20001220703125,-397.1000061035156,-372.25,-336.0,-315.75,-293.79998779296875,-280.8500061035156,-273.89996337890625
396,-344.67999267578125,63.81077194213867,5.267336368560791,88.19019571940105,-344.67999267578125,-337.0,39.95394515991211,-431.0799865722656,-407.3500061035156,-398.1000061035156,-373.0,-337.0,-316.0,-294.8999938964844,-281.95001220703125,-273.89996337890625
429,-346.67999267578125,63.7965202331543,5.3874006271362305,88.15995788574219,-346.67999267578125,-339.5,38.49516296386719,-431.0799865722656,-407.3500061035156,-398.1000061035156,-373.0,-339.5,-320.75,-299.79998779296875,-284.95001220703125,-281.91998291015625
462,-350.3800048828125,63.776283264160156,5.4980268478393555,88.1238784790039,-350.3800048828125,-343.5,40.009944915771484,-435.5400085449219,-417.3999938964844,-400.1000061035156,-375.25,-343.5,-323.5,-300.8999938964844,-291.8000183105469,-283.9599914550781
495,-352.05999755859375,63.75938034057617,5.623520851135254,88.09007771809895,-352.05999755859375,-350.0,38.941192626953125,-435.5400085449219,-417.3999938964844,-400.1000061035156,-375.25,-350.0,-324.0,-302.79998779296875,-293.9000244140625,-287.94000244140625
528,-354.29998779296875,63.74100875854492,5.7466139793396,88.05369313557942,-354.29998779296875,-352.0,39.15622329711914,-442.3999938964844,-425.29998779296875,-401.20001220703125,-379.0,-352.0,-325.0,-308.8999938964844,-293.9000244140625,-287.94000244140625
561,-354.8399963378906,63.72428512573242,5.849856376647949,88.02181243896484,-354.8399963378906,-353.5,39.2121696472168,-442.3999938964844,-425.29998779296875,-401.20001220703125,-379.5,-353.5,-325.0,-308.8999938964844,-293.9000244140625,-287.94000244140625
594,-356.1000061035156,63.702606201171875,5.952615261077881,87.98503875732422,-356.1000061035156,-353.5,39.62940979003906,-442.3999938964844,-427.20001220703125,-407.6999816894531,-381.25,-353.5,-327.75,-308.8999938964844,-293.9000244140625,-287.94000244140625
627,-358.41998291015625,63.683677673339844,6.0797576904296875,87.94774373372395,-358.4200134277344,-357.0,38.84898376464844,-442.3999938964844,-427.20001220703125,-413.1000061035156,-382.25,-357.0,-330.5,-312.79998779296875,-299.9000244140625,-290.94000244140625
660,-360.6600036621094,63.66278076171875,6.183371543884277,87.91001383463542,-360.6600036621094,-359.5,38.79567337036133,-442.3999938964844,-427.20001220703125,-414.1000061035156,-384.25,-359.5,-332.0,-313.8999938964844,-300.8500061035156,-290.94000244140625
693,-363.1199951171875,63.64231872558594,6.291337013244629,87.87262217203777,-363.1199951171875,-362.0,38.29994201660156,-442.3999938964844,-431.1000061035156,-415.0,-388.5,-362.0,-332.75,-315.79998779296875,-308.95001220703125,-297.8599853515625
726,-364.3199768066406,63.619834899902344,6.422250747680664,87.82995859781902,-364.32000732421875,-365.0,38.30714797973633,-442.3999938964844,-431.1000061035156,-415.0,-390.75,-365.0,-334.25,-315.79998779296875,-308.95001220703125,-297.8599853515625
759,-366.97998046875,63.60026550292969,6.536426067352295,87.7913080851237,-366.9800109863281,-370.0,38.70529556274414,-461.0199890136719,-433.1000061035156,-415.20001220703125,-394.0,-370.0,-336.0,-315.79998779296875,-310.9000244140625,-300.94000244140625
792,-369.5199890136719,63.577476501464844,6.639773368835449,87.74996948242188,-369.5199890136719,-372.0,37.985652923583984,-461.0199890136719,-433.1000061035156,-415.20001220703125,-394.5,-372.0,-340.0,-319.70001220703125,-312.9000244140625,-300.94000244140625
825,-370.3399963378906,63.55546188354492,6.741755485534668,87.71097310384114,-370.3399963378906,-372.0,37.468177795410156,-461.0199890136719,-433.1000061035156,-415.20001220703125,-394.5,-372.0,-340.75,-319.70001220703125,-312.9000244140625,-300.97998046875
858,-370.55999755859375,63.53315734863281,6.864634990692139,87.66890207926433,-370.55999755859375,-372.0,37.31629943847656,-461.0199890136719,-433.1000061035156,-415.20001220703125,-394.5,-372.0,-341.0,-319.70001220703125,-312.9000244140625,-300.97998046875
891,-371.5799865722656,63.511043548583984,6.967305660247803,87.62793477376302,-371.5799865722656,-372.0,36.14420700073242,-461.0199890136719,-433.1000061035156,-415.20001220703125,-394.5,-372.0,-343.25,-326.70001220703125,-313.95001220703125,-308.97998046875
924,-373.8999938964844,63.487937927246094,7.088587760925293,87.5833257039388,-373.8999938964844,-372.5,36.06507873535156,-461.0199890136719,-435.1499938964844,-417.79998779296875,-397.0,-372.5,-350.0,-326.8999938964844,-313.95001220703125,-309.97998046875
957,-374.94000244140625,63.46204376220703,7.194049835205078,87.53677622477214,-374.94000244140625,-373.0,35.36857604980469,-461.0199890136719,-435.1499938964844,-417.79998779296875,-397.0,-373.0,-352.0,-330.6000061035156,-313.95001220703125,-309.97998046875
990,-375.8399963378906,63.43701934814453,7.293566703796387,87.49377695719402,-375.8399963378906,-373.0,36.054325103759766,-461.0199890136719,-438.20001220703125,-425.20001220703125,-397.0,-373.0,-352.0,-330.6000061035156,-313.95001220703125,-309.97998046875
1023,-376.1399841308594,63.4166259765625,7.389608383178711,87.45503489176433,-376.1400146484375,-373.0,35.73849868774414,-461.0199890136719,-438.20001220703125,-425.20001220703125,-397.0,-373.0,-352.0,-330.6000061035156,-319.70001220703125,-309.97998046875
1056,-376.9599914550781,63.39300537109375,7.516373634338379,87.40833536783855,-376.9599914550781,-373.5,36.26318359375,-461.0199890136719,-442.04998779296875,-427.6000061035156,-397.0,-373.5,-354.0,-330.6000061035156,-319.70001220703125,-309.97998046875
1089,-377.53997802734375,63.364402770996094,7.618936061859131,87.36022186279297,-377.5400085449219,-375.0,35.9650993347168,-461.0199890136719,-442.04998779296875,-427.6000061035156,-397.0,-375.0,-354.0,-330.6000061035156,-319.70001220703125,-309.97998046875
1122,-380.41998291015625,63.338775634765625,7.7378668785095215,87.31227111816406,-380.4200134277344,-381.0,35.20573425292969,-461.0199890136719,-442.04998779296875,-433.0,-398.25,-381.0,-357.5,-331.8999938964844,-323.8000183105469,-313.94000244140625
1155,-383.0199890136719,63.310909271240234,7.840289115905762,87.26404571533203,-383.0199890136719,-383.5,37.223907470703125,-462.0400085449219,-443.04998779296875,-433.1000061035156,-399.0,-383.5,-362.25,-334.70001220703125,-323.8000183105469,-313.94000244140625
1188,-383.3999938964844,63.27769470214844,7.9382147789001465,87.21005503336589,-383.3999938964844,-383.5,36.834495544433594,-462.0400085449219,-443.04998779296875,-433.1000061035156,-399.0,-383.5,-362.25,-335.8999938964844,-325.9000244140625,-313.94000244140625
1221,-384.05999755859375,63.245018005371094,8.041157722473145,87.15518188476562,-384.05999755859375,-383.5,37.27595138549805,-462.0400085449219,-443.04998779296875,-434.0,-401.0,-383.5,-362.25,-335.8999938964844,-325.9000244140625,-313.94000244140625
1254,-386.79998779296875,63.21281051635742,8.140830993652344,87.10098266601562,-386.79998779296875,-384.0,38.040767669677734,-464.8800048828125,-444.8500061035156,-434.1000061035156,-413.0,-384.0,-363.0,-341.8999938964844,-330.8000183105469,-319.9599914550781
1287,-387.6199951171875,63.177467346191406,8.251802444458008,87.04185994466145,-387.6199951171875,-384.0,37.933040618896484,-464.8800048828125,-444.8500061035156,-434.1000061035156,-413.25,-384.0,-363.0,-341.8999938964844,-330.8000183105469,-319.9599914550781
1320,-388.1999816894531,63.1439323425293,8.365351676940918,86.98473103841145,-388.20001220703125,-384.5,37.75950241088867,-464.8800048828125,-444.8500061035156,-434.1000061035156,-413.25,-384.5,-363.0,-341.8999938964844,-330.8000183105469,-319.9599914550781
1353,-388.47998046875,63.10289001464844,8.456520080566406,86.9234390258789,-388.4800109863281,-384.5,37.586029052734375,-464.8800048828125,-444.8500061035156,-434.1000061035156,-413.25,-384.5,-363.75,-341.8999938964844,-330.8000183105469,-319.9599914550781
1386,-389.9599914550781,63.068572998046875,8.5531587600708,86.86718495686848,-389.9599914550781,-387.0,38.18191146850586,-481.5400085449219,-461.04998779296875,-435.29998779296875,-414.0,-387.0,-366.25,-342.8999938964844,-331.0,-323.91998291015625
1419,-390.2599792480469,63.02892303466797,8.636195182800293,86.80802154541016,-390.260009765625,-387.0,37.93879699707031,-481.5400085449219,-461.04998779296875,-435.29998779296875,-414.0,-387.0,-367.75,-344.70001220703125,-331.0,-323.91998291015625
1452,-392.3800048828125,62.98578643798828,8.748163223266602,86.74081166585286,-392.3800048828125,-390.0,38.16484451293945,-481.5400085449219,-461.04998779296875,-442.1000061035156,-415.0,-390.0,-368.0,-345.8999938964844,-334.8000183105469,-326.94000244140625
1485,-392.97998046875,62.94559860229492,8.843423843383789,86.67721811930339,-392.9800109863281,-390.0,38.217529296875,-481.5400085449219,-461.04998779296875,-442.1000061035156,-415.0,-390.0,-368.75,-345.8999938964844,-334.8000183105469,-326.94000244140625
1518,-394.3599853515625,62.904823303222656,8.938441276550293,86.61384582519531,-394.3599853515625,-391.0,38.32349395751953,-481.5400085449219,-461.04998779296875,-442.1000061035156,-417.0,-391.0,-369.75,-349.6000061035156,-336.70001220703125,-326.94000244140625
1551,-397.94000244140625,62.857635498046875,9.048343658447266,86.54038492838542,-397.94000244140625,-393.0,39.86748504638672,-508.0400085449219,-464.8500061035156,-443.1000061035156,-420.75,-393.0,-370.75,-352.8999938964844,-341.95001220703125,-331.0
1584,-398.55999755859375,62.8074951171875,9.153396606445312,86.46358489990234,-398.55999755859375,-393.0,39.45968246459961,-508.0400085449219,-464.8500061035156,-443.1000061035156,-420.75,-393.0,-371.0,-353.8999938964844,-341.95001220703125,-331.0
1617,-401.3599853515625,62.76460266113281,9.256424903869629,86.39281463623047,-401.3599853515625,-395.0,41.895233154296875,-509.0199890136719,-481.79998779296875,-444.1000061035156,-421.0,-395.0,-371.0,-354.8999938964844,-351.9000244140625,-336.8799743652344
1650,-401.55999755859375,62.70991516113281,9.353559494018555,86.3128178914388,-401.55999755859375,-395.0,41.811798095703125,-509.0199890136719,-481.79998779296875,-444.1000061035156,-421.0,-395.0,-371.0,-354.8999938964844,-351.9000244140625,-336.8799743652344
1683,-402.5,62.66350555419922,9.448002815246582,86.24125417073567,-402.5,-396.5,42.82814407348633,-509.0199890136719,-496.04998779296875,-446.5999755859375,-425.5,-396.5,-371.0,-354.8999938964844,-351.9000244140625,-336.8799743652344
1716,-402.53997802734375,62.610252380371094,9.555874824523926,86.16038258870442,-402.5400085449219,-396.5,42.78467559814453,-509.0199890136719,-496.04998779296875,-446.5999755859375,-425.5,-396.5,-371.0,-355.0,-351.9000244140625,-336.8799743652344
1749,-405.1199951171875,62.55675506591797,9.647910118103027,86.08215586344402,-405.1199951171875,-397.0,44.17426300048828,-509.0199890136719,-496.04998779296875,-462.20001220703125,-430.0,-397.0,-371.75,-355.0,-352.95001220703125,-336.8799743652344
1782,-409.2799987792969,62.49348068237305,9.725784301757812,85.99491628011067,-409.2799987792969,-398.0,45.41389083862305,-510.3600158691406,-497.54998779296875,-470.1999816894531,-434.5,-398.0,-376.0,-357.79998779296875,-353.95001220703125,-351.57989501953125
1815,-409.7599792480469,62.4338493347168,9.815069198608398,85.90844217936198,-409.760009765625,-398.0,45.089271545410156,-510.3600158691406,-497.54998779296875,-470.1999816894531,-436.25,-398.0,-376.0,-359.79998779296875,-354.0,-351.8599853515625
1848,-410.3399963378906,62.36656188964844,9.918169021606445,85.8125991821289,-410.3399963378906,-398.5,44.994049072265625,-510.3600158691406,-508.04998779296875,-470.1999816894531,-436.25,-398.5,-378.25,-359.79998779296875,-354.0,-351.8599853515625
1881,-411.55999755859375,62.308502197265625,10.015902519226074,85.72528839111328,-411.55999755859375,-400.0,44.75294876098633,-510.3600158691406,-508.04998779296875,-470.1999816894531,-437.0,-400.0,-379.0,-362.70001220703125,-354.95001220703125,-352.97998046875
1914,-412.4599914550781,62.24180221557617,10.102890014648438,85.63050587972005,-412.4599914550781,-400.5,44.7044563293457,-510.3600158691406,-508.04998779296875,-470.1999816894531,-437.25,-400.5,-379.75,-362.70001220703125,-354.95001220703125,-352.97998046875
1947,-414.55999755859375,62.17913818359375,10.193745613098145,85.54038747151692,-414.55999755859375,-402.0,45.30062484741211,-510.3600158691406,-508.04998779296875,-481.1000061035156,-441.0,-402.0,-381.75,-362.70001220703125,-354.95001220703125,-352.97998046875
1980,-416.3399963378906,62.109004974365234,10.25786304473877,85.44558461507161,-416.3399963378906,-405.0,48.26949691772461,-528.8400268554688,-509.04998779296875,-482.8999938964844,-442.25,-405.0,-381.75,-362.70001220703125,-354.95001220703125,-352.97998046875
2013,-417.3399963378906,62.03377914428711,10.345132827758789,85.3419901529948,-417.3399963378906,-405.0,48.683719635009766,-528.8400268554688,-509.04998779296875,-482.8999938964844,-443.25,-405.0,-381.75,-362.70001220703125,-354.95001220703125,-352.97998046875
2046,-420.03997802734375,61.9615592956543,10.425830841064453,85.24198913574219,-420.0400085449219,-408.0,50.662200927734375,-570.1799926757812,-510.0,-491.1000061035156,-445.5,-408.0,-382.75,-363.8999938964844,-355.95001220703125,-353.97998046875
2079,-422.67999267578125,61.88204574584961,10.507341384887695,85.13456726074219,-422.67999267578125,-413.0,49.95035171508789,-570.1799926757812,-510.0,-491.1000061035156,-451.5,-413.0,-387.25,-365.0,-360.95001220703125,-355.94000244140625
2112,-423.8399963378906,61.80900573730469,10.60254955291748,85.02930450439453,-423.8399963378906,-414.5,49.3424186706543,-570.1799926757812,-510.0,-491.1000061035156,-451.5,-414.5,-390.75,-366.79998779296875,-362.9000244140625,-357.9599914550781
2145,-425.239990234375,61.717674255371094,10.665031433105469,84.91072336832683,-425.239990234375,-415.0,49.725669860839844,-570.1799926757812,-510.8999938964844,-491.1000061035156,-456.25,-415.0,-392.25,-366.79998779296875,-362.95001220703125,-357.9599914550781
2178,-427.1399841308594,61.633934020996094,10.761810302734375,84.79275767008464,-427.1400146484375,-416.0,50.76258850097656,-570.1799926757812,-526.0999755859375,-492.5,-459.25,-416.0,-392.25,-370.6000061035156,-362.95001220703125,-357.9599914550781
2211,-427.91998291015625,61.544944763183594,10.848325729370117,84.6710688273112,-427.9200134277344,-416.0,50.37751007080078,-570.1799926757812,-526.0999755859375,-492.5,-459.5,-416.0,-393.0,-372.8999938964844,-363.95001220703125,-360.94000244140625
2244,-430.0999755859375,61.46087646484375,10.943392753601074,84.55379486083984,-430.1000061035156,-418.0,51.10469436645508,-570.1799926757812,-526.0999755859375,-498.1000061035156,-461.25,-418.0,-393.0,-372.8999938964844,-364.0,-361.91998291015625
2277,-431.41998291015625,61.36651611328125,11.019222259521484,84.42714182535808,-431.4200134277344,-420.5,50.49043273925781,-570.1799926757812,-526.0999755859375,-498.1000061035156,-461.25,-420.5,-396.75,-372.8999938964844,-364.0,-361.91998291015625
2310,-432.8599853515625,61.27423858642578,11.088159561157227,84.3030497233073,-432.8599853515625,-422.5,50.761802673339844,-570.1799926757812,-526.0999755859375,-508.20001220703125,-462.5,-422.5,-397.0,-372.8999938964844,-364.0,-361.91998291015625
2343,-434.0199890136719,61.18321228027344,11.17510986328125,84.17696889241536,-434.0199890136719,-426.0,50.292144775390625,-570.1799926757812,-526.0999755859375,-508.20001220703125,-462.5,-426.0,-399.0,-372.8999938964844,-364.0,-361.91998291015625
2376,-436.67999267578125,61.08848190307617,11.238421440124512,84.05120340983073,-436.67999267578125,-427.0,51.67937088012695,-579.0599975585938,-528.4500122070312,-508.6000061035156,-464.0,-427.0,-400.75,-379.79998779296875,-364.95001220703125,-362.97998046875
2409,-437.41998291015625,60.98936462402344,11.31812572479248,83.9159647623698,-437.4200134277344,-427.0,52.22990798950195,-579.0599975585938,-537.4500122070312,-508.6000061035156,-465.25,-427.0,-400.75,-379.79998779296875,-364.95001220703125,-363.97998046875
2442,-439.44000244140625,60.89643478393555,11.416215896606445,83.78590647379558,-439.44000244140625,-432.5,53.31929016113281,-579.0599975585938,-550.0499877929688,-508.6000061035156,-472.0,-432.5,-400.75,-379.79998779296875,-364.95001220703125,-363.97998046875
2475,-442.739990234375,60.791866302490234,11.505386352539062,83.64436594645183,-442.739990234375,-434.5,55.25859451293945,-579.0599975585938,-554.7999877929688,-519.0,-475.75,-434.5,-401.0,-379.79998779296875,-364.95001220703125,-363.97998046875
2508,-449.1199951171875,60.68657684326172,11.587730407714844,83.49886830647786,-449.1199951171875,-441.0,56.63713836669922,-582.4000244140625,-570.2000122070312,-528.2000122070312,-478.25,-441.0,-407.25,-383.79998779296875,-371.95001220703125,-363.97998046875
2541,-450.5,60.57786178588867,11.662006378173828,83.35308074951172,-450.5,-442.5,57.458595275878906,-602.239990234375,-570.4500122070312,-528.2000122070312,-479.25,-442.5,-410.25,-383.79998779296875,-371.95001220703125,-363.97998046875
2574,-455.8399963378906,60.46284484863281,11.718852043151855,83.20296223958333,-455.8399963378906,-443.0,63.2711181640625,-618.1799926757812,-583.0,-548.0999755859375,-481.0,-443.0,-412.75,-387.6000061035156,-372.95001220703125,-363.97998046875
2607,-462.239990234375,60.36018371582031,11.804781913757324,83.05506134033203,-462.239990234375,-448.5,64.87898254394531,-618.1799926757812,-583.0,-551.2999877929688,-492.5,-448.5,-414.0,-392.0,-380.95001220703125,-371.8399658203125
2640,-465.2599792480469,60.25031661987305,11.868309020996094,82.9082260131836,-465.260009765625,-453.5,66.3387680053711,-619.1599731445312,-602.5999755859375,-570.4000244140625,-502.25,-453.5,-416.0,-396.6000061035156,-380.95001220703125,-371.8399658203125
2673,-467.41998291015625,60.1455078125,11.937113761901855,82.76482391357422,-467.4200134277344,-456.5,67.02539825439453,-619.1599731445312,-609.25,-574.5,-503.25,-456.5,-416.75,-399.70001220703125,-381.95001220703125,-371.8399658203125
2706,-471.8799743652344,60.03295135498047,12.000572204589844,82.61743927001953,-471.8800048828125,-460.0,67.15448760986328,-619.1599731445312,-609.25,-574.5,-509.0,-460.0,-417.75,-399.70001220703125,-383.9000244140625,-372.89996337890625
2739,-476.1199951171875,59.91130828857422,12.05319595336914,82.45623016357422,-476.1199951171875,-462.0,66.53694915771484,-619.1599731445312,-609.25,-574.7000122070312,-510.0,-462.0,-424.25,-400.0,-389.70001220703125,-380.8399658203125
2772,-479.0,59.80291748046875,12.130308151245117,82.30510711669922,-479.0,-463.5,66.84683990478516,-627.02001953125,-614.2000122070312,-574.7000122070312,-514.0,-463.5,-426.5,-401.0,-393.95001220703125,-380.8399658203125
2805,-480.3399963378906,59.672874450683594,12.197115898132324,82.13085174560547,-480.3399963378906,-466.5,67.26741027832031,-627.6599731445312,-614.2000122070312,-574.7000122070312,-514.0,-466.5,-427.25,-401.0,-393.95001220703125,-380.8399658203125
2838,-484.9599914550781,59.560447692871094,12.263603210449219,81.97914377848308,-484.9599914550781,-470.5,67.76472473144531,-634.52001953125,-619.4000244140625,-581.0999755859375,-514.0,-470.5,-433.75,-412.79998779296875,-396.8500061035156,-389.8199462890625
2871,-490.1199951171875,59.432029724121094,12.33083724975586,81.80775705973308,-490.1199951171875,-481.0,67.46825408935547,-634.52001953125,-619.4000244140625,-581.0999755859375,-530.0,-481.0,-440.25,-415.70001220703125,-399.8500061035156,-392.75994873046875
2904,-493.7599792480469,59.30248260498047,12.38431167602539,81.63590494791667,-493.760009765625,-483.5,66.9844970703125,-634.52001953125,-619.4000244140625,-582.5999755859375,-537.5,-483.5,-442.75,-416.8999938964844,-407.60003662109375,-393.97998046875
2937,-495.29998779296875,59.180931091308594,12.454544067382812,81.46848551432292,-495.29998779296875,-483.5,66.3612060546875,-634.52001953125,-619.4000244140625,-582.5999755859375,-542.0,-483.5,-445.75,-417.8999938964844,-407.60003662109375,-393.97998046875
2970,-499.3999938964844,59.05731964111328,12.527875900268555,81.29702758789062,-499.3999938964844,-491.5,64.40946960449219,-634.52001953125,-619.4000244140625,-582.5999755859375,-542.0,-491.5,-450.75,-422.8999938964844,-417.7500305175781,-399.94000244140625
3003,-501.0,58.92432403564453,12.58094310760498,81.12084452311198,-501.0,-495.0,64.86431884765625,-656.0800170898438,-627.1500244140625,-582.5999755859375,-542.0,-495.0,-450.75,-422.8999938964844,-417.7500305175781,-399.94000244140625
3036,-506.3999938964844,58.795257568359375,12.647405624389648,80.94463348388672,-506.3999938964844,-498.5,63.733665466308594,-656.0800170898438,-627.1500244140625,-589.2999877929688,-547.5,-498.5,-456.75,-425.0,-419.0,-399.94000244140625
3069,-508.47998046875,58.666961669921875,12.706930160522461,80.77109018961589,-508.4800109863281,-500.5,64.21704864501953,-656.0800170898438,-627.3499755859375,-599.0999755859375,-553.25,-500.5,-458.75,-425.0,-419.0,-399.94000244140625
3102,-510.1600036621094,58.53489303588867,12.760028839111328,80.59299723307292,-510.1600036621094,-503.0,64.01339721679688,-656.0800170898438,-627.3499755859375,-599.0999755859375,-553.25,-503.0,-460.5,-425.0,-419.0,-399.94000244140625
3135,-511.8599853515625,58.39266586303711,12.819141387939453,80.40296427408855,-511.8599853515625,-503.0,63.72785949707031,-656.0800170898438,-627.3499755859375,-600.0999755859375,-553.25,-503.0,-463.75,-430.4000244140625,-419.0,-399.94000244140625
3168,-515.5199584960938,58.2661247253418,12.87786865234375,80.2266845703125,-515.52001953125,-503.0,66.57408905029297,-660.280029296875,-627.3499755859375,-619.0999755859375,-561.0,-503.0,-465.75,-430.4000244140625,-419.0,-399.94000244140625
3201,-519.0999755859375,58.133331298828125,12.947733879089355,80.04252624511719,-519.0999755859375,-505.0,65.85173034667969,-660.280029296875,-627.3499755859375,-619.0999755859375,-561.5,-505.0,-473.5,-442.79998779296875,-424.8500061035156,-417.6399230957031
3234,-521.6799926757812,58.00286102294922,12.996444702148438,79.86305745442708,-521.6799926757812,-507.5,65.27937316894531,-674.0,-640.2000122070312,-620.0999755859375,-561.5,-507.5,-475.0,-445.0,-435.0,-424.8599853515625
3267,-525.3399658203125,57.87139892578125,13.067831039428711,79.67894744873047,-525.3400268554688,-508.5,65.8864517211914,-674.0,-645.1500244140625,-620.0999755859375,-568.5,-508.5,-480.5,-455.20001220703125,-435.95001220703125,-424.89996337890625
3300,-527.3999633789062,57.72991943359375,13.120183944702148,79.48574320475261,-527.4000244140625,-509.0,66.13062286376953,-674.0,-648.0999755859375,-621.0,-571.5,-509.0,-482.5,-456.8999938964844,-442.6500244140625,-424.89996337890625
3333,-530.6799926757812,57.59910583496094,13.163801193237305,79.3067855834961,-530.6799926757812,-512.0,67.55943298339844,-674.2000122070312,-648.0999755859375,-627.0,-577.0,-512.0,-484.75,-456.8999938964844,-442.6500244140625,-424.89996337890625
3366,-533.719970703125,57.45616149902344,13.222335815429688,79.10733540852864,-533.719970703125,-518.5,67.59957122802734,-674.2000122070312,-648.0999755859375,-627.2000122070312,-577.25,-518.5,-485.0,-459.70001220703125,-442.6500244140625,-424.89996337890625
3399,-537.0599975585938,57.319915771484375,13.275238037109375,78.91610209147136,-537.0599975585938,-523.0,67.35114288330078,-674.2000122070312,-650.9000244140625,-629.2999877929688,-577.25,-523.0,-490.75,-460.8999938964844,-447.7500305175781,-434.7999572753906
3432,-541.2000122070312,57.187522888183594,13.341200828552246,78.72759246826172,-541.2000122070312,-529.0,68.24090576171875,-684.5599975585938,-668.2999877929688,-629.2999877929688,-583.5,-529.0,-493.0,-464.79998779296875,-449.95001220703125,-435.77996826171875
3465,-543.1199951171875,57.058013916015625,13.406654357910156,78.5412114461263,-543.1199951171875,-530.5,68.4415512084961,-684.5599975585938,-674.0,-629.2999877929688,-583.5,-530.5,-494.5,-464.79998779296875,-449.95001220703125,-435.77996826171875
3498,-545.7999877929688,56.917091369628906,13.454341888427734,78.34888458251953,-545.7999877929688,-536.5,68.46414947509766,-686.52001953125,-674.1500244140625,-633.0999755859375,-590.5,-536.5,-496.5,-464.79998779296875,-449.95001220703125,-435.9599914550781
3531,-549.0199584960938,56.78162384033203,13.510008811950684,78.15377807617188,-549.02001953125,-539.0,68.88787078857422,-686.9600219726562,-674.1500244140625,-643.2000122070312,-601.5,-539.0,-499.75,-466.8999938964844,-460.95001220703125,-435.9599914550781
3564,-551.5,56.6427116394043,13.579057693481445,77.95439147949219,-551.5,-541.5,67.96300506591797,-686.9600219726562,-674.1500244140625,-643.2000122070312,-601.5,-541.5,-502.0,-469.0,-460.95001220703125,-435.9599914550781
3597,-554.6799926757812,56.50740051269531,13.628562927246094,77.76263427734375,-554.6799926757812,-543.5,67.4029541015625,-686.9600219726562,-677.3499755859375,-643.5999755859375,-606.0,-543.5,-503.75,-477.5,-460.95001220703125,-435.9599914550781
3630,-556.0599975585938,56.36948776245117,13.698991775512695,77.56407165527344,-556.0599975585938,-544.5,68.89598846435547,-686.9600219726562,-677.3499755859375,-649.0999755859375,-606.0,-544.5,-504.0,-480.70001220703125,-460.95001220703125,-435.9599914550781
3663,-558.47998046875,56.229583740234375,13.762876510620117,77.36448923746745,-558.47998046875,-548.5,69.79075622558594,-704.5999755859375,-677.4500122070312,-649.5999755859375,-607.0,-548.5,-504.75,-480.70001220703125,-460.95001220703125,-435.9599914550781
3696,-559.9599609375,56.10087585449219,13.81074047088623,77.18142954508464,-559.9600219726562,-548.5,69.50408935546875,-712.4400024414062,-686.0,-649.5999755859375,-607.0,-548.5,-507.25,-486.6000061035156,-465.7500305175781,-435.9599914550781
3729,-561.8399658203125,55.96331787109375,13.85365104675293,76.9853006998698,-561.8400268554688,-561.5,69.84378814697266,-712.4400024414062,-686.8499755859375,-655.2000122070312,-607.0,-561.5,-508.0,-486.6000061035156,-465.7500305175781,-437.9599914550781
3762,-564.3599853515625,55.826995849609375,13.92633056640625,76.78385416666667,-564.3599853515625,-561.5,70.67821502685547,-728.1199951171875,-703.0499877929688,-659.9000244140625,-610.75,-561.5,-508.75,-487.0,-465.7500305175781,-444.8599853515625
3795,-566.0800170898438,55.685279846191406,13.971620559692383,76.58440653483073,-566.0800170898438,-566.0,70.5964126586914,-728.1199951171875,-703.0499877929688,-659.9000244140625,-611.5,-566.0,-509.75,-487.0,-465.7500305175781,-444.8599853515625
3828,-568.9400024414062,55.54008102416992,14.019454956054688,76.37728627522786,-568.9400024414062,-566.0,71.093017578125,-728.1199951171875,-704.0499877929688,-669.4000244140625,-613.5,-566.0,-513.75,-488.79998779296875,-465.7500305175781,-459.5599060058594
3861,-570.219970703125,55.404022216796875,14.086627006530762,76.17597961425781,-570.219970703125,-566.0,72.64552307128906,-734.3599853515625,-704.0499877929688,-669.4000244140625,-615.25,-566.0,-513.75,-488.79998779296875,-465.7500305175781,-459.5599060058594
3894,-573.0599975585938,55.27662658691406,14.152742385864258,75.97993469238281,-573.0599975585938,-570.5,72.54637145996094,-734.3599853515625,-704.0499877929688,-669.4000244140625,-616.25,-570.5,-515.5,-488.79998779296875,-465.7500305175781,-459.5599060058594
3927,-575.1599731445312,55.13389205932617,14.207536697387695,75.77777099609375,-575.1599731445312,-570.5,70.63111114501953,-734.3599853515625,-704.0499877929688,-669.4000244140625,-618.5,-570.5,-523.75,-492.79998779296875,-482.9000244140625,-460.89996337890625
3960,-577.2799682617188,54.99358367919922,14.252517700195312,75.57378641764323,-577.280029296875,-573.5,70.5003662109375,-734.3599853515625,-704.0499877929688,-669.4000244140625,-621.25,-573.5,-527.0,-492.79998779296875,-482.9000244140625,-460.89996337890625
3993,-578.5599975585938,54.85395431518555,14.317876815795898,75.36759694417317,-578.5599975585938,-573.5,69.95388793945312,-734.3599853515625,-704.0499877929688,-669.4000244140625,-623.5,-573.5,-529.5,-493.0,-482.9000244140625,-460.89996337890625
4026,-582.0800170898438,54.716976165771484,14.376859664916992,75.16136678059895,-582.0800170898438,-575.5,71.05274963378906,-746.1199951171875,-704.0499877929688,-674.2999877929688,-629.0,-575.5,-530.25,-495.70001220703125,-486.8000183105469,-460.89996337890625
4059,-583.3599853515625,54.576560974121094,14.427363395690918,74.95920054117839,-583.3599853515625,-575.5,70.2661361694336,-746.1199951171875,-704.0499877929688,-674.2999877929688,-629.0,-575.5,-530.25,-496.8999938964844,-489.8500061035156,-470.7999572753906
4092,-586.9199829101562,54.441795349121094,14.472567558288574,74.7635014851888,-586.9199829101562,-576.5,70.24053955078125,-752.0399780273438,-704.0499877929688,-682.4000244140625,-635.75,-576.5,-531.75,-498.79998779296875,-491.0,-486.91998291015625
4125,-589.5399780273438,54.310447692871094,14.529284477233887,74.56573486328125,-589.5399780273438,-584.5,70.41170501708984,-752.0399780273438,-704.0499877929688,-685.0999755859375,-639.0,-584.5,-534.25,-499.0,-491.0,-486.91998291015625
4158,-591.3200073242188,54.17246627807617,14.566465377807617,74.36405436197917,-591.3200073242188,-584.5,69.58043670654297,-754.239990234375,-704.0499877929688,-685.0999755859375,-639.0,-584.5,-539.75,-507.70001220703125,-495.8500061035156,-490.8399658203125
4191,-595.47998046875,54.02412033081055,14.613859176635742,74.14669036865234,-595.47998046875,-595.5,69.2230453491211,-754.3200073242188,-722.5499877929688,-686.0999755859375,-639.0,-595.5,-540.75,-508.0,-499.0,-491.0
4224,-597.5,53.88031005859375,14.652315139770508,73.94206237792969,-597.5,-597.0,69.64344787597656,-754.3200073242188,-722.5499877929688,-687.0,-640.5,-597.0,-542.5,-508.0,-499.0,-491.0
4257,-599.3399658203125,53.74991989135742,14.71438980102539,73.74386342366536,-599.3400268554688,-597.0,68.7044677734375,-754.3200073242188,-722.5499877929688,-687.0,-642.0,-597.0,-542.5,-510.79998779296875,-504.8500061035156,-498.94000244140625
4290,-601.8200073242188,53.60627746582031,14.762123107910156,73.5356953938802,-601.8200073242188,-597.5,69.05409240722656,-770.1199951171875,-722.5499877929688,-688.2000122070312,-642.0,-597.5,-544.75,-511.8999938964844,-506.9000244140625,-498.94000244140625
4323,-604.1400146484375,53.476318359375,14.816726684570312,73.33505757649739,-604.1400146484375,-599.0,68.87757110595703,-770.1199951171875,-722.5499877929688,-699.5999755859375,-642.5,-599.0,-545.0,-523.5,-507.95001220703125,-501.94000244140625
4356,-605.3599853515625,53.342567443847656,14.865089416503906,73.13294728597005,-605.3599853515625,-603.5,69.22319030761719,-770.1199951171875,-722.5499877929688,-699.5999755859375,-647.75,-603.5,-545.0,-523.5,-508.9000244140625,-501.94000244140625
4389,-608.219970703125,53.21664047241211,14.935264587402344,72.9336675008138,-608.219970703125,-609.5,69.29135131835938,-770.1199951171875,-722.5499877929688,-705.0,-656.5,-609.5,-548.0,-523.5,-508.9000244140625,-501.94000244140625
4422,-615.1799926757812,53.085609436035156,14.992002487182617,72.7312240600586,-615.1799926757812,-615.0,75.51176452636719,-784.260009765625,-754.7999877929688,-713.0,-661.25,-615.0,-548.0,-526.7000122070312,-510.8000183105469,-501.94000244140625
4455,-617.6199951171875,52.958580017089844,15.052518844604492,72.53095245361328,-617.6199951171875,-617.0,74.52406311035156,-784.260009765625,-754.7999877929688,-713.5999755859375,-662.75,-617.0,-553.75,-528.7999877929688,-511.95001220703125,-501.94000244140625
4488,-618.239990234375,52.83320236206055,15.091951370239258,72.33828735351562,-618.239990234375,-617.0,74.27545166015625,-784.260009765625,-754.7999877929688,-713.5999755859375,-662.75,-617.0,-553.75,-528.7999877929688,-513.9000244140625,-501.94000244140625
4521,-620.9400024414062,52.699764251708984,15.168167114257812,72.12886810302734,-620.9400024414062,-618.0,74.12027740478516,-788.1799926757812,-754.7999877929688,-713.5999755859375,-673.0,-618.0,-563.0,-528.7999877929688,-514.0,-501.94000244140625
4554,-623.6799926757812,52.56647872924805,15.203085899353027,71.93314361572266,-623.6799926757812,-618.0,72.57463836669922,-788.1799926757812,-754.7999877929688,-719.2000122070312,-673.0,-618.0,-568.75,-539.2999877929688,-522.6500244140625,-501.94000244140625
4587,-625.97998046875,52.434322357177734,15.246833801269531,71.73062388102214,-625.97998046875,-619.0,72.17825317382812,-788.1799926757812,-754.7999877929688,-721.2999877929688,-673.0,-619.0,-571.0,-539.2999877929688,-523.0,-505.8599853515625
4620,-627.5999755859375,52.276424407958984,15.287239074707031,71.50348409016927,-627.5999755859375,-619.5,71.99430847167969,-788.1799926757812,-754.7999877929688,-721.2999877929688,-676.5,-619.5,-571.0,-539.7000122070312,-524.9500122070312,-505.8599853515625
4653,-629.9400024414062,52.13251876831055,15.32199478149414,71.29141235351562,-629.9400024414062,-620.0,73.97388458251953,-796.02001953125,-784.0999755859375,-724.5,-676.5,-620.0,-571.75,-539.7000122070312,-524.9500122070312,-505.8599853515625
4686,-631.7999877929688,52.00071334838867,15.384729385375977,71.0835698445638,-631.7999877929688,-621.5,73.03711700439453,-796.02001953125,-784.0999755859375,-729.2000122070312,-676.5,-621.5,-573.75,-540.0,-525.9500122070312,-522.659912109375
4719,-634.239990234375,51.84093475341797,15.407926559448242,70.856689453125,-634.239990234375,-624.0,72.37735748291016,-796.02001953125,-784.0999755859375,-731.7000122070312,-676.5,-624.0,-576.5,-544.5,-525.9500122070312,-522.659912109375
4752,-635.4199829101562,51.705596923828125,15.449130058288574,70.64852142333984,-635.4199829101562,-630.0,72.18534088134766,-796.02001953125,-784.0999755859375,-731.7000122070312,-676.5,-630.0,-579.25,-548.5999755859375,-525.9500122070312,-522.659912109375
4785,-638.2000122070312,51.55938720703125,15.494319915771484,70.42966969807942,-638.2000122070312,-631.0,70.7026138305664,-796.02001953125,-784.0999755859375,-731.7000122070312,-678.5,-631.0,-586.75,-548.5999755859375,-537.7000122070312,-523.0
4818,-639.47998046875,51.41344451904297,15.567535400390625,70.20044453938802,-639.47998046875,-631.0,70.99401092529297,-797.1400146484375,-786.0999755859375,-739.0999755859375,-678.5,-631.0,-589.5,-548.7000122070312,-537.7000122070312,-523.0
4851,-641.0799560546875,51.2762451171875,15.641838073730469,69.97934214274089,-641.0800170898438,-631.0,72.63397216796875,-804.0800170898438,-795.0499877929688,-749.4000244140625,-680.0,-631.0,-589.5,-548.7000122070312,-539.6000366210938,-523.0
4884,-642.6799926757812,51.14048767089844,15.676292419433594,69.77765146891277,-642.6799926757812,-631.0,72.25204467773438,-804.0800170898438,-795.0499877929688,-749.4000244140625,-682.0,-631.0,-589.5,-550.7999877929688,-541.9000244140625,-523.0
4917,-644.1199951171875,50.99957275390625,15.715919494628906,69.56121826171875,-644.1199951171875,-633.0,71.95974731445312,-804.0800170898438,-795.0499877929688,-749.4000244140625,-685.5,-633.0,-589.5,-550.7999877929688,-541.9500122070312,-525.9400024414062
4950,-644.8999633789062,50.862083435058594,15.770824432373047,69.34575653076172,-644.9000244140625,-633.0,71.28008270263672,-804.0800170898438,-795.0499877929688,-749.4000244140625,-685.5,-633.0,-591.5,-552.7999877929688,-544.800048828125,-525.9400024414062
4983,-646.3800048828125,50.732688903808594,15.829145431518555,69.13678741455078,-646.3800048828125,-639.0,71.16062927246094,-804.0800170898438,-795.0499877929688,-749.4000244140625,-685.5,-639.0,-594.75,-555.7000122070312,-547.6500244140625,-525.9400024414062
5016,-647.760009765625,50.59051513671875,15.880206108093262,68.91262308756511,-647.760009765625,-644.0,71.45797729492188,-808.0,-796.0499877929688,-749.4000244140625,-685.5,-644.0,-594.75,-555.7000122070312,-547.6500244140625,-525.9400024414062
5049,-649.7000122070312,50.438011169433594,15.940032958984375,68.67091115315755,-649.7000122070312,-644.0,71.2607192993164,-808.280029296875,-796.0499877929688,-749.4000244140625,-688.5,-644.0,-596.5,-558.9000244140625,-548.9500122070312,-525.9400024414062
5082,-650.7000122070312,50.28411865234375,15.984785079956055,68.44036356608073,-650.7000122070312,-644.0,71.89193725585938,-808.280029296875,-796.0499877929688,-749.4000244140625,-699.0,-644.0,-596.5,-558.9000244140625,-550.9000244140625,-525.9400024414062
5115,-652.3599853515625,50.138092041015625,16.03639793395996,68.21070861816406,-652.3599853515625,-644.0,72.72612762451172,-822.0,-797.3499755859375,-749.4000244140625,-699.5,-644.0,-597.0,-560.7999877929688,-551.8500366210938,-525.9400024414062
5148,-654.2000122070312,49.98774337768555,16.076717376708984,67.98031107584636,-654.2000122070312,-650.0,72.28983306884766,-822.0,-797.3499755859375,-753.0999755859375,-699.5,-650.0,-597.0,-562.7000122070312,-551.8500366210938,-525.9400024414062
5181,-655.8399658203125,49.831626892089844,16.123865127563477,67.74201202392578,-655.8400268554688,-650.0,71.53876495361328,-822.0,-797.3499755859375,-753.0999755859375,-699.5,-650.0,-605.0,-566.7000122070312,-552.9500122070312,-533.7799682617188
5214,-659.1799926757812,49.68801498413086,16.15599822998047,67.52265167236328,-659.1799926757812,-655.5,70.52650451660156,-822.0,-797.3499755859375,-760.0999755859375,-701.25,-655.5,-605.0,-579.0,-558.9500122070312,-540.0
5247,-660.8800048828125,49.552703857421875,16.202077865600586,67.30913798014323,-660.8800048828125,-655.5,69.86104583740234,-822.0,-797.3499755859375,-760.0999755859375,-702.5,-655.5,-610.5,-581.7000122070312,-559.9500122070312,-552.7399291992188
5280,-662.97998046875,49.40678024291992,16.26290512084961,67.08544413248698,-662.97998046875,-657.0,68.73529052734375,-822.0,-797.3499755859375,-760.2000122070312,-702.5,-657.0,-610.5,-584.7000122070312,-571.4000244140625,-557.639892578125
5313,-664.0399780273438,49.250518798828125,16.3106689453125,66.84766896565755,-664.0399780273438,-658.5,68.32640838623047,-822.0,-797.4500122070312,-760.2000122070312,-702.5,-658.5,-610.5,-585.9000244140625,-571.4000244140625,-557.639892578125
5346,-666.3999633789062,49.09392547607422,16.358896255493164,66.60624186197917,-666.4000244140625,-658.5,67.93423461914062,-822.0800170898438,-797.4500122070312,-762.2999877929688,-704.0,-658.5,-614.5,-587.0,-571.9500122070312,-557.639892578125
5379,-667.6799926757812,48.93061447143555,16.3941707611084,66.36127217610677,-667.6799926757812,-658.5,66.72748565673828,-822.0800170898438,-797.4500122070312,-762.2999877929688,-704.0,-658.5,-618.75,-588.0,-578.6500244140625,-559.9599609375
5412,-668.8999633789062,48.79862594604492,16.4541015625,66.14266713460286,-668.9000244140625,-658.5,66.19977569580078,-822.0800170898438,-797.4500122070312,-762.2999877929688,-704.0,-658.5,-625.75,-588.9000244140625,-578.6500244140625,-559.9599609375
5445,-670.719970703125,48.64069747924805,16.502674102783203,65.8976338704427,-670.719970703125,-660.0,65.59010314941406,-822.0800170898438,-797.4500122070312,-764.0999755859375,-704.0,-660.0,-625.75,-594.9000244140625,-586.2500610351562,-559.9599609375
5478,-672.8399658203125,48.48240280151367,16.551612854003906,65.6566390991211,-672.8400268554688,-661.0,65.82123565673828,-822.1599731445312,-797.4500122070312,-764.0999755859375,-709.5,-661.0,-625.75,-599.5,-587.0,-571.719970703125
5511,-674.719970703125,48.32234191894531,16.60917091369629,65.40655263264973,-674.719970703125,-664.0,66.31727600097656,-822.280029296875,-799.3499755859375,-774.3999633789062,-709.5,-664.0,-626.75,-600.9000244140625,-593.9500122070312,-571.719970703125
5544,-676.3399658203125,48.15587615966797,16.662639617919922,65.14751688639323,-676.3400268554688,-667.5,65.93408966064453,-822.280029296875,-806.2999877929688,-774.3999633789062,-716.25,-667.5,-630.0,-600.9000244140625,-594.0,-571.7399291992188
5577,-677.3599853515625,48.01622772216797,16.71809196472168,64.91781870524089,-677.3599853515625,-667.5,66.35517883300781,-822.280029296875,-806.2999877929688,-774.3999633789062,-717.25,-667.5,-630.0,-600.9000244140625,-594.0,-571.7399291992188
5610,-679.1199951171875,47.85939025878906,16.74661636352539,64.67459106445312,-679.1199951171875,-671.0,66.01701354980469,-822.280029296875,-806.2999877929688,-774.3999633789062,-718.75,-671.0,-630.75,-601.9000244140625,-594.0,-583.7599487304688
5643,-681.0399780273438,47.70249557495117,16.782331466674805,64.42988586425781,-681.0399780273438,-673.5,65.84541320800781,-822.3200073242188,-806.2999877929688,-774.3999633789062,-718.75,-673.5,-631.75,-603.7000122070312,-594.0,-583.7599487304688
5676,-683.6199951171875,47.52372360229492,16.80816650390625,64.16738382975261,-683.6199951171875,-676.5,64.94886779785156,-822.3200073242188,-806.2999877929688,-774.3999633789062,-722.75,-676.5,-633.75,-606.7000122070312,-594.0,-583.7599487304688
5709,-686.239990234375,47.3513298034668,16.839893341064453,63.90984217325846,-686.239990234375,-680.0,64.88761901855469,-822.3200073242188,-806.2999877929688,-774.5999755859375,-722.75,-680.0,-634.75,-608.5,-594.0,-583.7599487304688
5742,-687.4400024414062,47.171165466308594,16.895536422729492,63.635850270589195,-687.4400024414062,-680.0,64.8387680053711,-822.3200073242188,-811.0499877929688,-774.5999755859375,-722.75,-680.0,-637.5,-608.5,-594.0,-591.8399658203125
5775,-688.8200073242188,47.02854919433594,16.94585418701172,63.40374247233073,-688.8200073242188,-682.0,64.77613830566406,-826.239990234375,-812.2000122070312,-774.5999755859375,-725.0,-682.0,-638.75,-608.5,-594.0,-591.8399658203125
5808,-690.3599853515625,46.85975646972656,17.002079010009766,63.137716929117836,-690.3599853515625,-683.0,64.91417694091797,-836.0399780273438,-812.5,-777.2999877929688,-725.0,-683.0,-638.75,-615.9000244140625,-594.0,-591.8399658203125
5841,-693.6799926757812,46.69521713256836,17.0404109954834,62.881927490234375,-693.6799926757812,-686.0,64.6194839477539,-838.3200073242188,-812.7000122070312,-787.2000122070312,-731.25,-686.0,-646.75,-619.0,-594.0,-591.8399658203125
5874,-694.260009765625,46.52640914916992,17.101139068603516,62.61077117919922,-694.260009765625,-686.0,64.3331298828125,-838.3200073242188,-812.7000122070312,-787.2000122070312,-733.75,-686.0,-646.75,-619.0,-600.9500122070312,-593.7999267578125
5907,-696.219970703125,46.34299850463867,17.14461326599121,62.33032353719076,-696.219970703125,-686.5,63.64818572998047,-838.3200073242188,-812.7000122070312,-787.2000122070312,-739.5,-686.5,-649.75,-619.9000244140625,-610.5000610351562,-593.7999267578125
5940,-699.8399658203125,46.153770446777344,17.185239791870117,62.04303741455078,-699.8400268554688,-690.5,63.98495864868164,-841.260009765625,-826.5,-789.7999877929688,-739.75,-690.5,-653.75,-624.5,-610.5000610351562,-593.7999267578125
5973,-701.1799926757812,45.97129821777344,17.219932556152344,61.765333811442055,-701.1799926757812,-690.5,64.61105346679688,-844.2000122070312,-836.0999755859375,-798.0999755859375,-739.75,-690.5,-658.25,-624.5,-610.5000610351562,-595.7599487304688
6006,-703.4599609375,45.78547286987305,17.244823455810547,61.49012247721354,-703.4600219726562,-694.5,64.72657012939453,-844.2000122070312,-837.0499877929688,-798.0999755859375,-739.75,-694.5,-660.5,-625.0,-615.75,-595.7599487304688
6039,-705.0399780273438,45.583091735839844,17.265968322753906,61.19525909423828,-705.0399780273438,-694.5,63.93135452270508,-844.2000122070312,-838.0,-798.0999755859375,-739.75,-694.5,-664.0,-636.2000122070312,-615.75,-595.7599487304688
6072,-706.2000122070312,45.39256286621094,17.30326271057129,60.90623346964518,-706.2000122070312,-698.5,64.24687194824219,-844.2000122070312,-838.0,-798.0999755859375,-739.75,-698.5,-664.0,-636.2000122070312,-615.75,-595.7599487304688
6105,-707.9599609375,45.21598434448242,17.34618377685547,60.62350718180338,-707.9600219726562,-703.0,64.23066711425781,-844.2000122070312,-838.0,-798.0999755859375,-742.25,-703.0,-664.75,-636.2000122070312,-615.75,-599.679931640625
6138,-709.97998046875,45.03600311279297,17.379322052001953,60.34304555257162,-709.97998046875,-704.0,63.690025329589844,-844.2000122070312,-838.0,-798.0999755859375,-742.25,-704.0,-669.75,-636.7000122070312,-618.8500366210938,-601.639892578125
6171,-711.6599731445312,44.851036071777344,17.418010711669922,60.04931131998698,-711.6599731445312,-704.5,63.62723159790039,-844.2000122070312,-838.0,-799.0,-744.0,-704.5,-671.5,-636.7000122070312,-618.8500366210938,-601.639892578125
6204,-713.1799926757812,44.64717102050781,17.442359924316406,59.74798711140951,-713.1799926757812,-704.5,63.63888168334961,-844.2000122070312,-838.0,-799.2000122070312,-744.0,-704.5,-672.75,-639.7000122070312,-618.8500366210938,-609.4798583984375
6237,-715.760009765625,44.438629150390625,17.464630126953125,59.44065602620443,-715.760009765625,-708.0,63.49489974975586,-844.2000122070312,-838.0,-801.0,-745.5,-708.0,-677.0,-639.7000122070312,-619.9500122070312,-610.5399169921875
6270,-717.3200073242188,44.23971176147461,17.491779327392578,59.140238444010414,-717.3200073242188,-708.0,62.56450653076172,-844.2000122070312,-838.0,-801.0,-745.5,-708.0,-677.75,-645.9000244140625,-624.75,-610.5798950195312
6303,-719.8399658203125,44.03142547607422,17.507532119750977,58.83805592854818,-719.8400268554688,-710.0,64.50824737548828,-857.3400268554688,-844.4000244140625,-806.2000122070312,-748.5,-710.0,-679.0,-648.7000122070312,-636.4000244140625,-610.5798950195312
6336,-722.239990234375,43.83625411987305,17.540424346923828,58.539424896240234,-722.239990234375,-712.0,65.64115905761719,-872.0399780273438,-854.1500244140625,-808.199951171875,-755.75,-712.0,-680.0,-648.7000122070312,-636.6500244140625,-610.5798950195312
6369,-725.0999755859375,43.61545944213867,17.545974731445312,58.225714365641274,-725.0999755859375,-716.0,64.97329711914062,-872.0399780273438,-854.1500244140625,-810.8999633789062,-755.75,-716.0,-681.0,-650.7999877929688,-636.6500244140625,-613.9400024414062
6402,-727.0,43.40562438964844,17.574941635131836,57.9077402750651,-727.0,-720.5,65.4099349975586,-872.0399780273438,-862.25,-818.0999755859375,-755.75,-720.5,-681.0,-650.7999877929688,-636.8500366210938,-613.9400024414062
6435,-728.1799926757812,43.201873779296875,17.628711700439453,57.58067067464193,-728.1799926757812,-723.5,65.41671752929688,-872.0399780273438,-862.25,-818.0999755859375,-755.75,-723.5,-684.0,-650.7999877929688,-636.8500366210938,-613.9400024414062
6468,-730.1399536132812,42.99784851074219,17.67871856689453,57.25625737508138,-730.1400146484375,-724.5,65.46663665771484,-874.1599731445312,-867.0499877929688,-818.0999755859375,-762.5,-724.5,-684.0,-650.7999877929688,-642.9500122070312,-613.9400024414062
6501,-731.3800048828125,42.764984130859375,17.68973731994629,56.921731313069664,-731.3800048828125,-725.0,64.92022705078125,-874.1599731445312,-867.0499877929688,-818.0999755859375,-762.5,-725.0,-684.0,-655.5,-643.9000244140625,-613.9400024414062
6534,-732.8599853515625,42.56006622314453,17.728849411010742,56.59979120890299,-732.8599853515625,-725.0,65.0430679321289,-884.0,-868.2000122070312,-819.8999633789062,-762.5,-725.0,-684.0,-655.5,-643.9000244140625,-632.6199340820312
6567,-734.1199951171875,42.32434844970703,17.748546600341797,56.24794133504232,-734.1199951171875,-725.0,64.3326187133789,-884.0,-868.2000122070312,-822.5999755859375,-762.5,-725.0,-685.75,-660.5,-644.9500122070312,-633.97998046875
6600,-735.7999877929688,42.10406494140625,17.758159637451172,55.92280960083008,-735.7999877929688,-725.5,64.0688705444336,-884.0,-868.2000122070312,-837.4000244140625,-766.25,-725.5,-694.25,-660.5,-644.9500122070312,-640.8599853515625
6633,-737.8999633789062,41.857154846191406,17.746747970581055,55.57807159423828,-737.9000244140625,-728.0,63.87120056152344,-884.0,-868.2000122070312,-837.4000244140625,-766.25,-728.0,-696.75,-660.5,-644.9500122070312,-640.8599853515625
6666,-739.3800048828125,41.642921447753906,17.781925201416016,55.24175008138021,-739.3800048828125,-730.0,63.362728118896484,-884.0,-868.2000122070312,-837.4000244140625,-766.25,-730.0,-696.75,-667.2999877929688,-645.9500122070312,-641.97998046875
6699,-740.47998046875,41.43783187866211,17.816097259521484,54.917378743489586,-740.47998046875,-730.0,63.48030471801758,-884.0,-868.2000122070312,-837.4000244140625,-766.25,-730.0,-700.75,-670.7000122070312,-645.9500122070312,-641.97998046875
6732,-741.7000122070312,41.23247528076172,17.849851608276367,54.58391571044922,-741.7000122070312,-730.0,63.99351501464844,-884.0,-870.0999755859375,-837.4000244140625,-780.0,-730.0,-700.75,-670.7000122070312,-645.9500122070312,-641.97998046875
6765,-744.0999755859375,41.02360916137695,17.886295318603516,54.251566569010414,-744.0999755859375,-731.0,64.64216613769531,-884.0,-872.0999755859375,-842.2000122070312,-780.0,-731.0,-703.75,-670.7000122070312,-650.75,-643.9599609375
6798,-746.6399536132812,40.798954010009766,17.893991470336914,53.91010030110677,-746.6400146484375,-732.5,64.1742172241211,-884.0,-872.0999755859375,-845.7999877929688,-786.0,-732.5,-703.75,-671.0,-654.800048828125,-644.97998046875
6831,-748.9599609375,40.56222915649414,17.908306121826172,53.55397415161133,-748.9600219726562,-736.5,65.84207153320312,-884.5599975585938,-875.2000122070312,-853.0999755859375,-786.5,-736.5,-704.0,-671.0,-655.0,-644.97998046875
6864,-750.760009765625,40.343109130859375,17.959217071533203,53.19858423868815,-750.760009765625,-737.5,66.22720336914062,-887.5,-879.0499877929688,-854.0,-786.5,-737.5,-704.0,-675.7000122070312,-667.3500366210938,-648.9400024414062
6897,-753.3399658203125,40.10951614379883,17.971153259277344,52.84210968017578,-753.3400268554688,-740.0,66.88934326171875,-895.3400268554688,-884.0,-861.3999633789062,-786.5,-740.0,-706.25,-675.7000122070312,-669.9000244140625,-648.9400024414062
6930,-755.5999755859375,39.888954162597656,17.99193572998047,52.48948669433594,-755.5999755859375,-740.0,67.54243469238281,-895.3400268554688,-884.0,-861.5,-798.25,-740.0,-706.25,-675.7000122070312,-669.9000244140625,-655.8599853515625
6963,-757.0999755859375,39.662567138671875,18.011917114257812,52.136834462483726,-757.0999755859375,-742.5,67.37782287597656,-895.3400268554688,-884.1500244140625,-866.9000244140625,-798.25,-742.5,-713.5,-675.7000122070312,-669.9500122070312,-655.8599853515625
6996,-760.0399780273438,39.44457244873047,18.012290954589844,51.79737218221029,-760.0399780273438,-746.5,66.62445831298828,-904.1599731445312,-887.25,-866.9000244140625,-799.5,-746.5,-722.25,-680.7000122070312,-670.9500122070312,-655.8599853515625
7029,-761.5,39.22850036621094,18.029682159423828,51.450677235921226,-761.5,-749.5,66.23239135742188,-904.1599731445312,-887.25,-866.9000244140625,-799.5,-749.5,-722.25,-681.9000244140625,-672.8500366210938,-655.8599853515625
7062,-763.97998046875,38.99845504760742,18.053369522094727,51.09291458129883,-763.97998046875,-754.0,66.9299545288086,-912.02001953125,-892.1500244140625,-866.9000244140625,-809.0,-754.0,-722.25,-681.9000244140625,-672.8500366210938,-655.8599853515625
7095,-765.6799926757812,38.761077880859375,18.070594787597656,50.713531494140625,-765.6799926757812,-755.5,67.06919860839844,-913.1400146484375,-894.0499877929688,-868.7000122070312,-809.0,-755.5,-723.0,-682.9000244140625,-675.8500366210938,-655.8599853515625
7128,-767.3200073242188,38.532997131347656,18.0891170501709,50.346598307291664,-767.3200073242188,-757.0,67.66030883789062,-913.1400146484375,-900.4000244140625,-875.0999755859375,-812.0,-757.0,-723.0,-684.7999877929688,-675.8500366210938,-655.8599853515625
7161,-768.8999633789062,38.31983947753906,18.14496421813965,49.973731994628906,-768.9000244140625,-757.0,68.37696838378906,-913.1400146484375,-906.0999755859375,-876.2000122070312,-812.0,-757.0,-724.5,-686.7999877929688,-675.8500366210938,-655.8599853515625
7194,-770.1399536132812,38.085655212402344,18.178495407104492,49.59026845296224,-770.1400146484375,-757.0,68.36197662353516,-913.1400146484375,-906.0999755859375,-876.2000122070312,-812.0,-757.0,-724.5,-690.5999755859375,-675.8500366210938,-655.8599853515625
7227,-772.1599731445312,37.83747100830078,18.18892478942871,49.19891357421875,-772.1599731445312,-757.0,67.63693237304688,-914.1199951171875,-908.2000122070312,-876.2000122070312,-812.0,-757.0,-727.5,-696.9000244140625,-677.75,-669.719970703125
7260,-775.3599853515625,37.61909103393555,18.22853660583496,48.82477951049805,-775.3599853515625,-765.0,66.80097961425781,-914.1199951171875,-908.2000122070312,-887.2000122070312,-816.75,-765.0,-729.75,-697.9000244140625,-682.75,-669.8599853515625
7293,-777.0599975585938,37.38154602050781,18.235414505004883,48.435376485188804,-777.0599975585938,-769.0,66.8124008178711,-914.1199951171875,-908.2000122070312,-887.2000122070312,-826.75,-769.0,-729.75,-697.9000244140625,-682.75,-671.97998046875
7326,-779.7799682617188,37.12736511230469,18.225881576538086,48.04358164469401,-779.780029296875,-772.5,66.69161224365234,-918.0399780273438,-912.0499877929688,-887.2000122070312,-829.5,-772.5,-731.0,-698.9000244140625,-682.75,-674.9400024414062
7359,-781.8599853515625,36.8773307800293,18.229082107543945,47.64770380655924,-781.8599853515625,-774.5,67.54524230957031,-924.0800170898438,-914.0499877929688,-887.2000122070312,-831.25,-774.5,-731.0,-700.7000122070312,-690.6000366210938,-674.9400024414062
7392,-784.5799560546875,36.625152587890625,18.2383975982666,47.244441986083984,-784.5800170898438,-776.5,68.27915954589844,-933.02001953125,-921.1500244140625,-889.5999755859375,-831.25,-776.5,-731.0,-701.0,-690.6000366210938,-674.9400024414062
7425,-786.4599609375,36.35108947753906,18.241252899169922,46.81567128499349,-786.4600219726562,-779.5,67.6317138671875,-933.02001953125,-922.0999755859375,-889.5999755859375,-831.25,-779.5,-736.75,-701.0,-695.75,-675.97998046875
7458,-788.1799926757812,36.117279052734375,18.276073455810547,46.41373952229818,-788.1799926757812,-780.0,67.62889862060547,-933.02001953125,-922.0999755859375,-895.0,-833.0,-780.0,-738.5,-706.5,-696.0,-684.7999267578125
7491,-790.0199584960938,35.863243103027344,18.289016723632812,46.000694274902344,-790.02001953125,-781.5,68.50270080566406,-933.02001953125,-922.0999755859375,-896.0999755859375,-833.0,-781.5,-739.0,-708.7999877929688,-696.0,-684.7999267578125
7524,-791.760009765625,35.583702087402344,18.27627182006836,45.57184092203776,-791.760009765625,-783.5,68.21028137207031,-933.02001953125,-922.0999755859375,-896.0999755859375,-833.0,-783.5,-742.75,-708.7999877929688,-696.0,-684.7999267578125
7557,-793.3200073242188,35.3202018737793,18.284320831298828,45.142721811930336,-793.3200073242188,-783.5,68.82381439208984,-934.4000244140625,-924.4000244140625,-896.0999755859375,-837.25,-783.5,-742.75,-708.7999877929688,-696.0,-684.9599609375
7590,-794.5399780273438,35.06117248535156,18.286128997802734,44.719886779785156,-794.5399780273438,-783.5,68.57819366455078,-936.3599853515625,-924.4000244140625,-896.0999755859375,-840.25,-783.5,-746.25,-709.0,-696.0,-684.9599609375
7623,-796.4199829101562,34.812095642089844,18.288333892822266,44.294498443603516,-796.4199829101562,-786.5,69.5543212890625,-946.1599731445312,-932.0499877929688,-897.9000244140625,-841.75,-786.5,-746.25,-709.0,-699.800048828125,-688.8800048828125
7656,-798.7000122070312,34.55720520019531,18.30276870727539,43.85934066772461,-798.7000122070312,-789.0,69.11273193359375,-946.1599731445312,-932.0499877929688,-897.9000244140625,-841.75,-789.0,-746.25,-714.5,-701.9000244140625,-695.7399291992188
7689,-800.5,34.27032470703125,18.274829864501953,43.42668533325195,-800.5,-789.5,68.56216430664062,-946.1599731445312,-932.0499877929688,-897.9000244140625,-844.0,-789.5,-746.25,-718.7999877929688,-705.9500122070312,-699.9199829101562
7722,-801.8999633789062,33.987178802490234,18.27107048034668,42.95854568481445,-801.9000244140625,-792.5,68.62805938720703,-946.1599731445312,-932.0499877929688,-901.5,-845.25,-792.5,-748.5,-718.7999877929688,-705.9500122070312,-701.8800048828125
7755,-803.3399658203125,33.71287155151367,18.237102508544922,42.536729176839195,-803.3400268554688,-796.0,67.93279266357422,-946.1599731445312,-932.0499877929688,-901.5,-845.25,-796.0,-750.75,-720.7999877929688,-706.9500122070312,-702.0
7788,-804.760009765625,33.431419372558594,18.233488082885742,42.06934483846029,-804.760009765625,-797.5,68.40148162841797,-952.0399780273438,-933.0999755859375,-901.5,-845.25,-797.5,-752.25,-722.5999755859375,-706.9500122070312,-702.0
7821,-807.239990234375,33.140838623046875,18.197654724121094,41.614367167154946,-807.239990234375,-798.5,69.5796127319336,-954.239990234375,-946.0,-901.5,-847.75,-798.5,-752.25,-725.7000122070312,-708.9000244140625,-702.0
7854,-809.260009765625,32.87553405761719,18.197185516357422,41.16949208577474,-809.260009765625,-800.0,68.96630859375,-954.239990234375,-946.0,-904.2000122070312,-856.0,-800.0,-754.0,-729.0,-717.550048828125,-702.0
7887,-811.5999755859375,32.610389709472656,18.190853118896484,40.720105489095054,-811.5999755859375,-804.5,68.5467758178711,-954.239990234375,-946.0999755859375,-908.2000122070312,-856.0,-804.5,-758.5,-734.4000244140625,-717.550048828125,-702.0
7920,-813.9199829101562,32.33032989501953,18.16084861755371,40.28442255655924,-813.9199829101562,-809.5,67.86083984375,-954.239990234375,-946.0999755859375,-908.2000122070312,-858.75,-809.5,-761.5,-736.7999877929688,-717.550048828125,-702.0
7953,-815.9400024414062,32.04314422607422,18.116558074951172,39.84293874104818,-815.9400024414062,-813.5,67.80424499511719,-954.239990234375,-948.0499877929688,-910.5,-858.75,-813.5,-764.25,-738.5999755859375,-720.8500366210938,-707.8800048828125
7986,-817.4400024414062,31.760650634765625,18.11671257019043,39.357870737711586,-817.4400024414062,-813.5,68.32500457763672,-954.239990234375,-948.0499877929688,-916.3999633789062,-859.25,-813.5,-764.25,-738.5999755859375,-720.8500366210938,-707.8800048828125
8019,-820.239990234375,31.498699188232422,18.102815628051758,38.9179318745931,-820.239990234375,-814.5,68.288818359375,-966.0800170898438,-949.25,-916.3999633789062,-865.25,-814.5,-770.0,-738.5999755859375,-720.8500366210938,-707.8800048828125
8052,-821.5999755859375,31.201801300048828,18.03275489807129,38.47021484375,-821.5999755859375,-814.5,68.32437133789062,-966.0800170898438,-949.25,-917.2999877929688,-865.5,-814.5,-770.0,-738.5999755859375,-722.9000244140625,-707.8800048828125
8085,-823.1599731445312,30.9252986907959,17.993019104003906,38.00639851888021,-823.1599731445312,-817.5,68.39323425292969,-966.0800170898438,-949.25,-917.8999633789062,-865.5,-817.5,-773.25,-741.7000122070312,-722.9000244140625,-707.8800048828125
8118,-825.0399780273438,30.650487899780273,17.969711303710938,37.555154164632164,-825.0399780273438,-817.5,68.11268615722656,-970.4000244140625,-949.25,-918.0,-865.5,-817.5,-780.75,-742.9000244140625,-722.9000244140625,-707.8800048828125
8151,-827.260009765625,30.357839584350586,17.933259963989258,37.08832804361979,-827.260009765625,-819.0,67.52445983886719,-970.4000244140625,-954.0499877929688,-918.0,-870.0,-819.0,-783.5,-742.9000244140625,-729.9000244140625,-715.719970703125
8184,-829.3399658203125,30.112869262695312,17.929319381713867,36.64034907023112,-829.3400268554688,-821.5,67.42718505859375,-970.4000244140625,-955.0499877929688,-919.7999877929688,-870.75,-821.5,-786.25,-746.7999877929688,-736.550048828125,-715.719970703125
8217,-830.0799560546875,29.84309959411621,17.90996551513672,36.165496826171875,-830.0800170898438,-824.0,67.05858612060547,-970.4000244140625,-955.0499877929688,-919.7999877929688,-870.75,-824.0,-786.25,-746.7999877929688,-738.4500732421875,-715.719970703125
8250,-832.9400024414062,29.558317184448242,17.85614776611328,35.71062088012695,-832.9400024414062,-826.0,67.53736877441406,-986.0800170898438,-956.0999755859375,-935.0999755859375,-870.75,-826.0,-791.75,-746.7999877929688,-739.0,-715.719970703125
8283,-833.97998046875,29.288238525390625,17.836891174316406,35.236063639322914,-833.97998046875,-826.5,67.1361312866211,-986.0800170898438,-958.0499877929688,-935.0999755859375,-870.75,-826.5,-794.25,-746.7999877929688,-740.9000244140625,-720.8999633789062
8316,-834.97998046875,29.047033309936523,17.8348388671875,34.7764892578125,-834.97998046875,-826.5,66.63796997070312,-986.0800170898438,-958.0499877929688,-935.0999755859375,-870.75,-826.5,-794.25,-746.7999877929688,-740.9000244140625,-720.8999633789062
8349,-836.739990234375,28.773513793945312,17.801542282104492,34.300865173339844,-836.739990234375,-829.0,66.6326675415039,-986.0800170898438,-958.0499877929688,-935.0999755859375,-870.75,-829.0,-794.25,-753.2999877929688,-740.9000244140625,-720.8999633789062
8382,-839.239990234375,28.543006896972656,17.794044494628906,33.86902364095052,-839.239990234375,-830.0,65.51581573486328,-986.0800170898438,-958.25,-935.0999755859375,-884.75,-830.0,-795.75,-756.7000122070312,-741.9500122070312,-735.8399658203125
8415,-840.8999633789062,28.245281219482422,17.754638671875,33.35283533732096,-840.9000244140625,-830.5,65.35633087158203,-986.0800170898438,-963.0499877929688,-935.0999755859375,-884.75,-830.5,-797.0,-756.7000122070312,-746.9000244140625,-735.8399658203125
8448,-842.260009765625,27.95400047302246,17.71413230895996,32.84852854410807,-842.260009765625,-831.5,65.52092742919922,-986.0800170898438,-963.0499877929688,-936.5,-887.5,-831.5,-799.25,-756.7000122070312,-748.800048828125,-735.8399658203125
8481,-843.47998046875,27.686147689819336,17.68989372253418,32.354105631510414,-843.47998046875,-835.0,65.4246826171875,-986.0800170898438,-964.0,-936.5,-887.5,-835.0,-801.75,-757.0,-748.800048828125,-735.8399658203125
8514,-844.9199829101562,27.416927337646484,17.683996200561523,31.839603424072266,-844.9199829101562,-837.0,65.61260223388672,-986.0800170898438,-964.4500122070312,-941.0999755859375,-887.5,-837.0,-805.75,-758.7999877929688,-748.800048828125,-735.8399658203125
8547,-846.3200073242188,27.146678924560547,17.655927658081055,31.351481119791668,-846.3200073242188,-839.0,65.96542358398438,-986.0800170898438,-973.25,-941.0999755859375,-889.75,-839.0,-806.5,-759.0,-748.800048828125,-735.8399658203125
8580,-848.0999755859375,26.855125427246094,17.618194580078125,30.826584498087566,-848.0999755859375,-841.0,65.58879852294922,-986.0800170898438,-977.0499877929688,-941.0999755859375,-889.75,-841.0,-808.75,-762.7000122070312,-750.9000244140625,-735.8399658203125
8613,-849.4199829101562,26.594058990478516,17.59545135498047,30.332643508911133,-849.4199829101562,-841.5,66.24955749511719,-988.0399780273438,-977.0499877929688,-942.5,-889.75,-841.5,-808.75,-762.7999877929688,-750.9000244140625,-735.8399658203125
8646,-851.5399780273438,26.307376861572266,17.54711151123047,29.83885955810547,-851.5399780273438,-843.0,64.84881591796875,-988.0399780273438,-978.1500244140625,-942.5,-889.75,-843.0,-808.75,-768.4000244140625,-756.6000366210938,-741.8800048828125
8679,-853.5399780273438,26.051313400268555,17.516523361206055,29.33618227640788,-853.5399780273438,-845.5,64.97360229492188,-988.0399780273438,-981.1500244140625,-947.4000244140625,-899.25,-845.5,-810.5,-768.5999755859375,-759.8500366210938,-741.8800048828125
8712,-854.6599731445312,25.790470123291016,17.490203857421875,28.835886637369793,-854.6599731445312,-845.5,64.74923706054688,-988.0399780273438,-981.1500244140625,-947.4000244140625,-899.25,-845.5,-813.25,-768.5999755859375,-760.9500122070312,-749.719970703125
8745,-856.6799926757812,25.502185821533203,17.423648834228516,28.337939580281574,-856.6799926757812,-847.0,64.87154388427734,-988.1599731445312,-981.25,-951.5999755859375,-901.25,-847.0,-816.75,-768.5999755859375,-760.9500122070312,-753.719970703125
8778,-858.2799682617188,25.20917320251465,17.375093460083008,27.80242411295573,-858.280029296875,-848.0,65.3120346069336,-992.1599731445312,-985.0499877929688,-953.4000244140625,-901.25,-848.0,-819.75,-776.2000122070312,-760.9500122070312,-753.719970703125
8811,-859.6599731445312,24.960899353027344,17.3167781829834,27.354118982950848,-859.6599731445312,-849.0,65.21951293945312,-992.1599731445312,-985.0499877929688,-957.2000122070312,-905.0,-849.0,-819.75,-776.9000244140625,-762.9000244140625,-753.8800048828125
8844,-861.4400024414062,24.72003173828125,17.315975189208984,26.827829360961914,-861.4400024414062,-851.0,65.97686004638672,-1000.3599853515625,-985.25,-958.0999755859375,-905.5,-851.0,-820.75,-776.9000244140625,-762.9000244140625,-753.8800048828125
8877,-862.199951171875,24.514623641967773,17.325109481811523,26.32729148864746,-862.2000122070312,-851.5,65.90614318847656,-1000.3599853515625,-985.25,-958.0999755859375,-908.5,-851.5,-820.75,-776.9000244140625,-762.9000244140625,-753.8800048828125
8910,-863.1199951171875,24.26634979248047,17.289554595947266,25.82147979736328,-863.1199951171875,-853.0,66.35032653808594,-1014.0800170898438,-985.3499755859375,-958.0999755859375,-908.5,-853.0,-820.75,-776.9000244140625,-762.9000244140625,-753.8800048828125
8943,-864.47998046875,23.980083465576172,17.23866844177246,25.265299479166668,-864.47998046875,-855.5,66.02173614501953,-1014.0800170898438,-987.25,-958.0999755859375,-915.0,-855.5,-822.75,-786.0,-762.9000244140625,-753.9199829101562
8976,-865.6399536132812,23.75398063659668,17.218149185180664,24.769893646240234,-865.6400146484375,-857.0,65.9576416015625,-1014.0800170898438,-989.1500244140625,-958.0999755859375,-915.5,-857.0,-822.75,-786.0,-764.800048828125,-753.9199829101562
9009,-866.5999755859375,23.490249633789062,17.166399002075195,24.25915273030599,-866.5999755859375,-859.5,65.97045135498047,-1014.0800170898438,-989.4500122070312,-958.0999755859375,-915.5,-859.5,-824.5,-786.0,-764.800048828125,-753.9199829101562
9042,-867.9599609375,23.239395141601562,17.12249183654785,23.755557378133137,-867.9600219726562,-860.0,66.10066986083984,-1014.0800170898438,-990.4000244140625,-958.0999755859375,-917.25,-860.0,-824.5,-786.5999755859375,-764.800048828125,-755.8800048828125
9075,-869.2799682617188,23.00372314453125,17.08802032470703,23.236981709798176,-869.280029296875,-862.0,66.04681396484375,-1018.0800170898438,-990.4000244140625,-959.4000244140625,-917.25,-862.0,-825.75,-786.7999877929688,-764.9500122070312,-758.8199462890625
9108,-871.0399780273438,22.78091812133789,17.09368133544922,22.687453587849934,-871.0399780273438,-863.5,65.577880859375,-1018.0800170898438,-990.5,-963.2000122070312,-917.25,-863.5,-831.0,-786.7999877929688,-765.9500122070312,-758.8999633789062
9141,-872.1799926757812,22.56524658203125,17.080915451049805,22.181936264038086,-872.1799926757812,-864.0,65.47081756591797,-1018.0800170898438,-995.25,-965.5999755859375,-918.5,-864.0,-834.0,-786.7999877929688,-766.9500122070312,-758.8999633789062
9174,-873.0,22.354969024658203,17.05455780029297,21.693850835164387,-873.0,-865.0,65.30160522460938,-1018.0800170898438,-995.25,-966.5,-918.5,-865.0,-836.25,-786.7999877929688,-770.75,-758.8999633789062
9207,-873.739990234375,22.15331268310547,17.079322814941406,21.13682238260905,-873.739990234375,-865.5,65.01993560791016,-1018.0800170898438,-995.4500122070312,-966.5,-918.5,-865.5,-836.25,-786.7999877929688,-770.9000244140625,-758.8999633789062
9240,-875.3399658203125,21.912145614624023,17.03211212158203,20.611229578653973,-875.3400268554688,-866.0,64.39459991455078,-1018.0800170898438,-995.5499877929688,-966.5,-918.5,-866.0,-836.25,-788.7999877929688,-770.9000244140625,-764.7799682617188
9273,-876.8399658203125,21.660930633544922,16.97992706298828,20.053155263264973,-876.8400268554688,-870.0,64.52281951904297,-1018.0800170898438,-997.4500122070312,-966.5,-920.0,-870.0,-838.75,-788.7999877929688,-770.9000244140625,-765.97998046875
9306,-878.1199951171875,21.473981857299805,16.988372802734375,19.54960568745931,-878.1199951171875,-873.5,64.28472137451172,-1018.0800170898438,-997.5499877929688,-966.5,-920.25,-873.5,-838.75,-794.5999755859375,-770.9000244140625,-765.97998046875
9339,-879.3999633789062,21.26118278503418,16.96561622619629,19.003530502319336,-879.4000244140625,-874.5,64.65616607666016,-1018.0800170898438,-997.8499755859375,-973.2999877929688,-920.25,-874.5,-838.75,-795.9000244140625,-770.9000244140625,-765.97998046875
9372,-880.6199951171875,21.025915145874023,16.922264099121094,18.437793095906574,-880.6199951171875,-874.5,64.68071746826172,-1022.1199951171875,-1001.6500244140625,-973.2999877929688,-922.25,-874.5,-838.75,-797.7000122070312,-774.7000122070312,-767.9400024414062
9405,-881.3999633789062,20.724863052368164,16.802898406982422,17.86573537190755,-881.4000244140625,-874.5,64.6103744506836,-1022.1199951171875,-1001.6500244140625,-973.2999877929688,-923.75,-874.5,-839.75,-797.7000122070312,-774.9000244140625,-767.9400024414062
9438,-882.9199829101562,20.481664657592773,16.770505905151367,17.299048741658527,-882.9199829101562,-875.5,64.52017974853516,-1022.1199951171875,-1001.8499755859375,-973.2999877929688,-926.5,-875.5,-840.75,-800.7000122070312,-774.9000244140625,-768.0
9471,-883.6799926757812,20.25994110107422,16.715749740600586,16.77885564168294,-883.6799926757812,-875.5,64.39376831054688,-1022.1599731445312,-1001.8499755859375,-973.2999877929688,-929.0,-875.5,-841.75,-801.9000244140625,-774.9500122070312,-768.0
9504,-884.97998046875,19.961116790771484,16.58490562438965,16.232099850972492,-884.97998046875,-875.5,64.1056900024414,-1024.1600341796875,-1002.0499877929688,-973.2999877929688,-929.0,-875.5,-843.75,-805.5,-774.9500122070312,-768.0
9537,-886.0599975585938,19.72850799560547,16.546857833862305,15.648539861043295,-886.0599975585938,-877.0,64.20884704589844,-1024.1600341796875,-1002.0499877929688,-973.2999877929688,-929.0,-877.0,-845.5,-807.2999877929688,-784.4500732421875,-768.0
9570,-887.5799560546875,19.559762954711914,16.55471420288086,15.059795379638672,-887.5800170898438,-878.0,64.75927734375,-1032.0799560546875,-1002.0499877929688,-973.5,-932.25,-878.0,-845.75,-807.2999877929688,-784.4500732421875,-771.9199829101562
9603,-888.260009765625,19.338397979736328,16.512779235839844,14.482558886210123,-888.260009765625,-878.0,64.71593475341797,-1032.0799560546875,-1002.0499877929688,-973.5,-932.75,-878.0,-845.75,-807.2999877929688,-784.9500122070312,-772.8999633789062
9636,-889.4400024414062,19.184017181396484,16.527891159057617,13.895502726236979,-889.4400024414062,-881.5,64.54600524902344,-1032.0799560546875,-1002.0499877929688,-975.2999877929688,-932.75,-881.5,-847.5,-807.2999877929688,-784.9500122070312,-772.9599609375
9669,-889.9199829101562,18.945343017578125,16.462406158447266,13.303860982259115,-889.9199829101562,-881.5,64.51336669921875,-1032.1199951171875,-1002.0499877929688,-975.4000244140625,-932.75,-881.5,-847.5,-807.2999877929688,-784.9500122070312,-775.8999633789062
9702,-890.5599975585938,18.806373596191406,16.494665145874023,12.651198705037435,-890.5599975585938,-882.5,64.31816864013672,-1038.0,-1003.0,-975.4000244140625,-932.75,-882.5,-848.75,-807.2999877929688,-788.75,-776.8800048828125
9735,-891.3599853515625,18.611257553100586,16.481647491455078,11.992323875427246,-891.3599853515625,-883.5,64.42274475097656,-1038.0799560546875,-1003.2000122070312,-975.4000244140625,-932.75,-883.5,-849.0,-809.7000122070312,-788.8500366210938,-776.8800048828125
9768,-892.3800048828125,18.41342544555664,16.4644775390625,11.350005149841309,-892.3800048828125,-884.5,64.48717498779297,-1038.0799560546875,-1003.2000122070312,-978.0999755859375,-932.75,-884.5,-852.0,-809.7000122070312,-788.8500366210938,-776.8800048828125
9801,-893.1799926757812,18.24113655090332,16.46879768371582,10.67935880025228,-893.1799926757812,-886.0,64.30635833740234,-1038.0799560546875,-1003.2000122070312,-979.5,-932.75,-886.0,-853.5,-809.7000122070312,-790.75,-776.97998046875
9834,-894.3399658203125,18.002117156982422,16.40996551513672,9.94593365987142,-894.3400268554688,-886.5,64.20549011230469,-1038.0799560546875,-1003.2000122070312,-981.7000122070312,-932.75,-886.5,-854.0,-809.7000122070312,-792.75,-781.8999633789062
9867,-894.9199829101562,17.82306671142578,16.388336181640625,9.233400344848633,-894.9199829101562,-889.5,64.30717468261719,-1038.0799560546875,-1003.2000122070312,-981.7000122070312,-932.75,-889.5,-854.0,-809.7000122070312,-792.75,-781.8999633789062
9900,-895.739990234375,17.573041915893555,16.308563232421875,8.492329915364584,-895.739990234375,-889.5,64.0789566040039,-1038.0799560546875,-1003.2000122070312,-981.7000122070312,-934.25,-889.5,-856.5,-809.7000122070312,-792.75,-781.8999633789062
9933,-896.5399780273438,17.354839324951172,16.251506805419922,7.799038410186768,-896.5399780273438,-889.5,63.89372634887695,-1038.0799560546875,-1003.2000122070312,-981.7000122070312,-934.25,-889.5,-856.5,-809.7000122070312,-792.75,-781.8999633789062
9966,-897.2799682617188,17.144227981567383,16.22627830505371,6.947924455006917,-897.280029296875,-890.0,63.874107360839844,-1038.0799560546875,-1003.2000122070312,-983.5999755859375,-934.25,-890.0,-857.75,-809.7000122070312,-792.75,-781.8999633789062
9999,-897.7999877929688,17.07626724243164,16.339033126831055,6.099437077840169,-897.7999877929688,-891.0,63.552345275878906,-1038.0799560546875,-1003.2000122070312,-983.5999755859375,-934.25,-891.0,-858.75,-809.7000122070312,-792.8500366210938,-787.7799682617188
