step,best_fitness,avg_hamming,avg_l1,avg_entropy,mean,median,std,2%,5%,10%,25%,50%,75%,90%,95%,98%
33,-474.3799743652344,127.61995697021484,10.573200225830078,176.37820943196616,-474.3800048828125,-466.5,115.22402954101562,-730.3200073242188,-691.3999633789062,-634.4000244140625,-540.0,-466.5,-407.75,-331.8999938964844,-313.10009765625,-244.8999786376953
66,-551.47998046875,127.25688171386719,13.064181327819824,175.64807637532553,-551.47998046875,-540.0,107.449951171875,-780.6400146484375,-734.5999755859375,-690.0,-617.5,-540.0,-464.75,-427.79998779296875,-394.8000183105469,-357.659912109375
99,-598.3800048828125,126.90719604492188,15.152972221374512,174.92965189615884,-598.3800048828125,-581.5,98.98210144042969,-821.6599731445312,-781.1499633789062,-726.7999877929688,-652.0,-581.5,-539.25,-464.8999938964844,-451.0,-449.5599060058594
132,-617.219970703125,126.57015228271484,16.939136505126953,174.22933959960938,-617.219970703125,-609.0,97.2608413696289,-854.1799926757812,-812.0499877929688,-738.7999877929688,-674.0,-609.0,-550.75,-514.5999755859375,-463.6500244140625,-450.5399169921875
165,-631.5799560546875,126.22978973388672,18.529767990112305,173.5249226888021,-631.5800170898438,-617.5,99.1335678100586,-864.3800048828125,-813.4000244140625,-777.2999877929688,-680.75,-617.5,-558.75,-523.0,-510.15008544921875,-451.0
198,-653.8999633789062,125.8733139038086,20.020788192749023,172.80514526367188,-653.9000244140625,-641.0,96.11653900146484,-873.2000122070312,-838.7999877929688,-791.9000244140625,-693.25,-641.0,-591.0,-539.2999877929688,-522.75,-510.6399230957031
231,-666.0599975585938,125.50901794433594,21.308483123779297,172.0956013997396,-666.0599975585938,-652.5,95.65645599365234,-873.2000122070312,-854.0,-812.0999755859375,-719.0,-652.5,-603.75,-554.9000244140625,-525.6000366210938,-510.6399230957031
264,-680.2999877929688,125.13578796386719,22.48446273803711,171.37216186523438,-680.2999877929688,-661.5,96.41841125488281,-873.2000122070312,-854.0,-821.4000244140625,-740.0,-661.5,-610.25,-580.2000122070312,-554.7000122070312,-517.8599853515625
297,-688.719970703125,124.77740478515625,23.562301635742188,170.67950439453125,-688.719970703125,-673.0,93.69376373291016,-873.2000122070312,-854.0,-821.4000244140625,-760.5,-673.0,-612.0,-585.9000244140625,-567.550048828125,-548.679931640625
330,-703.1199951171875,124.43795776367188,24.616308212280273,169.995849609375,-703.1199951171875,-688.5,90.74571228027344,-873.2000122070312,-854.0,-821.4000244140625,-774.0,-688.5,-626.0,-590.9000244140625,-580.3500366210938,-554.8800048828125
363,-710.719970703125,124.0975341796875,25.675090789794922,169.2861785888672,-710.719970703125,-698.5,89.7550048828125,-905.5399780273438,-854.4500122070312,-832.2000122070312,-777.75,-698.5,-642.75,-602.800048828125,-585.9500122070312,-554.8800048828125
396,-719.0199584960938,123.75523376464844,26.694366455078125,168.58698527018228,-719.02001953125,-706.5,86.23038482666016,-905.5399780273438,-863.4500122070312,-834.4000244140625,-781.0,-706.5,-645.75,-617.4000244140625,-598.6500244140625,-588.97998046875
429,-726.239990234375,123.36212158203125,27.52688217163086,167.85559590657553,-726.239990234375,-718.0,84.82064819335938,-932.0,-872.0999755859375,-839.5999755859375,-785.75,-718.0,-654.0,-624.9000244140625,-611.9000244140625,-602.9199829101562
462,-735.1799926757812,123.00968933105469,28.477767944335938,167.1497548421224,-735.1799926757812,-730.5,83.767578125,-932.0,-872.0999755859375,-845.9000244140625,-799.25,-730.5,-661.0,-634.2000122070312,-618.75,-609.8599853515625
495,-745.5999755859375,122.59981536865234,29.32404899597168,166.38385518391928,-745.5999755859375,-739.0,89.8538818359375,-932.1400146484375,-905.75,-854.0,-801.0,-739.0,-675.75,-643.0,-625.6000366210938,-609.8599853515625
528,-752.8999633789062,122.18929290771484,30.205976486206055,165.59827168782553,-752.9000244140625,-746.5,89.83245849609375,-932.1400146484375,-914.2999877929688,-863.7000122070312,-812.25,-746.5,-684.0,-647.7000122070312,-634.6000366210938,-609.8599853515625
561,-759.8599853515625,121.75531005859375,30.98688507080078,164.80859375,-759.8599853515625,-752.0,86.6112060546875,-932.1400146484375,-914.2999877929688,-863.7000122070312,-816.0,-752.0,-696.25,-655.7999877929688,-642.6000366210938,-625.679931640625
594,-767.0599975585938,121.32844543457031,31.72920036315918,164.03610229492188,-767.0599975585938,-765.0,87.19654083251953,-932.1400146484375,-914.2999877929688,-870.2000122070312,-824.0,-765.0,-703.75,-655.7999877929688,-642.6000366210938,-625.679931640625
627,-774.3999633789062,120.91204071044922,32.455360412597656,163.25214131673178,-774.4000244140625,-773.5,85.93858337402344,-932.1400146484375,-914.2999877929688,-872.2000122070312,-832.5,-773.5,-724.5,-656.9000244140625,-647.75,-625.679931640625
660,-788.1199951171875,120.45646667480469,33.12797164916992,162.4500986735026,-788.1199951171875,-792.0,91.91183471679688,-974.1799926757812,-932.2999877929688,-900.5,-846.5,-792.0,-728.25,-657.7999877929688,-647.75,-625.679931640625
693,-796.7000122070312,120.0396728515625,33.83171844482422,161.6608683268229,-796.7000122070312,-799.5,88.62725067138672,-974.1799926757812,-938.0499877929688,-906.7999877929688,-853.25,-799.5,-733.75,-675.800048828125,-654.0,-647.8999633789062
726,-809.0999755859375,119.56388854980469,34.51770782470703,160.81576538085938,-809.0999755859375,-801.5,90.8481674194336,-999.7999877929688,-968.2999877929688,-932.0,-856.25,-801.5,-740.75,-697.9000244140625,-664.5000610351562,-653.8999633789062
759,-830.9400024414062,119.06492614746094,35.09795379638672,159.9832000732422,-830.9400024414062,-826.0,98.65716552734375,-1101.3599853515625,-1001.7999877929688,-949.2999877929688,-874.5,-826.0,-759.5,-716.9000244140625,-697.550048828125,-664.7999267578125
792,-849.0199584960938,118.61466979980469,35.67060852050781,159.19112650553384,-849.02001953125,-840.0,101.28849792480469,-1119.4200439453125,-1074.699951171875,-968.5999755859375,-906.25,-840.0,-778.0,-732.2999877929688,-716.0,-700.9599609375
825,-862.0199584960938,118.0938949584961,36.201255798339844,158.33019510904947,-862.02001953125,-846.5,101.58030700683594,-1119.4200439453125,-1088.550048828125,-983.2999877929688,-920.75,-846.5,-796.25,-743.5,-726.0,-700.9599609375
858,-871.760009765625,117.64571380615234,36.76703643798828,157.51351420084634,-871.760009765625,-862.0,99.65250396728516,-1119.4200439453125,-1088.6500244140625,-998.4000244140625,-923.75,-862.0,-801.0,-745.7999877929688,-727.9500122070312,-725.7999267578125
891,-896.260009765625,117.10702514648438,37.212181091308594,156.63288370768228,-896.260009765625,-885.5,113.78072357177734,-1167.739990234375,-1101.9000244140625,-1074.9000244140625,-941.25,-885.5,-819.5,-757.0,-743.75,-727.97998046875
924,-921.0,116.5898666381836,37.72150802612305,155.75324503580728,-921.0,-908.5,117.5358657836914,-1183.4200439453125,-1120.050048828125,-1089.0,-990.0,-908.5,-848.75,-760.9000244140625,-745.9000244140625,-727.97998046875
957,-941.239990234375,116.07977294921875,38.21531295776367,154.89258829752603,-941.239990234375,-925.5,115.41344451904297,-1190.280029296875,-1152.699951171875,-1100.0999755859375,-997.25,-925.5,-871.5,-787.800048828125,-756.8500366210938,-745.9599609375
990,-955.8800048828125,115.5567626953125,38.70024108886719,154.0144500732422,-955.8800048828125,-933.0,121.01580810546875,-1252.02001953125,-1190.4000244140625,-1119.5999755859375,-1001.25,-933.0,-876.25,-796.4000244140625,-756.8500366210938,-745.9599609375
1023,-972.5199584960938,115.0124740600586,39.14594650268555,153.10950215657553,-972.52001953125,-946.5,125.74422454833984,-1252.02001953125,-1217.3499755859375,-1149.800048828125,-1043.0,-946.5,-893.75,-841.5,-784.7501220703125,-756.9400024414062
1056,-999.7799682617188,114.48905944824219,39.55548095703125,152.23567708333334,-999.780029296875,-983.0,121.1025619506836,-1252.02001953125,-1217.3499755859375,-1166.9000244140625,-1088.25,-983.0,-908.0,-869.9000244140625,-836.8500366210938,-824.2998657226562
1089,-1014.7799682617188,113.98197937011719,39.99030303955078,151.36687723795572,-1014.780029296875,-997.5,125.0330810546875,-1255.52001953125,-1236.25,-1175.699951171875,-1097.75,-997.5,-924.0,-870.0,-841.6000366210938,-824.2998657226562
1122,-1037.9599609375,113.42961120605469,40.38042449951172,150.45905558268228,-1037.9599609375,-1030.5,128.04856872558594,-1284.9200439453125,-1241.550048828125,-1191.7999267578125,-1124.0,-1030.5,-933.5,-870.9000244140625,-841.9500122070312,-824.2998657226562
1155,-1059.919921875,112.87120056152344,40.79524230957031,149.51309204101562,-1059.9200439453125,-1048.5,133.42486572265625,-1321.1800537109375,-1270.550048828125,-1225.199951171875,-1158.5,-1048.5,-976.75,-873.7999877929688,-864.0001220703125,-833.1198120117188
1188,-1096.52001953125,112.27377319335938,41.13971710205078,148.54625447591147,-1096.52001953125,-1083.5,131.31568908691406,-1423.280029296875,-1322.050048828125,-1256.199951171875,-1171.25,-1083.5,-1008.5,-937.4000244140625,-873.8500366210938,-868.9599609375
1221,-1120.97998046875,111.78123474121094,41.55043029785156,147.6576944986979,-1120.97998046875,-1102.0,124.74325561523438,-1431.1199951171875,-1361.9000244140625,-1278.300048828125,-1184.0,-1102.0,-1040.75,-993.5,-939.6000366210938,-873.8599853515625
1254,-1137.0,111.2253646850586,41.844459533691406,146.76244099934897,-1137.0,-1119.0,127.78607177734375,-1431.1199951171875,-1382.5,-1286.699951171875,-1221.5,-1119.0,-1050.5,-993.5,-949.10009765625,-873.8599853515625
1287,-1161.5999755859375,110.69322204589844,42.17477798461914,145.85215759277344,-1161.5999755859375,-1151.5,131.36407470703125,-1437.0799560546875,-1393.550048828125,-1335.0999755859375,-1237.25,-1151.5,-1075.5,-1019.0,-969.9000244140625,-930.69970703125
1320,-1189.0599365234375,110.10723114013672,42.45052719116211,144.90323893229166,-1189.06005859375,-1171.0,128.93174743652344,-1442.1600341796875,-1428.1500244140625,-1363.0999755859375,-1258.5,-1171.0,-1094.75,-1031.0999755859375,-1008.5501098632812,-977.1998291015625
1353,-1203.52001953125,109.56008911132812,42.771018981933594,143.9872589111328,-1203.52001953125,-1194.0,137.51251220703125,-1571.43994140625,-1441.3499755859375,-1392.5999755859375,-1278.5,-1194.0,-1099.5,-1047.300048828125,-1021.4000244140625,-979.1597900390625
1386,-1228.780029296875,109.01348114013672,43.07621765136719,143.06657918294272,-1228.780029296875,-1218.0,136.76296997070312,-1572.4200439453125,-1450.5499267578125,-1400.5,-1314.0,-1218.0,-1138.5,-1058.199951171875,-1031.550048828125,-981.97998046875
1419,-1248.6400146484375,108.4454345703125,43.33563995361328,142.16026814778647,-1248.6400146484375,-1227.5,139.48631286621094,-1572.4200439453125,-1494.25,-1424.4000244140625,-1346.25,-1227.5,-1151.0,-1065.300048828125,-1040.550048828125,-1021.1998291015625
1452,-1269.4599609375,107.88241577148438,43.60325241088867,141.25183614095053,-1269.4599609375,-1257.0,144.35716247558594,-1572.4200439453125,-1547.949951171875,-1448.800048828125,-1361.75,-1257.0,-1168.75,-1077.9000244140625,-1043.8499755859375,-1021.1998291015625
1485,-1291.0599365234375,107.31867980957031,43.8042106628418,140.33300272623697,-1291.06005859375,-1293.5,138.25772094726562,-1572.4200439453125,-1547.949951171875,-1456.800048828125,-1373.75,-1293.5,-1198.25,-1112.5,-1077.949951171875,-1030.999755859375
1518,-1306.0799560546875,106.76516723632812,44.039730072021484,139.4442901611328,-1306.0799560546875,-1300.5,138.181884765625,-1594.1800537109375,-1566.1500244140625,-1471.5,-1382.75,-1300.5,-1214.0,-1135.699951171875,-1101.7000732421875,-1075.099609375
1551,-1326.3800048828125,106.23606872558594,44.267635345458984,138.55301920572916,-1326.3800048828125,-1326.5,129.0575714111328,-1594.1800537109375,-1566.1500244140625,-1494.5,-1392.5,-1326.5,-1238.75,-1153.4000244140625,-1130.550048828125,-1079.93994140625
1584,-1339.760009765625,105.64585876464844,44.46689987182617,137.62254842122397,-1339.760009765625,-1343.5,131.8486328125,-1595.47998046875,-1566.1500244140625,-1500.5999755859375,-1413.0,-1343.5,-1253.0,-1169.199951171875,-1133.949951171875,-1079.93994140625
1617,-1357.780029296875,105.13401794433594,44.65129852294922,136.7716522216797,-1357.780029296875,-1355.0,129.83863830566406,-1627.820068359375,-1573.550048828125,-1531.5,-1428.75,-1355.0,-1265.25,-1199.0,-1146.800048828125,-1132.9000244140625
1650,-1372.260009765625,104.56040954589844,44.82670593261719,135.86677042643228,-1372.260009765625,-1363.0,129.08436584472656,-1638.5999755859375,-1612.300048828125,-1547.0999755859375,-1440.75,-1363.0,-1285.0,-1229.0,-1173.10009765625,-1133.8800048828125
1683,-1393.97998046875,103.99202728271484,44.96659469604492,134.97057596842447,-1393.97998046875,-1385.0,126.44556427001953,-1675.8399658203125,-1618.4000244140625,-1572.0,-1463.25,-1385.0,-1293.75,-1240.0,-1225.7000732421875,-1198.4998779296875
1716,-1408.1400146484375,103.46984100341797,45.1552734375,134.10062154134116,-1408.1400146484375,-1402.5,126.47283935546875,-1675.8399658203125,-1618.4000244140625,-1574.0999755859375,-1481.0,-1402.5,-1310.75,-1252.0,-1229.800048828125,-1207.31982421875
1749,-1428.4000244140625,102.8819580078125,45.26995849609375,133.18793741861978,-1428.4000244140625,-1415.0,133.0655517578125,-1718.219970703125,-1641.4000244140625,-1612.0999755859375,-1511.5,-1415.0,-1328.5,-1254.9000244140625,-1231.7000732421875,-1207.31982421875
1782,-1440.659912109375,102.37657165527344,45.41991424560547,132.34889221191406,-1440.6600341796875,-1435.0,133.65988159179688,-1718.219970703125,-1668.1500244140625,-1620.0,-1538.25,-1435.0,-1344.0,-1277.800048828125,-1250.7000732421875,-1207.31982421875
1815,-1451.4000244140625,101.89140319824219,45.60826873779297,131.5227813720703,-1451.4000244140625,-1448.0,134.2508087158203,-1718.219970703125,-1671.199951171875,-1625.5,-1549.25,-1448.0,-1347.75,-1297.4000244140625,-1250.7000732421875,-1207.31982421875
1848,-1473.2999267578125,101.3831787109375,45.77186584472656,130.6539306640625,-1473.300048828125,-1457.0,142.1266632080078,-1792.8599853515625,-1692.300048828125,-1640.0999755859375,-1570.5,-1457.0,-1376.25,-1299.800048828125,-1271.0001220703125,-1207.31982421875
1881,-1491.760009765625,100.85440063476562,45.8868522644043,129.80170694986978,-1491.760009765625,-1484.0,145.14854431152344,-1831.0799560546875,-1774.199951171875,-1671.800048828125,-1576.25,-1484.0,-1391.75,-1305.4000244140625,-1276.0,-1238.3798828125
1914,-1506.9599609375,100.30816650390625,45.984619140625,128.91583251953125,-1506.9599609375,-1493.0,147.23165893554688,-1835.3199462890625,-1774.199951171875,-1717.199951171875,-1586.75,-1493.0,-1421.75,-1316.5,-1296.900146484375,-1238.3798828125
1947,-1523.3800048828125,99.79296875,46.13948059082031,128.05172729492188,-1523.3800048828125,-1504.5,149.14320373535156,-1851.5799560546875,-1831.199951171875,-1736.4000244140625,-1605.0,-1504.5,-1440.0,-1341.9000244140625,-1298.0,-1238.3798828125
1980,-1538.6400146484375,99.28877258300781,46.24384307861328,127.23941040039062,-1538.6400146484375,-1526.5,146.0524139404297,-1869.219970703125,-1831.5,-1758.300048828125,-1609.5,-1526.5,-1450.25,-1357.9000244140625,-1311.300048828125,-1251.119873046875
2013,-1553.93994140625,98.7800521850586,46.35545349121094,126.4140625,-1553.93994140625,-1547.0,142.4756622314453,-1869.219970703125,-1831.5,-1758.300048828125,-1632.25,-1547.0,-1470.0,-1378.7000732421875,-1321.5,-1285.3798828125
2046,-1568.2999267578125,98.2886962890625,46.50385665893555,125.57355499267578,-1568.300048828125,-1565.5,137.76773071289062,-1869.219970703125,-1831.5,-1767.199951171875,-1645.25,-1565.5,-1477.5,-1427.199951171875,-1356.2001953125,-1285.3798828125
2079,-1587.8599853515625,97.7552719116211,46.66561508178711,124.69029998779297,-1587.8599853515625,-1578.0,132.1020050048828,-1869.219970703125,-1841.449951171875,-1778.5999755859375,-1656.5,-1578.0,-1507.5,-1447.9000244140625,-1417.850341796875,-1321.8800048828125
2112,-1601.3800048828125,97.22875213623047,46.763423919677734,123.81998952229817,-1601.3800048828125,-1587.0,134.6875457763672,-1877.06005859375,-1850.25,-1784.5999755859375,-1691.75,-1587.0,-1512.0,-1450.0,-1417.850341796875,-1327.760009765625
2145,-1619.739990234375,96.69695281982422,46.818626403808594,122.98695882161458,-1619.739990234375,-1612.0,133.33045959472656,-1880.1600341796875,-1855.699951171875,-1790.800048828125,-1708.0,-1612.0,-1526.75,-1455.4000244140625,-1421.949951171875,-1349.919921875
2178,-1638.1400146484375,96.16002655029297,46.90327453613281,122.12689208984375,-1638.1400146484375,-1638.5,136.86001586914062,-1924.280029296875,-1877.550048828125,-1818.4000244140625,-1726.5,-1638.5,-1549.75,-1461.4000244140625,-1421.949951171875,-1393.039794921875
2211,-1654.5,95.68611907958984,46.99618148803711,121.32462565104167,-1654.5,-1655.0,142.26268005371094,-1981.0799560546875,-1889.800048828125,-1818.4000244140625,-1736.25,-1655.0,-1569.0,-1463.800048828125,-1421.949951171875,-1393.039794921875
2244,-1666.0399169921875,95.20533752441406,47.0876579284668,120.5294418334961,-1666.0400390625,-1672.0,141.66268920898438,-1981.0799560546875,-1889.800048828125,-1833.0999755859375,-1759.25,-1672.0,-1576.25,-1466.699951171875,-1431.4500732421875,-1393.39990234375
2277,-1677.239990234375,94.69171142578125,47.11494064331055,119.71724955240886,-1677.239990234375,-1689.5,144.13209533691406,-2006.02001953125,-1896.199951171875,-1852.4000244140625,-1770.25,-1689.5,-1577.75,-1494.0,-1431.4500732421875,-1393.39990234375
2310,-1689.8199462890625,94.20223999023438,47.18189239501953,118.91015370686848,-1689.8199462890625,-1696.0,149.92640686035156,-2044.1800537109375,-1939.300048828125,-1857.5,-1776.5,-1696.0,-1596.25,-1510.5,-1453.7501220703125,-1399.8800048828125
2343,-1710.3800048828125,93.70211029052734,47.23777770996094,118.08774820963542,-1710.3800048828125,-1707.0,149.3977813720703,-2044.1800537109375,-1964.949951171875,-1888.800048828125,-1797.25,-1707.0,-1618.75,-1512.0,-1453.7501220703125,-1420.93994140625
2376,-1728.0999755859375,93.20341491699219,47.321773529052734,117.23945617675781,-1728.0999755859375,-1729.0,144.912353515625,-2044.1800537109375,-1964.949951171875,-1896.0,-1824.5,-1729.0,-1640.75,-1556.699951171875,-1453.7501220703125,-1420.93994140625
2409,-1738.679931640625,92.71725463867188,47.37146759033203,116.45951080322266,-1738.6800537109375,-1734.5,144.61318969726562,-2044.1800537109375,-1964.949951171875,-1897.300048828125,-1826.25,-1734.5,-1653.75,-1557.9000244140625,-1475.35009765625,-1429.760009765625
2442,-1756.02001953125,92.23802185058594,47.443634033203125,115.65139770507812,-1756.02001953125,-1761.5,141.37030029296875,-2099.06005859375,-1964.949951171875,-1913.0999755859375,-1834.75,-1761.5,-1676.25,-1579.5999755859375,-1523.300048828125,-1443.7799072265625
2475,-1767.5399169921875,91.7530746459961,47.507476806640625,114.84667460123698,-1767.5400390625,-1776.5,138.8441925048828,-2099.06005859375,-1964.949951171875,-1938.5,-1856.0,-1776.5,-1681.0,-1593.800048828125,-1543.0001220703125,-1488.099853515625
2508,-1777.0999755859375,91.2808837890625,47.62400436401367,114.00797526041667,-1777.0999755859375,-1783.0,134.95594787597656,-2099.06005859375,-1964.949951171875,-1938.5,-1861.5,-1783.0,-1694.75,-1608.800048828125,-1553.5,-1522.6796875
2541,-1781.43994140625,90.82502746582031,47.6759147644043,113.25395202636719,-1781.43994140625,-1784.5,135.58114624023438,-2103.47998046875,-1970.6500244140625,-1943.300048828125,-1861.5,-1784.5,-1697.75,-1616.0,-1574.900146484375,-1535.419677734375
2574,-1798.760009765625,90.33880615234375,47.704627990722656,112.45506286621094,-1798.760009765625,-1797.0,131.99765014648438,-2103.47998046875,-1984.6500244140625,-1948.5999755859375,-1876.75,-1797.0,-1707.5,-1635.4000244140625,-1597.8499755859375,-1542.2796630859375
2607,-1807.419921875,89.82794189453125,47.66756820678711,111.66533660888672,-1807.4200439453125,-1803.5,132.75985717773438,-2103.47998046875,-2019.1500244140625,-1954.0999755859375,-1893.0,-1803.5,-1720.75,-1638.699951171875,-1607.9000244140625,-1542.2796630859375
2640,-1817.6400146484375,89.35787200927734,47.71119689941406,110.8725102742513,-1817.6400146484375,-1816.0,135.2898712158203,-2104.280029296875,-2029.5999755859375,-1969.699951171875,-1906.75,-1816.0,-1729.5,-1666.0,-1611.800048828125,-1542.399658203125
2673,-1832.93994140625,88.84239196777344,47.70966720581055,110.07730865478516,-1832.93994140625,-1837.5,137.90777587890625,-2111.139892578125,-2062.85009765625,-1997.699951171875,-1914.0,-1837.5,-1750.25,-1673.2000732421875,-1611.800048828125,-1542.399658203125
2706,-1841.679931640625,88.39189910888672,47.72768783569336,109.33310953776042,-1841.6800537109375,-1854.0,138.314208984375,-2147.39990234375,-2062.85009765625,-2016.0999755859375,-1914.0,-1854.0,-1757.0,-1673.2000732421875,-1611.800048828125,-1542.399658203125
2739,-1855.43994140625,87.97710418701172,47.76890182495117,108.6081059773763,-1855.43994140625,-1861.5,143.2333984375,-2167.0400390625,-2112.64990234375,-2020.199951171875,-1931.25,-1861.5,-1772.75,-1675.800048828125,-1617.7000732421875,-1585.51953125
2772,-1866.5399169921875,87.49705505371094,47.779258728027344,107.8298568725586,-1866.5400390625,-1875.0,145.3348846435547,-2169.840087890625,-2148.75,-2035.5,-1940.0,-1875.0,-1782.75,-1675.800048828125,-1627.5,-1587.2998046875
2805,-1879.0799560546875,87.0194091796875,47.794029235839844,107.0590337117513,-1879.0799560546875,-1887.0,145.2528533935547,-2169.840087890625,-2154.449951171875,-2063.10009765625,-1950.0,-1887.0,-1787.75,-1697.4000244140625,-1629.4000244140625,-1605.27978515625
2838,-1891.43994140625,86.54803466796875,47.8015251159668,106.28595479329427,-1891.43994140625,-1893.0,148.69190979003906,-2180.719970703125,-2154.5,-2079.10009765625,-1984.75,-1893.0,-1793.0,-1703.699951171875,-1638.6500244140625,-1605.27978515625
2871,-1901.0799560546875,86.09087371826172,47.76346969604492,105.55899302164714,-1901.0799560546875,-1897.0,143.3801727294922,-2180.719970703125,-2158.300048828125,-2079.10009765625,-1987.25,-1897.0,-1811.75,-1724.800048828125,-1638.6500244140625,-1622.659912109375
2904,-1910.219970703125,85.59320068359375,47.724769592285156,104.78374989827473,-1910.219970703125,-1912.5,147.4192352294922,-2248.340087890625,-2169.60009765625,-2086.800048828125,-1990.0,-1912.5,-1823.5,-1738.5999755859375,-1638.6500244140625,-1622.659912109375
2937,-1918.9599609375,85.17815399169922,47.77456283569336,104.05676015218098,-1918.9599609375,-1916.0,145.7193145751953,-2265.159912109375,-2169.60009765625,-2086.800048828125,-1998.75,-1916.0,-1829.5,-1765.60009765625,-1663.7000732421875,-1622.659912109375
2970,-1935.0399169921875,84.67655944824219,47.70905303955078,103.2846450805664,-1935.0400390625,-1926.0,146.00917053222656,-2269.080078125,-2183.949951171875,-2110.800048828125,-2010.25,-1926.0,-1856.75,-1765.60009765625,-1668.800048828125,-1629.5198974609375
3003,-1943.159912109375,84.19804382324219,47.66558837890625,102.54030354817708,-1943.1600341796875,-1941.5,144.4384002685547,-2273.199951171875,-2183.949951171875,-2140.10009765625,-2019.25,-1941.5,-1856.75,-1781.199951171875,-1706.0501708984375,-1652.059814453125
3036,-1955.0999755859375,83.70112609863281,47.592830657958984,101.80745951334636,-1955.0999755859375,-1951.0,140.08950805664062,-2273.199951171875,-2187.75,-2152.199951171875,-2030.0,-1951.0,-1874.5,-1792.0,-1736.800048828125,-1652.059814453125
3069,-1963.760009765625,83.28335571289062,47.61492919921875,101.09141794840495,-1963.760009765625,-1961.0,135.06820678710938,-2273.199951171875,-2187.75,-2153.10009765625,-2035.0,-1961.0,-1880.5,-1792.0,-1736.800048828125,-1714.33984375
3102,-1969.7799072265625,82.83568572998047,47.5751953125,100.38228098551433,-1969.780029296875,-1965.5,134.53636169433594,-2273.199951171875,-2190.60009765625,-2155.39990234375,-2046.75,-1965.5,-1880.5,-1800.300048828125,-1742.7000732421875,-1714.699951171875
3135,-1979.8199462890625,82.40999603271484,47.532081604003906,99.70950826009114,-1979.8199462890625,-1980.5,134.11549377441406,-2273.199951171875,-2216.25,-2160.800048828125,-2050.75,-1980.5,-1895.0,-1800.300048828125,-1742.7000732421875,-1714.699951171875
3168,-1985.7799072265625,81.974365234375,47.5191764831543,98.9682846069336,-1985.780029296875,-1984.0,133.48495483398438,-2273.280029296875,-2216.25,-2160.800048828125,-2064.75,-1984.0,-1909.25,-1809.0999755859375,-1773.1002197265625,-1714.699951171875
3201,-1995.219970703125,81.4859390258789,47.455501556396484,98.22046915690105,-1995.219970703125,-1986.0,136.34263610839844,-2287.97998046875,-2216.25,-2169.300048828125,-2072.5,-1986.0,-1917.75,-1817.199951171875,-1783.550048828125,-1714.699951171875
3234,-2000.699951171875,81.06310272216797,47.440406799316406,97.50091298421223,-2000.699951171875,-1987.0,137.52711486816406,-2315.419921875,-2216.25,-2170.0,-2081.25,-1987.0,-1920.75,-1830.5999755859375,-1783.550048828125,-1714.699951171875
3267,-2009.760009765625,80.62016296386719,47.42742919921875,96.7713114420573,-2009.760009765625,-2004.0,139.0489959716797,-2315.419921875,-2242.050048828125,-2184.39990234375,-2085.0,-2004.0,-1928.5,-1830.5999755859375,-1783.550048828125,-1714.699951171875
3300,-2016.919921875,80.21893310546875,47.39338302612305,96.09662628173828,-2016.9200439453125,-2009.5,140.85238647460938,-2315.419921875,-2268.64990234375,-2202.89990234375,-2094.5,-2009.5,-1936.25,-1830.5999755859375,-1787.35009765625,-1714.699951171875
3333,-2023.8800048828125,79.792724609375,47.371421813964844,95.38922373453777,-2023.8800048828125,-2024.5,142.24789428710938,-2315.419921875,-2268.64990234375,-2211.300048828125,-2121.0,-2024.5,-1937.75,-1837.800048828125,-1787.35009765625,-1714.699951171875
3366,-2032.239990234375,79.39991760253906,47.34400939941406,94.72206370035808,-2032.239990234375,-2032.5,145.0191192626953,-2327.860107421875,-2268.64990234375,-2215.39990234375,-2125.75,-2032.5,-1951.75,-1838.300048828125,-1787.35009765625,-1714.9000244140625
3399,-2040.2799072265625,78.95585632324219,47.294044494628906,94.02088928222656,-2040.280029296875,-2032.5,147.37042236328125,-2360.199951171875,-2283.300048828125,-2219.800048828125,-2132.0,-2032.5,-1952.75,-1838.300048828125,-1787.35009765625,-1736.5599365234375
3432,-2048.139892578125,78.5090560913086,47.22679901123047,93.31762440999348,-2048.139892578125,-2046.0,145.80433654785156,-2360.199951171875,-2283.300048828125,-2228.800048828125,-2132.25,-2046.0,-1962.5,-1838.300048828125,-1800.800048828125,-1747.33984375
3465,-2056.43994140625,78.05256652832031,47.12738037109375,92.64101918538411,-2056.43994140625,-2062.5,149.02337646484375,-2370.6201171875,-2327.60009765625,-2231.5,-2139.5,-2062.5,-1969.25,-1849.0,-1808.60009765625,-1747.33984375
3498,-2062.5400390625,77.6112060546875,47.052059173583984,91.95668284098308,-2062.5400390625,-2069.0,148.5966033935547,-2370.6201171875,-2327.60009765625,-2240.5,-2142.75,-2069.0,-1975.75,-1849.0,-1808.60009765625,-1747.33984375
3531,-2069.760009765625,77.14735412597656,46.96440124511719,91.26708984375,-2069.760009765625,-2073.5,148.7725067138672,-2394.139892578125,-2335.199951171875,-2240.5,-2175.0,-2073.5,-1992.5,-1849.0,-1820.0001220703125,-1747.8399658203125
3564,-2076.719970703125,76.73307800292969,46.904022216796875,90.60232035319011,-2076.719970703125,-2076.0,149.39491271972656,-2394.139892578125,-2339.5,-2245.5,-2175.75,-2076.0,-1999.5,-1849.4000244140625,-1820.0001220703125,-1747.8399658203125
3597,-2086.93994140625,76.30508422851562,46.834556579589844,89.93420918782552,-2086.93994140625,-2076.0,148.32086181640625,-2394.139892578125,-2339.5,-2255.89990234375,-2176.75,-2076.0,-2007.75,-1884.9000244140625,-1834.300048828125,-1749.7999267578125
3630,-2094.9599609375,75.86995697021484,46.75422286987305,89.25089772542317,-2094.9599609375,-2082.5,148.10873413085938,-2401.6201171875,-2340.89990234375,-2264.39990234375,-2185.25,-2082.5,-2007.75,-1900.0,-1838.10009765625,-1749.9599609375
3663,-2102.93994140625,75.4048080444336,46.62804412841797,88.55729675292969,-2102.93994140625,-2103.0,147.56800842285156,-2412.39990234375,-2340.89990234375,-2278.199951171875,-2186.0,-2103.0,-2020.5,-1910.800048828125,-1838.10009765625,-1786.659912109375
3696,-2112.35986328125,74.96919250488281,46.547542572021484,87.85480244954427,-2112.360107421875,-2107.5,148.1173553466797,-2421.219970703125,-2378.199951171875,-2291.89990234375,-2197.5,-2107.5,-2041.5,-1938.9000244140625,-1838.10009765625,-1790.5799560546875
3729,-2121.33984375,74.60457611083984,46.52007293701172,87.24445088704427,-2121.340087890625,-2125.5,147.62210083007812,-2432.179931640625,-2401.550048828125,-2291.89990234375,-2215.25,-2125.5,-2049.75,-1938.9000244140625,-1867.949951171875,-1790.699951171875
3762,-2128.93994140625,74.17681884765625,46.43577575683594,86.55131530761719,-2128.93994140625,-2145.5,146.94024658203125,-2434.139892578125,-2402.0,-2301.5,-2216.75,-2145.5,-2053.25,-1950.9000244140625,-1867.949951171875,-1790.699951171875
3795,-2138.320068359375,73.76262664794922,46.38634490966797,85.86049397786458,-2138.320068359375,-2149.5,144.77354431152344,-2434.139892578125,-2405.800048828125,-2305.10009765625,-2226.0,-2149.5,-2063.75,-1961.5,-1867.949951171875,-1803.739990234375
3828,-2144.47998046875,73.34960174560547,46.32096862792969,85.18218231201172,-2144.47998046875,-2157.0,141.13812255859375,-2434.139892578125,-2405.800048828125,-2306.300048828125,-2226.0,-2157.0,-2067.25,-1961.5,-1908.2000732421875,-1839.019775390625
3861,-2155.159912109375,72.9189453125,46.2041015625,84.54980977376302,-2155.159912109375,-2160.5,141.94595336914062,-2442.360107421875,-2421.0,-2313.699951171875,-2239.75,-2160.5,-2073.25,-1975.9000244140625,-1913.75,-1839.27978515625
3894,-2162.419921875,72.50820922851562,46.13752365112305,83.85650634765625,-2162.419921875,-2165.0,140.9135284423828,-2499.199951171875,-2421.550048828125,-2318.199951171875,-2244.75,-2165.0,-2079.25,-1992.4000244140625,-1913.75,-1880.1798095703125
3927,-2169.89990234375,72.0417251586914,45.989376068115234,83.18900807698567,-2169.89990234375,-2169.5,142.81410217285156,-2499.199951171875,-2443.0,-2318.300048828125,-2255.0,-2169.5,-2081.75,-1997.9000244140625,-1913.75,-1880.3798828125
3960,-2178.419921875,71.5737533569336,45.8635368347168,82.49649302164714,-2178.419921875,-2186.0,145.4108123779297,-2499.199951171875,-2459.14990234375,-2349.60009765625,-2265.5,-2186.0,-2083.0,-1997.9000244140625,-1913.75,-1880.3798828125
3993,-2186.320068359375,71.17074584960938,45.778289794921875,81.83373260498047,-2186.320068359375,-2191.0,145.11724853515625,-2499.199951171875,-2479.5,-2359.699951171875,-2270.5,-2191.0,-2088.25,-1997.9000244140625,-1956.4500732421875,-1880.3798828125
4026,-2191.8798828125,70.79326629638672,45.72390365600586,81.18993123372395,-2191.8798828125,-2198.0,144.58128356933594,-2499.260009765625,-2479.5,-2359.699951171875,-2272.5,-2198.0,-2100.5,-2001.5,-1956.949951171875,-1880.3798828125
4059,-2196.85986328125,70.47500610351562,45.74917221069336,80.54756164550781,-2196.860107421875,-2201.0,146.45143127441406,-2509.300048828125,-2489.449951171875,-2370.5,-2279.0,-2201.0,-2103.75,-2001.5,-1956.949951171875,-1880.3798828125
4092,-2199.159912109375,70.07567596435547,45.64437484741211,79.9325180053711,-2199.159912109375,-2204.5,146.54519653320312,-2509.300048828125,-2489.449951171875,-2381.300048828125,-2296.25,-2204.5,-2108.5,-2001.5,-1956.949951171875,-1880.3798828125
4125,-2207.119873046875,69.67134094238281,45.55118942260742,79.29600779215495,-2207.1201171875,-2216.0,145.66587829589844,-2524.179931640625,-2498.050048828125,-2381.300048828125,-2298.5,-2216.0,-2120.5,-2013.699951171875,-1957.949951171875,-1880.419921875
4158,-2215.419921875,69.28791809082031,45.476558685302734,78.61313120524089,-2215.419921875,-2220.5,144.51609802246094,-2532.02001953125,-2499.60009765625,-2385.60009765625,-2300.5,-2220.5,-2132.0,-2013.699951171875,-1961.800048828125,-1887.8599853515625
4191,-2221.239990234375,68.9851303100586,45.4736442565918,78.02360026041667,-2221.239990234375,-2227.0,144.68096923828125,-2532.02001953125,-2499.699951171875,-2388.60009765625,-2308.75,-2227.0,-2136.5,-2013.699951171875,-1973.8499755859375,-1887.8599853515625
4224,-2226.199951171875,68.55046081542969,45.344024658203125,77.36985524495442,-2226.199951171875,-2229.5,143.07032775878906,-2533.1201171875,-2500.25,-2388.60009765625,-2316.0,-2229.5,-2141.0,-2044.60009765625,-1973.8499755859375,-1914.619873046875
4257,-2232.199951171875,68.11033630371094,45.21503829956055,76.71261342366536,-2232.199951171875,-2232.0,144.9412384033203,-2533.280029296875,-2520.199951171875,-2389.5,-2320.5,-2232.0,-2144.25,-2046.4000244140625,-1973.8499755859375,-1914.619873046875
4290,-2238.5400390625,67.75531005859375,45.13006591796875,76.11562093098958,-2238.5400390625,-2236.5,146.5591583251953,-2533.280029296875,-2520.199951171875,-2422.800048828125,-2329.0,-2236.5,-2147.25,-2046.4000244140625,-1975.9000244140625,-1914.619873046875
4323,-2243.85986328125,67.37626647949219,45.034278869628906,75.5000712076823,-2243.860107421875,-2245.5,148.54136657714844,-2562.080078125,-2521.35009765625,-2422.800048828125,-2329.5,-2245.5,-2153.0,-2046.9000244140625,-1978.8499755859375,-1914.8599853515625
4356,-2250.139892578125,66.92916870117188,44.84129333496094,74.87319691975911,-2250.139892578125,-2252.5,149.1818389892578,-2562.080078125,-2521.35009765625,-2432.0,-2334.0,-2252.5,-2154.75,-2046.9000244140625,-1978.8499755859375,-1914.8599853515625
4389,-2253.239990234375,66.57354736328125,44.768394470214844,74.26219177246094,-2253.239990234375,-2254.5,148.8223876953125,-2562.080078125,-2521.35009765625,-2450.10009765625,-2334.0,-2254.5,-2154.75,-2061.699951171875,-1989.4500732421875,-1931.659912109375
4422,-2257.739990234375,66.09649658203125,44.59416961669922,73.59556070963542,-2257.739990234375,-2257.0,147.1852264404297,-2562.4599609375,-2524.199951171875,-2451.5,-2335.75,-2257.0,-2171.25,-2062.5,-1993.9000244140625,-1932.97998046875
4455,-2266.43994140625,65.66691589355469,44.44758224487305,72.94455464680989,-2266.43994140625,-2265.0,141.55862426757812,-2562.4599609375,-2524.199951171875,-2463.300048828125,-2341.75,-2265.0,-2182.5,-2101.10009765625,-2050.900146484375,-1932.97998046875
4488,-2272.780029296875,65.27798461914062,44.319419860839844,72.36553955078125,-2272.780029296875,-2270.0,140.7935791015625,-2562.4599609375,-2524.199951171875,-2466.89990234375,-2359.25,-2270.0,-2198.0,-2101.10009765625,-2050.900146484375,-1932.97998046875
4521,-2279.280029296875,64.93903350830078,44.257354736328125,71.77037811279297,-2279.280029296875,-2280.0,142.15203857421875,-2585.06005859375,-2547.699951171875,-2466.89990234375,-2363.25,-2280.0,-2198.0,-2101.10009765625,-2050.900146484375,-1961.419921875
4554,-2286.8798828125,64.64043426513672,44.21438217163086,71.19934336344402,-2286.8798828125,-2284.5,141.74197387695312,-2588.139892578125,-2547.699951171875,-2467.89990234375,-2379.0,-2284.5,-2205.5,-2101.300048828125,-2062.89990234375,-1961.419921875
4587,-2290.599853515625,64.28350830078125,44.14525604248047,70.60251108805339,-2290.60009765625,-2288.5,141.7221221923828,-2595.02001953125,-2549.60009765625,-2475.10009765625,-2382.5,-2288.5,-2205.5,-2101.300048828125,-2062.89990234375,-1961.43994140625
4620,-2294.85986328125,63.838775634765625,43.99151611328125,69.9554214477539,-2294.860107421875,-2288.5,140.26539611816406,-2595.02001953125,-2549.64990234375,-2475.10009765625,-2385.0,-2288.5,-2211.75,-2113.900146484375,-2062.89990234375,-2000.2198486328125
4653,-2301.4599609375,63.4532470703125,43.88236999511719,69.34854380289714,-2301.4599609375,-2303.0,142.74363708496094,-2596.06005859375,-2549.64990234375,-2501.89990234375,-2390.0,-2303.0,-2211.75,-2125.699951171875,-2064.89990234375,-2000.2198486328125
4686,-2306.919921875,63.05331039428711,43.76770782470703,68.732177734375,-2306.919921875,-2304.0,142.96192932128906,-2599.760009765625,-2557.25,-2501.89990234375,-2395.25,-2304.0,-2221.0,-2132.2001953125,-2064.89990234375,-2029.6197509765625
4719,-2311.800048828125,62.645751953125,43.607505798339844,68.15328979492188,-2311.800048828125,-2309.0,143.47808837890625,-2611.52001953125,-2561.75,-2501.89990234375,-2399.5,-2309.0,-2232.0,-2132.2001953125,-2064.89990234375,-2029.6197509765625
4752,-2317.179931640625,62.35105514526367,43.56056213378906,67.61278279622395,-2317.179931640625,-2312.5,143.981689453125,-2611.52001953125,-2576.949951171875,-2502.89990234375,-2404.0,-2312.5,-2234.0,-2151.900146484375,-2064.89990234375,-2029.6197509765625
4785,-2322.139892578125,61.98198699951172,43.428497314453125,67.02549997965495,-2322.139892578125,-2320.0,142.83871459960938,-2637.179931640625,-2578.85009765625,-2505.10009765625,-2404.0,-2320.0,-2234.0,-2156.0,-2077.25,-2030.2998046875
4818,-2327.39990234375,61.6018180847168,43.29875946044922,66.42518615722656,-2327.39990234375,-2325.0,142.73121643066406,-2637.179931640625,-2578.85009765625,-2505.800048828125,-2413.25,-2325.0,-2248.25,-2161.699951171875,-2077.25,-2030.2998046875
4851,-2333.02001953125,61.22050094604492,43.191062927246094,65.79668680826823,-2333.02001953125,-2330.5,143.8016815185547,-2637.179931640625,-2582.64990234375,-2515.39990234375,-2430.25,-2330.5,-2251.75,-2161.699951171875,-2084.650146484375,-2030.2998046875
4884,-2338.219970703125,60.847084045410156,43.0671501159668,65.18435160319011,-2338.219970703125,-2336.5,144.38792419433594,-2637.179931640625,-2582.64990234375,-2522.60009765625,-2430.25,-2336.5,-2251.75,-2165.699951171875,-2084.650146484375,-2030.2998046875
4917,-2341.619873046875,60.45857238769531,42.93571090698242,64.55552673339844,-2341.6201171875,-2337.0,142.87440490722656,-2637.179931640625,-2592.14990234375,-2522.60009765625,-2434.25,-2337.0,-2255.0,-2169.300048828125,-2103.050048828125,-2030.93994140625
4950,-2345.89990234375,60.0826416015625,42.80430603027344,63.956244150797524,-2345.89990234375,-2342.5,141.769775390625,-2637.179931640625,-2596.14990234375,-2522.60009765625,-2434.25,-2342.5,-2262.0,-2170.699951171875,-2112.550048828125,-2046.619873046875
4983,-2351.639892578125,59.72802734375,42.672454833984375,63.409339904785156,-2351.639892578125,-2347.5,140.32073974609375,-2641.10009765625,-2596.14990234375,-2531.60009765625,-2444.5,-2347.5,-2273.75,-2171.800048828125,-2112.550048828125,-2058.579833984375
5016,-2356.8798828125,59.32120895385742,42.48485565185547,62.83761469523112,-2356.8798828125,-2351.5,140.76898193359375,-2642.219970703125,-2596.5,-2531.60009765625,-2458.0,-2351.5,-2278.5,-2188.0,-2112.550048828125,-2058.579833984375
5049,-2361.280029296875,58.935882568359375,42.34144592285156,62.25309499104818,-2361.280029296875,-2358.5,141.5454864501953,-2642.419921875,-2611.89990234375,-2553.10009765625,-2459.0,-2358.5,-2278.5,-2193.400146484375,-2122.150146484375,-2058.579833984375
5082,-2366.85986328125,58.57939147949219,42.202327728271484,61.68362045288086,-2366.860107421875,-2367.5,140.46800231933594,-2647.320068359375,-2611.89990234375,-2553.699951171875,-2465.75,-2367.5,-2282.0,-2193.400146484375,-2126.85009765625,-2067.820068359375
5115,-2371.39990234375,58.17987823486328,42.04777526855469,61.088704427083336,-2371.39990234375,-2367.5,141.031494140625,-2647.659912109375,-2617.60009765625,-2560.10009765625,-2468.5,-2367.5,-2294.25,-2193.400146484375,-2126.85009765625,-2067.820068359375
5148,-2374.219970703125,57.81987762451172,41.93077087402344,60.52817153930664,-2374.219970703125,-2374.5,142.4183807373047,-2680.10009765625,-2617.60009765625,-2560.10009765625,-2468.75,-2374.5,-2295.0,-2193.400146484375,-2126.85009765625,-2067.820068359375
5181,-2376.9599609375,57.47412109375,41.831748962402344,59.95150375366211,-2376.9599609375,-2374.5,144.46990966796875,-2691.159912109375,-2617.60009765625,-2560.10009765625,-2468.75,-2374.5,-2295.0,-2193.400146484375,-2126.85009765625,-2067.820068359375
5214,-2379.85986328125,57.11211395263672,41.69565963745117,59.39805475870768,-2379.860107421875,-2376.0,145.4783172607422,-2691.159912109375,-2618.5,-2560.10009765625,-2472.0,-2376.0,-2295.75,-2193.400146484375,-2126.85009765625,-2067.820068359375
5247,-2384.219970703125,56.70796203613281,41.50823211669922,58.82663599650065,-2384.219970703125,-2378.0,144.4591064453125,-2691.159912109375,-2618.5,-2562.39990234375,-2476.0,-2378.0,-2298.5,-2195.900146484375,-2126.85009765625,-2084.659912109375
5280,-2387.260009765625,56.37657928466797,41.373741149902344,58.28615061442057,-2387.260009765625,-2388.0,143.6235809326172,-2691.159912109375,-2618.60009765625,-2562.39990234375,-2480.5,-2388.0,-2298.5,-2195.900146484375,-2143.9501953125,-2092.83984375
5313,-2391.219970703125,55.984405517578125,41.20463180541992,57.6852912902832,-2391.219970703125,-2393.5,143.9210662841797,-2699.179931640625,-2671.0,-2564.300048828125,-2480.5,-2393.5,-2299.75,-2208.5,-2146.75,-2092.83984375
5346,-2394.820068359375,55.7060546875,41.13117980957031,57.183058420817055,-2394.820068359375,-2394.0,145.0800018310547,-2706.1201171875,-2671.300048828125,-2564.300048828125,-2496.25,-2394.0,-2300.0,-2208.5,-2146.75,-2092.83984375
5379,-2400.139892578125,55.32201385498047,40.99022674560547,56.57267634073893,-2400.139892578125,-2397.5,144.88401794433594,-2712.10009765625,-2671.300048828125,-2576.800048828125,-2497.25,-2397.5,-2306.75,-2208.5,-2151.5,-2107.699951171875
5412,-2402.97998046875,55.004634857177734,40.87031555175781,56.082907358805336,-2402.97998046875,-2400.5,144.75717163085938,-2712.10009765625,-2671.300048828125,-2576.800048828125,-2497.25,-2400.5,-2308.5,-2210.300048828125,-2152.0,-2107.699951171875
5445,-2406.119873046875,54.65699768066406,40.74952697753906,55.51800409952799,-2406.1201171875,-2402.5,146.20472717285156,-2717.5400390625,-2671.300048828125,-2586.199951171875,-2498.75,-2402.5,-2308.5,-2214.900146484375,-2152.0,-2107.780029296875
5478,-2409.8798828125,54.31444549560547,40.587913513183594,55.03151321411133,-2409.8798828125,-2416.0,146.9005889892578,-2717.5400390625,-2671.89990234375,-2597.0,-2512.5,-2416.0,-2308.5,-2214.900146484375,-2159.800048828125,-2111.699951171875
5511,-2413.33984375,53.99005889892578,40.44532775878906,54.520554860432945,-2413.340087890625,-2416.0,146.8186798095703,-2717.5400390625,-2671.89990234375,-2597.0,-2517.75,-2416.0,-2319.0,-2214.900146484375,-2159.800048828125,-2120.52001953125
5544,-2416.699951171875,53.65209197998047,40.307220458984375,53.98355484008789,-2416.699951171875,-2420.0,147.5018310546875,-2717.5400390625,-2671.89990234375,-2598.89990234375,-2518.75,-2420.0,-2320.75,-2214.900146484375,-2168.35009765625,-2120.52001953125
5577,-2422.0400390625,53.302024841308594,40.17364501953125,53.418905893961586,-2422.0400390625,-2422.5,147.46104431152344,-2725.3798828125,-2671.89990234375,-2598.89990234375,-2526.25,-2422.5,-2329.75,-2216.199951171875,-2173.10009765625,-2120.8798828125
5610,-2423.93994140625,52.98037338256836,40.04354476928711,52.91512552897135,-2423.93994140625,-2424.5,147.60107421875,-2727.340087890625,-2671.89990234375,-2598.89990234375,-2530.0,-2424.5,-2329.75,-2216.800048828125,-2173.10009765625,-2121.97998046875
5643,-2427.06005859375,52.64818572998047,39.914085388183594,52.37770334879557,-2427.06005859375,-2428.0,147.2654571533203,-2727.340087890625,-2682.10009765625,-2600.89990234375,-2532.0,-2428.0,-2334.75,-2216.800048828125,-2175.9501953125,-2128.83984375
5676,-2430.679931640625,52.358699798583984,39.792564392089844,51.856650034586586,-2430.679931640625,-2431.5,146.2796630859375,-2727.340087890625,-2683.0,-2600.89990234375,-2533.5,-2431.5,-2343.75,-2216.800048828125,-2178.89990234375,-2138.800048828125
5709,-2434.739990234375,52.101844787597656,39.71160888671875,51.39119974772135,-2434.739990234375,-2432.5,145.03286743164062,-2744.10009765625,-2684.89990234375,-2618.300048828125,-2533.5,-2432.5,-2350.25,-2217.800048828125,-2186.60009765625,-2139.97998046875
5742,-2438.5,51.76288986206055,39.54841613769531,50.8541259765625,-2438.5,-2436.5,145.07884216308594,-2752.239990234375,-2703.89990234375,-2618.300048828125,-2539.5,-2436.5,-2350.25,-2254.0,-2187.949951171875,-2139.97998046875
5775,-2440.97998046875,51.492950439453125,39.44268035888672,50.3927853902181,-2440.97998046875,-2436.5,145.9470977783203,-2752.239990234375,-2703.89990234375,-2622.300048828125,-2539.5,-2436.5,-2351.0,-2254.0,-2192.800048828125,-2139.97998046875
5808,-2444.43994140625,51.19647216796875,39.328887939453125,49.860121409098305,-2444.43994140625,-2442.0,144.948974609375,-2752.239990234375,-2703.89990234375,-2622.300048828125,-2540.75,-2442.0,-2358.25,-2254.0,-2192.800048828125,-2153.699951171875
5841,-2447.119873046875,50.90903854370117,39.21673583984375,49.37188975016276,-2447.1201171875,-2443.5,145.9752960205078,-2764.219970703125,-2703.89990234375,-2622.300048828125,-2540.75,-2443.5,-2362.25,-2254.0,-2192.800048828125,-2153.699951171875
5874,-2450.260009765625,50.61989974975586,39.0968017578125,48.87293243408203,-2450.260009765625,-2443.5,145.74913024902344,-2764.219970703125,-2703.89990234375,-2625.60009765625,-2550.75,-2443.5,-2362.25,-2260.300048828125,-2192.800048828125,-2153.699951171875
5907,-2454.579833984375,50.358795166015625,39.01600646972656,48.409566243489586,-2454.580078125,-2444.5,144.66632080078125,-2764.219970703125,-2703.89990234375,-2625.60009765625,-2553.75,-2444.5,-2372.0,-2260.300048828125,-2192.800048828125,-2153.699951171875
5940,-2456.81982421875,50.06481170654297,38.91981887817383,47.8892453511556,-2456.820068359375,-2451.5,144.32757568359375,-2771.080078125,-2703.89990234375,-2626.5,-2553.75,-2451.5,-2372.0,-2272.900146484375,-2194.89990234375,-2153.699951171875
5973,-2459.260009765625,49.7972412109375,38.83842849731445,47.358062744140625,-2459.260009765625,-2453.5,144.6307373046875,-2771.080078125,-2713.39990234375,-2630.10009765625,-2557.0,-2453.5,-2372.0,-2274.5,-2194.89990234375,-2153.699951171875
6006,-2462.43994140625,49.518638610839844,38.71430969238281,46.88589604695638,-2462.43994140625,-2455.5,144.1560516357422,-2771.080078125,-2713.60009765625,-2630.10009765625,-2561.0,-2455.5,-2377.75,-2293.400146484375,-2195.0,-2155.659912109375
6039,-2465.300048828125,49.27389144897461,38.64010238647461,46.419657389322914,-2465.300048828125,-2457.0,144.80120849609375,-2771.239990234375,-2714.300048828125,-2631.60009765625,-2564.5,-2457.0,-2377.75,-2293.400146484375,-2204.949951171875,-2155.659912109375
6072,-2467.599853515625,48.95185089111328,38.49810028076172,45.936684926350914,-2467.60009765625,-2457.5,145.4291534423828,-2771.239990234375,-2714.300048828125,-2639.10009765625,-2572.5,-2457.5,-2379.75,-2293.400146484375,-2204.949951171875,-2155.659912109375
6105,-2471.139892578125,48.67749786376953,38.39213562011719,45.469408671061196,-2471.139892578125,-2476.5,145.5209197998047,-2783.260009765625,-2714.300048828125,-2639.10009765625,-2578.25,-2476.5,-2382.0,-2294.300048828125,-2204.949951171875,-2187.019775390625
6138,-2474.919921875,48.361785888671875,38.234405517578125,44.98048655192057,-2474.919921875,-2477.0,147.4288787841797,-2800.1201171875,-2714.300048828125,-2655.300048828125,-2579.0,-2477.0,-2383.5,-2294.300048828125,-2204.949951171875,-2192.899658203125
6171,-2476.679931640625,48.085304260253906,38.1031608581543,44.52078501383463,-2476.679931640625,-2477.5,147.8579559326172,-2800.1201171875,-2714.300048828125,-2655.300048828125,-2585.5,-2477.5,-2386.25,-2294.300048828125,-2204.949951171875,-2192.899658203125
6204,-2479.280029296875,47.82929611206055,38.012542724609375,44.01681391398112,-2479.280029296875,-2479.5,148.0020294189453,-2800.199951171875,-2714.300048828125,-2655.300048828125,-2590.0,-2479.5,-2387.75,-2294.300048828125,-2204.949951171875,-2192.899658203125
6237,-2481.619873046875,47.6004638671875,37.95130157470703,43.54084014892578,-2481.6201171875,-2481.5,147.01609802246094,-2800.239990234375,-2714.39990234375,-2656.199951171875,-2590.0,-2481.5,-2397.0,-2294.300048828125,-2209.75,-2194.43994140625
6270,-2484.31982421875,47.418087005615234,37.956581115722656,43.053470611572266,-2484.320068359375,-2482.5,145.24729919433594,-2800.239990234375,-2714.60009765625,-2656.199951171875,-2590.0,-2482.5,-2398.75,-2296.699951171875,-2221.449951171875,-2194.43994140625
6303,-2488.52001953125,47.2016716003418,37.88361358642578,42.59422302246094,-2488.52001953125,-2482.5,144.7764129638672,-2800.52001953125,-2715.550048828125,-2656.199951171875,-2590.0,-2482.5,-2404.0,-2296.699951171875,-2235.300048828125,-2194.43994140625
6336,-2491.3798828125,47.007652282714844,37.84109115600586,42.151414235432945,-2491.3798828125,-2485.5,145.36415100097656,-2800.52001953125,-2715.550048828125,-2658.800048828125,-2591.5,-2485.5,-2405.75,-2296.699951171875,-2235.300048828125,-2194.43994140625
6369,-2493.159912109375,46.81913375854492,37.820220947265625,41.70298385620117,-2493.159912109375,-2489.0,145.10414123535156,-2804.43994140625,-2739.300048828125,-2658.800048828125,-2591.5,-2489.0,-2407.5,-2296.699951171875,-2235.300048828125,-2194.9599609375
6402,-2494.81982421875,46.569679260253906,37.70459747314453,41.264713287353516,-2494.820068359375,-2489.0,145.331787109375,-2804.43994140625,-2739.300048828125,-2663.300048828125,-2593.0,-2489.0,-2414.0,-2300.300048828125,-2235.300048828125,-2194.9599609375
6435,-2496.760009765625,46.34264373779297,37.633060455322266,40.804691314697266,-2496.760009765625,-2489.0,145.31695556640625,-2806.39990234375,-2743.10009765625,-2663.300048828125,-2593.0,-2489.0,-2416.0,-2303.900146484375,-2235.300048828125,-2194.9599609375
6468,-2499.139892578125,46.11587142944336,37.54783248901367,40.33431625366211,-2499.139892578125,-2495.0,145.6676483154297,-2806.39990234375,-2743.10009765625,-2663.5,-2602.5,-2495.0,-2416.0,-2303.900146484375,-2235.300048828125,-2194.9599609375
6501,-2502.5,45.88414764404297,37.46482467651367,39.889268239339195,-2502.5,-2506.0,145.81642150878906,-2808.360107421875,-2743.199951171875,-2669.800048828125,-2604.0,-2506.0,-2416.0,-2309.300048828125,-2235.300048828125,-2218.52001953125
6534,-2505.079833984375,45.59698486328125,37.31657409667969,39.425201416015625,-2505.080078125,-2511.0,145.57388305664062,-2808.360107421875,-2743.800048828125,-2669.800048828125,-2606.75,-2511.0,-2417.5,-2329.10009765625,-2241.699951171875,-2218.52001953125
6567,-2507.47998046875,45.38581848144531,37.25841522216797,38.953879038492836,-2507.47998046875,-2515.0,145.54617309570312,-2820.239990234375,-2743.800048828125,-2669.800048828125,-2609.5,-2515.0,-2419.5,-2334.900146484375,-2242.0,-2218.52001953125
6600,-2509.4599609375,45.1839599609375,37.21171569824219,38.51454544067383,-2509.4599609375,-2515.0,146.558349609375,-2820.52001953125,-2759.699951171875,-2669.800048828125,-2610.25,-2515.0,-2420.75,-2334.900146484375,-2242.0,-2218.639892578125
6633,-2512.639892578125,44.960723876953125,37.12074279785156,38.107077280680336,-2512.639892578125,-2515.0,145.05001831054688,-2820.52001953125,-2759.699951171875,-2669.800048828125,-2611.0,-2515.0,-2423.0,-2334.900146484375,-2242.0,-2232.719970703125
6666,-2514.219970703125,44.6820068359375,37.00379943847656,37.57772699991862,-2514.219970703125,-2518.0,144.72811889648438,-2820.52001953125,-2759.699951171875,-2670.800048828125,-2615.0,-2518.0,-2423.0,-2338.5,-2243.89990234375,-2232.719970703125
6699,-2517.280029296875,44.404197692871094,36.86742401123047,37.11938349405924,-2517.280029296875,-2518.0,143.9915313720703,-2820.52001953125,-2759.699951171875,-2674.39990234375,-2616.5,-2518.0,-2433.0,-2341.199951171875,-2247.699951171875,-2232.719970703125
6732,-2519.47998046875,44.13897705078125,36.740169525146484,36.66677220662435,-2519.47998046875,-2518.0,144.18838500976562,-2820.739990234375,-2759.699951171875,-2674.39990234375,-2626.75,-2518.0,-2433.0,-2341.199951171875,-2247.89990234375,-2232.719970703125
6765,-2521.0400390625,43.98855209350586,36.721595764160156,36.28023910522461,-2521.0400390625,-2520.0,144.17681884765625,-2826.6201171875,-2761.60009765625,-2674.39990234375,-2629.0,-2520.0,-2435.5,-2341.199951171875,-2249.800048828125,-2232.719970703125
6798,-2523.52001953125,43.75651550292969,36.61501693725586,35.87938435872396,-2523.52001953125,-2520.0,144.19143676757812,-2826.6201171875,-2765.39990234375,-2679.800048828125,-2631.25,-2520.0,-2435.5,-2341.199951171875,-2251.89990234375,-2232.719970703125
6831,-2525.85986328125,43.552181243896484,36.55289077758789,35.46935145060221,-2525.860107421875,-2525.5,144.19369506835938,-2826.6201171875,-2765.39990234375,-2680.300048828125,-2632.75,-2525.5,-2438.0,-2341.199951171875,-2251.89990234375,-2232.719970703125
6864,-2526.919921875,43.326690673828125,36.448402404785156,35.03558222452799,-2526.919921875,-2527.5,143.40359497070312,-2826.6201171875,-2765.39990234375,-2684.300048828125,-2632.75,-2527.5,-2442.5,-2341.199951171875,-2265.2001953125,-2232.719970703125
6897,-2528.679931640625,43.14128875732422,36.369140625,34.637261708577476,-2528.679931640625,-2527.5,143.51132202148438,-2826.6201171875,-2765.39990234375,-2684.300048828125,-2633.25,-2527.5,-2442.5,-2343.199951171875,-2267.10009765625,-2232.719970703125
6930,-2529.85986328125,42.923179626464844,36.29674530029297,34.19159444173177,-2529.860107421875,-2527.5,143.9879913330078,-2826.6201171875,-2765.5,-2687.89990234375,-2638.0,-2527.5,-2442.5,-2345.0,-2267.10009765625,-2232.719970703125
6963,-2532.659912109375,42.675350189208984,36.15165710449219,33.80085372924805,-2532.659912109375,-2530.5,143.82310485839844,-2826.6201171875,-2765.5,-2695.10009765625,-2641.0,-2530.5,-2444.0,-2348.60009765625,-2267.300048828125,-2232.719970703125
6996,-2535.719970703125,42.53094482421875,36.136436462402344,33.41162109375,-2535.719970703125,-2532.5,145.04110717773438,-2826.6201171875,-2768.0,-2695.199951171875,-2643.0,-2532.5,-2444.0,-2348.60009765625,-2267.300048828125,-2232.719970703125
7029,-2537.5,42.342037200927734,36.07613754272461,33.003578186035156,-2537.5,-2533.5,145.00865173339844,-2828.580078125,-2775.60009765625,-2695.199951171875,-2647.25,-2533.5,-2447.0,-2348.60009765625,-2267.300048828125,-2232.719970703125
7062,-2539.119873046875,42.18891143798828,36.001949310302734,32.652695973714195,-2539.1201171875,-2534.0,144.59967041015625,-2828.580078125,-2775.60009765625,-2695.199951171875,-2649.5,-2534.0,-2447.0,-2348.60009765625,-2267.300048828125,-2232.719970703125
7095,-2540.800048828125,42.009368896484375,35.935699462890625,32.239169438680015,-2540.800048828125,-2534.0,144.44500732421875,-2828.6201171875,-2775.60009765625,-2697.0,-2655.25,-2534.0,-2449.5,-2348.60009765625,-2267.699951171875,-2232.719970703125
7128,-2542.139892578125,41.892066955566406,35.92796325683594,31.819639205932617,-2542.139892578125,-2536.0,143.95159912109375,-2828.6201171875,-2775.60009765625,-2697.0,-2655.25,-2536.0,-2449.5,-2348.60009765625,-2281.300048828125,-2232.760009765625
7161,-2543.85986328125,41.73750305175781,35.88512420654297,31.442434310913086,-2543.860107421875,-2554.5,143.9893798828125,-2836.4599609375,-2775.60009765625,-2697.0,-2655.25,-2554.5,-2461.0,-2348.60009765625,-2281.60009765625,-2232.760009765625
7194,-2546.099853515625,41.6177978515625,35.87580490112305,31.049829483032227,-2546.10009765625,-2554.5,144.8560333251953,-2836.4599609375,-2776.0,-2706.699951171875,-2655.25,-2554.5,-2464.25,-2348.60009765625,-2281.699951171875,-2232.760009765625
7227,-2547.639892578125,41.460845947265625,35.82386779785156,30.693713506062824,-2547.639892578125,-2554.5,144.4462127685547,-2836.4599609375,-2782.300048828125,-2706.699951171875,-2655.25,-2554.5,-2466.5,-2355.800048828125,-2282.0,-2244.919921875
7260,-2548.619873046875,41.2879753112793,35.759071350097656,30.29891014099121,-2548.6201171875,-2554.5,144.40101623535156,-2836.4599609375,-2782.300048828125,-2706.699951171875,-2655.25,-2554.5,-2466.5,-2356.0,-2283.89990234375,-2244.919921875
7293,-2549.93994140625,41.126304626464844,35.691688537597656,29.940194447835285,-2549.93994140625,-2558.5,144.52430725097656,-2836.4599609375,-2782.300048828125,-2706.699951171875,-2661.0,-2558.5,-2466.5,-2356.199951171875,-2285.800048828125,-2244.919921875
7326,-2550.97998046875,40.94166564941406,35.62797164916992,29.532238006591797,-2550.97998046875,-2558.5,144.84930419921875,-2836.5400390625,-2782.300048828125,-2707.60009765625,-2661.0,-2558.5,-2466.5,-2357.199951171875,-2285.800048828125,-2244.919921875
7359,-2552.0400390625,40.810020446777344,35.60509490966797,29.163092931111652,-2552.0400390625,-2558.5,144.173095703125,-2836.580078125,-2782.300048828125,-2710.300048828125,-2661.0,-2558.5,-2471.0,-2357.199951171875,-2285.800048828125,-2263.699951171875
7392,-2553.300048828125,40.68230438232422,35.57145690917969,28.7860164642334,-2553.300048828125,-2558.5,143.5708465576172,-2836.580078125,-2782.300048828125,-2710.300048828125,-2661.0,-2558.5,-2471.0,-2357.199951171875,-2285.800048828125,-2263.85986328125
7425,-2554.599853515625,40.49201202392578,35.4824333190918,28.434041341145832,-2554.60009765625,-2558.5,144.087890625,-2836.580078125,-2782.300048828125,-2714.39990234375,-2664.75,-2558.5,-2471.75,-2357.199951171875,-2285.800048828125,-2263.93994140625
7458,-2555.780029296875,40.301063537597656,35.37682342529297,28.086525599161785,-2555.780029296875,-2558.5,144.04774475097656,-2840.5,-2782.300048828125,-2714.39990234375,-2664.75,-2558.5,-2473.5,-2357.199951171875,-2288.650146484375,-2263.93994140625
7491,-2557.219970703125,40.14814758300781,35.32373809814453,27.741106033325195,-2557.219970703125,-2558.5,143.51136779785156,-2840.5,-2782.5,-2718.89990234375,-2667.25,-2558.5,-2473.5,-2366.199951171875,-2293.449951171875,-2268.89990234375
7524,-2558.079833984375,39.94629669189453,35.20760726928711,27.397555033365887,-2558.080078125,-2564.0,143.58995056152344,-2840.5,-2782.5,-2718.89990234375,-2668.25,-2564.0,-2473.5,-2366.199951171875,-2293.449951171875,-2268.89990234375
7557,-2559.139892578125,39.83601760864258,35.18779754638672,27.055971145629883,-2559.139892578125,-2567.0,143.71006774902344,-2840.5,-2782.5,-2718.89990234375,-2668.25,-2567.0,-2476.0,-2366.199951171875,-2293.449951171875,-2268.89990234375
7590,-2561.199951171875,39.69899368286133,35.1556396484375,26.70224889119466,-2561.199951171875,-2567.0,143.7163848876953,-2840.5,-2797.699951171875,-2718.89990234375,-2671.25,-2567.0,-2476.0,-2366.199951171875,-2301.050048828125,-2268.89990234375
7623,-2562.33984375,39.56114196777344,35.09666442871094,26.35043462117513,-2562.340087890625,-2567.0,143.8646697998047,-2840.860107421875,-2797.699951171875,-2718.89990234375,-2672.0,-2567.0,-2477.5,-2370.800048828125,-2301.300048828125,-2268.97998046875
7656,-2564.099853515625,39.454071044921875,35.066734313964844,26.042709986368816,-2564.10009765625,-2567.0,143.1927032470703,-2844.780029296875,-2797.699951171875,-2727.199951171875,-2672.0,-2567.0,-2481.25,-2370.800048828125,-2304.85009765625,-2268.97998046875
7689,-2564.800048828125,39.319915771484375,35.03153991699219,25.710010528564453,-2564.800048828125,-2567.0,142.97216796875,-2844.780029296875,-2797.699951171875,-2727.199951171875,-2673.25,-2567.0,-2481.25,-2370.800048828125,-2304.85009765625,-2268.97998046875
7722,-2565.599853515625,39.14072036743164,34.93500900268555,25.338536580403645,-2565.60009765625,-2567.0,143.05467224121094,-2844.780029296875,-2797.699951171875,-2727.199951171875,-2673.25,-2567.0,-2485.75,-2370.800048828125,-2304.85009765625,-2268.97998046875
7755,-2567.199951171875,38.9906005859375,34.874698638916016,24.99189821879069,-2567.199951171875,-2573.0,143.03439331054688,-2844.780029296875,-2797.699951171875,-2727.199951171875,-2677.0,-2573.0,-2485.75,-2370.800048828125,-2308.650146484375,-2271.93994140625
7788,-2569.679931640625,38.83305358886719,34.80503463745117,24.62741216023763,-2569.679931640625,-2573.0,142.19387817382812,-2844.780029296875,-2797.699951171875,-2727.199951171875,-2679.5,-2573.0,-2485.75,-2378.0,-2308.75,-2287.780029296875
7821,-2571.0400390625,38.75551986694336,34.79295349121094,24.330146153767902,-2571.0400390625,-2576.0,141.3197784423828,-2844.780029296875,-2799.60009765625,-2727.199951171875,-2681.0,-2576.0,-2485.75,-2379.800048828125,-2310.650146484375,-2287.780029296875
7854,-2571.8798828125,38.589508056640625,34.697174072265625,24.02425257364909,-2571.8798828125,-2576.0,141.24710083007812,-2844.820068359375,-2799.60009765625,-2727.199951171875,-2681.25,-2576.0,-2485.75,-2379.800048828125,-2310.650146484375,-2287.780029296875
7887,-2573.3798828125,38.501136779785156,34.710289001464844,23.633134841918945,-2573.3798828125,-2576.0,141.03863525390625,-2844.820068359375,-2799.60009765625,-2727.199951171875,-2683.0,-2576.0,-2485.75,-2379.800048828125,-2310.650146484375,-2287.780029296875
7920,-2574.760009765625,38.33245849609375,34.6510009765625,23.207089106241863,-2574.760009765625,-2576.0,140.9037322998047,-2844.820068359375,-2799.60009765625,-2728.10009765625,-2683.25,-2576.0,-2485.75,-2383.0,-2310.650146484375,-2287.780029296875
7953,-2576.33984375,38.27534484863281,34.669334411621094,22.88905143737793,-2576.340087890625,-2576.0,140.6103973388672,-2844.820068359375,-2799.60009765625,-2731.5,-2683.25,-2576.0,-2493.25,-2383.0,-2311.949951171875,-2287.780029296875
7986,-2578.5,38.09689712524414,34.57315444946289,22.565248489379883,-2578.5,-2580.0,140.02081298828125,-2847.760009765625,-2803.39990234375,-2738.0,-2683.25,-2580.0,-2493.25,-2383.0,-2313.85009765625,-2287.780029296875
8019,-2580.419921875,37.929229736328125,34.48447799682617,22.218095779418945,-2580.419921875,-2585.5,139.45846557617188,-2847.919921875,-2805.300048828125,-2738.199951171875,-2684.5,-2585.5,-2493.25,-2388.39990234375,-2313.85009765625,-2300.739990234375
8052,-2581.52001953125,37.760581970214844,34.392333984375,21.884214401245117,-2581.52001953125,-2585.5,139.23464965820312,-2851.840087890625,-2805.300048828125,-2740.10009765625,-2684.5,-2585.5,-2493.25,-2388.39990234375,-2314.0,-2300.739990234375
8085,-2582.31982421875,37.61268615722656,34.30926513671875,21.595902760823567,-2582.320068359375,-2585.5,139.13137817382812,-2851.840087890625,-2805.300048828125,-2741.10009765625,-2685.25,-2585.5,-2493.25,-2388.39990234375,-2315.89990234375,-2300.739990234375
8118,-2583.39990234375,37.464996337890625,34.23847198486328,21.250925064086914,-2583.39990234375,-2585.5,138.71481323242188,-2851.840087890625,-2805.300048828125,-2741.300048828125,-2686.25,-2585.5,-2493.75,-2388.39990234375,-2324.449951171875,-2300.739990234375
8151,-2584.3798828125,37.322425842285156,34.15973663330078,20.893948237101238,-2584.3798828125,-2585.5,138.42201232910156,-2859.719970703125,-2805.300048828125,-2741.300048828125,-2688.5,-2585.5,-2494.75,-2393.800048828125,-2328.25,-2300.97998046875
8184,-2585.35986328125,37.1744384765625,34.10142135620117,20.52113215128581,-2585.360107421875,-2585.5,138.56907653808594,-2865.60009765625,-2805.300048828125,-2744.199951171875,-2688.5,-2585.5,-2494.75,-2393.800048828125,-2328.25,-2300.97998046875
8217,-2587.0,37.08246994018555,34.074310302734375,20.192023595174152,-2587.0,-2585.5,138.6161651611328,-2865.60009765625,-2805.300048828125,-2746.300048828125,-2690.5,-2585.5,-2497.25,-2396.800048828125,-2328.25,-2302.93994140625
8250,-2588.099853515625,36.930503845214844,34.00531768798828,19.83731524149577,-2588.10009765625,-2586.5,138.4567413330078,-2865.60009765625,-2809.10009765625,-2746.300048828125,-2692.0,-2586.5,-2497.25,-2396.800048828125,-2328.400146484375,-2302.93994140625
8283,-2589.02001953125,36.84379196166992,33.99517822265625,19.50846227010091,-2589.02001953125,-2590.5,138.65525817871094,-2865.60009765625,-2811.0,-2748.10009765625,-2692.0,-2590.5,-2497.5,-2397.0,-2328.400146484375,-2302.93994140625
8316,-2590.119873046875,36.68425750732422,33.9161491394043,19.10133934020996,-2590.1201171875,-2594.0,138.68463134765625,-2865.719970703125,-2811.199951171875,-2748.10009765625,-2692.0,-2594.0,-2497.5,-2397.0,-2328.650146484375,-2302.93994140625
8349,-2590.97998046875,36.49320602416992,33.79491424560547,18.768685658772785,-2590.97998046875,-2596.0,138.71682739257812,-2865.719970703125,-2813.10009765625,-2749.0,-2692.75,-2596.0,-2497.5,-2398.800048828125,-2336.25,-2306.85986328125
8382,-2592.33984375,36.35035705566406,33.72563552856445,18.38930892944336,-2592.340087890625,-2598.0,138.09347534179688,-2865.719970703125,-2813.10009765625,-2749.0,-2692.75,-2598.0,-2497.5,-2418.60009765625,-2336.25,-2313.85986328125
8415,-2593.239990234375,36.22806930541992,33.66787338256836,18.063149134318035,-2593.239990234375,-2598.0,137.82461547851562,-2865.719970703125,-2813.10009765625,-2749.0,-2693.0,-2598.0,-2497.5,-2418.60009765625,-2336.25,-2313.85986328125
8448,-2594.639892578125,36.145050048828125,33.64883041381836,17.735856374104817,-2594.639892578125,-2602.0,138.31655883789062,-2867.800048828125,-2817.699951171875,-2749.0,-2693.0,-2602.0,-2498.0,-2418.800048828125,-2336.550048828125,-2315.97998046875
8481,-2595.4599609375,36.050296783447266,33.6148681640625,17.478151321411133,-2595.4599609375,-2602.0,138.16941833496094,-2867.800048828125,-2817.699951171875,-2749.0,-2694.5,-2602.0,-2504.0,-2418.800048828125,-2340.35009765625,-2320.89990234375
8514,-2596.280029296875,35.89385223388672,33.53564453125,17.089787165323894,-2596.280029296875,-2603.0,138.2149200439453,-2867.800048828125,-2821.5,-2749.0,-2694.75,-2603.0,-2505.5,-2418.800048828125,-2340.35009765625,-2320.89990234375
8547,-2596.739990234375,35.738136291503906,33.44258117675781,16.767375310262043,-2596.739990234375,-2605.0,138.30377197265625,-2869.760009765625,-2821.5,-2749.0,-2694.75,-2605.0,-2505.5,-2418.800048828125,-2340.35009765625,-2320.89990234375
8580,-2597.39990234375,35.59685516357422,33.355281829833984,16.422021865844727,-2597.39990234375,-2606.0,138.08837890625,-2869.760009765625,-2821.5,-2750.800048828125,-2694.75,-2606.0,-2505.5,-2419.39990234375,-2340.35009765625,-2324.820068359375
8613,-2598.39990234375,35.49987030029297,33.31382751464844,16.146031697591145,-2598.39990234375,-2606.0,138.3154296875,-2869.760009765625,-2825.300048828125,-2750.800048828125,-2698.25,-2606.0,-2506.0,-2424.800048828125,-2340.35009765625,-2324.85986328125
8646,-2599.300048828125,35.37736129760742,33.25398254394531,15.84146531422933,-2599.300048828125,-2607.5,138.48419189453125,-2869.760009765625,-2825.300048828125,-2752.60009765625,-2698.25,-2607.5,-2506.0,-2424.800048828125,-2340.35009765625,-2326.820068359375
8679,-2599.97998046875,35.313133239746094,33.253177642822266,15.531673749287924,-2599.97998046875,-2609.0,138.5694122314453,-2869.760009765625,-2825.300048828125,-2752.60009765625,-2699.5,-2609.0,-2506.0,-2424.800048828125,-2342.25,-2326.820068359375
8712,-2600.619873046875,35.21082305908203,33.217689514160156,15.266632080078125,-2600.6201171875,-2609.0,138.43141174316406,-2869.760009765625,-2825.300048828125,-2752.60009765625,-2701.75,-2609.0,-2507.5,-2424.800048828125,-2342.60009765625,-2326.820068359375
8745,-2601.5400390625,35.03960418701172,33.11297607421875,14.904657363891602,-2601.5400390625,-2609.5,138.35818481445312,-2869.760009765625,-2825.300048828125,-2752.60009765625,-2702.25,-2609.5,-2514.0,-2424.800048828125,-2342.60009765625,-2326.820068359375
8778,-2602.52001953125,34.870208740234375,33.00398254394531,14.615571657816568,-2602.52001953125,-2609.5,137.975830078125,-2869.800048828125,-2825.300048828125,-2758.800048828125,-2702.25,-2609.5,-2516.0,-2424.800048828125,-2344.89990234375,-2327.800048828125
8811,-2603.119873046875,34.8322639465332,33.026161193847656,14.30733871459961,-2603.1201171875,-2609.5,137.85682678222656,-2869.8798828125,-2825.5,-2758.800048828125,-2702.25,-2609.5,-2517.5,-2424.800048828125,-2345.0,-2327.800048828125
8844,-2603.81982421875,34.747406005859375,32.99102020263672,14.009941418965658,-2603.820068359375,-2609.5,138.02581787109375,-2869.8798828125,-2825.5,-2758.800048828125,-2706.25,-2609.5,-2517.5,-2424.800048828125,-2345.0,-2327.8798828125
8877,-2604.579833984375,34.70936584472656,32.990394592285156,13.756760279337565,-2604.580078125,-2609.5,137.61651611328125,-2871.840087890625,-2825.5,-2758.800048828125,-2706.25,-2609.5,-2517.5,-2426.60009765625,-2345.0,-2329.9599609375
8910,-2605.35986328125,34.53578186035156,32.882774353027344,13.403868993123373,-2605.360107421875,-2609.5,137.416259765625,-2871.919921875,-2827.39990234375,-2758.800048828125,-2706.25,-2609.5,-2519.0,-2427.0,-2349.75,-2329.9599609375
8943,-2605.83984375,34.377254486083984,32.79264450073242,13.070018768310547,-2605.840087890625,-2611.0,137.44822692871094,-2872.0,-2827.39990234375,-2758.800048828125,-2706.25,-2611.0,-2520.5,-2428.800048828125,-2350.949951171875,-2329.9599609375
8976,-2606.619873046875,34.27232360839844,32.7310791015625,12.82804266611735,-2606.6201171875,-2611.0,137.1166534423828,-2872.0,-2827.39990234375,-2758.800048828125,-2707.25,-2611.0,-2522.5,-2432.400146484375,-2350.949951171875,-2335.83984375
9009,-2607.219970703125,34.13041305541992,32.63950729370117,12.536210695902506,-2607.219970703125,-2611.0,136.8648681640625,-2872.0,-2827.39990234375,-2760.60009765625,-2707.25,-2611.0,-2525.5,-2432.400146484375,-2354.800048828125,-2337.800048828125
9042,-2608.099853515625,34.11101531982422,32.66504669189453,12.220549583435059,-2608.10009765625,-2612.5,136.07994079589844,-2873.9599609375,-2827.39990234375,-2760.60009765625,-2707.25,-2612.5,-2525.5,-2432.400146484375,-2359.85009765625,-2337.800048828125
9075,-2608.9599609375,34.074790954589844,32.680259704589844,11.983985900878906,-2608.9599609375,-2613.0,135.6253662109375,-2873.9599609375,-2829.300048828125,-2760.800048828125,-2707.25,-2613.0,-2527.0,-2432.400146484375,-2359.85009765625,-2350.539794921875
9108,-2609.679931640625,34.054420471191406,32.704368591308594,11.699349721272787,-2609.679931640625,-2613.5,135.60699462890625,-2873.9599609375,-2829.300048828125,-2764.800048828125,-2707.25,-2613.5,-2527.0,-2434.199951171875,-2361.75,-2351.52001953125
9141,-2610.43994140625,34.01433563232422,32.71624755859375,11.438055038452148,-2610.43994140625,-2616.5,135.85169982910156,-2873.9599609375,-2829.300048828125,-2765.5,-2708.0,-2616.5,-2527.0,-2434.199951171875,-2363.650146484375,-2351.52001953125
9174,-2611.239990234375,33.978004455566406,32.723541259765625,11.135781288146973,-2611.239990234375,-2617.5,136.11900329589844,-2877.8798828125,-2829.300048828125,-2771.5,-2708.0,-2617.5,-2527.5,-2438.0,-2363.650146484375,-2351.52001953125
9207,-2611.9599609375,33.83220291137695,32.63129425048828,10.771252950032553,-2611.9599609375,-2619.5,136.06982421875,-2877.8798828125,-2829.300048828125,-2773.300048828125,-2708.0,-2619.5,-2527.5,-2438.0,-2363.650146484375,-2351.52001953125
9240,-2612.599853515625,33.77722930908203,32.610137939453125,10.511936823527018,-2612.60009765625,-2619.5,136.200439453125,-2879.840087890625,-2829.300048828125,-2773.39990234375,-2709.0,-2619.5,-2530.5,-2438.400146484375,-2363.650146484375,-2351.52001953125
9273,-2613.679931640625,33.773963928222656,32.646575927734375,10.211184819539389,-2613.679931640625,-2619.5,135.97653198242188,-2879.840087890625,-2829.300048828125,-2773.39990234375,-2709.0,-2619.5,-2533.5,-2440.199951171875,-2368.400146484375,-2351.52001953125
9306,-2614.47998046875,33.72041702270508,32.641944885253906,9.93004035949707,-2614.47998046875,-2621.0,135.93943786621094,-2881.800048828125,-2829.300048828125,-2777.0,-2709.0,-2621.0,-2533.5,-2440.199951171875,-2368.60009765625,-2355.43994140625
9339,-2615.0,33.60670471191406,32.583248138427734,9.613994280497232,-2615.0,-2621.0,136.27369689941406,-2881.800048828125,-2829.800048828125,-2777.0,-2709.0,-2621.0,-2533.5,-2440.199951171875,-2368.60009765625,-2355.43994140625
9372,-2615.8798828125,33.45192337036133,32.46495819091797,9.364289283752441,-2615.8798828125,-2623.0,136.33644104003906,-2881.800048828125,-2829.800048828125,-2785.300048828125,-2709.0,-2623.0,-2533.5,-2440.199951171875,-2370.89990234375,-2355.43994140625
9405,-2616.52001953125,33.562984466552734,32.61967086791992,9.06283696492513,-2616.52001953125,-2623.0,136.39549255371094,-2881.800048828125,-2829.800048828125,-2785.300048828125,-2713.0,-2623.0,-2533.5,-2440.199951171875,-2370.89990234375,-2355.43994140625
9438,-2617.239990234375,33.42283248901367,32.529869079589844,8.729735374450684,-2617.239990234375,-2623.5,136.53359985351562,-2881.800048828125,-2829.800048828125,-2785.300048828125,-2713.25,-2623.5,-2533.5,-2440.199951171875,-2370.89990234375,-2355.43994140625
9471,-2617.8798828125,33.36134338378906,32.50950241088867,8.446945667266846,-2617.8798828125,-2626.0,136.5190887451172,-2885.719970703125,-2833.60009765625,-2785.300048828125,-2713.25,-2626.0,-2533.5,-2440.199951171875,-2370.89990234375,-2357.39990234375
9504,-2618.85986328125,33.33203125,32.51511764526367,8.191630204518637,-2618.860107421875,-2626.0,135.9756622314453,-2885.719970703125,-2833.60009765625,-2785.5,-2713.25,-2626.0,-2533.5,-2440.199951171875,-2370.89990234375,-2357.39990234375
9537,-2619.33984375,33.40560531616211,32.62678146362305,7.9370347658793134,-2619.340087890625,-2626.0,136.215576171875,-2887.679931640625,-2833.60009765625,-2785.5,-2713.25,-2626.0,-2533.5,-2440.199951171875,-2370.89990234375,-2357.39990234375
9570,-2619.919921875,33.427345275878906,32.686710357666016,7.694904804229736,-2619.919921875,-2626.0,136.32708740234375,-2887.679931640625,-2833.60009765625,-2785.5,-2714.75,-2626.0,-2534.0,-2440.199951171875,-2370.89990234375,-2357.39990234375
9603,-2620.4599609375,33.442604064941406,32.74659729003906,7.413642406463623,-2620.4599609375,-2626.0,136.1401824951172,-2887.719970703125,-2833.60009765625,-2785.5,-2714.75,-2626.0,-2534.0,-2440.199951171875,-2374.699951171875,-2357.39990234375
9636,-2621.0400390625,33.4684944152832,32.807308197021484,7.13049840927124,-2621.0400390625,-2626.0,136.01632690429688,-2887.760009765625,-2833.60009765625,-2785.5,-2714.75,-2626.0,-2534.0,-2440.199951171875,-2375.650146484375,-2357.39990234375
9669,-2621.43994140625,33.474365234375,32.85710525512695,6.817607402801514,-2621.43994140625,-2626.0,136.0348663330078,-2891.679931640625,-2833.60009765625,-2785.5,-2714.75,-2626.0,-2534.0,-2440.199951171875,-2379.449951171875,-2357.39990234375
9702,-2621.97998046875,33.627559661865234,33.052833557128906,6.576164245605469,-2621.97998046875,-2626.0,135.88333129882812,-2891.679931640625,-2833.60009765625,-2785.5,-2714.75,-2626.0,-2537.0,-2440.199951171875,-2381.35009765625,-2357.39990234375
9735,-2622.5,33.771583557128906,33.23031234741211,6.3149674733479815,-2622.5,-2626.0,135.42152404785156,-2891.679931640625,-2833.60009765625,-2785.5,-2715.25,-2626.0,-2537.0,-2440.199951171875,-2381.400146484375,-2366.2197265625
9768,-2623.099853515625,33.67459487915039,33.17378234863281,5.931263446807861,-2623.10009765625,-2626.0,134.91578674316406,-2891.679931640625,-2833.60009765625,-2785.5,-2715.5,-2626.0,-2537.5,-2440.199951171875,-2381.89990234375,-2366.2197265625
9801,-2623.5400390625,33.76495361328125,33.312965393066406,5.560797055562337,-2623.5400390625,-2626.0,134.88450622558594,-2891.679931640625,-2833.60009765625,-2785.5,-2715.5,-2626.0,-2537.5,-2440.199951171875,-2381.89990234375,-2366.2197265625
9834,-2624.079833984375,33.81028747558594,33.39118194580078,5.258491516113281,-2624.080078125,-2629.0,134.4980010986328,-2895.60009765625,-2833.60009765625,-2785.5,-2716.25,-2629.0,-2537.5,-2440.199951171875,-2395.2001953125,-2366.2197265625
9867,-2624.780029296875,34.00164794921875,33.614585876464844,5.130982557932536,-2624.780029296875,-2629.0,134.2104034423828,-2895.60009765625,-2833.60009765625,-2785.5,-2716.25,-2629.0,-2537.5,-2440.199951171875,-2397.10009765625,-2366.2197265625
9900,-2625.300048828125,34.23871612548828,33.89030456542969,4.8484039306640625,-2625.300048828125,-2629.0,134.0153350830078,-2895.60009765625,-2833.60009765625,-2785.5,-2716.25,-2629.0,-2537.5,-2440.199951171875,-2397.10009765625,-2368.179931640625
9933,-2625.719970703125,34.45868682861328,34.14404296875,4.654497146606445,-2625.719970703125,-2630.0,133.91415405273438,-2895.60009765625,-2833.60009765625,-2785.5,-2717.75,-2630.0,-2538.0,-2440.300048828125,-2397.10009765625,-2368.179931640625
9966,-2626.0400390625,34.712890625,34.42540740966797,4.503847599029541,-2626.0400390625,-2630.0,133.7101287841797,-2895.60009765625,-2833.60009765625,-2785.5,-2717.75,-2630.0,-2538.0,-2440.300048828125,-2397.10009765625,-2368.179931640625
9999,-2626.179931640625,35.33758544921875,35.08411407470703,4.158735434214274,-2626.179931640625,-2630.0,133.65451049804688,-2895.60009765625,-2833.60009765625,-2785.5,-2717.75,-2630.0,-2538.0,-2440.300048828125,-2397.10009765625,-2368.179931640625
